133.521 20.6661 0.0659736 0.648 133.65 20.727 0.059411
133.441 20.8046 0.0645376 0.773647 133.65 20.727 0.059411
133.26 20.6437 0.0584106 0.114353 133.65 20.727 0.059411
133.375 20.5709 0.0683697 0.384838 133.65 20.727 0.059411
133.486 20.6166 0.0662182 0.673825 133.65 20.727 0.059411
133.552 20.498 0.0624461 0.182955 133.65 20.727 0.059411
133.429 20.5557 0.0687376 0.309798 133.65 20.727 0.059411
133.683 20.6969 0.0563333 0.0840346 133.65 20.727 0.059411
133.455 20.6383 0.0712499 0.114175 133.65 20.727 0.059411
133.521 20.6661 0.0659736 0.648 133.65 20.727 0.059411
133.359 20.7543 0.0568914 0.285144 133.65 20.727 0.059411
133.235 20.8882 0.0542042 0.0107331 133.65 20.727 0.059411
133.488 20.7244 0.0623825 1.21684 133.65 20.727 0.059411
133.393 20.6396 0.0683024 0.498017 133.65 20.727 0.059411
133.457 20.624 0.0664538 0.735727 133.65 20.727 0.059411
133.518 20.9789 0.0616409 0.120101 133.65 20.727 0.059411
133.359 20.7543 0.0568914 0.285144 133.65 20.727 0.059411
133.397 20.3441 0.0655385 0.0222957 133.65 20.727 0.059411
133.588 20.7706 0.0619156 0.599051 133.65 20.727 0.059411
133.521 20.6661 0.0659736 0.648 133.65 20.727 0.059411
133.486 20.6166 0.0662182 0.673825 133.65 20.727 0.059411
133.457 20.624 0.0664538 0.735727 133.65 20.727 0.059411
133.393 20.6396 0.0683024 0.498017 133.65 20.727 0.059411
133.486 20.6166 0.0662182 0.673825 133.65 20.727 0.059411
133.488 20.7244 0.0623825 1.21684 133.65 20.727 0.059411
133.457 20.624 0.0664538 0.735727 133.65 20.727 0.059411
133.568 20.7231 0.0560579 0.248202 133.65 20.727 0.059411
133.593 20.5071 0.0585173 0.0601244 133.65 20.727 0.059411
133.655 20.7233 0.0687231 0.0382459 133.65 20.727 0.059411
133.518 20.9789 0.0616409 0.120101 133.65 20.727 0.059411
133.142 20.6669 0.0577145 0.0112606 133.65 20.727 0.059411
133.486 20.6166 0.0662182 0.673825 133.65 20.727 0.059411
133.588 20.7706 0.0619156 0.599051 133.65 20.727 0.059411
133.441 20.8046 0.0645376 0.773647 133.65 20.727 0.059411
133.494 20.8501 0.0607141 0.695182 133.65 20.727 0.059411
133.486 20.6166 0.0662182 0.673825 133.65 20.727 0.059411
133.518 20.9789 0.0616409 0.120101 133.65 20.727 0.059411
133.429 20.5557 0.0687376 0.309798 133.65 20.727 0.059411
133.393 20.6396 0.0683024 0.498017 133.65 20.727 0.059411
133.359 20.7543 0.0568914 0.285144 133.65 20.727 0.059411
133.494 20.8501 0.0607141 0.695182 133.65 20.727 0.059411
133.488 20.7244 0.0623825 1.21684 133.65 20.727 0.059411
133.441 20.8046 0.0645376 0.773647 133.65 20.727 0.059411
133.588 20.7706 0.0619156 0.599051 133.65 20.727 0.059411
133.457 20.624 0.0664538 0.735727 133.65 20.727 0.059411
133.588 20.7706 0.0619156 0.599051 133.65 20.727 0.059411
133.441 20.8046 0.0645376 0.773647 133.65 20.727 0.059411
133.488 20.7244 0.0623825 1.21684 133.65 20.727 0.059411
133.488 20.7244 0.0623825 1.21684 133.65 20.727 0.059411
133.3 20.7947 0.0521735 0.00939483 133.65 20.727 0.059411
133.457 20.624 0.0664538 0.735727 133.65 20.727 0.059411
133.588 20.7706 0.0619156 0.599051 133.65 20.727 0.059411
133.465 20.8918 0.0570456 0.301885 133.65 20.727 0.059411
133.584 20.3852 0.0647164 0.0221273 133.65 20.727 0.059411
133.588 20.7706 0.0619156 0.599051 133.65 20.727 0.059411
133.486 20.6166 0.0662182 0.673825 133.65 20.727 0.059411
133.486 20.6166 0.0662182 0.673825 133.65 20.727 0.059411
133.763 20.7758 0.0610922 0.0431874 133.65 20.727 0.059411
133.683 20.6969 0.0563333 0.0840346 133.65 20.727 0.059411
133.393 20.6396 0.0683024 0.498017 133.65 20.727 0.059411
133.465 20.8918 0.0570456 0.301885 133.65 20.727 0.059411
133.441 20.8046 0.0645376 0.773647 133.65 20.727 0.059411
133.393 20.6396 0.0683024 0.498017 133.65 20.727 0.059411
133.488 20.7244 0.0623825 1.21684 133.65 20.727 0.059411
133.393 20.6396 0.0683024 0.498017 133.65 20.727 0.059411
133.393 20.6396 0.0683024 0.498017 133.65 20.727 0.059411
133.539 20.4509 0.0660244 0.101662 133.65 20.727 0.059411
133.486 20.6166 0.0662182 0.673825 133.65 20.727 0.059411
133.588 20.7706 0.0619156 0.599051 133.65 20.727 0.059411
133.488 20.7244 0.0623825 1.21684 133.65 20.727 0.059411
133.486 20.6166 0.0662182 0.673825 133.65 20.727 0.059411
133.393 20.6396 0.0683024 0.498017 133.65 20.727 0.059411
133.488 20.7244 0.0623825 1.21684 133.65 20.727 0.059411
133.457 20.624 0.0664538 0.735727 133.65 20.727 0.059411
133.381 20.9697 0.0603722 0.149727 133.65 20.727 0.059411
133.588 20.7706 0.0619156 0.599051 133.65 20.727 0.059411
133.455 20.6383 0.0712499 0.114175 133.65 20.727 0.059411
133.393 20.6396 0.0683024 0.498017 133.65 20.727 0.059411
133.465 20.8918 0.0570456 0.301885 133.65 20.727 0.059411
133.441 20.8046 0.0645376 0.773647 133.65 20.727 0.059411
133.521 20.6661 0.0659736 0.648 133.65 20.727 0.059411
133.441 20.8046 0.0645376 0.773647 133.65 20.727 0.059411
133.441 20.8046 0.0645376 0.773647 133.65 20.727 0.059411
133.552 20.498 0.0624461 0.182955 133.65 20.727 0.059411
133.375 20.5709 0.0683697 0.384838 133.65 20.727 0.059411
133.457 20.624 0.0664538 0.735727 133.65 20.727 0.059411
133.494 20.8501 0.0607141 0.695182 133.65 20.727 0.059411
133.521 20.6661 0.0659736 0.648 133.65 20.727 0.059411
133.465 20.8918 0.0570456 0.301885 133.65 20.727 0.059411
133.486 20.6166 0.0662182 0.673825 133.65 20.727 0.059411
133.623 20.8918 0.0649854 0.0735662 133.65 20.727 0.059411
133.486 20.6166 0.0662182 0.673825 133.65 20.727 0.059411
133.486 20.6166 0.0662182 0.673825 133.65 20.727 0.059411
133.457 20.624 0.0664538 0.735727 133.65 20.727 0.059411
133.488 20.7244 0.0623825 1.21684 133.65 20.727 0.059411
133.375 20.5709 0.0683697 0.384838 133.65 20.727 0.059411
133.739 20.5211 0.0638739 0.0183604 133.65 20.727 0.059411
133.588 20.7706 0.0619156 0.599051 133.65 20.727 0.059411
133.488 20.7244 0.0623825 1.21684 133.65 20.727 0.059411
133.488 20.7244 0.0623825 1.21684 133.65 20.727 0.059411
133.518 20.9789 0.0616409 0.120101 133.65 20.727 0.059411
133.457 20.624 0.0664538 0.735727 133.65 20.727 0.059411
133.488 20.7244 0.0623825 1.21684 133.65 20.727 0.059411
133.521 20.6661 0.0659736 0.648 133.65 20.727 0.059411
133.375 20.5709 0.0683697 0.384838 133.65 20.727 0.059411
133.488 20.7244 0.0623825 1.21684 133.65 20.727 0.059411
133.488 20.7244 0.0623825 1.21684 133.65 20.727 0.059411
133.457 20.624 0.0664538 0.735727 133.65 20.727 0.059411
133.457 20.624 0.0664538 0.735727 133.65 20.727 0.059411
133.375 20.5709 0.0683697 0.384838 133.65 20.727 0.059411
133.494 20.8501 0.0607141 0.695182 133.65 20.727 0.059411
133.588 20.7706 0.0619156 0.599051 133.65 20.727 0.059411
133.588 20.7706 0.0619156 0.599051 133.65 20.727 0.059411
133.457 20.624 0.0664538 0.735727 133.65 20.727 0.059411
133.457 20.624 0.0664538 0.735727 133.65 20.727 0.059411
133.494 20.8501 0.0607141 0.695182 133.65 20.727 0.059411
133.465 20.8918 0.0570456 0.301885 133.65 20.727 0.059411
133.518 20.9789 0.0616409 0.120101 133.65 20.727 0.059411
133.465 20.8918 0.0570456 0.301885 133.65 20.727 0.059411
133.486 20.6166 0.0662182 0.673825 133.65 20.727 0.059411
133.441 20.8046 0.0645376 0.773647 133.65 20.727 0.059411
133.494 20.8501 0.0607141 0.695182 133.65 20.727 0.059411
133.155 20.6643 0.0601338 0.0429071 133.65 20.727 0.059411
133.455 20.6383 0.0712499 0.114175 133.65 20.727 0.059411
133.429 20.5557 0.0687376 0.309798 133.65 20.727 0.059411
133.494 20.8501 0.0607141 0.695182 133.65 20.727 0.059411
133.441 20.8046 0.0645376 0.773647 133.65 20.727 0.059411
133.488 20.7244 0.0623825 1.21684 133.65 20.727 0.059411
133.488 20.7244 0.0623825 1.21684 133.65 20.727 0.059411
133.381 20.9697 0.0603722 0.149727 133.65 20.727 0.059411
133.488 20.7244 0.0623825 1.21684 133.65 20.727 0.059411
133.595 20.6524 0.0526222 0.0196543 133.65 20.727 0.059411
133.486 20.6166 0.0662182 0.673825 133.65 20.727 0.059411
133.457 20.624 0.0664538 0.735727 133.65 20.727 0.059411
133.521 20.6661 0.0659736 0.648 133.65 20.727 0.059411
133.521 20.6661 0.0659736 0.648 133.65 20.727 0.059411
133.375 20.5709 0.0683697 0.384838 133.65 20.727 0.059411
133.387 20.6878 0.0545499 0.0784943 133.65 20.727 0.059411
133.494 20.8501 0.0607141 0.695182 133.65 20.727 0.059411
133.387 20.6878 0.0545499 0.0784943 133.65 20.727 0.059411
133.429 20.5557 0.0687376 0.309798 133.65 20.727 0.059411
133.488 20.7244 0.0623825 1.21684 133.65 20.727 0.059411
133.494 20.8501 0.0607141 0.695182 133.65 20.727 0.059411
133.234 20.6041 0.0584792 0.0563551 133.65 20.727 0.059411
133.486 20.6166 0.0662182 0.673825 133.65 20.727 0.059411
133.494 20.8501 0.0607141 0.695182 133.65 20.727 0.059411
133.552 20.498 0.0624461 0.182955 133.65 20.727 0.059411
133.739 20.5211 0.0638739 0.0183604 133.65 20.727 0.059411
133.359 20.7543 0.0568914 0.285144 133.65 20.727 0.059411
133.488 20.7244 0.0623825 1.21684 133.65 20.727 0.059411
133.457 20.624 0.0664538 0.735727 133.65 20.727 0.059411
133.441 20.8046 0.0645376 0.773647 133.65 20.727 0.059411
133.488 20.7244 0.0623825 1.21684 133.65 20.727 0.059411
133.782 20.7705 0.0615596 0.0280376 133.65 20.727 0.059411
133.588 20.7706 0.0619156 0.599051 133.65 20.727 0.059411
133.488 20.7244 0.0623825 1.21684 133.65 20.727 0.059411
133.488 20.7244 0.0623825 1.21684 133.65 20.727 0.059411
133.488 20.7244 0.0623825 1.21684 133.65 20.727 0.059411
133.465 20.8918 0.0570456 0.301885 133.65 20.727 0.059411
133.488 20.7244 0.0623825 1.21684 133.65 20.727 0.059411
133.488 20.7244 0.0623825 1.21684 133.65 20.727 0.059411
133.539 20.4509 0.0660244 0.101662 133.65 20.727 0.059411
133.441 20.8046 0.0645376 0.773647 133.65 20.727 0.059411
133.568 20.7231 0.0560579 0.248202 133.65 20.727 0.059411
133.457 20.624 0.0664538 0.735727 133.65 20.727 0.059411
133.441 20.8046 0.0645376 0.773647 133.65 20.727 0.059411
133.588 20.7706 0.0619156 0.599051 133.65 20.727 0.059411
133.234 20.6041 0.0584792 0.0563551 133.65 20.727 0.059411
133.393 20.6396 0.0683024 0.498017 133.65 20.727 0.059411
133.486 20.6166 0.0662182 0.673825 133.65 20.727 0.059411
133.486 20.6166 0.0662182 0.673825 133.65 20.727 0.059411
133.393 20.6396 0.0683024 0.498017 133.65 20.727 0.059411
133.518 20.9789 0.0616409 0.120101 133.65 20.727 0.059411
133.486 20.6166 0.0662182 0.673825 133.65 20.727 0.059411
133.588 20.7706 0.0619156 0.599051 133.65 20.727 0.059411
133.486 20.6166 0.0662182 0.673825 133.65 20.727 0.059411
133.381 20.9697 0.0603722 0.149727 133.65 20.727 0.059411
133.457 20.624 0.0664538 0.735727 133.65 20.727 0.059411
133.738 20.7085 0.0626954 0.0674026 133.65 20.727 0.059411
133.588 20.7706 0.0619156 0.599051 133.65 20.727 0.059411
133.488 20.7244 0.0623825 1.21684 133.65 20.727 0.059411
133.552 20.498 0.0624461 0.182955 133.65 20.727 0.059411
133.488 20.7244 0.0623825 1.21684 133.65 20.727 0.059411
133.457 20.624 0.0664538 0.735727 133.65 20.727 0.059411
133.593 20.5071 0.0585173 0.0601244 133.65 20.727 0.059411
133.588 20.7706 0.0619156 0.599051 133.65 20.727 0.059411
133.521 20.6661 0.0659736 0.648 133.65 20.727 0.059411
133.486 20.6166 0.0662182 0.673825 133.65 20.727 0.059411
133.375 20.5709 0.0683697 0.384838 133.65 20.727 0.059411
133.457 20.624 0.0664538 0.735727 133.65 20.727 0.059411
133.457 20.624 0.0664538 0.735727 133.65 20.727 0.059411
133.393 20.6396 0.0683024 0.498017 133.65 20.727 0.059411
133.465 20.8918 0.0570456 0.301885 133.65 20.727 0.059411
133.457 20.624 0.0664538 0.735727 133.65 20.727 0.059411
133.455 20.6383 0.0712499 0.114175 133.65 20.727 0.059411
133.494 20.8501 0.0607141 0.695182 133.65 20.727 0.059411
133.441 20.8046 0.0645376 0.773647 133.65 20.727 0.059411
133.568 20.7231 0.0560579 0.248202 133.65 20.727 0.059411
133.375 20.5709 0.0683697 0.384838 133.65 20.727 0.059411
133.393 20.6396 0.0683024 0.498017 133.65 20.727 0.059411
