216.281 26.746 0.0728154 2.03654 216.51 26.813 0.072222
216.281 26.746 0.0728154 2.03654 216.51 26.813 0.072222
216.179 26.8322 0.067795 0.110063 216.51 26.813 0.072222
216.458 26.546 0.0706715 0.448167 216.51 26.813 0.072222
216.517 26.6106 0.0711435 0.328472 216.51 26.813 0.072222
216.281 26.746 0.0728154 2.03654 216.51 26.813 0.072222
216.281 26.746 0.0728154 2.03654 216.51 26.813 0.072222
216.362 26.7665 0.0675301 0.622193 216.51 26.813 0.072222
216.268 26.888 0.0718917 0.363021 216.51 26.813 0.072222
216.281 26.746 0.0728154 2.03654 216.51 26.813 0.072222
216.281 26.746 0.0728154 2.03654 216.51 26.813 0.072222
216.436 26.7159 0.0705566 1.20119 216.51 26.813 0.072222
216.281 26.746 0.0728154 2.03654 216.51 26.813 0.072222
216.23 26.8397 0.0766158 0.269345 216.51 26.813 0.072222
216.387 26.5084 0.0674778 0.243867 216.51 26.813 0.072222
216.281 26.746 0.0728154 2.03654 216.51 26.813 0.072222
216.281 26.746 0.0728154 2.03654 216.51 26.813 0.072222
216.224 26.6765 0.0686227 0.850482 216.51 26.813 0.072222
216.224 26.6765 0.0686227 0.850482 216.51 26.813 0.072222
216.436 26.7159 0.0705566 1.20119 216.51 26.813 0.072222
216.281 26.746 0.0728154 2.03654 216.51 26.813 0.072222
216.436 26.7159 0.0705566 1.20119 216.51 26.813 0.072222
216.436 26.7159 0.0705566 1.20119 216.51 26.813 0.072222
216.23 26.8397 0.0766158 0.269345 216.51 26.813 0.072222
216.224 26.6765 0.0686227 0.850482 216.51 26.813 0.072222
216.224 26.6765 0.0686227 0.850482 216.51 26.813 0.072222
216.072 26.6896 0.0736249 0.238218 216.51 26.813 0.072222
216.554 26.5453 0.0743307 0.0359296 216.51 26.813 0.072222
216.396 26.4349 0.0746167 0.062204 216.51 26.813 0.072222
216.377 26.5986 0.0718652 1.54675 216.51 26.813 0.072222
216.281 26.746 0.0728154 2.03654 216.51 26.813 0.072222
216.377 26.5986 0.0718652 1.54675 216.51 26.813 0.072222
216.436 26.7159 0.0705566 1.20119 216.51 26.813 0.072222
216.343 26.631 0.0648097 0.160585 216.51 26.813 0.072222
216.436 26.7159 0.0705566 1.20119 216.51 26.813 0.072222
216.269 26.4727 0.0752953 0.176328 216.51 26.813 0.072222
216.306 26.8549 0.0753182 0.394255 216.51 26.813 0.072222
216.377 26.5986 0.0718652 1.54675 216.51 26.813 0.072222
216.269 26.4727 0.0752953 0.176328 216.51 26.813 0.072222
216.517 26.6106 0.0711435 0.328472 216.51 26.813 0.072222
216.458 26.546 0.0706715 0.448167 216.51 26.813 0.072222
216.281 26.746 0.0728154 2.03654 216.51 26.813 0.072222
216.436 26.7159 0.0705566 1.20119 216.51 26.813 0.072222
216.458 26.546 0.0706715 0.448167 216.51 26.813 0.072222
216.458 26.546 0.0706715 0.448167 216.51 26.813 0.072222
216.377 26.5986 0.0718652 1.54675 216.51 26.813 0.072222
216.377 26.5986 0.0718652 1.54675 216.51 26.813 0.072222
216.224 26.6765 0.0686227 0.850482 216.51 26.813 0.072222
216.181 26.7187 0.077672 0.308667 216.51 26.813 0.072222
216.377 26.5986 0.0718652 1.54675 216.51 26.813 0.072222
216.296 26.3929 0.073174 0.0543477 216.51 26.813 0.072222
216.362 26.7665 0.0675301 0.622193 216.51 26.813 0.072222
216.224 26.6765 0.0686227 0.850482 216.51 26.813 0.072222
216.404 26.6296 0.0782921 0.0981974 216.51 26.813 0.072222
216.281 26.746 0.0728154 2.03654 216.51 26.813 0.072222
216.181 26.7187 0.077672 0.308667 216.51 26.813 0.072222
216.281 26.746 0.0728154 2.03654 216.51 26.813 0.072222
216.465 26.8377 0.0747838 0.149422 216.51 26.813 0.072222
216.281 26.746 0.0728154 2.03654 216.51 26.813 0.072222
216.458 26.546 0.0706715 0.448167 216.51 26.813 0.072222
216.362 26.7665 0.0675301 0.622193 216.51 26.813 0.072222
216.268 26.888 0.0718917 0.363021 216.51 26.813 0.072222
216.281 26.746 0.0728154 2.03654 216.51 26.813 0.072222
216.281 26.746 0.0728154 2.03654 216.51 26.813 0.072222
216.281 26.746 0.0728154 2.03654 216.51 26.813 0.072222
216.517 26.6106 0.0711435 0.328472 216.51 26.813 0.072222
216.448 26.4482 0.0706528 0.10341 216.51 26.813 0.072222
216.436 26.7159 0.0705566 1.20119 216.51 26.813 0.072222
216.281 26.746 0.0728154 2.03654 216.51 26.813 0.072222
216.306 26.8549 0.0753182 0.394255 216.51 26.813 0.072222
216.363 26.6694 0.0757816 0.839402 216.51 26.813 0.072222
216.362 26.7665 0.0675301 0.622193 216.51 26.813 0.072222
216.281 26.746 0.0728154 2.03654 216.51 26.813 0.072222
216.377 26.5986 0.0718652 1.54675 216.51 26.813 0.072222
216.362 26.7665 0.0675301 0.622193 216.51 26.813 0.072222
216.268 26.888 0.0718917 0.363021 216.51 26.813 0.072222
216.387 26.5084 0.0674778 0.243867 216.51 26.813 0.072222
216.363 26.6694 0.0757816 0.839402 216.51 26.813 0.072222
216.377 26.5986 0.0718652 1.54675 216.51 26.813 0.072222
216.436 26.7159 0.0705566 1.20119 216.51 26.813 0.072222
216.365 26.4421 0.0715436 0.177277 216.51 26.813 0.072222
216.281 26.746 0.0728154 2.03654 216.51 26.813 0.072222
216.224 26.6765 0.0686227 0.850482 216.51 26.813 0.072222
216.436 26.7159 0.0705566 1.20119 216.51 26.813 0.072222
216.362 26.7665 0.0675301 0.622193 216.51 26.813 0.072222
216.362 26.7665 0.0675301 0.622193 216.51 26.813 0.072222
216.396 26.4349 0.0746167 0.062204 216.51 26.813 0.072222
216.224 26.6765 0.0686227 0.850482 216.51 26.813 0.072222
216.363 26.6694 0.0757816 0.839402 216.51 26.813 0.072222
216.436 26.7159 0.0705566 1.20119 216.51 26.813 0.072222
216.343 26.631 0.0648097 0.160585 216.51 26.813 0.072222
216.436 26.7159 0.0705566 1.20119 216.51 26.813 0.072222
216.072 26.6896 0.0736249 0.238218 216.51 26.813 0.072222
216.484 26.776 0.068918 0.366042 216.51 26.813 0.072222
216.281 26.746 0.0728154 2.03654 216.51 26.813 0.072222
216.436 26.7159 0.0705566 1.20119 216.51 26.813 0.072222
216.517 26.6106 0.0711435 0.328472 216.51 26.813 0.072222
216.072 26.6896 0.0736249 0.238218 216.51 26.813 0.072222
216.281 26.746 0.0728154 2.03654 216.51 26.813 0.072222
216.436 26.7159 0.0705566 1.20119 216.51 26.813 0.072222
216.484 26.776 0.068918 0.366042 216.51 26.813 0.072222
216.365 26.4421 0.0715436 0.177277 216.51 26.813 0.072222
216.281 26.746 0.0728154 2.03654 216.51 26.813 0.072222
216.224 26.6765 0.0686227 0.850482 216.51 26.813 0.072222
216.281 26.746 0.0728154 2.03654 216.51 26.813 0.072222
216.433 26.893 0.0772392 0.0282772 216.51 26.813 0.072222
216.377 26.5986 0.0718652 1.54675 216.51 26.813 0.072222
216.436 26.7159 0.0705566 1.20119 216.51 26.813 0.072222
216.377 26.5986 0.0718652 1.54675 216.51 26.813 0.072222
216.436 26.7159 0.0705566 1.20119 216.51 26.813 0.072222
216.458 26.546 0.0706715 0.448167 216.51 26.813 0.072222
216.224 26.6765 0.0686227 0.850482 216.51 26.813 0.072222
216.306 26.8549 0.0753182 0.394255 216.51 26.813 0.072222
216.306 26.8549 0.0753182 0.394255 216.51 26.813 0.072222
216.377 26.5986 0.0718652 1.54675 216.51 26.813 0.072222
216.281 26.746 0.0728154 2.03654 216.51 26.813 0.072222
216.465 26.8377 0.0747838 0.149422 216.51 26.813 0.072222
216.436 26.7159 0.0705566 1.20119 216.51 26.813 0.072222
216.377 26.5986 0.0718652 1.54675 216.51 26.813 0.072222
216.362 26.7665 0.0675301 0.622193 216.51 26.813 0.072222
216.484 26.776 0.068918 0.366042 216.51 26.813 0.072222
216.436 26.7159 0.0705566 1.20119 216.51 26.813 0.072222
216.312 26.8843 0.0658522 0.0444027 216.51 26.813 0.072222
216.281 26.746 0.0728154 2.03654 216.51 26.813 0.072222
216.281 26.746 0.0728154 2.03654 216.51 26.813 0.072222
216.365 26.4421 0.0715436 0.177277 216.51 26.813 0.072222
216.377 26.5986 0.0718652 1.54675 216.51 26.813 0.072222
216.363 26.6694 0.0757816 0.839402 216.51 26.813 0.072222
216.436 26.7159 0.0705566 1.20119 216.51 26.813 0.072222
216.281 26.746 0.0728154 2.03654 216.51 26.813 0.072222
216.362 26.7665 0.0675301 0.622193 216.51 26.813 0.072222
216.362 26.7665 0.0675301 0.622193 216.51 26.813 0.072222
216.181 26.7187 0.077672 0.308667 216.51 26.813 0.072222
216.458 26.546 0.0706715 0.448167 216.51 26.813 0.072222
216.281 26.746 0.0728154 2.03654 216.51 26.813 0.072222
216.363 26.6694 0.0757816 0.839402 216.51 26.813 0.072222
216.362 26.7665 0.0675301 0.622193 216.51 26.813 0.072222
216.458 26.546 0.0706715 0.448167 216.51 26.813 0.072222
216.387 26.5084 0.0674778 0.243867 216.51 26.813 0.072222
216.448 26.4482 0.0706528 0.10341 216.51 26.813 0.072222
216.072 26.6896 0.0736249 0.238218 216.51 26.813 0.072222
216.281 26.746 0.0728154 2.03654 216.51 26.813 0.072222
216.269 26.4727 0.0752953 0.176328 216.51 26.813 0.072222
216.343 26.631 0.0648097 0.160585 216.51 26.813 0.072222
216.363 26.6694 0.0757816 0.839402 216.51 26.813 0.072222
216.281 26.746 0.0728154 2.03654 216.51 26.813 0.072222
216.343 26.631 0.0648097 0.160585 216.51 26.813 0.072222
216.377 26.5986 0.0718652 1.54675 216.51 26.813 0.072222
216.363 26.6694 0.0757816 0.839402 216.51 26.813 0.072222
216.436 26.7159 0.0705566 1.20119 216.51 26.813 0.072222
216.268 26.888 0.0718917 0.363021 216.51 26.813 0.072222
216.362 26.7665 0.0675301 0.622193 216.51 26.813 0.072222
216.377 26.5986 0.0718652 1.54675 216.51 26.813 0.072222
216.377 26.5986 0.0718652 1.54675 216.51 26.813 0.072222
216.554 26.5453 0.0743307 0.0359296 216.51 26.813 0.072222
216.23 26.8397 0.0766158 0.269345 216.51 26.813 0.072222
216.363 26.6694 0.0757816 0.839402 216.51 26.813 0.072222
216.224 26.6765 0.0686227 0.850482 216.51 26.813 0.072222
216.484 26.776 0.068918 0.366042 216.51 26.813 0.072222
216.281 26.746 0.0728154 2.03654 216.51 26.813 0.072222
216.23 26.8397 0.0766158 0.269345 216.51 26.813 0.072222
216.363 26.6694 0.0757816 0.839402 216.51 26.813 0.072222
216.384 26.4823 0.0801051 0.00407965 216.51 26.813 0.072222
216.269 26.4727 0.0752953 0.176328 216.51 26.813 0.072222
216.281 26.746 0.0728154 2.03654 216.51 26.813 0.072222
216.363 26.6694 0.0757816 0.839402 216.51 26.813 0.072222
216.309 26.5076 0.0640729 0.0266157 216.51 26.813 0.072222
216.377 26.5986 0.0718652 1.54675 216.51 26.813 0.072222
216.281 26.746 0.0728154 2.03654 216.51 26.813 0.072222
216.436 26.7159 0.0705566 1.20119 216.51 26.813 0.072222
216.456 26.7911 0.0788096 0.0232238 216.51 26.813 0.072222
216.281 26.746 0.0728154 2.03654 216.51 26.813 0.072222
216.181 26.7187 0.077672 0.308667 216.51 26.813 0.072222
216.377 26.5986 0.0718652 1.54675 216.51 26.813 0.072222
216.224 26.6765 0.0686227 0.850482 216.51 26.813 0.072222
216.377 26.5986 0.0718652 1.54675 216.51 26.813 0.072222
216.43 26.8248 0.0644675 0.0372417 216.51 26.813 0.072222
216.362 26.7665 0.0675301 0.622193 216.51 26.813 0.072222
216.484 26.776 0.068918 0.366042 216.51 26.813 0.072222
216.153 26.3987 0.0714677 0.0237461 216.51 26.813 0.072222
216.306 26.8549 0.0753182 0.394255 216.51 26.813 0.072222
216.365 26.4421 0.0715436 0.177277 216.51 26.813 0.072222
216.181 26.7187 0.077672 0.308667 216.51 26.813 0.072222
216.131 26.875 0.0766947 0.0682941 216.51 26.813 0.072222
216.377 26.5986 0.0718652 1.54675 216.51 26.813 0.072222
216.281 26.746 0.0728154 2.03654 216.51 26.813 0.072222
216.436 26.7159 0.0705566 1.20119 216.51 26.813 0.072222
216.377 26.5986 0.0718652 1.54675 216.51 26.813 0.072222
216.306 26.8549 0.0753182 0.394255 216.51 26.813 0.072222
216.072 26.6896 0.0736249 0.238218 216.51 26.813 0.072222
216.281 26.746 0.0728154 2.03654 216.51 26.813 0.072222
216.377 26.5986 0.0718652 1.54675 216.51 26.813 0.072222
216.312 26.8843 0.0658522 0.0444027 216.51 26.813 0.072222
216.396 26.4349 0.0746167 0.062204 216.51 26.813 0.072222
216.363 26.6694 0.0757816 0.839402 216.51 26.813 0.072222
216.363 26.6694 0.0757816 0.839402 216.51 26.813 0.072222
216.363 26.6694 0.0757816 0.839402 216.51 26.813 0.072222
216.224 26.6765 0.0686227 0.850482 216.51 26.813 0.072222
216.281 26.746 0.0728154 2.03654 216.51 26.813 0.072222
216.281 26.746 0.0728154 2.03654 216.51 26.813 0.072222
