270.498 -11.6245 3.9489 0.0994468 270.15 -11.508 3.9389
270.243 -11.7182 3.93795 0.0572624 270.15 -11.508 3.9389
270.206 -11.6311 3.93956 0.367964 270.15 -11.508 3.9389
270.215 -11.4643 3.94652 0.220093 270.15 -11.508 3.9389
270.498 -11.6245 3.9489 0.0994468 270.15 -11.508 3.9389
270.226 -11.5024 3.94686 0.226776 270.15 -11.508 3.9389
270.472 -11.5297 3.95155 0.119753 270.15 -11.508 3.9389
270.151 -11.5222 3.94562 0.179364 270.15 -11.508 3.9389
269.787 -11.3874 3.92333 0.060547 270.15 -11.508 3.9389
270.215 -11.4643 3.94652 0.220093 270.15 -11.508 3.9389
270.226 -11.5024 3.94686 0.226776 270.15 -11.508 3.9389
270.015 -11.4709 3.93385 0.733282 270.15 -11.508 3.9389
270.323 -11.4668 3.94262 0.477756 270.15 -11.508 3.9389
270.251 -11.2131 3.94823 0.00485746 270.15 -11.508 3.9389
270.294 -11.573 3.93624 0.077611 270.15 -11.508 3.9389
270.369 -11.4625 3.94261 0.311624 270.15 -11.508 3.9389
270.21 -11.4175 3.94238 0.553049 270.15 -11.508 3.9389
270.369 -11.4625 3.94261 0.311624 270.15 -11.508 3.9389
270.072 -11.3059 3.93411 0.189829 270.15 -11.508 3.9389
270.303 -11.3714 3.9426 0.298538 270.15 -11.508 3.9389
270.333 -11.4126 3.94192 0.3148 270.15 -11.508 3.9389
270.21 -11.4175 3.94238 0.553049 270.15 -11.508 3.9389
270.015 -11.4709 3.93385 0.733282 270.15 -11.508 3.9389
270.072 -11.3059 3.93411 0.189829 270.15 -11.508 3.9389
270.015 -11.4709 3.93385 0.733282 270.15 -11.508 3.9389
270.21 -11.4175 3.94238 0.553049 270.15 -11.508 3.9389
270.368 -11.4626 3.94189 0.271279 270.15 -11.508 3.9389
270.206 -11.6311 3.93956 0.367964 270.15 -11.508 3.9389
270.578 -11.5152 3.95152 0.073178 270.15 -11.508 3.9389
270.578 -11.5152 3.95152 0.073178 270.15 -11.508 3.9389
270.015 -11.4709 3.93385 0.733282 270.15 -11.508 3.9389
270.206 -11.6311 3.93956 0.367964 270.15 -11.508 3.9389
270.333 -11.4126 3.94192 0.3148 270.15 -11.508 3.9389
270.333 -11.4126 3.94192 0.3148 270.15 -11.508 3.9389
270.21 -11.4175 3.94238 0.553049 270.15 -11.508 3.9389
270.072 -11.3059 3.93411 0.189829 270.15 -11.508 3.9389
270.215 -11.4643 3.94652 0.220093 270.15 -11.508 3.9389
270.319 -11.4124 3.94935 0.109488 270.15 -11.508 3.9389
270.178 -11.2592 3.94516 0.0281669 270.15 -11.508 3.9389
270.015 -11.4709 3.93385 0.733282 270.15 -11.508 3.9389
270.319 -11.4124 3.94935 0.109488 270.15 -11.508 3.9389
270.323 -11.4668 3.94262 0.477756 270.15 -11.508 3.9389
270.333 -11.4126 3.94192 0.3148 270.15 -11.508 3.9389
270.072 -11.3059 3.93411 0.189829 270.15 -11.508 3.9389
270.498 -11.6245 3.9489 0.0994468 270.15 -11.508 3.9389
270.368 -11.4626 3.94189 0.271279 270.15 -11.508 3.9389
270.015 -11.4709 3.93385 0.733282 270.15 -11.508 3.9389
270.243 -11.7182 3.93795 0.0572624 270.15 -11.508 3.9389
270.215 -11.4643 3.94652 0.220093 270.15 -11.508 3.9389
270.333 -11.4126 3.94192 0.3148 270.15 -11.508 3.9389
270.323 -11.4668 3.94262 0.477756 270.15 -11.508 3.9389
270.48 -11.2656 3.94569 0.0159137 270.15 -11.508 3.9389
270.21 -11.4175 3.94238 0.553049 270.15 -11.508 3.9389
270.303 -11.3714 3.9426 0.298538 270.15 -11.508 3.9389
270.368 -11.4626 3.94189 0.271279 270.15 -11.508 3.9389
270.323 -11.4668 3.94262 0.477756 270.15 -11.508 3.9389
270.21 -11.4175 3.94238 0.553049 270.15 -11.508 3.9389
270.323 -11.4668 3.94262 0.477756 270.15 -11.508 3.9389
270.206 -11.6311 3.93956 0.367964 270.15 -11.508 3.9389
270.21 -11.4175 3.94238 0.553049 270.15 -11.508 3.9389
270.015 -11.4709 3.93385 0.733282 270.15 -11.508 3.9389
270.226 -11.5024 3.94686 0.226776 270.15 -11.508 3.9389
270.215 -11.4643 3.94652 0.220093 270.15 -11.508 3.9389
270.015 -11.4709 3.93385 0.733282 270.15 -11.508 3.9389
269.787 -11.3874 3.92333 0.060547 270.15 -11.508 3.9389
270.251 -11.3515 3.94991 0.0217333 270.15 -11.508 3.9389
270.215 -11.4643 3.94652 0.220093 270.15 -11.508 3.9389
270.21 -11.4175 3.94238 0.553049 270.15 -11.508 3.9389
270.599 -11.4367 3.94948 0.042144 270.15 -11.508 3.9389
270.323 -11.4668 3.94262 0.477756 270.15 -11.508 3.9389
269.909 -11.6636 3.92915 0.0865529 270.15 -11.508 3.9389
270.015 -11.4709 3.93385 0.733282 270.15 -11.508 3.9389
270.206 -11.6311 3.93956 0.367964 270.15 -11.508 3.9389
270.369 -11.4625 3.94261 0.311624 270.15 -11.508 3.9389
270.333 -11.4126 3.94192 0.3148 270.15 -11.508 3.9389
270.303 -11.3714 3.9426 0.298538 270.15 -11.508 3.9389
270.206 -11.6311 3.93956 0.367964 270.15 -11.508 3.9389
270.015 -11.4709 3.93385 0.733282 270.15 -11.508 3.9389
270.226 -11.5024 3.94686 0.226776 270.15 -11.508 3.9389
270.303 -11.3714 3.9426 0.298538 270.15 -11.508 3.9389
270.206 -11.6311 3.93956 0.367964 270.15 -11.508 3.9389
270.072 -11.3059 3.93411 0.189829 270.15 -11.508 3.9389
270.5 -11.3721 3.95389 0.0232801 270.15 -11.508 3.9389
270.323 -11.4668 3.94262 0.477756 270.15 -11.508 3.9389
270.323 -11.4668 3.94262 0.477756 270.15 -11.508 3.9389
270.498 -11.6245 3.9489 0.0994468 270.15 -11.508 3.9389
270.333 -11.4126 3.94192 0.3148 270.15 -11.508 3.9389
270.243 -11.7182 3.93795 0.0572624 270.15 -11.508 3.9389
270.333 -11.4126 3.94192 0.3148 270.15 -11.508 3.9389
270.015 -11.4709 3.93385 0.733282 270.15 -11.508 3.9389
270.369 -11.4625 3.94261 0.311624 270.15 -11.508 3.9389
270.151 -11.5222 3.94562 0.179364 270.15 -11.508 3.9389
270.215 -11.4643 3.94652 0.220093 270.15 -11.508 3.9389
270.21 -11.4175 3.94238 0.553049 270.15 -11.508 3.9389
270.368 -11.4626 3.94189 0.271279 270.15 -11.508 3.9389
270.015 -11.4709 3.93385 0.733282 270.15 -11.508 3.9389
270.243 -11.7182 3.93795 0.0572624 270.15 -11.508 3.9389
270.578 -11.5152 3.95152 0.073178 270.15 -11.508 3.9389
270.323 -11.4668 3.94262 0.477756 270.15 -11.508 3.9389
270.303 -11.3714 3.9426 0.298538 270.15 -11.508 3.9389
270.015 -11.4709 3.93385 0.733282 270.15 -11.508 3.9389
270.226 -11.5024 3.94686 0.226776 270.15 -11.508 3.9389
270.21 -11.4175 3.94238 0.553049 270.15 -11.508 3.9389
270.578 -11.5152 3.95152 0.073178 270.15 -11.508 3.9389
270.303 -11.3714 3.9426 0.298538 270.15 -11.508 3.9389
270.294 -11.573 3.93624 0.077611 270.15 -11.508 3.9389
270.368 -11.4626 3.94189 0.271279 270.15 -11.508 3.9389
270.227 -11.7983 3.93727 0.0102184 270.15 -11.508 3.9389
270.303 -11.3714 3.9426 0.298538 270.15 -11.508 3.9389
270.369 -11.4625 3.94261 0.311624 270.15 -11.508 3.9389
270.215 -11.4643 3.94652 0.220093 270.15 -11.508 3.9389
270.333 -11.4126 3.94192 0.3148 270.15 -11.508 3.9389
270.206 -11.6311 3.93956 0.367964 270.15 -11.508 3.9389
270.215 -11.4643 3.94652 0.220093 270.15 -11.508 3.9389
270.226 -11.5024 3.94686 0.226776 270.15 -11.508 3.9389
270.226 -11.5024 3.94686 0.226776 270.15 -11.508 3.9389
270.21 -11.4175 3.94238 0.553049 270.15 -11.508 3.9389
270.294 -11.573 3.93624 0.077611 270.15 -11.508 3.9389
270.369 -11.4625 3.94261 0.311624 270.15 -11.508 3.9389
269.969 -11.1835 3.93963 0.00572409 270.15 -11.508 3.9389
270.369 -11.4625 3.94261 0.311624 270.15 -11.508 3.9389
270.215 -11.4643 3.94652 0.220093 270.15 -11.508 3.9389
270.215 -11.4643 3.94652 0.220093 270.15 -11.508 3.9389
270.303 -11.3714 3.9426 0.298538 270.15 -11.508 3.9389
270.323 -11.4668 3.94262 0.477756 270.15 -11.508 3.9389
270.072 -11.3059 3.93411 0.189829 270.15 -11.508 3.9389
270.323 -11.4668 3.94262 0.477756 270.15 -11.508 3.9389
270.323 -11.4668 3.94262 0.477756 270.15 -11.508 3.9389
270.015 -11.4709 3.93385 0.733282 270.15 -11.508 3.9389
270.333 -11.4126 3.94192 0.3148 270.15 -11.508 3.9389
270.015 -11.4709 3.93385 0.733282 270.15 -11.508 3.9389
270.657 -11.6849 3.94957 0.00643012 270.15 -11.508 3.9389
270.493 -11.244 3.94652 0.0098085 270.15 -11.508 3.9389
270.21 -11.4175 3.94238 0.553049 270.15 -11.508 3.9389
270.368 -11.4626 3.94189 0.271279 270.15 -11.508 3.9389
270.072 -11.3059 3.93411 0.189829 270.15 -11.508 3.9389
270.21 -11.4175 3.94238 0.553049 270.15 -11.508 3.9389
270.333 -11.4126 3.94192 0.3148 270.15 -11.508 3.9389
270.015 -11.4709 3.93385 0.733282 270.15 -11.508 3.9389
270.206 -11.6311 3.93956 0.367964 270.15 -11.508 3.9389
270.5 -11.3721 3.95389 0.0232801 270.15 -11.508 3.9389
270.498 -11.6245 3.9489 0.0994468 270.15 -11.508 3.9389
270.151 -11.5222 3.94562 0.179364 270.15 -11.508 3.9389
270.015 -11.4709 3.93385 0.733282 270.15 -11.508 3.9389
270.206 -11.6311 3.93956 0.367964 270.15 -11.508 3.9389
270.333 -11.4126 3.94192 0.3148 270.15 -11.508 3.9389
270.303 -11.3714 3.9426 0.298538 270.15 -11.508 3.9389
270.578 -11.5152 3.95152 0.073178 270.15 -11.508 3.9389
270.323 -11.4668 3.94262 0.477756 270.15 -11.508 3.9389
270.206 -11.6311 3.93956 0.367964 270.15 -11.508 3.9389
270.368 -11.4626 3.94189 0.271279 270.15 -11.508 3.9389
270.048 -11.2963 3.93338 0.162048 270.15 -11.508 3.9389
270.578 -11.5152 3.95152 0.073178 270.15 -11.508 3.9389
270.578 -11.5152 3.95152 0.073178 270.15 -11.508 3.9389
270.368 -11.4626 3.94189 0.271279 270.15 -11.508 3.9389
270.151 -11.5222 3.94562 0.179364 270.15 -11.508 3.9389
270.578 -11.5152 3.95152 0.073178 270.15 -11.508 3.9389
270.303 -11.3714 3.9426 0.298538 270.15 -11.508 3.9389
270.323 -11.4668 3.94262 0.477756 270.15 -11.508 3.9389
270.21 -11.4175 3.94238 0.553049 270.15 -11.508 3.9389
270.215 -11.4643 3.94652 0.220093 270.15 -11.508 3.9389
270.323 -11.4668 3.94262 0.477756 270.15 -11.508 3.9389
269.909 -11.6636 3.92915 0.0865529 270.15 -11.508 3.9389
270.015 -11.4709 3.93385 0.733282 270.15 -11.508 3.9389
270.048 -11.2963 3.93338 0.162048 270.15 -11.508 3.9389
269.881 -11.4637 3.92156 0.00881169 270.15 -11.508 3.9389
270.015 -11.4709 3.93385 0.733282 270.15 -11.508 3.9389
270.243 -11.7182 3.93795 0.0572624 270.15 -11.508 3.9389
270.323 -11.4668 3.94262 0.477756 270.15 -11.508 3.9389
270.015 -11.4709 3.93385 0.733282 270.15 -11.508 3.9389
270.251 -11.3515 3.94991 0.0217333 270.15 -11.508 3.9389
270.369 -11.4625 3.94261 0.311624 270.15 -11.508 3.9389
270.323 -11.4668 3.94262 0.477756 270.15 -11.508 3.9389
270.015 -11.4709 3.93385 0.733282 270.15 -11.508 3.9389
270.151 -11.5222 3.94562 0.179364 270.15 -11.508 3.9389
270.323 -11.4668 3.94262 0.477756 270.15 -11.508 3.9389
270.015 -11.4709 3.93385 0.733282 270.15 -11.508 3.9389
270.015 -11.4709 3.93385 0.733282 270.15 -11.508 3.9389
270.472 -11.5297 3.95155 0.119753 270.15 -11.508 3.9389
270.498 -11.6245 3.9489 0.0994468 270.15 -11.508 3.9389
270.251 -11.3515 3.94991 0.0217333 270.15 -11.508 3.9389
270.472 -11.5297 3.95155 0.119753 270.15 -11.508 3.9389
270.072 -11.3059 3.93411 0.189829 270.15 -11.508 3.9389
270.303 -11.3714 3.9426 0.298538 270.15 -11.508 3.9389
270.015 -11.4709 3.93385 0.733282 270.15 -11.508 3.9389
270.323 -11.4668 3.94262 0.477756 270.15 -11.508 3.9389
270.21 -11.4175 3.94238 0.553049 270.15 -11.508 3.9389
270.303 -11.3714 3.9426 0.298538 270.15 -11.508 3.9389
270.206 -11.6311 3.93956 0.367964 270.15 -11.508 3.9389
270.21 -11.4175 3.94238 0.553049 270.15 -11.508 3.9389
270.151 -11.5222 3.94562 0.179364 270.15 -11.508 3.9389
270.015 -11.4709 3.93385 0.733282 270.15 -11.508 3.9389
270.215 -11.4643 3.94652 0.220093 270.15 -11.508 3.9389
270.21 -11.4175 3.94238 0.553049 270.15 -11.508 3.9389
270.369 -11.4625 3.94261 0.311624 270.15 -11.508 3.9389
270.015 -11.4709 3.93385 0.733282 270.15 -11.508 3.9389
270.072 -11.3059 3.93411 0.189829 270.15 -11.508 3.9389
270.48 -11.2656 3.94569 0.0159137 270.15 -11.508 3.9389
270.368 -11.4626 3.94189 0.271279 270.15 -11.508 3.9389
270.015 -11.4709 3.93385 0.733282 270.15 -11.508 3.9389
