274.436 19.5231 5.39109 0.0595451 274.54 19.538 5.3867
274.374 19.4274 5.38731 0.00861356 274.54 19.538 5.3867
274.422 19.4026 5.39173 0.0257345 274.54 19.538 5.3867
274.304 19.5613 5.39629 0.0567241 274.54 19.538 5.3867
274.343 19.6034 5.38976 0.0195931 274.54 19.538 5.3867
274.409 19.573 5.39072 0.0494783 274.54 19.538 5.3867
274.422 19.4026 5.39173 0.0257345 274.54 19.538 5.3867
274.455 19.6184 5.38977 0.0320683 274.54 19.538 5.3867
274.304 19.5613 5.39629 0.0567241 274.54 19.538 5.3867
274.392 19.5712 5.40061 0.0953707 274.54 19.538 5.3867
274.455 19.6184 5.38977 0.0320683 274.54 19.538 5.3867
274.192 19.4094 5.39853 0.00189011 274.54 19.538 5.3867
274.374 19.4274 5.38731 0.00861356 274.54 19.538 5.3867
274.443 19.7371 5.39324 0.0250448 274.54 19.538 5.3867
274.304 19.5613 5.39629 0.0567241 274.54 19.538 5.3867
274.596 19.5615 5.41094 0.000318485 274.54 19.538 5.3867
274.392 19.5712 5.40061 0.0953707 274.54 19.538 5.3867
274.436 19.5231 5.39109 0.0595451 274.54 19.538 5.3867
274.614 19.7397 5.40045 0.0125543 274.54 19.538 5.3867
274.336 19.5902 5.3926 0.0461389 274.54 19.538 5.3867
274.422 19.4026 5.39173 0.0257345 274.54 19.538 5.3867
274.436 19.5231 5.39109 0.0595451 274.54 19.538 5.3867
274.603 19.5106 5.39653 0.0320986 274.54 19.538 5.3867
274.304 19.5613 5.39629 0.0567241 274.54 19.538 5.3867
274.614 19.7397 5.40045 0.0125543 274.54 19.538 5.3867
274.443 19.7371 5.39324 0.0250448 274.54 19.538 5.3867
274.392 19.5712 5.40061 0.0953707 274.54 19.538 5.3867
274.392 19.5712 5.40061 0.0953707 274.54 19.538 5.3867
274.343 19.6034 5.38976 0.0195931 274.54 19.538 5.3867
274.409 19.573 5.39072 0.0494783 274.54 19.538 5.3867
274.455 19.6184 5.38977 0.0320683 274.54 19.538 5.3867
274.392 19.5712 5.40061 0.0953707 274.54 19.538 5.3867
274.422 19.4026 5.39173 0.0257345 274.54 19.538 5.3867
274.374 19.4274 5.38731 0.00861356 274.54 19.538 5.3867
274.436 19.5231 5.39109 0.0595451 274.54 19.538 5.3867
274.392 19.5712 5.40061 0.0953707 274.54 19.538 5.3867
274.279 19.4887 5.39518 0.0263411 274.54 19.538 5.3867
274.336 19.5902 5.3926 0.0461389 274.54 19.538 5.3867
274.422 19.4026 5.39173 0.0257345 274.54 19.538 5.3867
274.416 19.6668 5.39164 0.0366855 274.54 19.538 5.3867
274.279 19.4887 5.39518 0.0263411 274.54 19.538 5.3867
274.436 19.5231 5.39109 0.0595451 274.54 19.538 5.3867
274.409 19.573 5.39072 0.0494783 274.54 19.538 5.3867
274.436 19.5231 5.39109 0.0595451 274.54 19.538 5.3867
274.409 19.573 5.39072 0.0494783 274.54 19.538 5.3867
274.304 19.5613 5.39629 0.0567241 274.54 19.538 5.3867
274.603 19.5106 5.39653 0.0320986 274.54 19.538 5.3867
274.362 19.4878 5.38727 0.0107092 274.54 19.538 5.3867
274.392 19.5712 5.40061 0.0953707 274.54 19.538 5.3867
274.392 19.5712 5.40061 0.0953707 274.54 19.538 5.3867
274.392 19.5712 5.40061 0.0953707 274.54 19.538 5.3867
274.409 19.573 5.39072 0.0494783 274.54 19.538 5.3867
274.416 19.6668 5.39164 0.0366855 274.54 19.538 5.3867
274.603 19.5106 5.39653 0.0320986 274.54 19.538 5.3867
274.343 19.6034 5.38976 0.0195931 274.54 19.538 5.3867
274.416 19.6668 5.39164 0.0366855 274.54 19.538 5.3867
274.228 19.3044 5.39502 0.000581657 274.54 19.538 5.3867
274.696 19.5279 5.39601 0.00656965 274.54 19.538 5.3867
274.654 19.4264 5.39012 0.00474233 274.54 19.538 5.3867
274.304 19.5613 5.39629 0.0567241 274.54 19.538 5.3867
274.409 19.573 5.39072 0.0494783 274.54 19.538 5.3867
274.304 19.5613 5.39629 0.0567241 274.54 19.538 5.3867
274.603 19.5106 5.39653 0.0320986 274.54 19.538 5.3867
274.336 19.5902 5.3926 0.0461389 274.54 19.538 5.3867
274.547 19.387 5.38738 0.00611759 274.54 19.538 5.3867
274.343 19.6034 5.38976 0.0195931 274.54 19.538 5.3867
274.279 19.4887 5.39518 0.0263411 274.54 19.538 5.3867
274.392 19.5712 5.40061 0.0953707 274.54 19.538 5.3867
274.436 19.5231 5.39109 0.0595451 274.54 19.538 5.3867
274.374 19.4274 5.38731 0.00861356 274.54 19.538 5.3867
274.304 19.5613 5.39629 0.0567241 274.54 19.538 5.3867
274.603 19.5106 5.39653 0.0320986 274.54 19.538 5.3867
274.392 19.5712 5.40061 0.0953707 274.54 19.538 5.3867
274.416 19.6668 5.39164 0.0366855 274.54 19.538 5.3867
274.343 19.6034 5.38976 0.0195931 274.54 19.538 5.3867
274.455 19.6184 5.38977 0.0320683 274.54 19.538 5.3867
274.585 19.479 5.38405 0.00215688 274.54 19.538 5.3867
274.392 19.5712 5.40061 0.0953707 274.54 19.538 5.3867
274.392 19.5712 5.40061 0.0953707 274.54 19.538 5.3867
274.192 19.4094 5.39853 0.00189011 274.54 19.538 5.3867
274.436 19.5231 5.39109 0.0595451 274.54 19.538 5.3867
274.392 19.5712 5.40061 0.0953707 274.54 19.538 5.3867
274.547 19.387 5.38738 0.00611759 274.54 19.538 5.3867
274.422 19.4026 5.39173 0.0257345 274.54 19.538 5.3867
274.614 19.7397 5.40045 0.0125543 274.54 19.538 5.3867
274.422 19.4026 5.39173 0.0257345 274.54 19.538 5.3867
274.655 19.5971 5.39119 0.00949414 274.54 19.538 5.3867
274.336 19.5902 5.3926 0.0461389 274.54 19.538 5.3867
274.336 19.5902 5.3926 0.0461389 274.54 19.538 5.3867
274.331 19.335 5.39576 0.00509681 274.54 19.538 5.3867
274.279 19.4887 5.39518 0.0263411 274.54 19.538 5.3867
274.436 19.5231 5.39109 0.0595451 274.54 19.538 5.3867
274.392 19.5712 5.40061 0.0953707 274.54 19.538 5.3867
274.436 19.5231 5.39109 0.0595451 274.54 19.538 5.3867
274.696 19.5279 5.39601 0.00656965 274.54 19.538 5.3867
274.422 19.4026 5.39173 0.0257345 274.54 19.538 5.3867
274.392 19.5712 5.40061 0.0953707 274.54 19.538 5.3867
274.409 19.573 5.39072 0.0494783 274.54 19.538 5.3867
274.392 19.5712 5.40061 0.0953707 274.54 19.538 5.3867
274.456 19.4446 5.38342 0.00245559 274.54 19.538 5.3867
274.336 19.5902 5.3926 0.0461389 274.54 19.538 5.3867
274.304 19.5613 5.39629 0.0567241 274.54 19.538 5.3867
274.655 19.5971 5.39119 0.00949414 274.54 19.538 5.3867
274.443 19.7371 5.39324 0.0250448 274.54 19.538 5.3867
274.39 19.3412 5.39128 0.00804762 274.54 19.538 5.3867
274.655 19.6518 5.39136 0.0067533 274.54 19.538 5.3867
274.304 19.5613 5.39629 0.0567241 274.54 19.538 5.3867
274.603 19.5106 5.39653 0.0320986 274.54 19.538 5.3867
274.392 19.5712 5.40061 0.0953707 274.54 19.538 5.3867
274.336 19.5902 5.3926 0.0461389 274.54 19.538 5.3867
274.343 19.6034 5.38976 0.0195931 274.54 19.538 5.3867
274.436 19.5231 5.39109 0.0595451 274.54 19.538 5.3867
274.603 19.5106 5.39653 0.0320986 274.54 19.538 5.3867
274.416 19.6668 5.39164 0.0366855 274.54 19.538 5.3867
274.436 19.5231 5.39109 0.0595451 274.54 19.538 5.3867
274.279 19.4887 5.39518 0.0263411 274.54 19.538 5.3867
274.304 19.5613 5.39629 0.0567241 274.54 19.538 5.3867
274.392 19.5712 5.40061 0.0953707 274.54 19.538 5.3867
274.374 19.4274 5.38731 0.00861356 274.54 19.538 5.3867
274.409 19.573 5.39072 0.0494783 274.54 19.538 5.3867
274.392 19.5712 5.40061 0.0953707 274.54 19.538 5.3867
274.392 19.5712 5.40061 0.0953707 274.54 19.538 5.3867
274.399 19.608 5.38671 0.00789672 274.54 19.538 5.3867
274.304 19.5613 5.39629 0.0567241 274.54 19.538 5.3867
274.392 19.5712 5.40061 0.0953707 274.54 19.538 5.3867
274.422 19.4026 5.39173 0.0257345 274.54 19.538 5.3867
274.336 19.5902 5.3926 0.0461389 274.54 19.538 5.3867
274.304 19.5613 5.39629 0.0567241 274.54 19.538 5.3867
274.392 19.5712 5.40061 0.0953707 274.54 19.538 5.3867
274.304 19.5613 5.39629 0.0567241 274.54 19.538 5.3867
274.409 19.573 5.39072 0.0494783 274.54 19.538 5.3867
274.655 19.5971 5.39119 0.00949414 274.54 19.538 5.3867
274.304 19.5613 5.39629 0.0567241 274.54 19.538 5.3867
274.455 19.6184 5.38977 0.0320683 274.54 19.538 5.3867
274.374 19.4274 5.38731 0.00861356 274.54 19.538 5.3867
274.392 19.5712 5.40061 0.0953707 274.54 19.538 5.3867
274.192 19.4094 5.39853 0.00189011 274.54 19.538 5.3867
274.304 19.5613 5.39629 0.0567241 274.54 19.538 5.3867
274.279 19.4887 5.39518 0.0263411 274.54 19.538 5.3867
274.304 19.5613 5.39629 0.0567241 274.54 19.538 5.3867
274.614 19.7397 5.40045 0.0125543 274.54 19.538 5.3867
274.409 19.573 5.39072 0.0494783 274.54 19.538 5.3867
274.39 19.3412 5.39128 0.00804762 274.54 19.538 5.3867
274.455 19.6184 5.38977 0.0320683 274.54 19.538 5.3867
274.603 19.5106 5.39653 0.0320986 274.54 19.538 5.3867
274.436 19.5231 5.39109 0.0595451 274.54 19.538 5.3867
274.279 19.4887 5.39518 0.0263411 274.54 19.538 5.3867
274.304 19.5613 5.39629 0.0567241 274.54 19.538 5.3867
274.39 19.3412 5.39128 0.00804762 274.54 19.538 5.3867
274.336 19.5902 5.3926 0.0461389 274.54 19.538 5.3867
274.603 19.5106 5.39653 0.0320986 274.54 19.538 5.3867
274.275 19.4156 5.3907 0.00637987 274.54 19.538 5.3867
274.392 19.5712 5.40061 0.0953707 274.54 19.538 5.3867
274.279 19.4887 5.39518 0.0263411 274.54 19.538 5.3867
274.392 19.5712 5.40061 0.0953707 274.54 19.538 5.3867
274.374 19.4274 5.38731 0.00861356 274.54 19.538 5.3867
274.416 19.6668 5.39164 0.0366855 274.54 19.538 5.3867
274.436 19.5231 5.39109 0.0595451 274.54 19.538 5.3867
274.392 19.5712 5.40061 0.0953707 274.54 19.538 5.3867
274.304 19.5613 5.39629 0.0567241 274.54 19.538 5.3867
274.279 19.4887 5.39518 0.0263411 274.54 19.538 5.3867
274.336 19.5902 5.3926 0.0461389 274.54 19.538 5.3867
274.458 19.31 5.39006 0.00447134 274.54 19.538 5.3867
274.416 19.6668 5.39164 0.0366855 274.54 19.538 5.3867
274.422 19.4026 5.39173 0.0257345 274.54 19.538 5.3867
274.392 19.5712 5.40061 0.0953707 274.54 19.538 5.3867
274.455 19.6184 5.38977 0.0320683 274.54 19.538 5.3867
274.696 19.5279 5.39601 0.00656965 274.54 19.538 5.3867
274.455 19.6184 5.38977 0.0320683 274.54 19.538 5.3867
274.392 19.5712 5.40061 0.0953707 274.54 19.538 5.3867
274.336 19.5902 5.3926 0.0461389 274.54 19.538 5.3867
274.343 19.6034 5.38976 0.0195931 274.54 19.538 5.3867
274.336 19.5902 5.3926 0.0461389 274.54 19.538 5.3867
274.436 19.5231 5.39109 0.0595451 274.54 19.538 5.3867
274.436 19.5231 5.39109 0.0595451 274.54 19.538 5.3867
274.374 19.4274 5.38731 0.00861356 274.54 19.538 5.3867
274.469 19.2717 5.38475 0.000535497 274.54 19.538 5.3867
274.409 19.573 5.39072 0.0494783 274.54 19.538 5.3867
274.279 19.4887 5.39518 0.0263411 274.54 19.538 5.3867
274.279 19.4887 5.39518 0.0263411 274.54 19.538 5.3867
274.392 19.5712 5.40061 0.0953707 274.54 19.538 5.3867
274.696 19.5279 5.39601 0.00656965 274.54 19.538 5.3867
274.603 19.5106 5.39653 0.0320986 274.54 19.538 5.3867
274.443 19.7371 5.39324 0.0250448 274.54 19.538 5.3867
274.392 19.5712 5.40061 0.0953707 274.54 19.538 5.3867
274.585 19.479 5.38405 0.00215688 274.54 19.538 5.3867
274.585 19.479 5.38405 0.00215688 274.54 19.538 5.3867
274.614 19.7397 5.40045 0.0125543 274.54 19.538 5.3867
274.275 19.4156 5.3907 0.00637987 274.54 19.538 5.3867
274.336 19.5902 5.3926 0.0461389 274.54 19.538 5.3867
274.336 19.3525 5.3907 0.00582131 274.54 19.538 5.3867
274.336 19.5902 5.3926 0.0461389 274.54 19.538 5.3867
274.591 19.7482 5.40889 0.00172493 274.54 19.538 5.3867
274.336 19.5902 5.3926 0.0461389 274.54 19.538 5.3867
274.443 19.7371 5.39324 0.0250448 274.54 19.538 5.3867
274.455 19.6184 5.38977 0.0320683 274.54 19.538 5.3867
274.422 19.4026 5.39173 0.0257345 274.54 19.538 5.3867
274.392 19.5712 5.40061 0.0953707 274.54 19.538 5.3867
274.547 19.387 5.38738 0.00611759 274.54 19.538 5.3867
274.304 19.5613 5.39629 0.0567241 274.54 19.538 5.3867
