87.4973 -33.2973 3.57636 0.00169791 87.328 -33.278 3.5805
87.2043 -33.0434 3.58465 0.0123117 87.328 -33.278 3.5805
87.2778 -33.3496 3.57632 0.00881425 87.328 -33.278 3.5805
87.174 -33.292 3.57893 0.0141974 87.328 -33.278 3.5805
87.2614 -33.3068 3.58395 0.022233 87.328 -33.278 3.5805
87.2778 -33.3496 3.57632 0.00881425 87.328 -33.278 3.5805
87.2016 -33.2161 3.58691 0.00898883 87.328 -33.278 3.5805
87.1381 -33.2675 3.58002 0.0125146 87.328 -33.278 3.5805
87.362 -33.3969 3.57765 0.0124315 87.328 -33.278 3.5805
87.4973 -33.2973 3.57636 0.00169791 87.328 -33.278 3.5805
87.2809 -33.1875 3.58029 0.0297238 87.328 -33.278 3.5805
87.2614 -33.3068 3.58395 0.022233 87.328 -33.278 3.5805
87.2016 -33.2161 3.58691 0.00898883 87.328 -33.278 3.5805
87.306 -33.2151 3.58983 0.000938693 87.328 -33.278 3.5805
87.2043 -33.0434 3.58465 0.0123117 87.328 -33.278 3.5805
87.2809 -33.1875 3.58029 0.0297238 87.328 -33.278 3.5805
87.0872 -33.18 3.58095 0.00518765 87.328 -33.278 3.5805
87.0295 -33.1447 3.58506 0.00189365 87.328 -33.278 3.5805
87.3376 -33.1686 3.57796 0.00706225 87.328 -33.278 3.5805
87.2809 -33.1875 3.58029 0.0297238 87.328 -33.278 3.5805
87.174 -33.292 3.57893 0.0141974 87.328 -33.278 3.5805
87.2614 -33.3068 3.58395 0.022233 87.328 -33.278 3.5805
87.3073 -32.9328 3.58718 0.00267456 87.328 -33.278 3.5805
87.2809 -33.1875 3.58029 0.0297238 87.328 -33.278 3.5805
87.2809 -33.1875 3.58029 0.0297238 87.328 -33.278 3.5805
87.2016 -33.2161 3.58691 0.00898883 87.328 -33.278 3.5805
87.189 -33.0302 3.58146 0.00377236 87.328 -33.278 3.5805
87.2809 -33.1875 3.58029 0.0297238 87.328 -33.278 3.5805
87.1381 -33.2675 3.58002 0.0125146 87.328 -33.278 3.5805
87.2809 -33.1875 3.58029 0.0297238 87.328 -33.278 3.5805
87.2043 -33.0434 3.58465 0.0123117 87.328 -33.278 3.5805
87.189 -33.0302 3.58146 0.00377236 87.328 -33.278 3.5805
87.1381 -33.2675 3.58002 0.0125146 87.328 -33.278 3.5805
87.3664 -33.3357 3.57607 0.00673262 87.328 -33.278 3.5805
87.1693 -33.4235 3.57711 0.00437537 87.328 -33.278 3.5805
87.1505 -33.2765 3.58333 0.0157719 87.328 -33.278 3.5805
87.2809 -33.1875 3.58029 0.0297238 87.328 -33.278 3.5805
87.1165 -33.3883 3.57629 0.00166496 87.328 -33.278 3.5805
87.2858 -33.486 3.57943 0.00583881 87.328 -33.278 3.5805
87.174 -33.292 3.57893 0.0141974 87.328 -33.278 3.5805
87.3664 -33.3357 3.57607 0.00673262 87.328 -33.278 3.5805
87.2809 -33.1875 3.58029 0.0297238 87.328 -33.278 3.5805
87.095 -33.3799 3.57571 0.000801652 87.328 -33.278 3.5805
87.2809 -33.1875 3.58029 0.0297238 87.328 -33.278 3.5805
87.2562 -33.2632 3.58909 0.0010694 87.328 -33.278 3.5805
87.4973 -33.2973 3.57636 0.00169791 87.328 -33.278 3.5805
87.2043 -33.0434 3.58465 0.0123117 87.328 -33.278 3.5805
87.2043 -33.0434 3.58465 0.0123117 87.328 -33.278 3.5805
87.2809 -33.1875 3.58029 0.0297238 87.328 -33.278 3.5805
87.2614 -33.3068 3.58395 0.022233 87.328 -33.278 3.5805
87.1505 -33.2765 3.58333 0.0157719 87.328 -33.278 3.5805
87.362 -33.3969 3.57765 0.0124315 87.328 -33.278 3.5805
87.174 -33.292 3.57893 0.0141974 87.328 -33.278 3.5805
87.2614 -33.3068 3.58395 0.022233 87.328 -33.278 3.5805
87.3376 -33.1686 3.57796 0.00706225 87.328 -33.278 3.5805
87.2858 -33.486 3.57943 0.00583881 87.328 -33.278 3.5805
87.2809 -33.1875 3.58029 0.0297238 87.328 -33.278 3.5805
87.2809 -33.1875 3.58029 0.0297238 87.328 -33.278 3.5805
87.0872 -33.18 3.58095 0.00518765 87.328 -33.278 3.5805
87.2614 -33.3068 3.58395 0.022233 87.328 -33.278 3.5805
87.1165 -33.3883 3.57629 0.00166496 87.328 -33.278 3.5805
87.154 -33.4884 3.58065 0.00182469 87.328 -33.278 3.5805
87.2614 -33.3068 3.58395 0.022233 87.328 -33.278 3.5805
87.3376 -33.1686 3.57796 0.00706225 87.328 -33.278 3.5805
87.2043 -33.0434 3.58465 0.0123117 87.328 -33.278 3.5805
87.2778 -33.3496 3.57632 0.00881425 87.328 -33.278 3.5805
87.2614 -33.3068 3.58395 0.022233 87.328 -33.278 3.5805
87.3664 -33.3357 3.57607 0.00673262 87.328 -33.278 3.5805
87.2809 -33.1875 3.58029 0.0297238 87.328 -33.278 3.5805
87.3664 -33.3357 3.57607 0.00673262 87.328 -33.278 3.5805
87.1933 -33.4288 3.58354 0.00294801 87.328 -33.278 3.5805
87.2809 -33.1875 3.58029 0.0297238 87.328 -33.278 3.5805
87.0528 -33.6377 3.5764 1.42473e-05 87.328 -33.278 3.5805
87.2809 -33.1875 3.58029 0.0297238 87.328 -33.278 3.5805
87.2809 -33.1875 3.58029 0.0297238 87.328 -33.278 3.5805
87.362 -33.3969 3.57765 0.0124315 87.328 -33.278 3.5805
87.306 -33.2151 3.58983 0.000938693 87.328 -33.278 3.5805
87.2043 -33.0434 3.58465 0.0123117 87.328 -33.278 3.5805
87.2043 -33.0434 3.58465 0.0123117 87.328 -33.278 3.5805
87.3376 -33.1686 3.57796 0.00706225 87.328 -33.278 3.5805
87.0814 -33.3636 3.57793 0.00206842 87.328 -33.278 3.5805
87.2614 -33.3068 3.58395 0.022233 87.328 -33.278 3.5805
87.2614 -33.3068 3.58395 0.022233 87.328 -33.278 3.5805
87.3664 -33.3357 3.57607 0.00673262 87.328 -33.278 3.5805
87.362 -33.3969 3.57765 0.0124315 87.328 -33.278 3.5805
87.2809 -33.1875 3.58029 0.0297238 87.328 -33.278 3.5805
87.2809 -33.1875 3.58029 0.0297238 87.328 -33.278 3.5805
87.1505 -33.2765 3.58333 0.0157719 87.328 -33.278 3.5805
87.095 -33.3799 3.57571 0.000801652 87.328 -33.278 3.5805
87.362 -33.3969 3.57765 0.0124315 87.328 -33.278 3.5805
87.1505 -33.2765 3.58333 0.0157719 87.328 -33.278 3.5805
87.3664 -33.3357 3.57607 0.00673262 87.328 -33.278 3.5805
87.2809 -33.1875 3.58029 0.0297238 87.328 -33.278 3.5805
87.362 -33.3969 3.57765 0.0124315 87.328 -33.278 3.5805
87.1693 -33.4235 3.57711 0.00437537 87.328 -33.278 3.5805
87.2043 -33.0434 3.58465 0.0123117 87.328 -33.278 3.5805
87.2043 -33.0434 3.58465 0.0123117 87.328 -33.278 3.5805
87.2591 -33.1457 3.58982 0.00207078 87.328 -33.278 3.5805
87.2809 -33.1875 3.58029 0.0297238 87.328 -33.278 3.5805
87.2016 -33.2161 3.58691 0.00898883 87.328 -33.278 3.5805
87.362 -33.3969 3.57765 0.0124315 87.328 -33.278 3.5805
87.1933 -33.4288 3.58354 0.00294801 87.328 -33.278 3.5805
87.174 -33.292 3.57893 0.0141974 87.328 -33.278 3.5805
87.2809 -33.1875 3.58029 0.0297238 87.328 -33.278 3.5805
87.3664 -33.3357 3.57607 0.00673262 87.328 -33.278 3.5805
87.1025 -33.3201 3.58436 0.00387476 87.328 -33.278 3.5805
87.2043 -33.0434 3.58465 0.0123117 87.328 -33.278 3.5805
87.174 -33.292 3.57893 0.0141974 87.328 -33.278 3.5805
87.3664 -33.3357 3.57607 0.00673262 87.328 -33.278 3.5805
87.1381 -33.2675 3.58002 0.0125146 87.328 -33.278 3.5805
87.1505 -33.2765 3.58333 0.0157719 87.328 -33.278 3.5805
87.174 -33.292 3.57893 0.0141974 87.328 -33.278 3.5805
87.2858 -33.486 3.57943 0.00583881 87.328 -33.278 3.5805
87.1933 -33.4288 3.58354 0.00294801 87.328 -33.278 3.5805
87.2591 -33.1457 3.58982 0.00207078 87.328 -33.278 3.5805
87.2778 -33.3496 3.57632 0.00881425 87.328 -33.278 3.5805
87.3664 -33.3357 3.57607 0.00673262 87.328 -33.278 3.5805
87.2809 -33.1875 3.58029 0.0297238 87.328 -33.278 3.5805
87.0872 -33.18 3.58095 0.00518765 87.328 -33.278 3.5805
87.2614 -33.3068 3.58395 0.022233 87.328 -33.278 3.5805
87.2809 -33.1875 3.58029 0.0297238 87.328 -33.278 3.5805
87.1693 -33.4235 3.57711 0.00437537 87.328 -33.278 3.5805
87.1165 -33.3883 3.57629 0.00166496 87.328 -33.278 3.5805
87.2614 -33.3068 3.58395 0.022233 87.328 -33.278 3.5805
87.154 -33.4884 3.58065 0.00182469 87.328 -33.278 3.5805
87.306 -33.2151 3.58983 0.000938693 87.328 -33.278 3.5805
87.5472 -33.3572 3.5831 0.000857684 87.328 -33.278 3.5805
87.2778 -33.3496 3.57632 0.00881425 87.328 -33.278 3.5805
87.0872 -33.18 3.58095 0.00518765 87.328 -33.278 3.5805
87.1505 -33.2765 3.58333 0.0157719 87.328 -33.278 3.5805
87.174 -33.292 3.57893 0.0141974 87.328 -33.278 3.5805
87.0872 -33.18 3.58095 0.00518765 87.328 -33.278 3.5805
87.2778 -33.3496 3.57632 0.00881425 87.328 -33.278 3.5805
87.3664 -33.3357 3.57607 0.00673262 87.328 -33.278 3.5805
87.2614 -33.3068 3.58395 0.022233 87.328 -33.278 3.5805
87.1505 -33.2765 3.58333 0.0157719 87.328 -33.278 3.5805
87.2043 -33.0434 3.58465 0.0123117 87.328 -33.278 3.5805
87.2043 -33.0434 3.58465 0.0123117 87.328 -33.278 3.5805
87.2614 -33.3068 3.58395 0.022233 87.328 -33.278 3.5805
87.362 -33.3969 3.57765 0.0124315 87.328 -33.278 3.5805
87.362 -33.3969 3.57765 0.0124315 87.328 -33.278 3.5805
87.2809 -33.1875 3.58029 0.0297238 87.328 -33.278 3.5805
87.2809 -33.1875 3.58029 0.0297238 87.328 -33.278 3.5805
87.2809 -33.1875 3.58029 0.0297238 87.328 -33.278 3.5805
87.1505 -33.2765 3.58333 0.0157719 87.328 -33.278 3.5805
87.2614 -33.3068 3.58395 0.022233 87.328 -33.278 3.5805
87.2591 -33.1457 3.58982 0.00207078 87.328 -33.278 3.5805
87.1505 -33.2765 3.58333 0.0157719 87.328 -33.278 3.5805
87.154 -33.4884 3.58065 0.00182469 87.328 -33.278 3.5805
87.3376 -33.1686 3.57796 0.00706225 87.328 -33.278 3.5805
87.2043 -33.0434 3.58465 0.0123117 87.328 -33.278 3.5805
87.362 -33.3969 3.57765 0.0124315 87.328 -33.278 3.5805
87.1505 -33.2765 3.58333 0.0157719 87.328 -33.278 3.5805
87.174 -33.292 3.57893 0.0141974 87.328 -33.278 3.5805
87.1381 -33.2675 3.58002 0.0125146 87.328 -33.278 3.5805
87.4973 -33.2973 3.57636 0.00169791 87.328 -33.278 3.5805
87.2809 -33.1875 3.58029 0.0297238 87.328 -33.278 3.5805
87.2809 -33.1875 3.58029 0.0297238 87.328 -33.278 3.5805
87.2614 -33.3068 3.58395 0.022233 87.328 -33.278 3.5805
87.2043 -33.0434 3.58465 0.0123117 87.328 -33.278 3.5805
87.2614 -33.3068 3.58395 0.022233 87.328 -33.278 3.5805
87.174 -33.292 3.57893 0.0141974 87.328 -33.278 3.5805
87.2591 -33.1457 3.58982 0.00207078 87.328 -33.278 3.5805
87.2043 -33.0434 3.58465 0.0123117 87.328 -33.278 3.5805
87.189 -33.0302 3.58146 0.00377236 87.328 -33.278 3.5805
87.362 -33.3969 3.57765 0.0124315 87.328 -33.278 3.5805
87.2858 -33.486 3.57943 0.00583881 87.328 -33.278 3.5805
87.362 -33.3969 3.57765 0.0124315 87.328 -33.278 3.5805
87.3664 -33.3357 3.57607 0.00673262 87.328 -33.278 3.5805
87.2614 -33.3068 3.58395 0.022233 87.328 -33.278 3.5805
87.3376 -33.1686 3.57796 0.00706225 87.328 -33.278 3.5805
87.2809 -33.1875 3.58029 0.0297238 87.328 -33.278 3.5805
87.2016 -33.2161 3.58691 0.00898883 87.328 -33.278 3.5805
87.174 -33.292 3.57893 0.0141974 87.328 -33.278 3.5805
87.2614 -33.3068 3.58395 0.022233 87.328 -33.278 3.5805
87.2809 -33.1875 3.58029 0.0297238 87.328 -33.278 3.5805
87.1025 -33.3201 3.58436 0.00387476 87.328 -33.278 3.5805
87.189 -33.0302 3.58146 0.00377236 87.328 -33.278 3.5805
87.2043 -33.0434 3.58465 0.0123117 87.328 -33.278 3.5805
87.1505 -33.2765 3.58333 0.0157719 87.328 -33.278 3.5805
87.4973 -33.2973 3.57636 0.00169791 87.328 -33.278 3.5805
87.2043 -33.0434 3.58465 0.0123117 87.328 -33.278 3.5805
87.362 -33.3969 3.57765 0.0124315 87.328 -33.278 3.5805
87.1505 -33.2765 3.58333 0.0157719 87.328 -33.278 3.5805
87.2614 -33.3068 3.58395 0.022233 87.328 -33.278 3.5805
87.2614 -33.3068 3.58395 0.022233 87.328 -33.278 3.5805
87.2043 -33.0434 3.58465 0.0123117 87.328 -33.278 3.5805
87.174 -33.292 3.57893 0.0141974 87.328 -33.278 3.5805
87.1505 -33.2765 3.58333 0.0157719 87.328 -33.278 3.5805
87.0814 -33.3636 3.57793 0.00206842 87.328 -33.278 3.5805
87.1626 -33.5214 3.57685 0.00118098 87.328 -33.278 3.5805
87.3073 -32.9328 3.58718 0.00267456 87.328 -33.278 3.5805
87.2016 -33.2161 3.58691 0.00898883 87.328 -33.278 3.5805
87.0872 -33.18 3.58095 0.00518765 87.328 -33.278 3.5805
87.3376 -33.1686 3.57796 0.00706225 87.328 -33.278 3.5805
87.1626 -33.5214 3.57685 0.00118098 87.328 -33.278 3.5805
87.0031 -32.9982 3.5829 0.000161447 87.328 -33.278 3.5805
87.3376 -33.1686 3.57796 0.00706225 87.328 -33.278 3.5805
87.174 -33.292 3.57893 0.0141974 87.328 -33.278 3.5805
87.174 -33.292 3.57893 0.0141974 87.328 -33.278 3.5805
