236.664 -15.7305 2.88532 0.000862832 236.78 -15.573 2.8866
236.613 -15.7798 2.88388 0.000609069 236.78 -15.573 2.8866
236.762 -15.6103 2.88645 0.000511851 236.78 -15.573 2.8866
236.664 -15.7305 2.88532 0.000862832 236.78 -15.573 2.8866
236.609 -15.7577 2.88627 0.000768184 236.78 -15.573 2.8866
236.664 -15.7305 2.88532 0.000862832 236.78 -15.573 2.8866
236.834 -15.843 2.89504 6.05133e-05 236.78 -15.573 2.8866
236.844 -15.735 2.88955 0.000552752 236.78 -15.573 2.8866
236.844 -15.735 2.88955 0.000552752 236.78 -15.573 2.8866
236.608 -15.7103 2.88276 0.000545452 236.78 -15.573 2.8866
236.834 -15.843 2.89504 6.05133e-05 236.78 -15.573 2.8866
236.608 -15.7103 2.88276 0.000545452 236.78 -15.573 2.8866
236.556 -16.0808 2.88492 7.20238e-06 236.78 -15.573 2.8866
236.791 -15.7441 2.8927 0.000284847 236.78 -15.573 2.8866
236.664 -15.7305 2.88532 0.000862832 236.78 -15.573 2.8866
236.613 -15.7798 2.88388 0.000609069 236.78 -15.573 2.8866
236.795 -15.7649 2.89099 0.000500683 236.78 -15.573 2.8866
236.733 -15.9261 2.88243 4.6352e-05 236.78 -15.573 2.8866
236.925 -15.8403 2.89293 0.000136352 236.78 -15.573 2.8866
236.762 -15.6103 2.88645 0.000511851 236.78 -15.573 2.8866
236.984 -15.5895 2.89346 6.49536e-05 236.78 -15.573 2.8866
236.844 -15.735 2.88955 0.000552752 236.78 -15.573 2.8866
236.387 -15.8375 2.88035 6.95667e-05 236.78 -15.573 2.8866
236.844 -15.735 2.88955 0.000552752 236.78 -15.573 2.8866
236.609 -15.7577 2.88627 0.000768184 236.78 -15.573 2.8866
236.945 -15.7182 2.89661 4.0387e-05 236.78 -15.573 2.8866
236.664 -15.7305 2.88532 0.000862832 236.78 -15.573 2.8866
236.717 -15.7861 2.89232 0.000214424 236.78 -15.573 2.8866
236.609 -15.7577 2.88627 0.000768184 236.78 -15.573 2.8866
236.817 -15.6825 2.88829 0.000623837 236.78 -15.573 2.8866
236.609 -15.7577 2.88627 0.000768184 236.78 -15.573 2.8866
236.718 -15.626 2.89268 0.000146143 236.78 -15.573 2.8866
236.502 -15.66 2.87975 0.000175103 236.78 -15.573 2.8866
236.613 -15.7798 2.88388 0.000609069 236.78 -15.573 2.8866
236.613 -15.7798 2.88388 0.000609069 236.78 -15.573 2.8866
236.664 -15.7305 2.88532 0.000862832 236.78 -15.573 2.8866
236.791 -15.7441 2.8927 0.000284847 236.78 -15.573 2.8866
236.755 -15.5312 2.88674 0.000258379 236.78 -15.573 2.8866
236.984 -15.5895 2.89346 6.49536e-05 236.78 -15.573 2.8866
236.791 -15.7441 2.8927 0.000284847 236.78 -15.573 2.8866
236.664 -15.7305 2.88532 0.000862832 236.78 -15.573 2.8866
236.609 -15.7577 2.88627 0.000768184 236.78 -15.573 2.8866
236.795 -15.7649 2.89099 0.000500683 236.78 -15.573 2.8866
236.62 -15.8123 2.89291 4.64234e-05 236.78 -15.573 2.8866
236.608 -15.7103 2.88276 0.000545452 236.78 -15.573 2.8866
236.925 -15.8403 2.89293 0.000136352 236.78 -15.573 2.8866
236.613 -15.7798 2.88388 0.000609069 236.78 -15.573 2.8866
236.609 -15.7577 2.88627 0.000768184 236.78 -15.573 2.8866
236.664 -15.7305 2.88532 0.000862832 236.78 -15.573 2.8866
236.762 -15.6103 2.88645 0.000511851 236.78 -15.573 2.8866
236.795 -15.7649 2.89099 0.000500683 236.78 -15.573 2.8866
236.506 -15.8154 2.879 8.4175e-05 236.78 -15.573 2.8866
236.613 -15.7798 2.88388 0.000609069 236.78 -15.573 2.8866
236.609 -15.7577 2.88627 0.000768184 236.78 -15.573 2.8866
236.817 -15.6825 2.88829 0.000623837 236.78 -15.573 2.8866
236.762 -15.6103 2.88645 0.000511851 236.78 -15.573 2.8866
236.609 -15.7577 2.88627 0.000768184 236.78 -15.573 2.8866
236.791 -15.7441 2.8927 0.000284847 236.78 -15.573 2.8866
236.682 -15.9641 2.889 9.72495e-05 236.78 -15.573 2.8866
236.718 -15.626 2.89268 0.000146143 236.78 -15.573 2.8866
236.762 -15.6103 2.88645 0.000511851 236.78 -15.573 2.8866
236.755 -15.5312 2.88674 0.000258379 236.78 -15.573 2.8866
236.613 -15.7798 2.88388 0.000609069 236.78 -15.573 2.8866
236.844 -15.735 2.88955 0.000552752 236.78 -15.573 2.8866
236.609 -15.7577 2.88627 0.000768184 236.78 -15.573 2.8866
236.608 -15.7103 2.88276 0.000545452 236.78 -15.573 2.8866
236.844 -15.735 2.88955 0.000552752 236.78 -15.573 2.8866
236.791 -15.7441 2.8927 0.000284847 236.78 -15.573 2.8866
236.817 -15.6825 2.88829 0.000623837 236.78 -15.573 2.8866
236.791 -15.7441 2.8927 0.000284847 236.78 -15.573 2.8866
236.608 -15.7103 2.88276 0.000545452 236.78 -15.573 2.8866
236.608 -15.7103 2.88276 0.000545452 236.78 -15.573 2.8866
236.844 -15.735 2.88955 0.000552752 236.78 -15.573 2.8866
236.945 -15.7182 2.89661 4.0387e-05 236.78 -15.573 2.8866
236.844 -15.735 2.88955 0.000552752 236.78 -15.573 2.8866
236.791 -15.7441 2.8927 0.000284847 236.78 -15.573 2.8866
236.925 -15.8403 2.89293 0.000136352 236.78 -15.573 2.8866
236.703 -15.6742 2.89752 2.70318e-06 236.78 -15.573 2.8866
236.817 -15.6825 2.88829 0.000623837 236.78 -15.573 2.8866
236.817 -15.6825 2.88829 0.000623837 236.78 -15.573 2.8866
236.817 -15.6825 2.88829 0.000623837 236.78 -15.573 2.8866
236.682 -15.9641 2.889 9.72495e-05 236.78 -15.573 2.8866
236.502 -15.66 2.87975 0.000175103 236.78 -15.573 2.8866
236.844 -15.735 2.88955 0.000552752 236.78 -15.573 2.8866
236.795 -15.7649 2.89099 0.000500683 236.78 -15.573 2.8866
236.664 -15.7305 2.88532 0.000862832 236.78 -15.573 2.8866
236.608 -15.7103 2.88276 0.000545452 236.78 -15.573 2.8866
236.817 -15.6825 2.88829 0.000623837 236.78 -15.573 2.8866
236.844 -15.735 2.88955 0.000552752 236.78 -15.573 2.8866
236.792 -15.6356 2.89698 1.20809e-05 236.78 -15.573 2.8866
236.91 -15.5281 2.88956 9.53622e-05 236.78 -15.573 2.8866
236.817 -15.6825 2.88829 0.000623837 236.78 -15.573 2.8866
236.92 -15.7525 2.89558 7.43826e-05 236.78 -15.573 2.8866
236.755 -15.5312 2.88674 0.000258379 236.78 -15.573 2.8866
236.817 -15.6825 2.88829 0.000623837 236.78 -15.573 2.8866
236.92 -15.7525 2.89558 7.43826e-05 236.78 -15.573 2.8866
236.762 -15.6103 2.88645 0.000511851 236.78 -15.573 2.8866
236.755 -15.5312 2.88674 0.000258379 236.78 -15.573 2.8866
236.795 -15.7649 2.89099 0.000500683 236.78 -15.573 2.8866
236.817 -15.6825 2.88829 0.000623837 236.78 -15.573 2.8866
236.613 -15.7798 2.88388 0.000609069 236.78 -15.573 2.8866
236.885 -15.6015 2.88847 0.000237651 236.78 -15.573 2.8866
236.609 -15.7577 2.88627 0.000768184 236.78 -15.573 2.8866
236.609 -15.7577 2.88627 0.000768184 236.78 -15.573 2.8866
236.613 -15.7798 2.88388 0.000609069 236.78 -15.573 2.8866
236.664 -15.7305 2.88532 0.000862832 236.78 -15.573 2.8866
236.717 -15.7861 2.89232 0.000214424 236.78 -15.573 2.8866
236.609 -15.7577 2.88627 0.000768184 236.78 -15.573 2.8866
237.051 -15.6791 2.89149 5.30416e-05 236.78 -15.573 2.8866
236.762 -15.6103 2.88645 0.000511851 236.78 -15.573 2.8866
236.791 -15.7441 2.8927 0.000284847 236.78 -15.573 2.8866
236.682 -15.9641 2.889 9.72495e-05 236.78 -15.573 2.8866
236.664 -15.7305 2.88532 0.000862832 236.78 -15.573 2.8866
236.844 -15.735 2.88955 0.000552752 236.78 -15.573 2.8866
236.664 -15.7305 2.88532 0.000862832 236.78 -15.573 2.8866
236.956 -15.8393 2.88953 0.000114294 236.78 -15.573 2.8866
236.718 -15.626 2.89268 0.000146143 236.78 -15.573 2.8866
236.609 -15.7577 2.88627 0.000768184 236.78 -15.573 2.8866
236.613 -15.7798 2.88388 0.000609069 236.78 -15.573 2.8866
236.817 -15.6825 2.88829 0.000623837 236.78 -15.573 2.8866
236.815 -15.5834 2.89329 0.00011844 236.78 -15.573 2.8866
236.795 -15.7649 2.89099 0.000500683 236.78 -15.573 2.8866
236.682 -15.9641 2.889 9.72495e-05 236.78 -15.573 2.8866
236.502 -15.66 2.87975 0.000175103 236.78 -15.573 2.8866
236.956 -15.8393 2.88953 0.000114294 236.78 -15.573 2.8866
236.88 -15.9537 2.88935 6.86474e-05 236.78 -15.573 2.8866
236.613 -15.7798 2.88388 0.000609069 236.78 -15.573 2.8866
236.897 -15.789 2.88338 2.81489e-05 236.78 -15.573 2.8866
236.608 -15.7103 2.88276 0.000545452 236.78 -15.573 2.8866
236.609 -15.7577 2.88627 0.000768184 236.78 -15.573 2.8866
236.613 -15.7798 2.88388 0.000609069 236.78 -15.573 2.8866
236.609 -15.7577 2.88627 0.000768184 236.78 -15.573 2.8866
236.671 -15.6858 2.8933 8.2989e-05 236.78 -15.573 2.8866
236.755 -15.5312 2.88674 0.000258379 236.78 -15.573 2.8866
236.609 -15.7577 2.88627 0.000768184 236.78 -15.573 2.8866
236.816 -15.5797 2.88245 4.50995e-05 236.78 -15.573 2.8866
236.608 -15.7103 2.88276 0.000545452 236.78 -15.573 2.8866
236.613 -15.7798 2.88388 0.000609069 236.78 -15.573 2.8866
236.609 -15.7577 2.88627 0.000768184 236.78 -15.573 2.8866
236.844 -15.735 2.88955 0.000552752 236.78 -15.573 2.8866
236.682 -15.9641 2.889 9.72495e-05 236.78 -15.573 2.8866
236.733 -15.9261 2.88243 4.6352e-05 236.78 -15.573 2.8866
236.762 -15.6103 2.88645 0.000511851 236.78 -15.573 2.8866
236.613 -15.7798 2.88388 0.000609069 236.78 -15.573 2.8866
236.717 -15.7861 2.89232 0.000214424 236.78 -15.573 2.8866
236.925 -15.8403 2.89293 0.000136352 236.78 -15.573 2.8866
236.664 -15.7305 2.88532 0.000862832 236.78 -15.573 2.8866
236.608 -15.7103 2.88276 0.000545452 236.78 -15.573 2.8866
236.613 -15.7798 2.88388 0.000609069 236.78 -15.573 2.8866
236.817 -15.6825 2.88829 0.000623837 236.78 -15.573 2.8866
236.795 -15.7649 2.89099 0.000500683 236.78 -15.573 2.8866
236.762 -15.6103 2.88645 0.000511851 236.78 -15.573 2.8866
236.791 -15.7441 2.8927 0.000284847 236.78 -15.573 2.8866
236.844 -15.735 2.88955 0.000552752 236.78 -15.573 2.8866
236.844 -15.735 2.88955 0.000552752 236.78 -15.573 2.8866
236.795 -15.7649 2.89099 0.000500683 236.78 -15.573 2.8866
236.609 -15.7577 2.88627 0.000768184 236.78 -15.573 2.8866
236.844 -15.735 2.88955 0.000552752 236.78 -15.573 2.8866
236.608 -15.7103 2.88276 0.000545452 236.78 -15.573 2.8866
236.816 -15.5797 2.88245 4.50995e-05 236.78 -15.573 2.8866
236.844 -15.735 2.88955 0.000552752 236.78 -15.573 2.8866
236.817 -15.6825 2.88829 0.000623837 236.78 -15.573 2.8866
236.91 -15.5281 2.88956 9.53622e-05 236.78 -15.573 2.8866
236.664 -15.7305 2.88532 0.000862832 236.78 -15.573 2.8866
236.817 -15.6825 2.88829 0.000623837 236.78 -15.573 2.8866
236.387 -15.8375 2.88035 6.95667e-05 236.78 -15.573 2.8866
236.817 -15.6825 2.88829 0.000623837 236.78 -15.573 2.8866
236.762 -15.6103 2.88645 0.000511851 236.78 -15.573 2.8866
236.733 -15.9261 2.88243 4.6352e-05 236.78 -15.573 2.8866
236.834 -15.843 2.89504 6.05133e-05 236.78 -15.573 2.8866
236.817 -15.6825 2.88829 0.000623837 236.78 -15.573 2.8866
236.817 -15.6825 2.88829 0.000623837 236.78 -15.573 2.8866
236.844 -15.735 2.88955 0.000552752 236.78 -15.573 2.8866
236.664 -15.7305 2.88532 0.000862832 236.78 -15.573 2.8866
236.664 -15.7305 2.88532 0.000862832 236.78 -15.573 2.8866
236.755 -15.5312 2.88674 0.000258379 236.78 -15.573 2.8866
236.718 -15.626 2.89268 0.000146143 236.78 -15.573 2.8866
236.608 -15.7103 2.88276 0.000545452 236.78 -15.573 2.8866
236.609 -15.7577 2.88627 0.000768184 236.78 -15.573 2.8866
236.664 -15.7305 2.88532 0.000862832 236.78 -15.573 2.8866
236.609 -15.7577 2.88627 0.000768184 236.78 -15.573 2.8866
236.755 -15.5312 2.88674 0.000258379 236.78 -15.573 2.8866
236.844 -15.735 2.88955 0.000552752 236.78 -15.573 2.8866
236.613 -15.7798 2.88388 0.000609069 236.78 -15.573 2.8866
236.844 -15.735 2.88955 0.000552752 236.78 -15.573 2.8866
236.762 -15.6103 2.88645 0.000511851 236.78 -15.573 2.8866
236.609 -15.7577 2.88627 0.000768184 236.78 -15.573 2.8866
236.817 -15.6825 2.88829 0.000623837 236.78 -15.573 2.8866
236.718 -15.626 2.89268 0.000146143 236.78 -15.573 2.8866
236.817 -15.6825 2.88829 0.000623837 236.78 -15.573 2.8866
236.755 -15.5312 2.88674 0.000258379 236.78 -15.573 2.8866
236.717 -15.7861 2.89232 0.000214424 236.78 -15.573 2.8866
236.844 -15.735 2.88955 0.000552752 236.78 -15.573 2.8866
236.795 -15.7649 2.89099 0.000500683 236.78 -15.573 2.8866
236.817 -15.6825 2.88829 0.000623837 236.78 -15.573 2.8866
236.755 -15.5312 2.88674 0.000258379 236.78 -15.573 2.8866
236.608 -15.7103 2.88276 0.000545452 236.78 -15.573 2.8866
236.817 -15.6825 2.88829 0.000623837 236.78 -15.573 2.8866
236.608 -15.7103 2.88276 0.000545452 236.78 -15.573 2.8866
236.613 -15.7798 2.88388 0.000609069 236.78 -15.573 2.8866
