190.979 24.9178 0.0717477 0.0934169 190.69 24.935 0.071033
190.754 24.9196 0.0715545 2.81421 190.69 24.935 0.071033
190.779 24.9942 0.0695266 1.15693 190.69 24.935 0.071033
190.645 24.8824 0.0715267 2.76351 190.69 24.935 0.071033
190.759 24.8661 0.0787585 0.576233 190.69 24.935 0.071033
190.759 24.8661 0.0787585 0.576233 190.69 24.935 0.071033
190.679 24.8341 0.0749837 2.87791 190.69 24.935 0.071033
190.679 24.8341 0.0749837 2.87791 190.69 24.935 0.071033
190.645 24.8824 0.0715267 2.76351 190.69 24.935 0.071033
190.754 24.9196 0.0715545 2.81421 190.69 24.935 0.071033
190.689 24.8486 0.0698135 1.69193 190.69 24.935 0.071033
190.754 24.9196 0.0715545 2.81421 190.69 24.935 0.071033
190.754 24.9196 0.0715545 2.81421 190.69 24.935 0.071033
190.519 24.81 0.0716401 0.517811 190.69 24.935 0.071033
190.689 24.8486 0.0698135 1.69193 190.69 24.935 0.071033
190.754 24.9196 0.0715545 2.81421 190.69 24.935 0.071033
190.679 24.8341 0.0749837 2.87791 190.69 24.935 0.071033
190.638 25.0187 0.078428 1.07288 190.69 24.935 0.071033
190.679 24.8341 0.0749837 2.87791 190.69 24.935 0.071033
190.679 24.8341 0.0749837 2.87791 190.69 24.935 0.071033
190.638 25.0187 0.078428 1.07288 190.69 24.935 0.071033
190.638 25.0187 0.078428 1.07288 190.69 24.935 0.071033
190.787 24.9909 0.0672576 0.450064 190.69 24.935 0.071033
190.74 24.7717 0.0769403 0.703844 190.69 24.935 0.071033
190.638 25.0187 0.078428 1.07288 190.69 24.935 0.071033
190.706 25.1288 0.0748944 0.455139 190.69 24.935 0.071033
190.645 24.8824 0.0715267 2.76351 190.69 24.935 0.071033
190.645 24.8824 0.0715267 2.76351 190.69 24.935 0.071033
190.754 24.9196 0.0715545 2.81421 190.69 24.935 0.071033
190.636 25.1089 0.0728342 0.627113 190.69 24.935 0.071033
190.74 24.7717 0.0769403 0.703844 190.69 24.935 0.071033
190.679 24.8341 0.0749837 2.87791 190.69 24.935 0.071033
190.645 24.8824 0.0715267 2.76351 190.69 24.935 0.071033
190.645 24.8824 0.0715267 2.76351 190.69 24.935 0.071033
190.537 24.9764 0.0772604 1.38716 190.69 24.935 0.071033
190.636 25.1089 0.0728342 0.627113 190.69 24.935 0.071033
190.679 24.8341 0.0749837 2.87791 190.69 24.935 0.071033
190.645 24.8824 0.0715267 2.76351 190.69 24.935 0.071033
190.594 24.5912 0.0714321 0.0208923 190.69 24.935 0.071033
190.645 24.8824 0.0715267 2.76351 190.69 24.935 0.071033
190.638 25.0187 0.078428 1.07288 190.69 24.935 0.071033
190.706 25.1288 0.0748944 0.455139 190.69 24.935 0.071033
190.679 24.8341 0.0749837 2.87791 190.69 24.935 0.071033
190.638 25.0187 0.078428 1.07288 190.69 24.935 0.071033
190.679 24.8341 0.0749837 2.87791 190.69 24.935 0.071033
190.645 24.8824 0.0715267 2.76351 190.69 24.935 0.071033
190.636 25.1089 0.0728342 0.627113 190.69 24.935 0.071033
190.679 24.8341 0.0749837 2.87791 190.69 24.935 0.071033
190.779 24.9942 0.0695266 1.15693 190.69 24.935 0.071033
190.779 24.9942 0.0695266 1.15693 190.69 24.935 0.071033
190.689 24.8486 0.0698135 1.69193 190.69 24.935 0.071033
190.897 24.7808 0.0693043 0.211291 190.69 24.935 0.071033
190.645 24.8824 0.0715267 2.76351 190.69 24.935 0.071033
190.519 24.81 0.0716401 0.517811 190.69 24.935 0.071033
190.757 24.7146 0.0757489 0.369444 190.69 24.935 0.071033
190.544 25.0597 0.0732473 0.675463 190.69 24.935 0.071033
190.645 24.8824 0.0715267 2.76351 190.69 24.935 0.071033
190.754 24.9196 0.0715545 2.81421 190.69 24.935 0.071033
190.679 24.8341 0.0749837 2.87791 190.69 24.935 0.071033
190.787 24.5841 0.0722754 0.0206433 190.69 24.935 0.071033
190.759 24.8661 0.0787585 0.576233 190.69 24.935 0.071033
190.689 24.8486 0.0698135 1.69193 190.69 24.935 0.071033
190.754 24.9196 0.0715545 2.81421 190.69 24.935 0.071033
190.679 24.8341 0.0749837 2.87791 190.69 24.935 0.071033
190.679 24.8341 0.0749837 2.87791 190.69 24.935 0.071033
190.638 25.0187 0.078428 1.07288 190.69 24.935 0.071033
190.759 24.8661 0.0787585 0.576233 190.69 24.935 0.071033
190.475 25.0618 0.0795146 0.18857 190.69 24.935 0.071033
190.689 24.8486 0.0698135 1.69193 190.69 24.935 0.071033
190.638 25.0187 0.078428 1.07288 190.69 24.935 0.071033
190.638 25.0187 0.078428 1.07288 190.69 24.935 0.071033
190.689 24.8486 0.0698135 1.69193 190.69 24.935 0.071033
190.759 24.8661 0.0787585 0.576233 190.69 24.935 0.071033
190.779 24.9942 0.0695266 1.15693 190.69 24.935 0.071033
190.689 24.8486 0.0698135 1.69193 190.69 24.935 0.071033
190.537 24.9764 0.0772604 1.38716 190.69 24.935 0.071033
190.645 24.8824 0.0715267 2.76351 190.69 24.935 0.071033
190.779 24.9942 0.0695266 1.15693 190.69 24.935 0.071033
190.627 25.1406 0.0781261 0.204321 190.69 24.935 0.071033
190.754 24.9196 0.0715545 2.81421 190.69 24.935 0.071033
190.689 24.8486 0.0698135 1.69193 190.69 24.935 0.071033
190.537 24.9764 0.0772604 1.38716 190.69 24.935 0.071033
190.759 24.8661 0.0787585 0.576233 190.69 24.935 0.071033
190.754 24.9196 0.0715545 2.81421 190.69 24.935 0.071033
190.537 24.9764 0.0772604 1.38716 190.69 24.935 0.071033
190.537 24.9764 0.0772604 1.38716 190.69 24.935 0.071033
190.754 24.9196 0.0715545 2.81421 190.69 24.935 0.071033
190.779 24.9942 0.0695266 1.15693 190.69 24.935 0.071033
190.645 24.8824 0.0715267 2.76351 190.69 24.935 0.071033
190.754 24.9196 0.0715545 2.81421 190.69 24.935 0.071033
190.787 24.9909 0.0672576 0.450064 190.69 24.935 0.071033
190.645 24.8824 0.0715267 2.76351 190.69 24.935 0.071033
190.754 24.9196 0.0715545 2.81421 190.69 24.935 0.071033
190.645 24.8824 0.0715267 2.76351 190.69 24.935 0.071033
190.537 24.9764 0.0772604 1.38716 190.69 24.935 0.071033
190.638 25.0187 0.078428 1.07288 190.69 24.935 0.071033
190.519 24.81 0.0716401 0.517811 190.69 24.935 0.071033
190.979 24.9178 0.0717477 0.0934169 190.69 24.935 0.071033
190.679 24.8341 0.0749837 2.87791 190.69 24.935 0.071033
190.689 24.8486 0.0698135 1.69193 190.69 24.935 0.071033
190.519 24.81 0.0716401 0.517811 190.69 24.935 0.071033
190.65 24.7046 0.0762762 0.451945 190.69 24.935 0.071033
190.754 24.9196 0.0715545 2.81421 190.69 24.935 0.071033
190.483 24.7997 0.0807669 0.170025 190.69 24.935 0.071033
190.679 24.8341 0.0749837 2.87791 190.69 24.935 0.071033
190.638 25.0187 0.078428 1.07288 190.69 24.935 0.071033
190.638 25.0187 0.078428 1.07288 190.69 24.935 0.071033
190.754 24.9196 0.0715545 2.81421 190.69 24.935 0.071033
190.754 24.9196 0.0715545 2.81421 190.69 24.935 0.071033
190.544 25.0597 0.0732473 0.675463 190.69 24.935 0.071033
190.754 24.9196 0.0715545 2.81421 190.69 24.935 0.071033
190.689 24.8486 0.0698135 1.69193 190.69 24.935 0.071033
190.779 24.9942 0.0695266 1.15693 190.69 24.935 0.071033
190.679 24.8341 0.0749837 2.87791 190.69 24.935 0.071033
190.544 25.0597 0.0732473 0.675463 190.69 24.935 0.071033
190.679 24.8341 0.0749837 2.87791 190.69 24.935 0.071033
190.638 25.0187 0.078428 1.07288 190.69 24.935 0.071033
190.351 24.956 0.0817079 0.0251658 190.69 24.935 0.071033
190.754 24.9196 0.0715545 2.81421 190.69 24.935 0.071033
190.754 24.9196 0.0715545 2.81421 190.69 24.935 0.071033
190.689 24.8486 0.0698135 1.69193 190.69 24.935 0.071033
190.565 24.9368 0.0671501 0.14423 190.69 24.935 0.071033
190.74 24.7717 0.0769403 0.703844 190.69 24.935 0.071033
190.627 25.1406 0.0781261 0.204321 190.69 24.935 0.071033
190.537 24.9764 0.0772604 1.38716 190.69 24.935 0.071033
190.776 25.0655 0.0666698 0.151565 190.69 24.935 0.071033
190.689 24.8486 0.0698135 1.69193 190.69 24.935 0.071033
190.679 24.8341 0.0749837 2.87791 190.69 24.935 0.071033
190.445 25.0175 0.0832287 0.0352919 190.69 24.935 0.071033
190.679 24.8341 0.0749837 2.87791 190.69 24.935 0.071033
190.636 25.1089 0.0728342 0.627113 190.69 24.935 0.071033
190.679 24.8341 0.0749837 2.87791 190.69 24.935 0.071033
190.679 24.8341 0.0749837 2.87791 190.69 24.935 0.071033
190.645 24.8824 0.0715267 2.76351 190.69 24.935 0.071033
190.537 24.9764 0.0772604 1.38716 190.69 24.935 0.071033
190.537 24.9764 0.0772604 1.38716 190.69 24.935 0.071033
190.923 25.1235 0.0692832 0.0366473 190.69 24.935 0.071033
190.897 24.7808 0.0693043 0.211291 190.69 24.935 0.071033
190.636 25.1089 0.0728342 0.627113 190.69 24.935 0.071033
190.679 24.8341 0.0749837 2.87791 190.69 24.935 0.071033
190.679 24.8341 0.0749837 2.87791 190.69 24.935 0.071033
190.689 24.8486 0.0698135 1.69193 190.69 24.935 0.071033
190.519 24.81 0.0716401 0.517811 190.69 24.935 0.071033
190.679 24.8341 0.0749837 2.87791 190.69 24.935 0.071033
190.74 24.7717 0.0769403 0.703844 190.69 24.935 0.071033
190.679 24.8341 0.0749837 2.87791 190.69 24.935 0.071033
190.679 24.8341 0.0749837 2.87791 190.69 24.935 0.071033
190.689 24.8486 0.0698135 1.69193 190.69 24.935 0.071033
190.754 24.9196 0.0715545 2.81421 190.69 24.935 0.071033
190.679 24.8341 0.0749837 2.87791 190.69 24.935 0.071033
190.645 24.8824 0.0715267 2.76351 190.69 24.935 0.071033
190.65 24.7046 0.0762762 0.451945 190.69 24.935 0.071033
190.74 24.7717 0.0769403 0.703844 190.69 24.935 0.071033
190.636 25.1089 0.0728342 0.627113 190.69 24.935 0.071033
190.638 25.0187 0.078428 1.07288 190.69 24.935 0.071033
190.74 24.7717 0.0769403 0.703844 190.69 24.935 0.071033
190.754 24.9196 0.0715545 2.81421 190.69 24.935 0.071033
190.689 24.8486 0.0698135 1.69193 190.69 24.935 0.071033
190.879 24.7742 0.0764313 0.113546 190.69 24.935 0.071033
190.445 25.0175 0.0832287 0.0352919 190.69 24.935 0.071033
190.759 24.8661 0.0787585 0.576233 190.69 24.935 0.071033
190.689 24.8486 0.0698135 1.69193 190.69 24.935 0.071033
190.645 24.8824 0.0715267 2.76351 190.69 24.935 0.071033
190.754 24.9196 0.0715545 2.81421 190.69 24.935 0.071033
190.544 25.0597 0.0732473 0.675463 190.69 24.935 0.071033
190.679 24.8341 0.0749837 2.87791 190.69 24.935 0.071033
190.757 24.7146 0.0757489 0.369444 190.69 24.935 0.071033
190.757 24.7146 0.0757489 0.369444 190.69 24.935 0.071033
190.689 24.8486 0.0698135 1.69193 190.69 24.935 0.071033
190.537 24.9764 0.0772604 1.38716 190.69 24.935 0.071033
190.638 25.0187 0.078428 1.07288 190.69 24.935 0.071033
190.636 25.1089 0.0728342 0.627113 190.69 24.935 0.071033
190.679 24.8341 0.0749837 2.87791 190.69 24.935 0.071033
190.754 24.9196 0.0715545 2.81421 190.69 24.935 0.071033
190.689 24.8486 0.0698135 1.69193 190.69 24.935 0.071033
190.689 24.8486 0.0698135 1.69193 190.69 24.935 0.071033
190.638 25.0187 0.078428 1.07288 190.69 24.935 0.071033
190.679 24.8341 0.0749837 2.87791 190.69 24.935 0.071033
190.519 24.81 0.0716401 0.517811 190.69 24.935 0.071033
190.689 24.8486 0.0698135 1.69193 190.69 24.935 0.071033
190.405 25.003 0.079154 0.12788 190.69 24.935 0.071033
190.689 24.8486 0.0698135 1.69193 190.69 24.935 0.071033
190.706 25.1288 0.0748944 0.455139 190.69 24.935 0.071033
190.645 24.8824 0.0715267 2.76351 190.69 24.935 0.071033
190.475 25.0618 0.0795146 0.18857 190.69 24.935 0.071033
190.759 24.8661 0.0787585 0.576233 190.69 24.935 0.071033
190.645 24.8824 0.0715267 2.76351 190.69 24.935 0.071033
190.544 25.0597 0.0732473 0.675463 190.69 24.935 0.071033
190.754 24.9196 0.0715545 2.81421 190.69 24.935 0.071033
190.645 24.8824 0.0715267 2.76351 190.69 24.935 0.071033
190.689 24.8486 0.0698135 1.69193 190.69 24.935 0.071033
190.689 24.8486 0.0698135 1.69193 190.69 24.935 0.071033
190.679 24.8341 0.0749837 2.87791 190.69 24.935 0.071033
190.871 24.7594 0.0673847 0.1294 190.69 24.935 0.071033
190.689 24.8486 0.0698135 1.69193 190.69 24.935 0.071033
190.679 24.8341 0.0749837 2.87791 190.69 24.935 0.071033
190.754 24.9196 0.0715545 2.81421 190.69 24.935 0.071033
190.934 25.2099 0.0694614 0.00429089 190.69 24.935 0.071033
190.754 24.9196 0.0715545 2.81421 190.69 24.935 0.071033
190.636 25.1089 0.0728342 0.627113 190.69 24.935 0.071033
