239.02 28.4762 0.0738208 0.0995672 238.65 28.42 0.072597
239.02 28.3695 0.0696559 0.0480827 238.65 28.42 0.072597
238.881 28.371 0.0752343 0.159514 238.65 28.42 0.072597
238.673 28.3456 0.0717831 0.00507779 238.65 28.42 0.072597
239.02 28.4762 0.0738208 0.0995672 238.65 28.42 0.072597
238.842 28.34 0.0760739 0.0942519 238.65 28.42 0.072597
238.695 28.282 0.077195 0.00760372 238.65 28.42 0.072597
238.986 28.5245 0.0696353 0.115537 238.65 28.42 0.072597
238.97 28.3508 0.0789139 0.00876547 238.65 28.42 0.072597
239.017 28.4111 0.0762147 0.0376373 238.65 28.42 0.072597
238.858 28.3522 0.077574 0.054523 238.65 28.42 0.072597
238.973 28.4947 0.0695132 0.128459 238.65 28.42 0.072597
238.881 28.371 0.0752343 0.159514 238.65 28.42 0.072597
238.842 28.34 0.0760739 0.0942519 238.65 28.42 0.072597
238.986 28.5245 0.0696353 0.115537 238.65 28.42 0.072597
238.963 28.6063 0.0747308 0.0297869 238.65 28.42 0.072597
238.986 28.5245 0.0696353 0.115537 238.65 28.42 0.072597
238.914 28.5442 0.0718216 0.183275 238.65 28.42 0.072597
238.636 28.3496 0.0781104 0.00326453 238.65 28.42 0.072597
238.881 28.371 0.0752343 0.159514 238.65 28.42 0.072597
238.881 28.371 0.0752343 0.159514 238.65 28.42 0.072597
238.914 28.5442 0.0718216 0.183275 238.65 28.42 0.072597
238.858 28.3522 0.077574 0.054523 238.65 28.42 0.072597
238.914 28.5442 0.0718216 0.183275 238.65 28.42 0.072597
238.986 28.5245 0.0696353 0.115537 238.65 28.42 0.072597
238.914 28.5442 0.0718216 0.183275 238.65 28.42 0.072597
238.862 28.4459 0.0701551 0.130223 238.65 28.42 0.072597
238.862 28.4459 0.0701551 0.130223 238.65 28.42 0.072597
238.775 28.1951 0.0720562 0.00199305 238.65 28.42 0.072597
238.881 28.371 0.0752343 0.159514 238.65 28.42 0.072597
238.986 28.5245 0.0696353 0.115537 238.65 28.42 0.072597
238.914 28.5442 0.0718216 0.183275 238.65 28.42 0.072597
238.858 28.3522 0.077574 0.054523 238.65 28.42 0.072597
239.02 28.4762 0.0738208 0.0995672 238.65 28.42 0.072597
238.973 28.4947 0.0695132 0.128459 238.65 28.42 0.072597
238.963 28.6063 0.0747308 0.0297869 238.65 28.42 0.072597
238.914 28.5442 0.0718216 0.183275 238.65 28.42 0.072597
239.02 28.4762 0.0738208 0.0995672 238.65 28.42 0.072597
238.885 28.6251 0.0710844 0.0568159 238.65 28.42 0.072597
238.72 28.3563 0.0688166 0.00226304 238.65 28.42 0.072597
238.894 28.3189 0.0780971 0.027694 238.65 28.42 0.072597
238.973 28.4947 0.0695132 0.128459 238.65 28.42 0.072597
238.973 28.4947 0.0695132 0.128459 238.65 28.42 0.072597
238.885 28.6251 0.0710844 0.0568159 238.65 28.42 0.072597
238.707 28.6453 0.0742116 0.00380182 238.65 28.42 0.072597
238.973 28.4947 0.0695132 0.128459 238.65 28.42 0.072597
238.986 28.5245 0.0696353 0.115537 238.65 28.42 0.072597
238.986 28.5245 0.0696353 0.115537 238.65 28.42 0.072597
239.064 28.3079 0.0728812 0.0206289 238.65 28.42 0.072597
238.842 28.34 0.0760739 0.0942519 238.65 28.42 0.072597
238.986 28.5245 0.0696353 0.115537 238.65 28.42 0.072597
238.857 28.6758 0.0693714 0.0123339 238.65 28.42 0.072597
238.914 28.5442 0.0718216 0.183275 238.65 28.42 0.072597
238.986 28.5245 0.0696353 0.115537 238.65 28.42 0.072597
239.161 28.5153 0.0705833 0.00855017 238.65 28.42 0.072597
238.858 28.3522 0.077574 0.054523 238.65 28.42 0.072597
239.02 28.3695 0.0696559 0.0480827 238.65 28.42 0.072597
238.973 28.4947 0.0695132 0.128459 238.65 28.42 0.072597
239.02 28.4762 0.0738208 0.0995672 238.65 28.42 0.072597
238.881 28.371 0.0752343 0.159514 238.65 28.42 0.072597
238.881 28.371 0.0752343 0.159514 238.65 28.42 0.072597
238.842 28.34 0.0760739 0.0942519 238.65 28.42 0.072597
239.02 28.3695 0.0696559 0.0480827 238.65 28.42 0.072597
238.65 28.3332 0.0731013 0.00421133 238.65 28.42 0.072597
238.673 28.3456 0.0717831 0.00507779 238.65 28.42 0.072597
238.986 28.5245 0.0696353 0.115537 238.65 28.42 0.072597
239.02 28.4762 0.0738208 0.0995672 238.65 28.42 0.072597
238.914 28.5442 0.0718216 0.183275 238.65 28.42 0.072597
238.986 28.5245 0.0696353 0.115537 238.65 28.42 0.072597
239.02 28.4762 0.0738208 0.0995672 238.65 28.42 0.072597
238.973 28.4947 0.0695132 0.128459 238.65 28.42 0.072597
238.885 28.6251 0.0710844 0.0568159 238.65 28.42 0.072597
239.02 28.4762 0.0738208 0.0995672 238.65 28.42 0.072597
238.914 28.5442 0.0718216 0.183275 238.65 28.42 0.072597
238.973 28.4947 0.0695132 0.128459 238.65 28.42 0.072597
238.857 28.6758 0.0693714 0.0123339 238.65 28.42 0.072597
238.885 28.6251 0.0710844 0.0568159 238.65 28.42 0.072597
238.914 28.5442 0.0718216 0.183275 238.65 28.42 0.072597
239.02 28.4762 0.0738208 0.0995672 238.65 28.42 0.072597
238.973 28.4947 0.0695132 0.128459 238.65 28.42 0.072597
238.862 28.4459 0.0701551 0.130223 238.65 28.42 0.072597
238.842 28.34 0.0760739 0.0942519 238.65 28.42 0.072597
238.881 28.371 0.0752343 0.159514 238.65 28.42 0.072597
238.973 28.4947 0.0695132 0.128459 238.65 28.42 0.072597
238.842 28.34 0.0760739 0.0942519 238.65 28.42 0.072597
238.878 28.525 0.0653951 0.00446807 238.65 28.42 0.072597
238.973 28.4947 0.0695132 0.128459 238.65 28.42 0.072597
239.017 28.4111 0.0762147 0.0376373 238.65 28.42 0.072597
238.858 28.3522 0.077574 0.054523 238.65 28.42 0.072597
238.842 28.34 0.0760739 0.0942519 238.65 28.42 0.072597
238.842 28.34 0.0760739 0.0942519 238.65 28.42 0.072597
238.986 28.5245 0.0696353 0.115537 238.65 28.42 0.072597
238.986 28.5245 0.0696353 0.115537 238.65 28.42 0.072597
238.862 28.4459 0.0701551 0.130223 238.65 28.42 0.072597
238.986 28.5245 0.0696353 0.115537 238.65 28.42 0.072597
238.881 28.371 0.0752343 0.159514 238.65 28.42 0.072597
238.986 28.5245 0.0696353 0.115537 238.65 28.42 0.072597
239.02 28.4762 0.0738208 0.0995672 238.65 28.42 0.072597
238.973 28.4947 0.0695132 0.128459 238.65 28.42 0.072597
239.017 28.4111 0.0762147 0.0376373 238.65 28.42 0.072597
238.986 28.5245 0.0696353 0.115537 238.65 28.42 0.072597
238.862 28.4459 0.0701551 0.130223 238.65 28.42 0.072597
238.858 28.3522 0.077574 0.054523 238.65 28.42 0.072597
238.986 28.5245 0.0696353 0.115537 238.65 28.42 0.072597
239.02 28.4762 0.0738208 0.0995672 238.65 28.42 0.072597
238.862 28.4459 0.0701551 0.130223 238.65 28.42 0.072597
238.862 28.4459 0.0701551 0.130223 238.65 28.42 0.072597
238.862 28.4459 0.0701551 0.130223 238.65 28.42 0.072597
238.885 28.6251 0.0710844 0.0568159 238.65 28.42 0.072597
238.881 28.371 0.0752343 0.159514 238.65 28.42 0.072597
238.862 28.4459 0.0701551 0.130223 238.65 28.42 0.072597
238.914 28.5442 0.0718216 0.183275 238.65 28.42 0.072597
238.973 28.4947 0.0695132 0.128459 238.65 28.42 0.072597
239.02 28.4762 0.0738208 0.0995672 238.65 28.42 0.072597
238.858 28.3522 0.077574 0.054523 238.65 28.42 0.072597
239.064 28.3079 0.0728812 0.0206289 238.65 28.42 0.072597
238.896 28.3215 0.0679675 0.00878915 238.65 28.42 0.072597
239.017 28.4111 0.0762147 0.0376373 238.65 28.42 0.072597
238.914 28.5442 0.0718216 0.183275 238.65 28.42 0.072597
238.963 28.6063 0.0747308 0.0297869 238.65 28.42 0.072597
238.842 28.34 0.0760739 0.0942519 238.65 28.42 0.072597
238.894 28.3189 0.0780971 0.027694 238.65 28.42 0.072597
238.745 28.5821 0.0751945 0.0202819 238.65 28.42 0.072597
238.986 28.5245 0.0696353 0.115537 238.65 28.42 0.072597
239.02 28.3695 0.0696559 0.0480827 238.65 28.42 0.072597
238.881 28.371 0.0752343 0.159514 238.65 28.42 0.072597
239.017 28.4111 0.0762147 0.0376373 238.65 28.42 0.072597
238.842 28.34 0.0760739 0.0942519 238.65 28.42 0.072597
238.862 28.4459 0.0701551 0.130223 238.65 28.42 0.072597
239.02 28.3695 0.0696559 0.0480827 238.65 28.42 0.072597
238.973 28.4947 0.0695132 0.128459 238.65 28.42 0.072597
238.973 28.4947 0.0695132 0.128459 238.65 28.42 0.072597
238.636 28.3496 0.0781104 0.00326453 238.65 28.42 0.072597
238.914 28.5442 0.0718216 0.183275 238.65 28.42 0.072597
238.885 28.6251 0.0710844 0.0568159 238.65 28.42 0.072597
238.943 28.5906 0.0650969 0.00430053 238.65 28.42 0.072597
238.673 28.3456 0.0717831 0.00507779 238.65 28.42 0.072597
239.02 28.3695 0.0696559 0.0480827 238.65 28.42 0.072597
238.914 28.5442 0.0718216 0.183275 238.65 28.42 0.072597
238.745 28.5821 0.0751945 0.0202819 238.65 28.42 0.072597
238.914 28.5442 0.0718216 0.183275 238.65 28.42 0.072597
238.973 28.4947 0.0695132 0.128459 238.65 28.42 0.072597
238.885 28.6251 0.0710844 0.0568159 238.65 28.42 0.072597
238.914 28.5442 0.0718216 0.183275 238.65 28.42 0.072597
238.973 28.4947 0.0695132 0.128459 238.65 28.42 0.072597
238.973 28.4947 0.0695132 0.128459 238.65 28.42 0.072597
238.881 28.371 0.0752343 0.159514 238.65 28.42 0.072597
238.881 28.371 0.0752343 0.159514 238.65 28.42 0.072597
238.862 28.4459 0.0701551 0.130223 238.65 28.42 0.072597
238.963 28.6063 0.0747308 0.0297869 238.65 28.42 0.072597
238.881 28.371 0.0752343 0.159514 238.65 28.42 0.072597
239.02 28.3695 0.0696559 0.0480827 238.65 28.42 0.072597
238.914 28.5442 0.0718216 0.183275 238.65 28.42 0.072597
239.02 28.3695 0.0696559 0.0480827 238.65 28.42 0.072597
239.017 28.4111 0.0762147 0.0376373 238.65 28.42 0.072597
238.914 28.5442 0.0718216 0.183275 238.65 28.42 0.072597
238.986 28.5245 0.0696353 0.115537 238.65 28.42 0.072597
238.858 28.3522 0.077574 0.054523 238.65 28.42 0.072597
238.881 28.371 0.0752343 0.159514 238.65 28.42 0.072597
238.973 28.4947 0.0695132 0.128459 238.65 28.42 0.072597
238.914 28.5442 0.0718216 0.183275 238.65 28.42 0.072597
238.862 28.4459 0.0701551 0.130223 238.65 28.42 0.072597
238.881 28.371 0.0752343 0.159514 238.65 28.42 0.072597
238.914 28.5442 0.0718216 0.183275 238.65 28.42 0.072597
238.862 28.4459 0.0701551 0.130223 238.65 28.42 0.072597
238.878 28.525 0.0653951 0.00446807 238.65 28.42 0.072597
238.842 28.34 0.0760739 0.0942519 238.65 28.42 0.072597
238.695 28.282 0.077195 0.00760372 238.65 28.42 0.072597
238.842 28.34 0.0760739 0.0942519 238.65 28.42 0.072597
238.763 28.6285 0.0774506 0.00291751 238.65 28.42 0.072597
239.02 28.4762 0.0738208 0.0995672 238.65 28.42 0.072597
238.914 28.5442 0.0718216 0.183275 238.65 28.42 0.072597
238.914 28.5442 0.0718216 0.183275 238.65 28.42 0.072597
238.885 28.6251 0.0710844 0.0568159 238.65 28.42 0.072597
238.862 28.4459 0.0701551 0.130223 238.65 28.42 0.072597
238.914 28.5442 0.0718216 0.183275 238.65 28.42 0.072597
238.986 28.5245 0.0696353 0.115537 238.65 28.42 0.072597
238.914 28.5442 0.0718216 0.183275 238.65 28.42 0.072597
238.858 28.3522 0.077574 0.054523 238.65 28.42 0.072597
238.862 28.4459 0.0701551 0.130223 238.65 28.42 0.072597
238.857 28.6758 0.0693714 0.0123339 238.65 28.42 0.072597
238.636 28.3496 0.0781104 0.00326453 238.65 28.42 0.072597
238.973 28.4947 0.0695132 0.128459 238.65 28.42 0.072597
238.885 28.6251 0.0710844 0.0568159 238.65 28.42 0.072597
238.973 28.4947 0.0695132 0.128459 238.65 28.42 0.072597
238.881 28.371 0.0752343 0.159514 238.65 28.42 0.072597
238.986 28.5245 0.0696353 0.115537 238.65 28.42 0.072597
238.862 28.4459 0.0701551 0.130223 238.65 28.42 0.072597
238.973 28.4947 0.0695132 0.128459 238.65 28.42 0.072597
238.814 28.6698 0.0737063 0.0112121 238.65 28.42 0.072597
238.986 28.5245 0.0696353 0.115537 238.65 28.42 0.072597
238.881 28.371 0.0752343 0.159514 238.65 28.42 0.072597
238.881 28.371 0.0752343 0.159514 238.65 28.42 0.072597
238.894 28.3189 0.0780971 0.027694 238.65 28.42 0.072597
238.881 28.371 0.0752343 0.159514 238.65 28.42 0.072597
238.842 28.34 0.0760739 0.0942519 238.65 28.42 0.072597
238.986 28.5245 0.0696353 0.115537 238.65 28.42 0.072597
238.881 28.371 0.0752343 0.159514 238.65 28.42 0.072597
238.986 28.5245 0.0696353 0.115537 238.65 28.42 0.072597
238.842 28.34 0.0760739 0.0942519 238.65 28.42 0.072597
