220.604 -12.529 2.94536 0.0195503 220.77 -12.69 2.9465
220.722 -12.3461 2.94847 0.00117658 220.77 -12.69 2.9465
220.606 -12.623 2.93965 0.0191736 220.77 -12.69 2.9465
220.7 -12.627 2.94075 0.018258 220.77 -12.69 2.9465
220.884 -12.5085 2.94376 0.0045815 220.77 -12.69 2.9465
220.832 -12.5469 2.94186 0.00666561 220.77 -12.69 2.9465
220.604 -12.529 2.94536 0.0195503 220.77 -12.69 2.9465
220.604 -12.529 2.94536 0.0195503 220.77 -12.69 2.9465
220.606 -12.623 2.93965 0.0191736 220.77 -12.69 2.9465
220.517 -12.4938 2.93934 0.0138354 220.77 -12.69 2.9465
220.676 -12.5386 2.94092 0.0248474 220.77 -12.69 2.9465
220.935 -12.647 2.94503 0.00204991 220.77 -12.69 2.9465
220.55 -12.7153 2.94252 0.0117888 220.77 -12.69 2.9465
220.676 -12.5386 2.94092 0.0248474 220.77 -12.69 2.9465
220.7 -12.627 2.94075 0.018258 220.77 -12.69 2.9465
220.676 -12.5386 2.94092 0.0248474 220.77 -12.69 2.9465
220.604 -12.529 2.94536 0.0195503 220.77 -12.69 2.9465
220.443 -12.5772 2.95026 2.7913e-05 220.77 -12.69 2.9465
220.545 -12.4231 2.94222 0.0121098 220.77 -12.69 2.9465
220.604 -12.529 2.94536 0.0195503 220.77 -12.69 2.9465
220.7 -12.627 2.94075 0.018258 220.77 -12.69 2.9465
220.7 -12.627 2.94075 0.018258 220.77 -12.69 2.9465
220.622 -12.7819 2.94674 0.0020807 220.77 -12.69 2.9465
220.55 -12.7153 2.94252 0.0117888 220.77 -12.69 2.9465
220.545 -12.4231 2.94222 0.0121098 220.77 -12.69 2.9465
220.604 -12.529 2.94536 0.0195503 220.77 -12.69 2.9465
220.545 -12.4231 2.94222 0.0121098 220.77 -12.69 2.9465
220.545 -12.4231 2.94222 0.0121098 220.77 -12.69 2.9465
220.7 -12.627 2.94075 0.018258 220.77 -12.69 2.9465
220.832 -12.5469 2.94186 0.00666561 220.77 -12.69 2.9465
220.55 -12.7153 2.94252 0.0117888 220.77 -12.69 2.9465
220.7 -12.627 2.94075 0.018258 220.77 -12.69 2.9465
220.606 -12.623 2.93965 0.0191736 220.77 -12.69 2.9465
220.606 -12.623 2.93965 0.0191736 220.77 -12.69 2.9465
220.533 -12.761 2.94551 0.00226155 220.77 -12.69 2.9465
220.676 -12.5386 2.94092 0.0248474 220.77 -12.69 2.9465
220.55 -12.7153 2.94252 0.0117888 220.77 -12.69 2.9465
220.676 -12.5386 2.94092 0.0248474 220.77 -12.69 2.9465
220.55 -12.7153 2.94252 0.0117888 220.77 -12.69 2.9465
220.496 -12.6 2.93831 0.0106357 220.77 -12.69 2.9465
220.496 -12.6 2.93831 0.0106357 220.77 -12.69 2.9465
220.796 -12.3642 2.93866 0.000377379 220.77 -12.69 2.9465
220.676 -12.5386 2.94092 0.0248474 220.77 -12.69 2.9465
220.606 -12.623 2.93965 0.0191736 220.77 -12.69 2.9465
220.545 -12.4231 2.94222 0.0121098 220.77 -12.69 2.9465
220.622 -12.7819 2.94674 0.0020807 220.77 -12.69 2.9465
220.693 -12.8253 2.94475 0.00234392 220.77 -12.69 2.9465
220.7 -12.627 2.94075 0.018258 220.77 -12.69 2.9465
220.545 -12.4231 2.94222 0.0121098 220.77 -12.69 2.9465
220.604 -12.529 2.94536 0.0195503 220.77 -12.69 2.9465
220.517 -12.4938 2.93934 0.0138354 220.77 -12.69 2.9465
220.676 -12.5386 2.94092 0.0248474 220.77 -12.69 2.9465
220.604 -12.529 2.94536 0.0195503 220.77 -12.69 2.9465
220.517 -12.4938 2.93934 0.0138354 220.77 -12.69 2.9465
220.496 -12.6 2.93831 0.0106357 220.77 -12.69 2.9465
220.55 -12.7153 2.94252 0.0117888 220.77 -12.69 2.9465
220.676 -12.5386 2.94092 0.0248474 220.77 -12.69 2.9465
220.676 -12.5386 2.94092 0.0248474 220.77 -12.69 2.9465
220.832 -12.5469 2.94186 0.00666561 220.77 -12.69 2.9465
220.676 -12.5386 2.94092 0.0248474 220.77 -12.69 2.9465
220.7 -12.627 2.94075 0.018258 220.77 -12.69 2.9465
220.606 -12.623 2.93965 0.0191736 220.77 -12.69 2.9465
220.669 -12.5369 2.93773 0.00528447 220.77 -12.69 2.9465
220.884 -12.5085 2.94376 0.0045815 220.77 -12.69 2.9465
220.832 -12.5469 2.94186 0.00666561 220.77 -12.69 2.9465
220.517 -12.4938 2.93934 0.0138354 220.77 -12.69 2.9465
220.496 -12.6 2.93831 0.0106357 220.77 -12.69 2.9465
220.669 -12.5369 2.93773 0.00528447 220.77 -12.69 2.9465
220.466 -12.6583 2.94267 0.00834068 220.77 -12.69 2.9465
220.517 -12.4938 2.93934 0.0138354 220.77 -12.69 2.9465
220.7 -12.627 2.94075 0.018258 220.77 -12.69 2.9465
220.832 -12.5469 2.94186 0.00666561 220.77 -12.69 2.9465
220.496 -12.6 2.93831 0.0106357 220.77 -12.69 2.9465
220.545 -12.4231 2.94222 0.0121098 220.77 -12.69 2.9465
220.496 -12.6 2.93831 0.0106357 220.77 -12.69 2.9465
220.496 -12.6 2.93831 0.0106357 220.77 -12.69 2.9465
220.604 -12.529 2.94536 0.0195503 220.77 -12.69 2.9465
220.461 -12.7976 2.94094 0.00170111 220.77 -12.69 2.9465
220.622 -12.7819 2.94674 0.0020807 220.77 -12.69 2.9465
220.651 -12.3888 2.94727 0.00339328 220.77 -12.69 2.9465
220.606 -12.623 2.93965 0.0191736 220.77 -12.69 2.9465
220.676 -12.5386 2.94092 0.0248474 220.77 -12.69 2.9465
220.533 -12.761 2.94551 0.00226155 220.77 -12.69 2.9465
220.466 -12.6583 2.94267 0.00834068 220.77 -12.69 2.9465
220.604 -12.529 2.94536 0.0195503 220.77 -12.69 2.9465
220.55 -12.7153 2.94252 0.0117888 220.77 -12.69 2.9465
220.496 -12.6 2.93831 0.0106357 220.77 -12.69 2.9465
220.935 -12.647 2.94503 0.00204991 220.77 -12.69 2.9465
220.545 -12.4231 2.94222 0.0121098 220.77 -12.69 2.9465
220.601 -12.3275 2.94206 0.00372871 220.77 -12.69 2.9465
220.545 -12.4231 2.94222 0.0121098 220.77 -12.69 2.9465
220.517 -12.4938 2.93934 0.0138354 220.77 -12.69 2.9465
220.604 -12.529 2.94536 0.0195503 220.77 -12.69 2.9465
220.461 -12.3164 2.94527 0.000327075 220.77 -12.69 2.9465
220.7 -12.627 2.94075 0.018258 220.77 -12.69 2.9465
220.55 -12.7153 2.94252 0.0117888 220.77 -12.69 2.9465
220.651 -12.3888 2.94727 0.00339328 220.77 -12.69 2.9465
220.604 -12.529 2.94536 0.0195503 220.77 -12.69 2.9465
220.676 -12.5386 2.94092 0.0248474 220.77 -12.69 2.9465
220.676 -12.5386 2.94092 0.0248474 220.77 -12.69 2.9465
220.884 -12.5085 2.94376 0.0045815 220.77 -12.69 2.9465
220.466 -12.6583 2.94267 0.00834068 220.77 -12.69 2.9465
220.545 -12.4231 2.94222 0.0121098 220.77 -12.69 2.9465
220.604 -12.529 2.94536 0.0195503 220.77 -12.69 2.9465
220.517 -12.4938 2.93934 0.0138354 220.77 -12.69 2.9465
220.606 -12.623 2.93965 0.0191736 220.77 -12.69 2.9465
220.669 -12.5369 2.93773 0.00528447 220.77 -12.69 2.9465
220.496 -12.6 2.93831 0.0106357 220.77 -12.69 2.9465
220.517 -12.4938 2.93934 0.0138354 220.77 -12.69 2.9465
220.606 -12.623 2.93965 0.0191736 220.77 -12.69 2.9465
220.496 -12.6 2.93831 0.0106357 220.77 -12.69 2.9465
220.545 -12.4231 2.94222 0.0121098 220.77 -12.69 2.9465
220.55 -12.7153 2.94252 0.0117888 220.77 -12.69 2.9465
220.517 -12.4938 2.93934 0.0138354 220.77 -12.69 2.9465
220.533 -12.761 2.94551 0.00226155 220.77 -12.69 2.9465
220.606 -12.623 2.93965 0.0191736 220.77 -12.69 2.9465
220.676 -12.5386 2.94092 0.0248474 220.77 -12.69 2.9465
220.651 -12.3888 2.94727 0.00339328 220.77 -12.69 2.9465
220.55 -12.7153 2.94252 0.0117888 220.77 -12.69 2.9465
220.545 -12.4231 2.94222 0.0121098 220.77 -12.69 2.9465
220.517 -12.4938 2.93934 0.0138354 220.77 -12.69 2.9465
220.604 -12.529 2.94536 0.0195503 220.77 -12.69 2.9465
220.832 -12.5469 2.94186 0.00666561 220.77 -12.69 2.9465
220.496 -12.6 2.93831 0.0106357 220.77 -12.69 2.9465
220.669 -12.5369 2.93773 0.00528447 220.77 -12.69 2.9465
220.66 -12.8421 2.93649 0.000126395 220.77 -12.69 2.9465
220.517 -12.4938 2.93934 0.0138354 220.77 -12.69 2.9465
220.606 -12.623 2.93965 0.0191736 220.77 -12.69 2.9465
220.601 -12.3275 2.94206 0.00372871 220.77 -12.69 2.9465
220.466 -12.6583 2.94267 0.00834068 220.77 -12.69 2.9465
220.55 -12.7153 2.94252 0.0117888 220.77 -12.69 2.9465
220.517 -12.4938 2.93934 0.0138354 220.77 -12.69 2.9465
220.7 -12.627 2.94075 0.018258 220.77 -12.69 2.9465
220.601 -12.3275 2.94206 0.00372871 220.77 -12.69 2.9465
220.884 -12.5085 2.94376 0.0045815 220.77 -12.69 2.9465
220.606 -12.623 2.93965 0.0191736 220.77 -12.69 2.9465
220.606 -12.623 2.93965 0.0191736 220.77 -12.69 2.9465
220.545 -12.4231 2.94222 0.0121098 220.77 -12.69 2.9465
220.651 -12.3888 2.94727 0.00339328 220.77 -12.69 2.9465
220.517 -12.4938 2.93934 0.0138354 220.77 -12.69 2.9465
220.517 -12.4938 2.93934 0.0138354 220.77 -12.69 2.9465
220.651 -12.3888 2.94727 0.00339328 220.77 -12.69 2.9465
220.7 -12.627 2.94075 0.018258 220.77 -12.69 2.9465
220.651 -12.3888 2.94727 0.00339328 220.77 -12.69 2.9465
220.676 -12.5386 2.94092 0.0248474 220.77 -12.69 2.9465
220.545 -12.4231 2.94222 0.0121098 220.77 -12.69 2.9465
220.545 -12.4231 2.94222 0.0121098 220.77 -12.69 2.9465
220.606 -12.623 2.93965 0.0191736 220.77 -12.69 2.9465
220.545 -12.4231 2.94222 0.0121098 220.77 -12.69 2.9465
220.832 -12.5469 2.94186 0.00666561 220.77 -12.69 2.9465
220.651 -12.3888 2.94727 0.00339328 220.77 -12.69 2.9465
220.676 -12.5386 2.94092 0.0248474 220.77 -12.69 2.9465
220.55 -12.7153 2.94252 0.0117888 220.77 -12.69 2.9465
220.461 -12.6724 2.94447 0.00368943 220.77 -12.69 2.9465
220.676 -12.5386 2.94092 0.0248474 220.77 -12.69 2.9465
220.606 -12.623 2.93965 0.0191736 220.77 -12.69 2.9465
220.604 -12.529 2.94536 0.0195503 220.77 -12.69 2.9465
220.604 -12.529 2.94536 0.0195503 220.77 -12.69 2.9465
220.7 -12.627 2.94075 0.018258 220.77 -12.69 2.9465
220.606 -12.623 2.93965 0.0191736 220.77 -12.69 2.9465
220.371 -12.4367 2.94322 0.000913467 220.77 -12.69 2.9465
220.606 -12.623 2.93965 0.0191736 220.77 -12.69 2.9465
220.466 -12.6583 2.94267 0.00834068 220.77 -12.69 2.9465
220.496 -12.6 2.93831 0.0106357 220.77 -12.69 2.9465
220.7 -12.627 2.94075 0.018258 220.77 -12.69 2.9465
220.622 -12.7819 2.94674 0.0020807 220.77 -12.69 2.9465
220.7 -12.627 2.94075 0.018258 220.77 -12.69 2.9465
220.651 -12.3888 2.94727 0.00339328 220.77 -12.69 2.9465
220.604 -12.529 2.94536 0.0195503 220.77 -12.69 2.9465
220.676 -12.5386 2.94092 0.0248474 220.77 -12.69 2.9465
220.604 -12.529 2.94536 0.0195503 220.77 -12.69 2.9465
220.545 -12.4231 2.94222 0.0121098 220.77 -12.69 2.9465
220.466 -12.6583 2.94267 0.00834068 220.77 -12.69 2.9465
220.676 -12.5386 2.94092 0.0248474 220.77 -12.69 2.9465
220.466 -12.6583 2.94267 0.00834068 220.77 -12.69 2.9465
220.676 -12.5386 2.94092 0.0248474 220.77 -12.69 2.9465
220.676 -12.5386 2.94092 0.0248474 220.77 -12.69 2.9465
220.55 -12.7153 2.94252 0.0117888 220.77 -12.69 2.9465
220.693 -12.8253 2.94475 0.00234392 220.77 -12.69 2.9465
220.466 -12.6583 2.94267 0.00834068 220.77 -12.69 2.9465
220.466 -12.6583 2.94267 0.00834068 220.77 -12.69 2.9465
220.7 -12.627 2.94075 0.018258 220.77 -12.69 2.9465
220.55 -12.7153 2.94252 0.0117888 220.77 -12.69 2.9465
220.533 -12.761 2.94551 0.00226155 220.77 -12.69 2.9465
220.676 -12.5386 2.94092 0.0248474 220.77 -12.69 2.9465
220.651 -12.3888 2.94727 0.00339328 220.77 -12.69 2.9465
220.676 -12.5386 2.94092 0.0248474 220.77 -12.69 2.9465
220.606 -12.623 2.93965 0.0191736 220.77 -12.69 2.9465
220.517 -12.4938 2.93934 0.0138354 220.77 -12.69 2.9465
220.533 -12.761 2.94551 0.00226155 220.77 -12.69 2.9465
220.606 -12.623 2.93965 0.0191736 220.77 -12.69 2.9465
220.867 -12.4151 2.93998 0.000493769 220.77 -12.69 2.9465
220.517 -12.4938 2.93934 0.0138354 220.77 -12.69 2.9465
220.884 -12.5085 2.94376 0.0045815 220.77 -12.69 2.9465
220.604 -12.529 2.94536 0.0195503 220.77 -12.69 2.9465
220.604 -12.529 2.94536 0.0195503 220.77 -12.69 2.9465
220.606 -12.623 2.93965 0.0191736 220.77 -12.69 2.9465
220.55 -12.7153 2.94252 0.0117888 220.77 -12.69 2.9465
220.7 -12.627 2.94075 0.018258 220.77 -12.69 2.9465
220.604 -12.529 2.94536 0.0195503 220.77 -12.69 2.9465
