-38.8008 -34.6009 1.32708 0.00441249 -38.546 -34.859 1.3347
-38.8515 -34.9286 1.34021 0.0116329 -38.546 -34.859 1.3347
-38.8042 -34.6957 1.33522 0.0205928 -38.546 -34.859 1.3347
-38.6976 -34.8151 1.3318 0.0182792 -38.546 -34.859 1.3347
-38.8164 -34.7778 1.32801 0.00518171 -38.546 -34.859 1.3347
-38.9506 -34.6445 1.3325 0.00489816 -38.546 -34.859 1.3347
-38.8042 -34.6957 1.33522 0.0205928 -38.546 -34.859 1.3347
-38.8042 -34.6957 1.33522 0.0205928 -38.546 -34.859 1.3347
-38.6947 -34.8895 1.33215 0.0115643 -38.546 -34.859 1.3347
-38.7055 -34.9957 1.33047 0.000908006 -38.546 -34.859 1.3347
-38.6556 -34.9984 1.33743 0.0112729 -38.546 -34.859 1.3347
-38.6137 -35.0882 1.34026 0.0031235 -38.546 -34.859 1.3347
-38.7719 -34.965 1.33899 0.0201701 -38.546 -34.859 1.3347
-38.8775 -34.7495 1.33386 0.0207123 -38.546 -34.859 1.3347
-38.8042 -34.6957 1.33522 0.0205928 -38.546 -34.859 1.3347
-38.9854 -34.7821 1.33602 0.00446335 -38.546 -34.859 1.3347
-38.6976 -34.8151 1.3318 0.0182792 -38.546 -34.859 1.3347
-38.8156 -34.8934 1.34171 0.00833316 -38.546 -34.859 1.3347
-38.8901 -34.918 1.33532 0.0133067 -38.546 -34.859 1.3347
-38.9506 -34.6445 1.3325 0.00489816 -38.546 -34.859 1.3347
-38.3793 -34.6231 1.33093 2.97877e-05 -38.546 -34.859 1.3347
-38.8164 -34.7778 1.32801 0.00518171 -38.546 -34.859 1.3347
-38.5634 -34.9569 1.33762 0.00620912 -38.546 -34.859 1.3347
-38.8008 -34.6009 1.32708 0.00441249 -38.546 -34.859 1.3347
-38.6137 -35.0882 1.34026 0.0031235 -38.546 -34.859 1.3347
-38.8191 -34.6339 1.32666 0.00396306 -38.546 -34.859 1.3347
-38.5225 -34.7181 1.334 0.00312129 -38.546 -34.859 1.3347
-38.9506 -34.6445 1.3325 0.00489816 -38.546 -34.859 1.3347
-38.8786 -34.5962 1.33384 0.00512852 -38.546 -34.859 1.3347
-38.8786 -34.5962 1.33384 0.00512852 -38.546 -34.859 1.3347
-38.6726 -35.0365 1.34311 0.00488658 -38.546 -34.859 1.3347
-38.7719 -34.965 1.33899 0.0201701 -38.546 -34.859 1.3347
-38.6976 -34.8151 1.3318 0.0182792 -38.546 -34.859 1.3347
-38.8515 -34.9286 1.34021 0.0116329 -38.546 -34.859 1.3347
-38.8042 -34.6957 1.33522 0.0205928 -38.546 -34.859 1.3347
-38.8901 -34.918 1.33532 0.0133067 -38.546 -34.859 1.3347
-38.8901 -34.918 1.33532 0.0133067 -38.546 -34.859 1.3347
-38.8622 -34.5612 1.3269 0.00267954 -38.546 -34.859 1.3347
-38.8901 -34.918 1.33532 0.0133067 -38.546 -34.859 1.3347
-38.8042 -34.6957 1.33522 0.0205928 -38.546 -34.859 1.3347
-38.7719 -34.965 1.33899 0.0201701 -38.546 -34.859 1.3347
-38.8515 -34.9286 1.34021 0.0116329 -38.546 -34.859 1.3347
-38.6874 -34.6815 1.33692 0.0106364 -38.546 -34.859 1.3347
-38.6874 -34.6815 1.33692 0.0106364 -38.546 -34.859 1.3347
-38.7719 -34.965 1.33899 0.0201701 -38.546 -34.859 1.3347
-38.8901 -34.918 1.33532 0.0133067 -38.546 -34.859 1.3347
-38.8901 -34.918 1.33532 0.0133067 -38.546 -34.859 1.3347
-38.9506 -34.6445 1.3325 0.00489816 -38.546 -34.859 1.3347
-38.8156 -34.8934 1.34171 0.00833316 -38.546 -34.859 1.3347
-38.8775 -34.7495 1.33386 0.0207123 -38.546 -34.859 1.3347
-38.8164 -34.7778 1.32801 0.00518171 -38.546 -34.859 1.3347
-38.7719 -34.965 1.33899 0.0201701 -38.546 -34.859 1.3347
-38.6874 -34.6815 1.33692 0.0106364 -38.546 -34.859 1.3347
-38.5225 -34.7181 1.334 0.00312129 -38.546 -34.859 1.3347
-38.8042 -34.6957 1.33522 0.0205928 -38.546 -34.859 1.3347
-38.6947 -34.8895 1.33215 0.0115643 -38.546 -34.859 1.3347
-38.8775 -34.7495 1.33386 0.0207123 -38.546 -34.859 1.3347
-38.9854 -34.7821 1.33602 0.00446335 -38.546 -34.859 1.3347
-38.8901 -34.918 1.33532 0.0133067 -38.546 -34.859 1.3347
-38.5634 -34.9569 1.33762 0.00620912 -38.546 -34.859 1.3347
-38.6486 -34.65 1.32745 0.0027604 -38.546 -34.859 1.3347
-38.6976 -34.8151 1.3318 0.0182792 -38.546 -34.859 1.3347
-38.6731 -34.7254 1.32471 0.000450173 -38.546 -34.859 1.3347
-38.6556 -34.9984 1.33743 0.0112729 -38.546 -34.859 1.3347
-38.7719 -34.965 1.33899 0.0201701 -38.546 -34.859 1.3347
-38.7719 -34.965 1.33899 0.0201701 -38.546 -34.859 1.3347
-38.8515 -34.9286 1.34021 0.0116329 -38.546 -34.859 1.3347
-38.7719 -34.965 1.33899 0.0201701 -38.546 -34.859 1.3347
-38.8515 -34.9286 1.34021 0.0116329 -38.546 -34.859 1.3347
-38.7719 -34.965 1.33899 0.0201701 -38.546 -34.859 1.3347
-38.5944 -34.623 1.33401 0.00398699 -38.546 -34.859 1.3347
-38.8901 -34.918 1.33532 0.0133067 -38.546 -34.859 1.3347
-38.8786 -34.5962 1.33384 0.00512852 -38.546 -34.859 1.3347
-39.0946 -34.8469 1.33417 0.000463263 -38.546 -34.859 1.3347
-38.8164 -34.7778 1.32801 0.00518171 -38.546 -34.859 1.3347
-38.7719 -34.965 1.33899 0.0201701 -38.546 -34.859 1.3347
-38.8008 -34.6009 1.32708 0.00441249 -38.546 -34.859 1.3347
-38.6947 -34.8895 1.33215 0.0115643 -38.546 -34.859 1.3347
-38.6947 -34.8895 1.33215 0.0115643 -38.546 -34.859 1.3347
-38.9999 -34.8561 1.33527 0.00376674 -38.546 -34.859 1.3347
-38.6556 -34.9984 1.33743 0.0112729 -38.546 -34.859 1.3347
-38.6976 -34.8151 1.3318 0.0182792 -38.546 -34.859 1.3347
-38.6525 -34.734 1.32448 0.000273767 -38.546 -34.859 1.3347
-38.6947 -34.8895 1.33215 0.0115643 -38.546 -34.859 1.3347
-38.8042 -34.6957 1.33522 0.0205928 -38.546 -34.859 1.3347
-38.5225 -34.7181 1.334 0.00312129 -38.546 -34.859 1.3347
-38.6976 -34.8151 1.3318 0.0182792 -38.546 -34.859 1.3347
-38.8042 -34.6957 1.33522 0.0205928 -38.546 -34.859 1.3347
-38.6486 -34.65 1.32745 0.0027604 -38.546 -34.859 1.3347
-38.6976 -34.8151 1.3318 0.0182792 -38.546 -34.859 1.3347
-38.8901 -34.918 1.33532 0.0133067 -38.546 -34.859 1.3347
-38.8775 -34.7495 1.33386 0.0207123 -38.546 -34.859 1.3347
-38.7719 -34.965 1.33899 0.0201701 -38.546 -34.859 1.3347
-38.9071 -34.4662 1.33245 0.000472941 -38.546 -34.859 1.3347
-38.693 -35.1693 1.3433 0.00121366 -38.546 -34.859 1.3347
-38.8042 -34.6957 1.33522 0.0205928 -38.546 -34.859 1.3347
-38.6137 -35.0882 1.34026 0.0031235 -38.546 -34.859 1.3347
-38.8775 -34.7495 1.33386 0.0207123 -38.546 -34.859 1.3347
-38.8042 -34.6957 1.33522 0.0205928 -38.546 -34.859 1.3347
-38.5634 -34.9569 1.33762 0.00620912 -38.546 -34.859 1.3347
-38.8042 -34.6957 1.33522 0.0205928 -38.546 -34.859 1.3347
-38.9999 -34.8561 1.33527 0.00376674 -38.546 -34.859 1.3347
-38.8775 -34.7495 1.33386 0.0207123 -38.546 -34.859 1.3347
-38.8042 -34.6957 1.33522 0.0205928 -38.546 -34.859 1.3347
-38.6874 -34.6815 1.33692 0.0106364 -38.546 -34.859 1.3347
-38.8775 -34.7495 1.33386 0.0207123 -38.546 -34.859 1.3347
-38.8042 -34.6957 1.33522 0.0205928 -38.546 -34.859 1.3347
-38.8164 -34.7778 1.32801 0.00518171 -38.546 -34.859 1.3347
-38.8008 -34.6009 1.32708 0.00441249 -38.546 -34.859 1.3347
-38.8901 -34.918 1.33532 0.0133067 -38.546 -34.859 1.3347
-38.6976 -34.8151 1.3318 0.0182792 -38.546 -34.859 1.3347
-38.7864 -34.5245 1.33394 0.00226597 -38.546 -34.859 1.3347
-38.6726 -35.0365 1.34311 0.00488658 -38.546 -34.859 1.3347
-38.7719 -34.965 1.33899 0.0201701 -38.546 -34.859 1.3347
-38.5416 -35.0461 1.34184 0.00183455 -38.546 -34.859 1.3347
-38.8164 -34.7778 1.32801 0.00518171 -38.546 -34.859 1.3347
-38.8164 -34.7778 1.32801 0.00518171 -38.546 -34.859 1.3347
-38.7719 -34.965 1.33899 0.0201701 -38.546 -34.859 1.3347
-38.9506 -34.6445 1.3325 0.00489816 -38.546 -34.859 1.3347
-38.8042 -34.6957 1.33522 0.0205928 -38.546 -34.859 1.3347
-38.8042 -34.6957 1.33522 0.0205928 -38.546 -34.859 1.3347
-38.6556 -34.9984 1.33743 0.0112729 -38.546 -34.859 1.3347
-38.8164 -34.7778 1.32801 0.00518171 -38.546 -34.859 1.3347
-38.8191 -34.6339 1.32666 0.00396306 -38.546 -34.859 1.3347
-38.6976 -34.8151 1.3318 0.0182792 -38.546 -34.859 1.3347
-38.8775 -34.7495 1.33386 0.0207123 -38.546 -34.859 1.3347
-38.6874 -34.6815 1.33692 0.0106364 -38.546 -34.859 1.3347
-38.8515 -34.9286 1.34021 0.0116329 -38.546 -34.859 1.3347
-38.6947 -34.8895 1.33215 0.0115643 -38.546 -34.859 1.3347
-38.7864 -34.5245 1.33394 0.00226597 -38.546 -34.859 1.3347
-38.7055 -34.9957 1.33047 0.000908006 -38.546 -34.859 1.3347
-38.6976 -34.8151 1.3318 0.0182792 -38.546 -34.859 1.3347
-38.6486 -34.65 1.32745 0.0027604 -38.546 -34.859 1.3347
-38.8701 -34.5294 1.32633 0.00161854 -38.546 -34.859 1.3347
-38.8042 -34.6957 1.33522 0.0205928 -38.546 -34.859 1.3347
-38.6874 -34.6815 1.33692 0.0106364 -38.546 -34.859 1.3347
-38.6947 -34.8895 1.33215 0.0115643 -38.546 -34.859 1.3347
-38.7719 -34.965 1.33899 0.0201701 -38.546 -34.859 1.3347
-38.8515 -34.9286 1.34021 0.0116329 -38.546 -34.859 1.3347
-38.8042 -34.6957 1.33522 0.0205928 -38.546 -34.859 1.3347
-38.8515 -34.9286 1.34021 0.0116329 -38.546 -34.859 1.3347
-38.6137 -35.0882 1.34026 0.0031235 -38.546 -34.859 1.3347
-38.6874 -34.6815 1.33692 0.0106364 -38.546 -34.859 1.3347
-38.8042 -34.6957 1.33522 0.0205928 -38.546 -34.859 1.3347
-38.6726 -35.0365 1.34311 0.00488658 -38.546 -34.859 1.3347
-38.8156 -34.8934 1.34171 0.00833316 -38.546 -34.859 1.3347
-38.8775 -34.7495 1.33386 0.0207123 -38.546 -34.859 1.3347
-38.8775 -34.7495 1.33386 0.0207123 -38.546 -34.859 1.3347
-38.7719 -34.965 1.33899 0.0201701 -38.546 -34.859 1.3347
-38.6556 -34.9984 1.33743 0.0112729 -38.546 -34.859 1.3347
-38.6137 -35.0882 1.34026 0.0031235 -38.546 -34.859 1.3347
-38.7864 -34.5245 1.33394 0.00226597 -38.546 -34.859 1.3347
-38.6874 -34.6815 1.33692 0.0106364 -38.546 -34.859 1.3347
-38.8901 -34.918 1.33532 0.0133067 -38.546 -34.859 1.3347
-38.6726 -35.0365 1.34311 0.00488658 -38.546 -34.859 1.3347
-38.7719 -34.965 1.33899 0.0201701 -38.546 -34.859 1.3347
-38.8775 -34.7495 1.33386 0.0207123 -38.546 -34.859 1.3347
-38.8164 -34.7778 1.32801 0.00518171 -38.546 -34.859 1.3347
-38.5634 -34.9569 1.33762 0.00620912 -38.546 -34.859 1.3347
-38.5634 -34.9569 1.33762 0.00620912 -38.546 -34.859 1.3347
-38.8042 -34.6957 1.33522 0.0205928 -38.546 -34.859 1.3347
-38.8775 -34.7495 1.33386 0.0207123 -38.546 -34.859 1.3347
-38.8775 -34.7495 1.33386 0.0207123 -38.546 -34.859 1.3347
-38.6684 -34.9932 1.33032 0.000661464 -38.546 -34.859 1.3347
-38.8622 -34.5612 1.3269 0.00267954 -38.546 -34.859 1.3347
-38.8156 -34.8934 1.34171 0.00833316 -38.546 -34.859 1.3347
-38.7055 -34.9957 1.33047 0.000908006 -38.546 -34.859 1.3347
-38.8775 -34.7495 1.33386 0.0207123 -38.546 -34.859 1.3347
-38.8775 -34.7495 1.33386 0.0207123 -38.546 -34.859 1.3347
-38.8515 -34.9286 1.34021 0.0116329 -38.546 -34.859 1.3347
-38.8515 -34.9286 1.34021 0.0116329 -38.546 -34.859 1.3347
-38.6874 -34.6815 1.33692 0.0106364 -38.546 -34.859 1.3347
-38.6947 -34.8895 1.33215 0.0115643 -38.546 -34.859 1.3347
-38.7719 -34.965 1.33899 0.0201701 -38.546 -34.859 1.3347
-38.8901 -34.918 1.33532 0.0133067 -38.546 -34.859 1.3347
-38.9999 -34.8561 1.33527 0.00376674 -38.546 -34.859 1.3347
-38.6976 -34.8151 1.3318 0.0182792 -38.546 -34.859 1.3347
-38.6137 -35.0882 1.34026 0.0031235 -38.546 -34.859 1.3347
-38.5634 -34.9569 1.33762 0.00620912 -38.546 -34.859 1.3347
-38.5225 -34.7181 1.334 0.00312129 -38.546 -34.859 1.3347
-38.6137 -35.0882 1.34026 0.0031235 -38.546 -34.859 1.3347
-38.8786 -34.5962 1.33384 0.00512852 -38.546 -34.859 1.3347
-38.6976 -34.8151 1.3318 0.0182792 -38.546 -34.859 1.3347
-38.8042 -34.6957 1.33522 0.0205928 -38.546 -34.859 1.3347
-38.6947 -34.8895 1.33215 0.0115643 -38.546 -34.859 1.3347
-38.6874 -34.6815 1.33692 0.0106364 -38.546 -34.859 1.3347
-38.5944 -34.623 1.33401 0.00398699 -38.546 -34.859 1.3347
-38.5023 -34.9689 1.33271 0.000415421 -38.546 -34.859 1.3347
-38.6645 -34.8621 1.32946 0.00315158 -38.546 -34.859 1.3347
-38.6556 -34.9984 1.33743 0.0112729 -38.546 -34.859 1.3347
-38.7719 -34.965 1.33899 0.0201701 -38.546 -34.859 1.3347
-38.6731 -34.7254 1.32471 0.000450173 -38.546 -34.859 1.3347
-38.6874 -34.6815 1.33692 0.0106364 -38.546 -34.859 1.3347
-38.9506 -34.6445 1.3325 0.00489816 -38.546 -34.859 1.3347
-38.6556 -34.9984 1.33743 0.0112729 -38.546 -34.859 1.3347
-38.6976 -34.8151 1.3318 0.0182792 -38.546 -34.859 1.3347
-38.8156 -34.8934 1.34171 0.00833316 -38.546 -34.859 1.3347
-38.8515 -34.9286 1.34021 0.0116329 -38.546 -34.859 1.3347
-38.7864 -34.5245 1.33394 0.00226597 -38.546 -34.859 1.3347
-38.6556 -34.9984 1.33743 0.0112729 -38.546 -34.859 1.3347
