220.376 26.4108 0.0676868 0.026746 220.3 26.481 0.072249
220.269 26.6141 0.0694685 0.0522864 220.3 26.481 0.072249
220.344 26.6981 0.0752265 0.0118736 220.3 26.481 0.072249
220.331 26.5456 0.0744029 0.0462786 220.3 26.481 0.072249
220.3 26.8139 0.070416 0.0023332 220.3 26.481 0.072249
220.354 26.3648 0.0685985 0.0218773 220.3 26.481 0.072249
220.331 26.5456 0.0744029 0.0462786 220.3 26.481 0.072249
220.44 26.4421 0.0690757 0.025685 220.3 26.481 0.072249
220.376 26.4108 0.0676868 0.026746 220.3 26.481 0.072249
220.166 26.4378 0.0690982 0.0235435 220.3 26.481 0.072249
220.44 26.4421 0.0690757 0.025685 220.3 26.481 0.072249
220.44 26.4421 0.0690757 0.025685 220.3 26.481 0.072249
220.162 26.6676 0.0701126 0.0157176 220.3 26.481 0.072249
220.402 26.4252 0.0715872 0.0315759 220.3 26.481 0.072249
220.376 26.4108 0.0676868 0.026746 220.3 26.481 0.072249
220.312 26.6205 0.0666202 0.0166744 220.3 26.481 0.072249
220.246 26.4409 0.0751835 0.0232762 220.3 26.481 0.072249
220.243 26.6181 0.0737582 0.0518484 220.3 26.481 0.072249
220.243 26.6181 0.0737582 0.0518484 220.3 26.481 0.072249
220.269 26.6141 0.0694685 0.0522864 220.3 26.481 0.072249
220.166 26.6859 0.0686861 0.00758368 220.3 26.481 0.072249
220.312 26.6205 0.0666202 0.0166744 220.3 26.481 0.072249
220.344 26.6981 0.0752265 0.0118736 220.3 26.481 0.072249
220.331 26.5456 0.0744029 0.0462786 220.3 26.481 0.072249
220.402 26.4252 0.0715872 0.0315759 220.3 26.481 0.072249
220.376 26.4108 0.0676868 0.026746 220.3 26.481 0.072249
220.376 26.4108 0.0676868 0.026746 220.3 26.481 0.072249
220.166 26.4378 0.0690982 0.0235435 220.3 26.481 0.072249
220.303 26.72 0.067615 0.00662948 220.3 26.481 0.072249
220.162 26.6676 0.0701126 0.0157176 220.3 26.481 0.072249
220.376 26.4108 0.0676868 0.026746 220.3 26.481 0.072249
220.344 26.6981 0.0752265 0.0118736 220.3 26.481 0.072249
220.269 26.6141 0.0694685 0.0522864 220.3 26.481 0.072249
220.331 26.5456 0.0744029 0.0462786 220.3 26.481 0.072249
220.402 26.4252 0.0715872 0.0315759 220.3 26.481 0.072249
220.269 26.6141 0.0694685 0.0522864 220.3 26.481 0.072249
220.007 26.5388 0.0761416 0.00171019 220.3 26.481 0.072249
220.243 26.6181 0.0737582 0.0518484 220.3 26.481 0.072249
220.44 26.4421 0.0690757 0.025685 220.3 26.481 0.072249
220.331 26.5456 0.0744029 0.0462786 220.3 26.481 0.072249
220.354 26.3648 0.0685985 0.0218773 220.3 26.481 0.072249
220.491 26.4599 0.0730853 0.00757095 220.3 26.481 0.072249
220.44 26.4421 0.0690757 0.025685 220.3 26.481 0.072249
220.354 26.3648 0.0685985 0.0218773 220.3 26.481 0.072249
220.184 26.5928 0.0679404 0.0189559 220.3 26.481 0.072249
220.185 26.7417 0.0686761 0.00356902 220.3 26.481 0.072249
220.331 26.5456 0.0744029 0.0462786 220.3 26.481 0.072249
220.375 26.5092 0.0803365 0.000315218 220.3 26.481 0.072249
220.331 26.5456 0.0744029 0.0462786 220.3 26.481 0.072249
220.289 26.7593 0.0786414 0.000952768 220.3 26.481 0.072249
220.332 26.4228 0.076774 0.00566159 220.3 26.481 0.072249
220.269 26.6141 0.0694685 0.0522864 220.3 26.481 0.072249
220.331 26.5456 0.0744029 0.0462786 220.3 26.481 0.072249
220.185 26.7417 0.0686761 0.00356902 220.3 26.481 0.072249
220.162 26.6676 0.0701126 0.0157176 220.3 26.481 0.072249
220.056 26.4457 0.0738269 0.00549797 220.3 26.481 0.072249
220.343 26.5422 0.0768463 0.0115989 220.3 26.481 0.072249
220.162 26.6676 0.0701126 0.0157176 220.3 26.481 0.072249
220.184 26.5928 0.0679404 0.0189559 220.3 26.481 0.072249
220.303 26.72 0.067615 0.00662948 220.3 26.481 0.072249
220.243 26.6181 0.0737582 0.0518484 220.3 26.481 0.072249
220.166 26.4378 0.0690982 0.0235435 220.3 26.481 0.072249
219.94 26.3256 0.0747082 4.9261e-05 220.3 26.481 0.072249
220.269 26.6141 0.0694685 0.0522864 220.3 26.481 0.072249
220.269 26.6141 0.0694685 0.0522864 220.3 26.481 0.072249
220.348 26.476 0.0766673 0.00920046 220.3 26.481 0.072249
220.44 26.4421 0.0690757 0.025685 220.3 26.481 0.072249
220.056 26.4457 0.0738269 0.00549797 220.3 26.481 0.072249
220.331 26.5456 0.0744029 0.0462786 220.3 26.481 0.072249
220.166 26.6859 0.0686861 0.00758368 220.3 26.481 0.072249
220.376 26.4108 0.0676868 0.026746 220.3 26.481 0.072249
220.344 26.6981 0.0752265 0.0118736 220.3 26.481 0.072249
220.243 26.6181 0.0737582 0.0518484 220.3 26.481 0.072249
220.331 26.5456 0.0744029 0.0462786 220.3 26.481 0.072249
220.376 26.4108 0.0676868 0.026746 220.3 26.481 0.072249
220.303 26.6948 0.0793009 0.00124548 220.3 26.481 0.072249
220.354 26.3648 0.0685985 0.0218773 220.3 26.481 0.072249
220.485 26.4297 0.0705137 0.0124464 220.3 26.481 0.072249
220.246 26.4409 0.0751835 0.0232762 220.3 26.481 0.072249
220.331 26.5456 0.0744029 0.0462786 220.3 26.481 0.072249
220.376 26.4108 0.0676868 0.026746 220.3 26.481 0.072249
220.332 26.4228 0.076774 0.00566159 220.3 26.481 0.072249
220.376 26.4108 0.0676868 0.026746 220.3 26.481 0.072249
220.344 26.6981 0.0752265 0.0118736 220.3 26.481 0.072249
220.376 26.4108 0.0676868 0.026746 220.3 26.481 0.072249
220.376 26.4108 0.0676868 0.026746 220.3 26.481 0.072249
220.331 26.5456 0.0744029 0.0462786 220.3 26.481 0.072249
220.218 26.6121 0.0638696 0.00131304 220.3 26.481 0.072249
220.376 26.4108 0.0676868 0.026746 220.3 26.481 0.072249
220.331 26.5456 0.0744029 0.0462786 220.3 26.481 0.072249
220.218 26.6121 0.0638696 0.00131304 220.3 26.481 0.072249
220.269 26.6141 0.0694685 0.0522864 220.3 26.481 0.072249
220.162 26.6676 0.0701126 0.0157176 220.3 26.481 0.072249
220.166 26.4378 0.0690982 0.0235435 220.3 26.481 0.072249
220.312 26.6205 0.0666202 0.0166744 220.3 26.481 0.072249
220.246 26.4409 0.0751835 0.0232762 220.3 26.481 0.072249
220.269 26.6141 0.0694685 0.0522864 220.3 26.481 0.072249
220.409 26.7673 0.0647028 0.000273458 220.3 26.481 0.072249
220.354 26.3648 0.0685985 0.0218773 220.3 26.481 0.072249
220.243 26.6181 0.0737582 0.0518484 220.3 26.481 0.072249
220.084 26.4421 0.0674567 0.00321821 220.3 26.481 0.072249
220.354 26.3648 0.0685985 0.0218773 220.3 26.481 0.072249
220.331 26.5456 0.0744029 0.0462786 220.3 26.481 0.072249
220.344 26.6981 0.0752265 0.0118736 220.3 26.481 0.072249
220.166 26.4378 0.0690982 0.0235435 220.3 26.481 0.072249
220.331 26.5456 0.0744029 0.0462786 220.3 26.481 0.072249
220.343 26.5422 0.0768463 0.0115989 220.3 26.481 0.072249
220.269 26.6141 0.0694685 0.0522864 220.3 26.481 0.072249
220.348 26.476 0.0766673 0.00920046 220.3 26.481 0.072249
220.269 26.6141 0.0694685 0.0522864 220.3 26.481 0.072249
220.097 26.6275 0.0769414 0.00505226 220.3 26.481 0.072249
220.056 26.4457 0.0738269 0.00549797 220.3 26.481 0.072249
220.44 26.4421 0.0690757 0.025685 220.3 26.481 0.072249
220.303 26.72 0.067615 0.00662948 220.3 26.481 0.072249
220.162 26.6676 0.0701126 0.0157176 220.3 26.481 0.072249
220.166 26.4378 0.0690982 0.0235435 220.3 26.481 0.072249
220.056 26.4457 0.0738269 0.00549797 220.3 26.481 0.072249
220.269 26.6141 0.0694685 0.0522864 220.3 26.481 0.072249
220.331 26.5456 0.0744029 0.0462786 220.3 26.481 0.072249
220.269 26.6141 0.0694685 0.0522864 220.3 26.481 0.072249
220.344 26.6981 0.0752265 0.0118736 220.3 26.481 0.072249
220.44 26.4421 0.0690757 0.025685 220.3 26.481 0.072249
220.243 26.6181 0.0737582 0.0518484 220.3 26.481 0.072249
220.312 26.6205 0.0666202 0.0166744 220.3 26.481 0.072249
220.376 26.4108 0.0676868 0.026746 220.3 26.481 0.072249
220.364 26.3791 0.0637319 0.00273726 220.3 26.481 0.072249
220.528 26.5361 0.0729286 0.00504422 220.3 26.481 0.072249
220.246 26.4409 0.0751835 0.0232762 220.3 26.481 0.072249
220.243 26.6181 0.0737582 0.0518484 220.3 26.481 0.072249
220.491 26.4599 0.0730853 0.00757095 220.3 26.481 0.072249
220.402 26.4252 0.0715872 0.0315759 220.3 26.481 0.072249
220.269 26.6141 0.0694685 0.0522864 220.3 26.481 0.072249
220.331 26.5456 0.0744029 0.0462786 220.3 26.481 0.072249
220.243 26.6181 0.0737582 0.0518484 220.3 26.481 0.072249
220.402 26.4252 0.0715872 0.0315759 220.3 26.481 0.072249
220.402 26.4252 0.0715872 0.0315759 220.3 26.481 0.072249
220.269 26.6141 0.0694685 0.0522864 220.3 26.481 0.072249
220.184 26.5928 0.0679404 0.0189559 220.3 26.481 0.072249
220.166 26.4378 0.0690982 0.0235435 220.3 26.481 0.072249
220.097 26.6275 0.0769414 0.00505226 220.3 26.481 0.072249
220.166 26.6859 0.0686861 0.00758368 220.3 26.481 0.072249
220.312 26.6205 0.0666202 0.0166744 220.3 26.481 0.072249
220.162 26.6676 0.0701126 0.0157176 220.3 26.481 0.072249
220.402 26.4252 0.0715872 0.0315759 220.3 26.481 0.072249
220.354 26.3648 0.0685985 0.0218773 220.3 26.481 0.072249
220.376 26.4108 0.0676868 0.026746 220.3 26.481 0.072249
220.312 26.6205 0.0666202 0.0166744 220.3 26.481 0.072249
220.246 26.4409 0.0751835 0.0232762 220.3 26.481 0.072249
220.184 26.5928 0.0679404 0.0189559 220.3 26.481 0.072249
220.246 26.4409 0.0751835 0.0232762 220.3 26.481 0.072249
220.312 26.6205 0.0666202 0.0166744 220.3 26.481 0.072249
220.343 26.5422 0.0768463 0.0115989 220.3 26.481 0.072249
220.269 26.6141 0.0694685 0.0522864 220.3 26.481 0.072249
220.269 26.6141 0.0694685 0.0522864 220.3 26.481 0.072249
220.162 26.6676 0.0701126 0.0157176 220.3 26.481 0.072249
220.376 26.4108 0.0676868 0.026746 220.3 26.481 0.072249
220.528 26.5361 0.0729286 0.00504422 220.3 26.481 0.072249
220.269 26.6141 0.0694685 0.0522864 220.3 26.481 0.072249
220.485 26.4297 0.0705137 0.0124464 220.3 26.481 0.072249
220.485 26.4297 0.0705137 0.0124464 220.3 26.481 0.072249
220.491 26.4599 0.0730853 0.00757095 220.3 26.481 0.072249
220.184 26.5928 0.0679404 0.0189559 220.3 26.481 0.072249
220.166 26.4378 0.0690982 0.0235435 220.3 26.481 0.072249
220.184 26.5928 0.0679404 0.0189559 220.3 26.481 0.072249
220.44 26.4421 0.0690757 0.025685 220.3 26.481 0.072249
220.166 26.4378 0.0690982 0.0235435 220.3 26.481 0.072249
220.243 26.6181 0.0737582 0.0518484 220.3 26.481 0.072249
220.243 26.6181 0.0737582 0.0518484 220.3 26.481 0.072249
220.331 26.5456 0.0744029 0.0462786 220.3 26.481 0.072249
220.184 26.5928 0.0679404 0.0189559 220.3 26.481 0.072249
220.331 26.5456 0.0744029 0.0462786 220.3 26.481 0.072249
220.166 26.4378 0.0690982 0.0235435 220.3 26.481 0.072249
220.312 26.6205 0.0666202 0.0166744 220.3 26.481 0.072249
220.269 26.6141 0.0694685 0.0522864 220.3 26.481 0.072249
220.312 26.6205 0.0666202 0.0166744 220.3 26.481 0.072249
220.528 26.5361 0.0729286 0.00504422 220.3 26.481 0.072249
220.269 26.6141 0.0694685 0.0522864 220.3 26.481 0.072249
220.084 26.4421 0.0674567 0.00321821 220.3 26.481 0.072249
220.354 26.3648 0.0685985 0.0218773 220.3 26.481 0.072249
220.243 26.6181 0.0737582 0.0518484 220.3 26.481 0.072249
220.331 26.5456 0.0744029 0.0462786 220.3 26.481 0.072249
220.269 26.6141 0.0694685 0.0522864 220.3 26.481 0.072249
220.093 26.4891 0.0726839 0.01635 220.3 26.481 0.072249
220.246 26.4409 0.0751835 0.0232762 220.3 26.481 0.072249
220.344 26.6981 0.0752265 0.0118736 220.3 26.481 0.072249
220.243 26.6181 0.0737582 0.0518484 220.3 26.481 0.072249
220.162 26.6676 0.0701126 0.0157176 220.3 26.481 0.072249
220.312 26.6205 0.0666202 0.0166744 220.3 26.481 0.072249
220.184 26.5928 0.0679404 0.0189559 220.3 26.481 0.072249
220.312 26.6205 0.0666202 0.0166744 220.3 26.481 0.072249
220.402 26.4252 0.0715872 0.0315759 220.3 26.481 0.072249
220.246 26.4409 0.0751835 0.0232762 220.3 26.481 0.072249
220.162 26.6676 0.0701126 0.0157176 220.3 26.481 0.072249
220.331 26.5456 0.0744029 0.0462786 220.3 26.481 0.072249
220.402 26.4252 0.0715872 0.0315759 220.3 26.481 0.072249
220.331 26.5456 0.0744029 0.0462786 220.3 26.481 0.072249
220.354 26.3648 0.0685985 0.0218773 220.3 26.481 0.072249
220.246 26.4409 0.0751835 0.0232762 220.3 26.481 0.072249
220.243 26.6181 0.0737582 0.0518484 220.3 26.481 0.072249
220.246 26.4409 0.0751835 0.0232762 220.3 26.481 0.072249
