46.3335 12.4841 0.143337 0.000177382 46.385 12.799 0.14354
46.2952 12.538 0.146676 0.000168653 46.385 12.799 0.14354
46.3315 12.6858 0.146224 0.00054056 46.385 12.799 0.14354
46.3315 12.6858 0.146224 0.00054056 46.385 12.799 0.14354
46.2371 12.7052 0.145164 0.00028903 46.385 12.799 0.14354
46.1196 12.6861 0.1496 3.41335e-05 46.385 12.799 0.14354
46.2678 12.7392 0.150627 7.02641e-05 46.385 12.799 0.14354
46.3315 12.6858 0.146224 0.00054056 46.385 12.799 0.14354
46.233 12.8534 0.141715 1.92829e-05 46.385 12.799 0.14354
46.3161 12.4207 0.145681 3.17655e-05 46.385 12.799 0.14354
46.2952 12.538 0.146676 0.000168653 46.385 12.799 0.14354
46.4631 12.6089 0.148842 4.87197e-05 46.385 12.799 0.14354
46.2952 12.538 0.146676 0.000168653 46.385 12.799 0.14354
46.6227 12.6024 0.141274 0.000191588 46.385 12.799 0.14354
46.3335 12.4841 0.143337 0.000177382 46.385 12.799 0.14354
46.6749 12.7511 0.137539 4.04358e-05 46.385 12.799 0.14354
46.3315 12.6858 0.146224 0.00054056 46.385 12.799 0.14354
46.2371 12.7052 0.145164 0.00028903 46.385 12.799 0.14354
46.4709 12.7982 0.13871 0.000113569 46.385 12.799 0.14354
46.3335 12.4841 0.143337 0.000177382 46.385 12.799 0.14354
46.2371 12.7052 0.145164 0.00028903 46.385 12.799 0.14354
46.3315 12.6858 0.146224 0.00054056 46.385 12.799 0.14354
46.3315 12.6858 0.146224 0.00054056 46.385 12.799 0.14354
46.3315 12.6858 0.146224 0.00054056 46.385 12.799 0.14354
46.3335 12.4841 0.143337 0.000177382 46.385 12.799 0.14354
46.3335 12.4841 0.143337 0.000177382 46.385 12.799 0.14354
46.3695 12.4681 0.141147 0.000155532 46.385 12.799 0.14354
46.233 12.8534 0.141715 1.92829e-05 46.385 12.799 0.14354
46.4709 12.7982 0.13871 0.000113569 46.385 12.799 0.14354
46.3373 12.5187 0.139713 0.000145183 46.385 12.799 0.14354
46.3491 12.6708 0.148944 0.000170452 46.385 12.799 0.14354
46.2371 12.7052 0.145164 0.00028903 46.385 12.799 0.14354
46.3315 12.6858 0.146224 0.00054056 46.385 12.799 0.14354
46.3373 12.5187 0.139713 0.000145183 46.385 12.799 0.14354
46.2678 12.7392 0.150627 7.02641e-05 46.385 12.799 0.14354
46.2678 12.7392 0.150627 7.02641e-05 46.385 12.799 0.14354
46.4804 12.4506 0.140957 0.000149837 46.385 12.799 0.14354
46.541 12.442 0.144641 2.75297e-05 46.385 12.799 0.14354
46.2371 12.7052 0.145164 0.00028903 46.385 12.799 0.14354
46.3315 12.6858 0.146224 0.00054056 46.385 12.799 0.14354
46.3491 12.6708 0.148944 0.000170452 46.385 12.799 0.14354
46.2371 12.7052 0.145164 0.00028903 46.385 12.799 0.14354
46.3335 12.4841 0.143337 0.000177382 46.385 12.799 0.14354
46.2039 12.7893 0.152701 1.28285e-05 46.385 12.799 0.14354
46.3161 12.4207 0.145681 3.17655e-05 46.385 12.799 0.14354
46.3491 12.6708 0.148944 0.000170452 46.385 12.799 0.14354
46.2371 12.7052 0.145164 0.00028903 46.385 12.799 0.14354
46.4709 12.7982 0.13871 0.000113569 46.385 12.799 0.14354
46.2371 12.7052 0.145164 0.00028903 46.385 12.799 0.14354
46.3315 12.6858 0.146224 0.00054056 46.385 12.799 0.14354
46.3335 12.4841 0.143337 0.000177382 46.385 12.799 0.14354
46.4709 12.7982 0.13871 0.000113569 46.385 12.799 0.14354
46.3335 12.4841 0.143337 0.000177382 46.385 12.799 0.14354
46.3315 12.6858 0.146224 0.00054056 46.385 12.799 0.14354
46.4631 12.6089 0.148842 4.87197e-05 46.385 12.799 0.14354
46.2952 12.538 0.146676 0.000168653 46.385 12.799 0.14354
46.2678 12.7392 0.150627 7.02641e-05 46.385 12.799 0.14354
46.3315 12.6858 0.146224 0.00054056 46.385 12.799 0.14354
46.3695 12.4681 0.141147 0.000155532 46.385 12.799 0.14354
46.2952 12.538 0.146676 0.000168653 46.385 12.799 0.14354
46.4804 12.4506 0.140957 0.000149837 46.385 12.799 0.14354
46.2952 12.538 0.146676 0.000168653 46.385 12.799 0.14354
46.6227 12.6024 0.141274 0.000191588 46.385 12.799 0.14354
46.3491 12.6708 0.148944 0.000170452 46.385 12.799 0.14354
46.6227 12.6024 0.141274 0.000191588 46.385 12.799 0.14354
46.2371 12.7052 0.145164 0.00028903 46.385 12.799 0.14354
46.4293 12.5418 0.149321 2.3793e-05 46.385 12.799 0.14354
46.3315 12.6858 0.146224 0.00054056 46.385 12.799 0.14354
46.3161 12.4207 0.145681 3.17655e-05 46.385 12.799 0.14354
46.2952 12.538 0.146676 0.000168653 46.385 12.799 0.14354
46.1147 12.8146 0.151975 8.45665e-06 46.385 12.799 0.14354
46.4123 12.8518 0.145202 0.00015943 46.385 12.799 0.14354
46.4123 12.8518 0.145202 0.00015943 46.385 12.799 0.14354
46.1477 12.6977 0.145127 6.80021e-05 46.385 12.799 0.14354
46.6227 12.6024 0.141274 0.000191588 46.385 12.799 0.14354
46.6749 12.7511 0.137539 4.04358e-05 46.385 12.799 0.14354
46.4123 12.8518 0.145202 0.00015943 46.385 12.799 0.14354
46.4821 12.742 0.15087 8.33981e-06 46.385 12.799 0.14354
46.644 12.7555 0.145016 2.34613e-05 46.385 12.799 0.14354
46.4709 12.7982 0.13871 0.000113569 46.385 12.799 0.14354
46.2952 12.538 0.146676 0.000168653 46.385 12.799 0.14354
46.5531 12.8618 0.138541 2.9059e-05 46.385 12.799 0.14354
46.4804 12.4506 0.140957 0.000149837 46.385 12.799 0.14354
46.4804 12.4506 0.140957 0.000149837 46.385 12.799 0.14354
46.2371 12.7052 0.145164 0.00028903 46.385 12.799 0.14354
46.4804 12.4506 0.140957 0.000149837 46.385 12.799 0.14354
46.1313 12.5837 0.147752 3.50911e-05 46.385 12.799 0.14354
46.6227 12.6024 0.141274 0.000191588 46.385 12.799 0.14354
46.3491 12.6708 0.148944 0.000170452 46.385 12.799 0.14354
46.2371 12.7052 0.145164 0.00028903 46.385 12.799 0.14354
46.3315 12.6858 0.146224 0.00054056 46.385 12.799 0.14354
46.3373 12.5187 0.139713 0.000145183 46.385 12.799 0.14354
46.2952 12.538 0.146676 0.000168653 46.385 12.799 0.14354
46.3669 12.3584 0.137224 4.74721e-06 46.385 12.799 0.14354
46.6749 12.7511 0.137539 4.04358e-05 46.385 12.799 0.14354
46.1477 12.6977 0.145127 6.80021e-05 46.385 12.799 0.14354
46.2371 12.7052 0.145164 0.00028903 46.385 12.799 0.14354
46.4123 12.8518 0.145202 0.00015943 46.385 12.799 0.14354
46.3491 12.6708 0.148944 0.000170452 46.385 12.799 0.14354
46.3562 12.8873 0.143124 7.31577e-05 46.385 12.799 0.14354
46.3335 12.4841 0.143337 0.000177382 46.385 12.799 0.14354
46.6227 12.6024 0.141274 0.000191588 46.385 12.799 0.14354
46.3315 12.6858 0.146224 0.00054056 46.385 12.799 0.14354
46.1477 12.6977 0.145127 6.80021e-05 46.385 12.799 0.14354
46.3315 12.6858 0.146224 0.00054056 46.385 12.799 0.14354
46.3373 12.5187 0.139713 0.000145183 46.385 12.799 0.14354
46.2371 12.7052 0.145164 0.00028903 46.385 12.799 0.14354
46.5373 12.9031 0.14171 2.98522e-05 46.385 12.799 0.14354
46.4804 12.4506 0.140957 0.000149837 46.385 12.799 0.14354
46.3315 12.6858 0.146224 0.00054056 46.385 12.799 0.14354
46.5373 12.9031 0.14171 2.98522e-05 46.385 12.799 0.14354
46.0621 12.7634 0.146607 9.45218e-06 46.385 12.799 0.14354
46.4123 12.8518 0.145202 0.00015943 46.385 12.799 0.14354
46.4804 12.4506 0.140957 0.000149837 46.385 12.799 0.14354
46.2952 12.538 0.146676 0.000168653 46.385 12.799 0.14354
46.1477 12.6977 0.145127 6.80021e-05 46.385 12.799 0.14354
46.3161 12.4207 0.145681 3.17655e-05 46.385 12.799 0.14354
46.0974 12.7772 0.1492 2.02292e-05 46.385 12.799 0.14354
46.3335 12.4841 0.143337 0.000177382 46.385 12.799 0.14354
46.3562 12.8873 0.143124 7.31577e-05 46.385 12.799 0.14354
46.1196 12.6861 0.1496 3.41335e-05 46.385 12.799 0.14354
46.6227 12.6024 0.141274 0.000191588 46.385 12.799 0.14354
46.3315 12.6858 0.146224 0.00054056 46.385 12.799 0.14354
46.3491 12.6708 0.148944 0.000170452 46.385 12.799 0.14354
46.3373 12.5187 0.139713 0.000145183 46.385 12.799 0.14354
46.3695 12.4681 0.141147 0.000155532 46.385 12.799 0.14354
46.3562 12.8873 0.143124 7.31577e-05 46.385 12.799 0.14354
46.3695 12.4681 0.141147 0.000155532 46.385 12.799 0.14354
46.3335 12.4841 0.143337 0.000177382 46.385 12.799 0.14354
46.3161 12.4207 0.145681 3.17655e-05 46.385 12.799 0.14354
46.3695 12.4681 0.141147 0.000155532 46.385 12.799 0.14354
46.3315 12.6858 0.146224 0.00054056 46.385 12.799 0.14354
46.6749 12.7511 0.137539 4.04358e-05 46.385 12.799 0.14354
46.2678 12.7392 0.150627 7.02641e-05 46.385 12.799 0.14354
46.3315 12.6858 0.146224 0.00054056 46.385 12.799 0.14354
46.3491 12.6708 0.148944 0.000170452 46.385 12.799 0.14354
46.2039 12.7893 0.152701 1.28285e-05 46.385 12.799 0.14354
46.4804 12.4506 0.140957 0.000149837 46.385 12.799 0.14354
46.3491 12.6708 0.148944 0.000170452 46.385 12.799 0.14354
46.1535 12.8171 0.151009 1.96468e-05 46.385 12.799 0.14354
46.3315 12.6858 0.146224 0.00054056 46.385 12.799 0.14354
46.2055 12.8757 0.141159 5.07609e-06 46.385 12.799 0.14354
46.3315 12.6858 0.146224 0.00054056 46.385 12.799 0.14354
46.3491 12.6708 0.148944 0.000170452 46.385 12.799 0.14354
46.3491 12.6708 0.148944 0.000170452 46.385 12.799 0.14354
46.6749 12.7511 0.137539 4.04358e-05 46.385 12.799 0.14354
46.3315 12.6858 0.146224 0.00054056 46.385 12.799 0.14354
46.5373 12.9031 0.14171 2.98522e-05 46.385 12.799 0.14354
46.541 12.442 0.144641 2.75297e-05 46.385 12.799 0.14354
46.2678 12.7392 0.150627 7.02641e-05 46.385 12.799 0.14354
46.3562 12.8873 0.143124 7.31577e-05 46.385 12.799 0.14354
46.3315 12.6858 0.146224 0.00054056 46.385 12.799 0.14354
46.3315 12.6858 0.146224 0.00054056 46.385 12.799 0.14354
46.6227 12.6024 0.141274 0.000191588 46.385 12.799 0.14354
46.3315 12.6858 0.146224 0.00054056 46.385 12.799 0.14354
46.3695 12.4681 0.141147 0.000155532 46.385 12.799 0.14354
46.3373 12.5187 0.139713 0.000145183 46.385 12.799 0.14354
46.6227 12.6024 0.141274 0.000191588 46.385 12.799 0.14354
46.4709 12.7982 0.13871 0.000113569 46.385 12.799 0.14354
46.2952 12.538 0.146676 0.000168653 46.385 12.799 0.14354
46.2952 12.538 0.146676 0.000168653 46.385 12.799 0.14354
46.3695 12.4681 0.141147 0.000155532 46.385 12.799 0.14354
46.3695 12.4681 0.141147 0.000155532 46.385 12.799 0.14354
46.2952 12.538 0.146676 0.000168653 46.385 12.799 0.14354
46.2371 12.7052 0.145164 0.00028903 46.385 12.799 0.14354
46.3335 12.4841 0.143337 0.000177382 46.385 12.799 0.14354
46.4123 12.8518 0.145202 0.00015943 46.385 12.799 0.14354
46.2521 12.4897 0.149802 1.41757e-05 46.385 12.799 0.14354
46.0422 12.9564 0.151317 4.06813e-07 46.385 12.799 0.14354
46.3562 12.8873 0.143124 7.31577e-05 46.385 12.799 0.14354
46.3562 12.8873 0.143124 7.31577e-05 46.385 12.799 0.14354
46.3587 12.5798 0.149633 5.51914e-05 46.385 12.799 0.14354
46.6227 12.6024 0.141274 0.000191588 46.385 12.799 0.14354
46.2952 12.538 0.146676 0.000168653 46.385 12.799 0.14354
46.3373 12.5187 0.139713 0.000145183 46.385 12.799 0.14354
46.3315 12.6858 0.146224 0.00054056 46.385 12.799 0.14354
46.3315 12.6858 0.146224 0.00054056 46.385 12.799 0.14354
46.3315 12.6858 0.146224 0.00054056 46.385 12.799 0.14354
46.233 12.8534 0.141715 1.92829e-05 46.385 12.799 0.14354
46.6227 12.6024 0.141274 0.000191588 46.385 12.799 0.14354
46.4709 12.7982 0.13871 0.000113569 46.385 12.799 0.14354
46.5373 12.9031 0.14171 2.98522e-05 46.385 12.799 0.14354
46.3562 12.8873 0.143124 7.31577e-05 46.385 12.799 0.14354
46.6227 12.6024 0.141274 0.000191588 46.385 12.799 0.14354
46.2678 12.7392 0.150627 7.02641e-05 46.385 12.799 0.14354
46.6227 12.6024 0.141274 0.000191588 46.385 12.799 0.14354
46.2371 12.7052 0.145164 0.00028903 46.385 12.799 0.14354
46.2371 12.7052 0.145164 0.00028903 46.385 12.799 0.14354
46.4123 12.8518 0.145202 0.00015943 46.385 12.799 0.14354
46.2371 12.7052 0.145164 0.00028903 46.385 12.799 0.14354
46.1477 12.6977 0.145127 6.80021e-05 46.385 12.799 0.14354
46.3335 12.4841 0.143337 0.000177382 46.385 12.799 0.14354
46.3315 12.6858 0.146224 0.00054056 46.385 12.799 0.14354
46.4804 12.4506 0.140957 0.000149837 46.385 12.799 0.14354
46.541 12.442 0.144641 2.75297e-05 46.385 12.799 0.14354
46.5612 12.5347 0.146408 2.97758e-05 46.385 12.799 0.14354
46.3491 12.6708 0.148944 0.000170452 46.385 12.799 0.14354
46.6227 12.6024 0.141274 0.000191588 46.385 12.799 0.14354
46.1477 12.6977 0.145127 6.80021e-05 46.385 12.799 0.14354
46.2039 12.7893 0.152701 1.28285e-05 46.385 12.799 0.14354
