9.11243 2.95595 0.306534 0.00221777 9.1536 2.8763 0.30781
9.06853 2.78541 0.317214 0.00232007 9.1536 2.8763 0.30781
9.10853 2.97157 0.316376 0.0153561 9.1536 2.8763 0.30781
9.07401 2.97995 0.311748 0.0210229 9.1536 2.8763 0.30781
9.02455 2.9155 0.316592 0.0140898 9.1536 2.8763 0.30781
9.07401 2.97995 0.311748 0.0210229 9.1536 2.8763 0.30781
9.06853 2.78541 0.317214 0.00232007 9.1536 2.8763 0.30781
9.07401 2.97995 0.311748 0.0210229 9.1536 2.8763 0.30781
9.11243 2.95595 0.306534 0.00221777 9.1536 2.8763 0.30781
9.10853 2.97157 0.316376 0.0153561 9.1536 2.8763 0.30781
9.07401 2.97995 0.311748 0.0210229 9.1536 2.8763 0.30781
9.02455 2.9155 0.316592 0.0140898 9.1536 2.8763 0.30781
9.07401 2.97995 0.311748 0.0210229 9.1536 2.8763 0.30781
9.20204 2.99985 0.307544 0.00814854 9.1536 2.8763 0.30781
9.11243 2.95595 0.306534 0.00221777 9.1536 2.8763 0.30781
9.11243 2.95595 0.306534 0.00221777 9.1536 2.8763 0.30781
9.10853 2.97157 0.316376 0.0153561 9.1536 2.8763 0.30781
9.10853 2.97157 0.316376 0.0153561 9.1536 2.8763 0.30781
9.06262 2.89592 0.318041 0.00735432 9.1536 2.8763 0.30781
9.10853 2.97157 0.316376 0.0153561 9.1536 2.8763 0.30781
9.10853 2.97157 0.316376 0.0153561 9.1536 2.8763 0.30781
9.10853 2.97157 0.316376 0.0153561 9.1536 2.8763 0.30781
9.20204 2.99985 0.307544 0.00814854 9.1536 2.8763 0.30781
9.02455 2.9155 0.316592 0.0140898 9.1536 2.8763 0.30781
9.07401 2.97995 0.311748 0.0210229 9.1536 2.8763 0.30781
9.07401 2.97995 0.311748 0.0210229 9.1536 2.8763 0.30781
9.06262 2.89592 0.318041 0.00735432 9.1536 2.8763 0.30781
9.10853 2.97157 0.316376 0.0153561 9.1536 2.8763 0.30781
9.16178 2.8319 0.313659 0.00854438 9.1536 2.8763 0.30781
9.08746 2.97503 0.318677 0.00558552 9.1536 2.8763 0.30781
9.06262 2.89592 0.318041 0.00735432 9.1536 2.8763 0.30781
9.08746 2.97503 0.318677 0.00558552 9.1536 2.8763 0.30781
9.02455 2.9155 0.316592 0.0140898 9.1536 2.8763 0.30781
9.08746 2.97503 0.318677 0.00558552 9.1536 2.8763 0.30781
9.11243 2.95595 0.306534 0.00221777 9.1536 2.8763 0.30781
9.07401 2.97995 0.311748 0.0210229 9.1536 2.8763 0.30781
9.06262 2.89592 0.318041 0.00735432 9.1536 2.8763 0.30781
9.07401 2.97995 0.311748 0.0210229 9.1536 2.8763 0.30781
8.9842 2.85774 0.316893 0.00659217 9.1536 2.8763 0.30781
9.28218 2.8943 0.313588 0.00384613 9.1536 2.8763 0.30781
9.11243 2.95595 0.306534 0.00221777 9.1536 2.8763 0.30781
9.07401 2.97995 0.311748 0.0210229 9.1536 2.8763 0.30781
9.02455 2.9155 0.316592 0.0140898 9.1536 2.8763 0.30781
9.20204 2.99985 0.307544 0.00814854 9.1536 2.8763 0.30781
9.08746 2.97503 0.318677 0.00558552 9.1536 2.8763 0.30781
9.06262 2.89592 0.318041 0.00735432 9.1536 2.8763 0.30781
9.10853 2.97157 0.316376 0.0153561 9.1536 2.8763 0.30781
9.08746 2.97503 0.318677 0.00558552 9.1536 2.8763 0.30781
8.9842 2.85774 0.316893 0.00659217 9.1536 2.8763 0.30781
9.20204 2.99985 0.307544 0.00814854 9.1536 2.8763 0.30781
9.02455 2.9155 0.316592 0.0140898 9.1536 2.8763 0.30781
9.16178 2.8319 0.313659 0.00854438 9.1536 2.8763 0.30781
9.06853 2.78541 0.317214 0.00232007 9.1536 2.8763 0.30781
9.07401 2.97995 0.311748 0.0210229 9.1536 2.8763 0.30781
9.08746 2.97503 0.318677 0.00558552 9.1536 2.8763 0.30781
9.06262 2.89592 0.318041 0.00735432 9.1536 2.8763 0.30781
9.02455 2.9155 0.316592 0.0140898 9.1536 2.8763 0.30781
9.28218 2.8943 0.313588 0.00384613 9.1536 2.8763 0.30781
9.08746 2.97503 0.318677 0.00558552 9.1536 2.8763 0.30781
8.9842 2.85774 0.316893 0.00659217 9.1536 2.8763 0.30781
9.20204 2.99985 0.307544 0.00814854 9.1536 2.8763 0.30781
9.07401 2.97995 0.311748 0.0210229 9.1536 2.8763 0.30781
9.07401 2.97995 0.311748 0.0210229 9.1536 2.8763 0.30781
9.06262 2.89592 0.318041 0.00735432 9.1536 2.8763 0.30781
9.06262 2.89592 0.318041 0.00735432 9.1536 2.8763 0.30781
9.20204 2.99985 0.307544 0.00814854 9.1536 2.8763 0.30781
9.10853 2.97157 0.316376 0.0153561 9.1536 2.8763 0.30781
9.07401 2.97995 0.311748 0.0210229 9.1536 2.8763 0.30781
9.02455 2.9155 0.316592 0.0140898 9.1536 2.8763 0.30781
9.06853 2.78541 0.317214 0.00232007 9.1536 2.8763 0.30781
9.02455 2.9155 0.316592 0.0140898 9.1536 2.8763 0.30781
9.07401 2.97995 0.311748 0.0210229 9.1536 2.8763 0.30781
9.08746 2.97503 0.318677 0.00558552 9.1536 2.8763 0.30781
9.11243 2.95595 0.306534 0.00221777 9.1536 2.8763 0.30781
9.20204 2.99985 0.307544 0.00814854 9.1536 2.8763 0.30781
9.10853 2.97157 0.316376 0.0153561 9.1536 2.8763 0.30781
9.10853 2.97157 0.316376 0.0153561 9.1536 2.8763 0.30781
9.02455 2.9155 0.316592 0.0140898 9.1536 2.8763 0.30781
9.20204 2.99985 0.307544 0.00814854 9.1536 2.8763 0.30781
9.20204 2.99985 0.307544 0.00814854 9.1536 2.8763 0.30781
9.07401 2.97995 0.311748 0.0210229 9.1536 2.8763 0.30781
9.20204 2.99985 0.307544 0.00814854 9.1536 2.8763 0.30781
9.16178 2.8319 0.313659 0.00854438 9.1536 2.8763 0.30781
9.02455 2.9155 0.316592 0.0140898 9.1536 2.8763 0.30781
9.10853 2.97157 0.316376 0.0153561 9.1536 2.8763 0.30781
9.06262 2.89592 0.318041 0.00735432 9.1536 2.8763 0.30781
9.06262 2.89592 0.318041 0.00735432 9.1536 2.8763 0.30781
9.07401 2.97995 0.311748 0.0210229 9.1536 2.8763 0.30781
9.28218 2.8943 0.313588 0.00384613 9.1536 2.8763 0.30781
9.11243 2.95595 0.306534 0.00221777 9.1536 2.8763 0.30781
9.10853 2.97157 0.316376 0.0153561 9.1536 2.8763 0.30781
9.11241 3.04913 0.305997 0.0011151 9.1536 2.8763 0.30781
9.07401 2.97995 0.311748 0.0210229 9.1536 2.8763 0.30781
9.02455 2.9155 0.316592 0.0140898 9.1536 2.8763 0.30781
9.20204 2.99985 0.307544 0.00814854 9.1536 2.8763 0.30781
9.06853 2.78541 0.317214 0.00232007 9.1536 2.8763 0.30781
9.08746 2.97503 0.318677 0.00558552 9.1536 2.8763 0.30781
9.07401 2.97995 0.311748 0.0210229 9.1536 2.8763 0.30781
9.07401 2.97995 0.311748 0.0210229 9.1536 2.8763 0.30781
9.16178 2.8319 0.313659 0.00854438 9.1536 2.8763 0.30781
9.02455 2.9155 0.316592 0.0140898 9.1536 2.8763 0.30781
9.02455 2.9155 0.316592 0.0140898 9.1536 2.8763 0.30781
9.07401 2.97995 0.311748 0.0210229 9.1536 2.8763 0.30781
9.28218 2.8943 0.313588 0.00384613 9.1536 2.8763 0.30781
8.9842 2.85774 0.316893 0.00659217 9.1536 2.8763 0.30781
9.02455 2.9155 0.316592 0.0140898 9.1536 2.8763 0.30781
9.16178 2.8319 0.313659 0.00854438 9.1536 2.8763 0.30781
8.9842 2.85774 0.316893 0.00659217 9.1536 2.8763 0.30781
9.16178 2.8319 0.313659 0.00854438 9.1536 2.8763 0.30781
9.07401 2.97995 0.311748 0.0210229 9.1536 2.8763 0.30781
9.16178 2.8319 0.313659 0.00854438 9.1536 2.8763 0.30781
9.07401 2.97995 0.311748 0.0210229 9.1536 2.8763 0.30781
9.02455 2.9155 0.316592 0.0140898 9.1536 2.8763 0.30781
9.11243 2.95595 0.306534 0.00221777 9.1536 2.8763 0.30781
9.20204 2.99985 0.307544 0.00814854 9.1536 2.8763 0.30781
9.16178 2.8319 0.313659 0.00854438 9.1536 2.8763 0.30781
9.11243 2.95595 0.306534 0.00221777 9.1536 2.8763 0.30781
9.02455 2.9155 0.316592 0.0140898 9.1536 2.8763 0.30781
9.10853 2.97157 0.316376 0.0153561 9.1536 2.8763 0.30781
9.02455 2.9155 0.316592 0.0140898 9.1536 2.8763 0.30781
9.16178 2.8319 0.313659 0.00854438 9.1536 2.8763 0.30781
9.02455 2.9155 0.316592 0.0140898 9.1536 2.8763 0.30781
9.07401 2.97995 0.311748 0.0210229 9.1536 2.8763 0.30781
9.07401 2.97995 0.311748 0.0210229 9.1536 2.8763 0.30781
9.06853 2.78541 0.317214 0.00232007 9.1536 2.8763 0.30781
8.89949 2.86056 0.314085 0.00161538 9.1536 2.8763 0.30781
9.07401 2.97995 0.311748 0.0210229 9.1536 2.8763 0.30781
9.02455 2.9155 0.316592 0.0140898 9.1536 2.8763 0.30781
9.10853 2.97157 0.316376 0.0153561 9.1536 2.8763 0.30781
9.07401 2.97995 0.311748 0.0210229 9.1536 2.8763 0.30781
9.16178 2.8319 0.313659 0.00854438 9.1536 2.8763 0.30781
9.20204 2.99985 0.307544 0.00814854 9.1536 2.8763 0.30781
9.16178 2.8319 0.313659 0.00854438 9.1536 2.8763 0.30781
9.20204 2.99985 0.307544 0.00814854 9.1536 2.8763 0.30781
9.10853 2.97157 0.316376 0.0153561 9.1536 2.8763 0.30781
9.10853 2.97157 0.316376 0.0153561 9.1536 2.8763 0.30781
9.07401 2.97995 0.311748 0.0210229 9.1536 2.8763 0.30781
9.02455 2.9155 0.316592 0.0140898 9.1536 2.8763 0.30781
8.9842 2.85774 0.316893 0.00659217 9.1536 2.8763 0.30781
9.10853 2.97157 0.316376 0.0153561 9.1536 2.8763 0.30781
9.07401 2.97995 0.311748 0.0210229 9.1536 2.8763 0.30781
9.20204 2.99985 0.307544 0.00814854 9.1536 2.8763 0.30781
9.02455 2.9155 0.316592 0.0140898 9.1536 2.8763 0.30781
9.06262 2.89592 0.318041 0.00735432 9.1536 2.8763 0.30781
9.06262 2.89592 0.318041 0.00735432 9.1536 2.8763 0.30781
9.02455 2.9155 0.316592 0.0140898 9.1536 2.8763 0.30781
9.02455 2.9155 0.316592 0.0140898 9.1536 2.8763 0.30781
9.07401 2.97995 0.311748 0.0210229 9.1536 2.8763 0.30781
9.16178 2.8319 0.313659 0.00854438 9.1536 2.8763 0.30781
9.07401 2.97995 0.311748 0.0210229 9.1536 2.8763 0.30781
9.10853 2.97157 0.316376 0.0153561 9.1536 2.8763 0.30781
9.06853 2.78541 0.317214 0.00232007 9.1536 2.8763 0.30781
9.02455 2.9155 0.316592 0.0140898 9.1536 2.8763 0.30781
9.10853 2.97157 0.316376 0.0153561 9.1536 2.8763 0.30781
9.02455 2.9155 0.316592 0.0140898 9.1536 2.8763 0.30781
9.07401 2.97995 0.311748 0.0210229 9.1536 2.8763 0.30781
9.07401 2.97995 0.311748 0.0210229 9.1536 2.8763 0.30781
9.10853 2.97157 0.316376 0.0153561 9.1536 2.8763 0.30781
9.11241 3.04913 0.305997 0.0011151 9.1536 2.8763 0.30781
9.02455 2.9155 0.316592 0.0140898 9.1536 2.8763 0.30781
9.06262 2.89592 0.318041 0.00735432 9.1536 2.8763 0.30781
9.08746 2.97503 0.318677 0.00558552 9.1536 2.8763 0.30781
9.06262 2.89592 0.318041 0.00735432 9.1536 2.8763 0.30781
9.02455 2.9155 0.316592 0.0140898 9.1536 2.8763 0.30781
9.06262 2.89592 0.318041 0.00735432 9.1536 2.8763 0.30781
9.06262 2.89592 0.318041 0.00735432 9.1536 2.8763 0.30781
9.10853 2.97157 0.316376 0.0153561 9.1536 2.8763 0.30781
9.07401 2.97995 0.311748 0.0210229 9.1536 2.8763 0.30781
9.02455 2.9155 0.316592 0.0140898 9.1536 2.8763 0.30781
9.02455 2.9155 0.316592 0.0140898 9.1536 2.8763 0.30781
9.16178 2.8319 0.313659 0.00854438 9.1536 2.8763 0.30781
9.07401 2.97995 0.311748 0.0210229 9.1536 2.8763 0.30781
9.07401 2.97995 0.311748 0.0210229 9.1536 2.8763 0.30781
9.06262 2.89592 0.318041 0.00735432 9.1536 2.8763 0.30781
9.08746 2.97503 0.318677 0.00558552 9.1536 2.8763 0.30781
9.07401 2.97995 0.311748 0.0210229 9.1536 2.8763 0.30781
9.06262 2.89592 0.318041 0.00735432 9.1536 2.8763 0.30781
9.12077 3.08172 0.305103 0.000424117 9.1536 2.8763 0.30781
9.20204 2.99985 0.307544 0.00814854 9.1536 2.8763 0.30781
9.07401 2.97995 0.311748 0.0210229 9.1536 2.8763 0.30781
9.28218 2.8943 0.313588 0.00384613 9.1536 2.8763 0.30781
9.28218 2.8943 0.313588 0.00384613 9.1536 2.8763 0.30781
9.02455 2.9155 0.316592 0.0140898 9.1536 2.8763 0.30781
9.10853 2.97157 0.316376 0.0153561 9.1536 2.8763 0.30781
9.10853 2.97157 0.316376 0.0153561 9.1536 2.8763 0.30781
9.07401 2.97995 0.311748 0.0210229 9.1536 2.8763 0.30781
9.16178 2.8319 0.313659 0.00854438 9.1536 2.8763 0.30781
9.06262 2.89592 0.318041 0.00735432 9.1536 2.8763 0.30781
9.06262 2.89592 0.318041 0.00735432 9.1536 2.8763 0.30781
9.20204 2.99985 0.307544 0.00814854 9.1536 2.8763 0.30781
9.10853 2.97157 0.316376 0.0153561 9.1536 2.8763 0.30781
9.10853 2.97157 0.316376 0.0153561 9.1536 2.8763 0.30781
9.10853 2.97157 0.316376 0.0153561 9.1536 2.8763 0.30781
9.16178 2.8319 0.313659 0.00854438 9.1536 2.8763 0.30781
9.02455 2.9155 0.316592 0.0140898 9.1536 2.8763 0.30781
9.16178 2.8319 0.313659 0.00854438 9.1536 2.8763 0.30781
9.02455 2.9155 0.316592 0.0140898 9.1536 2.8763 0.30781
9.02455 2.9155 0.316592 0.0140898 9.1536 2.8763 0.30781
9.07401 2.97995 0.311748 0.0210229 9.1536 2.8763 0.30781
9.07401 2.97995 0.311748 0.0210229 9.1536 2.8763 0.30781
