37.8448 -75.9666 3.92281 2.9142 37.755 -75.689 3.9221
38.1363 -75.8713 3.93064 0.381727 37.755 -75.689 3.9221
37.8387 -75.8283 3.92033 2.02212 37.755 -75.689 3.9221
37.5604 -75.8082 3.91779 0.097822 37.755 -75.689 3.9221
37.6757 -75.8389 3.91898 0.78489 37.755 -75.689 3.9221
37.9043 -75.9416 3.91989 1.03488 37.755 -75.689 3.9221
37.8387 -75.8283 3.92033 2.02212 37.755 -75.689 3.9221
37.7908 -75.7954 3.92768 0.377606 37.755 -75.689 3.9221
37.9043 -75.9416 3.91989 1.03488 37.755 -75.689 3.9221
37.8387 -75.8283 3.92033 2.02212 37.755 -75.689 3.9221
37.6757 -75.8389 3.91898 0.78489 37.755 -75.689 3.9221
37.6437 -75.6519 3.9254 0.00571881 37.755 -75.689 3.9221
37.7819 -75.792 3.91548 0.136391 37.755 -75.689 3.9221
37.7908 -75.7954 3.92768 0.377606 37.755 -75.689 3.9221
38.0605 -75.8831 3.92829 1.43098 37.755 -75.689 3.9221
38.1027 -76.0316 3.9262 0.320595 37.755 -75.689 3.9221
37.8448 -75.9666 3.92281 2.9142 37.755 -75.689 3.9221
37.6757 -75.8389 3.91898 0.78489 37.755 -75.689 3.9221
37.8279 -75.8863 3.91683 0.362616 37.755 -75.689 3.9221
37.9043 -75.9416 3.91989 1.03488 37.755 -75.689 3.9221
37.8448 -75.9666 3.92281 2.9142 37.755 -75.689 3.9221
38.0285 -76.0638 3.93131 0.182658 37.755 -75.689 3.9221
37.6482 -75.8352 3.9237 0.261666 37.755 -75.689 3.9221
37.9043 -75.9416 3.91989 1.03488 37.755 -75.689 3.9221
37.6437 -75.6519 3.9254 0.00571881 37.755 -75.689 3.9221
37.8387 -75.8283 3.92033 2.02212 37.755 -75.689 3.9221
37.8387 -75.8283 3.92033 2.02212 37.755 -75.689 3.9221
38.0605 -75.8831 3.92829 1.43098 37.755 -75.689 3.9221
37.8387 -75.8283 3.92033 2.02212 37.755 -75.689 3.9221
37.8387 -75.8283 3.92033 2.02212 37.755 -75.689 3.9221
38.0605 -75.8831 3.92829 1.43098 37.755 -75.689 3.9221
37.8448 -75.9666 3.92281 2.9142 37.755 -75.689 3.9221
37.9043 -75.9416 3.91989 1.03488 37.755 -75.689 3.9221
37.8448 -75.9666 3.92281 2.9142 37.755 -75.689 3.9221
37.8279 -75.8863 3.91683 0.362616 37.755 -75.689 3.9221
37.8387 -75.8283 3.92033 2.02212 37.755 -75.689 3.9221
38.0605 -75.8831 3.92829 1.43098 37.755 -75.689 3.9221
37.7908 -75.7954 3.92768 0.377606 37.755 -75.689 3.9221
37.7994 -76.0743 3.93145 0.00949071 37.755 -75.689 3.9221
37.8387 -75.8283 3.92033 2.02212 37.755 -75.689 3.9221
37.8448 -75.9666 3.92281 2.9142 37.755 -75.689 3.9221
37.9043 -75.9416 3.91989 1.03488 37.755 -75.689 3.9221
37.6437 -75.6519 3.9254 0.00571881 37.755 -75.689 3.9221
38.1363 -75.8713 3.93064 0.381727 37.755 -75.689 3.9221
37.8448 -75.9666 3.92281 2.9142 37.755 -75.689 3.9221
37.6482 -75.8352 3.9237 0.261666 37.755 -75.689 3.9221
37.8387 -75.8283 3.92033 2.02212 37.755 -75.689 3.9221
37.6482 -75.8352 3.9237 0.261666 37.755 -75.689 3.9221
37.8448 -75.9666 3.92281 2.9142 37.755 -75.689 3.9221
37.6482 -75.8352 3.9237 0.261666 37.755 -75.689 3.9221
37.8387 -75.8283 3.92033 2.02212 37.755 -75.689 3.9221
37.8387 -75.8283 3.92033 2.02212 37.755 -75.689 3.9221
38.1363 -75.8713 3.93064 0.381727 37.755 -75.689 3.9221
37.8387 -75.8283 3.92033 2.02212 37.755 -75.689 3.9221
37.764 -76.154 3.92558 0.0452349 37.755 -75.689 3.9221
38.0605 -75.8831 3.92829 1.43098 37.755 -75.689 3.9221
38.0605 -75.8831 3.92829 1.43098 37.755 -75.689 3.9221
37.8824 -75.6822 3.91994 0.217244 37.755 -75.689 3.9221
37.9043 -75.9416 3.91989 1.03488 37.755 -75.689 3.9221
37.8387 -75.8283 3.92033 2.02212 37.755 -75.689 3.9221
37.6482 -75.8352 3.9237 0.261666 37.755 -75.689 3.9221
37.8824 -75.6822 3.91994 0.217244 37.755 -75.689 3.9221
37.8279 -75.8863 3.91683 0.362616 37.755 -75.689 3.9221
37.8448 -75.9666 3.92281 2.9142 37.755 -75.689 3.9221
38.0605 -75.8831 3.92829 1.43098 37.755 -75.689 3.9221
38.1027 -76.0316 3.9262 0.320595 37.755 -75.689 3.9221
38.0605 -75.8831 3.92829 1.43098 37.755 -75.689 3.9221
37.6757 -75.8389 3.91898 0.78489 37.755 -75.689 3.9221
38.0285 -76.0638 3.93131 0.182658 37.755 -75.689 3.9221
37.4553 -75.9308 3.92324 0.000751209 37.755 -75.689 3.9221
37.8824 -75.6822 3.91994 0.217244 37.755 -75.689 3.9221
37.6757 -75.8389 3.91898 0.78489 37.755 -75.689 3.9221
37.8448 -75.9666 3.92281 2.9142 37.755 -75.689 3.9221
37.8448 -75.9666 3.92281 2.9142 37.755 -75.689 3.9221
37.6482 -75.8352 3.9237 0.261666 37.755 -75.689 3.9221
38.0605 -75.8831 3.92829 1.43098 37.755 -75.689 3.9221
38.0605 -75.8831 3.92829 1.43098 37.755 -75.689 3.9221
37.8387 -75.8283 3.92033 2.02212 37.755 -75.689 3.9221
37.6757 -75.8389 3.91898 0.78489 37.755 -75.689 3.9221
37.8448 -75.9666 3.92281 2.9142 37.755 -75.689 3.9221
38.0605 -75.8831 3.92829 1.43098 37.755 -75.689 3.9221
37.8448 -75.9666 3.92281 2.9142 37.755 -75.689 3.9221
37.9043 -75.9416 3.91989 1.03488 37.755 -75.689 3.9221
37.8387 -75.8283 3.92033 2.02212 37.755 -75.689 3.9221
37.9043 -75.9416 3.91989 1.03488 37.755 -75.689 3.9221
37.7908 -75.7954 3.92768 0.377606 37.755 -75.689 3.9221
37.8448 -75.9666 3.92281 2.9142 37.755 -75.689 3.9221
37.8448 -75.9666 3.92281 2.9142 37.755 -75.689 3.9221
38.0605 -75.8831 3.92829 1.43098 37.755 -75.689 3.9221
37.8448 -75.9666 3.92281 2.9142 37.755 -75.689 3.9221
37.6449 -76.0146 3.91459 0.0359776 37.755 -75.689 3.9221
37.5636 -75.8063 3.91814 0.10516 37.755 -75.689 3.9221
37.6757 -75.8389 3.91898 0.78489 37.755 -75.689 3.9221
37.8448 -75.9666 3.92281 2.9142 37.755 -75.689 3.9221
37.6567 -75.7565 3.91568 0.116501 37.755 -75.689 3.9221
37.8387 -75.8283 3.92033 2.02212 37.755 -75.689 3.9221
37.9043 -75.9416 3.91989 1.03488 37.755 -75.689 3.9221
38.1898 -75.9999 3.92315 0.0120692 37.755 -75.689 3.9221
37.7908 -75.7954 3.92768 0.377606 37.755 -75.689 3.9221
37.8448 -75.9666 3.92281 2.9142 37.755 -75.689 3.9221
38.0285 -76.0638 3.93131 0.182658 37.755 -75.689 3.9221
37.8448 -75.9666 3.92281 2.9142 37.755 -75.689 3.9221
38.0285 -76.0638 3.93131 0.182658 37.755 -75.689 3.9221
37.8448 -75.9666 3.92281 2.9142 37.755 -75.689 3.9221
37.8448 -75.9666 3.92281 2.9142 37.755 -75.689 3.9221
37.8279 -75.8863 3.91683 0.362616 37.755 -75.689 3.9221
37.8387 -75.8283 3.92033 2.02212 37.755 -75.689 3.9221
38.0605 -75.8831 3.92829 1.43098 37.755 -75.689 3.9221
37.9043 -75.9416 3.91989 1.03488 37.755 -75.689 3.9221
37.8448 -75.9666 3.92281 2.9142 37.755 -75.689 3.9221
37.8448 -75.9666 3.92281 2.9142 37.755 -75.689 3.9221
37.8448 -75.9666 3.92281 2.9142 37.755 -75.689 3.9221
37.8448 -75.9666 3.92281 2.9142 37.755 -75.689 3.9221
38.0605 -75.8831 3.92829 1.43098 37.755 -75.689 3.9221
37.7819 -75.792 3.91548 0.136391 37.755 -75.689 3.9221
37.8448 -75.9666 3.92281 2.9142 37.755 -75.689 3.9221
37.7819 -75.792 3.91548 0.136391 37.755 -75.689 3.9221
37.9043 -75.9416 3.91989 1.03488 37.755 -75.689 3.9221
37.6757 -75.8389 3.91898 0.78489 37.755 -75.689 3.9221
37.6757 -75.8389 3.91898 0.78489 37.755 -75.689 3.9221
37.8387 -75.8283 3.92033 2.02212 37.755 -75.689 3.9221
37.8448 -75.9666 3.92281 2.9142 37.755 -75.689 3.9221
37.6482 -75.8352 3.9237 0.261666 37.755 -75.689 3.9221
37.8387 -75.8283 3.92033 2.02212 37.755 -75.689 3.9221
37.6757 -75.8389 3.91898 0.78489 37.755 -75.689 3.9221
37.8448 -75.9666 3.92281 2.9142 37.755 -75.689 3.9221
37.8387 -75.8283 3.92033 2.02212 37.755 -75.689 3.9221
37.6311 -75.9882 3.91932 0.269137 37.755 -75.689 3.9221
37.8387 -75.8283 3.92033 2.02212 37.755 -75.689 3.9221
38.0605 -75.8831 3.92829 1.43098 37.755 -75.689 3.9221
37.8448 -75.9666 3.92281 2.9142 37.755 -75.689 3.9221
37.8279 -75.8863 3.91683 0.362616 37.755 -75.689 3.9221
37.8448 -75.9666 3.92281 2.9142 37.755 -75.689 3.9221
37.8448 -75.9666 3.92281 2.9142 37.755 -75.689 3.9221
37.8448 -75.9666 3.92281 2.9142 37.755 -75.689 3.9221
37.8387 -75.8283 3.92033 2.02212 37.755 -75.689 3.9221
37.8387 -75.8283 3.92033 2.02212 37.755 -75.689 3.9221
38.0605 -75.8831 3.92829 1.43098 37.755 -75.689 3.9221
37.6125 -76.0544 3.9214 0.0687365 37.755 -75.689 3.9221
37.8387 -75.8283 3.92033 2.02212 37.755 -75.689 3.9221
37.8387 -75.8283 3.92033 2.02212 37.755 -75.689 3.9221
37.8387 -75.8283 3.92033 2.02212 37.755 -75.689 3.9221
37.8387 -75.8283 3.92033 2.02212 37.755 -75.689 3.9221
37.8387 -75.8283 3.92033 2.02212 37.755 -75.689 3.9221
37.6482 -75.8352 3.9237 0.261666 37.755 -75.689 3.9221
37.8448 -75.9666 3.92281 2.9142 37.755 -75.689 3.9221
37.8387 -75.8283 3.92033 2.02212 37.755 -75.689 3.9221
38.1548 -76.1013 3.92954 0.0572302 37.755 -75.689 3.9221
37.8387 -75.8283 3.92033 2.02212 37.755 -75.689 3.9221
37.6757 -75.8389 3.91898 0.78489 37.755 -75.689 3.9221
37.8387 -75.8283 3.92033 2.02212 37.755 -75.689 3.9221
38.1363 -75.8713 3.93064 0.381727 37.755 -75.689 3.9221
37.8448 -75.9666 3.92281 2.9142 37.755 -75.689 3.9221
37.8448 -75.9666 3.92281 2.9142 37.755 -75.689 3.9221
37.8448 -75.9666 3.92281 2.9142 37.755 -75.689 3.9221
37.8387 -75.8283 3.92033 2.02212 37.755 -75.689 3.9221
38.0605 -75.8831 3.92829 1.43098 37.755 -75.689 3.9221
37.8448 -75.9666 3.92281 2.9142 37.755 -75.689 3.9221
37.8387 -75.8283 3.92033 2.02212 37.755 -75.689 3.9221
38.0605 -75.8831 3.92829 1.43098 37.755 -75.689 3.9221
38.1548 -76.1013 3.92954 0.0572302 37.755 -75.689 3.9221
37.8448 -75.9666 3.92281 2.9142 37.755 -75.689 3.9221
37.8448 -75.9666 3.92281 2.9142 37.755 -75.689 3.9221
38.0605 -75.8831 3.92829 1.43098 37.755 -75.689 3.9221
37.6757 -75.8389 3.91898 0.78489 37.755 -75.689 3.9221
37.8448 -75.9666 3.92281 2.9142 37.755 -75.689 3.9221
38.1363 -75.8713 3.93064 0.381727 37.755 -75.689 3.9221
37.8279 -75.8863 3.91683 0.362616 37.755 -75.689 3.9221
38.1027 -76.0316 3.9262 0.320595 37.755 -75.689 3.9221
37.8387 -75.8283 3.92033 2.02212 37.755 -75.689 3.9221
37.8448 -75.9666 3.92281 2.9142 37.755 -75.689 3.9221
38.0605 -75.8831 3.92829 1.43098 37.755 -75.689 3.9221
38.0605 -75.8831 3.92829 1.43098 37.755 -75.689 3.9221
37.8448 -75.9666 3.92281 2.9142 37.755 -75.689 3.9221
37.8448 -75.9666 3.92281 2.9142 37.755 -75.689 3.9221
37.6767 -75.8594 3.91371 0.0619497 37.755 -75.689 3.9221
37.6767 -75.8594 3.91371 0.0619497 37.755 -75.689 3.9221
37.8448 -75.9666 3.92281 2.9142 37.755 -75.689 3.9221
37.8279 -75.8863 3.91683 0.362616 37.755 -75.689 3.9221
37.8448 -75.9666 3.92281 2.9142 37.755 -75.689 3.9221
37.8824 -75.6822 3.91994 0.217244 37.755 -75.689 3.9221
37.7908 -75.7954 3.92768 0.377606 37.755 -75.689 3.9221
37.8387 -75.8283 3.92033 2.02212 37.755 -75.689 3.9221
37.7819 -75.792 3.91548 0.136391 37.755 -75.689 3.9221
37.8387 -75.8283 3.92033 2.02212 37.755 -75.689 3.9221
37.7908 -75.7954 3.92768 0.377606 37.755 -75.689 3.9221
37.8448 -75.9666 3.92281 2.9142 37.755 -75.689 3.9221
38.0605 -75.8831 3.92829 1.43098 37.755 -75.689 3.9221
37.8448 -75.9666 3.92281 2.9142 37.755 -75.689 3.9221
38.0285 -76.0638 3.93131 0.182658 37.755 -75.689 3.9221
37.4684 -75.6626 3.91565 0.00140263 37.755 -75.689 3.9221
38.0605 -75.8831 3.92829 1.43098 37.755 -75.689 3.9221
37.8448 -75.9666 3.92281 2.9142 37.755 -75.689 3.9221
38.0605 -75.8831 3.92829 1.43098 37.755 -75.689 3.9221
37.6757 -75.8389 3.91898 0.78489 37.755 -75.689 3.9221
37.5604 -75.8082 3.91779 0.097822 37.755 -75.689 3.9221
38.1027 -76.0316 3.9262 0.320595 37.755 -75.689 3.9221
38.1027 -76.0316 3.9262 0.320595 37.755 -75.689 3.9221
37.8279 -75.8863 3.91683 0.362616 37.755 -75.689 3.9221
37.9043 -75.9416 3.91989 1.03488 37.755 -75.689 3.9221
