209.671 25.6797 0.0685248 0.141306 209.61 25.691 0.073074
209.517 25.6158 0.0716281 0.0315843 209.61 25.691 0.073074
209.478 25.6174 0.068732 0.0664703 209.61 25.691 0.073074
209.478 25.6174 0.068732 0.0664703 209.61 25.691 0.073074
209.599 25.577 0.0699208 0.0798841 209.61 25.691 0.073074
209.517 25.6158 0.0716281 0.0315843 209.61 25.691 0.073074
209.786 25.4653 0.0627001 0.0527999 209.61 25.691 0.073074
209.671 25.6797 0.0685248 0.141306 209.61 25.691 0.073074
209.599 25.577 0.0699208 0.0798841 209.61 25.691 0.073074
209.401 25.6671 0.066356 0.0291712 209.61 25.691 0.073074
209.686 25.4628 0.0603238 0.058041 209.61 25.691 0.073074
209.671 25.6797 0.0685248 0.141306 209.61 25.691 0.073074
209.868 25.822 0.0598537 0.00848026 209.61 25.691 0.073074
209.686 25.4628 0.0603238 0.058041 209.61 25.691 0.073074
209.671 25.6797 0.0685248 0.141306 209.61 25.691 0.073074
209.686 25.4628 0.0603238 0.058041 209.61 25.691 0.073074
209.671 25.6797 0.0685248 0.141306 209.61 25.691 0.073074
209.478 25.6174 0.068732 0.0664703 209.61 25.691 0.073074
209.599 25.577 0.0699208 0.0798841 209.61 25.691 0.073074
209.478 25.6174 0.068732 0.0664703 209.61 25.691 0.073074
209.478 25.6174 0.068732 0.0664703 209.61 25.691 0.073074
209.599 25.577 0.0699208 0.0798841 209.61 25.691 0.073074
209.671 25.6797 0.0685248 0.141306 209.61 25.691 0.073074
209.401 25.6671 0.066356 0.0291712 209.61 25.691 0.073074
209.79 25.4075 0.070211 0.00257318 209.61 25.691 0.073074
209.435 25.5646 0.0640003 0.0381742 209.61 25.691 0.073074
209.478 25.6174 0.068732 0.0664703 209.61 25.691 0.073074
209.786 25.5558 0.0691506 0.0319573 209.61 25.691 0.073074
209.599 25.577 0.0699208 0.0798841 209.61 25.691 0.073074
209.478 25.6174 0.068732 0.0664703 209.61 25.691 0.073074
209.671 25.6797 0.0685248 0.141306 209.61 25.691 0.073074
209.686 25.4628 0.0603238 0.058041 209.61 25.691 0.073074
209.686 25.4628 0.0603238 0.058041 209.61 25.691 0.073074
209.671 25.6797 0.0685248 0.141306 209.61 25.691 0.073074
209.786 25.4653 0.0627001 0.0527999 209.61 25.691 0.073074
209.671 25.6797 0.0685248 0.141306 209.61 25.691 0.073074
209.599 25.577 0.0699208 0.0798841 209.61 25.691 0.073074
209.599 25.577 0.0699208 0.0798841 209.61 25.691 0.073074
209.745 25.9029 0.0658664 0.012454 209.61 25.691 0.073074
209.686 25.4628 0.0603238 0.058041 209.61 25.691 0.073074
209.671 25.6797 0.0685248 0.141306 209.61 25.691 0.073074
209.935 25.5943 0.0610404 0.0142 209.61 25.691 0.073074
209.671 25.6797 0.0685248 0.141306 209.61 25.691 0.073074
209.337 25.648 0.0721002 0.00240417 209.61 25.691 0.073074
209.671 25.6797 0.0685248 0.141306 209.61 25.691 0.073074
209.435 25.5646 0.0640003 0.0381742 209.61 25.691 0.073074
209.599 25.577 0.0699208 0.0798841 209.61 25.691 0.073074
209.401 25.6671 0.066356 0.0291712 209.61 25.691 0.073074
209.401 25.6671 0.066356 0.0291712 209.61 25.691 0.073074
209.671 25.6797 0.0685248 0.141306 209.61 25.691 0.073074
209.786 25.4653 0.0627001 0.0527999 209.61 25.691 0.073074
209.786 25.4653 0.0627001 0.0527999 209.61 25.691 0.073074
209.435 25.5646 0.0640003 0.0381742 209.61 25.691 0.073074
209.671 25.6797 0.0685248 0.141306 209.61 25.691 0.073074
209.671 25.6797 0.0685248 0.141306 209.61 25.691 0.073074
209.517 25.6158 0.0716281 0.0315843 209.61 25.691 0.073074
209.478 25.6174 0.068732 0.0664703 209.61 25.691 0.073074
209.786 25.4653 0.0627001 0.0527999 209.61 25.691 0.073074
209.478 25.6174 0.068732 0.0664703 209.61 25.691 0.073074
209.478 25.6174 0.068732 0.0664703 209.61 25.691 0.073074
209.478 25.6174 0.068732 0.0664703 209.61 25.691 0.073074
209.671 25.6797 0.0685248 0.141306 209.61 25.691 0.073074
209.671 25.6797 0.0685248 0.141306 209.61 25.691 0.073074
209.261 25.5407 0.0681529 0.000688233 209.61 25.691 0.073074
209.717 25.4734 0.0727046 0.00351508 209.61 25.691 0.073074
209.686 25.4628 0.0603238 0.058041 209.61 25.691 0.073074
209.671 25.6797 0.0685248 0.141306 209.61 25.691 0.073074
209.435 25.5646 0.0640003 0.0381742 209.61 25.691 0.073074
209.671 25.6797 0.0685248 0.141306 209.61 25.691 0.073074
209.478 25.6174 0.068732 0.0664703 209.61 25.691 0.073074
209.478 25.6174 0.068732 0.0664703 209.61 25.691 0.073074
209.671 25.6797 0.0685248 0.141306 209.61 25.691 0.073074
209.517 25.6158 0.0716281 0.0315843 209.61 25.691 0.073074
209.686 25.4628 0.0603238 0.058041 209.61 25.691 0.073074
209.435 25.5646 0.0640003 0.0381742 209.61 25.691 0.073074
209.671 25.6797 0.0685248 0.141306 209.61 25.691 0.073074
209.786 25.5558 0.0691506 0.0319573 209.61 25.691 0.073074
209.686 25.4628 0.0603238 0.058041 209.61 25.691 0.073074
209.786 25.4653 0.0627001 0.0527999 209.61 25.691 0.073074
209.778 25.3737 0.0599662 0.00880264 209.61 25.691 0.073074
209.414 25.5571 0.0675691 0.0260448 209.61 25.691 0.073074
209.478 25.6174 0.068732 0.0664703 209.61 25.691 0.073074
209.717 25.4734 0.0727046 0.00351508 209.61 25.691 0.073074
209.786 25.5558 0.0691506 0.0319573 209.61 25.691 0.073074
209.959 25.5595 0.0606367 0.00711574 209.61 25.691 0.073074
209.478 25.6174 0.068732 0.0664703 209.61 25.691 0.073074
209.671 25.6797 0.0685248 0.141306 209.61 25.691 0.073074
209.928 25.613 0.0695068 0.00247618 209.61 25.691 0.073074
209.435 25.5646 0.0640003 0.0381742 209.61 25.691 0.073074
209.701 25.4494 0.0725326 0.0032241 209.61 25.691 0.073074
209.401 25.6671 0.066356 0.0291712 209.61 25.691 0.073074
209.671 25.6797 0.0685248 0.141306 209.61 25.691 0.073074
209.671 25.6797 0.0685248 0.141306 209.61 25.691 0.073074
209.786 25.4653 0.0627001 0.0527999 209.61 25.691 0.073074
209.401 25.6671 0.066356 0.0291712 209.61 25.691 0.073074
209.686 25.4628 0.0603238 0.058041 209.61 25.691 0.073074
209.671 25.6797 0.0685248 0.141306 209.61 25.691 0.073074
209.517 25.6158 0.0716281 0.0315843 209.61 25.691 0.073074
209.79 25.4075 0.070211 0.00257318 209.61 25.691 0.073074
209.935 25.5943 0.0610404 0.0142 209.61 25.691 0.073074
209.414 25.5571 0.0675691 0.0260448 209.61 25.691 0.073074
209.786 25.4653 0.0627001 0.0527999 209.61 25.691 0.073074
209.517 25.6158 0.0716281 0.0315843 209.61 25.691 0.073074
209.478 25.6174 0.068732 0.0664703 209.61 25.691 0.073074
209.337 25.648 0.0721002 0.00240417 209.61 25.691 0.073074
209.671 25.6797 0.0685248 0.141306 209.61 25.691 0.073074
209.701 25.4494 0.0725326 0.0032241 209.61 25.691 0.073074
209.786 25.5558 0.0691506 0.0319573 209.61 25.691 0.073074
209.401 25.6671 0.066356 0.0291712 209.61 25.691 0.073074
209.671 25.6797 0.0685248 0.141306 209.61 25.691 0.073074
209.786 25.4653 0.0627001 0.0527999 209.61 25.691 0.073074
209.517 25.6158 0.0716281 0.0315843 209.61 25.691 0.073074
209.686 25.4628 0.0603238 0.058041 209.61 25.691 0.073074
209.671 25.6797 0.0685248 0.141306 209.61 25.691 0.073074
209.435 25.5646 0.0640003 0.0381742 209.61 25.691 0.073074
209.686 25.4628 0.0603238 0.058041 209.61 25.691 0.073074
209.671 25.6797 0.0685248 0.141306 209.61 25.691 0.073074
209.435 25.5646 0.0640003 0.0381742 209.61 25.691 0.073074
209.478 25.6174 0.068732 0.0664703 209.61 25.691 0.073074
209.671 25.6797 0.0685248 0.141306 209.61 25.691 0.073074
209.599 25.577 0.0699208 0.0798841 209.61 25.691 0.073074
209.478 25.6174 0.068732 0.0664703 209.61 25.691 0.073074
209.599 25.577 0.0699208 0.0798841 209.61 25.691 0.073074
209.599 25.577 0.0699208 0.0798841 209.61 25.691 0.073074
209.786 25.4653 0.0627001 0.0527999 209.61 25.691 0.073074
209.599 25.577 0.0699208 0.0798841 209.61 25.691 0.073074
209.671 25.6797 0.0685248 0.141306 209.61 25.691 0.073074
209.383 25.728 0.0700872 0.0094234 209.61 25.691 0.073074
209.786 25.5558 0.0691506 0.0319573 209.61 25.691 0.073074
209.383 25.728 0.0700872 0.0094234 209.61 25.691 0.073074
209.671 25.6797 0.0685248 0.141306 209.61 25.691 0.073074
209.599 25.577 0.0699208 0.0798841 209.61 25.691 0.073074
209.478 25.6174 0.068732 0.0664703 209.61 25.691 0.073074
209.517 25.6158 0.0716281 0.0315843 209.61 25.691 0.073074
209.671 25.6797 0.0685248 0.141306 209.61 25.691 0.073074
209.786 25.5558 0.0691506 0.0319573 209.61 25.691 0.073074
209.671 25.6797 0.0685248 0.141306 209.61 25.691 0.073074
209.671 25.6797 0.0685248 0.141306 209.61 25.691 0.073074
209.671 25.6797 0.0685248 0.141306 209.61 25.691 0.073074
209.671 25.6797 0.0685248 0.141306 209.61 25.691 0.073074
209.671 25.6797 0.0685248 0.141306 209.61 25.691 0.073074
209.478 25.6174 0.068732 0.0664703 209.61 25.691 0.073074
209.671 25.6797 0.0685248 0.141306 209.61 25.691 0.073074
209.671 25.6797 0.0685248 0.141306 209.61 25.691 0.073074
209.671 25.6797 0.0685248 0.141306 209.61 25.691 0.073074
209.671 25.6797 0.0685248 0.141306 209.61 25.691 0.073074
209.671 25.6797 0.0685248 0.141306 209.61 25.691 0.073074
209.599 25.577 0.0699208 0.0798841 209.61 25.691 0.073074
209.414 25.5571 0.0675691 0.0260448 209.61 25.691 0.073074
209.599 25.577 0.0699208 0.0798841 209.61 25.691 0.073074
209.686 25.4628 0.0603238 0.058041 209.61 25.691 0.073074
209.671 25.6797 0.0685248 0.141306 209.61 25.691 0.073074
209.435 25.5646 0.0640003 0.0381742 209.61 25.691 0.073074
209.435 25.5646 0.0640003 0.0381742 209.61 25.691 0.073074
209.599 25.577 0.0699208 0.0798841 209.61 25.691 0.073074
209.786 25.4653 0.0627001 0.0527999 209.61 25.691 0.073074
209.671 25.6797 0.0685248 0.141306 209.61 25.691 0.073074
209.422 25.8421 0.0605721 0.0022118 209.61 25.691 0.073074
209.671 25.6797 0.0685248 0.141306 209.61 25.691 0.073074
209.686 25.4628 0.0603238 0.058041 209.61 25.691 0.073074
209.401 25.6671 0.066356 0.0291712 209.61 25.691 0.073074
209.414 25.5571 0.0675691 0.0260448 209.61 25.691 0.073074
209.686 25.4628 0.0603238 0.058041 209.61 25.691 0.073074
209.478 25.6174 0.068732 0.0664703 209.61 25.691 0.073074
209.435 25.5646 0.0640003 0.0381742 209.61 25.691 0.073074
209.671 25.6797 0.0685248 0.141306 209.61 25.691 0.073074
209.686 25.4628 0.0603238 0.058041 209.61 25.691 0.073074
209.671 25.6797 0.0685248 0.141306 209.61 25.691 0.073074
209.671 25.6797 0.0685248 0.141306 209.61 25.691 0.073074
209.478 25.6174 0.068732 0.0664703 209.61 25.691 0.073074
209.435 25.5646 0.0640003 0.0381742 209.61 25.691 0.073074
209.401 25.6671 0.066356 0.0291712 209.61 25.691 0.073074
209.414 25.5571 0.0675691 0.0260448 209.61 25.691 0.073074
209.935 25.5943 0.0610404 0.0142 209.61 25.691 0.073074
209.671 25.6797 0.0685248 0.141306 209.61 25.691 0.073074
209.778 25.3737 0.0599662 0.00880264 209.61 25.691 0.073074
209.786 25.5558 0.0691506 0.0319573 209.61 25.691 0.073074
209.851 25.38 0.0688852 0.00116509 209.61 25.691 0.073074
209.686 25.4628 0.0603238 0.058041 209.61 25.691 0.073074
209.599 25.577 0.0699208 0.0798841 209.61 25.691 0.073074
209.435 25.5646 0.0640003 0.0381742 209.61 25.691 0.073074
209.671 25.6797 0.0685248 0.141306 209.61 25.691 0.073074
209.435 25.5646 0.0640003 0.0381742 209.61 25.691 0.073074
209.671 25.6797 0.0685248 0.141306 209.61 25.691 0.073074
209.371 25.6264 0.0749127 0.000903206 209.61 25.691 0.073074
209.671 25.6797 0.0685248 0.141306 209.61 25.691 0.073074
209.671 25.6797 0.0685248 0.141306 209.61 25.691 0.073074
209.478 25.6174 0.068732 0.0664703 209.61 25.691 0.073074
209.671 25.6797 0.0685248 0.141306 209.61 25.691 0.073074
209.599 25.577 0.0699208 0.0798841 209.61 25.691 0.073074
209.517 25.6158 0.0716281 0.0315843 209.61 25.691 0.073074
209.401 25.6671 0.066356 0.0291712 209.61 25.691 0.073074
209.786 25.5558 0.0691506 0.0319573 209.61 25.691 0.073074
209.671 25.6797 0.0685248 0.141306 209.61 25.691 0.073074
209.401 25.6671 0.066356 0.0291712 209.61 25.691 0.073074
209.786 25.5558 0.0691506 0.0319573 209.61 25.691 0.073074
209.786 25.4653 0.0627001 0.0527999 209.61 25.691 0.073074
209.786 25.5558 0.0691506 0.0319573 209.61 25.691 0.073074
209.599 25.577 0.0699208 0.0798841 209.61 25.691 0.073074
209.599 25.577 0.0699208 0.0798841 209.61 25.691 0.073074
