203.465 25.9701 0.0751754 3.54862 203.66 25.871 0.073193
203.464 25.778 0.085639 0.32472 203.66 25.871 0.073193
203.447 26.0534 0.0702653 0.502673 203.66 25.871 0.073193
203.282 25.8158 0.0813302 0.459235 203.66 25.871 0.073193
203.63 26.205 0.0765258 0.161491 203.66 25.871 0.073193
203.531 25.9483 0.0708354 2.14022 203.66 25.871 0.073193
203.396 25.8412 0.0759394 2.57154 203.66 25.871 0.073193
203.607 26.2304 0.0702336 0.0306492 203.66 25.871 0.073193
203.724 26.154 0.0732623 0.129353 203.66 25.871 0.073193
203.645 25.9052 0.0737748 3.01196 203.66 25.871 0.073193
203.531 25.9483 0.0708354 2.14022 203.66 25.871 0.073193
203.493 25.8852 0.0852399 0.814355 203.66 25.871 0.073193
203.63 26.205 0.0765258 0.161491 203.66 25.871 0.073193
203.645 25.9052 0.0737748 3.01196 203.66 25.871 0.073193
203.928 25.6722 0.0715422 0.00663239 203.66 25.871 0.073193
203.679 25.8952 0.0685484 0.868213 203.66 25.871 0.073193
203.463 26.1017 0.0802363 1.12881 203.66 25.871 0.073193
203.489 25.6785 0.0786481 0.746548 203.66 25.871 0.073193
203.383 26.0966 0.0842242 0.407939 203.66 25.871 0.073193
203.584 26.0155 0.082524 1.24795 203.66 25.871 0.073193
203.73 26.0891 0.0732277 0.330885 203.66 25.871 0.073193
203.369 26.065 0.0746005 0.714796 203.66 25.871 0.073193
203.669 25.8475 0.0753026 2.41893 203.66 25.871 0.073193
203.645 25.9052 0.0737748 3.01196 203.66 25.871 0.073193
203.282 25.8158 0.0813302 0.459235 203.66 25.871 0.073193
203.584 26.0155 0.082524 1.24795 203.66 25.871 0.073193
203.396 25.8412 0.0759394 2.57154 203.66 25.871 0.073193
203.629 25.8051 0.0808376 1.18956 203.66 25.871 0.073193
203.481 25.7982 0.0787771 2.86616 203.66 25.871 0.073193
203.531 25.9483 0.0708354 2.14022 203.66 25.871 0.073193
203.404 25.8223 0.0711208 1.16268 203.66 25.871 0.073193
203.251 25.96 0.075553 0.339182 203.66 25.871 0.073193
203.481 25.7982 0.0787771 2.86616 203.66 25.871 0.073193
203.584 26.0155 0.082524 1.24795 203.66 25.871 0.073193
203.562 25.8549 0.0656515 0.393272 203.66 25.871 0.073193
203.669 25.8475 0.0753026 2.41893 203.66 25.871 0.073193
203.463 26.1017 0.0802363 1.12881 203.66 25.871 0.073193
203.662 25.9241 0.080869 1.31552 203.66 25.871 0.073193
203.341 26.0638 0.0755128 0.612449 203.66 25.871 0.073193
203.396 25.8412 0.0759394 2.57154 203.66 25.871 0.073193
203.662 25.9241 0.080869 1.31552 203.66 25.871 0.073193
203.531 25.9483 0.0708354 2.14022 203.66 25.871 0.073193
203.531 25.9483 0.0708354 2.14022 203.66 25.871 0.073193
203.645 25.9052 0.0737748 3.01196 203.66 25.871 0.073193
203.532 25.7685 0.066376 0.390942 203.66 25.871 0.073193
203.629 25.8051 0.0808376 1.18956 203.66 25.871 0.073193
203.465 25.9701 0.0751754 3.54862 203.66 25.871 0.073193
203.63 26.205 0.0765258 0.161491 203.66 25.871 0.073193
203.533 25.8258 0.0858005 0.405643 203.66 25.871 0.073193
203.481 25.7982 0.0787771 2.86616 203.66 25.871 0.073193
203.493 25.8852 0.0852399 0.814355 203.66 25.871 0.073193
203.181 25.9589 0.0850079 0.0582813 203.66 25.871 0.073193
203.463 26.1017 0.0802363 1.12881 203.66 25.871 0.073193
203.629 25.8051 0.0808376 1.18956 203.66 25.871 0.073193
203.645 25.9052 0.0737748 3.01196 203.66 25.871 0.073193
203.463 26.1017 0.0802363 1.12881 203.66 25.871 0.073193
203.397 25.7621 0.0688261 0.367858 203.66 25.871 0.073193
203.481 25.7982 0.0787771 2.86616 203.66 25.871 0.073193
203.63 26.205 0.0765258 0.161491 203.66 25.871 0.073193
203.486 25.6784 0.0706942 0.562997 203.66 25.871 0.073193
203.437 26.0697 0.0788542 1.62548 203.66 25.871 0.073193
203.435 25.7167 0.0855807 0.146546 203.66 25.871 0.073193
203.74 26.1651 0.0772449 0.101534 203.66 25.871 0.073193
203.629 25.8051 0.0808376 1.18956 203.66 25.871 0.073193
203.341 26.0638 0.0755128 0.612449 203.66 25.871 0.073193
203.341 26.0638 0.0755128 0.612449 203.66 25.871 0.073193
203.465 25.9701 0.0751754 3.54862 203.66 25.871 0.073193
203.662 25.9241 0.080869 1.31552 203.66 25.871 0.073193
203.486 25.6784 0.0706942 0.562997 203.66 25.871 0.073193
203.463 26.1017 0.0802363 1.12881 203.66 25.871 0.073193
203.396 25.8412 0.0759394 2.57154 203.66 25.871 0.073193
203.481 25.7982 0.0787771 2.86616 203.66 25.871 0.073193
203.397 25.7621 0.0688261 0.367858 203.66 25.871 0.073193
203.584 26.0155 0.082524 1.24795 203.66 25.871 0.073193
203.645 25.9052 0.0737748 3.01196 203.66 25.871 0.073193
203.679 25.8952 0.0685484 0.868213 203.66 25.871 0.073193
203.181 25.9589 0.0850079 0.0582813 203.66 25.871 0.073193
203.397 25.7621 0.0688261 0.367858 203.66 25.871 0.073193
203.396 25.8412 0.0759394 2.57154 203.66 25.871 0.073193
203.662 25.9241 0.080869 1.31552 203.66 25.871 0.073193
203.465 25.9701 0.0751754 3.54862 203.66 25.871 0.073193
203.465 25.9701 0.0751754 3.54862 203.66 25.871 0.073193
203.465 25.9701 0.0751754 3.54862 203.66 25.871 0.073193
203.662 25.9241 0.080869 1.31552 203.66 25.871 0.073193
203.645 25.9052 0.0737748 3.01196 203.66 25.871 0.073193
203.465 25.9701 0.0751754 3.54862 203.66 25.871 0.073193
203.465 25.9701 0.0751754 3.54862 203.66 25.871 0.073193
203.669 25.8475 0.0753026 2.41893 203.66 25.871 0.073193
203.396 25.8412 0.0759394 2.57154 203.66 25.871 0.073193
203.437 26.0697 0.0788542 1.62548 203.66 25.871 0.073193
203.397 25.7621 0.0688261 0.367858 203.66 25.871 0.073193
203.481 25.7982 0.0787771 2.86616 203.66 25.871 0.073193
203.493 25.8852 0.0852399 0.814355 203.66 25.871 0.073193
203.562 25.8549 0.0656515 0.393272 203.66 25.871 0.073193
203.447 26.0534 0.0702653 0.502673 203.66 25.871 0.073193
203.629 25.8051 0.0808376 1.18956 203.66 25.871 0.073193
203.531 25.9483 0.0708354 2.14022 203.66 25.871 0.073193
203.662 25.9241 0.080869 1.31552 203.66 25.871 0.073193
203.584 26.0155 0.082524 1.24795 203.66 25.871 0.073193
203.489 25.6785 0.0786481 0.746548 203.66 25.871 0.073193
203.284 25.8843 0.0786611 0.80298 203.66 25.871 0.073193
203.669 25.8475 0.0753026 2.41893 203.66 25.871 0.073193
203.486 25.6784 0.0706942 0.562997 203.66 25.871 0.073193
203.465 25.9701 0.0751754 3.54862 203.66 25.871 0.073193
203.629 25.8051 0.0808376 1.18956 203.66 25.871 0.073193
203.645 25.9052 0.0737748 3.01196 203.66 25.871 0.073193
203.284 25.8843 0.0786611 0.80298 203.66 25.871 0.073193
203.465 25.9701 0.0751754 3.54862 203.66 25.871 0.073193
203.404 25.8223 0.0711208 1.16268 203.66 25.871 0.073193
203.463 26.1017 0.0802363 1.12881 203.66 25.871 0.073193
203.247 26.0508 0.0877731 0.0489467 203.66 25.871 0.073193
203.396 25.8412 0.0759394 2.57154 203.66 25.871 0.073193
203.645 25.9052 0.0737748 3.01196 203.66 25.871 0.073193
203.645 25.9052 0.0737748 3.01196 203.66 25.871 0.073193
203.486 25.6784 0.0706942 0.562997 203.66 25.871 0.073193
203.584 26.0155 0.082524 1.24795 203.66 25.871 0.073193
203.489 25.6785 0.0786481 0.746548 203.66 25.871 0.073193
203.396 25.8412 0.0759394 2.57154 203.66 25.871 0.073193
203.463 26.1017 0.0802363 1.12881 203.66 25.871 0.073193
203.693 25.789 0.0656749 0.243122 203.66 25.871 0.073193
203.493 25.8852 0.0852399 0.814355 203.66 25.871 0.073193
203.662 25.9241 0.080869 1.31552 203.66 25.871 0.073193
203.699 25.8745 0.0888833 0.0164924 203.66 25.871 0.073193
203.396 25.8412 0.0759394 2.57154 203.66 25.871 0.073193
203.486 25.6784 0.0706942 0.562997 203.66 25.871 0.073193
203.493 25.8852 0.0852399 0.814355 203.66 25.871 0.073193
203.629 25.8051 0.0808376 1.18956 203.66 25.871 0.073193
203.369 26.065 0.0746005 0.714796 203.66 25.871 0.073193
203.284 25.8843 0.0786611 0.80298 203.66 25.871 0.073193
203.489 25.6785 0.0786481 0.746548 203.66 25.871 0.073193
203.669 25.8475 0.0753026 2.41893 203.66 25.871 0.073193
203.465 25.9701 0.0751754 3.54862 203.66 25.871 0.073193
203.481 25.7982 0.0787771 2.86616 203.66 25.871 0.073193
203.645 25.9052 0.0737748 3.01196 203.66 25.871 0.073193
203.629 25.8051 0.0808376 1.18956 203.66 25.871 0.073193
203.341 26.0638 0.0755128 0.612449 203.66 25.871 0.073193
203.396 25.8412 0.0759394 2.57154 203.66 25.871 0.073193
203.584 26.0155 0.082524 1.24795 203.66 25.871 0.073193
203.669 25.8475 0.0753026 2.41893 203.66 25.871 0.073193
203.669 25.8475 0.0753026 2.41893 203.66 25.871 0.073193
203.562 25.8549 0.0656515 0.393272 203.66 25.871 0.073193
203.662 25.9241 0.080869 1.31552 203.66 25.871 0.073193
203.662 25.9241 0.080869 1.31552 203.66 25.871 0.073193
203.463 26.1017 0.0802363 1.12881 203.66 25.871 0.073193
203.465 25.9701 0.0751754 3.54862 203.66 25.871 0.073193
203.465 25.9701 0.0751754 3.54862 203.66 25.871 0.073193
203.629 25.8051 0.0808376 1.18956 203.66 25.871 0.073193
203.514 26.1543 0.0754051 0.542964 203.66 25.871 0.073193
203.632 25.7191 0.0645009 0.121799 203.66 25.871 0.073193
203.465 25.9701 0.0751754 3.54862 203.66 25.871 0.073193
203.465 25.9701 0.0751754 3.54862 203.66 25.871 0.073193
203.531 25.9483 0.0708354 2.14022 203.66 25.871 0.073193
203.645 25.9052 0.0737748 3.01196 203.66 25.871 0.073193
203.404 25.8223 0.0711208 1.16268 203.66 25.871 0.073193
203.679 25.8952 0.0685484 0.868213 203.66 25.871 0.073193
203.531 25.9483 0.0708354 2.14022 203.66 25.871 0.073193
203.481 25.7982 0.0787771 2.86616 203.66 25.871 0.073193
203.341 26.0638 0.0755128 0.612449 203.66 25.871 0.073193
203.645 25.9052 0.0737748 3.01196 203.66 25.871 0.073193
203.531 25.9483 0.0708354 2.14022 203.66 25.871 0.073193
203.533 25.8258 0.0858005 0.405643 203.66 25.871 0.073193
203.397 25.7621 0.0688261 0.367858 203.66 25.871 0.073193
203.341 26.0638 0.0755128 0.612449 203.66 25.871 0.073193
203.481 25.7982 0.0787771 2.86616 203.66 25.871 0.073193
203.383 26.0966 0.0842242 0.407939 203.66 25.871 0.073193
203.465 25.9701 0.0751754 3.54862 203.66 25.871 0.073193
203.61 26.1763 0.0770901 0.32481 203.66 25.871 0.073193
203.447 26.0534 0.0702653 0.502673 203.66 25.871 0.073193
203.285 25.7337 0.0854157 0.0676859 203.66 25.871 0.073193
203.532 25.7685 0.066376 0.390942 203.66 25.871 0.073193
203.465 25.9701 0.0751754 3.54862 203.66 25.871 0.073193
203.662 25.9241 0.080869 1.31552 203.66 25.871 0.073193
203.662 25.9241 0.080869 1.31552 203.66 25.871 0.073193
203.396 25.8412 0.0759394 2.57154 203.66 25.871 0.073193
203.396 25.8412 0.0759394 2.57154 203.66 25.871 0.073193
203.532 25.7685 0.066376 0.390942 203.66 25.871 0.073193
203.396 25.8412 0.0759394 2.57154 203.66 25.871 0.073193
203.341 26.0638 0.0755128 0.612449 203.66 25.871 0.073193
203.531 25.9483 0.0708354 2.14022 203.66 25.871 0.073193
203.369 26.065 0.0746005 0.714796 203.66 25.871 0.073193
203.615 25.6516 0.0716872 0.472667 203.66 25.871 0.073193
203.404 25.8223 0.0711208 1.16268 203.66 25.871 0.073193
203.669 25.8475 0.0753026 2.41893 203.66 25.871 0.073193
203.699 25.8745 0.0888833 0.0164924 203.66 25.871 0.073193
203.465 25.9701 0.0751754 3.54862 203.66 25.871 0.073193
203.437 26.0697 0.0788542 1.62548 203.66 25.871 0.073193
203.679 25.8952 0.0685484 0.868213 203.66 25.871 0.073193
203.629 25.8051 0.0808376 1.18956 203.66 25.871 0.073193
203.724 26.154 0.0732623 0.129353 203.66 25.871 0.073193
203.396 25.8412 0.0759394 2.57154 203.66 25.871 0.073193
203.465 25.9701 0.0751754 3.54862 203.66 25.871 0.073193
203.369 26.065 0.0746005 0.714796 203.66 25.871 0.073193
203.957 25.9173 0.0746188 0.0120011 203.66 25.871 0.073193
203.437 26.0697 0.0788542 1.62548 203.66 25.871 0.073193
203.396 25.8412 0.0759394 2.57154 203.66 25.871 0.073193
203.489 25.6785 0.0786481 0.746548 203.66 25.871 0.073193
203.493 25.8852 0.0852399 0.814355 203.66 25.871 0.073193
203.645 25.9052 0.0737748 3.01196 203.66 25.871 0.073193
203.465 25.9701 0.0751754 3.54862 203.66 25.871 0.073193
203.61 26.1763 0.0770901 0.32481 203.66 25.871 0.073193
