35.2058 11.2231 0.145423 0.246027 35.204 11.03 0.14663
34.9729 11.0946 0.146498 0.0791008 35.204 11.03 0.14663
35.2529 11.0236 0.142879 0.409117 35.204 11.03 0.14663
35.2529 11.0236 0.142879 0.409117 35.204 11.03 0.14663
35.14 11.1415 0.143509 0.33992 35.204 11.03 0.14663
35.2768 11.1634 0.145051 0.345948 35.204 11.03 0.14663
35.0205 11.1803 0.147504 0.126048 35.204 11.03 0.14663
35.0205 11.1803 0.147504 0.126048 35.204 11.03 0.14663
35.1394 11.3956 0.146149 0.00471286 35.204 11.03 0.14663
35.1051 11.1435 0.150264 0.144035 35.204 11.03 0.14663
35.2529 11.0236 0.142879 0.409117 35.204 11.03 0.14663
35.2768 11.1634 0.145051 0.345948 35.204 11.03 0.14663
35.5156 10.8668 0.138542 0.00104803 35.204 11.03 0.14663
35.2529 11.0236 0.142879 0.409117 35.204 11.03 0.14663
35.2428 10.8932 0.140672 0.036006 35.204 11.03 0.14663
35.2768 11.1634 0.145051 0.345948 35.204 11.03 0.14663
35.2074 10.942 0.149338 0.0625479 35.204 11.03 0.14663
35.3057 11.0212 0.140026 0.15494 35.204 11.03 0.14663
35.2398 11.0915 0.141297 0.319695 35.204 11.03 0.14663
35.3057 11.0212 0.140026 0.15494 35.204 11.03 0.14663
35.14 11.1415 0.143509 0.33992 35.204 11.03 0.14663
35.2529 11.0236 0.142879 0.409117 35.204 11.03 0.14663
35.3211 11.2001 0.141198 0.151146 35.204 11.03 0.14663
35.2768 11.1634 0.145051 0.345948 35.204 11.03 0.14663
35.0295 10.8872 0.150403 0.0176896 35.204 11.03 0.14663
35.1653 11.2532 0.145638 0.152405 35.204 11.03 0.14663
35.3211 11.2001 0.141198 0.151146 35.204 11.03 0.14663
35.3211 11.2001 0.141198 0.151146 35.204 11.03 0.14663
34.9828 11.0383 0.151776 0.0431813 35.204 11.03 0.14663
35.0129 10.9246 0.147438 0.0475069 35.204 11.03 0.14663
35.2058 11.2231 0.145423 0.246027 35.204 11.03 0.14663
35.2125 10.9452 0.143145 0.188699 35.204 11.03 0.14663
35.3675 11.1339 0.135196 0.00631777 35.204 11.03 0.14663
35.1653 11.2532 0.145638 0.152405 35.204 11.03 0.14663
35.3057 11.0212 0.140026 0.15494 35.204 11.03 0.14663
35.0205 11.1803 0.147504 0.126048 35.204 11.03 0.14663
35.3309 10.9184 0.147849 0.0190666 35.204 11.03 0.14663
35.3211 11.2001 0.141198 0.151146 35.204 11.03 0.14663
35.2529 11.0236 0.142879 0.409117 35.204 11.03 0.14663
35.2398 11.0915 0.141297 0.319695 35.204 11.03 0.14663
34.9037 10.9899 0.144726 0.00430826 35.204 11.03 0.14663
35.14 11.1415 0.143509 0.33992 35.204 11.03 0.14663
35.2125 10.9452 0.143145 0.188699 35.204 11.03 0.14663
35.3057 11.0212 0.140026 0.15494 35.204 11.03 0.14663
35.3211 11.2001 0.141198 0.151146 35.204 11.03 0.14663
35.2825 11.3485 0.142591 0.0151798 35.204 11.03 0.14663
35.2529 11.0236 0.142879 0.409117 35.204 11.03 0.14663
35.14 11.1415 0.143509 0.33992 35.204 11.03 0.14663
35.2058 11.2231 0.145423 0.246027 35.204 11.03 0.14663
35.0205 11.1803 0.147504 0.126048 35.204 11.03 0.14663
35.1783 11.1062 0.152152 0.0298266 35.204 11.03 0.14663
35.1653 11.2532 0.145638 0.152405 35.204 11.03 0.14663
35.2074 10.942 0.149338 0.0625479 35.204 11.03 0.14663
35.2058 11.2231 0.145423 0.246027 35.204 11.03 0.14663
35.2768 11.1634 0.145051 0.345948 35.204 11.03 0.14663
35.2529 11.0236 0.142879 0.409117 35.204 11.03 0.14663
35.2921 11.2536 0.149136 0.0163243 35.204 11.03 0.14663
35.14 11.1415 0.143509 0.33992 35.204 11.03 0.14663
35.2529 11.0236 0.142879 0.409117 35.204 11.03 0.14663
35.0042 11.0246 0.141427 0.00947672 35.204 11.03 0.14663
35.2428 10.8932 0.140672 0.036006 35.204 11.03 0.14663
35.14 11.1415 0.143509 0.33992 35.204 11.03 0.14663
35.0205 11.1803 0.147504 0.126048 35.204 11.03 0.14663
35.1051 11.1435 0.150264 0.144035 35.204 11.03 0.14663
35.14 11.1415 0.143509 0.33992 35.204 11.03 0.14663
35.3211 11.2001 0.141198 0.151146 35.204 11.03 0.14663
35.2398 11.0915 0.141297 0.319695 35.204 11.03 0.14663
35.14 11.1415 0.143509 0.33992 35.204 11.03 0.14663
35.2768 11.1634 0.145051 0.345948 35.204 11.03 0.14663
35.2058 11.2231 0.145423 0.246027 35.204 11.03 0.14663
35.2125 10.9452 0.143145 0.188699 35.204 11.03 0.14663
35.1051 11.1435 0.150264 0.144035 35.204 11.03 0.14663
35.2768 11.1634 0.145051 0.345948 35.204 11.03 0.14663
35.1653 11.2532 0.145638 0.152405 35.204 11.03 0.14663
35.2529 11.0236 0.142879 0.409117 35.204 11.03 0.14663
35.2529 11.0236 0.142879 0.409117 35.204 11.03 0.14663
35.3211 11.2001 0.141198 0.151146 35.204 11.03 0.14663
35.2529 11.0236 0.142879 0.409117 35.204 11.03 0.14663
35.2125 10.9452 0.143145 0.188699 35.204 11.03 0.14663
35.2125 10.9452 0.143145 0.188699 35.204 11.03 0.14663
35.14 11.1415 0.143509 0.33992 35.204 11.03 0.14663
35.2529 11.0236 0.142879 0.409117 35.204 11.03 0.14663
35.3431 11.0645 0.140624 0.203804 35.204 11.03 0.14663
35.14 11.1415 0.143509 0.33992 35.204 11.03 0.14663
35.2768 11.1634 0.145051 0.345948 35.204 11.03 0.14663
35.1051 11.1435 0.150264 0.144035 35.204 11.03 0.14663
35.3431 11.0645 0.140624 0.203804 35.204 11.03 0.14663
35.2398 11.0915 0.141297 0.319695 35.204 11.03 0.14663
35.3431 11.0645 0.140624 0.203804 35.204 11.03 0.14663
35.3211 11.2001 0.141198 0.151146 35.204 11.03 0.14663
35.2529 11.0236 0.142879 0.409117 35.204 11.03 0.14663
35.14 11.1415 0.143509 0.33992 35.204 11.03 0.14663
35.3211 11.2001 0.141198 0.151146 35.204 11.03 0.14663
35.2768 11.1634 0.145051 0.345948 35.204 11.03 0.14663
35.3431 11.0645 0.140624 0.203804 35.204 11.03 0.14663
34.9828 11.0383 0.151776 0.0431813 35.204 11.03 0.14663
35.2398 11.0915 0.141297 0.319695 35.204 11.03 0.14663
35.2398 11.0915 0.141297 0.319695 35.204 11.03 0.14663
35.2529 11.0236 0.142879 0.409117 35.204 11.03 0.14663
35.3211 11.2001 0.141198 0.151146 35.204 11.03 0.14663
35.0295 10.8872 0.150403 0.0176896 35.204 11.03 0.14663
35.2927 11.0648 0.147591 0.164279 35.204 11.03 0.14663
35.2529 11.0236 0.142879 0.409117 35.204 11.03 0.14663
35.14 11.1415 0.143509 0.33992 35.204 11.03 0.14663
35.3431 11.0645 0.140624 0.203804 35.204 11.03 0.14663
35.0205 11.1803 0.147504 0.126048 35.204 11.03 0.14663
35.2398 11.0915 0.141297 0.319695 35.204 11.03 0.14663
35.3431 11.0645 0.140624 0.203804 35.204 11.03 0.14663
35.1252 10.9492 0.141734 0.058905 35.204 11.03 0.14663
35.3431 11.0645 0.140624 0.203804 35.204 11.03 0.14663
35.2529 11.0236 0.142879 0.409117 35.204 11.03 0.14663
34.8974 11.174 0.146286 0.00843859 35.204 11.03 0.14663
35.2927 11.0648 0.147591 0.164279 35.204 11.03 0.14663
35.2768 11.1634 0.145051 0.345948 35.204 11.03 0.14663
35.3211 11.2001 0.141198 0.151146 35.204 11.03 0.14663
35.0205 11.1803 0.147504 0.126048 35.204 11.03 0.14663
35.2398 11.0915 0.141297 0.319695 35.204 11.03 0.14663
35.3211 11.2001 0.141198 0.151146 35.204 11.03 0.14663
35.3057 11.0212 0.140026 0.15494 35.204 11.03 0.14663
35.2398 11.0915 0.141297 0.319695 35.204 11.03 0.14663
35.14 11.1415 0.143509 0.33992 35.204 11.03 0.14663
35.3057 11.0212 0.140026 0.15494 35.204 11.03 0.14663
35.0659 10.926 0.143402 0.0401242 35.204 11.03 0.14663
35.2921 11.2536 0.149136 0.0163243 35.204 11.03 0.14663
35.14 11.1415 0.143509 0.33992 35.204 11.03 0.14663
35.2768 11.1634 0.145051 0.345948 35.204 11.03 0.14663
35.14 11.1415 0.143509 0.33992 35.204 11.03 0.14663
35.0382 10.9484 0.144436 0.0544969 35.204 11.03 0.14663
35.2927 11.0648 0.147591 0.164279 35.204 11.03 0.14663
35.0205 11.1803 0.147504 0.126048 35.204 11.03 0.14663
35.2074 10.942 0.149338 0.0625479 35.204 11.03 0.14663
35.2398 11.0915 0.141297 0.319695 35.204 11.03 0.14663
35.1051 11.1435 0.150264 0.144035 35.204 11.03 0.14663
35.4106 10.9099 0.142913 0.0232711 35.204 11.03 0.14663
35.2398 11.0915 0.141297 0.319695 35.204 11.03 0.14663
35.2125 10.9452 0.143145 0.188699 35.204 11.03 0.14663
35.0205 11.1803 0.147504 0.126048 35.204 11.03 0.14663
35.3057 11.0212 0.140026 0.15494 35.204 11.03 0.14663
35.14 11.1415 0.143509 0.33992 35.204 11.03 0.14663
35.2768 11.1634 0.145051 0.345948 35.204 11.03 0.14663
35.0129 10.9246 0.147438 0.0475069 35.204 11.03 0.14663
35.3057 11.0212 0.140026 0.15494 35.204 11.03 0.14663
35.3211 11.2001 0.141198 0.151146 35.204 11.03 0.14663
35.2125 10.9452 0.143145 0.188699 35.204 11.03 0.14663
35.3211 11.2001 0.141198 0.151146 35.204 11.03 0.14663
35.3211 11.2001 0.141198 0.151146 35.204 11.03 0.14663
35.2125 10.9452 0.143145 0.188699 35.204 11.03 0.14663
35.14 11.1415 0.143509 0.33992 35.204 11.03 0.14663
35.0784 11.2811 0.153141 0.00379244 35.204 11.03 0.14663
35.2529 11.0236 0.142879 0.409117 35.204 11.03 0.14663
35.2529 11.0236 0.142879 0.409117 35.204 11.03 0.14663
35.2074 10.942 0.149338 0.0625479 35.204 11.03 0.14663
35.3211 11.2001 0.141198 0.151146 35.204 11.03 0.14663
35.2927 11.0648 0.147591 0.164279 35.204 11.03 0.14663
35.14 11.1415 0.143509 0.33992 35.204 11.03 0.14663
35.2428 10.8932 0.140672 0.036006 35.204 11.03 0.14663
35.0659 10.926 0.143402 0.0401242 35.204 11.03 0.14663
35.3211 11.2001 0.141198 0.151146 35.204 11.03 0.14663
35.1051 11.1435 0.150264 0.144035 35.204 11.03 0.14663
35.2428 10.8932 0.140672 0.036006 35.204 11.03 0.14663
35.1252 10.9492 0.141734 0.058905 35.204 11.03 0.14663
35.2768 11.1634 0.145051 0.345948 35.204 11.03 0.14663
35.14 11.1415 0.143509 0.33992 35.204 11.03 0.14663
34.9828 11.0383 0.151776 0.0431813 35.204 11.03 0.14663
35.2398 11.0915 0.141297 0.319695 35.204 11.03 0.14663
35.3057 11.0212 0.140026 0.15494 35.204 11.03 0.14663
35.2058 11.2231 0.145423 0.246027 35.204 11.03 0.14663
34.9828 11.0383 0.151776 0.0431813 35.204 11.03 0.14663
35.1653 11.2532 0.145638 0.152405 35.204 11.03 0.14663
35.2529 11.0236 0.142879 0.409117 35.204 11.03 0.14663
35.14 11.1415 0.143509 0.33992 35.204 11.03 0.14663
35.3431 11.0645 0.140624 0.203804 35.204 11.03 0.14663
35.3309 10.9184 0.147849 0.0190666 35.204 11.03 0.14663
35.4975 11.0206 0.140605 0.0188399 35.204 11.03 0.14663
35.3057 11.0212 0.140026 0.15494 35.204 11.03 0.14663
35.3431 11.0645 0.140624 0.203804 35.204 11.03 0.14663
35.2058 11.2231 0.145423 0.246027 35.204 11.03 0.14663
35.2768 11.1634 0.145051 0.345948 35.204 11.03 0.14663
35.2529 11.0236 0.142879 0.409117 35.204 11.03 0.14663
35.3211 11.2001 0.141198 0.151146 35.204 11.03 0.14663
35.3431 11.0645 0.140624 0.203804 35.204 11.03 0.14663
35.2617 11.1484 0.138469 0.0611329 35.204 11.03 0.14663
35.2398 11.0915 0.141297 0.319695 35.204 11.03 0.14663
35.2398 11.0915 0.141297 0.319695 35.204 11.03 0.14663
35.2398 11.0915 0.141297 0.319695 35.204 11.03 0.14663
35.2058 11.2231 0.145423 0.246027 35.204 11.03 0.14663
35.2768 11.1634 0.145051 0.345948 35.204 11.03 0.14663
35.2125 10.9452 0.143145 0.188699 35.204 11.03 0.14663
35.14 11.1415 0.143509 0.33992 35.204 11.03 0.14663
35.2398 11.0915 0.141297 0.319695 35.204 11.03 0.14663
35.2398 11.0915 0.141297 0.319695 35.204 11.03 0.14663
35.2125 10.9452 0.143145 0.188699 35.204 11.03 0.14663
35.0205 11.1803 0.147504 0.126048 35.204 11.03 0.14663
34.9828 11.0383 0.151776 0.0431813 35.204 11.03 0.14663
35.2529 11.0236 0.142879 0.409117 35.204 11.03 0.14663
35.2058 11.2231 0.145423 0.246027 35.204 11.03 0.14663
35.2548 11.1399 0.152114 0.00866146 35.204 11.03 0.14663
35.1252 10.9492 0.141734 0.058905 35.204 11.03 0.14663
35.2529 11.0236 0.142879 0.409117 35.204 11.03 0.14663
35.2529 11.0236 0.142879 0.409117 35.204 11.03 0.14663
