-20.7296 -6.29444 0.70255 0.0969093 -20.731 -6.4929 0.69631
-20.7945 -6.42747 0.701097 1.02763 -20.731 -6.4929 0.69631
-20.7945 -6.42747 0.701097 1.02763 -20.731 -6.4929 0.69631
-20.8568 -6.41117 0.694324 2.29203 -20.731 -6.4929 0.69631
-20.7884 -6.36354 0.69856 2.1552 -20.731 -6.4929 0.69631
-20.7945 -6.42747 0.701097 1.02763 -20.731 -6.4929 0.69631
-20.6248 -6.08656 0.693326 0.138435 -20.731 -6.4929 0.69631
-20.6253 -6.30959 0.69948 0.206282 -20.731 -6.4929 0.69631
-20.6509 -6.30948 0.698024 0.630235 -20.731 -6.4929 0.69631
-20.7884 -6.36354 0.69856 2.1552 -20.731 -6.4929 0.69631
-20.7884 -6.36354 0.69856 2.1552 -20.731 -6.4929 0.69631
-20.8817 -6.33835 0.700729 0.749783 -20.731 -6.4929 0.69631
-20.8568 -6.41117 0.694324 2.29203 -20.731 -6.4929 0.69631
-20.7884 -6.36354 0.69856 2.1552 -20.731 -6.4929 0.69631
-20.8921 -6.48624 0.69921 1.2189 -20.731 -6.4929 0.69631
-20.6314 -6.32266 0.690575 1.19562 -20.731 -6.4929 0.69631
-20.7884 -6.36354 0.69856 2.1552 -20.731 -6.4929 0.69631
-20.6173 -6.44792 0.695335 0.607375 -20.731 -6.4929 0.69631
-20.9128 -6.39368 0.702085 0.502927 -20.731 -6.4929 0.69631
-20.7945 -6.42747 0.701097 1.02763 -20.731 -6.4929 0.69631
-20.8568 -6.41117 0.694324 2.29203 -20.731 -6.4929 0.69631
-20.6314 -6.32266 0.690575 1.19562 -20.731 -6.4929 0.69631
-20.6509 -6.30948 0.698024 0.630235 -20.731 -6.4929 0.69631
-20.6647 -6.14139 0.693925 0.488455 -20.731 -6.4929 0.69631
-20.8568 -6.41117 0.694324 2.29203 -20.731 -6.4929 0.69631
-20.8568 -6.41117 0.694324 2.29203 -20.731 -6.4929 0.69631
-20.7884 -6.36354 0.69856 2.1552 -20.731 -6.4929 0.69631
-20.6509 -6.30948 0.698024 0.630235 -20.731 -6.4929 0.69631
-20.8921 -6.48624 0.69921 1.2189 -20.731 -6.4929 0.69631
-20.8516 -6.51348 0.695867 1.0222 -20.731 -6.4929 0.69631
-20.6647 -6.14139 0.693925 0.488455 -20.731 -6.4929 0.69631
-20.7945 -6.42747 0.701097 1.02763 -20.731 -6.4929 0.69631
-20.8632 -6.23264 0.687594 0.599814 -20.731 -6.4929 0.69631
-20.8921 -6.48624 0.69921 1.2189 -20.731 -6.4929 0.69631
-20.7884 -6.36354 0.69856 2.1552 -20.731 -6.4929 0.69631
-20.7884 -6.36354 0.69856 2.1552 -20.731 -6.4929 0.69631
-20.8632 -6.23264 0.687594 0.599814 -20.731 -6.4929 0.69631
-20.6765 -6.49363 0.692587 0.465503 -20.731 -6.4929 0.69631
-20.8516 -6.51348 0.695867 1.0222 -20.731 -6.4929 0.69631
-20.7403 -6.39385 0.688601 0.568395 -20.731 -6.4929 0.69631
-20.6765 -6.49363 0.692587 0.465503 -20.731 -6.4929 0.69631
-20.8568 -6.41117 0.694324 2.29203 -20.731 -6.4929 0.69631
-20.6765 -6.49363 0.692587 0.465503 -20.731 -6.4929 0.69631
-20.6286 -6.29209 0.688074 0.70586 -20.731 -6.4929 0.69631
-20.8817 -6.33835 0.700729 0.749783 -20.731 -6.4929 0.69631
-20.8568 -6.41117 0.694324 2.29203 -20.731 -6.4929 0.69631
-20.9128 -6.39368 0.702085 0.502927 -20.731 -6.4929 0.69631
-20.7403 -6.39385 0.688601 0.568395 -20.731 -6.4929 0.69631
-20.7884 -6.36354 0.69856 2.1552 -20.731 -6.4929 0.69631
-20.8568 -6.41117 0.694324 2.29203 -20.731 -6.4929 0.69631
-20.9228 -6.33179 0.701621 0.358596 -20.731 -6.4929 0.69631
-20.7884 -6.36354 0.69856 2.1552 -20.731 -6.4929 0.69631
-20.8817 -6.33835 0.700729 0.749783 -20.731 -6.4929 0.69631
-20.8921 -6.48624 0.69921 1.2189 -20.731 -6.4929 0.69631
-20.8568 -6.41117 0.694324 2.29203 -20.731 -6.4929 0.69631
-20.6314 -6.32266 0.690575 1.19562 -20.731 -6.4929 0.69631
-20.8921 -6.48624 0.69921 1.2189 -20.731 -6.4929 0.69631
-20.8632 -6.23264 0.687594 0.599814 -20.731 -6.4929 0.69631
-20.6765 -6.49363 0.692587 0.465503 -20.731 -6.4929 0.69631
-20.6286 -6.29209 0.688074 0.70586 -20.731 -6.4929 0.69631
-20.6314 -6.32266 0.690575 1.19562 -20.731 -6.4929 0.69631
-20.8568 -6.41117 0.694324 2.29203 -20.731 -6.4929 0.69631
-20.9185 -6.40769 0.696231 1.66379 -20.731 -6.4929 0.69631
-20.6509 -6.30948 0.698024 0.630235 -20.731 -6.4929 0.69631
-20.7751 -6.59965 0.696671 0.292204 -20.731 -6.4929 0.69631
-20.7884 -6.36354 0.69856 2.1552 -20.731 -6.4929 0.69631
-20.9185 -6.40769 0.696231 1.66379 -20.731 -6.4929 0.69631
-21.0937 -6.27967 0.693806 0.046569 -20.731 -6.4929 0.69631
-20.9185 -6.40769 0.696231 1.66379 -20.731 -6.4929 0.69631
-20.8921 -6.48624 0.69921 1.2189 -20.731 -6.4929 0.69631
-20.9185 -6.40769 0.696231 1.66379 -20.731 -6.4929 0.69631
-20.8817 -6.33835 0.700729 0.749783 -20.731 -6.4929 0.69631
-20.9185 -6.40769 0.696231 1.66379 -20.731 -6.4929 0.69631
-20.6253 -6.30959 0.69948 0.206282 -20.731 -6.4929 0.69631
-20.7403 -6.39385 0.688601 0.568395 -20.731 -6.4929 0.69631
-20.7884 -6.36354 0.69856 2.1552 -20.731 -6.4929 0.69631
-20.7945 -6.42747 0.701097 1.02763 -20.731 -6.4929 0.69631
-20.6509 -6.30948 0.698024 0.630235 -20.731 -6.4929 0.69631
-20.6314 -6.32266 0.690575 1.19562 -20.731 -6.4929 0.69631
-20.8632 -6.23264 0.687594 0.599814 -20.731 -6.4929 0.69631
-20.9098 -6.27222 0.702704 0.0900035 -20.731 -6.4929 0.69631
-20.6509 -6.30948 0.698024 0.630235 -20.731 -6.4929 0.69631
-20.7296 -6.29444 0.70255 0.0969093 -20.731 -6.4929 0.69631
-20.7637 -6.49014 0.688099 0.0676206 -20.731 -6.4929 0.69631
-20.9185 -6.40769 0.696231 1.66379 -20.731 -6.4929 0.69631
-20.8568 -6.41117 0.694324 2.29203 -20.731 -6.4929 0.69631
-20.9128 -6.39368 0.702085 0.502927 -20.731 -6.4929 0.69631
-20.6509 -6.30948 0.698024 0.630235 -20.731 -6.4929 0.69631
-20.7296 -6.29444 0.70255 0.0969093 -20.731 -6.4929 0.69631
-20.6509 -6.30948 0.698024 0.630235 -20.731 -6.4929 0.69631
-20.7884 -6.36354 0.69856 2.1552 -20.731 -6.4929 0.69631
-20.9161 -6.21034 0.69829 0.349009 -20.731 -6.4929 0.69631
-20.8841 -6.1533 0.688121 0.456282 -20.731 -6.4929 0.69631
-20.9228 -6.33179 0.701621 0.358596 -20.731 -6.4929 0.69631
-20.8632 -6.23264 0.687594 0.599814 -20.731 -6.4929 0.69631
-20.9128 -6.39368 0.702085 0.502927 -20.731 -6.4929 0.69631
-20.8568 -6.41117 0.694324 2.29203 -20.731 -6.4929 0.69631
-20.7403 -6.39385 0.688601 0.568395 -20.731 -6.4929 0.69631
-20.8568 -6.41117 0.694324 2.29203 -20.731 -6.4929 0.69631
-20.9161 -6.21034 0.69829 0.349009 -20.731 -6.4929 0.69631
-20.6314 -6.32266 0.690575 1.19562 -20.731 -6.4929 0.69631
-20.6647 -6.14139 0.693925 0.488455 -20.731 -6.4929 0.69631
-20.9128 -6.39368 0.702085 0.502927 -20.731 -6.4929 0.69631
-20.8632 -6.23264 0.687594 0.599814 -20.731 -6.4929 0.69631
-20.7884 -6.36354 0.69856 2.1552 -20.731 -6.4929 0.69631
-20.9185 -6.40769 0.696231 1.66379 -20.731 -6.4929 0.69631
-20.6248 -6.08656 0.693326 0.138435 -20.731 -6.4929 0.69631
-20.8516 -6.51348 0.695867 1.0222 -20.731 -6.4929 0.69631
-20.8921 -6.48624 0.69921 1.2189 -20.731 -6.4929 0.69631
-20.8181 -6.52806 0.705095 0.152735 -20.731 -6.4929 0.69631
-20.6765 -6.49363 0.692587 0.465503 -20.731 -6.4929 0.69631
-20.9128 -6.39368 0.702085 0.502927 -20.731 -6.4929 0.69631
-20.9185 -6.40769 0.696231 1.66379 -20.731 -6.4929 0.69631
-20.6286 -6.29209 0.688074 0.70586 -20.731 -6.4929 0.69631
-20.7884 -6.36354 0.69856 2.1552 -20.731 -6.4929 0.69631
-20.7637 -6.49014 0.688099 0.0676206 -20.731 -6.4929 0.69631
-20.6173 -6.44792 0.695335 0.607375 -20.731 -6.4929 0.69631
-20.9185 -6.40769 0.696231 1.66379 -20.731 -6.4929 0.69631
-20.7884 -6.36354 0.69856 2.1552 -20.731 -6.4929 0.69631
-20.8921 -6.48624 0.69921 1.2189 -20.731 -6.4929 0.69631
-20.8921 -6.48624 0.69921 1.2189 -20.731 -6.4929 0.69631
-20.6647 -6.14139 0.693925 0.488455 -20.731 -6.4929 0.69631
-20.7884 -6.36354 0.69856 2.1552 -20.731 -6.4929 0.69631
-20.6456 -6.37324 0.683207 0.0150809 -20.731 -6.4929 0.69631
-20.8817 -6.33835 0.700729 0.749783 -20.731 -6.4929 0.69631
-20.7403 -6.39385 0.688601 0.568395 -20.731 -6.4929 0.69631
-20.762 -6.28608 0.701778 0.196571 -20.731 -6.4929 0.69631
-20.8568 -6.41117 0.694324 2.29203 -20.731 -6.4929 0.69631
-20.6765 -6.49363 0.692587 0.465503 -20.731 -6.4929 0.69631
-20.6173 -6.44792 0.695335 0.607375 -20.731 -6.4929 0.69631
-20.6314 -6.32266 0.690575 1.19562 -20.731 -6.4929 0.69631
-20.723 -6.72462 0.694165 0.00290205 -20.731 -6.4929 0.69631
-20.9098 -6.27222 0.702704 0.0900035 -20.731 -6.4929 0.69631
-20.762 -6.28608 0.701778 0.196571 -20.731 -6.4929 0.69631
-20.8568 -6.41117 0.694324 2.29203 -20.731 -6.4929 0.69631
-20.8516 -6.51348 0.695867 1.0222 -20.731 -6.4929 0.69631
-20.8632 -6.23264 0.687594 0.599814 -20.731 -6.4929 0.69631
-20.7884 -6.36354 0.69856 2.1552 -20.731 -6.4929 0.69631
-20.7884 -6.36354 0.69856 2.1552 -20.731 -6.4929 0.69631
-20.7751 -6.59965 0.696671 0.292204 -20.731 -6.4929 0.69631
-20.8568 -6.41117 0.694324 2.29203 -20.731 -6.4929 0.69631
-20.6509 -6.30948 0.698024 0.630235 -20.731 -6.4929 0.69631
-20.7884 -6.36354 0.69856 2.1552 -20.731 -6.4929 0.69631
-20.8181 -6.52806 0.705095 0.152735 -20.731 -6.4929 0.69631
-20.8568 -6.41117 0.694324 2.29203 -20.731 -6.4929 0.69631
-20.6248 -6.08656 0.693326 0.138435 -20.731 -6.4929 0.69631
-20.7945 -6.42747 0.701097 1.02763 -20.731 -6.4929 0.69631
-20.7945 -6.42747 0.701097 1.02763 -20.731 -6.4929 0.69631
-20.8879 -6.11151 0.695095 0.235792 -20.731 -6.4929 0.69631
-20.8568 -6.41117 0.694324 2.29203 -20.731 -6.4929 0.69631
-20.6314 -6.32266 0.690575 1.19562 -20.731 -6.4929 0.69631
-20.8568 -6.41117 0.694324 2.29203 -20.731 -6.4929 0.69631
-20.6635 -6.28053 0.682906 0.0565119 -20.731 -6.4929 0.69631
-20.9128 -6.39368 0.702085 0.502927 -20.731 -6.4929 0.69631
-20.6286 -6.29209 0.688074 0.70586 -20.731 -6.4929 0.69631
-20.7884 -6.36354 0.69856 2.1552 -20.731 -6.4929 0.69631
-20.8921 -6.48624 0.69921 1.2189 -20.731 -6.4929 0.69631
-20.8879 -6.11151 0.695095 0.235792 -20.731 -6.4929 0.69631
-20.6253 -6.30959 0.69948 0.206282 -20.731 -6.4929 0.69631
-20.8921 -6.48624 0.69921 1.2189 -20.731 -6.4929 0.69631
-20.8516 -6.51348 0.695867 1.0222 -20.731 -6.4929 0.69631
-20.8568 -6.41117 0.694324 2.29203 -20.731 -6.4929 0.69631
-20.8841 -6.1533 0.688121 0.456282 -20.731 -6.4929 0.69631
-20.7884 -6.36354 0.69856 2.1552 -20.731 -6.4929 0.69631
-20.6647 -6.14139 0.693925 0.488455 -20.731 -6.4929 0.69631
-20.7884 -6.36354 0.69856 2.1552 -20.731 -6.4929 0.69631
-20.7884 -6.36354 0.69856 2.1552 -20.731 -6.4929 0.69631
-20.8879 -6.11151 0.695095 0.235792 -20.731 -6.4929 0.69631
-20.7884 -6.36354 0.69856 2.1552 -20.731 -6.4929 0.69631
-20.7884 -6.36354 0.69856 2.1552 -20.731 -6.4929 0.69631
-20.6647 -6.14139 0.693925 0.488455 -20.731 -6.4929 0.69631
-20.8568 -6.41117 0.694324 2.29203 -20.731 -6.4929 0.69631
-20.6314 -6.32266 0.690575 1.19562 -20.731 -6.4929 0.69631
-20.9161 -6.21034 0.69829 0.349009 -20.731 -6.4929 0.69631
-20.9185 -6.40769 0.696231 1.66379 -20.731 -6.4929 0.69631
-20.6647 -6.14139 0.693925 0.488455 -20.731 -6.4929 0.69631
-20.9185 -6.40769 0.696231 1.66379 -20.731 -6.4929 0.69631
-20.9185 -6.40769 0.696231 1.66379 -20.731 -6.4929 0.69631
-20.9185 -6.40769 0.696231 1.66379 -20.731 -6.4929 0.69631
-20.8568 -6.41117 0.694324 2.29203 -20.731 -6.4929 0.69631
-20.8921 -6.48624 0.69921 1.2189 -20.731 -6.4929 0.69631
-20.6647 -6.14139 0.693925 0.488455 -20.731 -6.4929 0.69631
-20.7884 -6.36354 0.69856 2.1552 -20.731 -6.4929 0.69631
-20.9228 -6.33179 0.701621 0.358596 -20.731 -6.4929 0.69631
-20.7945 -6.42747 0.701097 1.02763 -20.731 -6.4929 0.69631
-20.8568 -6.41117 0.694324 2.29203 -20.731 -6.4929 0.69631
-20.7884 -6.36354 0.69856 2.1552 -20.731 -6.4929 0.69631
-20.9185 -6.40769 0.696231 1.66379 -20.731 -6.4929 0.69631
-20.9185 -6.40769 0.696231 1.66379 -20.731 -6.4929 0.69631
-20.6314 -6.32266 0.690575 1.19562 -20.731 -6.4929 0.69631
-21.0525 -6.45568 0.693491 0.057558 -20.731 -6.4929 0.69631
-20.7884 -6.36354 0.69856 2.1552 -20.731 -6.4929 0.69631
-20.9185 -6.40769 0.696231 1.66379 -20.731 -6.4929 0.69631
-20.8568 -6.41117 0.694324 2.29203 -20.731 -6.4929 0.69631
-20.9185 -6.40769 0.696231 1.66379 -20.731 -6.4929 0.69631
-21.0525 -6.45568 0.693491 0.057558 -20.731 -6.4929 0.69631
-20.8568 -6.41117 0.694324 2.29203 -20.731 -6.4929 0.69631
-20.7884 -6.36354 0.69856 2.1552 -20.731 -6.4929 0.69631
-20.9228 -6.33179 0.701621 0.358596 -20.731 -6.4929 0.69631
-20.9185 -6.40769 0.696231 1.66379 -20.731 -6.4929 0.69631
