-6.30221 1.65345 0.378169 0.00564769 -6.1721 1.6132 0.38347
-6.41125 1.29022 0.382418 0.0988896 -6.1721 1.6132 0.38347
-6.28249 1.49374 0.385729 0.0614749 -6.1721 1.6132 0.38347
-6.36528 1.37401 0.387089 0.149119 -6.1721 1.6132 0.38347
-6.45323 1.54518 0.38183 0.0460074 -6.1721 1.6132 0.38347
-6.41733 1.50361 0.377869 0.0233636 -6.1721 1.6132 0.38347
-6.49901 1.3178 0.380645 0.025614 -6.1721 1.6132 0.38347
-6.36763 1.49266 0.379459 0.078172 -6.1721 1.6132 0.38347
-6.56128 1.58913 0.382964 0.00545782 -6.1721 1.6132 0.38347
-6.25716 1.51653 0.3775 0.0323066 -6.1721 1.6132 0.38347
-6.4395 1.32631 0.385523 0.166542 -6.1721 1.6132 0.38347
-6.41125 1.29022 0.382418 0.0988896 -6.1721 1.6132 0.38347
-6.41125 1.29022 0.382418 0.0988896 -6.1721 1.6132 0.38347
-6.30051 1.37269 0.37811 0.0545761 -6.1721 1.6132 0.38347
-6.41733 1.50361 0.377869 0.0233636 -6.1721 1.6132 0.38347
-6.28249 1.49374 0.385729 0.0614749 -6.1721 1.6132 0.38347
-6.32186 1.50128 0.380205 0.0994071 -6.1721 1.6132 0.38347
-6.30051 1.37269 0.37811 0.0545761 -6.1721 1.6132 0.38347
-6.37753 1.29731 0.379893 0.0526816 -6.1721 1.6132 0.38347
-6.34385 1.52409 0.374346 0.00387236 -6.1721 1.6132 0.38347
-6.4395 1.32631 0.385523 0.166542 -6.1721 1.6132 0.38347
-6.28249 1.49374 0.385729 0.0614749 -6.1721 1.6132 0.38347
-6.45323 1.54518 0.38183 0.0460074 -6.1721 1.6132 0.38347
-6.36528 1.37401 0.387089 0.149119 -6.1721 1.6132 0.38347
-6.45323 1.54518 0.38183 0.0460074 -6.1721 1.6132 0.38347
-6.32186 1.50128 0.380205 0.0994071 -6.1721 1.6132 0.38347
-6.32186 1.50128 0.380205 0.0994071 -6.1721 1.6132 0.38347
-6.33417 1.38372 0.393904 0.00135504 -6.1721 1.6132 0.38347
-6.30051 1.37269 0.37811 0.0545761 -6.1721 1.6132 0.38347
-6.36763 1.49266 0.379459 0.078172 -6.1721 1.6132 0.38347
-6.48265 1.69159 0.387431 0.000732877 -6.1721 1.6132 0.38347
-6.4395 1.32631 0.385523 0.166542 -6.1721 1.6132 0.38347
-6.32186 1.50128 0.380205 0.0994071 -6.1721 1.6132 0.38347
-6.41125 1.29022 0.382418 0.0988896 -6.1721 1.6132 0.38347
-6.62325 1.28582 0.384447 0.00712515 -6.1721 1.6132 0.38347
-6.28249 1.49374 0.385729 0.0614749 -6.1721 1.6132 0.38347
-6.41125 1.29022 0.382418 0.0988896 -6.1721 1.6132 0.38347
-6.04862 1.43656 0.378726 0.00260463 -6.1721 1.6132 0.38347
-6.4395 1.32631 0.385523 0.166542 -6.1721 1.6132 0.38347
-6.27813 1.47287 0.375342 0.0135459 -6.1721 1.6132 0.38347
-6.36763 1.49266 0.379459 0.078172 -6.1721 1.6132 0.38347
-6.41145 1.29728 0.390189 0.0432594 -6.1721 1.6132 0.38347
-6.4395 1.32631 0.385523 0.166542 -6.1721 1.6132 0.38347
-6.4395 1.32631 0.385523 0.166542 -6.1721 1.6132 0.38347
-6.56512 1.48141 0.386329 0.030585 -6.1721 1.6132 0.38347
-6.26876 1.52624 0.381148 0.0718452 -6.1721 1.6132 0.38347
-6.26876 1.52624 0.381148 0.0718452 -6.1721 1.6132 0.38347
-6.36528 1.37401 0.387089 0.149119 -6.1721 1.6132 0.38347
-6.25716 1.51653 0.3775 0.0323066 -6.1721 1.6132 0.38347
-6.28249 1.49374 0.385729 0.0614749 -6.1721 1.6132 0.38347
-6.58428 1.38145 0.387374 0.0363705 -6.1721 1.6132 0.38347
-6.26876 1.52624 0.381148 0.0718452 -6.1721 1.6132 0.38347
-6.4395 1.32631 0.385523 0.166542 -6.1721 1.6132 0.38347
-6.45323 1.54518 0.38183 0.0460074 -6.1721 1.6132 0.38347
-6.45323 1.54518 0.38183 0.0460074 -6.1721 1.6132 0.38347
-6.30051 1.37269 0.37811 0.0545761 -6.1721 1.6132 0.38347
-6.36528 1.37401 0.387089 0.149119 -6.1721 1.6132 0.38347
-6.41125 1.29022 0.382418 0.0988896 -6.1721 1.6132 0.38347
-6.4395 1.32631 0.385523 0.166542 -6.1721 1.6132 0.38347
-6.49901 1.3178 0.380645 0.025614 -6.1721 1.6132 0.38347
-6.26876 1.52624 0.381148 0.0718452 -6.1721 1.6132 0.38347
-6.26876 1.52624 0.381148 0.0718452 -6.1721 1.6132 0.38347
-6.32186 1.50128 0.380205 0.0994071 -6.1721 1.6132 0.38347
-6.32186 1.50128 0.380205 0.0994071 -6.1721 1.6132 0.38347
-6.37753 1.29731 0.379893 0.0526816 -6.1721 1.6132 0.38347
-6.32186 1.50128 0.380205 0.0994071 -6.1721 1.6132 0.38347
-6.36763 1.49266 0.379459 0.078172 -6.1721 1.6132 0.38347
-6.4395 1.32631 0.385523 0.166542 -6.1721 1.6132 0.38347
-6.41125 1.29022 0.382418 0.0988896 -6.1721 1.6132 0.38347
-6.36528 1.37401 0.387089 0.149119 -6.1721 1.6132 0.38347
-6.41125 1.29022 0.382418 0.0988896 -6.1721 1.6132 0.38347
-6.32186 1.50128 0.380205 0.0994071 -6.1721 1.6132 0.38347
-6.41125 1.29022 0.382418 0.0988896 -6.1721 1.6132 0.38347
-6.36528 1.37401 0.387089 0.149119 -6.1721 1.6132 0.38347
-6.41125 1.29022 0.382418 0.0988896 -6.1721 1.6132 0.38347
-6.36763 1.49266 0.379459 0.078172 -6.1721 1.6132 0.38347
-6.26876 1.52624 0.381148 0.0718452 -6.1721 1.6132 0.38347
-6.37753 1.29731 0.379893 0.0526816 -6.1721 1.6132 0.38347
-6.32186 1.50128 0.380205 0.0994071 -6.1721 1.6132 0.38347
-6.24395 1.50018 0.384397 0.0530976 -6.1721 1.6132 0.38347
-6.37753 1.29731 0.379893 0.0526816 -6.1721 1.6132 0.38347
-6.56512 1.48141 0.386329 0.030585 -6.1721 1.6132 0.38347
-6.41125 1.29022 0.382418 0.0988896 -6.1721 1.6132 0.38347
-6.36528 1.37401 0.387089 0.149119 -6.1721 1.6132 0.38347
-6.41125 1.29022 0.382418 0.0988896 -6.1721 1.6132 0.38347
-6.41145 1.29728 0.390189 0.0432594 -6.1721 1.6132 0.38347
-6.36528 1.37401 0.387089 0.149119 -6.1721 1.6132 0.38347
-6.56128 1.58913 0.382964 0.00545782 -6.1721 1.6132 0.38347
-6.4395 1.32631 0.385523 0.166542 -6.1721 1.6132 0.38347
-5.99237 1.39824 0.376687 0.000366182 -6.1721 1.6132 0.38347
-6.26876 1.52624 0.381148 0.0718452 -6.1721 1.6132 0.38347
-6.36763 1.49266 0.379459 0.078172 -6.1721 1.6132 0.38347
-6.30051 1.37269 0.37811 0.0545761 -6.1721 1.6132 0.38347
-6.41125 1.29022 0.382418 0.0988896 -6.1721 1.6132 0.38347
-6.28838 1.32685 0.392767 0.00201253 -6.1721 1.6132 0.38347
-6.41125 1.29022 0.382418 0.0988896 -6.1721 1.6132 0.38347
-6.30051 1.37269 0.37811 0.0545761 -6.1721 1.6132 0.38347
-6.32186 1.50128 0.380205 0.0994071 -6.1721 1.6132 0.38347
-6.41125 1.29022 0.382418 0.0988896 -6.1721 1.6132 0.38347
-6.41125 1.29022 0.382418 0.0988896 -6.1721 1.6132 0.38347
-6.30051 1.37269 0.37811 0.0545761 -6.1721 1.6132 0.38347
-6.32186 1.50128 0.380205 0.0994071 -6.1721 1.6132 0.38347
-6.41145 1.29728 0.390189 0.0432594 -6.1721 1.6132 0.38347
-6.32186 1.50128 0.380205 0.0994071 -6.1721 1.6132 0.38347
-6.37753 1.29731 0.379893 0.0526816 -6.1721 1.6132 0.38347
-6.28249 1.49374 0.385729 0.0614749 -6.1721 1.6132 0.38347
-6.36763 1.49266 0.379459 0.078172 -6.1721 1.6132 0.38347
-6.34385 1.52409 0.374346 0.00387236 -6.1721 1.6132 0.38347
-6.56512 1.48141 0.386329 0.030585 -6.1721 1.6132 0.38347
-6.36763 1.49266 0.379459 0.078172 -6.1721 1.6132 0.38347
-6.37753 1.29731 0.379893 0.0526816 -6.1721 1.6132 0.38347
-6.41125 1.29022 0.382418 0.0988896 -6.1721 1.6132 0.38347
-6.41145 1.29728 0.390189 0.0432594 -6.1721 1.6132 0.38347
-6.36528 1.37401 0.387089 0.149119 -6.1721 1.6132 0.38347
-6.36528 1.37401 0.387089 0.149119 -6.1721 1.6132 0.38347
-6.45323 1.54518 0.38183 0.0460074 -6.1721 1.6132 0.38347
-6.4395 1.32631 0.385523 0.166542 -6.1721 1.6132 0.38347
-6.32186 1.50128 0.380205 0.0994071 -6.1721 1.6132 0.38347
-6.62325 1.28582 0.384447 0.00712515 -6.1721 1.6132 0.38347
-6.37753 1.29731 0.379893 0.0526816 -6.1721 1.6132 0.38347
-6.26876 1.52624 0.381148 0.0718452 -6.1721 1.6132 0.38347
-6.49901 1.3178 0.380645 0.025614 -6.1721 1.6132 0.38347
-6.49901 1.3178 0.380645 0.025614 -6.1721 1.6132 0.38347
-6.30051 1.37269 0.37811 0.0545761 -6.1721 1.6132 0.38347
-6.4395 1.32631 0.385523 0.166542 -6.1721 1.6132 0.38347
-6.41125 1.29022 0.382418 0.0988896 -6.1721 1.6132 0.38347
-6.49901 1.3178 0.380645 0.025614 -6.1721 1.6132 0.38347
-6.49901 1.3178 0.380645 0.025614 -6.1721 1.6132 0.38347
-6.4395 1.32631 0.385523 0.166542 -6.1721 1.6132 0.38347
-6.41125 1.29022 0.382418 0.0988896 -6.1721 1.6132 0.38347
-6.58428 1.38145 0.387374 0.0363705 -6.1721 1.6132 0.38347
-6.36528 1.37401 0.387089 0.149119 -6.1721 1.6132 0.38347
-6.4395 1.32631 0.385523 0.166542 -6.1721 1.6132 0.38347
-6.56512 1.48141 0.386329 0.030585 -6.1721 1.6132 0.38347
-6.41145 1.29728 0.390189 0.0432594 -6.1721 1.6132 0.38347
-6.36763 1.49266 0.379459 0.078172 -6.1721 1.6132 0.38347
-6.41145 1.29728 0.390189 0.0432594 -6.1721 1.6132 0.38347
-6.56512 1.48141 0.386329 0.030585 -6.1721 1.6132 0.38347
-6.25716 1.51653 0.3775 0.0323066 -6.1721 1.6132 0.38347
-6.36763 1.49266 0.379459 0.078172 -6.1721 1.6132 0.38347
-6.4395 1.32631 0.385523 0.166542 -6.1721 1.6132 0.38347
-6.41733 1.50361 0.377869 0.0233636 -6.1721 1.6132 0.38347
-6.45323 1.54518 0.38183 0.0460074 -6.1721 1.6132 0.38347
-6.25716 1.51653 0.3775 0.0323066 -6.1721 1.6132 0.38347
-6.36763 1.49266 0.379459 0.078172 -6.1721 1.6132 0.38347
-6.41145 1.29728 0.390189 0.0432594 -6.1721 1.6132 0.38347
-6.41125 1.29022 0.382418 0.0988896 -6.1721 1.6132 0.38347
-6.58428 1.38145 0.387374 0.0363705 -6.1721 1.6132 0.38347
-6.25716 1.51653 0.3775 0.0323066 -6.1721 1.6132 0.38347
-6.58428 1.38145 0.387374 0.0363705 -6.1721 1.6132 0.38347
-6.58428 1.38145 0.387374 0.0363705 -6.1721 1.6132 0.38347
-6.30051 1.37269 0.37811 0.0545761 -6.1721 1.6132 0.38347
-6.36528 1.37401 0.387089 0.149119 -6.1721 1.6132 0.38347
-6.36528 1.37401 0.387089 0.149119 -6.1721 1.6132 0.38347
-6.4395 1.32631 0.385523 0.166542 -6.1721 1.6132 0.38347
-6.37753 1.29731 0.379893 0.0526816 -6.1721 1.6132 0.38347
-6.36528 1.37401 0.387089 0.149119 -6.1721 1.6132 0.38347
-6.32186 1.50128 0.380205 0.0994071 -6.1721 1.6132 0.38347
-6.30051 1.37269 0.37811 0.0545761 -6.1721 1.6132 0.38347
-6.49901 1.3178 0.380645 0.025614 -6.1721 1.6132 0.38347
-6.17322 1.58399 0.378984 0.00978613 -6.1721 1.6132 0.38347
-6.36763 1.49266 0.379459 0.078172 -6.1721 1.6132 0.38347
-6.25716 1.51653 0.3775 0.0323066 -6.1721 1.6132 0.38347
-6.41145 1.29728 0.390189 0.0432594 -6.1721 1.6132 0.38347
-6.4395 1.32631 0.385523 0.166542 -6.1721 1.6132 0.38347
-6.36763 1.49266 0.379459 0.078172 -6.1721 1.6132 0.38347
-6.4395 1.32631 0.385523 0.166542 -6.1721 1.6132 0.38347
-6.04862 1.43656 0.378726 0.00260463 -6.1721 1.6132 0.38347
-6.24395 1.50018 0.384397 0.0530976 -6.1721 1.6132 0.38347
-6.37753 1.29731 0.379893 0.0526816 -6.1721 1.6132 0.38347
-6.41125 1.29022 0.382418 0.0988896 -6.1721 1.6132 0.38347
-6.36528 1.37401 0.387089 0.149119 -6.1721 1.6132 0.38347
-6.4395 1.32631 0.385523 0.166542 -6.1721 1.6132 0.38347
-6.45323 1.54518 0.38183 0.0460074 -6.1721 1.6132 0.38347
-6.4395 1.32631 0.385523 0.166542 -6.1721 1.6132 0.38347
-6.30051 1.37269 0.37811 0.0545761 -6.1721 1.6132 0.38347
-6.41125 1.29022 0.382418 0.0988896 -6.1721 1.6132 0.38347
-6.46782 1.35849 0.377873 0.0111788 -6.1721 1.6132 0.38347
-6.32186 1.50128 0.380205 0.0994071 -6.1721 1.6132 0.38347
-6.45323 1.54518 0.38183 0.0460074 -6.1721 1.6132 0.38347
-6.32186 1.50128 0.380205 0.0994071 -6.1721 1.6132 0.38347
-6.25716 1.51653 0.3775 0.0323066 -6.1721 1.6132 0.38347
-6.58428 1.38145 0.387374 0.0363705 -6.1721 1.6132 0.38347
-6.25716 1.51653 0.3775 0.0323066 -6.1721 1.6132 0.38347
-6.32186 1.50128 0.380205 0.0994071 -6.1721 1.6132 0.38347
-6.36763 1.49266 0.379459 0.078172 -6.1721 1.6132 0.38347
-6.4395 1.32631 0.385523 0.166542 -6.1721 1.6132 0.38347
-6.49901 1.3178 0.380645 0.025614 -6.1721 1.6132 0.38347
-6.4395 1.32631 0.385523 0.166542 -6.1721 1.6132 0.38347
-6.30051 1.37269 0.37811 0.0545761 -6.1721 1.6132 0.38347
-6.26876 1.52624 0.381148 0.0718452 -6.1721 1.6132 0.38347
-6.36528 1.37401 0.387089 0.149119 -6.1721 1.6132 0.38347
-6.37753 1.29731 0.379893 0.0526816 -6.1721 1.6132 0.38347
-6.4395 1.32631 0.385523 0.166542 -6.1721 1.6132 0.38347
-6.27813 1.47287 0.375342 0.0135459 -6.1721 1.6132 0.38347
-6.36763 1.49266 0.379459 0.078172 -6.1721 1.6132 0.38347
-6.24395 1.50018 0.384397 0.0530976 -6.1721 1.6132 0.38347
-6.4395 1.32631 0.385523 0.166542 -6.1721 1.6132 0.38347
-6.4395 1.32631 0.385523 0.166542 -6.1721 1.6132 0.38347
-6.4395 1.32631 0.385523 0.166542 -6.1721 1.6132 0.38347
