86.2521 -32.4103 3.58441 0.0149881 86.277 -32.106 3.592
86.1786 -32.2833 3.58693 0.0145176 86.277 -32.106 3.592
86.3997 -32.4128 3.58357 0.00434521 86.277 -32.106 3.592
86.2175 -32.1201 3.59411 0.00553989 86.277 -32.106 3.592
86.0043 -32.4008 3.58906 0.00141913 86.277 -32.106 3.592
86.1105 -32.3696 3.5822 0.000460348 86.277 -32.106 3.592
86.1528 -32.4369 3.58488 0.00987676 86.277 -32.106 3.592
86.2923 -32.1453 3.594 0.0064945 86.277 -32.106 3.592
86.1786 -32.2833 3.58693 0.0145176 86.277 -32.106 3.592
86.1528 -32.4369 3.58488 0.00987676 86.277 -32.106 3.592
86.1383 -32.2842 3.59281 0.00956599 86.277 -32.106 3.592
86.1786 -32.2833 3.58693 0.0145176 86.277 -32.106 3.592
86.2521 -32.4103 3.58441 0.0149881 86.277 -32.106 3.592
86.2521 -32.4103 3.58441 0.0149881 86.277 -32.106 3.592
86.4986 -32.3643 3.58274 0.000279041 86.277 -32.106 3.592
86.1383 -32.2842 3.59281 0.00956599 86.277 -32.106 3.592
86.0043 -32.4008 3.58906 0.00141913 86.277 -32.106 3.592
86.3462 -32.1887 3.59338 0.00728532 86.277 -32.106 3.592
86.1383 -32.2842 3.59281 0.00956599 86.277 -32.106 3.592
86.2923 -32.1453 3.594 0.0064945 86.277 -32.106 3.592
86.3997 -32.4128 3.58357 0.00434521 86.277 -32.106 3.592
86.3301 -32.1453 3.5938 0.00540992 86.277 -32.106 3.592
86.1528 -32.4369 3.58488 0.00987676 86.277 -32.106 3.592
86.0253 -32.2426 3.58718 0.000819675 86.277 -32.106 3.592
86.2521 -32.4103 3.58441 0.0149881 86.277 -32.106 3.592
86.1528 -32.4369 3.58488 0.00987676 86.277 -32.106 3.592
86.1125 -32.2024 3.59611 0.00110215 86.277 -32.106 3.592
86.1125 -32.2024 3.59611 0.00110215 86.277 -32.106 3.592
86.238 -32.5974 3.58797 0.00275192 86.277 -32.106 3.592
86.3462 -32.1887 3.59338 0.00728532 86.277 -32.106 3.592
86.3447 -32.1923 3.58953 0.0115059 86.277 -32.106 3.592
86.3301 -32.1453 3.5938 0.00540992 86.277 -32.106 3.592
86.4053 -32.5523 3.57979 0.000328951 86.277 -32.106 3.592
86.0043 -32.4008 3.58906 0.00141913 86.277 -32.106 3.592
86.1786 -32.2833 3.58693 0.0145176 86.277 -32.106 3.592
86.3462 -32.1887 3.59338 0.00728532 86.277 -32.106 3.592
86.4053 -32.5523 3.57979 0.000328951 86.277 -32.106 3.592
86.238 -32.5974 3.58797 0.00275192 86.277 -32.106 3.592
86.1383 -32.2842 3.59281 0.00956599 86.277 -32.106 3.592
86.1383 -32.2842 3.59281 0.00956599 86.277 -32.106 3.592
86.0884 -32.0744 3.59372 0.00107058 86.277 -32.106 3.592
86.3462 -32.1887 3.59338 0.00728532 86.277 -32.106 3.592
86.0559 -32.3143 3.59488 0.000584435 86.277 -32.106 3.592
86.2175 -32.1201 3.59411 0.00553989 86.277 -32.106 3.592
86.0253 -32.2426 3.58718 0.000819675 86.277 -32.106 3.592
86.0635 -32.2503 3.58706 0.00198558 86.277 -32.106 3.592
86.3462 -32.1887 3.59338 0.00728532 86.277 -32.106 3.592
86.1383 -32.2842 3.59281 0.00956599 86.277 -32.106 3.592
86.1786 -32.2833 3.58693 0.0145176 86.277 -32.106 3.592
86.1786 -32.2833 3.58693 0.0145176 86.277 -32.106 3.592
86.238 -32.5974 3.58797 0.00275192 86.277 -32.106 3.592
86.0253 -32.2426 3.58718 0.000819675 86.277 -32.106 3.592
86.3447 -32.1923 3.58953 0.0115059 86.277 -32.106 3.592
86.1786 -32.2833 3.58693 0.0145176 86.277 -32.106 3.592
86.3462 -32.1887 3.59338 0.00728532 86.277 -32.106 3.592
86.0559 -32.3143 3.59488 0.000584435 86.277 -32.106 3.592
86.1528 -32.4369 3.58488 0.00987676 86.277 -32.106 3.592
86.4684 -32.6122 3.5849 0.000639902 86.277 -32.106 3.592
86.3447 -32.1923 3.58953 0.0115059 86.277 -32.106 3.592
86.1528 -32.4369 3.58488 0.00987676 86.277 -32.106 3.592
86.1528 -32.4369 3.58488 0.00987676 86.277 -32.106 3.592
86.1815 -32.4487 3.58177 0.00169622 86.277 -32.106 3.592
86.238 -32.5974 3.58797 0.00275192 86.277 -32.106 3.592
86.2923 -32.1453 3.594 0.0064945 86.277 -32.106 3.592
86.3997 -32.4128 3.58357 0.00434521 86.277 -32.106 3.592
86.2175 -32.1201 3.59411 0.00553989 86.277 -32.106 3.592
86.0635 -32.2503 3.58706 0.00198558 86.277 -32.106 3.592
86.3447 -32.1923 3.58953 0.0115059 86.277 -32.106 3.592
86.2521 -32.4103 3.58441 0.0149881 86.277 -32.106 3.592
86.1786 -32.2833 3.58693 0.0145176 86.277 -32.106 3.592
86.3997 -32.4128 3.58357 0.00434521 86.277 -32.106 3.592
86.1528 -32.4369 3.58488 0.00987676 86.277 -32.106 3.592
86.1786 -32.2833 3.58693 0.0145176 86.277 -32.106 3.592
86.1786 -32.2833 3.58693 0.0145176 86.277 -32.106 3.592
86.3301 -32.1453 3.5938 0.00540992 86.277 -32.106 3.592
86.1383 -32.2842 3.59281 0.00956599 86.277 -32.106 3.592
86.1786 -32.2833 3.58693 0.0145176 86.277 -32.106 3.592
86.1786 -32.2833 3.58693 0.0145176 86.277 -32.106 3.592
86.2521 -32.4103 3.58441 0.0149881 86.277 -32.106 3.592
86.3447 -32.1923 3.58953 0.0115059 86.277 -32.106 3.592
85.9358 -32.298 3.58998 0.000239567 86.277 -32.106 3.592
86.238 -32.5974 3.58797 0.00275192 86.277 -32.106 3.592
86.238 -32.5974 3.58797 0.00275192 86.277 -32.106 3.592
86.1528 -32.4369 3.58488 0.00987676 86.277 -32.106 3.592
86.2175 -32.1201 3.59411 0.00553989 86.277 -32.106 3.592
86.1786 -32.2833 3.58693 0.0145176 86.277 -32.106 3.592
86.1528 -32.4369 3.58488 0.00987676 86.277 -32.106 3.592
86.1528 -32.4369 3.58488 0.00987676 86.277 -32.106 3.592
86.2521 -32.4103 3.58441 0.0149881 86.277 -32.106 3.592
86.2175 -32.1201 3.59411 0.00553989 86.277 -32.106 3.592
86.1786 -32.2833 3.58693 0.0145176 86.277 -32.106 3.592
86.3462 -32.1887 3.59338 0.00728532 86.277 -32.106 3.592
86.2521 -32.4103 3.58441 0.0149881 86.277 -32.106 3.592
86.1786 -32.2833 3.58693 0.0145176 86.277 -32.106 3.592
86.2923 -32.1453 3.594 0.0064945 86.277 -32.106 3.592
86.3997 -32.4128 3.58357 0.00434521 86.277 -32.106 3.592
86.2175 -32.1201 3.59411 0.00553989 86.277 -32.106 3.592
86.1383 -32.2842 3.59281 0.00956599 86.277 -32.106 3.592
86.3997 -32.4128 3.58357 0.00434521 86.277 -32.106 3.592
86.2521 -32.4103 3.58441 0.0149881 86.277 -32.106 3.592
86.1528 -32.4369 3.58488 0.00987676 86.277 -32.106 3.592
86.1786 -32.2833 3.58693 0.0145176 86.277 -32.106 3.592
86.3207 -32.6649 3.58781 0.000437977 86.277 -32.106 3.592
86.2923 -32.1453 3.594 0.0064945 86.277 -32.106 3.592
86.2175 -32.1201 3.59411 0.00553989 86.277 -32.106 3.592
86.3301 -32.1453 3.5938 0.00540992 86.277 -32.106 3.592
86.2521 -32.4103 3.58441 0.0149881 86.277 -32.106 3.592
86.0635 -32.2503 3.58706 0.00198558 86.277 -32.106 3.592
86.1528 -32.4369 3.58488 0.00987676 86.277 -32.106 3.592
86.3301 -32.1453 3.5938 0.00540992 86.277 -32.106 3.592
86.2521 -32.4103 3.58441 0.0149881 86.277 -32.106 3.592
86.4569 -32.2141 3.58732 0.0015675 86.277 -32.106 3.592
86.238 -32.5974 3.58797 0.00275192 86.277 -32.106 3.592
86.3447 -32.1923 3.58953 0.0115059 86.277 -32.106 3.592
86.1383 -32.2842 3.59281 0.00956599 86.277 -32.106 3.592
86.3462 -32.1887 3.59338 0.00728532 86.277 -32.106 3.592
86.1528 -32.4369 3.58488 0.00987676 86.277 -32.106 3.592
86.2521 -32.4103 3.58441 0.0149881 86.277 -32.106 3.592
86.0635 -32.2503 3.58706 0.00198558 86.277 -32.106 3.592
86.3447 -32.1923 3.58953 0.0115059 86.277 -32.106 3.592
86.3447 -32.1923 3.58953 0.0115059 86.277 -32.106 3.592
86.2521 -32.4103 3.58441 0.0149881 86.277 -32.106 3.592
86.1815 -32.4487 3.58177 0.00169622 86.277 -32.106 3.592
86.1786 -32.2833 3.58693 0.0145176 86.277 -32.106 3.592
86.2175 -32.1201 3.59411 0.00553989 86.277 -32.106 3.592
86.2923 -32.1453 3.594 0.0064945 86.277 -32.106 3.592
86.2923 -32.1453 3.594 0.0064945 86.277 -32.106 3.592
86.2923 -32.1453 3.594 0.0064945 86.277 -32.106 3.592
86.2175 -32.1201 3.59411 0.00553989 86.277 -32.106 3.592
86.2521 -32.4103 3.58441 0.0149881 86.277 -32.106 3.592
86.3997 -32.4128 3.58357 0.00434521 86.277 -32.106 3.592
86.1528 -32.4369 3.58488 0.00987676 86.277 -32.106 3.592
86.1383 -32.2842 3.59281 0.00956599 86.277 -32.106 3.592
86.1786 -32.2833 3.58693 0.0145176 86.277 -32.106 3.592
86.2923 -32.1453 3.594 0.0064945 86.277 -32.106 3.592
86.3447 -32.1923 3.58953 0.0115059 86.277 -32.106 3.592
86.2521 -32.4103 3.58441 0.0149881 86.277 -32.106 3.592
86.3301 -32.1453 3.5938 0.00540992 86.277 -32.106 3.592
86.1815 -32.4487 3.58177 0.00169622 86.277 -32.106 3.592
86.3997 -32.4128 3.58357 0.00434521 86.277 -32.106 3.592
86.1528 -32.4369 3.58488 0.00987676 86.277 -32.106 3.592
86.2521 -32.4103 3.58441 0.0149881 86.277 -32.106 3.592
86.1528 -32.4369 3.58488 0.00987676 86.277 -32.106 3.592
86.1786 -32.2833 3.58693 0.0145176 86.277 -32.106 3.592
86.2175 -32.1201 3.59411 0.00553989 86.277 -32.106 3.592
86.2521 -32.4103 3.58441 0.0149881 86.277 -32.106 3.592
86.1528 -32.4369 3.58488 0.00987676 86.277 -32.106 3.592
86.1786 -32.2833 3.58693 0.0145176 86.277 -32.106 3.592
86.3447 -32.1923 3.58953 0.0115059 86.277 -32.106 3.592
86.1786 -32.2833 3.58693 0.0145176 86.277 -32.106 3.592
86.1383 -32.2842 3.59281 0.00956599 86.277 -32.106 3.592
86.4482 -32.2 3.58553 0.000449368 86.277 -32.106 3.592
86.1383 -32.2842 3.59281 0.00956599 86.277 -32.106 3.592
86.2521 -32.4103 3.58441 0.0149881 86.277 -32.106 3.592
86.2521 -32.4103 3.58441 0.0149881 86.277 -32.106 3.592
86.1383 -32.2842 3.59281 0.00956599 86.277 -32.106 3.592
86.3447 -32.1923 3.58953 0.0115059 86.277 -32.106 3.592
86.1786 -32.2833 3.58693 0.0145176 86.277 -32.106 3.592
86.3447 -32.1923 3.58953 0.0115059 86.277 -32.106 3.592
86.1815 -32.4487 3.58177 0.00169622 86.277 -32.106 3.592
86.1786 -32.2833 3.58693 0.0145176 86.277 -32.106 3.592
86.2521 -32.4103 3.58441 0.0149881 86.277 -32.106 3.592
86.1383 -32.2842 3.59281 0.00956599 86.277 -32.106 3.592
86.2521 -32.4103 3.58441 0.0149881 86.277 -32.106 3.592
86.3447 -32.1923 3.58953 0.0115059 86.277 -32.106 3.592
86.3462 -32.1887 3.59338 0.00728532 86.277 -32.106 3.592
86.1528 -32.4369 3.58488 0.00987676 86.277 -32.106 3.592
86.1786 -32.2833 3.58693 0.0145176 86.277 -32.106 3.592
86.3997 -32.4128 3.58357 0.00434521 86.277 -32.106 3.592
86.1383 -32.2842 3.59281 0.00956599 86.277 -32.106 3.592
86.3447 -32.1923 3.58953 0.0115059 86.277 -32.106 3.592
86.2521 -32.4103 3.58441 0.0149881 86.277 -32.106 3.592
86.1528 -32.4369 3.58488 0.00987676 86.277 -32.106 3.592
86.1786 -32.2833 3.58693 0.0145176 86.277 -32.106 3.592
86.3301 -32.1453 3.5938 0.00540992 86.277 -32.106 3.592
86.1786 -32.2833 3.58693 0.0145176 86.277 -32.106 3.592
86.4569 -32.2141 3.58732 0.0015675 86.277 -32.106 3.592
86.2521 -32.4103 3.58441 0.0149881 86.277 -32.106 3.592
86.1383 -32.2842 3.59281 0.00956599 86.277 -32.106 3.592
86.2175 -32.1201 3.59411 0.00553989 86.277 -32.106 3.592
86.3301 -32.1453 3.5938 0.00540992 86.277 -32.106 3.592
86.3301 -32.1453 3.5938 0.00540992 86.277 -32.106 3.592
86.3447 -32.1923 3.58953 0.0115059 86.277 -32.106 3.592
86.3447 -32.1923 3.58953 0.0115059 86.277 -32.106 3.592
86.238 -32.5974 3.58797 0.00275192 86.277 -32.106 3.592
86.3447 -32.1923 3.58953 0.0115059 86.277 -32.106 3.592
86.3447 -32.1923 3.58953 0.0115059 86.277 -32.106 3.592
86.2521 -32.4103 3.58441 0.0149881 86.277 -32.106 3.592
86.0635 -32.2503 3.58706 0.00198558 86.277 -32.106 3.592
86.3447 -32.1923 3.58953 0.0115059 86.277 -32.106 3.592
86.3462 -32.1887 3.59338 0.00728532 86.277 -32.106 3.592
86.3301 -32.1453 3.5938 0.00540992 86.277 -32.106 3.592
86.2521 -32.4103 3.58441 0.0149881 86.277 -32.106 3.592
86.1528 -32.4369 3.58488 0.00987676 86.277 -32.106 3.592
86.2923 -32.1453 3.594 0.0064945 86.277 -32.106 3.592
86.3997 -32.4128 3.58357 0.00434521 86.277 -32.106 3.592
86.1383 -32.2842 3.59281 0.00956599 86.277 -32.106 3.592
86.0884 -32.0744 3.59372 0.00107058 86.277 -32.106 3.592
86.2923 -32.1453 3.594 0.0064945 86.277 -32.106 3.592
86.3301 -32.1453 3.5938 0.00540992 86.277 -32.106 3.592
