205.822 25.5129 0.0688406 0.0108307 205.61 25.451 0.065331
205.634 25.3339 0.0646429 0.0363092 205.61 25.451 0.065331
205.45 24.9942 0.0691899 6.23684e-05 205.61 25.451 0.065331
205.617 25.4595 0.0682895 0.0414665 205.61 25.451 0.065331
205.529 25.3753 0.0719629 0.0243135 205.61 25.451 0.065331
205.555 25.1945 0.0642945 0.00900391 205.61 25.451 0.065331
205.607 25.4446 0.0684765 0.0432172 205.61 25.451 0.065331
205.585 25.4113 0.0647226 0.0298398 205.61 25.451 0.065331
205.607 25.1774 0.0591479 0.00304327 205.61 25.451 0.065331
205.723 25.4993 0.0692932 0.0273908 205.61 25.451 0.065331
205.607 25.4446 0.0684765 0.0432172 205.61 25.451 0.065331
205.723 25.4993 0.0692932 0.0273908 205.61 25.451 0.065331
205.861 25.4711 0.0769103 0.000873059 205.61 25.451 0.065331
205.535 25.2824 0.0751889 0.00610444 205.61 25.451 0.065331
205.529 25.3753 0.0719629 0.0243135 205.61 25.451 0.065331
205.617 25.4595 0.0682895 0.0414665 205.61 25.451 0.065331
205.753 25.5721 0.0684609 0.0116971 205.61 25.451 0.065331
205.555 25.1945 0.0642945 0.00900391 205.61 25.451 0.065331
205.585 25.4113 0.0647226 0.0298398 205.61 25.451 0.065331
205.76 25.5401 0.0698301 0.0149844 205.61 25.451 0.065331
205.723 25.4993 0.0692932 0.0273908 205.61 25.451 0.065331
205.537 25.4578 0.066028 0.0224379 205.61 25.451 0.065331
205.555 25.1945 0.0642945 0.00900391 205.61 25.451 0.065331
205.842 25.1973 0.0558057 0.000728163 205.61 25.451 0.065331
205.617 25.4595 0.0682895 0.0414665 205.61 25.451 0.065331
205.607 25.1774 0.0591479 0.00304327 205.61 25.451 0.065331
205.76 25.5401 0.0698301 0.0149844 205.61 25.451 0.065331
205.76 25.5401 0.0698301 0.0149844 205.61 25.451 0.065331
205.555 25.1945 0.0642945 0.00900391 205.61 25.451 0.065331
205.486 25.3188 0.0755307 0.00548694 205.61 25.451 0.065331
205.723 25.4993 0.0692932 0.0273908 205.61 25.451 0.065331
205.56 25.364 0.0564361 0.00115323 205.61 25.451 0.065331
205.387 25.4604 0.0759718 0.00249497 205.61 25.451 0.065331
205.555 25.1945 0.0642945 0.00900391 205.61 25.451 0.065331
205.607 25.4446 0.0684765 0.0432172 205.61 25.451 0.065331
205.541 25.1822 0.0689387 0.00753554 205.61 25.451 0.065331
205.541 25.1822 0.0689387 0.00753554 205.61 25.451 0.065331
205.73 25.4613 0.0634056 0.020357 205.61 25.451 0.065331
205.537 25.4578 0.066028 0.0224379 205.61 25.451 0.065331
205.529 25.3753 0.0719629 0.0243135 205.61 25.451 0.065331
205.752 25.2004 0.0607631 0.00702261 205.61 25.451 0.065331
205.585 25.4113 0.0647226 0.0298398 205.61 25.451 0.065331
205.472 25.364 0.0744963 0.00869778 205.61 25.451 0.065331
205.576 25.2522 0.0727868 0.0109473 205.61 25.451 0.065331
205.657 25.6011 0.0678596 0.0111187 205.61 25.451 0.065331
205.634 25.3339 0.0646429 0.0363092 205.61 25.451 0.065331
205.585 25.4113 0.0647226 0.0298398 205.61 25.451 0.065331
205.634 25.3339 0.0646429 0.0363092 205.61 25.451 0.065331
205.723 25.4993 0.0692932 0.0273908 205.61 25.451 0.065331
205.585 25.4113 0.0647226 0.0298398 205.61 25.451 0.065331
205.617 25.4595 0.0682895 0.0414665 205.61 25.451 0.065331
205.723 25.4993 0.0692932 0.0273908 205.61 25.451 0.065331
205.617 25.4595 0.0682895 0.0414665 205.61 25.451 0.065331
205.822 25.5129 0.0688406 0.0108307 205.61 25.451 0.065331
205.537 25.4578 0.066028 0.0224379 205.61 25.451 0.065331
205.73 25.4613 0.0634056 0.020357 205.61 25.451 0.065331
205.607 25.4446 0.0684765 0.0432172 205.61 25.451 0.065331
205.617 25.4595 0.0682895 0.0414665 205.61 25.451 0.065331
205.822 25.5129 0.0688406 0.0108307 205.61 25.451 0.065331
205.537 25.4578 0.066028 0.0224379 205.61 25.451 0.065331
205.607 25.4446 0.0684765 0.0432172 205.61 25.451 0.065331
205.585 25.4113 0.0647226 0.0298398 205.61 25.451 0.065331
205.69 25.7614 0.06414 0.000191289 205.61 25.451 0.065331
205.617 25.4595 0.0682895 0.0414665 205.61 25.451 0.065331
205.529 25.3753 0.0719629 0.0243135 205.61 25.451 0.065331
205.753 25.5721 0.0684609 0.0116971 205.61 25.451 0.065331
205.617 25.4595 0.0682895 0.0414665 205.61 25.451 0.065331
205.644 25.1486 0.069581 0.00576678 205.61 25.451 0.065331
205.839 25.3336 0.0702658 0.00958825 205.61 25.451 0.065331
205.657 25.6011 0.0678596 0.0111187 205.61 25.451 0.065331
205.607 25.1774 0.0591479 0.00304327 205.61 25.451 0.065331
205.585 25.4113 0.0647226 0.0298398 205.61 25.451 0.065331
205.688 25.5507 0.061697 0.00547833 205.61 25.451 0.065331
205.607 25.1774 0.0591479 0.00304327 205.61 25.451 0.065331
205.607 25.4446 0.0684765 0.0432172 205.61 25.451 0.065331
205.585 25.4113 0.0647226 0.0298398 205.61 25.451 0.065331
205.607 25.4446 0.0684765 0.0432172 205.61 25.451 0.065331
205.585 25.4113 0.0647226 0.0298398 205.61 25.451 0.065331
205.585 25.4113 0.0647226 0.0298398 205.61 25.451 0.065331
205.535 25.2824 0.0751889 0.00610444 205.61 25.451 0.065331
205.753 25.5721 0.0684609 0.0116971 205.61 25.451 0.065331
205.657 25.6011 0.0678596 0.0111187 205.61 25.451 0.065331
205.76 25.5401 0.0698301 0.0149844 205.61 25.451 0.065331
205.607 25.4446 0.0684765 0.0432172 205.61 25.451 0.065331
205.537 25.4578 0.066028 0.0224379 205.61 25.451 0.065331
205.617 25.4595 0.0682895 0.0414665 205.61 25.451 0.065331
205.529 25.3753 0.0719629 0.0243135 205.61 25.451 0.065331
205.404 25.3879 0.0587719 0.000383263 205.61 25.451 0.065331
205.535 25.2824 0.0751889 0.00610444 205.61 25.451 0.065331
205.753 25.5721 0.0684609 0.0116971 205.61 25.451 0.065331
205.576 25.2522 0.0727868 0.0109473 205.61 25.451 0.065331
205.607 25.4446 0.0684765 0.0432172 205.61 25.451 0.065331
205.535 25.2824 0.0751889 0.00610444 205.61 25.451 0.065331
205.585 25.4113 0.0647226 0.0298398 205.61 25.451 0.065331
205.657 25.6011 0.0678596 0.0111187 205.61 25.451 0.065331
205.535 25.2824 0.0751889 0.00610444 205.61 25.451 0.065331
205.529 25.3753 0.0719629 0.0243135 205.61 25.451 0.065331
205.634 25.6657 0.0744012 0.003139 205.61 25.451 0.065331
205.607 25.4446 0.0684765 0.0432172 205.61 25.451 0.065331
205.607 25.4446 0.0684765 0.0432172 205.61 25.451 0.065331
205.611 25.1283 0.0713405 0.00268968 205.61 25.451 0.065331
205.529 25.3753 0.0719629 0.0243135 205.61 25.451 0.065331
205.644 25.1486 0.069581 0.00576678 205.61 25.451 0.065331
205.752 25.2004 0.0607631 0.00702261 205.61 25.451 0.065331
205.723 25.4993 0.0692932 0.0273908 205.61 25.451 0.065331
205.657 25.6011 0.0678596 0.0111187 205.61 25.451 0.065331
205.607 25.4446 0.0684765 0.0432172 205.61 25.451 0.065331
205.607 25.4446 0.0684765 0.0432172 205.61 25.451 0.065331
205.378 25.426 0.0599508 0.000343432 205.61 25.451 0.065331
205.585 25.4113 0.0647226 0.0298398 205.61 25.451 0.065331
205.541 25.36 0.0621112 0.0121595 205.61 25.451 0.065331
205.634 25.3339 0.0646429 0.0363092 205.61 25.451 0.065331
205.73 25.4613 0.0634056 0.020357 205.61 25.451 0.065331
205.617 25.4595 0.0682895 0.0414665 205.61 25.451 0.065331
205.723 25.4993 0.0692932 0.0273908 205.61 25.451 0.065331
205.585 25.4113 0.0647226 0.0298398 205.61 25.451 0.065331
205.753 25.5721 0.0684609 0.0116971 205.61 25.451 0.065331
205.541 25.36 0.0621112 0.0121595 205.61 25.451 0.065331
205.822 25.5129 0.0688406 0.0108307 205.61 25.451 0.065331
205.537 25.4578 0.066028 0.0224379 205.61 25.451 0.065331
205.839 25.3336 0.0702658 0.00958825 205.61 25.451 0.065331
205.839 25.3336 0.0702658 0.00958825 205.61 25.451 0.065331
205.607 25.4446 0.0684765 0.0432172 205.61 25.451 0.065331
205.541 25.36 0.0621112 0.0121595 205.61 25.451 0.065331
205.618 25.7057 0.0743773 0.00161457 205.61 25.451 0.065331
205.529 25.3502 0.0772003 0.00480686 205.61 25.451 0.065331
205.634 25.3339 0.0646429 0.0363092 205.61 25.451 0.065331
205.76 25.5401 0.0698301 0.0149844 205.61 25.451 0.065331
205.529 25.3753 0.0719629 0.0243135 205.61 25.451 0.065331
205.76 25.5401 0.0698301 0.0149844 205.61 25.451 0.065331
205.607 25.4446 0.0684765 0.0432172 205.61 25.451 0.065331
205.634 25.3339 0.0646429 0.0363092 205.61 25.451 0.065331
205.541 25.36 0.0621112 0.0121595 205.61 25.451 0.065331
205.438 25.31 0.0626403 0.00364206 205.61 25.451 0.065331
205.607 25.4446 0.0684765 0.0432172 205.61 25.451 0.065331
205.644 25.1486 0.069581 0.00576678 205.61 25.451 0.065331
205.753 25.5721 0.0684609 0.0116971 205.61 25.451 0.065331
205.607 25.4446 0.0684765 0.0432172 205.61 25.451 0.065331
205.607 25.1774 0.0591479 0.00304327 205.61 25.451 0.065331
205.535 25.2824 0.0751889 0.00610444 205.61 25.451 0.065331
205.634 25.3339 0.0646429 0.0363092 205.61 25.451 0.065331
205.657 25.6011 0.0678596 0.0111187 205.61 25.451 0.065331
205.634 25.3339 0.0646429 0.0363092 205.61 25.451 0.065331
205.657 25.6011 0.0678596 0.0111187 205.61 25.451 0.065331
205.657 25.6011 0.0678596 0.0111187 205.61 25.451 0.065331
205.842 25.1973 0.0558057 0.000728163 205.61 25.451 0.065331
205.531 25.3476 0.0780464 0.00327288 205.61 25.451 0.065331
205.529 25.3753 0.0719629 0.0243135 205.61 25.451 0.065331
205.617 25.4595 0.0682895 0.0414665 205.61 25.451 0.065331
205.617 25.4595 0.0682895 0.0414665 205.61 25.451 0.065331
205.723 25.4993 0.0692932 0.0273908 205.61 25.451 0.065331
205.585 25.4113 0.0647226 0.0298398 205.61 25.451 0.065331
205.657 25.6011 0.0678596 0.0111187 205.61 25.451 0.065331
205.634 25.3339 0.0646429 0.0363092 205.61 25.451 0.065331
205.387 25.4604 0.0759718 0.00249497 205.61 25.451 0.065331
205.822 25.5129 0.0688406 0.0108307 205.61 25.451 0.065331
205.514 25.1475 0.064633 0.00350592 205.61 25.451 0.065331
205.644 25.1486 0.069581 0.00576678 205.61 25.451 0.065331
205.617 25.4595 0.0682895 0.0414665 205.61 25.451 0.065331
205.617 25.4595 0.0682895 0.0414665 205.61 25.451 0.065331
205.607 25.4446 0.0684765 0.0432172 205.61 25.451 0.065331
205.529 25.3753 0.0719629 0.0243135 205.61 25.451 0.065331
205.634 25.3339 0.0646429 0.0363092 205.61 25.451 0.065331
205.607 25.4446 0.0684765 0.0432172 205.61 25.451 0.065331
205.76 25.5401 0.0698301 0.0149844 205.61 25.451 0.065331
205.723 25.4993 0.0692932 0.0273908 205.61 25.451 0.065331
205.585 25.4113 0.0647226 0.0298398 205.61 25.451 0.065331
205.541 25.36 0.0621112 0.0121595 205.61 25.451 0.065331
205.576 25.2522 0.0727868 0.0109473 205.61 25.451 0.065331
205.657 25.6011 0.0678596 0.0111187 205.61 25.451 0.065331
205.535 25.2824 0.0751889 0.00610444 205.61 25.451 0.065331
205.529 25.3753 0.0719629 0.0243135 205.61 25.451 0.065331
205.529 25.3753 0.0719629 0.0243135 205.61 25.451 0.065331
205.76 25.5401 0.0698301 0.0149844 205.61 25.451 0.065331
205.752 25.2004 0.0607631 0.00702261 205.61 25.451 0.065331
205.514 25.1475 0.064633 0.00350592 205.61 25.451 0.065331
205.723 25.4993 0.0692932 0.0273908 205.61 25.451 0.065331
205.617 25.4595 0.0682895 0.0414665 205.61 25.451 0.065331
205.585 25.4113 0.0647226 0.0298398 205.61 25.451 0.065331
205.752 25.2004 0.0607631 0.00702261 205.61 25.451 0.065331
205.514 25.1475 0.064633 0.00350592 205.61 25.451 0.065331
205.529 25.3753 0.0719629 0.0243135 205.61 25.451 0.065331
205.76 25.5401 0.0698301 0.0149844 205.61 25.451 0.065331
205.537 25.4578 0.066028 0.0224379 205.61 25.451 0.065331
205.607 25.4446 0.0684765 0.0432172 205.61 25.451 0.065331
205.514 25.1475 0.064633 0.00350592 205.61 25.451 0.065331
205.634 25.3339 0.0646429 0.0363092 205.61 25.451 0.065331
205.607 25.4446 0.0684765 0.0432172 205.61 25.451 0.065331
205.541 25.36 0.0621112 0.0121595 205.61 25.451 0.065331
205.541 25.36 0.0621112 0.0121595 205.61 25.451 0.065331
205.535 25.2824 0.0751889 0.00610444 205.61 25.451 0.065331
205.555 25.1945 0.0642945 0.00900391 205.61 25.451 0.065331
205.617 25.4595 0.0682895 0.0414665 205.61 25.451 0.065331
205.617 25.4595 0.0682895 0.0414665 205.61 25.451 0.065331
205.822 25.5129 0.0688406 0.0108307 205.61 25.451 0.065331
205.555 25.1945 0.0642945 0.00900391 205.61 25.451 0.065331
205.529 25.3753 0.0719629 0.0243135 205.61 25.451 0.065331
205.535 25.2824 0.0751889 0.00610444 205.61 25.451 0.065331
205.634 25.6657 0.0744012 0.003139 205.61 25.451 0.065331
205.634 25.3339 0.0646429 0.0363092 205.61 25.451 0.065331
