21.5457 8.52463 0.212223 0.0571277 21.611 8.6062 0.20886
21.6442 8.40336 0.212771 0.152848 21.611 8.6062 0.20886
21.7253 8.33086 0.21139 0.0960997 21.611 8.6062 0.20886
21.757 8.23431 0.208991 0.0277791 21.611 8.6062 0.20886
21.6052 8.53842 0.209431 0.0506982 21.611 8.6062 0.20886
21.6442 8.40336 0.212771 0.152848 21.611 8.6062 0.20886
21.5415 8.52303 0.211571 0.0531638 21.611 8.6062 0.20886
21.6304 8.30719 0.21092 0.111735 21.611 8.6062 0.20886
21.6442 8.40336 0.212771 0.152848 21.611 8.6062 0.20886
21.5444 8.46541 0.208114 0.032275 21.611 8.6062 0.20886
21.5358 8.41893 0.211354 0.100681 21.611 8.6062 0.20886
21.5358 8.41893 0.211354 0.100681 21.611 8.6062 0.20886
21.6442 8.40336 0.212771 0.152848 21.611 8.6062 0.20886
21.6442 8.40336 0.212771 0.152848 21.611 8.6062 0.20886
21.6442 8.40336 0.212771 0.152848 21.611 8.6062 0.20886
21.5457 8.52463 0.212223 0.0571277 21.611 8.6062 0.20886
21.6442 8.40336 0.212771 0.152848 21.611 8.6062 0.20886
21.5457 8.52463 0.212223 0.0571277 21.611 8.6062 0.20886
21.5415 8.52303 0.211571 0.0531638 21.611 8.6062 0.20886
21.6304 8.30719 0.21092 0.111735 21.611 8.6062 0.20886
21.6304 8.30719 0.21092 0.111735 21.611 8.6062 0.20886
21.5415 8.52303 0.211571 0.0531638 21.611 8.6062 0.20886
21.6304 8.30719 0.21092 0.111735 21.611 8.6062 0.20886
21.6052 8.53842 0.209431 0.0506982 21.611 8.6062 0.20886
21.6742 8.24104 0.205809 0.0131417 21.611 8.6062 0.20886
21.5457 8.52463 0.212223 0.0571277 21.611 8.6062 0.20886
21.7253 8.33086 0.21139 0.0960997 21.611 8.6062 0.20886
21.6304 8.30719 0.21092 0.111735 21.611 8.6062 0.20886
21.8216 8.59985 0.205807 0.00767375 21.611 8.6062 0.20886
21.5104 8.51666 0.210502 0.0315191 21.611 8.6062 0.20886
21.6304 8.30719 0.21092 0.111735 21.611 8.6062 0.20886
21.6304 8.30719 0.21092 0.111735 21.611 8.6062 0.20886
21.5358 8.41893 0.211354 0.100681 21.611 8.6062 0.20886
21.5083 8.5959 0.217215 0.0057468 21.611 8.6062 0.20886
21.4892 8.47409 0.214334 0.0565117 21.611 8.6062 0.20886
21.5358 8.41893 0.211354 0.100681 21.611 8.6062 0.20886
21.7253 8.33086 0.21139 0.0960997 21.611 8.6062 0.20886
21.6442 8.40336 0.212771 0.152848 21.611 8.6062 0.20886
21.5415 8.52303 0.211571 0.0531638 21.611 8.6062 0.20886
21.8668 8.17348 0.210701 0.00131272 21.611 8.6062 0.20886
21.5457 8.52463 0.212223 0.0571277 21.611 8.6062 0.20886
21.8116 8.55719 0.211662 0.0108677 21.611 8.6062 0.20886
21.5104 8.51666 0.210502 0.0315191 21.611 8.6062 0.20886
21.5358 8.41893 0.211354 0.100681 21.611 8.6062 0.20886
21.5415 8.52303 0.211571 0.0531638 21.611 8.6062 0.20886
21.6304 8.30719 0.21092 0.111735 21.611 8.6062 0.20886
21.5104 8.51666 0.210502 0.0315191 21.611 8.6062 0.20886
21.4892 8.47409 0.214334 0.0565117 21.611 8.6062 0.20886
21.5415 8.52303 0.211571 0.0531638 21.611 8.6062 0.20886
21.5104 8.51666 0.210502 0.0315191 21.611 8.6062 0.20886
21.6052 8.53842 0.209431 0.0506982 21.611 8.6062 0.20886
21.5415 8.52303 0.211571 0.0531638 21.611 8.6062 0.20886
21.7253 8.33086 0.21139 0.0960997 21.611 8.6062 0.20886
21.4892 8.47409 0.214334 0.0565117 21.611 8.6062 0.20886
21.6442 8.40336 0.212771 0.152848 21.611 8.6062 0.20886
21.5415 8.52303 0.211571 0.0531638 21.611 8.6062 0.20886
21.6413 8.2649 0.219789 0.00154564 21.611 8.6062 0.20886
21.6742 8.24104 0.205809 0.0131417 21.611 8.6062 0.20886
21.6442 8.40336 0.212771 0.152848 21.611 8.6062 0.20886
21.7253 8.33086 0.21139 0.0960997 21.611 8.6062 0.20886
21.7253 8.33086 0.21139 0.0960997 21.611 8.6062 0.20886
21.5415 8.52303 0.211571 0.0531638 21.611 8.6062 0.20886
21.6442 8.40336 0.212771 0.152848 21.611 8.6062 0.20886
21.6442 8.40336 0.212771 0.152848 21.611 8.6062 0.20886
21.5358 8.41893 0.211354 0.100681 21.611 8.6062 0.20886
21.6442 8.40336 0.212771 0.152848 21.611 8.6062 0.20886
21.4892 8.47409 0.214334 0.0565117 21.611 8.6062 0.20886
21.757 8.23431 0.208991 0.0277791 21.611 8.6062 0.20886
21.4892 8.47409 0.214334 0.0565117 21.611 8.6062 0.20886
21.757 8.23431 0.208991 0.0277791 21.611 8.6062 0.20886
21.7253 8.33086 0.21139 0.0960997 21.611 8.6062 0.20886
21.6304 8.30719 0.21092 0.111735 21.611 8.6062 0.20886
21.5457 8.52463 0.212223 0.0571277 21.611 8.6062 0.20886
21.6304 8.30719 0.21092 0.111735 21.611 8.6062 0.20886
21.5444 8.46541 0.208114 0.032275 21.611 8.6062 0.20886
21.6442 8.40336 0.212771 0.152848 21.611 8.6062 0.20886
21.5457 8.52463 0.212223 0.0571277 21.611 8.6062 0.20886
21.5415 8.52303 0.211571 0.0531638 21.611 8.6062 0.20886
21.5415 8.52303 0.211571 0.0531638 21.611 8.6062 0.20886
21.5358 8.41893 0.211354 0.100681 21.611 8.6062 0.20886
21.5415 8.52303 0.211571 0.0531638 21.611 8.6062 0.20886
21.5809 8.36751 0.220704 0.00326541 21.611 8.6062 0.20886
21.4892 8.47409 0.214334 0.0565117 21.611 8.6062 0.20886
21.5457 8.52463 0.212223 0.0571277 21.611 8.6062 0.20886
21.4892 8.47409 0.214334 0.0565117 21.611 8.6062 0.20886
21.4892 8.47409 0.214334 0.0565117 21.611 8.6062 0.20886
21.7253 8.33086 0.21139 0.0960997 21.611 8.6062 0.20886
21.6442 8.40336 0.212771 0.152848 21.611 8.6062 0.20886
21.4892 8.47409 0.214334 0.0565117 21.611 8.6062 0.20886
21.5083 8.5959 0.217215 0.0057468 21.611 8.6062 0.20886
21.6442 8.40336 0.212771 0.152848 21.611 8.6062 0.20886
21.6304 8.30719 0.21092 0.111735 21.611 8.6062 0.20886
21.5457 8.52463 0.212223 0.0571277 21.611 8.6062 0.20886
21.5358 8.41893 0.211354 0.100681 21.611 8.6062 0.20886
21.5083 8.5959 0.217215 0.0057468 21.611 8.6062 0.20886
21.757 8.23431 0.208991 0.0277791 21.611 8.6062 0.20886
21.6304 8.30719 0.21092 0.111735 21.611 8.6062 0.20886
21.5358 8.41893 0.211354 0.100681 21.611 8.6062 0.20886
21.5358 8.41893 0.211354 0.100681 21.611 8.6062 0.20886
21.6442 8.40336 0.212771 0.152848 21.611 8.6062 0.20886
21.7253 8.33086 0.21139 0.0960997 21.611 8.6062 0.20886
21.7253 8.33086 0.21139 0.0960997 21.611 8.6062 0.20886
21.6442 8.40336 0.212771 0.152848 21.611 8.6062 0.20886
21.757 8.23431 0.208991 0.0277791 21.611 8.6062 0.20886
21.6742 8.24104 0.205809 0.0131417 21.611 8.6062 0.20886
21.6442 8.40336 0.212771 0.152848 21.611 8.6062 0.20886
21.5457 8.52463 0.212223 0.0571277 21.611 8.6062 0.20886
21.6442 8.40336 0.212771 0.152848 21.611 8.6062 0.20886
21.5415 8.52303 0.211571 0.0531638 21.611 8.6062 0.20886
21.7253 8.33086 0.21139 0.0960997 21.611 8.6062 0.20886
21.5444 8.46541 0.208114 0.032275 21.611 8.6062 0.20886
21.6726 8.20032 0.202969 0.000888215 21.611 8.6062 0.20886
21.6304 8.30719 0.21092 0.111735 21.611 8.6062 0.20886
21.757 8.23431 0.208991 0.0277791 21.611 8.6062 0.20886
21.5457 8.52463 0.212223 0.0571277 21.611 8.6062 0.20886
21.7253 8.33086 0.21139 0.0960997 21.611 8.6062 0.20886
21.7253 8.33086 0.21139 0.0960997 21.611 8.6062 0.20886
21.4892 8.47409 0.214334 0.0565117 21.611 8.6062 0.20886
21.5104 8.51666 0.210502 0.0315191 21.611 8.6062 0.20886
21.4892 8.47409 0.214334 0.0565117 21.611 8.6062 0.20886
21.7253 8.33086 0.21139 0.0960997 21.611 8.6062 0.20886
21.6304 8.30719 0.21092 0.111735 21.611 8.6062 0.20886
21.5457 8.52463 0.212223 0.0571277 21.611 8.6062 0.20886
21.5457 8.52463 0.212223 0.0571277 21.611 8.6062 0.20886
21.5358 8.41893 0.211354 0.100681 21.611 8.6062 0.20886
21.3751 8.27808 0.211604 0.00274652 21.611 8.6062 0.20886
21.5415 8.52303 0.211571 0.0531638 21.611 8.6062 0.20886
21.6304 8.30719 0.21092 0.111735 21.611 8.6062 0.20886
21.6742 8.24104 0.205809 0.0131417 21.611 8.6062 0.20886
21.3751 8.27808 0.211604 0.00274652 21.611 8.6062 0.20886
21.5358 8.41893 0.211354 0.100681 21.611 8.6062 0.20886
21.6442 8.40336 0.212771 0.152848 21.611 8.6062 0.20886
21.6052 8.53842 0.209431 0.0506982 21.611 8.6062 0.20886
21.7253 8.33086 0.21139 0.0960997 21.611 8.6062 0.20886
21.6442 8.40336 0.212771 0.152848 21.611 8.6062 0.20886
21.6052 8.53842 0.209431 0.0506982 21.611 8.6062 0.20886
21.5358 8.41893 0.211354 0.100681 21.611 8.6062 0.20886
21.6442 8.40336 0.212771 0.152848 21.611 8.6062 0.20886
21.8216 8.59985 0.205807 0.00767375 21.611 8.6062 0.20886
21.5415 8.52303 0.211571 0.0531638 21.611 8.6062 0.20886
21.4892 8.47409 0.214334 0.0565117 21.611 8.6062 0.20886
21.5415 8.52303 0.211571 0.0531638 21.611 8.6062 0.20886
21.6442 8.40336 0.212771 0.152848 21.611 8.6062 0.20886
21.5457 8.52463 0.212223 0.0571277 21.611 8.6062 0.20886
21.6052 8.53842 0.209431 0.0506982 21.611 8.6062 0.20886
21.7253 8.33086 0.21139 0.0960997 21.611 8.6062 0.20886
21.5358 8.41893 0.211354 0.100681 21.611 8.6062 0.20886
21.5104 8.51666 0.210502 0.0315191 21.611 8.6062 0.20886
21.7253 8.33086 0.21139 0.0960997 21.611 8.6062 0.20886
21.8216 8.59985 0.205807 0.00767375 21.611 8.6062 0.20886
22.038 8.36612 0.21145 5.78747e-05 21.611 8.6062 0.20886
21.6304 8.30719 0.21092 0.111735 21.611 8.6062 0.20886
21.757 8.23431 0.208991 0.0277791 21.611 8.6062 0.20886
21.8116 8.55719 0.211662 0.0108677 21.611 8.6062 0.20886
21.757 8.23431 0.208991 0.0277791 21.611 8.6062 0.20886
21.4892 8.47409 0.214334 0.0565117 21.611 8.6062 0.20886
21.5415 8.52303 0.211571 0.0531638 21.611 8.6062 0.20886
21.5415 8.52303 0.211571 0.0531638 21.611 8.6062 0.20886
21.5358 8.41893 0.211354 0.100681 21.611 8.6062 0.20886
21.5457 8.52463 0.212223 0.0571277 21.611 8.6062 0.20886
21.7253 8.33086 0.21139 0.0960997 21.611 8.6062 0.20886
21.7253 8.33086 0.21139 0.0960997 21.611 8.6062 0.20886
21.7253 8.33086 0.21139 0.0960997 21.611 8.6062 0.20886
21.6304 8.30719 0.21092 0.111735 21.611 8.6062 0.20886
21.4892 8.47409 0.214334 0.0565117 21.611 8.6062 0.20886
21.6304 8.30719 0.21092 0.111735 21.611 8.6062 0.20886
21.5745 8.7145 0.209433 0.00076722 21.611 8.6062 0.20886
21.7253 8.33086 0.21139 0.0960997 21.611 8.6062 0.20886
21.7253 8.33086 0.21139 0.0960997 21.611 8.6062 0.20886
21.7253 8.33086 0.21139 0.0960997 21.611 8.6062 0.20886
21.5444 8.46541 0.208114 0.032275 21.611 8.6062 0.20886
21.4892 8.47409 0.214334 0.0565117 21.611 8.6062 0.20886
21.5444 8.46541 0.208114 0.032275 21.611 8.6062 0.20886
21.6442 8.40336 0.212771 0.152848 21.611 8.6062 0.20886
21.6442 8.40336 0.212771 0.152848 21.611 8.6062 0.20886
21.5358 8.41893 0.211354 0.100681 21.611 8.6062 0.20886
21.5457 8.52463 0.212223 0.0571277 21.611 8.6062 0.20886
21.6442 8.40336 0.212771 0.152848 21.611 8.6062 0.20886
21.5415 8.52303 0.211571 0.0531638 21.611 8.6062 0.20886
21.6442 8.40336 0.212771 0.152848 21.611 8.6062 0.20886
21.6304 8.30719 0.21092 0.111735 21.611 8.6062 0.20886
21.5457 8.52463 0.212223 0.0571277 21.611 8.6062 0.20886
21.7064 8.63644 0.215606 0.00166338 21.611 8.6062 0.20886
21.8753 8.50849 0.197102 0.000105265 21.611 8.6062 0.20886
21.6304 8.30719 0.21092 0.111735 21.611 8.6062 0.20886
21.6052 8.53842 0.209431 0.0506982 21.611 8.6062 0.20886
21.6442 8.40336 0.212771 0.152848 21.611 8.6062 0.20886
21.6442 8.40336 0.212771 0.152848 21.611 8.6062 0.20886
21.4892 8.47409 0.214334 0.0565117 21.611 8.6062 0.20886
21.5457 8.52463 0.212223 0.0571277 21.611 8.6062 0.20886
21.757 8.23431 0.208991 0.0277791 21.611 8.6062 0.20886
21.5415 8.52303 0.211571 0.0531638 21.611 8.6062 0.20886
21.6304 8.30719 0.21092 0.111735 21.611 8.6062 0.20886
21.757 8.23431 0.208991 0.0277791 21.611 8.6062 0.20886
21.5358 8.41893 0.211354 0.100681 21.611 8.6062 0.20886
21.6304 8.30719 0.21092 0.111735 21.611 8.6062 0.20886
21.7253 8.33086 0.21139 0.0960997 21.611 8.6062 0.20886
21.6442 8.40336 0.212771 0.152848 21.611 8.6062 0.20886
21.5104 8.51666 0.210502 0.0315191 21.611 8.6062 0.20886
21.5415 8.52303 0.211571 0.0531638 21.611 8.6062 0.20886
