41.4752 -69.0004 3.9307 0.273268 41.577 -68.968 3.9369
41.3577 -69.0619 3.93383 0.0194139 41.577 -68.968 3.9369
41.707 -68.8435 3.93186 0.0651871 41.577 -68.968 3.9369
41.5243 -68.923 3.93099 0.348632 41.577 -68.968 3.9369
41.5917 -69.1203 3.93448 0.0927721 41.577 -68.968 3.9369
41.6715 -69.0234 3.93292 0.19267 41.577 -68.968 3.9369
41.5656 -69.2114 3.9294 0.0108121 41.577 -68.968 3.9369
41.5243 -68.923 3.93099 0.348632 41.577 -68.968 3.9369
41.7159 -68.8323 3.93522 0.0752008 41.577 -68.968 3.9369
41.5243 -68.923 3.93099 0.348632 41.577 -68.968 3.9369
41.5243 -68.923 3.93099 0.348632 41.577 -68.968 3.9369
41.7109 -68.8651 3.93593 0.10669 41.577 -68.968 3.9369
41.5917 -69.1203 3.93448 0.0927721 41.577 -68.968 3.9369
41.707 -68.8435 3.93186 0.0651871 41.577 -68.968 3.9369
41.643 -69.0321 3.93914 0.0573352 41.577 -68.968 3.9369
41.4752 -69.0004 3.9307 0.273268 41.577 -68.968 3.9369
41.4752 -69.0004 3.9307 0.273268 41.577 -68.968 3.9369
41.4752 -69.0004 3.9307 0.273268 41.577 -68.968 3.9369
41.6715 -69.0234 3.93292 0.19267 41.577 -68.968 3.9369
41.5817 -69.1125 3.93248 0.121878 41.577 -68.968 3.9369
41.6715 -69.0234 3.93292 0.19267 41.577 -68.968 3.9369
41.3116 -68.9452 3.92531 0.0155469 41.577 -68.968 3.9369
41.5917 -69.1203 3.93448 0.0927721 41.577 -68.968 3.9369
41.7109 -68.8651 3.93593 0.10669 41.577 -68.968 3.9369
41.6877 -68.8066 3.93516 0.071804 41.577 -68.968 3.9369
41.5817 -69.1125 3.93248 0.121878 41.577 -68.968 3.9369
41.6715 -69.0234 3.93292 0.19267 41.577 -68.968 3.9369
41.7159 -68.8323 3.93522 0.0752008 41.577 -68.968 3.9369
41.4188 -69.0518 3.93732 0.0129947 41.577 -68.968 3.9369
41.3577 -69.0619 3.93383 0.0194139 41.577 -68.968 3.9369
41.4752 -69.0004 3.9307 0.273268 41.577 -68.968 3.9369
41.707 -68.8435 3.93186 0.0651871 41.577 -68.968 3.9369
41.835 -69.1085 3.94062 0.00238454 41.577 -68.968 3.9369
41.6715 -69.0234 3.93292 0.19267 41.577 -68.968 3.9369
41.3339 -69 3.931 0.0398267 41.577 -68.968 3.9369
41.5243 -68.923 3.93099 0.348632 41.577 -68.968 3.9369
41.6715 -69.0234 3.93292 0.19267 41.577 -68.968 3.9369
41.5243 -68.923 3.93099 0.348632 41.577 -68.968 3.9369
41.4752 -69.0004 3.9307 0.273268 41.577 -68.968 3.9369
41.5243 -68.923 3.93099 0.348632 41.577 -68.968 3.9369
41.4752 -69.0004 3.9307 0.273268 41.577 -68.968 3.9369
41.5268 -68.9645 3.93975 0.0250463 41.577 -68.968 3.9369
41.4752 -69.0004 3.9307 0.273268 41.577 -68.968 3.9369
41.5243 -68.923 3.93099 0.348632 41.577 -68.968 3.9369
41.4752 -69.0004 3.9307 0.273268 41.577 -68.968 3.9369
41.643 -69.0321 3.93914 0.0573352 41.577 -68.968 3.9369
41.5243 -68.923 3.93099 0.348632 41.577 -68.968 3.9369
41.4752 -69.0004 3.9307 0.273268 41.577 -68.968 3.9369
41.7109 -68.8651 3.93593 0.10669 41.577 -68.968 3.9369
41.7628 -68.8595 3.94133 0.010412 41.577 -68.968 3.9369
41.6877 -68.8066 3.93516 0.071804 41.577 -68.968 3.9369
41.434 -68.807 3.92887 0.0542584 41.577 -68.968 3.9369
41.8841 -68.8764 3.94113 0.00215853 41.577 -68.968 3.9369
41.707 -68.8435 3.93186 0.0651871 41.577 -68.968 3.9369
41.6715 -69.0234 3.93292 0.19267 41.577 -68.968 3.9369
41.4752 -69.0004 3.9307 0.273268 41.577 -68.968 3.9369
41.5656 -69.2114 3.9294 0.0108121 41.577 -68.968 3.9369
41.7109 -68.8651 3.93593 0.10669 41.577 -68.968 3.9369
41.707 -68.8435 3.93186 0.0651871 41.577 -68.968 3.9369
41.4752 -69.0004 3.9307 0.273268 41.577 -68.968 3.9369
41.5457 -68.9398 3.94027 0.0217782 41.577 -68.968 3.9369
41.6715 -69.0234 3.93292 0.19267 41.577 -68.968 3.9369
41.5243 -68.923 3.93099 0.348632 41.577 -68.968 3.9369
41.5578 -68.7118 3.93314 0.020578 41.577 -68.968 3.9369
41.5817 -69.1125 3.93248 0.121878 41.577 -68.968 3.9369
41.6715 -69.0234 3.93292 0.19267 41.577 -68.968 3.9369
41.3339 -69 3.931 0.0398267 41.577 -68.968 3.9369
41.5243 -68.923 3.93099 0.348632 41.577 -68.968 3.9369
41.5817 -69.1125 3.93248 0.121878 41.577 -68.968 3.9369
41.4752 -69.0004 3.9307 0.273268 41.577 -68.968 3.9369
41.5243 -68.923 3.93099 0.348632 41.577 -68.968 3.9369
41.5243 -68.923 3.93099 0.348632 41.577 -68.968 3.9369
41.4752 -69.0004 3.9307 0.273268 41.577 -68.968 3.9369
41.5817 -69.1125 3.93248 0.121878 41.577 -68.968 3.9369
41.6715 -69.0234 3.93292 0.19267 41.577 -68.968 3.9369
41.6715 -69.0234 3.93292 0.19267 41.577 -68.968 3.9369
41.5917 -69.1203 3.93448 0.0927721 41.577 -68.968 3.9369
41.5243 -68.923 3.93099 0.348632 41.577 -68.968 3.9369
41.4211 -68.8731 3.93395 0.0779935 41.577 -68.968 3.9369
41.6715 -69.0234 3.93292 0.19267 41.577 -68.968 3.9369
41.758 -69.0607 3.93805 0.0337375 41.577 -68.968 3.9369
41.5817 -69.1125 3.93248 0.121878 41.577 -68.968 3.9369
41.5268 -68.9645 3.93975 0.0250463 41.577 -68.968 3.9369
41.5917 -69.1203 3.93448 0.0927721 41.577 -68.968 3.9369
41.4752 -69.0004 3.9307 0.273268 41.577 -68.968 3.9369
41.5243 -68.923 3.93099 0.348632 41.577 -68.968 3.9369
41.5917 -69.1203 3.93448 0.0927721 41.577 -68.968 3.9369
41.6877 -68.8066 3.93516 0.071804 41.577 -68.968 3.9369
41.758 -69.0607 3.93805 0.0337375 41.577 -68.968 3.9369
41.7159 -68.8323 3.93522 0.0752008 41.577 -68.968 3.9369
41.643 -69.0321 3.93914 0.0573352 41.577 -68.968 3.9369
41.7159 -68.8323 3.93522 0.0752008 41.577 -68.968 3.9369
41.6715 -69.0234 3.93292 0.19267 41.577 -68.968 3.9369
41.5656 -69.2114 3.9294 0.0108121 41.577 -68.968 3.9369
41.643 -69.0321 3.93914 0.0573352 41.577 -68.968 3.9369
41.5243 -68.923 3.93099 0.348632 41.577 -68.968 3.9369
41.3219 -69.0385 3.92489 0.0119403 41.577 -68.968 3.9369
41.6715 -69.0234 3.93292 0.19267 41.577 -68.968 3.9369
41.7159 -68.8323 3.93522 0.0752008 41.577 -68.968 3.9369
41.7159 -68.8323 3.93522 0.0752008 41.577 -68.968 3.9369
41.5243 -68.923 3.93099 0.348632 41.577 -68.968 3.9369
41.6877 -68.8066 3.93516 0.071804 41.577 -68.968 3.9369
41.4752 -69.0004 3.9307 0.273268 41.577 -68.968 3.9369
41.435 -68.7686 3.93557 0.013419 41.577 -68.968 3.9369
41.6877 -68.8066 3.93516 0.071804 41.577 -68.968 3.9369
41.6715 -69.0234 3.93292 0.19267 41.577 -68.968 3.9369
41.643 -69.0321 3.93914 0.0573352 41.577 -68.968 3.9369
41.435 -68.7686 3.93557 0.013419 41.577 -68.968 3.9369
41.5817 -69.1125 3.93248 0.121878 41.577 -68.968 3.9369
41.4211 -68.8731 3.93395 0.0779935 41.577 -68.968 3.9369
41.5817 -69.1125 3.93248 0.121878 41.577 -68.968 3.9369
41.4752 -69.0004 3.9307 0.273268 41.577 -68.968 3.9369
41.5243 -68.923 3.93099 0.348632 41.577 -68.968 3.9369
41.6715 -69.0234 3.93292 0.19267 41.577 -68.968 3.9369
41.5268 -68.9645 3.93975 0.0250463 41.577 -68.968 3.9369
41.5538 -69.1374 3.9403 0.00394445 41.577 -68.968 3.9369
41.4752 -69.0004 3.9307 0.273268 41.577 -68.968 3.9369
41.5538 -69.1374 3.9403 0.00394445 41.577 -68.968 3.9369
41.5243 -68.923 3.93099 0.348632 41.577 -68.968 3.9369
41.5817 -69.1125 3.93248 0.121878 41.577 -68.968 3.9369
41.5457 -68.9398 3.94027 0.0217782 41.577 -68.968 3.9369
41.4752 -69.0004 3.9307 0.273268 41.577 -68.968 3.9369
41.5656 -69.2114 3.9294 0.0108121 41.577 -68.968 3.9369
41.6715 -69.0234 3.93292 0.19267 41.577 -68.968 3.9369
41.5656 -69.2114 3.9294 0.0108121 41.577 -68.968 3.9369
41.7109 -68.8651 3.93593 0.10669 41.577 -68.968 3.9369
41.3964 -68.9233 3.93821 0.0068094 41.577 -68.968 3.9369
41.5268 -68.9645 3.93975 0.0250463 41.577 -68.968 3.9369
41.4752 -69.0004 3.9307 0.273268 41.577 -68.968 3.9369
41.6715 -69.0234 3.93292 0.19267 41.577 -68.968 3.9369
41.5578 -68.7118 3.93314 0.020578 41.577 -68.968 3.9369
41.5243 -68.923 3.93099 0.348632 41.577 -68.968 3.9369
41.5457 -68.9398 3.94027 0.0217782 41.577 -68.968 3.9369
41.3339 -69 3.931 0.0398267 41.577 -68.968 3.9369
41.4752 -69.0004 3.9307 0.273268 41.577 -68.968 3.9369
41.4752 -69.0004 3.9307 0.273268 41.577 -68.968 3.9369
41.5243 -68.923 3.93099 0.348632 41.577 -68.968 3.9369
41.5243 -68.923 3.93099 0.348632 41.577 -68.968 3.9369
41.3116 -68.9452 3.92531 0.0155469 41.577 -68.968 3.9369
41.5243 -68.923 3.93099 0.348632 41.577 -68.968 3.9369
41.6249 -68.9881 3.93963 0.0553988 41.577 -68.968 3.9369
41.8458 -68.9528 3.93741 0.0151545 41.577 -68.968 3.9369
41.643 -69.0321 3.93914 0.0573352 41.577 -68.968 3.9369
41.6249 -68.9881 3.93963 0.0553988 41.577 -68.968 3.9369
41.707 -68.8435 3.93186 0.0651871 41.577 -68.968 3.9369
41.4752 -69.0004 3.9307 0.273268 41.577 -68.968 3.9369
41.6715 -69.0234 3.93292 0.19267 41.577 -68.968 3.9369
41.434 -68.807 3.92887 0.0542584 41.577 -68.968 3.9369
41.3339 -69 3.931 0.0398267 41.577 -68.968 3.9369
41.7159 -68.8323 3.93522 0.0752008 41.577 -68.968 3.9369
41.4752 -69.0004 3.9307 0.273268 41.577 -68.968 3.9369
41.3219 -69.0385 3.92489 0.0119403 41.577 -68.968 3.9369
41.707 -68.8435 3.93186 0.0651871 41.577 -68.968 3.9369
41.4752 -69.0004 3.9307 0.273268 41.577 -68.968 3.9369
41.7159 -68.8323 3.93522 0.0752008 41.577 -68.968 3.9369
41.4752 -69.0004 3.9307 0.273268 41.577 -68.968 3.9369
41.5243 -68.923 3.93099 0.348632 41.577 -68.968 3.9369
41.4752 -69.0004 3.9307 0.273268 41.577 -68.968 3.9369
41.6715 -69.0234 3.93292 0.19267 41.577 -68.968 3.9369
41.434 -68.807 3.92887 0.0542584 41.577 -68.968 3.9369
41.5243 -68.923 3.93099 0.348632 41.577 -68.968 3.9369
41.5917 -69.1203 3.93448 0.0927721 41.577 -68.968 3.9369
41.643 -69.0321 3.93914 0.0573352 41.577 -68.968 3.9369
41.5243 -68.923 3.93099 0.348632 41.577 -68.968 3.9369
41.5243 -68.923 3.93099 0.348632 41.577 -68.968 3.9369
41.5817 -69.1125 3.93248 0.121878 41.577 -68.968 3.9369
41.7159 -68.8323 3.93522 0.0752008 41.577 -68.968 3.9369
41.5578 -68.7118 3.93314 0.020578 41.577 -68.968 3.9369
41.5917 -69.1203 3.93448 0.0927721 41.577 -68.968 3.9369
41.4752 -69.0004 3.9307 0.273268 41.577 -68.968 3.9369
41.434 -68.807 3.92887 0.0542584 41.577 -68.968 3.9369
41.4752 -69.0004 3.9307 0.273268 41.577 -68.968 3.9369
41.5243 -68.923 3.93099 0.348632 41.577 -68.968 3.9369
41.5817 -69.1125 3.93248 0.121878 41.577 -68.968 3.9369
41.5243 -68.923 3.93099 0.348632 41.577 -68.968 3.9369
41.5243 -68.923 3.93099 0.348632 41.577 -68.968 3.9369
41.6249 -68.9881 3.93963 0.0553988 41.577 -68.968 3.9369
41.5917 -69.1203 3.93448 0.0927721 41.577 -68.968 3.9369
41.5243 -68.923 3.93099 0.348632 41.577 -68.968 3.9369
41.5817 -69.1125 3.93248 0.121878 41.577 -68.968 3.9369
41.4752 -69.0004 3.9307 0.273268 41.577 -68.968 3.9369
41.4752 -69.0004 3.9307 0.273268 41.577 -68.968 3.9369
41.707 -68.8435 3.93186 0.0651871 41.577 -68.968 3.9369
41.4752 -69.0004 3.9307 0.273268 41.577 -68.968 3.9369
41.7109 -68.8651 3.93593 0.10669 41.577 -68.968 3.9369
41.5243 -68.923 3.93099 0.348632 41.577 -68.968 3.9369
41.6715 -69.0234 3.93292 0.19267 41.577 -68.968 3.9369
41.6715 -69.0234 3.93292 0.19267 41.577 -68.968 3.9369
41.7109 -68.8651 3.93593 0.10669 41.577 -68.968 3.9369
41.4752 -69.0004 3.9307 0.273268 41.577 -68.968 3.9369
41.5656 -69.2114 3.9294 0.0108121 41.577 -68.968 3.9369
41.8101 -68.9352 3.93554 0.0331491 41.577 -68.968 3.9369
41.434 -68.807 3.92887 0.0542584 41.577 -68.968 3.9369
41.4752 -69.0004 3.9307 0.273268 41.577 -68.968 3.9369
41.6877 -68.8066 3.93516 0.071804 41.577 -68.968 3.9369
41.758 -69.0607 3.93805 0.0337375 41.577 -68.968 3.9369
41.5243 -68.923 3.93099 0.348632 41.577 -68.968 3.9369
41.6715 -69.0234 3.93292 0.19267 41.577 -68.968 3.9369
41.5243 -68.923 3.93099 0.348632 41.577 -68.968 3.9369
41.5817 -69.1125 3.93248 0.121878 41.577 -68.968 3.9369
