-20.1944 -7.34189 0.723022 0.107237 -20.209 -7.3419 0.72086
-20.1944 -7.34189 0.723022 0.107237 -20.209 -7.3419 0.72086
-20.3769 -7.55092 0.729307 0.120225 -20.209 -7.3419 0.72086
-20.381 -7.67958 0.723575 0.022499 -20.209 -7.3419 0.72086
-20.3368 -7.60931 0.731393 0.0770361 -20.209 -7.3419 0.72086
-20.3365 -7.16973 0.719005 0.00830522 -20.209 -7.3419 0.72086
-20.1769 -7.45736 0.730172 0.028498 -20.209 -7.3419 0.72086
-20.3142 -7.63024 0.724735 0.106134 -20.209 -7.3419 0.72086
-20.3769 -7.55092 0.729307 0.120225 -20.209 -7.3419 0.72086
-20.3142 -7.63024 0.724735 0.106134 -20.209 -7.3419 0.72086
-20.4009 -7.33261 0.727776 0.0204413 -20.209 -7.3419 0.72086
-20.2522 -7.27495 0.723554 0.0487509 -20.209 -7.3419 0.72086
-20.1849 -7.26221 0.719026 0.0463645 -20.209 -7.3419 0.72086
-20.2522 -7.27495 0.723554 0.0487509 -20.209 -7.3419 0.72086
-20.256 -7.44136 0.725805 0.210708 -20.209 -7.3419 0.72086
-20.3174 -7.66681 0.72986 0.0846294 -20.209 -7.3419 0.72086
-20.256 -7.44136 0.725805 0.210708 -20.209 -7.3419 0.72086
-20.1769 -7.45736 0.730172 0.028498 -20.209 -7.3419 0.72086
-20.3174 -7.66681 0.72986 0.0846294 -20.209 -7.3419 0.72086
-20.2547 -7.35922 0.716719 0.0533687 -20.209 -7.3419 0.72086
-20.1289 -7.60466 0.730645 0.0213528 -20.209 -7.3419 0.72086
-20.3142 -7.63024 0.724735 0.106134 -20.209 -7.3419 0.72086
-20.1944 -7.34189 0.723022 0.107237 -20.209 -7.3419 0.72086
-20.2547 -7.35922 0.716719 0.0533687 -20.209 -7.3419 0.72086
-20.256 -7.44136 0.725805 0.210708 -20.209 -7.3419 0.72086
-20.256 -7.44136 0.725805 0.210708 -20.209 -7.3419 0.72086
-20.3365 -7.16973 0.719005 0.00830522 -20.209 -7.3419 0.72086
-20.3368 -7.60931 0.731393 0.0770361 -20.209 -7.3419 0.72086
-20.3769 -7.55092 0.729307 0.120225 -20.209 -7.3419 0.72086
-20.256 -7.44136 0.725805 0.210708 -20.209 -7.3419 0.72086
-20.256 -7.44136 0.725805 0.210708 -20.209 -7.3419 0.72086
-20.256 -7.44136 0.725805 0.210708 -20.209 -7.3419 0.72086
-20.18 -7.39518 0.730596 0.00996018 -20.209 -7.3419 0.72086
-20.3368 -7.60931 0.731393 0.0770361 -20.209 -7.3419 0.72086
-20.5647 -7.40723 0.729536 0.00255585 -20.209 -7.3419 0.72086
-20.3142 -7.63024 0.724735 0.106134 -20.209 -7.3419 0.72086
-20.3142 -7.63024 0.724735 0.106134 -20.209 -7.3419 0.72086
-20.1769 -7.45736 0.730172 0.028498 -20.209 -7.3419 0.72086
-20.4076 -7.4013 0.73133 0.0112108 -20.209 -7.3419 0.72086
-20.256 -7.44136 0.725805 0.210708 -20.209 -7.3419 0.72086
-20.256 -7.44136 0.725805 0.210708 -20.209 -7.3419 0.72086
-20.256 -7.44136 0.725805 0.210708 -20.209 -7.3419 0.72086
-20.1328 -7.46734 0.72606 0.0823742 -20.209 -7.3419 0.72086
-20.4796 -7.64523 0.722896 0.00754004 -20.209 -7.3419 0.72086
-20.4009 -7.33261 0.727776 0.0204413 -20.209 -7.3419 0.72086
-20.2522 -7.27495 0.723554 0.0487509 -20.209 -7.3419 0.72086
-20.1944 -7.34189 0.723022 0.107237 -20.209 -7.3419 0.72086
-20.3368 -7.60931 0.731393 0.0770361 -20.209 -7.3419 0.72086
-20.256 -7.44136 0.725805 0.210708 -20.209 -7.3419 0.72086
-20.3142 -7.63024 0.724735 0.106134 -20.209 -7.3419 0.72086
-20.3142 -7.63024 0.724735 0.106134 -20.209 -7.3419 0.72086
-20.3368 -7.60931 0.731393 0.0770361 -20.209 -7.3419 0.72086
-20.3753 -7.56872 0.722269 0.0736665 -20.209 -7.3419 0.72086
-20.2547 -7.35922 0.716719 0.0533687 -20.209 -7.3419 0.72086
-20.1328 -7.46734 0.72606 0.0823742 -20.209 -7.3419 0.72086
-20.3142 -7.63024 0.724735 0.106134 -20.209 -7.3419 0.72086
-20.3368 -7.60931 0.731393 0.0770361 -20.209 -7.3419 0.72086
-20.3174 -7.66681 0.72986 0.0846294 -20.209 -7.3419 0.72086
-20.3769 -7.55092 0.729307 0.120225 -20.209 -7.3419 0.72086
-20.3753 -7.56872 0.722269 0.0736665 -20.209 -7.3419 0.72086
-20.3377 -7.32748 0.724669 0.0756256 -20.209 -7.3419 0.72086
-20.1328 -7.46734 0.72606 0.0823742 -20.209 -7.3419 0.72086
-20.1328 -7.46734 0.72606 0.0823742 -20.209 -7.3419 0.72086
-20.1944 -7.34189 0.723022 0.107237 -20.209 -7.3419 0.72086
-20.256 -7.44136 0.725805 0.210708 -20.209 -7.3419 0.72086
-20.3142 -7.63024 0.724735 0.106134 -20.209 -7.3419 0.72086
-20.2616 -7.17403 0.720481 0.0117601 -20.209 -7.3419 0.72086
-20.3769 -7.55092 0.729307 0.120225 -20.209 -7.3419 0.72086
-20.1944 -7.34189 0.723022 0.107237 -20.209 -7.3419 0.72086
-20.256 -7.44136 0.725805 0.210708 -20.209 -7.3419 0.72086
-20.2522 -7.27495 0.723554 0.0487509 -20.209 -7.3419 0.72086
-20.3377 -7.32748 0.724669 0.0756256 -20.209 -7.3419 0.72086
-20.1944 -7.34189 0.723022 0.107237 -20.209 -7.3419 0.72086
-20.4474 -7.51352 0.720557 0.0236343 -20.209 -7.3419 0.72086
-20.4474 -7.51352 0.720557 0.0236343 -20.209 -7.3419 0.72086
-20.4009 -7.33261 0.727776 0.0204413 -20.209 -7.3419 0.72086
-20.2547 -7.35922 0.716719 0.0533687 -20.209 -7.3419 0.72086
-20.256 -7.44136 0.725805 0.210708 -20.209 -7.3419 0.72086
-20.3368 -7.60931 0.731393 0.0770361 -20.209 -7.3419 0.72086
-20.0276 -7.33953 0.725604 0.00436476 -20.209 -7.3419 0.72086
-20.1328 -7.46734 0.72606 0.0823742 -20.209 -7.3419 0.72086
-20.2522 -7.27495 0.723554 0.0487509 -20.209 -7.3419 0.72086
-20.3769 -7.55092 0.729307 0.120225 -20.209 -7.3419 0.72086
-20.1158 -7.24039 0.727049 0.00156362 -20.209 -7.3419 0.72086
-20.3368 -7.60931 0.731393 0.0770361 -20.209 -7.3419 0.72086
-20.013 -7.55771 0.718495 0.00297669 -20.209 -7.3419 0.72086
-20.3769 -7.55092 0.729307 0.120225 -20.209 -7.3419 0.72086
-20.3769 -7.55092 0.729307 0.120225 -20.209 -7.3419 0.72086
-20.3174 -7.66681 0.72986 0.0846294 -20.209 -7.3419 0.72086
-20.1328 -7.46734 0.72606 0.0823742 -20.209 -7.3419 0.72086
-20.3142 -7.63024 0.724735 0.106134 -20.209 -7.3419 0.72086
-20.3368 -7.60931 0.731393 0.0770361 -20.209 -7.3419 0.72086
-20.1769 -7.45736 0.730172 0.028498 -20.209 -7.3419 0.72086
-20.256 -7.44136 0.725805 0.210708 -20.209 -7.3419 0.72086
-20.0919 -7.27697 0.715873 0.0137986 -20.209 -7.3419 0.72086
-20.3769 -7.55092 0.729307 0.120225 -20.209 -7.3419 0.72086
-20.2522 -7.27495 0.723554 0.0487509 -20.209 -7.3419 0.72086
-20.1328 -7.46734 0.72606 0.0823742 -20.209 -7.3419 0.72086
-20.1944 -7.34189 0.723022 0.107237 -20.209 -7.3419 0.72086
-20.3142 -7.63024 0.724735 0.106134 -20.209 -7.3419 0.72086
-20.3773 -7.17247 0.725167 0.00177204 -20.209 -7.3419 0.72086
-20.1424 -7.48898 0.729545 0.0321275 -20.209 -7.3419 0.72086
-20.381 -7.67958 0.723575 0.022499 -20.209 -7.3419 0.72086
-20.256 -7.44136 0.725805 0.210708 -20.209 -7.3419 0.72086
-20.1769 -7.45736 0.730172 0.028498 -20.209 -7.3419 0.72086
-20.3174 -7.66681 0.72986 0.0846294 -20.209 -7.3419 0.72086
-20.256 -7.44136 0.725805 0.210708 -20.209 -7.3419 0.72086
-20.3377 -7.32748 0.724669 0.0756256 -20.209 -7.3419 0.72086
-20.3142 -7.63024 0.724735 0.106134 -20.209 -7.3419 0.72086
-20.4076 -7.4013 0.73133 0.0112108 -20.209 -7.3419 0.72086
-20.3769 -7.55092 0.729307 0.120225 -20.209 -7.3419 0.72086
-20.3377 -7.32748 0.724669 0.0756256 -20.209 -7.3419 0.72086
-20.3377 -7.32748 0.724669 0.0756256 -20.209 -7.3419 0.72086
-20.1944 -7.34189 0.723022 0.107237 -20.209 -7.3419 0.72086
-20.18 -7.39518 0.730596 0.00996018 -20.209 -7.3419 0.72086
-20.1944 -7.34189 0.723022 0.107237 -20.209 -7.3419 0.72086
-20.1328 -7.46734 0.72606 0.0823742 -20.209 -7.3419 0.72086
-20.1944 -7.34189 0.723022 0.107237 -20.209 -7.3419 0.72086
-20.1944 -7.34189 0.723022 0.107237 -20.209 -7.3419 0.72086
-20.1849 -7.26221 0.719026 0.0463645 -20.209 -7.3419 0.72086
-20.3753 -7.56872 0.722269 0.0736665 -20.209 -7.3419 0.72086
-20.3753 -7.56872 0.722269 0.0736665 -20.209 -7.3419 0.72086
-20.3377 -7.32748 0.724669 0.0756256 -20.209 -7.3419 0.72086
-20.256 -7.44136 0.725805 0.210708 -20.209 -7.3419 0.72086
-20.3769 -7.55092 0.729307 0.120225 -20.209 -7.3419 0.72086
-20.3753 -7.56872 0.722269 0.0736665 -20.209 -7.3419 0.72086
-20.1289 -7.60466 0.730645 0.0213528 -20.209 -7.3419 0.72086
-20.3769 -7.55092 0.729307 0.120225 -20.209 -7.3419 0.72086
-20.3142 -7.63024 0.724735 0.106134 -20.209 -7.3419 0.72086
-20.256 -7.44136 0.725805 0.210708 -20.209 -7.3419 0.72086
-20.3753 -7.56872 0.722269 0.0736665 -20.209 -7.3419 0.72086
-20.3946 -7.3347 0.726694 0.0331641 -20.209 -7.3419 0.72086
-20.256 -7.44136 0.725805 0.210708 -20.209 -7.3419 0.72086
-20.1424 -7.48898 0.729545 0.0321275 -20.209 -7.3419 0.72086
-20.2115 -7.52896 0.735808 0.00189938 -20.209 -7.3419 0.72086
-20.2522 -7.27495 0.723554 0.0487509 -20.209 -7.3419 0.72086
-20.3753 -7.56872 0.722269 0.0736665 -20.209 -7.3419 0.72086
-20.256 -7.44136 0.725805 0.210708 -20.209 -7.3419 0.72086
-20.3368 -7.60931 0.731393 0.0770361 -20.209 -7.3419 0.72086
-20.3753 -7.56872 0.722269 0.0736665 -20.209 -7.3419 0.72086
-20.3174 -7.66681 0.72986 0.0846294 -20.209 -7.3419 0.72086
-20.3142 -7.63024 0.724735 0.106134 -20.209 -7.3419 0.72086
-20.1944 -7.34189 0.723022 0.107237 -20.209 -7.3419 0.72086
-20.1158 -7.24039 0.727049 0.00156362 -20.209 -7.3419 0.72086
-20.256 -7.44136 0.725805 0.210708 -20.209 -7.3419 0.72086
-20.3377 -7.32748 0.724669 0.0756256 -20.209 -7.3419 0.72086
-20.3769 -7.55092 0.729307 0.120225 -20.209 -7.3419 0.72086
-20.3142 -7.63024 0.724735 0.106134 -20.209 -7.3419 0.72086
-20.3377 -7.32748 0.724669 0.0756256 -20.209 -7.3419 0.72086
-20.1944 -7.34189 0.723022 0.107237 -20.209 -7.3419 0.72086
-20.3368 -7.60931 0.731393 0.0770361 -20.209 -7.3419 0.72086
-20.256 -7.44136 0.725805 0.210708 -20.209 -7.3419 0.72086
-20.256 -7.44136 0.725805 0.210708 -20.209 -7.3419 0.72086
-20.2547 -7.35922 0.716719 0.0533687 -20.209 -7.3419 0.72086
-19.9911 -7.59315 0.723242 0.00395338 -20.209 -7.3419 0.72086
-20.4009 -7.33261 0.727776 0.0204413 -20.209 -7.3419 0.72086
-20.4009 -7.33261 0.727776 0.0204413 -20.209 -7.3419 0.72086
-20.3769 -7.55092 0.729307 0.120225 -20.209 -7.3419 0.72086
-20.1944 -7.34189 0.723022 0.107237 -20.209 -7.3419 0.72086
-20.4474 -7.51352 0.720557 0.0236343 -20.209 -7.3419 0.72086
-20.2547 -7.35922 0.716719 0.0533687 -20.209 -7.3419 0.72086
-20.3377 -7.32748 0.724669 0.0756256 -20.209 -7.3419 0.72086
-20.2547 -7.35922 0.716719 0.0533687 -20.209 -7.3419 0.72086
-20.3142 -7.63024 0.724735 0.106134 -20.209 -7.3419 0.72086
-20.3753 -7.56872 0.722269 0.0736665 -20.209 -7.3419 0.72086
-20.3368 -7.60931 0.731393 0.0770361 -20.209 -7.3419 0.72086
-20.256 -7.44136 0.725805 0.210708 -20.209 -7.3419 0.72086
-20.256 -7.44136 0.725805 0.210708 -20.209 -7.3419 0.72086
-20.3753 -7.56872 0.722269 0.0736665 -20.209 -7.3419 0.72086
-20.256 -7.44136 0.725805 0.210708 -20.209 -7.3419 0.72086
-20.3174 -7.66681 0.72986 0.0846294 -20.209 -7.3419 0.72086
-20.2779 -7.10836 0.720891 0.0020404 -20.209 -7.3419 0.72086
-20.1849 -7.26221 0.719026 0.0463645 -20.209 -7.3419 0.72086
-20.3946 -7.3347 0.726694 0.0331641 -20.209 -7.3419 0.72086
-20.2547 -7.35922 0.716719 0.0533687 -20.209 -7.3419 0.72086
-20.1424 -7.48898 0.729545 0.0321275 -20.209 -7.3419 0.72086
-20.1328 -7.46734 0.72606 0.0823742 -20.209 -7.3419 0.72086
-20.256 -7.44136 0.725805 0.210708 -20.209 -7.3419 0.72086
-20.3174 -7.66681 0.72986 0.0846294 -20.209 -7.3419 0.72086
-20.3769 -7.55092 0.729307 0.120225 -20.209 -7.3419 0.72086
-20.256 -7.44136 0.725805 0.210708 -20.209 -7.3419 0.72086
-20.2547 -7.35922 0.716719 0.0533687 -20.209 -7.3419 0.72086
-20.3142 -7.63024 0.724735 0.106134 -20.209 -7.3419 0.72086
-20.256 -7.44136 0.725805 0.210708 -20.209 -7.3419 0.72086
-20.3174 -7.66681 0.72986 0.0846294 -20.209 -7.3419 0.72086
-20.256 -7.44136 0.725805 0.210708 -20.209 -7.3419 0.72086
-20.2616 -7.17403 0.720481 0.0117601 -20.209 -7.3419 0.72086
-20.1944 -7.34189 0.723022 0.107237 -20.209 -7.3419 0.72086
-20.3753 -7.56872 0.722269 0.0736665 -20.209 -7.3419 0.72086
-20.1944 -7.34189 0.723022 0.107237 -20.209 -7.3419 0.72086
-20.1328 -7.46734 0.72606 0.0823742 -20.209 -7.3419 0.72086
-20.3769 -7.55092 0.729307 0.120225 -20.209 -7.3419 0.72086
-20.256 -7.44136 0.725805 0.210708 -20.209 -7.3419 0.72086
-20.1424 -7.48898 0.729545 0.0321275 -20.209 -7.3419 0.72086
-20.2522 -7.27495 0.723554 0.0487509 -20.209 -7.3419 0.72086
-20.3753 -7.56872 0.722269 0.0736665 -20.209 -7.3419 0.72086
-20.3753 -7.56872 0.722269 0.0736665 -20.209 -7.3419 0.72086
-20.3377 -7.32748 0.724669 0.0756256 -20.209 -7.3419 0.72086
-20.256 -7.44136 0.725805 0.210708 -20.209 -7.3419 0.72086
-20.3377 -7.32748 0.724669 0.0756256 -20.209 -7.3419 0.72086
