122.554 20.0083 0.0549523 0.00282892 122.38 20.074 0.056646
122.599 20.2008 0.0579296 0.0175968 122.38 20.074 0.056646
122.473 20.3615 0.054554 0.0865865 122.38 20.074 0.056646
122.488 20.1264 0.0603706 0.0144837 122.38 20.074 0.056646
122.514 20.1418 0.0563505 0.030999 122.38 20.074 0.056646
122.596 20.3107 0.0473033 0.00588492 122.38 20.074 0.056646
122.556 20.5032 0.0492436 0.00841361 122.38 20.074 0.056646
122.473 20.3615 0.054554 0.0865865 122.38 20.074 0.056646
122.473 20.3615 0.054554 0.0865865 122.38 20.074 0.056646
122.599 20.2008 0.0579296 0.0175968 122.38 20.074 0.056646
122.599 20.2008 0.0579296 0.0175968 122.38 20.074 0.056646
122.473 20.3615 0.054554 0.0865865 122.38 20.074 0.056646
122.7 20.3114 0.0546565 0.00865817 122.38 20.074 0.056646
122.473 20.3615 0.054554 0.0865865 122.38 20.074 0.056646
122.596 20.3107 0.0473033 0.00588492 122.38 20.074 0.056646
122.514 20.1418 0.0563505 0.030999 122.38 20.074 0.056646
122.473 20.3615 0.054554 0.0865865 122.38 20.074 0.056646
122.473 20.3615 0.054554 0.0865865 122.38 20.074 0.056646
122.514 20.1418 0.0563505 0.030999 122.38 20.074 0.056646
122.251 20.2721 0.0481081 0.00205124 122.38 20.074 0.056646
122.473 20.3615 0.054554 0.0865865 122.38 20.074 0.056646
122.664 20.3917 0.0483368 0.00490708 122.38 20.074 0.056646
122.556 20.5032 0.0492436 0.00841361 122.38 20.074 0.056646
122.514 20.1418 0.0563505 0.030999 122.38 20.074 0.056646
122.473 20.3615 0.054554 0.0865865 122.38 20.074 0.056646
122.466 20.2598 0.0613587 0.0239717 122.38 20.074 0.056646
122.554 20.0083 0.0549523 0.00282892 122.38 20.074 0.056646
122.466 20.2598 0.0613587 0.0239717 122.38 20.074 0.056646
122.473 20.3615 0.054554 0.0865865 122.38 20.074 0.056646
122.514 20.1418 0.0563505 0.030999 122.38 20.074 0.056646
122.514 20.1418 0.0563505 0.030999 122.38 20.074 0.056646
122.488 20.1264 0.0603706 0.0144837 122.38 20.074 0.056646
122.56 20.4675 0.0506057 0.0174262 122.38 20.074 0.056646
122.466 20.2598 0.0613587 0.0239717 122.38 20.074 0.056646
122.473 20.3615 0.054554 0.0865865 122.38 20.074 0.056646
122.556 20.5032 0.0492436 0.00841361 122.38 20.074 0.056646
122.599 20.2008 0.0579296 0.0175968 122.38 20.074 0.056646
122.599 20.2008 0.0579296 0.0175968 122.38 20.074 0.056646
122.488 20.1264 0.0603706 0.0144837 122.38 20.074 0.056646
122.599 20.2008 0.0579296 0.0175968 122.38 20.074 0.056646
122.514 20.1418 0.0563505 0.030999 122.38 20.074 0.056646
122.473 20.3615 0.054554 0.0865865 122.38 20.074 0.056646
122.473 20.3615 0.054554 0.0865865 122.38 20.074 0.056646
122.664 20.3917 0.0483368 0.00490708 122.38 20.074 0.056646
122.473 20.3615 0.054554 0.0865865 122.38 20.074 0.056646
122.473 20.3615 0.054554 0.0865865 122.38 20.074 0.056646
122.473 20.3615 0.054554 0.0865865 122.38 20.074 0.056646
122.173 20.3036 0.0516182 0.0042742 122.38 20.074 0.056646
122.473 20.3615 0.054554 0.0865865 122.38 20.074 0.056646
122.556 20.5032 0.0492436 0.00841361 122.38 20.074 0.056646
122.173 20.3036 0.0516182 0.0042742 122.38 20.074 0.056646
122.473 20.3615 0.054554 0.0865865 122.38 20.074 0.056646
122.598 20.1338 0.0594267 0.00681496 122.38 20.074 0.056646
122.473 20.3615 0.054554 0.0865865 122.38 20.074 0.056646
122.56 20.4675 0.0506057 0.0174262 122.38 20.074 0.056646
122.251 20.2721 0.0481081 0.00205124 122.38 20.074 0.056646
122.473 20.3615 0.054554 0.0865865 122.38 20.074 0.056646
122.488 20.1264 0.0603706 0.0144837 122.38 20.074 0.056646
122.173 20.3036 0.0516182 0.0042742 122.38 20.074 0.056646
122.56 20.4675 0.0506057 0.0174262 122.38 20.074 0.056646
122.466 20.2598 0.0613587 0.0239717 122.38 20.074 0.056646
122.466 20.2598 0.0613587 0.0239717 122.38 20.074 0.056646
122.599 20.2008 0.0579296 0.0175968 122.38 20.074 0.056646
122.56 20.4675 0.0506057 0.0174262 122.38 20.074 0.056646
122.514 20.1418 0.0563505 0.030999 122.38 20.074 0.056646
122.56 20.4675 0.0506057 0.0174262 122.38 20.074 0.056646
122.473 20.3615 0.054554 0.0865865 122.38 20.074 0.056646
122.7 20.3114 0.0546565 0.00865817 122.38 20.074 0.056646
122.599 20.2008 0.0579296 0.0175968 122.38 20.074 0.056646
122.56 20.4675 0.0506057 0.0174262 122.38 20.074 0.056646
122.473 20.3615 0.054554 0.0865865 122.38 20.074 0.056646
122.473 20.3615 0.054554 0.0865865 122.38 20.074 0.056646
122.599 20.2008 0.0579296 0.0175968 122.38 20.074 0.056646
122.473 20.3615 0.054554 0.0865865 122.38 20.074 0.056646
122.473 20.3615 0.054554 0.0865865 122.38 20.074 0.056646
122.473 20.3615 0.054554 0.0865865 122.38 20.074 0.056646
122.488 20.1264 0.0603706 0.0144837 122.38 20.074 0.056646
122.599 20.2008 0.0579296 0.0175968 122.38 20.074 0.056646
122.466 20.2598 0.0613587 0.0239717 122.38 20.074 0.056646
122.473 20.3615 0.054554 0.0865865 122.38 20.074 0.056646
122.514 20.1418 0.0563505 0.030999 122.38 20.074 0.056646
122.599 20.2008 0.0579296 0.0175968 122.38 20.074 0.056646
122.707 20.0126 0.0571377 0.000324359 122.38 20.074 0.056646
122.599 20.2008 0.0579296 0.0175968 122.38 20.074 0.056646
122.598 20.1338 0.0594267 0.00681496 122.38 20.074 0.056646
122.473 20.3615 0.054554 0.0865865 122.38 20.074 0.056646
122.514 20.1418 0.0563505 0.030999 122.38 20.074 0.056646
122.488 20.1264 0.0603706 0.0144837 122.38 20.074 0.056646
122.56 20.4675 0.0506057 0.0174262 122.38 20.074 0.056646
122.488 20.1264 0.0603706 0.0144837 122.38 20.074 0.056646
122.473 20.3615 0.054554 0.0865865 122.38 20.074 0.056646
122.473 20.3615 0.054554 0.0865865 122.38 20.074 0.056646
122.7 20.3114 0.0546565 0.00865817 122.38 20.074 0.056646
122.473 20.3615 0.054554 0.0865865 122.38 20.074 0.056646
122.56 20.4675 0.0506057 0.0174262 122.38 20.074 0.056646
122.473 20.3615 0.054554 0.0865865 122.38 20.074 0.056646
122.488 20.1264 0.0603706 0.0144837 122.38 20.074 0.056646
122.466 20.2598 0.0613587 0.0239717 122.38 20.074 0.056646
122.599 20.2008 0.0579296 0.0175968 122.38 20.074 0.056646
122.473 20.3615 0.054554 0.0865865 122.38 20.074 0.056646
122.598 20.1338 0.0594267 0.00681496 122.38 20.074 0.056646
122.473 20.3615 0.054554 0.0865865 122.38 20.074 0.056646
122.466 20.2598 0.0613587 0.0239717 122.38 20.074 0.056646
122.473 20.3615 0.054554 0.0865865 122.38 20.074 0.056646
122.598 20.1338 0.0594267 0.00681496 122.38 20.074 0.056646
122.473 20.3615 0.054554 0.0865865 122.38 20.074 0.056646
122.473 20.3615 0.054554 0.0865865 122.38 20.074 0.056646
122.556 20.5032 0.0492436 0.00841361 122.38 20.074 0.056646
122.488 20.1264 0.0603706 0.0144837 122.38 20.074 0.056646
122.473 20.3615 0.054554 0.0865865 122.38 20.074 0.056646
122.473 20.3615 0.054554 0.0865865 122.38 20.074 0.056646
122.466 20.2598 0.0613587 0.0239717 122.38 20.074 0.056646
122.514 20.1418 0.0563505 0.030999 122.38 20.074 0.056646
122.56 20.4675 0.0506057 0.0174262 122.38 20.074 0.056646
122.473 20.3615 0.054554 0.0865865 122.38 20.074 0.056646
122.599 20.2008 0.0579296 0.0175968 122.38 20.074 0.056646
122.7 20.3114 0.0546565 0.00865817 122.38 20.074 0.056646
122.375 20.0281 0.058224 0.00775674 122.38 20.074 0.056646
122.473 20.3615 0.054554 0.0865865 122.38 20.074 0.056646
122.664 20.3917 0.0483368 0.00490708 122.38 20.074 0.056646
122.598 20.1338 0.0594267 0.00681496 122.38 20.074 0.056646
122.598 20.1338 0.0594267 0.00681496 122.38 20.074 0.056646
122.599 20.2008 0.0579296 0.0175968 122.38 20.074 0.056646
122.473 20.3615 0.054554 0.0865865 122.38 20.074 0.056646
122.599 20.2008 0.0579296 0.0175968 122.38 20.074 0.056646
122.599 20.2008 0.0579296 0.0175968 122.38 20.074 0.056646
122.466 20.2598 0.0613587 0.0239717 122.38 20.074 0.056646
122.554 20.0083 0.0549523 0.00282892 122.38 20.074 0.056646
122.473 20.3615 0.054554 0.0865865 122.38 20.074 0.056646
122.554 20.0083 0.0549523 0.00282892 122.38 20.074 0.056646
122.466 20.2598 0.0613587 0.0239717 122.38 20.074 0.056646
122.514 20.1418 0.0563505 0.030999 122.38 20.074 0.056646
122.488 20.1264 0.0603706 0.0144837 122.38 20.074 0.056646
122.473 20.3615 0.054554 0.0865865 122.38 20.074 0.056646
122.375 20.0281 0.058224 0.00775674 122.38 20.074 0.056646
122.473 20.3615 0.054554 0.0865865 122.38 20.074 0.056646
122.473 20.3615 0.054554 0.0865865 122.38 20.074 0.056646
122.473 20.3615 0.054554 0.0865865 122.38 20.074 0.056646
122.664 20.3917 0.0483368 0.00490708 122.38 20.074 0.056646
122.596 20.3107 0.0473033 0.00588492 122.38 20.074 0.056646
122.596 20.3107 0.0473033 0.00588492 122.38 20.074 0.056646
122.599 20.2008 0.0579296 0.0175968 122.38 20.074 0.056646
122.664 20.3917 0.0483368 0.00490708 122.38 20.074 0.056646
122.56 20.4675 0.0506057 0.0174262 122.38 20.074 0.056646
122.514 20.1418 0.0563505 0.030999 122.38 20.074 0.056646
122.514 20.1418 0.0563505 0.030999 122.38 20.074 0.056646
122.596 20.3107 0.0473033 0.00588492 122.38 20.074 0.056646
122.473 20.3615 0.054554 0.0865865 122.38 20.074 0.056646
122.473 20.3615 0.054554 0.0865865 122.38 20.074 0.056646
122.554 20.0083 0.0549523 0.00282892 122.38 20.074 0.056646
122.596 20.3107 0.0473033 0.00588492 122.38 20.074 0.056646
122.455 20.2997 0.0669247 0.000586217 122.38 20.074 0.056646
122.599 20.2008 0.0579296 0.0175968 122.38 20.074 0.056646
122.473 20.3615 0.054554 0.0865865 122.38 20.074 0.056646
122.556 20.5032 0.0492436 0.00841361 122.38 20.074 0.056646
122.56 20.4675 0.0506057 0.0174262 122.38 20.074 0.056646
122.596 20.3107 0.0473033 0.00588492 122.38 20.074 0.056646
122.514 20.1418 0.0563505 0.030999 122.38 20.074 0.056646
122.473 20.3615 0.054554 0.0865865 122.38 20.074 0.056646
122.473 20.3615 0.054554 0.0865865 122.38 20.074 0.056646
122.664 20.3917 0.0483368 0.00490708 122.38 20.074 0.056646
122.473 20.3615 0.054554 0.0865865 122.38 20.074 0.056646
122.664 20.3917 0.0483368 0.00490708 122.38 20.074 0.056646
122.514 20.1418 0.0563505 0.030999 122.38 20.074 0.056646
122.488 20.1264 0.0603706 0.0144837 122.38 20.074 0.056646
122.473 20.3615 0.054554 0.0865865 122.38 20.074 0.056646
122.473 20.3615 0.054554 0.0865865 122.38 20.074 0.056646
122.473 20.3615 0.054554 0.0865865 122.38 20.074 0.056646
122.473 20.3615 0.054554 0.0865865 122.38 20.074 0.056646
122.473 20.3615 0.054554 0.0865865 122.38 20.074 0.056646
122.514 20.1418 0.0563505 0.030999 122.38 20.074 0.056646
122.473 20.3615 0.054554 0.0865865 122.38 20.074 0.056646
122.598 20.1338 0.0594267 0.00681496 122.38 20.074 0.056646
122.599 20.2008 0.0579296 0.0175968 122.38 20.074 0.056646
122.599 20.2008 0.0579296 0.0175968 122.38 20.074 0.056646
122.473 20.3615 0.054554 0.0865865 122.38 20.074 0.056646
122.466 20.2598 0.0613587 0.0239717 122.38 20.074 0.056646
122.514 20.1418 0.0563505 0.030999 122.38 20.074 0.056646
122.473 20.3615 0.054554 0.0865865 122.38 20.074 0.056646
122.599 20.2008 0.0579296 0.0175968 122.38 20.074 0.056646
122.514 20.1418 0.0563505 0.030999 122.38 20.074 0.056646
122.473 20.3615 0.054554 0.0865865 122.38 20.074 0.056646
122.473 20.3615 0.054554 0.0865865 122.38 20.074 0.056646
122.598 20.1338 0.0594267 0.00681496 122.38 20.074 0.056646
122.473 20.3615 0.054554 0.0865865 122.38 20.074 0.056646
122.488 20.1264 0.0603706 0.0144837 122.38 20.074 0.056646
122.664 20.3917 0.0483368 0.00490708 122.38 20.074 0.056646
122.488 20.1264 0.0603706 0.0144837 122.38 20.074 0.056646
122.473 20.3615 0.054554 0.0865865 122.38 20.074 0.056646
122.514 20.1418 0.0563505 0.030999 122.38 20.074 0.056646
122.7 20.3114 0.0546565 0.00865817 122.38 20.074 0.056646
122.473 20.3615 0.054554 0.0865865 122.38 20.074 0.056646
122.599 20.2008 0.0579296 0.0175968 122.38 20.074 0.056646
122.488 20.1264 0.0603706 0.0144837 122.38 20.074 0.056646
122.488 20.1264 0.0603706 0.0144837 122.38 20.074 0.056646
122.375 20.0281 0.058224 0.00775674 122.38 20.074 0.056646
122.473 20.3615 0.054554 0.0865865 122.38 20.074 0.056646
122.473 20.3615 0.054554 0.0865865 122.38 20.074 0.056646
122.466 20.2598 0.0613587 0.0239717 122.38 20.074 0.056646
122.473 20.3615 0.054554 0.0865865 122.38 20.074 0.056646
