245.519 28.5062 0.0836022 0.640557 245.48 28.481 0.078429
245.429 28.5248 0.0860525 0.163748 245.48 28.481 0.078429
245.519 28.5062 0.0836022 0.640557 245.48 28.481 0.078429
245.589 28.4455 0.0856292 0.229294 245.48 28.481 0.078429
245.519 28.5062 0.0836022 0.640557 245.48 28.481 0.078429
245.463 28.3473 0.0809101 0.495506 245.48 28.481 0.078429
245.554 28.5101 0.0813258 0.858943 245.48 28.481 0.078429
245.709 28.457 0.083385 0.0870317 245.48 28.481 0.078429
245.528 28.6418 0.0799151 0.141181 245.48 28.481 0.078429
245.463 28.3473 0.0809101 0.495506 245.48 28.481 0.078429
245.554 28.5101 0.0813258 0.858943 245.48 28.481 0.078429
245.554 28.5101 0.0813258 0.858943 245.48 28.481 0.078429
245.532 28.3225 0.0787495 0.20345 245.48 28.481 0.078429
245.519 28.5062 0.0836022 0.640557 245.48 28.481 0.078429
245.554 28.5101 0.0813258 0.858943 245.48 28.481 0.078429
245.437 28.5301 0.0779658 0.167867 245.48 28.481 0.078429
245.428 28.4065 0.0819344 0.705324 245.48 28.481 0.078429
245.709 28.457 0.083385 0.0870317 245.48 28.481 0.078429
245.554 28.5101 0.0813258 0.858943 245.48 28.481 0.078429
245.407 28.4038 0.0860894 0.368688 245.48 28.481 0.078429
245.463 28.3473 0.0809101 0.495506 245.48 28.481 0.078429
245.407 28.4038 0.0860894 0.368688 245.48 28.481 0.078429
245.557 28.4765 0.0756265 0.126552 245.48 28.481 0.078429
245.437 28.5301 0.0779658 0.167867 245.48 28.481 0.078429
245.519 28.5062 0.0836022 0.640557 245.48 28.481 0.078429
245.407 28.4038 0.0860894 0.368688 245.48 28.481 0.078429
245.519 28.5062 0.0836022 0.640557 245.48 28.481 0.078429
245.519 28.5062 0.0836022 0.640557 245.48 28.481 0.078429
245.554 28.5101 0.0813258 0.858943 245.48 28.481 0.078429
245.532 28.3225 0.0787495 0.20345 245.48 28.481 0.078429
245.428 28.4065 0.0819344 0.705324 245.48 28.481 0.078429
245.589 28.4455 0.0856292 0.229294 245.48 28.481 0.078429
245.357 28.3357 0.0824407 0.182012 245.48 28.481 0.078429
245.532 28.3225 0.0787495 0.20345 245.48 28.481 0.078429
245.554 28.5101 0.0813258 0.858943 245.48 28.481 0.078429
245.463 28.3473 0.0809101 0.495506 245.48 28.481 0.078429
245.519 28.5062 0.0836022 0.640557 245.48 28.481 0.078429
245.578 28.4421 0.0873494 0.077682 245.48 28.481 0.078429
245.428 28.4065 0.0819344 0.705324 245.48 28.481 0.078429
245.407 28.4038 0.0860894 0.368688 245.48 28.481 0.078429
245.357 28.3357 0.0824407 0.182012 245.48 28.481 0.078429
245.557 28.4765 0.0756265 0.126552 245.48 28.481 0.078429
245.519 28.5062 0.0836022 0.640557 245.48 28.481 0.078429
245.664 28.5622 0.0780404 0.212318 245.48 28.481 0.078429
245.463 28.3473 0.0809101 0.495506 245.48 28.481 0.078429
245.532 28.3225 0.0787495 0.20345 245.48 28.481 0.078429
245.532 28.3225 0.0787495 0.20345 245.48 28.481 0.078429
245.428 28.4065 0.0819344 0.705324 245.48 28.481 0.078429
245.554 28.5101 0.0813258 0.858943 245.48 28.481 0.078429
245.448 28.5684 0.07854 0.187486 245.48 28.481 0.078429
245.565 28.3784 0.0880502 0.0654468 245.48 28.481 0.078429
245.557 28.4765 0.0756265 0.126552 245.48 28.481 0.078429
245.554 28.5101 0.0813258 0.858943 245.48 28.481 0.078429
245.554 28.5101 0.0813258 0.858943 245.48 28.481 0.078429
245.554 28.5101 0.0813258 0.858943 245.48 28.481 0.078429
245.589 28.4455 0.0856292 0.229294 245.48 28.481 0.078429
245.554 28.5101 0.0813258 0.858943 245.48 28.481 0.078429
245.463 28.3473 0.0809101 0.495506 245.48 28.481 0.078429
245.463 28.3473 0.0809101 0.495506 245.48 28.481 0.078429
245.554 28.5101 0.0813258 0.858943 245.48 28.481 0.078429
245.428 28.4065 0.0819344 0.705324 245.48 28.481 0.078429
245.437 28.5301 0.0779658 0.167867 245.48 28.481 0.078429
245.589 28.4455 0.0856292 0.229294 245.48 28.481 0.078429
245.579 28.2944 0.0794327 0.171624 245.48 28.481 0.078429
245.429 28.5248 0.0860525 0.163748 245.48 28.481 0.078429
245.664 28.5622 0.0780404 0.212318 245.48 28.481 0.078429
245.407 28.4038 0.0860894 0.368688 245.48 28.481 0.078429
245.519 28.5062 0.0836022 0.640557 245.48 28.481 0.078429
245.565 28.3784 0.0880502 0.0654468 245.48 28.481 0.078429
245.554 28.5101 0.0813258 0.858943 245.48 28.481 0.078429
245.578 28.4421 0.0873494 0.077682 245.48 28.481 0.078429
245.565 28.3784 0.0880502 0.0654468 245.48 28.481 0.078429
245.557 28.4765 0.0756265 0.126552 245.48 28.481 0.078429
245.519 28.5062 0.0836022 0.640557 245.48 28.481 0.078429
245.557 28.4765 0.0756265 0.126552 245.48 28.481 0.078429
245.554 28.5101 0.0813258 0.858943 245.48 28.481 0.078429
245.428 28.4065 0.0819344 0.705324 245.48 28.481 0.078429
245.463 28.3473 0.0809101 0.495506 245.48 28.481 0.078429
245.463 28.3473 0.0809101 0.495506 245.48 28.481 0.078429
245.429 28.5248 0.0860525 0.163748 245.48 28.481 0.078429
245.589 28.4455 0.0856292 0.229294 245.48 28.481 0.078429
245.519 28.5062 0.0836022 0.640557 245.48 28.481 0.078429
245.463 28.3473 0.0809101 0.495506 245.48 28.481 0.078429
245.519 28.5062 0.0836022 0.640557 245.48 28.481 0.078429
245.407 28.4038 0.0860894 0.368688 245.48 28.481 0.078429
245.429 28.5248 0.0860525 0.163748 245.48 28.481 0.078429
245.554 28.5101 0.0813258 0.858943 245.48 28.481 0.078429
245.554 28.5101 0.0813258 0.858943 245.48 28.481 0.078429
245.554 28.5101 0.0813258 0.858943 245.48 28.481 0.078429
245.532 28.3225 0.0787495 0.20345 245.48 28.481 0.078429
245.357 28.3357 0.0824407 0.182012 245.48 28.481 0.078429
245.519 28.5062 0.0836022 0.640557 245.48 28.481 0.078429
245.519 28.5062 0.0836022 0.640557 245.48 28.481 0.078429
245.428 28.4065 0.0819344 0.705324 245.48 28.481 0.078429
245.557 28.4765 0.0756265 0.126552 245.48 28.481 0.078429
245.554 28.5101 0.0813258 0.858943 245.48 28.481 0.078429
245.463 28.3473 0.0809101 0.495506 245.48 28.481 0.078429
245.519 28.5062 0.0836022 0.640557 245.48 28.481 0.078429
245.448 28.5684 0.07854 0.187486 245.48 28.481 0.078429
245.554 28.5101 0.0813258 0.858943 245.48 28.481 0.078429
245.579 28.2944 0.0794327 0.171624 245.48 28.481 0.078429
245.554 28.5101 0.0813258 0.858943 245.48 28.481 0.078429
245.589 28.4455 0.0856292 0.229294 245.48 28.481 0.078429
245.428 28.4065 0.0819344 0.705324 245.48 28.481 0.078429
245.437 28.5301 0.0779658 0.167867 245.48 28.481 0.078429
245.519 28.5062 0.0836022 0.640557 245.48 28.481 0.078429
245.554 28.5101 0.0813258 0.858943 245.48 28.481 0.078429
245.407 28.4038 0.0860894 0.368688 245.48 28.481 0.078429
245.637 28.6252 0.0771026 0.0980361 245.48 28.481 0.078429
245.428 28.4065 0.0819344 0.705324 245.48 28.481 0.078429
245.528 28.6418 0.0799151 0.141181 245.48 28.481 0.078429
245.463 28.3473 0.0809101 0.495506 245.48 28.481 0.078429
245.519 28.5062 0.0836022 0.640557 245.48 28.481 0.078429
245.429 28.5248 0.0860525 0.163748 245.48 28.481 0.078429
245.448 28.5684 0.07854 0.187486 245.48 28.481 0.078429
245.428 28.4065 0.0819344 0.705324 245.48 28.481 0.078429
245.428 28.4065 0.0819344 0.705324 245.48 28.481 0.078429
245.528 28.6418 0.0799151 0.141181 245.48 28.481 0.078429
245.519 28.5062 0.0836022 0.640557 245.48 28.481 0.078429
245.429 28.5248 0.0860525 0.163748 245.48 28.481 0.078429
245.428 28.4065 0.0819344 0.705324 245.48 28.481 0.078429
245.554 28.5101 0.0813258 0.858943 245.48 28.481 0.078429
245.437 28.5301 0.0779658 0.167867 245.48 28.481 0.078429
245.429 28.5248 0.0860525 0.163748 245.48 28.481 0.078429
245.664 28.5679 0.0809663 0.183383 245.48 28.481 0.078429
245.428 28.4065 0.0819344 0.705324 245.48 28.481 0.078429
245.428 28.4065 0.0819344 0.705324 245.48 28.481 0.078429
245.554 28.5101 0.0813258 0.858943 245.48 28.481 0.078429
245.519 28.5062 0.0836022 0.640557 245.48 28.481 0.078429
245.407 28.4038 0.0860894 0.368688 245.48 28.481 0.078429
245.579 28.2944 0.0794327 0.171624 245.48 28.481 0.078429
245.637 28.6252 0.0771026 0.0980361 245.48 28.481 0.078429
245.463 28.3473 0.0809101 0.495506 245.48 28.481 0.078429
245.519 28.5062 0.0836022 0.640557 245.48 28.481 0.078429
245.519 28.5062 0.0836022 0.640557 245.48 28.481 0.078429
245.554 28.5101 0.0813258 0.858943 245.48 28.481 0.078429
245.295 28.3932 0.0796857 0.0211041 245.48 28.481 0.078429
245.554 28.5101 0.0813258 0.858943 245.48 28.481 0.078429
245.664 28.5679 0.0809663 0.183383 245.48 28.481 0.078429
245.407 28.4038 0.0860894 0.368688 245.48 28.481 0.078429
245.463 28.3473 0.0809101 0.495506 245.48 28.481 0.078429
245.519 28.5062 0.0836022 0.640557 245.48 28.481 0.078429
245.579 28.2944 0.0794327 0.171624 245.48 28.481 0.078429
245.428 28.4065 0.0819344 0.705324 245.48 28.481 0.078429
245.554 28.5101 0.0813258 0.858943 245.48 28.481 0.078429
245.519 28.5062 0.0836022 0.640557 245.48 28.481 0.078429
245.357 28.3357 0.0824407 0.182012 245.48 28.481 0.078429
245.433 28.6634 0.0805893 0.0478847 245.48 28.481 0.078429
245.664 28.5679 0.0809663 0.183383 245.48 28.481 0.078429
245.78 28.3994 0.0757819 0.0141222 245.48 28.481 0.078429
245.579 28.2944 0.0794327 0.171624 245.48 28.481 0.078429
245.532 28.3225 0.0787495 0.20345 245.48 28.481 0.078429
245.532 28.3225 0.0787495 0.20345 245.48 28.481 0.078429
245.428 28.4065 0.0819344 0.705324 245.48 28.481 0.078429
245.532 28.3225 0.0787495 0.20345 245.48 28.481 0.078429
245.428 28.4065 0.0819344 0.705324 245.48 28.481 0.078429
245.519 28.5062 0.0836022 0.640557 245.48 28.481 0.078429
245.589 28.4455 0.0856292 0.229294 245.48 28.481 0.078429
245.578 28.4421 0.0873494 0.077682 245.48 28.481 0.078429
245.589 28.4455 0.0856292 0.229294 245.48 28.481 0.078429
245.428 28.4065 0.0819344 0.705324 245.48 28.481 0.078429
245.664 28.5679 0.0809663 0.183383 245.48 28.481 0.078429
245.664 28.5679 0.0809663 0.183383 245.48 28.481 0.078429
245.519 28.5062 0.0836022 0.640557 245.48 28.481 0.078429
245.578 28.4421 0.0873494 0.077682 245.48 28.481 0.078429
245.519 28.5062 0.0836022 0.640557 245.48 28.481 0.078429
245.357 28.3357 0.0824407 0.182012 245.48 28.481 0.078429
245.532 28.3225 0.0787495 0.20345 245.48 28.481 0.078429
245.578 28.4421 0.0873494 0.077682 245.48 28.481 0.078429
245.333 28.3565 0.0813503 0.096754 245.48 28.481 0.078429
245.407 28.4038 0.0860894 0.368688 245.48 28.481 0.078429
245.519 28.5062 0.0836022 0.640557 245.48 28.481 0.078429
245.448 28.5684 0.07854 0.187486 245.48 28.481 0.078429
245.463 28.3473 0.0809101 0.495506 245.48 28.481 0.078429
245.575 28.6889 0.0758839 0.0221101 245.48 28.481 0.078429
245.554 28.5101 0.0813258 0.858943 245.48 28.481 0.078429
245.554 28.5101 0.0813258 0.858943 245.48 28.481 0.078429
245.429 28.5248 0.0860525 0.163748 245.48 28.481 0.078429
245.428 28.4065 0.0819344 0.705324 245.48 28.481 0.078429
245.554 28.5101 0.0813258 0.858943 245.48 28.481 0.078429
245.528 28.6418 0.0799151 0.141181 245.48 28.481 0.078429
245.664 28.5622 0.0780404 0.212318 245.48 28.481 0.078429
245.428 28.4065 0.0819344 0.705324 245.48 28.481 0.078429
245.664 28.5622 0.0780404 0.212318 245.48 28.481 0.078429
245.575 28.6889 0.0758839 0.0221101 245.48 28.481 0.078429
245.528 28.6418 0.0799151 0.141181 245.48 28.481 0.078429
245.554 28.5101 0.0813258 0.858943 245.48 28.481 0.078429
245.519 28.5062 0.0836022 0.640557 245.48 28.481 0.078429
245.428 28.4065 0.0819344 0.705324 245.48 28.481 0.078429
245.579 28.2944 0.0794327 0.171624 245.48 28.481 0.078429
245.462 28.4974 0.075548 0.0477557 245.48 28.481 0.078429
245.463 28.3473 0.0809101 0.495506 245.48 28.481 0.078429
245.357 28.3357 0.0824407 0.182012 245.48 28.481 0.078429
245.463 28.3473 0.0809101 0.495506 245.48 28.481 0.078429
245.463 28.3473 0.0809101 0.495506 245.48 28.481 0.078429
245.448 28.5684 0.07854 0.187486 245.48 28.481 0.078429
245.407 28.4038 0.0860894 0.368688 245.48 28.481 0.078429
245.565 28.3784 0.0880502 0.0654468 245.48 28.481 0.078429
245.589 28.4455 0.0856292 0.229294 245.48 28.481 0.078429
245.225 28.477 0.0825689 0.0107966 245.48 28.481 0.078429
