160.583 -11.4312 3.27894 1.29409 160.76 -11.725 3.2802
160.702 -11.621 3.27872 1.9248 160.76 -11.725 3.2802
160.842 -11.589 3.28209 1.80263 160.76 -11.725 3.2802
160.86 -11.6073 3.28282 1.57624 160.76 -11.725 3.2802
160.842 -11.589 3.28209 1.80263 160.76 -11.725 3.2802
160.891 -11.6634 3.28357 0.982705 160.76 -11.725 3.2802
160.906 -11.559 3.28256 1.15289 160.76 -11.725 3.2802
160.664 -11.4476 3.28078 1.7764 160.76 -11.725 3.2802
160.496 -11.491 3.27469 0.888733 160.76 -11.725 3.2802
160.809 -11.447 3.27727 0.834523 160.76 -11.725 3.2802
160.86 -11.6073 3.28282 1.57624 160.76 -11.725 3.2802
160.699 -11.5677 3.28486 1.2328 160.76 -11.725 3.2802
160.702 -11.621 3.27872 1.9248 160.76 -11.725 3.2802
160.771 -11.6732 3.28131 1.49245 160.76 -11.725 3.2802
160.806 -11.4538 3.27525 0.4213 160.76 -11.725 3.2802
160.857 -11.6879 3.28796 0.549129 160.76 -11.725 3.2802
160.835 -11.6774 3.28516 1.09434 160.76 -11.725 3.2802
160.694 -11.4071 3.27863 1.53598 160.76 -11.725 3.2802
160.86 -11.6073 3.28282 1.57624 160.76 -11.725 3.2802
160.702 -11.621 3.27872 1.9248 160.76 -11.725 3.2802
160.718 -11.3778 3.27612 0.782814 160.76 -11.725 3.2802
160.574 -11.4214 3.2758 1.20096 160.76 -11.725 3.2802
160.751 -11.5036 3.28482 1.39258 160.76 -11.725 3.2802
160.583 -11.4312 3.27894 1.29409 160.76 -11.725 3.2802
160.702 -11.621 3.27872 1.9248 160.76 -11.725 3.2802
160.664 -11.4476 3.28078 1.7764 160.76 -11.725 3.2802
160.566 -11.3476 3.27102 0.218222 160.76 -11.725 3.2802
160.699 -11.5677 3.28486 1.2328 160.76 -11.725 3.2802
160.694 -11.4071 3.27863 1.53598 160.76 -11.725 3.2802
160.311 -11.4289 3.27427 0.0648688 160.76 -11.725 3.2802
160.906 -11.559 3.28256 1.15289 160.76 -11.725 3.2802
160.842 -11.589 3.28209 1.80263 160.76 -11.725 3.2802
160.857 -11.6879 3.28796 0.549129 160.76 -11.725 3.2802
160.718 -11.3778 3.27612 0.782814 160.76 -11.725 3.2802
160.664 -11.4476 3.28078 1.7764 160.76 -11.725 3.2802
160.563 -11.4317 3.27978 0.96924 160.76 -11.725 3.2802
160.583 -11.4312 3.27894 1.29409 160.76 -11.725 3.2802
160.563 -11.4317 3.27978 0.96924 160.76 -11.725 3.2802
160.922 -11.5665 3.27759 0.225955 160.76 -11.725 3.2802
160.806 -11.4538 3.27525 0.4213 160.76 -11.725 3.2802
160.967 -11.7468 3.28136 0.113795 160.76 -11.725 3.2802
160.718 -11.3778 3.27612 0.782814 160.76 -11.725 3.2802
160.583 -11.4312 3.27894 1.29409 160.76 -11.725 3.2802
160.699 -11.5677 3.28486 1.2328 160.76 -11.725 3.2802
160.699 -11.5677 3.28486 1.2328 160.76 -11.725 3.2802
160.876 -11.5038 3.27771 0.509465 160.76 -11.725 3.2802
160.849 -11.749 3.28111 0.417143 160.76 -11.725 3.2802
160.719 -11.2325 3.27786 0.126072 160.76 -11.725 3.2802
160.524 -11.4142 3.28217 0.249072 160.76 -11.725 3.2802
160.524 -11.4142 3.28217 0.249072 160.76 -11.725 3.2802
160.857 -11.6879 3.28796 0.549129 160.76 -11.725 3.2802
160.806 -11.4538 3.27525 0.4213 160.76 -11.725 3.2802
160.759 -11.7877 3.28919 0.0879995 160.76 -11.725 3.2802
160.842 -11.589 3.28209 1.80263 160.76 -11.725 3.2802
160.574 -11.4214 3.2758 1.20096 160.76 -11.725 3.2802
160.809 -11.447 3.27727 0.834523 160.76 -11.725 3.2802
160.86 -11.6073 3.28282 1.57624 160.76 -11.725 3.2802
160.694 -11.4071 3.27863 1.53598 160.76 -11.725 3.2802
160.835 -11.6774 3.28516 1.09434 160.76 -11.725 3.2802
160.449 -11.3692 3.27875 0.172817 160.76 -11.725 3.2802
160.702 -11.621 3.27872 1.9248 160.76 -11.725 3.2802
160.574 -11.4214 3.2758 1.20096 160.76 -11.725 3.2802
160.471 -11.5525 3.28005 0.414965 160.76 -11.725 3.2802
160.906 -11.559 3.28256 1.15289 160.76 -11.725 3.2802
160.702 -11.621 3.27872 1.9248 160.76 -11.725 3.2802
160.842 -11.589 3.28209 1.80263 160.76 -11.725 3.2802
160.574 -11.4214 3.2758 1.20096 160.76 -11.725 3.2802
160.702 -11.621 3.27872 1.9248 160.76 -11.725 3.2802
160.835 -11.6774 3.28516 1.09434 160.76 -11.725 3.2802
160.694 -11.4071 3.27863 1.53598 160.76 -11.725 3.2802
160.771 -11.6732 3.28131 1.49245 160.76 -11.725 3.2802
160.835 -11.6774 3.28516 1.09434 160.76 -11.725 3.2802
160.718 -11.3778 3.27612 0.782814 160.76 -11.725 3.2802
160.694 -11.4071 3.27863 1.53598 160.76 -11.725 3.2802
160.891 -11.6634 3.28357 0.982705 160.76 -11.725 3.2802
160.694 -11.4071 3.27863 1.53598 160.76 -11.725 3.2802
160.86 -11.6073 3.28282 1.57624 160.76 -11.725 3.2802
160.718 -11.3778 3.27612 0.782814 160.76 -11.725 3.2802
160.694 -11.4071 3.27863 1.53598 160.76 -11.725 3.2802
160.806 -11.4538 3.27525 0.4213 160.76 -11.725 3.2802
160.842 -11.589 3.28209 1.80263 160.76 -11.725 3.2802
160.488 -11.7385 3.27821 0.175594 160.76 -11.725 3.2802
160.876 -11.5038 3.27771 0.509465 160.76 -11.725 3.2802
160.771 -11.6732 3.28131 1.49245 160.76 -11.725 3.2802
160.685 -11.5694 3.26927 0.0420942 160.76 -11.725 3.2802
160.842 -11.589 3.28209 1.80263 160.76 -11.725 3.2802
160.771 -11.6732 3.28131 1.49245 160.76 -11.725 3.2802
160.751 -11.5036 3.28482 1.39258 160.76 -11.725 3.2802
160.751 -11.5036 3.28482 1.39258 160.76 -11.725 3.2802
160.86 -11.6073 3.28282 1.57624 160.76 -11.725 3.2802
160.809 -11.447 3.27727 0.834523 160.76 -11.725 3.2802
160.771 -11.6732 3.28131 1.49245 160.76 -11.725 3.2802
160.574 -11.4214 3.2758 1.20096 160.76 -11.725 3.2802
160.835 -11.6774 3.28516 1.09434 160.76 -11.725 3.2802
160.664 -11.4476 3.28078 1.7764 160.76 -11.725 3.2802
160.844 -11.3296 3.27641 0.15101 160.76 -11.725 3.2802
160.694 -11.4071 3.27863 1.53598 160.76 -11.725 3.2802
160.771 -11.6732 3.28131 1.49245 160.76 -11.725 3.2802
160.357 -11.7301 3.27975 0.0144725 160.76 -11.725 3.2802
160.471 -11.5525 3.28005 0.414965 160.76 -11.725 3.2802
160.809 -11.447 3.27727 0.834523 160.76 -11.725 3.2802
160.842 -11.589 3.28209 1.80263 160.76 -11.725 3.2802
160.806 -11.4538 3.27525 0.4213 160.76 -11.725 3.2802
160.751 -11.5036 3.28482 1.39258 160.76 -11.725 3.2802
160.771 -11.6732 3.28131 1.49245 160.76 -11.725 3.2802
160.563 -11.4317 3.27978 0.96924 160.76 -11.725 3.2802
160.806 -11.4538 3.27525 0.4213 160.76 -11.725 3.2802
160.842 -11.589 3.28209 1.80263 160.76 -11.725 3.2802
160.891 -11.6634 3.28357 0.982705 160.76 -11.725 3.2802
160.86 -11.6073 3.28282 1.57624 160.76 -11.725 3.2802
160.88 -11.7307 3.28041 0.330827 160.76 -11.725 3.2802
160.566 -11.3476 3.27102 0.218222 160.76 -11.725 3.2802
160.835 -11.6774 3.28516 1.09434 160.76 -11.725 3.2802
160.86 -11.6073 3.28282 1.57624 160.76 -11.725 3.2802
160.809 -11.447 3.27727 0.834523 160.76 -11.725 3.2802
160.906 -11.559 3.28256 1.15289 160.76 -11.725 3.2802
160.664 -11.4476 3.28078 1.7764 160.76 -11.725 3.2802
160.699 -11.5677 3.28486 1.2328 160.76 -11.725 3.2802
160.574 -11.4214 3.2758 1.20096 160.76 -11.725 3.2802
160.751 -11.5036 3.28482 1.39258 160.76 -11.725 3.2802
160.835 -11.6774 3.28516 1.09434 160.76 -11.725 3.2802
160.705 -11.6924 3.27474 0.299671 160.76 -11.725 3.2802
160.346 -11.4348 3.27164 0.119949 160.76 -11.725 3.2802
160.902 -11.5813 3.28755 0.789771 160.76 -11.725 3.2802
160.842 -11.589 3.28209 1.80263 160.76 -11.725 3.2802
160.574 -11.4214 3.2758 1.20096 160.76 -11.725 3.2802
160.842 -11.589 3.28209 1.80263 160.76 -11.725 3.2802
160.371 -11.5497 3.27485 0.195863 160.76 -11.725 3.2802
160.937 -11.7714 3.28147 0.130207 160.76 -11.725 3.2802
160.771 -11.6732 3.28131 1.49245 160.76 -11.725 3.2802
160.842 -11.589 3.28209 1.80263 160.76 -11.725 3.2802
160.891 -11.6634 3.28357 0.982705 160.76 -11.725 3.2802
160.771 -11.6732 3.28131 1.49245 160.76 -11.725 3.2802
160.835 -11.6774 3.28516 1.09434 160.76 -11.725 3.2802
160.902 -11.5813 3.28755 0.789771 160.76 -11.725 3.2802
160.346 -11.4348 3.27164 0.119949 160.76 -11.725 3.2802
160.962 -11.3906 3.28284 0.244064 160.76 -11.725 3.2802
160.88 -11.7307 3.28041 0.330827 160.76 -11.725 3.2802
160.583 -11.4312 3.27894 1.29409 160.76 -11.725 3.2802
160.891 -11.6634 3.28357 0.982705 160.76 -11.725 3.2802
160.664 -11.4476 3.28078 1.7764 160.76 -11.725 3.2802
160.835 -11.6774 3.28516 1.09434 160.76 -11.725 3.2802
160.699 -11.5677 3.28486 1.2328 160.76 -11.725 3.2802
160.857 -11.6879 3.28796 0.549129 160.76 -11.725 3.2802
160.771 -11.6732 3.28131 1.49245 160.76 -11.725 3.2802
160.86 -11.6073 3.28282 1.57624 160.76 -11.725 3.2802
160.702 -11.621 3.27872 1.9248 160.76 -11.725 3.2802
160.937 -11.7714 3.28147 0.130207 160.76 -11.725 3.2802
160.906 -11.559 3.28256 1.15289 160.76 -11.725 3.2802
160.771 -11.6732 3.28131 1.49245 160.76 -11.725 3.2802
160.891 -11.6634 3.28357 0.982705 160.76 -11.725 3.2802
160.488 -11.7385 3.27821 0.175594 160.76 -11.725 3.2802
160.902 -11.5813 3.28755 0.789771 160.76 -11.725 3.2802
160.664 -11.4476 3.28078 1.7764 160.76 -11.725 3.2802
160.906 -11.559 3.28256 1.15289 160.76 -11.725 3.2802
160.664 -11.4476 3.28078 1.7764 160.76 -11.725 3.2802
160.451 -11.8216 3.27608 0.02517 160.76 -11.725 3.2802
160.86 -11.6073 3.28282 1.57624 160.76 -11.725 3.2802
160.699 -11.5677 3.28486 1.2328 160.76 -11.725 3.2802
160.848 -11.7765 3.28765 0.256794 160.76 -11.725 3.2802
160.842 -11.589 3.28209 1.80263 160.76 -11.725 3.2802
160.718 -11.3778 3.27612 0.782814 160.76 -11.725 3.2802
160.835 -11.6774 3.28516 1.09434 160.76 -11.725 3.2802
160.718 -11.3778 3.27612 0.782814 160.76 -11.725 3.2802
160.563 -11.4317 3.27978 0.96924 160.76 -11.725 3.2802
160.906 -11.559 3.28256 1.15289 160.76 -11.725 3.2802
160.806 -11.4538 3.27525 0.4213 160.76 -11.725 3.2802
160.702 -11.621 3.27872 1.9248 160.76 -11.725 3.2802
160.574 -11.4214 3.2758 1.20096 160.76 -11.725 3.2802
160.664 -11.4476 3.28078 1.7764 160.76 -11.725 3.2802
160.842 -11.589 3.28209 1.80263 160.76 -11.725 3.2802
160.842 -11.589 3.28209 1.80263 160.76 -11.725 3.2802
160.524 -11.4142 3.28217 0.249072 160.76 -11.725 3.2802
160.664 -11.4476 3.28078 1.7764 160.76 -11.725 3.2802
160.702 -11.621 3.27872 1.9248 160.76 -11.725 3.2802
160.664 -11.4476 3.28078 1.7764 160.76 -11.725 3.2802
160.694 -11.4071 3.27863 1.53598 160.76 -11.725 3.2802
160.806 -11.4538 3.27525 0.4213 160.76 -11.725 3.2802
160.86 -11.6073 3.28282 1.57624 160.76 -11.725 3.2802
160.574 -11.4214 3.2758 1.20096 160.76 -11.725 3.2802
160.702 -11.621 3.27872 1.9248 160.76 -11.725 3.2802
160.771 -11.6732 3.28131 1.49245 160.76 -11.725 3.2802
160.86 -11.6073 3.28282 1.57624 160.76 -11.725 3.2802
160.699 -11.5677 3.28486 1.2328 160.76 -11.725 3.2802
160.359 -11.5975 3.26997 0.0649398 160.76 -11.725 3.2802
160.891 -11.6634 3.28357 0.982705 160.76 -11.725 3.2802
160.809 -11.447 3.27727 0.834523 160.76 -11.725 3.2802
160.848 -11.7765 3.28765 0.256794 160.76 -11.725 3.2802
160.583 -11.4312 3.27894 1.29409 160.76 -11.725 3.2802
160.848 -11.7765 3.28765 0.256794 160.76 -11.725 3.2802
160.973 -11.5192 3.29114 0.142292 160.76 -11.725 3.2802
160.664 -11.4476 3.28078 1.7764 160.76 -11.725 3.2802
160.842 -11.589 3.28209 1.80263 160.76 -11.725 3.2802
160.751 -11.5036 3.28482 1.39258 160.76 -11.725 3.2802
160.449 -11.3692 3.27875 0.172817 160.76 -11.725 3.2802
160.705 -11.6924 3.27474 0.299671 160.76 -11.725 3.2802
160.574 -11.4214 3.2758 1.20096 160.76 -11.725 3.2802
160.86 -11.6073 3.28282 1.57624 160.76 -11.725 3.2802
160.664 -11.4476 3.28078 1.7764 160.76 -11.725 3.2802
160.729 -11.596 3.27289 0.241659 160.76 -11.725 3.2802
