0.842456 4.28688 0.296998 0.343756 0.9508 3.9614 0.29561
1.03404 4.08233 0.29756 0.0924194 0.9508 3.9614 0.29561
1.03404 4.08233 0.29756 0.0924194 0.9508 3.9614 0.29561
1.03404 4.08233 0.29756 0.0924194 0.9508 3.9614 0.29561
0.842456 4.28688 0.296998 0.343756 0.9508 3.9614 0.29561
1.0497 4.34528 0.294489 0.0422083 0.9508 3.9614 0.29561
0.77025 4.35114 0.298989 0.0576506 0.9508 3.9614 0.29561
1.01769 4.00697 0.289929 0.0262652 0.9508 3.9614 0.29561
0.842456 4.28688 0.296998 0.343756 0.9508 3.9614 0.29561
0.988246 4.19814 0.291855 0.342861 0.9508 3.9614 0.29561
0.856176 4.11131 0.297772 0.674843 0.9508 3.9614 0.29561
0.750584 4.29558 0.298497 0.149998 0.9508 3.9614 0.29561
0.925474 4.134 0.299413 0.2823 0.9508 3.9614 0.29561
0.988246 4.19814 0.291855 0.342861 0.9508 3.9614 0.29561
0.856176 4.11131 0.297772 0.674843 0.9508 3.9614 0.29561
0.842456 4.28688 0.296998 0.343756 0.9508 3.9614 0.29561
0.750584 4.29558 0.298497 0.149998 0.9508 3.9614 0.29561
0.925474 4.134 0.299413 0.2823 0.9508 3.9614 0.29561
0.800864 4.16443 0.300507 0.344028 0.9508 3.9614 0.29561
0.856176 4.11131 0.297772 0.674843 0.9508 3.9614 0.29561
0.750584 4.29558 0.298497 0.149998 0.9508 3.9614 0.29561
0.856176 4.11131 0.297772 0.674843 0.9508 3.9614 0.29561
0.856176 4.11131 0.297772 0.674843 0.9508 3.9614 0.29561
0.856176 4.11131 0.297772 0.674843 0.9508 3.9614 0.29561
0.925474 4.134 0.299413 0.2823 0.9508 3.9614 0.29561
0.856176 4.11131 0.297772 0.674843 0.9508 3.9614 0.29561
0.800864 4.16443 0.300507 0.344028 0.9508 3.9614 0.29561
0.750584 4.29558 0.298497 0.149998 0.9508 3.9614 0.29561
0.842456 4.28688 0.296998 0.343756 0.9508 3.9614 0.29561
0.821968 4.32305 0.292025 0.053442 0.9508 3.9614 0.29561
0.96178 4.33001 0.29455 0.152379 0.9508 3.9614 0.29561
1.0497 4.34528 0.294489 0.0422083 0.9508 3.9614 0.29561
0.680101 4.08455 0.293931 0.0235697 0.9508 3.9614 0.29561
0.99734 4.06214 0.292585 0.203666 0.9508 3.9614 0.29561
0.800864 4.16443 0.300507 0.344028 0.9508 3.9614 0.29561
0.800864 4.16443 0.300507 0.344028 0.9508 3.9614 0.29561
0.988246 4.19814 0.291855 0.342861 0.9508 3.9614 0.29561
1.09456 4.33957 0.292992 0.0259727 0.9508 3.9614 0.29561
0.856176 4.11131 0.297772 0.674843 0.9508 3.9614 0.29561
0.842456 4.28688 0.296998 0.343756 0.9508 3.9614 0.29561
0.988246 4.19814 0.291855 0.342861 0.9508 3.9614 0.29561
0.99734 4.06214 0.292585 0.203666 0.9508 3.9614 0.29561
0.646165 4.28028 0.298133 0.0358006 0.9508 3.9614 0.29561
0.925474 4.134 0.299413 0.2823 0.9508 3.9614 0.29561
0.925474 4.134 0.299413 0.2823 0.9508 3.9614 0.29561
0.879916 4.38158 0.29546 0.0646671 0.9508 3.9614 0.29561
0.800864 4.16443 0.300507 0.344028 0.9508 3.9614 0.29561
0.988246 4.19814 0.291855 0.342861 0.9508 3.9614 0.29561
0.925474 4.134 0.299413 0.2823 0.9508 3.9614 0.29561
0.646165 4.28028 0.298133 0.0358006 0.9508 3.9614 0.29561
0.800864 4.16443 0.300507 0.344028 0.9508 3.9614 0.29561
0.800864 4.16443 0.300507 0.344028 0.9508 3.9614 0.29561
0.925474 4.134 0.299413 0.2823 0.9508 3.9614 0.29561
0.988246 4.19814 0.291855 0.342861 0.9508 3.9614 0.29561
0.856176 4.11131 0.297772 0.674843 0.9508 3.9614 0.29561
1.07554 4.24524 0.297428 0.0364384 0.9508 3.9614 0.29561
0.925474 4.134 0.299413 0.2823 0.9508 3.9614 0.29561
0.879916 4.38158 0.29546 0.0646671 0.9508 3.9614 0.29561
0.99734 4.06214 0.292585 0.203666 0.9508 3.9614 0.29561
0.856176 4.11131 0.297772 0.674843 0.9508 3.9614 0.29561
0.842456 4.28688 0.296998 0.343756 0.9508 3.9614 0.29561
0.842456 4.28688 0.296998 0.343756 0.9508 3.9614 0.29561
0.856176 4.11131 0.297772 0.674843 0.9508 3.9614 0.29561
0.988246 4.19814 0.291855 0.342861 0.9508 3.9614 0.29561
0.99734 4.06214 0.292585 0.203666 0.9508 3.9614 0.29561
0.821968 4.32305 0.292025 0.053442 0.9508 3.9614 0.29561
0.988246 4.19814 0.291855 0.342861 0.9508 3.9614 0.29561
0.800864 4.16443 0.300507 0.344028 0.9508 3.9614 0.29561
0.99734 4.06214 0.292585 0.203666 0.9508 3.9614 0.29561
0.988246 4.19814 0.291855 0.342861 0.9508 3.9614 0.29561
0.99734 4.06214 0.292585 0.203666 0.9508 3.9614 0.29561
0.856176 4.11131 0.297772 0.674843 0.9508 3.9614 0.29561
0.99734 4.06214 0.292585 0.203666 0.9508 3.9614 0.29561
0.856176 4.11131 0.297772 0.674843 0.9508 3.9614 0.29561
0.856176 4.11131 0.297772 0.674843 0.9508 3.9614 0.29561
0.750584 4.29558 0.298497 0.149998 0.9508 3.9614 0.29561
0.856176 4.11131 0.297772 0.674843 0.9508 3.9614 0.29561
0.780194 4.06831 0.294058 0.161123 0.9508 3.9614 0.29561
0.988246 4.19814 0.291855 0.342861 0.9508 3.9614 0.29561
0.842456 4.28688 0.296998 0.343756 0.9508 3.9614 0.29561
0.856176 4.11131 0.297772 0.674843 0.9508 3.9614 0.29561
0.988246 4.19814 0.291855 0.342861 0.9508 3.9614 0.29561
0.925474 4.134 0.299413 0.2823 0.9508 3.9614 0.29561
0.925474 4.134 0.299413 0.2823 0.9508 3.9614 0.29561
0.856176 4.11131 0.297772 0.674843 0.9508 3.9614 0.29561
0.879916 4.38158 0.29546 0.0646671 0.9508 3.9614 0.29561
0.856176 4.11131 0.297772 0.674843 0.9508 3.9614 0.29561
0.99734 4.06214 0.292585 0.203666 0.9508 3.9614 0.29561
0.879916 4.38158 0.29546 0.0646671 0.9508 3.9614 0.29561
0.750584 4.29558 0.298497 0.149998 0.9508 3.9614 0.29561
1.0497 4.34528 0.294489 0.0422083 0.9508 3.9614 0.29561
0.925474 4.134 0.299413 0.2823 0.9508 3.9614 0.29561
0.988246 4.19814 0.291855 0.342861 0.9508 3.9614 0.29561
0.925474 4.134 0.299413 0.2823 0.9508 3.9614 0.29561
0.988246 4.19814 0.291855 0.342861 0.9508 3.9614 0.29561
0.925474 4.134 0.299413 0.2823 0.9508 3.9614 0.29561
1.04964 4.02154 0.296159 0.0540876 0.9508 3.9614 0.29561
0.988246 4.19814 0.291855 0.342861 0.9508 3.9614 0.29561
0.842456 4.28688 0.296998 0.343756 0.9508 3.9614 0.29561
1.0497 4.34528 0.294489 0.0422083 0.9508 3.9614 0.29561
0.800864 4.16443 0.300507 0.344028 0.9508 3.9614 0.29561
0.925474 4.134 0.299413 0.2823 0.9508 3.9614 0.29561
0.780194 4.06831 0.294058 0.161123 0.9508 3.9614 0.29561
0.800864 4.16443 0.300507 0.344028 0.9508 3.9614 0.29561
0.856176 4.11131 0.297772 0.674843 0.9508 3.9614 0.29561
0.842456 4.28688 0.296998 0.343756 0.9508 3.9614 0.29561
0.856176 4.11131 0.297772 0.674843 0.9508 3.9614 0.29561
0.856176 4.11131 0.297772 0.674843 0.9508 3.9614 0.29561
0.99734 4.06214 0.292585 0.203666 0.9508 3.9614 0.29561
0.800864 4.16443 0.300507 0.344028 0.9508 3.9614 0.29561
0.925474 4.134 0.299413 0.2823 0.9508 3.9614 0.29561
0.988246 4.19814 0.291855 0.342861 0.9508 3.9614 0.29561
0.856176 4.11131 0.297772 0.674843 0.9508 3.9614 0.29561
0.800864 4.16443 0.300507 0.344028 0.9508 3.9614 0.29561
0.77025 4.35114 0.298989 0.0576506 0.9508 3.9614 0.29561
1.03404 4.08233 0.29756 0.0924194 0.9508 3.9614 0.29561
0.988246 4.19814 0.291855 0.342861 0.9508 3.9614 0.29561
0.856176 4.11131 0.297772 0.674843 0.9508 3.9614 0.29561
0.780194 4.06831 0.294058 0.161123 0.9508 3.9614 0.29561
0.988246 4.19814 0.291855 0.342861 0.9508 3.9614 0.29561
0.750584 4.29558 0.298497 0.149998 0.9508 3.9614 0.29561
0.99734 4.06214 0.292585 0.203666 0.9508 3.9614 0.29561
0.856176 4.11131 0.297772 0.674843 0.9508 3.9614 0.29561
0.856176 4.11131 0.297772 0.674843 0.9508 3.9614 0.29561
0.937399 4.03913 0.30112 0.0434557 0.9508 3.9614 0.29561
0.988246 4.19814 0.291855 0.342861 0.9508 3.9614 0.29561
0.750584 4.29558 0.298497 0.149998 0.9508 3.9614 0.29561
0.842456 4.28688 0.296998 0.343756 0.9508 3.9614 0.29561
0.925474 4.134 0.299413 0.2823 0.9508 3.9614 0.29561
0.800864 4.16443 0.300507 0.344028 0.9508 3.9614 0.29561
0.988246 4.19814 0.291855 0.342861 0.9508 3.9614 0.29561
0.856176 4.11131 0.297772 0.674843 0.9508 3.9614 0.29561
0.734103 4.30859 0.301181 0.0514111 0.9508 3.9614 0.29561
0.856176 4.11131 0.297772 0.674843 0.9508 3.9614 0.29561
0.925474 4.134 0.299413 0.2823 0.9508 3.9614 0.29561
0.842456 4.28688 0.296998 0.343756 0.9508 3.9614 0.29561
0.800864 4.16443 0.300507 0.344028 0.9508 3.9614 0.29561
0.925474 4.134 0.299413 0.2823 0.9508 3.9614 0.29561
0.988246 4.19814 0.291855 0.342861 0.9508 3.9614 0.29561
0.800864 4.16443 0.300507 0.344028 0.9508 3.9614 0.29561
0.988246 4.19814 0.291855 0.342861 0.9508 3.9614 0.29561
1.03404 4.08233 0.29756 0.0924194 0.9508 3.9614 0.29561
0.856176 4.11131 0.297772 0.674843 0.9508 3.9614 0.29561
0.77025 4.35114 0.298989 0.0576506 0.9508 3.9614 0.29561
0.988246 4.19814 0.291855 0.342861 0.9508 3.9614 0.29561
0.842456 4.28688 0.296998 0.343756 0.9508 3.9614 0.29561
0.856176 4.11131 0.297772 0.674843 0.9508 3.9614 0.29561
0.856176 4.11131 0.297772 0.674843 0.9508 3.9614 0.29561
0.77025 4.35114 0.298989 0.0576506 0.9508 3.9614 0.29561
0.842456 4.28688 0.296998 0.343756 0.9508 3.9614 0.29561
1.07554 4.24524 0.297428 0.0364384 0.9508 3.9614 0.29561
0.937399 4.03913 0.30112 0.0434557 0.9508 3.9614 0.29561
0.856176 4.11131 0.297772 0.674843 0.9508 3.9614 0.29561
0.988246 4.19814 0.291855 0.342861 0.9508 3.9614 0.29561
0.856176 4.11131 0.297772 0.674843 0.9508 3.9614 0.29561
0.800864 4.16443 0.300507 0.344028 0.9508 3.9614 0.29561
0.800864 4.16443 0.300507 0.344028 0.9508 3.9614 0.29561
0.99734 4.06214 0.292585 0.203666 0.9508 3.9614 0.29561
0.856176 4.11131 0.297772 0.674843 0.9508 3.9614 0.29561
0.842456 4.28688 0.296998 0.343756 0.9508 3.9614 0.29561
0.821968 4.32305 0.292025 0.053442 0.9508 3.9614 0.29561
0.780194 4.06831 0.294058 0.161123 0.9508 3.9614 0.29561
0.800864 4.16443 0.300507 0.344028 0.9508 3.9614 0.29561
0.856176 4.11131 0.297772 0.674843 0.9508 3.9614 0.29561
0.800864 4.16443 0.300507 0.344028 0.9508 3.9614 0.29561
0.856176 4.11131 0.297772 0.674843 0.9508 3.9614 0.29561
0.734103 4.30859 0.301181 0.0514111 0.9508 3.9614 0.29561
0.988246 4.19814 0.291855 0.342861 0.9508 3.9614 0.29561
1.07554 4.24524 0.297428 0.0364384 0.9508 3.9614 0.29561
0.988246 4.19814 0.291855 0.342861 0.9508 3.9614 0.29561
0.800864 4.16443 0.300507 0.344028 0.9508 3.9614 0.29561
0.856176 4.11131 0.297772 0.674843 0.9508 3.9614 0.29561
0.842456 4.28688 0.296998 0.343756 0.9508 3.9614 0.29561
0.96178 4.33001 0.29455 0.152379 0.9508 3.9614 0.29561
0.856176 4.11131 0.297772 0.674843 0.9508 3.9614 0.29561
0.96178 4.33001 0.29455 0.152379 0.9508 3.9614 0.29561
0.800864 4.16443 0.300507 0.344028 0.9508 3.9614 0.29561
0.925474 4.134 0.299413 0.2823 0.9508 3.9614 0.29561
0.925474 4.134 0.299413 0.2823 0.9508 3.9614 0.29561
0.925474 4.134 0.299413 0.2823 0.9508 3.9614 0.29561
0.800864 4.16443 0.300507 0.344028 0.9508 3.9614 0.29561
0.925474 4.134 0.299413 0.2823 0.9508 3.9614 0.29561
0.680101 4.08455 0.293931 0.0235697 0.9508 3.9614 0.29561
0.734103 4.30859 0.301181 0.0514111 0.9508 3.9614 0.29561
0.701363 4.08618 0.292144 0.0111416 0.9508 3.9614 0.29561
0.856176 4.11131 0.297772 0.674843 0.9508 3.9614 0.29561
0.856176 4.11131 0.297772 0.674843 0.9508 3.9614 0.29561
0.988246 4.19814 0.291855 0.342861 0.9508 3.9614 0.29561
0.988246 4.19814 0.291855 0.342861 0.9508 3.9614 0.29561
1.11094 4.42135 0.295904 0.00116993 0.9508 3.9614 0.29561
0.842456 4.28688 0.296998 0.343756 0.9508 3.9614 0.29561
0.96178 4.33001 0.29455 0.152379 0.9508 3.9614 0.29561
0.988246 4.19814 0.291855 0.342861 0.9508 3.9614 0.29561
0.988246 4.19814 0.291855 0.342861 0.9508 3.9614 0.29561
0.99734 4.06214 0.292585 0.203666 0.9508 3.9614 0.29561
0.856176 4.11131 0.297772 0.674843 0.9508 3.9614 0.29561
1.03404 4.08233 0.29756 0.0924194 0.9508 3.9614 0.29561
0.750584 4.29558 0.298497 0.149998 0.9508 3.9614 0.29561
0.800864 4.16443 0.300507 0.344028 0.9508 3.9614 0.29561
0.99734 4.06214 0.292585 0.203666 0.9508 3.9614 0.29561
