-20.6478 -90.4873 2.65818 0.0454947 -20.802 -90.482 2.6634
-20.7292 -90.3111 2.66164 0.148678 -20.802 -90.482 2.6634
-20.9552 -90.3946 2.66104 0.0179635 -20.802 -90.482 2.6634
-20.6362 -90.6066 2.66225 0.0507958 -20.802 -90.482 2.6634
-20.4661 -90.3244 2.66213 0.0664993 -20.802 -90.482 2.6634
-20.8111 -90.3341 2.6624 0.0999325 -20.802 -90.482 2.6634
-20.8352 -90.3926 2.66483 0.0725817 -20.802 -90.482 2.6634
-20.6381 -90.3299 2.66303 0.203725 -20.802 -90.482 2.6634
-20.6478 -90.4873 2.65818 0.0454947 -20.802 -90.482 2.6634
-20.8815 -90.4685 2.6637 0.0398254 -20.802 -90.482 2.6634
-20.6381 -90.3299 2.66303 0.203725 -20.802 -90.482 2.6634
-20.7808 -90.2781 2.66338 0.0961112 -20.802 -90.482 2.6634
-20.7794 -90.3462 2.66655 0.0870966 -20.802 -90.482 2.6634
-20.8434 -90.4518 2.66071 0.0609529 -20.802 -90.482 2.6634
-20.7292 -90.3111 2.66164 0.148678 -20.802 -90.482 2.6634
-20.9256 -90.2573 2.66236 0.0177445 -20.802 -90.482 2.6634
-20.7883 -90.4448 2.65914 0.0702099 -20.802 -90.482 2.6634
-20.7199 -90.268 2.66727 0.073954 -20.802 -90.482 2.6634
-20.7883 -90.4448 2.65914 0.0702099 -20.802 -90.482 2.6634
-20.7199 -90.268 2.66727 0.073954 -20.802 -90.482 2.6634
-20.7794 -90.3462 2.66655 0.0870966 -20.802 -90.482 2.6634
-20.7808 -90.2781 2.66338 0.0961112 -20.802 -90.482 2.6634
-20.8434 -90.4518 2.66071 0.0609529 -20.802 -90.482 2.6634
-20.5157 -90.5204 2.67084 0.0848576 -20.802 -90.482 2.6634
-20.8434 -90.4518 2.66071 0.0609529 -20.802 -90.482 2.6634
-20.7262 -90.4221 2.66269 0.179846 -20.802 -90.482 2.6634
-20.7262 -90.4221 2.66269 0.179846 -20.802 -90.482 2.6634
-20.7794 -90.3462 2.66655 0.0870966 -20.802 -90.482 2.6634
-20.8111 -90.3341 2.6624 0.0999325 -20.802 -90.482 2.6634
-20.8722 -90.5148 2.66696 0.0220304 -20.802 -90.482 2.6634
-20.5157 -90.5204 2.67084 0.0848576 -20.802 -90.482 2.6634
-20.5157 -90.5204 2.67084 0.0848576 -20.802 -90.482 2.6634
-20.7262 -90.4221 2.66269 0.179846 -20.802 -90.482 2.6634
-20.8434 -90.4518 2.66071 0.0609529 -20.802 -90.482 2.6634
-20.7808 -90.2781 2.66338 0.0961112 -20.802 -90.482 2.6634
-20.8722 -90.5148 2.66696 0.0220304 -20.802 -90.482 2.6634
-20.7199 -90.268 2.66727 0.073954 -20.802 -90.482 2.6634
-20.4661 -90.3244 2.66213 0.0664993 -20.802 -90.482 2.6634
-20.7794 -90.3462 2.66655 0.0870966 -20.802 -90.482 2.6634
-20.7199 -90.268 2.66727 0.073954 -20.802 -90.482 2.6634
-20.8434 -90.4518 2.66071 0.0609529 -20.802 -90.482 2.6634
-20.7292 -90.3111 2.66164 0.148678 -20.802 -90.482 2.6634
-20.7262 -90.4221 2.66269 0.179846 -20.802 -90.482 2.6634
-20.8434 -90.4518 2.66071 0.0609529 -20.802 -90.482 2.6634
-20.5157 -90.5204 2.67084 0.0848576 -20.802 -90.482 2.6634
-20.8815 -90.4685 2.6637 0.0398254 -20.802 -90.482 2.6634
-20.7794 -90.3462 2.66655 0.0870966 -20.802 -90.482 2.6634
-20.7028 -90.5829 2.66101 0.0489359 -20.802 -90.482 2.6634
-20.7883 -90.4448 2.65914 0.0702099 -20.802 -90.482 2.6634
-20.7292 -90.3111 2.66164 0.148678 -20.802 -90.482 2.6634
-20.7883 -90.4448 2.65914 0.0702099 -20.802 -90.482 2.6634
-20.7292 -90.3111 2.66164 0.148678 -20.802 -90.482 2.6634
-20.6144 -90.3827 2.67341 0.0279514 -20.802 -90.482 2.6634
-20.8536 -90.1863 2.66737 0.0072611 -20.802 -90.482 2.6634
-20.702 -90.3161 2.65646 0.0428306 -20.802 -90.482 2.6634
-20.7262 -90.4221 2.66269 0.179846 -20.802 -90.482 2.6634
-20.6381 -90.3299 2.66303 0.203725 -20.802 -90.482 2.6634
-20.7449 -90.3307 2.67118 0.022499 -20.802 -90.482 2.6634
-20.74 -90.6716 2.66302 0.0191249 -20.802 -90.482 2.6634
-20.6501 -90.0952 2.65638 0.00698384 -20.802 -90.482 2.6634
-20.8111 -90.3341 2.6624 0.0999325 -20.802 -90.482 2.6634
-20.8434 -90.4518 2.66071 0.0609529 -20.802 -90.482 2.6634
-20.8352 -90.3926 2.66483 0.0725817 -20.802 -90.482 2.6634
-20.7262 -90.4221 2.66269 0.179846 -20.802 -90.482 2.6634
-20.7808 -90.2781 2.66338 0.0961112 -20.802 -90.482 2.6634
-20.4661 -90.3244 2.66213 0.0664993 -20.802 -90.482 2.6634
-20.7808 -90.2781 2.66338 0.0961112 -20.802 -90.482 2.6634
-20.563 -90.5578 2.66704 0.122067 -20.802 -90.482 2.6634
-20.7028 -90.5829 2.66101 0.0489359 -20.802 -90.482 2.6634
-20.563 -90.5578 2.66704 0.122067 -20.802 -90.482 2.6634
-20.3253 -90.2852 2.66982 0.0137418 -20.802 -90.482 2.6634
-20.6651 -90.6196 2.67304 0.0147525 -20.802 -90.482 2.6634
-20.8815 -90.4685 2.6637 0.0398254 -20.802 -90.482 2.6634
-20.7199 -90.268 2.66727 0.073954 -20.802 -90.482 2.6634
-20.7292 -90.3111 2.66164 0.148678 -20.802 -90.482 2.6634
-20.4661 -90.3244 2.66213 0.0664993 -20.802 -90.482 2.6634
-20.6478 -90.4873 2.65818 0.0454947 -20.802 -90.482 2.6634
-20.5229 -90.3636 2.67382 0.0261185 -20.802 -90.482 2.6634
-20.8111 -90.3341 2.6624 0.0999325 -20.802 -90.482 2.6634
-20.702 -90.3161 2.65646 0.0428306 -20.802 -90.482 2.6634
-20.7262 -90.4221 2.66269 0.179846 -20.802 -90.482 2.6634
-20.9325 -90.5524 2.6613 0.0107944 -20.802 -90.482 2.6634
-20.8352 -90.3926 2.66483 0.0725817 -20.802 -90.482 2.6634
-20.8434 -90.4518 2.66071 0.0609529 -20.802 -90.482 2.6634
-20.6513 -90.326 2.65587 0.0287052 -20.802 -90.482 2.6634
-20.7883 -90.4448 2.65914 0.0702099 -20.802 -90.482 2.6634
-20.7262 -90.4221 2.66269 0.179846 -20.802 -90.482 2.6634
-20.7199 -90.268 2.66727 0.073954 -20.802 -90.482 2.6634
-20.7808 -90.2781 2.66338 0.0961112 -20.802 -90.482 2.6634
-20.6362 -90.6066 2.66225 0.0507958 -20.802 -90.482 2.6634
-20.8722 -90.5148 2.66696 0.0220304 -20.802 -90.482 2.6634
-20.4661 -90.3244 2.66213 0.0664993 -20.802 -90.482 2.6634
-20.7449 -90.3307 2.67118 0.022499 -20.802 -90.482 2.6634
-20.6381 -90.3299 2.66303 0.203725 -20.802 -90.482 2.6634
-20.7262 -90.4221 2.66269 0.179846 -20.802 -90.482 2.6634
-20.563 -90.5578 2.66704 0.122067 -20.802 -90.482 2.6634
-20.9207 -90.4496 2.66792 0.00920567 -20.802 -90.482 2.6634
-20.9325 -90.5524 2.6613 0.0107944 -20.802 -90.482 2.6634
-20.7199 -90.268 2.66727 0.073954 -20.802 -90.482 2.6634
-20.4661 -90.3244 2.66213 0.0664993 -20.802 -90.482 2.6634
-20.5157 -90.5204 2.67084 0.0848576 -20.802 -90.482 2.6634
-20.7883 -90.4448 2.65914 0.0702099 -20.802 -90.482 2.6634
-20.7262 -90.4221 2.66269 0.179846 -20.802 -90.482 2.6634
-20.6144 -90.3827 2.67341 0.0279514 -20.802 -90.482 2.6634
-20.8352 -90.3926 2.66483 0.0725817 -20.802 -90.482 2.6634
-20.5955 -90.3951 2.65604 0.0203464 -20.802 -90.482 2.6634
-20.702 -90.3161 2.65646 0.0428306 -20.802 -90.482 2.6634
-20.7604 -90.4388 2.6717 0.0217911 -20.802 -90.482 2.6634
-20.7292 -90.3111 2.66164 0.148678 -20.802 -90.482 2.6634
-20.7292 -90.3111 2.66164 0.148678 -20.802 -90.482 2.6634
-20.7292 -90.3111 2.66164 0.148678 -20.802 -90.482 2.6634
-20.6501 -90.0952 2.65638 0.00698384 -20.802 -90.482 2.6634
-20.8352 -90.3926 2.66483 0.0725817 -20.802 -90.482 2.6634
-20.7292 -90.3111 2.66164 0.148678 -20.802 -90.482 2.6634
-20.7199 -90.268 2.66727 0.073954 -20.802 -90.482 2.6634
-20.6381 -90.3299 2.66303 0.203725 -20.802 -90.482 2.6634
-20.6381 -90.3299 2.66303 0.203725 -20.802 -90.482 2.6634
-20.5157 -90.5204 2.67084 0.0848576 -20.802 -90.482 2.6634
-20.563 -90.5578 2.66704 0.122067 -20.802 -90.482 2.6634
-20.7028 -90.5829 2.66101 0.0489359 -20.802 -90.482 2.6634
-20.7963 -90.1241 2.65854 0.0162878 -20.802 -90.482 2.6634
-20.7292 -90.3111 2.66164 0.148678 -20.802 -90.482 2.6634
-20.8352 -90.3926 2.66483 0.0725817 -20.802 -90.482 2.6634
-20.6478 -90.4873 2.65818 0.0454947 -20.802 -90.482 2.6634
-20.4855 -90.0605 2.66877 0.00291661 -20.802 -90.482 2.6634
-20.563 -90.5578 2.66704 0.122067 -20.802 -90.482 2.6634
-20.7794 -90.3462 2.66655 0.0870966 -20.802 -90.482 2.6634
-20.8352 -90.3926 2.66483 0.0725817 -20.802 -90.482 2.6634
-21.0319 -90.4047 2.66146 0.00438999 -20.802 -90.482 2.6634
-20.7262 -90.4221 2.66269 0.179846 -20.802 -90.482 2.6634
-20.7262 -90.4221 2.66269 0.179846 -20.802 -90.482 2.6634
-20.9205 -90.5165 2.6649 0.0151896 -20.802 -90.482 2.6634
-20.6381 -90.3299 2.66303 0.203725 -20.802 -90.482 2.6634
-20.7794 -90.3462 2.66655 0.0870966 -20.802 -90.482 2.6634
-20.5832 -90.2007 2.65519 0.00806728 -20.802 -90.482 2.6634
-20.7808 -90.2781 2.66338 0.0961112 -20.802 -90.482 2.6634
-20.5955 -90.3951 2.65604 0.0203464 -20.802 -90.482 2.6634
-20.6478 -90.4873 2.65818 0.0454947 -20.802 -90.482 2.6634
-20.563 -90.5578 2.66704 0.122067 -20.802 -90.482 2.6634
-20.6478 -90.4873 2.65818 0.0454947 -20.802 -90.482 2.6634
-20.8722 -90.5148 2.66696 0.0220304 -20.802 -90.482 2.6634
-20.8722 -90.5148 2.66696 0.0220304 -20.802 -90.482 2.6634
-20.7449 -90.3307 2.67118 0.022499 -20.802 -90.482 2.6634
-20.5229 -90.3636 2.67382 0.0261185 -20.802 -90.482 2.6634
-20.7292 -90.3111 2.66164 0.148678 -20.802 -90.482 2.6634
-20.7292 -90.3111 2.66164 0.148678 -20.802 -90.482 2.6634
-20.4501 -90.5303 2.6616 0.0275434 -20.802 -90.482 2.6634
-20.702 -90.3161 2.65646 0.0428306 -20.802 -90.482 2.6634
-20.6362 -90.6066 2.66225 0.0507958 -20.802 -90.482 2.6634
-20.8111 -90.3341 2.6624 0.0999325 -20.802 -90.482 2.6634
-20.5157 -90.5204 2.67084 0.0848576 -20.802 -90.482 2.6634
-20.4661 -90.3244 2.66213 0.0664993 -20.802 -90.482 2.6634
-20.7199 -90.268 2.66727 0.073954 -20.802 -90.482 2.6634
-20.563 -90.5578 2.66704 0.122067 -20.802 -90.482 2.6634
-20.7794 -90.3462 2.66655 0.0870966 -20.802 -90.482 2.6634
-20.9246 -90.578 2.66573 0.00766147 -20.802 -90.482 2.6634
-20.5157 -90.5204 2.67084 0.0848576 -20.802 -90.482 2.6634
-20.563 -90.5578 2.66704 0.122067 -20.802 -90.482 2.6634
-20.6381 -90.3299 2.66303 0.203725 -20.802 -90.482 2.6634
-20.6362 -90.6066 2.66225 0.0507958 -20.802 -90.482 2.6634
-20.9552 -90.3946 2.66104 0.0179635 -20.802 -90.482 2.6634
-20.74 -90.6716 2.66302 0.0191249 -20.802 -90.482 2.6634
-20.7883 -90.4448 2.65914 0.0702099 -20.802 -90.482 2.6634
-20.7292 -90.3111 2.66164 0.148678 -20.802 -90.482 2.6634
-20.7262 -90.4221 2.66269 0.179846 -20.802 -90.482 2.6634
-20.8111 -90.3341 2.6624 0.0999325 -20.802 -90.482 2.6634
-20.7262 -90.4221 2.66269 0.179846 -20.802 -90.482 2.6634
-20.7883 -90.4448 2.65914 0.0702099 -20.802 -90.482 2.6634
-20.563 -90.5578 2.66704 0.122067 -20.802 -90.482 2.6634
-20.7262 -90.4221 2.66269 0.179846 -20.802 -90.482 2.6634
-20.8352 -90.3926 2.66483 0.0725817 -20.802 -90.482 2.6634
-20.4661 -90.3244 2.66213 0.0664993 -20.802 -90.482 2.6634
-20.7292 -90.3111 2.66164 0.148678 -20.802 -90.482 2.6634
-20.702 -90.3161 2.65646 0.0428306 -20.802 -90.482 2.6634
-20.7794 -90.3462 2.66655 0.0870966 -20.802 -90.482 2.6634
-20.4661 -90.3244 2.66213 0.0664993 -20.802 -90.482 2.6634
-20.8536 -90.1863 2.66737 0.0072611 -20.802 -90.482 2.6634
-20.8722 -90.5148 2.66696 0.0220304 -20.802 -90.482 2.6634
-20.7808 -90.2781 2.66338 0.0961112 -20.802 -90.482 2.6634
-20.7963 -90.1241 2.65854 0.0162878 -20.802 -90.482 2.6634
-20.5157 -90.5204 2.67084 0.0848576 -20.802 -90.482 2.6634
-20.7292 -90.3111 2.66164 0.148678 -20.802 -90.482 2.6634
-20.74 -90.6716 2.66302 0.0191249 -20.802 -90.482 2.6634
-20.8352 -90.3926 2.66483 0.0725817 -20.802 -90.482 2.6634
-20.7199 -90.268 2.66727 0.073954 -20.802 -90.482 2.6634
-20.5157 -90.5204 2.67084 0.0848576 -20.802 -90.482 2.6634
-20.6381 -90.3299 2.66303 0.203725 -20.802 -90.482 2.6634
-20.563 -90.5578 2.66704 0.122067 -20.802 -90.482 2.6634
-20.4661 -90.3244 2.66213 0.0664993 -20.802 -90.482 2.6634
-20.8352 -90.3926 2.66483 0.0725817 -20.802 -90.482 2.6634
-20.6144 -90.3827 2.67341 0.0279514 -20.802 -90.482 2.6634
-20.7262 -90.4221 2.66269 0.179846 -20.802 -90.482 2.6634
-20.9325 -90.5524 2.6613 0.0107944 -20.802 -90.482 2.6634
-20.7262 -90.4221 2.66269 0.179846 -20.802 -90.482 2.6634
-20.563 -90.5578 2.66704 0.122067 -20.802 -90.482 2.6634
-20.7292 -90.3111 2.66164 0.148678 -20.802 -90.482 2.6634
-20.5955 -90.3951 2.65604 0.0203464 -20.802 -90.482 2.6634
-20.8111 -90.3341 2.6624 0.0999325 -20.802 -90.482 2.6634
-20.7262 -90.4221 2.66269 0.179846 -20.802 -90.482 2.6634
-20.6501 -90.0952 2.65638 0.00698384 -20.802 -90.482 2.6634
