88.5499 16.294 0.0778198 0.0118121 88.64 16.602 0.082519
88.5499 16.294 0.0778198 0.0118121 88.64 16.602 0.082519
88.7893 16.1504 0.0850057 0.0890355 88.64 16.602 0.082519
88.5891 16.2383 0.0838773 0.0641396 88.64 16.602 0.082519
88.7318 16.3178 0.087267 0.0888575 88.64 16.602 0.082519
88.8234 16.3298 0.0777235 0.0197906 88.64 16.602 0.082519
88.6016 16.1494 0.0888932 0.0931298 88.64 16.602 0.082519
88.5891 16.2383 0.0838773 0.0641396 88.64 16.602 0.082519
88.5891 16.2383 0.0838773 0.0641396 88.64 16.602 0.082519
88.6016 16.1494 0.0888932 0.0931298 88.64 16.602 0.082519
88.6016 16.1494 0.0888932 0.0931298 88.64 16.602 0.082519
88.5891 16.2383 0.0838773 0.0641396 88.64 16.602 0.082519
88.7591 16.3104 0.0898723 0.0797419 88.64 16.602 0.082519
89.1091 16.3147 0.086621 0.00275888 88.64 16.602 0.082519
88.7893 16.1504 0.0850057 0.0890355 88.64 16.602 0.082519
88.5984 16.2926 0.0810387 0.0377643 88.64 16.602 0.082519
88.7318 16.3178 0.087267 0.0888575 88.64 16.602 0.082519
88.9111 16.3607 0.0866065 0.0285945 88.64 16.602 0.082519
88.7318 16.3178 0.087267 0.0888575 88.64 16.602 0.082519
88.6016 16.1494 0.0888932 0.0931298 88.64 16.602 0.082519
88.7318 16.3178 0.087267 0.0888575 88.64 16.602 0.082519
88.5875 16.3536 0.07723 0.0106351 88.64 16.602 0.082519
88.4459 16.047 0.0957676 0.0119973 88.64 16.602 0.082519
88.8248 16.3502 0.0875061 0.0550573 88.64 16.602 0.082519
88.9013 16.1161 0.0863856 0.0457238 88.64 16.602 0.082519
88.9078 16.0932 0.0925534 0.0299326 88.64 16.602 0.082519
88.8638 16.4481 0.0925762 0.00972573 88.64 16.602 0.082519
88.7173 16.5117 0.0838767 0.0134194 88.64 16.602 0.082519
88.8234 16.3298 0.0777235 0.0197906 88.64 16.602 0.082519
88.4459 16.047 0.0957676 0.0119973 88.64 16.602 0.082519
88.7318 16.3178 0.087267 0.0888575 88.64 16.602 0.082519
88.7318 16.3178 0.087267 0.0888575 88.64 16.602 0.082519
88.7318 16.3178 0.087267 0.0888575 88.64 16.602 0.082519
88.7173 16.5117 0.0838767 0.0134194 88.64 16.602 0.082519
88.6691 15.987 0.0791273 0.00920537 88.64 16.602 0.082519
88.6016 16.1494 0.0888932 0.0931298 88.64 16.602 0.082519
88.7591 16.3104 0.0898723 0.0797419 88.64 16.602 0.082519
88.8248 16.3502 0.0875061 0.0550573 88.64 16.602 0.082519
88.9752 16.1207 0.084877 0.0205699 88.64 16.602 0.082519
88.9721 16.3551 0.0813578 0.0120676 88.64 16.602 0.082519
88.7295 16.1655 0.101825 0.00879929 88.64 16.602 0.082519
88.5902 16.2887 0.0772537 0.0136557 88.64 16.602 0.082519
88.5984 16.2926 0.0810387 0.0377643 88.64 16.602 0.082519
88.9721 16.3551 0.0813578 0.0120676 88.64 16.602 0.082519
88.9752 16.1207 0.084877 0.0205699 88.64 16.602 0.082519
88.7591 16.3104 0.0898723 0.0797419 88.64 16.602 0.082519
88.8234 16.3298 0.0777235 0.0197906 88.64 16.602 0.082519
88.7591 16.3104 0.0898723 0.0797419 88.64 16.602 0.082519
88.7893 16.1504 0.0850057 0.0890355 88.64 16.602 0.082519
88.5891 16.2383 0.0838773 0.0641396 88.64 16.602 0.082519
88.5891 16.2383 0.0838773 0.0641396 88.64 16.602 0.082519
88.5891 16.2383 0.0838773 0.0641396 88.64 16.602 0.082519
88.5891 16.2383 0.0838773 0.0641396 88.64 16.602 0.082519
88.6691 15.987 0.0791273 0.00920537 88.64 16.602 0.082519
88.5891 16.2383 0.0838773 0.0641396 88.64 16.602 0.082519
88.6429 16.3155 0.0756718 0.0102497 88.64 16.602 0.082519
88.5127 16.2075 0.0753101 0.00352381 88.64 16.602 0.082519
88.9013 16.1161 0.0863856 0.0457238 88.64 16.602 0.082519
88.9111 16.3607 0.0866065 0.0285945 88.64 16.602 0.082519
88.8638 16.4481 0.0925762 0.00972573 88.64 16.602 0.082519
88.8248 16.3502 0.0875061 0.0550573 88.64 16.602 0.082519
88.5891 16.2383 0.0838773 0.0641396 88.64 16.602 0.082519
88.7173 16.5117 0.0838767 0.0134194 88.64 16.602 0.082519
88.4308 16.3604 0.0818917 0.0066549 88.64 16.602 0.082519
88.6016 16.1494 0.0888932 0.0931298 88.64 16.602 0.082519
88.8248 16.3502 0.0875061 0.0550573 88.64 16.602 0.082519
88.5875 16.3536 0.07723 0.0106351 88.64 16.602 0.082519
88.7318 16.3178 0.087267 0.0888575 88.64 16.602 0.082519
88.5922 16.4991 0.0832293 0.010276 88.64 16.602 0.082519
88.7318 16.3178 0.087267 0.0888575 88.64 16.602 0.082519
88.5891 16.2383 0.0838773 0.0641396 88.64 16.602 0.082519
88.8248 16.3502 0.0875061 0.0550573 88.64 16.602 0.082519
88.5875 16.3536 0.07723 0.0106351 88.64 16.602 0.082519
88.7893 16.1504 0.0850057 0.0890355 88.64 16.602 0.082519
89.0646 16.3356 0.0780234 0.00233703 88.64 16.602 0.082519
88.7591 16.3104 0.0898723 0.0797419 88.64 16.602 0.082519
88.7591 16.3104 0.0898723 0.0797419 88.64 16.602 0.082519
88.6016 16.1494 0.0888932 0.0931298 88.64 16.602 0.082519
88.7782 16.5548 0.0861095 0.0069665 88.64 16.602 0.082519
88.9013 16.1161 0.0863856 0.0457238 88.64 16.602 0.082519
88.9752 16.1207 0.084877 0.0205699 88.64 16.602 0.082519
88.6837 16.4702 0.0742114 0.00275963 88.64 16.602 0.082519
88.7318 16.3178 0.087267 0.0888575 88.64 16.602 0.082519
88.9752 16.1207 0.084877 0.0205699 88.64 16.602 0.082519
88.7465 16.3288 0.0980243 0.0148999 88.64 16.602 0.082519
88.9111 16.3607 0.0866065 0.0285945 88.64 16.602 0.082519
88.7893 16.1504 0.0850057 0.0890355 88.64 16.602 0.082519
88.7318 16.3178 0.087267 0.0888575 88.64 16.602 0.082519
88.9111 16.3607 0.0866065 0.0285945 88.64 16.602 0.082519
88.7214 16.5282 0.0782291 0.00489758 88.64 16.602 0.082519
88.6691 15.987 0.0791273 0.00920537 88.64 16.602 0.082519
88.7591 16.3104 0.0898723 0.0797419 88.64 16.602 0.082519
88.7786 16.0153 0.0977591 0.0187381 88.64 16.602 0.082519
88.9111 16.3607 0.0866065 0.0285945 88.64 16.602 0.082519
88.8234 16.3298 0.0777235 0.0197906 88.64 16.602 0.082519
88.7619 16.512 0.0852241 0.0135265 88.64 16.602 0.082519
88.7782 16.5548 0.0861095 0.0069665 88.64 16.602 0.082519
88.7318 16.3178 0.087267 0.0888575 88.64 16.602 0.082519
88.5984 16.2926 0.0810387 0.0377643 88.64 16.602 0.082519
88.7786 16.0153 0.0977591 0.0187381 88.64 16.602 0.082519
88.7318 16.3178 0.087267 0.0888575 88.64 16.602 0.082519
88.4308 16.3604 0.0818917 0.0066549 88.64 16.602 0.082519
88.8248 16.3502 0.0875061 0.0550573 88.64 16.602 0.082519
88.5922 16.4991 0.0832293 0.010276 88.64 16.602 0.082519
88.8248 16.3502 0.0875061 0.0550573 88.64 16.602 0.082519
88.7591 16.3104 0.0898723 0.0797419 88.64 16.602 0.082519
88.8606 16.5959 0.0797035 0.00171666 88.64 16.602 0.082519
88.7893 16.1504 0.0850057 0.0890355 88.64 16.602 0.082519
88.5499 16.294 0.0778198 0.0118121 88.64 16.602 0.082519
88.9013 16.1161 0.0863856 0.0457238 88.64 16.602 0.082519
88.9013 16.1161 0.0863856 0.0457238 88.64 16.602 0.082519
88.6016 16.1494 0.0888932 0.0931298 88.64 16.602 0.082519
88.7318 16.3178 0.087267 0.0888575 88.64 16.602 0.082519
88.8248 16.3502 0.0875061 0.0550573 88.64 16.602 0.082519
88.7318 16.3178 0.087267 0.0888575 88.64 16.602 0.082519
88.7619 16.512 0.0852241 0.0135265 88.64 16.602 0.082519
88.7591 16.3104 0.0898723 0.0797419 88.64 16.602 0.082519
88.7893 16.1504 0.0850057 0.0890355 88.64 16.602 0.082519
88.9013 16.1161 0.0863856 0.0457238 88.64 16.602 0.082519
88.7465 16.3288 0.0980243 0.0148999 88.64 16.602 0.082519
88.7318 16.3178 0.087267 0.0888575 88.64 16.602 0.082519
88.6016 16.1494 0.0888932 0.0931298 88.64 16.602 0.082519
88.7173 16.5117 0.0838767 0.0134194 88.64 16.602 0.082519
88.9111 16.3607 0.0866065 0.0285945 88.64 16.602 0.082519
88.7893 16.1504 0.0850057 0.0890355 88.64 16.602 0.082519
88.5984 16.2926 0.0810387 0.0377643 88.64 16.602 0.082519
88.8234 16.3298 0.0777235 0.0197906 88.64 16.602 0.082519
88.5891 16.2383 0.0838773 0.0641396 88.64 16.602 0.082519
88.7893 16.1504 0.0850057 0.0890355 88.64 16.602 0.082519
88.7893 16.1504 0.0850057 0.0890355 88.64 16.602 0.082519
88.6691 15.987 0.0791273 0.00920537 88.64 16.602 0.082519
88.5891 16.2383 0.0838773 0.0641396 88.64 16.602 0.082519
88.7318 16.3178 0.087267 0.0888575 88.64 16.602 0.082519
88.7591 16.3104 0.0898723 0.0797419 88.64 16.602 0.082519
88.6567 16.406 0.0704932 0.000875228 88.64 16.602 0.082519
88.8638 16.4481 0.0925762 0.00972573 88.64 16.602 0.082519
88.8248 16.3502 0.0875061 0.0550573 88.64 16.602 0.082519
88.6016 16.1494 0.0888932 0.0931298 88.64 16.602 0.082519
88.7591 16.3104 0.0898723 0.0797419 88.64 16.602 0.082519
88.5891 16.2383 0.0838773 0.0641396 88.64 16.602 0.082519
88.7591 16.3104 0.0898723 0.0797419 88.64 16.602 0.082519
88.7465 16.3288 0.0980243 0.0148999 88.64 16.602 0.082519
88.6016 16.1494 0.0888932 0.0931298 88.64 16.602 0.082519
88.5922 16.4991 0.0832293 0.010276 88.64 16.602 0.082519
88.8248 16.3502 0.0875061 0.0550573 88.64 16.602 0.082519
88.8248 16.3502 0.0875061 0.0550573 88.64 16.602 0.082519
88.7893 16.1504 0.0850057 0.0890355 88.64 16.602 0.082519
88.7465 16.3288 0.0980243 0.0148999 88.64 16.602 0.082519
88.5891 16.2383 0.0838773 0.0641396 88.64 16.602 0.082519
88.7893 16.1504 0.0850057 0.0890355 88.64 16.602 0.082519
88.5891 16.2383 0.0838773 0.0641396 88.64 16.602 0.082519
88.8234 16.3298 0.0777235 0.0197906 88.64 16.602 0.082519
88.5891 16.2383 0.0838773 0.0641396 88.64 16.602 0.082519
88.9752 16.1207 0.084877 0.0205699 88.64 16.602 0.082519
88.8248 16.3502 0.0875061 0.0550573 88.64 16.602 0.082519
88.9013 16.1161 0.0863856 0.0457238 88.64 16.602 0.082519
88.7318 16.3178 0.087267 0.0888575 88.64 16.602 0.082519
88.7893 16.1504 0.0850057 0.0890355 88.64 16.602 0.082519
88.9078 16.0932 0.0925534 0.0299326 88.64 16.602 0.082519
88.9111 16.3607 0.0866065 0.0285945 88.64 16.602 0.082519
88.5922 16.4991 0.0832293 0.010276 88.64 16.602 0.082519
88.7318 16.3178 0.087267 0.0888575 88.64 16.602 0.082519
88.6016 16.1494 0.0888932 0.0931298 88.64 16.602 0.082519
88.7173 16.5117 0.0838767 0.0134194 88.64 16.602 0.082519
88.9013 16.1161 0.0863856 0.0457238 88.64 16.602 0.082519
88.5891 16.2383 0.0838773 0.0641396 88.64 16.602 0.082519
88.6953 16.4421 0.0978694 0.00533292 88.64 16.602 0.082519
88.9752 16.1207 0.084877 0.0205699 88.64 16.602 0.082519
88.8248 16.3502 0.0875061 0.0550573 88.64 16.602 0.082519
88.6016 16.1494 0.0888932 0.0931298 88.64 16.602 0.082519
88.7318 16.3178 0.087267 0.0888575 88.64 16.602 0.082519
88.7893 16.1504 0.0850057 0.0890355 88.64 16.602 0.082519
88.7173 16.5117 0.0838767 0.0134194 88.64 16.602 0.082519
88.7619 16.512 0.0852241 0.0135265 88.64 16.602 0.082519
88.809 16.4151 0.0978221 0.00518779 88.64 16.602 0.082519
88.7619 16.512 0.0852241 0.0135265 88.64 16.602 0.082519
88.5503 16.471 0.0815768 0.00865365 88.64 16.602 0.082519
88.8234 16.3298 0.0777235 0.0197906 88.64 16.602 0.082519
88.5984 16.2926 0.0810387 0.0377643 88.64 16.602 0.082519
88.8248 16.3502 0.0875061 0.0550573 88.64 16.602 0.082519
88.7893 16.1504 0.0850057 0.0890355 88.64 16.602 0.082519
88.7214 16.5282 0.0782291 0.00489758 88.64 16.602 0.082519
88.7318 16.3178 0.087267 0.0888575 88.64 16.602 0.082519
88.7591 16.3104 0.0898723 0.0797419 88.64 16.602 0.082519
88.6691 15.987 0.0791273 0.00920537 88.64 16.602 0.082519
88.6016 16.1494 0.0888932 0.0931298 88.64 16.602 0.082519
88.7591 16.3104 0.0898723 0.0797419 88.64 16.602 0.082519
88.5984 16.2926 0.0810387 0.0377643 88.64 16.602 0.082519
88.7214 16.5282 0.0782291 0.00489758 88.64 16.602 0.082519
88.7591 16.3104 0.0898723 0.0797419 88.64 16.602 0.082519
88.6016 16.1494 0.0888932 0.0931298 88.64 16.602 0.082519
88.7893 16.1504 0.0850057 0.0890355 88.64 16.602 0.082519
88.6016 16.1494 0.0888932 0.0931298 88.64 16.602 0.082519
88.9078 16.0932 0.0925534 0.0299326 88.64 16.602 0.082519
88.9013 16.1161 0.0863856 0.0457238 88.64 16.602 0.082519
88.5902 16.2887 0.0772537 0.0136557 88.64 16.602 0.082519
88.7591 16.3104 0.0898723 0.0797419 88.64 16.602 0.082519
88.8234 16.3298 0.0777235 0.0197906 88.64 16.602 0.082519
88.8248 16.3502 0.0875061 0.0550573 88.64 16.602 0.082519
88.8638 16.4481 0.0925762 0.00972573 88.64 16.602 0.082519
