172.458 23.0728 0.0738999 0.00581687 172.64 22.964 0.07626
172.62 22.8064 0.0723133 0.140571 172.64 22.964 0.07626
172.682 22.9946 0.0749887 0.0781758 172.64 22.964 0.07626
172.68 22.9766 0.0748764 0.094993 172.64 22.964 0.07626
172.62 22.8064 0.0723133 0.140571 172.64 22.964 0.07626
172.789 22.7208 0.0744458 0.0447823 172.64 22.964 0.07626
172.845 23.088 0.070848 0.00467036 172.64 22.964 0.07626
172.719 22.8362 0.0716362 0.138575 172.64 22.964 0.07626
172.97 22.6953 0.0692721 0.00168209 172.64 22.964 0.07626
172.802 22.8682 0.0745668 0.0749698 172.64 22.964 0.07626
172.78 22.9582 0.0762357 0.0486981 172.64 22.964 0.07626
172.744 22.8274 0.0703635 0.0995203 172.64 22.964 0.07626
172.479 22.7486 0.0734156 0.0327074 172.64 22.964 0.07626
172.719 22.8362 0.0716362 0.138575 172.64 22.964 0.07626
172.719 22.8362 0.0716362 0.138575 172.64 22.964 0.07626
172.682 22.9946 0.0749887 0.0781758 172.64 22.964 0.07626
172.719 22.8362 0.0716362 0.138575 172.64 22.964 0.07626
172.68 22.9766 0.0748764 0.094993 172.64 22.964 0.07626
172.719 22.8362 0.0716362 0.138575 172.64 22.964 0.07626
172.389 22.8996 0.07644 0.0115913 172.64 22.964 0.07626
172.802 22.8682 0.0745668 0.0749698 172.64 22.964 0.07626
172.719 22.8362 0.0716362 0.138575 172.64 22.964 0.07626
172.62 22.8064 0.0723133 0.140571 172.64 22.964 0.07626
172.429 22.8817 0.0773087 0.0231381 172.64 22.964 0.07626
172.51 22.7946 0.0746908 0.0705479 172.64 22.964 0.07626
172.641 22.8127 0.0834463 0.00719745 172.64 22.964 0.07626
172.744 22.8274 0.0703635 0.0995203 172.64 22.964 0.07626
172.744 22.8274 0.0703635 0.0995203 172.64 22.964 0.07626
172.719 22.8362 0.0716362 0.138575 172.64 22.964 0.07626
172.271 22.8073 0.0778928 0.000621437 172.64 22.964 0.07626
172.694 22.6597 0.0622049 0.000524254 172.64 22.964 0.07626
172.719 22.8362 0.0716362 0.138575 172.64 22.964 0.07626
172.78 22.9582 0.0762357 0.0486981 172.64 22.964 0.07626
172.648 22.8284 0.0835023 0.00713225 172.64 22.964 0.07626
172.62 22.8064 0.0723133 0.140571 172.64 22.964 0.07626
172.51 22.7946 0.0746908 0.0705479 172.64 22.964 0.07626
172.723 22.7563 0.0676689 0.0356216 172.64 22.964 0.07626
172.789 22.7208 0.0744458 0.0447823 172.64 22.964 0.07626
172.789 22.7208 0.0744458 0.0447823 172.64 22.964 0.07626
172.789 22.7208 0.0744458 0.0447823 172.64 22.964 0.07626
172.744 22.8274 0.0703635 0.0995203 172.64 22.964 0.07626
172.719 22.8362 0.0716362 0.138575 172.64 22.964 0.07626
172.805 22.9707 0.0691299 0.0266279 172.64 22.964 0.07626
172.723 22.7563 0.0676689 0.0356216 172.64 22.964 0.07626
172.648 22.8284 0.0835023 0.00713225 172.64 22.964 0.07626
172.78 22.9582 0.0762357 0.0486981 172.64 22.964 0.07626
172.576 23.0053 0.0818869 0.00995869 172.64 22.964 0.07626
172.51 22.7946 0.0746908 0.0705479 172.64 22.964 0.07626
172.789 22.7208 0.0744458 0.0447823 172.64 22.964 0.07626
172.68 22.9766 0.0748764 0.094993 172.64 22.964 0.07626
172.719 22.8362 0.0716362 0.138575 172.64 22.964 0.07626
172.719 22.8362 0.0716362 0.138575 172.64 22.964 0.07626
172.51 22.7946 0.0746908 0.0705479 172.64 22.964 0.07626
172.479 22.7486 0.0734156 0.0327074 172.64 22.964 0.07626
172.719 22.8362 0.0716362 0.138575 172.64 22.964 0.07626
172.578 23.0894 0.0782818 0.0112578 172.64 22.964 0.07626
172.712 23.0349 0.0745011 0.0435792 172.64 22.964 0.07626
172.62 22.8064 0.0723133 0.140571 172.64 22.964 0.07626
172.458 23.0728 0.0738999 0.00581687 172.64 22.964 0.07626
172.719 22.8362 0.0716362 0.138575 172.64 22.964 0.07626
172.615 22.8768 0.0685917 0.0522403 172.64 22.964 0.07626
172.62 22.8064 0.0723133 0.140571 172.64 22.964 0.07626
172.615 22.8768 0.0685917 0.0522403 172.64 22.964 0.07626
172.479 22.7486 0.0734156 0.0327074 172.64 22.964 0.07626
172.68 22.9766 0.0748764 0.094993 172.64 22.964 0.07626
172.84 22.9631 0.0684089 0.0163461 172.64 22.964 0.07626
172.429 22.8817 0.0773087 0.0231381 172.64 22.964 0.07626
172.682 22.9946 0.0749887 0.0781758 172.64 22.964 0.07626
172.78 22.9582 0.0762357 0.0486981 172.64 22.964 0.07626
172.744 22.8274 0.0703635 0.0995203 172.64 22.964 0.07626
172.682 22.9946 0.0749887 0.0781758 172.64 22.964 0.07626
172.479 22.7486 0.0734156 0.0327074 172.64 22.964 0.07626
172.789 22.7208 0.0744458 0.0447823 172.64 22.964 0.07626
172.682 22.9946 0.0749887 0.0781758 172.64 22.964 0.07626
172.719 22.8362 0.0716362 0.138575 172.64 22.964 0.07626
172.68 22.9766 0.0748764 0.094993 172.64 22.964 0.07626
172.477 22.8306 0.0681734 0.00911329 172.64 22.964 0.07626
172.789 22.7208 0.0744458 0.0447823 172.64 22.964 0.07626
172.719 22.8362 0.0716362 0.138575 172.64 22.964 0.07626
172.741 23.1498 0.0692815 0.00210375 172.64 22.964 0.07626
172.7 23.0925 0.0695918 0.00884087 172.64 22.964 0.07626
172.68 22.9766 0.0748764 0.094993 172.64 22.964 0.07626
172.789 22.7208 0.0744458 0.0447823 172.64 22.964 0.07626
172.789 22.7208 0.0744458 0.0447823 172.64 22.964 0.07626
172.479 22.7486 0.0734156 0.0327074 172.64 22.964 0.07626
172.789 22.7208 0.0744458 0.0447823 172.64 22.964 0.07626
172.682 22.9946 0.0749887 0.0781758 172.64 22.964 0.07626
172.744 22.8274 0.0703635 0.0995203 172.64 22.964 0.07626
172.719 22.8362 0.0716362 0.138575 172.64 22.964 0.07626
172.591 22.8187 0.0669892 0.0213371 172.64 22.964 0.07626
172.615 22.8768 0.0685917 0.0522403 172.64 22.964 0.07626
172.62 22.8064 0.0723133 0.140571 172.64 22.964 0.07626
172.802 22.8682 0.0745668 0.0749698 172.64 22.964 0.07626
172.62 22.8064 0.0723133 0.140571 172.64 22.964 0.07626
172.789 22.7208 0.0744458 0.0447823 172.64 22.964 0.07626
172.682 22.9946 0.0749887 0.0781758 172.64 22.964 0.07626
172.719 22.8362 0.0716362 0.138575 172.64 22.964 0.07626
172.712 23.0349 0.0745011 0.0435792 172.64 22.964 0.07626
172.68 22.9766 0.0748764 0.094993 172.64 22.964 0.07626
172.805 22.9707 0.0691299 0.0266279 172.64 22.964 0.07626
172.68 22.9766 0.0748764 0.094993 172.64 22.964 0.07626
172.802 22.8682 0.0745668 0.0749698 172.64 22.964 0.07626
172.62 22.8064 0.0723133 0.140571 172.64 22.964 0.07626
172.719 22.8362 0.0716362 0.138575 172.64 22.964 0.07626
172.744 22.8274 0.0703635 0.0995203 172.64 22.964 0.07626
172.62 22.8064 0.0723133 0.140571 172.64 22.964 0.07626
172.51 22.7946 0.0746908 0.0705479 172.64 22.964 0.07626
172.744 22.8274 0.0703635 0.0995203 172.64 22.964 0.07626
172.744 22.8274 0.0703635 0.0995203 172.64 22.964 0.07626
172.51 22.7946 0.0746908 0.0705479 172.64 22.964 0.07626
172.719 22.8362 0.0716362 0.138575 172.64 22.964 0.07626
172.68 22.9766 0.0748764 0.094993 172.64 22.964 0.07626
172.618 23.0167 0.0673341 0.00966769 172.64 22.964 0.07626
172.789 22.7208 0.0744458 0.0447823 172.64 22.964 0.07626
172.712 23.0349 0.0745011 0.0435792 172.64 22.964 0.07626
172.719 22.8362 0.0716362 0.138575 172.64 22.964 0.07626
172.68 22.9766 0.0748764 0.094993 172.64 22.964 0.07626
172.682 22.9946 0.0749887 0.0781758 172.64 22.964 0.07626
172.615 22.8768 0.0685917 0.0522403 172.64 22.964 0.07626
172.768 22.7497 0.0663616 0.0167284 172.64 22.964 0.07626
172.615 22.8768 0.0685917 0.0522403 172.64 22.964 0.07626
172.62 22.8064 0.0723133 0.140571 172.64 22.964 0.07626
172.719 22.8362 0.0716362 0.138575 172.64 22.964 0.07626
172.802 22.8682 0.0745668 0.0749698 172.64 22.964 0.07626
172.712 23.0349 0.0745011 0.0435792 172.64 22.964 0.07626
172.719 22.8362 0.0716362 0.138575 172.64 22.964 0.07626
172.51 22.7946 0.0746908 0.0705479 172.64 22.964 0.07626
172.429 22.8817 0.0773087 0.0231381 172.64 22.964 0.07626
172.68 22.9766 0.0748764 0.094993 172.64 22.964 0.07626
172.789 22.7208 0.0744458 0.0447823 172.64 22.964 0.07626
172.578 23.0894 0.0782818 0.0112578 172.64 22.964 0.07626
172.723 22.7563 0.0676689 0.0356216 172.64 22.964 0.07626
172.682 22.9946 0.0749887 0.0781758 172.64 22.964 0.07626
172.641 22.8127 0.0834463 0.00719745 172.64 22.964 0.07626
172.615 22.8768 0.0685917 0.0522403 172.64 22.964 0.07626
172.62 22.8064 0.0723133 0.140571 172.64 22.964 0.07626
172.797 23.0848 0.0715713 0.00940503 172.64 22.964 0.07626
172.723 22.7563 0.0676689 0.0356216 172.64 22.964 0.07626
172.744 22.8274 0.0703635 0.0995203 172.64 22.964 0.07626
172.723 22.7563 0.0676689 0.0356216 172.64 22.964 0.07626
172.429 22.8817 0.0773087 0.0231381 172.64 22.964 0.07626
172.62 22.8064 0.0723133 0.140571 172.64 22.964 0.07626
172.62 22.8064 0.0723133 0.140571 172.64 22.964 0.07626
172.51 22.7946 0.0746908 0.0705479 172.64 22.964 0.07626
172.51 22.7946 0.0746908 0.0705479 172.64 22.964 0.07626
172.615 22.8768 0.0685917 0.0522403 172.64 22.964 0.07626
172.813 22.9634 0.0672398 0.0139274 172.64 22.964 0.07626
172.578 23.0894 0.0782818 0.0112578 172.64 22.964 0.07626
172.62 22.8064 0.0723133 0.140571 172.64 22.964 0.07626
172.723 22.7563 0.0676689 0.0356216 172.64 22.964 0.07626
172.615 22.8768 0.0685917 0.0522403 172.64 22.964 0.07626
172.641 22.8127 0.0834463 0.00719745 172.64 22.964 0.07626
172.744 22.8274 0.0703635 0.0995203 172.64 22.964 0.07626
172.479 22.7486 0.0734156 0.0327074 172.64 22.964 0.07626
172.78 22.9582 0.0762357 0.0486981 172.64 22.964 0.07626
172.744 22.8274 0.0703635 0.0995203 172.64 22.964 0.07626
172.744 22.8274 0.0703635 0.0995203 172.64 22.964 0.07626
172.78 22.9582 0.0762357 0.0486981 172.64 22.964 0.07626
172.719 22.8362 0.0716362 0.138575 172.64 22.964 0.07626
172.719 22.8362 0.0716362 0.138575 172.64 22.964 0.07626
172.578 23.0894 0.0782818 0.0112578 172.64 22.964 0.07626
172.719 22.8362 0.0716362 0.138575 172.64 22.964 0.07626
172.51 22.7946 0.0746908 0.0705479 172.64 22.964 0.07626
172.789 22.7208 0.0744458 0.0447823 172.64 22.964 0.07626
172.789 22.7208 0.0744458 0.0447823 172.64 22.964 0.07626
172.802 22.8682 0.0745668 0.0749698 172.64 22.964 0.07626
172.789 22.7208 0.0744458 0.0447823 172.64 22.964 0.07626
172.712 23.0349 0.0745011 0.0435792 172.64 22.964 0.07626
172.802 22.8682 0.0745668 0.0749698 172.64 22.964 0.07626
172.51 22.7946 0.0746908 0.0705479 172.64 22.964 0.07626
172.62 22.8064 0.0723133 0.140571 172.64 22.964 0.07626
172.84 22.9631 0.0684089 0.0163461 172.64 22.964 0.07626
172.712 23.0349 0.0745011 0.0435792 172.64 22.964 0.07626
172.68 22.9766 0.0748764 0.094993 172.64 22.964 0.07626
172.721 22.676 0.0791019 0.013543 172.64 22.964 0.07626
172.719 22.8362 0.0716362 0.138575 172.64 22.964 0.07626
172.68 22.9766 0.0748764 0.094993 172.64 22.964 0.07626
172.744 22.8274 0.0703635 0.0995203 172.64 22.964 0.07626
172.578 23.0894 0.0782818 0.0112578 172.64 22.964 0.07626
172.615 22.8768 0.0685917 0.0522403 172.64 22.964 0.07626
172.615 22.8768 0.0685917 0.0522403 172.64 22.964 0.07626
172.591 22.8187 0.0669892 0.0213371 172.64 22.964 0.07626
172.802 22.8682 0.0745668 0.0749698 172.64 22.964 0.07626
172.682 22.9946 0.0749887 0.0781758 172.64 22.964 0.07626
172.744 22.8274 0.0703635 0.0995203 172.64 22.964 0.07626
172.51 22.7946 0.0746908 0.0705479 172.64 22.964 0.07626
172.62 22.8064 0.0723133 0.140571 172.64 22.964 0.07626
172.721 22.676 0.0791019 0.013543 172.64 22.964 0.07626
172.68 22.9766 0.0748764 0.094993 172.64 22.964 0.07626
172.51 22.7946 0.0746908 0.0705479 172.64 22.964 0.07626
172.744 22.8274 0.0703635 0.0995203 172.64 22.964 0.07626
172.719 22.8362 0.0716362 0.138575 172.64 22.964 0.07626
172.62 22.8064 0.0723133 0.140571 172.64 22.964 0.07626
172.62 22.8064 0.0723133 0.140571 172.64 22.964 0.07626
172.719 22.8362 0.0716362 0.138575 172.64 22.964 0.07626
172.51 22.7946 0.0746908 0.0705479 172.64 22.964 0.07626
172.719 22.8362 0.0716362 0.138575 172.64 22.964 0.07626
172.744 22.8274 0.0703635 0.0995203 172.64 22.964 0.07626
172.744 22.8274 0.0703635 0.0995203 172.64 22.964 0.07626
172.802 22.8682 0.0745668 0.0749698 172.64 22.964 0.07626
