161.656 -12.3143 3.26355 0.0298091 162.07 -12.265 3.2728
161.465 -12.1463 3.25861 0.054941 162.07 -12.265 3.2728
161.76 -12.4486 3.25816 0.00163748 162.07 -12.265 3.2728
161.465 -12.1463 3.25861 0.054941 162.07 -12.265 3.2728
161.833 -12.3703 3.26709 0.00852966 162.07 -12.265 3.2728
161.465 -12.1463 3.25861 0.054941 162.07 -12.265 3.2728
161.955 -12.2171 3.27127 0.00530514 162.07 -12.265 3.2728
161.656 -12.3143 3.26355 0.0298091 162.07 -12.265 3.2728
161.805 -12.3762 3.26407 0.0127256 162.07 -12.265 3.2728
161.941 -12.058 3.26739 0.0147888 162.07 -12.265 3.2728
161.833 -12.3703 3.26709 0.00852966 162.07 -12.265 3.2728
161.72 -12.0596 3.26864 0.0102935 162.07 -12.265 3.2728
161.656 -12.3143 3.26355 0.0298091 162.07 -12.265 3.2728
161.941 -12.058 3.26739 0.0147888 162.07 -12.265 3.2728
161.465 -12.1463 3.25861 0.054941 162.07 -12.265 3.2728
161.465 -12.1463 3.25861 0.054941 162.07 -12.265 3.2728
161.833 -12.3703 3.26709 0.00852966 162.07 -12.265 3.2728
161.72 -12.0596 3.26864 0.0102935 162.07 -12.265 3.2728
161.773 -11.9342 3.26509 0.016965 162.07 -12.265 3.2728
161.983 -12.2354 3.26058 0.00403956 162.07 -12.265 3.2728
161.465 -12.1463 3.25861 0.054941 162.07 -12.265 3.2728
161.805 -12.3762 3.26407 0.0127256 162.07 -12.265 3.2728
161.941 -12.058 3.26739 0.0147888 162.07 -12.265 3.2728
161.908 -12.1269 3.25808 0.0103133 162.07 -12.265 3.2728
161.754 -12.2863 3.26785 0.0159588 162.07 -12.265 3.2728
161.796 -12.2595 3.2577 0.0222965 162.07 -12.265 3.2728
161.964 -12.3021 3.26392 0.00749636 162.07 -12.265 3.2728
161.754 -12.2863 3.26785 0.0159588 162.07 -12.265 3.2728
161.977 -12.1909 3.2643 0.0142284 162.07 -12.265 3.2728
161.833 -12.3703 3.26709 0.00852966 162.07 -12.265 3.2728
161.773 -11.9342 3.26509 0.016965 162.07 -12.265 3.2728
161.977 -12.1909 3.2643 0.0142284 162.07 -12.265 3.2728
161.592 -12.4622 3.2652 0.000935987 162.07 -12.265 3.2728
161.754 -12.2863 3.26785 0.0159588 162.07 -12.265 3.2728
161.796 -12.2595 3.2577 0.0222965 162.07 -12.265 3.2728
161.796 -12.2595 3.2577 0.0222965 162.07 -12.265 3.2728
161.773 -11.9342 3.26509 0.016965 162.07 -12.265 3.2728
161.656 -12.3143 3.26355 0.0298091 162.07 -12.265 3.2728
161.465 -12.1463 3.25861 0.054941 162.07 -12.265 3.2728
161.72 -12.0596 3.26864 0.0102935 162.07 -12.265 3.2728
161.465 -12.1463 3.25861 0.054941 162.07 -12.265 3.2728
161.964 -12.3021 3.26392 0.00749636 162.07 -12.265 3.2728
161.908 -12.1269 3.25808 0.0103133 162.07 -12.265 3.2728
162.12 -12.0734 3.26528 0.000940463 162.07 -12.265 3.2728
161.983 -12.2354 3.26058 0.00403956 162.07 -12.265 3.2728
161.946 -12.4051 3.26721 0.00256152 162.07 -12.265 3.2728
162.12 -12.0734 3.26528 0.000940463 162.07 -12.265 3.2728
161.773 -11.9342 3.26509 0.016965 162.07 -12.265 3.2728
161.465 -12.1463 3.25861 0.054941 162.07 -12.265 3.2728
161.465 -12.1463 3.25861 0.054941 162.07 -12.265 3.2728
161.833 -12.3703 3.26709 0.00852966 162.07 -12.265 3.2728
161.754 -12.2863 3.26785 0.0159588 162.07 -12.265 3.2728
161.754 -12.2863 3.26785 0.0159588 162.07 -12.265 3.2728
161.656 -12.3143 3.26355 0.0298091 162.07 -12.265 3.2728
161.858 -12.3964 3.26714 0.00528022 162.07 -12.265 3.2728
161.946 -12.4051 3.26721 0.00256152 162.07 -12.265 3.2728
162.128 -12.4016 3.27051 0.000188383 162.07 -12.265 3.2728
161.656 -12.3143 3.26355 0.0298091 162.07 -12.265 3.2728
161.72 -12.0596 3.26864 0.0102935 162.07 -12.265 3.2728
161.941 -12.058 3.26739 0.0147888 162.07 -12.265 3.2728
161.955 -12.2171 3.27127 0.00530514 162.07 -12.265 3.2728
161.805 -12.3762 3.26407 0.0127256 162.07 -12.265 3.2728
161.796 -12.2595 3.2577 0.0222965 162.07 -12.265 3.2728
161.977 -12.1909 3.2643 0.0142284 162.07 -12.265 3.2728
161.656 -12.3143 3.26355 0.0298091 162.07 -12.265 3.2728
161.656 -12.3143 3.26355 0.0298091 162.07 -12.265 3.2728
161.465 -12.1463 3.25861 0.054941 162.07 -12.265 3.2728
161.796 -12.2595 3.2577 0.0222965 162.07 -12.265 3.2728
161.465 -12.1463 3.25861 0.054941 162.07 -12.265 3.2728
161.773 -11.9342 3.26509 0.016965 162.07 -12.265 3.2728
161.656 -12.3143 3.26355 0.0298091 162.07 -12.265 3.2728
161.977 -12.1909 3.2643 0.0142284 162.07 -12.265 3.2728
161.796 -12.2595 3.2577 0.0222965 162.07 -12.265 3.2728
161.773 -11.9342 3.26509 0.016965 162.07 -12.265 3.2728
161.76 -12.4486 3.25816 0.00163748 162.07 -12.265 3.2728
161.465 -12.1463 3.25861 0.054941 162.07 -12.265 3.2728
161.977 -12.1909 3.2643 0.0142284 162.07 -12.265 3.2728
161.796 -12.2595 3.2577 0.0222965 162.07 -12.265 3.2728
161.773 -11.9342 3.26509 0.016965 162.07 -12.265 3.2728
161.833 -12.3703 3.26709 0.00852966 162.07 -12.265 3.2728
161.754 -12.2863 3.26785 0.0159588 162.07 -12.265 3.2728
161.465 -12.1463 3.25861 0.054941 162.07 -12.265 3.2728
161.465 -12.1463 3.25861 0.054941 162.07 -12.265 3.2728
161.805 -12.3762 3.26407 0.0127256 162.07 -12.265 3.2728
161.805 -12.3762 3.26407 0.0127256 162.07 -12.265 3.2728
161.465 -12.1463 3.25861 0.054941 162.07 -12.265 3.2728
161.465 -12.1463 3.25861 0.054941 162.07 -12.265 3.2728
161.941 -12.058 3.26739 0.0147888 162.07 -12.265 3.2728
161.805 -12.3762 3.26407 0.0127256 162.07 -12.265 3.2728
161.908 -12.1269 3.25808 0.0103133 162.07 -12.265 3.2728
161.465 -12.1463 3.25861 0.054941 162.07 -12.265 3.2728
161.72 -12.0596 3.26864 0.0102935 162.07 -12.265 3.2728
161.964 -12.3021 3.26392 0.00749636 162.07 -12.265 3.2728
161.656 -12.3143 3.26355 0.0298091 162.07 -12.265 3.2728
161.964 -12.3021 3.26392 0.00749636 162.07 -12.265 3.2728
161.656 -12.3143 3.26355 0.0298091 162.07 -12.265 3.2728
161.796 -12.2595 3.2577 0.0222965 162.07 -12.265 3.2728
161.858 -12.3964 3.26714 0.00528022 162.07 -12.265 3.2728
161.977 -12.1909 3.2643 0.0142284 162.07 -12.265 3.2728
161.754 -12.2863 3.26785 0.0159588 162.07 -12.265 3.2728
161.72 -12.0596 3.26864 0.0102935 162.07 -12.265 3.2728
161.908 -12.1269 3.25808 0.0103133 162.07 -12.265 3.2728
162.047 -12.2844 3.27186 0.00157739 162.07 -12.265 3.2728
161.805 -12.3762 3.26407 0.0127256 162.07 -12.265 3.2728
161.983 -12.2354 3.26058 0.00403956 162.07 -12.265 3.2728
161.754 -12.2863 3.26785 0.0159588 162.07 -12.265 3.2728
161.908 -12.1269 3.25808 0.0103133 162.07 -12.265 3.2728
161.773 -11.9342 3.26509 0.016965 162.07 -12.265 3.2728
161.754 -12.2863 3.26785 0.0159588 162.07 -12.265 3.2728
161.656 -12.3143 3.26355 0.0298091 162.07 -12.265 3.2728
161.465 -12.1463 3.25861 0.054941 162.07 -12.265 3.2728
161.465 -12.1463 3.25861 0.054941 162.07 -12.265 3.2728
161.656 -12.3143 3.26355 0.0298091 162.07 -12.265 3.2728
161.656 -12.3143 3.26355 0.0298091 162.07 -12.265 3.2728
161.796 -12.2595 3.2577 0.0222965 162.07 -12.265 3.2728
161.946 -12.4051 3.26721 0.00256152 162.07 -12.265 3.2728
161.656 -12.3143 3.26355 0.0298091 162.07 -12.265 3.2728
162.109 -12.2152 3.27007 0.0014542 162.07 -12.265 3.2728
161.796 -12.2595 3.2577 0.0222965 162.07 -12.265 3.2728
162.12 -12.0734 3.26528 0.000940463 162.07 -12.265 3.2728
161.72 -12.0596 3.26864 0.0102935 162.07 -12.265 3.2728
161.656 -12.3143 3.26355 0.0298091 162.07 -12.265 3.2728
161.977 -12.1909 3.2643 0.0142284 162.07 -12.265 3.2728
161.773 -11.9342 3.26509 0.016965 162.07 -12.265 3.2728
161.805 -12.3762 3.26407 0.0127256 162.07 -12.265 3.2728
161.773 -11.9342 3.26509 0.016965 162.07 -12.265 3.2728
161.72 -12.0596 3.26864 0.0102935 162.07 -12.265 3.2728
161.983 -12.2354 3.26058 0.00403956 162.07 -12.265 3.2728
161.773 -11.9342 3.26509 0.016965 162.07 -12.265 3.2728
161.656 -12.3143 3.26355 0.0298091 162.07 -12.265 3.2728
161.773 -11.9342 3.26509 0.016965 162.07 -12.265 3.2728
161.796 -12.2595 3.2577 0.0222965 162.07 -12.265 3.2728
161.908 -12.1269 3.25808 0.0103133 162.07 -12.265 3.2728
161.72 -12.0596 3.26864 0.0102935 162.07 -12.265 3.2728
161.656 -12.3143 3.26355 0.0298091 162.07 -12.265 3.2728
161.908 -12.1269 3.25808 0.0103133 162.07 -12.265 3.2728
161.465 -12.1463 3.25861 0.054941 162.07 -12.265 3.2728
161.656 -12.3143 3.26355 0.0298091 162.07 -12.265 3.2728
161.977 -12.1909 3.2643 0.0142284 162.07 -12.265 3.2728
161.465 -12.1463 3.25861 0.054941 162.07 -12.265 3.2728
161.805 -12.3762 3.26407 0.0127256 162.07 -12.265 3.2728
161.773 -11.9342 3.26509 0.016965 162.07 -12.265 3.2728
161.465 -12.1463 3.25861 0.054941 162.07 -12.265 3.2728
161.908 -12.1269 3.25808 0.0103133 162.07 -12.265 3.2728
161.465 -12.1463 3.25861 0.054941 162.07 -12.265 3.2728
161.72 -12.0596 3.26864 0.0102935 162.07 -12.265 3.2728
161.833 -12.3703 3.26709 0.00852966 162.07 -12.265 3.2728
161.983 -12.2354 3.26058 0.00403956 162.07 -12.265 3.2728
161.796 -12.2595 3.2577 0.0222965 162.07 -12.265 3.2728
161.656 -12.3143 3.26355 0.0298091 162.07 -12.265 3.2728
161.754 -12.2863 3.26785 0.0159588 162.07 -12.265 3.2728
161.796 -12.2595 3.2577 0.0222965 162.07 -12.265 3.2728
161.465 -12.1463 3.25861 0.054941 162.07 -12.265 3.2728
161.908 -12.1269 3.25808 0.0103133 162.07 -12.265 3.2728
161.941 -12.058 3.26739 0.0147888 162.07 -12.265 3.2728
161.805 -12.3762 3.26407 0.0127256 162.07 -12.265 3.2728
161.465 -12.1463 3.25861 0.054941 162.07 -12.265 3.2728
161.465 -12.1463 3.25861 0.054941 162.07 -12.265 3.2728
161.465 -12.1463 3.25861 0.054941 162.07 -12.265 3.2728
161.773 -11.9342 3.26509 0.016965 162.07 -12.265 3.2728
161.796 -12.2595 3.2577 0.0222965 162.07 -12.265 3.2728
161.773 -11.9342 3.26509 0.016965 162.07 -12.265 3.2728
161.796 -12.2595 3.2577 0.0222965 162.07 -12.265 3.2728
161.805 -12.3762 3.26407 0.0127256 162.07 -12.265 3.2728
161.977 -12.1909 3.2643 0.0142284 162.07 -12.265 3.2728
161.465 -12.1463 3.25861 0.054941 162.07 -12.265 3.2728
161.72 -12.0596 3.26864 0.0102935 162.07 -12.265 3.2728
161.908 -12.1269 3.25808 0.0103133 162.07 -12.265 3.2728
161.977 -12.1909 3.2643 0.0142284 162.07 -12.265 3.2728
161.908 -12.1269 3.25808 0.0103133 162.07 -12.265 3.2728
161.465 -12.1463 3.25861 0.054941 162.07 -12.265 3.2728
161.805 -12.3762 3.26407 0.0127256 162.07 -12.265 3.2728
161.465 -12.1463 3.25861 0.054941 162.07 -12.265 3.2728
161.955 -12.2171 3.27127 0.00530514 162.07 -12.265 3.2728
161.72 -12.0596 3.26864 0.0102935 162.07 -12.265 3.2728
162.109 -12.2152 3.27007 0.0014542 162.07 -12.265 3.2728
161.465 -12.1463 3.25861 0.054941 162.07 -12.265 3.2728
161.656 -12.3143 3.26355 0.0298091 162.07 -12.265 3.2728
161.773 -11.9342 3.26509 0.016965 162.07 -12.265 3.2728
161.465 -12.1463 3.25861 0.054941 162.07 -12.265 3.2728
161.796 -12.2595 3.2577 0.0222965 162.07 -12.265 3.2728
161.908 -12.1269 3.25808 0.0103133 162.07 -12.265 3.2728
161.656 -12.3143 3.26355 0.0298091 162.07 -12.265 3.2728
162.01 -12.1255 3.2717 0.00298388 162.07 -12.265 3.2728
161.465 -12.1463 3.25861 0.054941 162.07 -12.265 3.2728
161.941 -12.058 3.26739 0.0147888 162.07 -12.265 3.2728
161.796 -12.2595 3.2577 0.0222965 162.07 -12.265 3.2728
161.858 -12.3964 3.26714 0.00528022 162.07 -12.265 3.2728
161.465 -12.1463 3.25861 0.054941 162.07 -12.265 3.2728
161.964 -12.3021 3.26392 0.00749636 162.07 -12.265 3.2728
162.109 -12.2152 3.27007 0.0014542 162.07 -12.265 3.2728
161.894 -12.3507 3.27039 0.00354447 162.07 -12.265 3.2728
161.941 -12.058 3.26739 0.0147888 162.07 -12.265 3.2728
161.465 -12.1463 3.25861 0.054941 162.07 -12.265 3.2728
161.465 -12.1463 3.25861 0.054941 162.07 -12.265 3.2728
161.465 -12.1463 3.25861 0.054941 162.07 -12.265 3.2728
161.754 -12.2863 3.26785 0.0159588 162.07 -12.265 3.2728
161.656 -12.3143 3.26355 0.0298091 162.07 -12.265 3.2728
161.977 -12.0307 3.257 0.00114027 162.07 -12.265 3.2728
161.465 -12.1463 3.25861 0.054941 162.07 -12.265 3.2728
