-38.98 -36.2871 1.35937 0.0593413 -38.932 -36.421 1.3615
-38.9515 -36.2518 1.36072 0.082373 -38.932 -36.421 1.3615
-38.98 -36.2871 1.35937 0.0593413 -38.932 -36.421 1.3615
-38.7831 -36.6606 1.36542 0.0104707 -38.932 -36.421 1.3615
-38.8002 -36.3946 1.3651 0.156939 -38.932 -36.421 1.3615
-38.8002 -36.3946 1.3651 0.156939 -38.932 -36.421 1.3615
-38.9266 -36.3489 1.36214 0.128007 -38.932 -36.421 1.3615
-38.9028 -36.1747 1.36275 0.045368 -38.932 -36.421 1.3615
-39.0079 -36.3776 1.35982 0.0374404 -38.932 -36.421 1.3615
-38.6931 -36.5679 1.36657 0.0302718 -38.932 -36.421 1.3615
-38.9515 -36.2518 1.36072 0.082373 -38.932 -36.421 1.3615
-38.8055 -36.4424 1.36285 0.114521 -38.932 -36.421 1.3615
-39.0396 -36.4818 1.35841 0.00415853 -38.932 -36.421 1.3615
-38.5561 -36.6205 1.37039 0.00233371 -38.932 -36.421 1.3615
-38.761 -36.2577 1.36107 0.0843814 -38.932 -36.421 1.3615
-38.8055 -36.4424 1.36285 0.114521 -38.932 -36.421 1.3615
-39.0072 -36.1099 1.35988 0.0131144 -38.932 -36.421 1.3615
-39.1684 -36.4662 1.36476 0.00183281 -38.932 -36.421 1.3615
-38.9515 -36.2518 1.36072 0.082373 -38.932 -36.421 1.3615
-38.8002 -36.3946 1.3651 0.156939 -38.932 -36.421 1.3615
-38.8055 -36.4424 1.36285 0.114521 -38.932 -36.421 1.3615
-38.9028 -36.1747 1.36275 0.045368 -38.932 -36.421 1.3615
-38.761 -36.2577 1.36107 0.0843814 -38.932 -36.421 1.3615
-38.8055 -36.4424 1.36285 0.114521 -38.932 -36.421 1.3615
-39.0194 -36.4001 1.36097 0.0379082 -38.932 -36.421 1.3615
-38.699 -36.3391 1.36181 0.0609874 -38.932 -36.421 1.3615
-38.8002 -36.3946 1.3651 0.156939 -38.932 -36.421 1.3615
-39.0166 -36.5371 1.3689 0.0130069 -38.932 -36.421 1.3615
-39.0079 -36.3776 1.35982 0.0374404 -38.932 -36.421 1.3615
-38.9515 -36.2518 1.36072 0.082373 -38.932 -36.421 1.3615
-38.9266 -36.3489 1.36214 0.128007 -38.932 -36.421 1.3615
-38.8055 -36.4424 1.36285 0.114521 -38.932 -36.421 1.3615
-39.0396 -36.4818 1.35841 0.00415853 -38.932 -36.421 1.3615
-38.9266 -36.3489 1.36214 0.128007 -38.932 -36.421 1.3615
-38.8055 -36.4424 1.36285 0.114521 -38.932 -36.421 1.3615
-39.0194 -36.4001 1.36097 0.0379082 -38.932 -36.421 1.3615
-38.8002 -36.3946 1.3651 0.156939 -38.932 -36.421 1.3615
-38.7915 -36.1276 1.36153 0.0273641 -38.932 -36.421 1.3615
-38.7402 -36.5894 1.36829 0.0373622 -38.932 -36.421 1.3615
-39.0939 -36.3848 1.35589 0.00177134 -38.932 -36.421 1.3615
-38.6931 -36.5679 1.36657 0.0302718 -38.932 -36.421 1.3615
-38.7526 -36.2364 1.36684 0.0258425 -38.932 -36.421 1.3615
-38.8055 -36.4424 1.36285 0.114521 -38.932 -36.421 1.3615
-38.8055 -36.4424 1.36285 0.114521 -38.932 -36.421 1.3615
-38.8988 -36.6055 1.367 0.0310882 -38.932 -36.421 1.3615
-38.8002 -36.3946 1.3651 0.156939 -38.932 -36.421 1.3615
-38.9266 -36.3489 1.36214 0.128007 -38.932 -36.421 1.3615
-38.699 -36.3391 1.36181 0.0609874 -38.932 -36.421 1.3615
-38.7402 -36.5894 1.36829 0.0373622 -38.932 -36.421 1.3615
-38.8002 -36.3946 1.3651 0.156939 -38.932 -36.421 1.3615
-38.9266 -36.3489 1.36214 0.128007 -38.932 -36.421 1.3615
-38.8002 -36.3946 1.3651 0.156939 -38.932 -36.421 1.3615
-38.9266 -36.3489 1.36214 0.128007 -38.932 -36.421 1.3615
-38.7402 -36.5894 1.36829 0.0373622 -38.932 -36.421 1.3615
-38.8409 -36.1604 1.35627 0.0255963 -38.932 -36.421 1.3615
-38.9515 -36.2518 1.36072 0.082373 -38.932 -36.421 1.3615
-38.761 -36.2577 1.36107 0.0843814 -38.932 -36.421 1.3615
-38.7402 -36.5894 1.36829 0.0373622 -38.932 -36.421 1.3615
-38.9515 -36.2518 1.36072 0.082373 -38.932 -36.421 1.3615
-38.8409 -36.1604 1.35627 0.0255963 -38.932 -36.421 1.3615
-38.761 -36.2577 1.36107 0.0843814 -38.932 -36.421 1.3615
-38.9852 -36.2508 1.3558 0.0173505 -38.932 -36.421 1.3615
-38.699 -36.3391 1.36181 0.0609874 -38.932 -36.421 1.3615
-38.8055 -36.4424 1.36285 0.114521 -38.932 -36.421 1.3615
-38.9266 -36.3489 1.36214 0.128007 -38.932 -36.421 1.3615
-38.98 -36.2871 1.35937 0.0593413 -38.932 -36.421 1.3615
-38.9028 -36.1747 1.36275 0.045368 -38.932 -36.421 1.3615
-38.699 -36.3391 1.36181 0.0609874 -38.932 -36.421 1.3615
-38.9266 -36.3489 1.36214 0.128007 -38.932 -36.421 1.3615
-38.8002 -36.3946 1.3651 0.156939 -38.932 -36.421 1.3615
-38.6931 -36.5679 1.36657 0.0302718 -38.932 -36.421 1.3615
-38.699 -36.3391 1.36181 0.0609874 -38.932 -36.421 1.3615
-38.9515 -36.2518 1.36072 0.082373 -38.932 -36.421 1.3615
-38.8002 -36.3946 1.3651 0.156939 -38.932 -36.421 1.3615
-38.761 -36.2577 1.36107 0.0843814 -38.932 -36.421 1.3615
-38.7402 -36.5894 1.36829 0.0373622 -38.932 -36.421 1.3615
-38.7402 -36.5894 1.36829 0.0373622 -38.932 -36.421 1.3615
-39.0916 -36.3234 1.35479 0.00184357 -38.932 -36.421 1.3615
-39.0845 -36.2564 1.36421 0.00945728 -38.932 -36.421 1.3615
-38.699 -36.3391 1.36181 0.0609874 -38.932 -36.421 1.3615
-38.7402 -36.5894 1.36829 0.0373622 -38.932 -36.421 1.3615
-38.98 -36.2871 1.35937 0.0593413 -38.932 -36.421 1.3615
-38.699 -36.3391 1.36181 0.0609874 -38.932 -36.421 1.3615
-38.8055 -36.4424 1.36285 0.114521 -38.932 -36.421 1.3615
-38.8002 -36.3946 1.3651 0.156939 -38.932 -36.421 1.3615
-38.8002 -36.3946 1.3651 0.156939 -38.932 -36.421 1.3615
-38.8002 -36.3946 1.3651 0.156939 -38.932 -36.421 1.3615
-39.0072 -36.1099 1.35988 0.0131144 -38.932 -36.421 1.3615
-38.699 -36.3391 1.36181 0.0609874 -38.932 -36.421 1.3615
-38.8055 -36.4424 1.36285 0.114521 -38.932 -36.421 1.3615
-38.8002 -36.3946 1.3651 0.156939 -38.932 -36.421 1.3615
-38.9266 -36.3489 1.36214 0.128007 -38.932 -36.421 1.3615
-38.8002 -36.3946 1.3651 0.156939 -38.932 -36.421 1.3615
-38.699 -36.3391 1.36181 0.0609874 -38.932 -36.421 1.3615
-38.7262 -36.3026 1.35396 0.00182322 -38.932 -36.421 1.3615
-38.8055 -36.4424 1.36285 0.114521 -38.932 -36.421 1.3615
-38.9266 -36.3489 1.36214 0.128007 -38.932 -36.421 1.3615
-38.9028 -36.1747 1.36275 0.045368 -38.932 -36.421 1.3615
-38.9266 -36.3489 1.36214 0.128007 -38.932 -36.421 1.3615
-38.7915 -36.1276 1.36153 0.0273641 -38.932 -36.421 1.3615
-39.0845 -36.2564 1.36421 0.00945728 -38.932 -36.421 1.3615
-38.8002 -36.3946 1.3651 0.156939 -38.932 -36.421 1.3615
-38.98 -36.2871 1.35937 0.0593413 -38.932 -36.421 1.3615
-38.8002 -36.3946 1.3651 0.156939 -38.932 -36.421 1.3615
-38.7526 -36.2364 1.36684 0.0258425 -38.932 -36.421 1.3615
-39.0079 -36.3776 1.35982 0.0374404 -38.932 -36.421 1.3615
-38.8002 -36.3946 1.3651 0.156939 -38.932 -36.421 1.3615
-38.9266 -36.3489 1.36214 0.128007 -38.932 -36.421 1.3615
-38.8055 -36.4424 1.36285 0.114521 -38.932 -36.421 1.3615
-38.9266 -36.3489 1.36214 0.128007 -38.932 -36.421 1.3615
-39.0329 -36.1703 1.35691 0.0145334 -38.932 -36.421 1.3615
-38.8055 -36.4424 1.36285 0.114521 -38.932 -36.421 1.3615
-38.6931 -36.5679 1.36657 0.0302718 -38.932 -36.421 1.3615
-38.761 -36.2577 1.36107 0.0843814 -38.932 -36.421 1.3615
-39.0845 -36.2564 1.36421 0.00945728 -38.932 -36.421 1.3615
-38.7402 -36.5894 1.36829 0.0373622 -38.932 -36.421 1.3615
-39.0079 -36.3776 1.35982 0.0374404 -38.932 -36.421 1.3615
-38.9515 -36.2518 1.36072 0.082373 -38.932 -36.421 1.3615
-38.699 -36.3391 1.36181 0.0609874 -38.932 -36.421 1.3615
-38.8002 -36.3946 1.3651 0.156939 -38.932 -36.421 1.3615
-39.0079 -36.3776 1.35982 0.0374404 -38.932 -36.421 1.3615
-38.8409 -36.1604 1.35627 0.0255963 -38.932 -36.421 1.3615
-38.7915 -36.1276 1.36153 0.0273641 -38.932 -36.421 1.3615
-38.9515 -36.2518 1.36072 0.082373 -38.932 -36.421 1.3615
-38.761 -36.2577 1.36107 0.0843814 -38.932 -36.421 1.3615
-38.9515 -36.2518 1.36072 0.082373 -38.932 -36.421 1.3615
-39.0076 -36.0367 1.35865 0.00448829 -38.932 -36.421 1.3615
-38.8988 -36.6055 1.367 0.0310882 -38.932 -36.421 1.3615
-38.7262 -36.3026 1.35396 0.00182322 -38.932 -36.421 1.3615
-38.8002 -36.3946 1.3651 0.156939 -38.932 -36.421 1.3615
-39.0079 -36.3776 1.35982 0.0374404 -38.932 -36.421 1.3615
-38.6931 -36.5679 1.36657 0.0302718 -38.932 -36.421 1.3615
-38.98 -36.2871 1.35937 0.0593413 -38.932 -36.421 1.3615
-38.9515 -36.2518 1.36072 0.082373 -38.932 -36.421 1.3615
-39.0329 -36.1703 1.35691 0.0145334 -38.932 -36.421 1.3615
-38.9515 -36.2518 1.36072 0.082373 -38.932 -36.421 1.3615
-38.8055 -36.4424 1.36285 0.114521 -38.932 -36.421 1.3615
-38.9266 -36.3489 1.36214 0.128007 -38.932 -36.421 1.3615
-38.98 -36.2871 1.35937 0.0593413 -38.932 -36.421 1.3615
-38.9515 -36.2518 1.36072 0.082373 -38.932 -36.421 1.3615
-38.8055 -36.4424 1.36285 0.114521 -38.932 -36.421 1.3615
-38.9515 -36.2518 1.36072 0.082373 -38.932 -36.421 1.3615
-39.0079 -36.3776 1.35982 0.0374404 -38.932 -36.421 1.3615
-38.7831 -36.6606 1.36542 0.0104707 -38.932 -36.421 1.3615
-38.8055 -36.4424 1.36285 0.114521 -38.932 -36.421 1.3615
-38.98 -36.2871 1.35937 0.0593413 -38.932 -36.421 1.3615
-38.699 -36.3391 1.36181 0.0609874 -38.932 -36.421 1.3615
-38.8002 -36.3946 1.3651 0.156939 -38.932 -36.421 1.3615
-39.0079 -36.3776 1.35982 0.0374404 -38.932 -36.421 1.3615
-38.8002 -36.3946 1.3651 0.156939 -38.932 -36.421 1.3615
-38.9515 -36.2518 1.36072 0.082373 -38.932 -36.421 1.3615
-38.8988 -36.6055 1.367 0.0310882 -38.932 -36.421 1.3615
-38.9028 -36.1747 1.36275 0.045368 -38.932 -36.421 1.3615
-38.8055 -36.4424 1.36285 0.114521 -38.932 -36.421 1.3615
-39.0194 -36.4001 1.36097 0.0379082 -38.932 -36.421 1.3615
-38.9515 -36.2518 1.36072 0.082373 -38.932 -36.421 1.3615
-39.0845 -36.2564 1.36421 0.00945728 -38.932 -36.421 1.3615
-38.6931 -36.5679 1.36657 0.0302718 -38.932 -36.421 1.3615
-38.8002 -36.3946 1.3651 0.156939 -38.932 -36.421 1.3615
-38.7526 -36.2364 1.36684 0.0258425 -38.932 -36.421 1.3615
-38.9515 -36.2518 1.36072 0.082373 -38.932 -36.421 1.3615
-38.9028 -36.1747 1.36275 0.045368 -38.932 -36.421 1.3615
-38.761 -36.2577 1.36107 0.0843814 -38.932 -36.421 1.3615
-38.7831 -36.6606 1.36542 0.0104707 -38.932 -36.421 1.3615
-38.8002 -36.3946 1.3651 0.156939 -38.932 -36.421 1.3615
-39.0166 -36.5371 1.3689 0.0130069 -38.932 -36.421 1.3615
-38.7402 -36.5894 1.36829 0.0373622 -38.932 -36.421 1.3615
-38.8055 -36.4424 1.36285 0.114521 -38.932 -36.421 1.3615
-38.9266 -36.3489 1.36214 0.128007 -38.932 -36.421 1.3615
-38.9515 -36.2518 1.36072 0.082373 -38.932 -36.421 1.3615
-38.761 -36.2577 1.36107 0.0843814 -38.932 -36.421 1.3615
-38.9028 -36.1747 1.36275 0.045368 -38.932 -36.421 1.3615
-38.8002 -36.3946 1.3651 0.156939 -38.932 -36.421 1.3615
-39.1684 -36.4662 1.36476 0.00183281 -38.932 -36.421 1.3615
-38.8055 -36.4424 1.36285 0.114521 -38.932 -36.421 1.3615
-38.9515 -36.2518 1.36072 0.082373 -38.932 -36.421 1.3615
-39.0194 -36.4001 1.36097 0.0379082 -38.932 -36.421 1.3615
-38.8055 -36.4424 1.36285 0.114521 -38.932 -36.421 1.3615
-38.8002 -36.3946 1.3651 0.156939 -38.932 -36.421 1.3615
-39.0076 -36.0367 1.35865 0.00448829 -38.932 -36.421 1.3615
-38.9852 -36.2508 1.3558 0.0173505 -38.932 -36.421 1.3615
-38.761 -36.2577 1.36107 0.0843814 -38.932 -36.421 1.3615
-39.0329 -36.1703 1.35691 0.0145334 -38.932 -36.421 1.3615
-39.0194 -36.4001 1.36097 0.0379082 -38.932 -36.421 1.3615
-38.9852 -36.2508 1.3558 0.0173505 -38.932 -36.421 1.3615
-38.9145 -36.2513 1.36858 0.0107546 -38.932 -36.421 1.3615
-38.8002 -36.3946 1.3651 0.156939 -38.932 -36.421 1.3615
-38.9028 -36.1747 1.36275 0.045368 -38.932 -36.421 1.3615
-38.7915 -36.1276 1.36153 0.0273641 -38.932 -36.421 1.3615
-38.6289 -36.175 1.35998 0.00742463 -38.932 -36.421 1.3615
-38.9266 -36.3489 1.36214 0.128007 -38.932 -36.421 1.3615
-38.8002 -36.3946 1.3651 0.156939 -38.932 -36.421 1.3615
-39.0674 -36.2954 1.36809 0.0034046 -38.932 -36.421 1.3615
-38.9266 -36.3489 1.36214 0.128007 -38.932 -36.421 1.3615
-38.9515 -36.2518 1.36072 0.082373 -38.932 -36.421 1.3615
-38.9266 -36.3489 1.36214 0.128007 -38.932 -36.421 1.3615
-39.0329 -36.1703 1.35691 0.0145334 -38.932 -36.421 1.3615
-38.6931 -36.5679 1.36657 0.0302718 -38.932 -36.421 1.3615
-38.9145 -36.2513 1.36858 0.0107546 -38.932 -36.421 1.3615
-38.6931 -36.5679 1.36657 0.0302718 -38.932 -36.421 1.3615
