43.2269 -67.2573 3.93522 0.160578 43.269 -67.243 3.9331
43.1766 -67.3371 3.93466 0.205971 43.269 -67.243 3.9331
43.2693 -67.3627 3.93408 0.340728 43.269 -67.243 3.9331
43.2693 -67.3627 3.93408 0.340728 43.269 -67.243 3.9331
43.2693 -67.3627 3.93408 0.340728 43.269 -67.243 3.9331
43.2693 -67.3627 3.93408 0.340728 43.269 -67.243 3.9331
43.3381 -67.3405 3.93163 0.184414 43.269 -67.243 3.9331
43.1766 -67.3371 3.93466 0.205971 43.269 -67.243 3.9331
43.2241 -67.4088 3.93642 0.160815 43.269 -67.243 3.9331
43.1417 -67.4597 3.93075 0.137064 43.269 -67.243 3.9331
43.1073 -67.2628 3.93173 0.0852722 43.269 -67.243 3.9331
43.2269 -67.2573 3.93522 0.160578 43.269 -67.243 3.9331
43.3381 -67.3405 3.93163 0.184414 43.269 -67.243 3.9331
43.3381 -67.3405 3.93163 0.184414 43.269 -67.243 3.9331
43.2241 -67.4088 3.93642 0.160815 43.269 -67.243 3.9331
43.4463 -67.3306 3.93781 0.0536352 43.269 -67.243 3.9331
43.2693 -67.3627 3.93408 0.340728 43.269 -67.243 3.9331
43.029 -67.4284 3.93086 0.0360596 43.269 -67.243 3.9331
43.3381 -67.3405 3.93163 0.184414 43.269 -67.243 3.9331
43.1685 -67.5355 3.9316 0.0641289 43.269 -67.243 3.9331
43.2693 -67.3627 3.93408 0.340728 43.269 -67.243 3.9331
43.029 -67.4284 3.93086 0.0360596 43.269 -67.243 3.9331
43.4192 -67.4888 3.93506 0.0445186 43.269 -67.243 3.9331
43.2241 -67.4088 3.93642 0.160815 43.269 -67.243 3.9331
43.2693 -67.3627 3.93408 0.340728 43.269 -67.243 3.9331
43.2693 -67.3627 3.93408 0.340728 43.269 -67.243 3.9331
43.1685 -67.5355 3.9316 0.0641289 43.269 -67.243 3.9331
43.2241 -67.4088 3.93642 0.160815 43.269 -67.243 3.9331
43.4463 -67.3306 3.93781 0.0536352 43.269 -67.243 3.9331
43.2693 -67.3627 3.93408 0.340728 43.269 -67.243 3.9331
43.1579 -67.3008 3.93771 0.0471634 43.269 -67.243 3.9331
43.3152 -67.2793 3.93071 0.125438 43.269 -67.243 3.9331
43.3381 -67.3405 3.93163 0.184414 43.269 -67.243 3.9331
43.4958 -67.3086 3.93774 0.0222239 43.269 -67.243 3.9331
43.1579 -67.3008 3.93771 0.0471634 43.269 -67.243 3.9331
43.3152 -67.2793 3.93071 0.125438 43.269 -67.243 3.9331
43.2693 -67.3627 3.93408 0.340728 43.269 -67.243 3.9331
43.1073 -67.2628 3.93173 0.0852722 43.269 -67.243 3.9331
43.3381 -67.3405 3.93163 0.184414 43.269 -67.243 3.9331
43.2269 -67.2573 3.93522 0.160578 43.269 -67.243 3.9331
43.1579 -67.3008 3.93771 0.0471634 43.269 -67.243 3.9331
43.4192 -67.4888 3.93506 0.0445186 43.269 -67.243 3.9331
43.1685 -67.5355 3.9316 0.0641289 43.269 -67.243 3.9331
43.2693 -67.3627 3.93408 0.340728 43.269 -67.243 3.9331
43.2269 -67.2573 3.93522 0.160578 43.269 -67.243 3.9331
43.1417 -67.4597 3.93075 0.137064 43.269 -67.243 3.9331
43.3381 -67.3405 3.93163 0.184414 43.269 -67.243 3.9331
43.4192 -67.4888 3.93506 0.0445186 43.269 -67.243 3.9331
43.2693 -67.3627 3.93408 0.340728 43.269 -67.243 3.9331
43.1417 -67.4597 3.93075 0.137064 43.269 -67.243 3.9331
43.3381 -67.3405 3.93163 0.184414 43.269 -67.243 3.9331
43.1766 -67.3371 3.93466 0.205971 43.269 -67.243 3.9331
43.2269 -67.2573 3.93522 0.160578 43.269 -67.243 3.9331
43.1766 -67.3371 3.93466 0.205971 43.269 -67.243 3.9331
43.1168 -67.5055 3.93371 0.0458572 43.269 -67.243 3.9331
43.1005 -67.2201 3.93419 0.0336949 43.269 -67.243 3.9331
43.1579 -67.3008 3.93771 0.0471634 43.269 -67.243 3.9331
43.2269 -67.2573 3.93522 0.160578 43.269 -67.243 3.9331
43.2693 -67.3627 3.93408 0.340728 43.269 -67.243 3.9331
43.2241 -67.4088 3.93642 0.160815 43.269 -67.243 3.9331
43.4192 -67.4888 3.93506 0.0445186 43.269 -67.243 3.9331
43.358 -67.4085 3.94101 0.0242398 43.269 -67.243 3.9331
43.1766 -67.3371 3.93466 0.205971 43.269 -67.243 3.9331
43.1417 -67.4597 3.93075 0.137064 43.269 -67.243 3.9331
43.029 -67.4284 3.93086 0.0360596 43.269 -67.243 3.9331
43.3381 -67.3405 3.93163 0.184414 43.269 -67.243 3.9331
43.2269 -67.2573 3.93522 0.160578 43.269 -67.243 3.9331
43.2693 -67.3627 3.93408 0.340728 43.269 -67.243 3.9331
43.1417 -67.4597 3.93075 0.137064 43.269 -67.243 3.9331
43.3381 -67.3405 3.93163 0.184414 43.269 -67.243 3.9331
43.1766 -67.3371 3.93466 0.205971 43.269 -67.243 3.9331
43.2693 -67.3627 3.93408 0.340728 43.269 -67.243 3.9331
43.1766 -67.3371 3.93466 0.205971 43.269 -67.243 3.9331
43.2241 -67.4088 3.93642 0.160815 43.269 -67.243 3.9331
43.2269 -67.2573 3.93522 0.160578 43.269 -67.243 3.9331
43.2693 -67.3627 3.93408 0.340728 43.269 -67.243 3.9331
43.1417 -67.4597 3.93075 0.137064 43.269 -67.243 3.9331
43.2693 -67.3627 3.93408 0.340728 43.269 -67.243 3.9331
43.1766 -67.3371 3.93466 0.205971 43.269 -67.243 3.9331
43.358 -67.4085 3.94101 0.0242398 43.269 -67.243 3.9331
43.3152 -67.2793 3.93071 0.125438 43.269 -67.243 3.9331
43.2693 -67.3627 3.93408 0.340728 43.269 -67.243 3.9331
43.2693 -67.3627 3.93408 0.340728 43.269 -67.243 3.9331
43.1766 -67.3371 3.93466 0.205971 43.269 -67.243 3.9331
43.1685 -67.5355 3.9316 0.0641289 43.269 -67.243 3.9331
43.2241 -67.4088 3.93642 0.160815 43.269 -67.243 3.9331
43.3381 -67.3405 3.93163 0.184414 43.269 -67.243 3.9331
43.3381 -67.3405 3.93163 0.184414 43.269 -67.243 3.9331
43.3152 -67.2793 3.93071 0.125438 43.269 -67.243 3.9331
43.2269 -67.2573 3.93522 0.160578 43.269 -67.243 3.9331
43.3466 -67.5382 3.93386 0.0494886 43.269 -67.243 3.9331
43.1073 -67.2628 3.93173 0.0852722 43.269 -67.243 3.9331
43.2693 -67.3627 3.93408 0.340728 43.269 -67.243 3.9331
43.2241 -67.4088 3.93642 0.160815 43.269 -67.243 3.9331
43.1579 -67.3008 3.93771 0.0471634 43.269 -67.243 3.9331
43.2269 -67.2573 3.93522 0.160578 43.269 -67.243 3.9331
43.1005 -67.2201 3.93419 0.0336949 43.269 -67.243 3.9331
43.1168 -67.5055 3.93371 0.0458572 43.269 -67.243 3.9331
43.3152 -67.2793 3.93071 0.125438 43.269 -67.243 3.9331
43.1417 -67.4597 3.93075 0.137064 43.269 -67.243 3.9331
43.0208 -67.3141 3.93137 0.0302074 43.269 -67.243 3.9331
43.1073 -67.2628 3.93173 0.0852722 43.269 -67.243 3.9331
43.1685 -67.5355 3.9316 0.0641289 43.269 -67.243 3.9331
43.2241 -67.4088 3.93642 0.160815 43.269 -67.243 3.9331
43.2269 -67.2573 3.93522 0.160578 43.269 -67.243 3.9331
43.1417 -67.4597 3.93075 0.137064 43.269 -67.243 3.9331
43.2693 -67.3627 3.93408 0.340728 43.269 -67.243 3.9331
43.1073 -67.2628 3.93173 0.0852722 43.269 -67.243 3.9331
43.1073 -67.2628 3.93173 0.0852722 43.269 -67.243 3.9331
43.2241 -67.4088 3.93642 0.160815 43.269 -67.243 3.9331
43.1168 -67.5055 3.93371 0.0458572 43.269 -67.243 3.9331
43.3466 -67.5382 3.93386 0.0494886 43.269 -67.243 3.9331
43.1417 -67.4597 3.93075 0.137064 43.269 -67.243 3.9331
43.2269 -67.2573 3.93522 0.160578 43.269 -67.243 3.9331
43.1766 -67.3371 3.93466 0.205971 43.269 -67.243 3.9331
43.2241 -67.4088 3.93642 0.160815 43.269 -67.243 3.9331
43.1766 -67.3371 3.93466 0.205971 43.269 -67.243 3.9331
43.3381 -67.3405 3.93163 0.184414 43.269 -67.243 3.9331
43.3152 -67.2793 3.93071 0.125438 43.269 -67.243 3.9331
43.2693 -67.3627 3.93408 0.340728 43.269 -67.243 3.9331
43.1005 -67.2201 3.93419 0.0336949 43.269 -67.243 3.9331
43.3152 -67.2793 3.93071 0.125438 43.269 -67.243 3.9331
43.2435 -67.1823 3.92787 0.0163422 43.269 -67.243 3.9331
43.2693 -67.3627 3.93408 0.340728 43.269 -67.243 3.9331
43.1417 -67.4597 3.93075 0.137064 43.269 -67.243 3.9331
43.1168 -67.5055 3.93371 0.0458572 43.269 -67.243 3.9331
43.1685 -67.5355 3.9316 0.0641289 43.269 -67.243 3.9331
43.2693 -67.3627 3.93408 0.340728 43.269 -67.243 3.9331
43.1766 -67.3371 3.93466 0.205971 43.269 -67.243 3.9331
43.1766 -67.3371 3.93466 0.205971 43.269 -67.243 3.9331
43.3152 -67.2793 3.93071 0.125438 43.269 -67.243 3.9331
43.3152 -67.2793 3.93071 0.125438 43.269 -67.243 3.9331
43.3381 -67.3405 3.93163 0.184414 43.269 -67.243 3.9331
43.4192 -67.4888 3.93506 0.0445186 43.269 -67.243 3.9331
43.2241 -67.4088 3.93642 0.160815 43.269 -67.243 3.9331
43.1766 -67.3371 3.93466 0.205971 43.269 -67.243 3.9331
43.1417 -67.4597 3.93075 0.137064 43.269 -67.243 3.9331
43.4192 -67.4888 3.93506 0.0445186 43.269 -67.243 3.9331
43.2241 -67.4088 3.93642 0.160815 43.269 -67.243 3.9331
43.1685 -67.5355 3.9316 0.0641289 43.269 -67.243 3.9331
43.1417 -67.4597 3.93075 0.137064 43.269 -67.243 3.9331
43.2693 -67.3627 3.93408 0.340728 43.269 -67.243 3.9331
43.3152 -67.2793 3.93071 0.125438 43.269 -67.243 3.9331
43.3381 -67.3405 3.93163 0.184414 43.269 -67.243 3.9331
43.2269 -67.2573 3.93522 0.160578 43.269 -67.243 3.9331
43.3381 -67.3405 3.93163 0.184414 43.269 -67.243 3.9331
43.1672 -67.1912 3.93931 0.00714342 43.269 -67.243 3.9331
43.3381 -67.3405 3.93163 0.184414 43.269 -67.243 3.9331
43.2241 -67.4088 3.93642 0.160815 43.269 -67.243 3.9331
43.3381 -67.3405 3.93163 0.184414 43.269 -67.243 3.9331
43.1766 -67.3371 3.93466 0.205971 43.269 -67.243 3.9331
43.3152 -67.2793 3.93071 0.125438 43.269 -67.243 3.9331
43.3152 -67.2793 3.93071 0.125438 43.269 -67.243 3.9331
43.2693 -67.3627 3.93408 0.340728 43.269 -67.243 3.9331
43.1579 -67.3008 3.93771 0.0471634 43.269 -67.243 3.9331
43.2435 -67.1823 3.92787 0.0163422 43.269 -67.243 3.9331
43.3152 -67.2793 3.93071 0.125438 43.269 -67.243 3.9331
43.2693 -67.3627 3.93408 0.340728 43.269 -67.243 3.9331
43.1766 -67.3371 3.93466 0.205971 43.269 -67.243 3.9331
43.2269 -67.2573 3.93522 0.160578 43.269 -67.243 3.9331
43.4463 -67.3306 3.93781 0.0536352 43.269 -67.243 3.9331
43.2241 -67.4088 3.93642 0.160815 43.269 -67.243 3.9331
43.358 -67.4085 3.94101 0.0242398 43.269 -67.243 3.9331
43.3375 -67.0763 3.92862 0.000735182 43.269 -67.243 3.9331
43.1005 -67.2201 3.93419 0.0336949 43.269 -67.243 3.9331
43.1417 -67.4597 3.93075 0.137064 43.269 -67.243 3.9331
43.3152 -67.2793 3.93071 0.125438 43.269 -67.243 3.9331
43.3381 -67.3405 3.93163 0.184414 43.269 -67.243 3.9331
43.2693 -67.3627 3.93408 0.340728 43.269 -67.243 3.9331
43.3381 -67.3405 3.93163 0.184414 43.269 -67.243 3.9331
43.3466 -67.5382 3.93386 0.0494886 43.269 -67.243 3.9331
43.2693 -67.3627 3.93408 0.340728 43.269 -67.243 3.9331
43.2693 -67.3627 3.93408 0.340728 43.269 -67.243 3.9331
43.1073 -67.2628 3.93173 0.0852722 43.269 -67.243 3.9331
43.4958 -67.3086 3.93774 0.0222239 43.269 -67.243 3.9331
43.2241 -67.4088 3.93642 0.160815 43.269 -67.243 3.9331
43.1417 -67.4597 3.93075 0.137064 43.269 -67.243 3.9331
43.2269 -67.2573 3.93522 0.160578 43.269 -67.243 3.9331
43.1766 -67.3371 3.93466 0.205971 43.269 -67.243 3.9331
43.3381 -67.3405 3.93163 0.184414 43.269 -67.243 3.9331
43.3152 -67.2793 3.93071 0.125438 43.269 -67.243 3.9331
43.2693 -67.3627 3.93408 0.340728 43.269 -67.243 3.9331
43.1766 -67.3371 3.93466 0.205971 43.269 -67.243 3.9331
43.2241 -67.4088 3.93642 0.160815 43.269 -67.243 3.9331
43.3152 -67.2793 3.93071 0.125438 43.269 -67.243 3.9331
43.1766 -67.3371 3.93466 0.205971 43.269 -67.243 3.9331
43.2693 -67.3627 3.93408 0.340728 43.269 -67.243 3.9331
43.4463 -67.3306 3.93781 0.0536352 43.269 -67.243 3.9331
43.2241 -67.4088 3.93642 0.160815 43.269 -67.243 3.9331
43.2693 -67.3627 3.93408 0.340728 43.269 -67.243 3.9331
43.1766 -67.3371 3.93466 0.205971 43.269 -67.243 3.9331
43.1073 -67.2628 3.93173 0.0852722 43.269 -67.243 3.9331
43.3381 -67.3405 3.93163 0.184414 43.269 -67.243 3.9331
43.4463 -67.3306 3.93781 0.0536352 43.269 -67.243 3.9331
43.3381 -67.3405 3.93163 0.184414 43.269 -67.243 3.9331
43.2241 -67.4088 3.93642 0.160815 43.269 -67.243 3.9331
43.1073 -67.2628 3.93173 0.0852722 43.269 -67.243 3.9331
43.2241 -67.4088 3.93642 0.160815 43.269 -67.243 3.9331
43.358 -67.4085 3.94101 0.0242398 43.269 -67.243 3.9331
43.0883 -67.4132 3.93802 0.0102315 43.269 -67.243 3.9331
