27.8509 9.95864 0.15489 0.00368034 27.69 9.9105 0.15479
27.7084 10.1906 0.158807 0.220015 27.69 9.9105 0.15479
27.7084 10.1906 0.158807 0.220015 27.69 9.9105 0.15479
27.7084 10.1906 0.158807 0.220015 27.69 9.9105 0.15479
27.7388 10.188 0.155326 0.0311692 27.69 9.9105 0.15479
27.7388 10.188 0.155326 0.0311692 27.69 9.9105 0.15479
27.6976 9.97329 0.160731 0.0265786 27.69 9.9105 0.15479
27.4883 10.1794 0.161716 0.0373181 27.69 9.9105 0.15479
27.5294 10.1286 0.168045 0.126501 27.69 9.9105 0.15479
27.7084 10.1906 0.158807 0.220015 27.69 9.9105 0.15479
27.5294 10.1286 0.168045 0.126501 27.69 9.9105 0.15479
27.7388 10.188 0.155326 0.0311692 27.69 9.9105 0.15479
27.7084 10.1906 0.158807 0.220015 27.69 9.9105 0.15479
27.7084 10.1906 0.158807 0.220015 27.69 9.9105 0.15479
27.8509 9.95864 0.15489 0.00368034 27.69 9.9105 0.15479
27.5294 10.1286 0.168045 0.126501 27.69 9.9105 0.15479
27.9242 10.1512 0.155274 0.038601 27.69 9.9105 0.15479
27.7388 10.188 0.155326 0.0311692 27.69 9.9105 0.15479
27.7084 10.1906 0.158807 0.220015 27.69 9.9105 0.15479
27.7084 10.1906 0.158807 0.220015 27.69 9.9105 0.15479
27.7084 10.1906 0.158807 0.220015 27.69 9.9105 0.15479
27.9242 10.1512 0.155274 0.038601 27.69 9.9105 0.15479
27.523 10.1543 0.160418 0.0330265 27.69 9.9105 0.15479
27.7084 10.1906 0.158807 0.220015 27.69 9.9105 0.15479
27.6454 10.2076 0.156238 0.0169979 27.69 9.9105 0.15479
27.5294 10.1286 0.168045 0.126501 27.69 9.9105 0.15479
27.6976 9.97329 0.160731 0.0265786 27.69 9.9105 0.15479
27.7388 10.188 0.155326 0.0311692 27.69 9.9105 0.15479
27.7084 10.1906 0.158807 0.220015 27.69 9.9105 0.15479
27.5294 10.1286 0.168045 0.126501 27.69 9.9105 0.15479
27.7084 10.1906 0.158807 0.220015 27.69 9.9105 0.15479
27.7084 10.1906 0.158807 0.220015 27.69 9.9105 0.15479
27.5294 10.1286 0.168045 0.126501 27.69 9.9105 0.15479
27.5294 10.1286 0.168045 0.126501 27.69 9.9105 0.15479
27.7084 10.1906 0.158807 0.220015 27.69 9.9105 0.15479
27.523 10.1543 0.160418 0.0330265 27.69 9.9105 0.15479
27.7084 10.1906 0.158807 0.220015 27.69 9.9105 0.15479
27.5294 10.1286 0.168045 0.126501 27.69 9.9105 0.15479
27.6976 9.97329 0.160731 0.0265786 27.69 9.9105 0.15479
27.9242 10.1512 0.155274 0.038601 27.69 9.9105 0.15479
27.4883 10.1794 0.161716 0.0373181 27.69 9.9105 0.15479
27.5294 10.1286 0.168045 0.126501 27.69 9.9105 0.15479
27.6976 9.97329 0.160731 0.0265786 27.69 9.9105 0.15479
27.7084 10.1906 0.158807 0.220015 27.69 9.9105 0.15479
27.7084 10.1906 0.158807 0.220015 27.69 9.9105 0.15479
27.5294 10.1286 0.168045 0.126501 27.69 9.9105 0.15479
27.6976 9.97329 0.160731 0.0265786 27.69 9.9105 0.15479
27.9242 10.1512 0.155274 0.038601 27.69 9.9105 0.15479
27.5294 10.1286 0.168045 0.126501 27.69 9.9105 0.15479
27.6454 10.2076 0.156238 0.0169979 27.69 9.9105 0.15479
27.7084 10.1906 0.158807 0.220015 27.69 9.9105 0.15479
27.7084 10.1906 0.158807 0.220015 27.69 9.9105 0.15479
27.7084 10.1906 0.158807 0.220015 27.69 9.9105 0.15479
27.4883 10.1794 0.161716 0.0373181 27.69 9.9105 0.15479
27.6976 9.97329 0.160731 0.0265786 27.69 9.9105 0.15479
27.5294 10.1286 0.168045 0.126501 27.69 9.9105 0.15479
27.7084 10.1906 0.158807 0.220015 27.69 9.9105 0.15479
27.4883 10.1794 0.161716 0.0373181 27.69 9.9105 0.15479
27.5294 10.1286 0.168045 0.126501 27.69 9.9105 0.15479
27.7084 10.1906 0.158807 0.220015 27.69 9.9105 0.15479
27.5294 10.1286 0.168045 0.126501 27.69 9.9105 0.15479
27.4883 10.1794 0.161716 0.0373181 27.69 9.9105 0.15479
27.6454 10.2076 0.156238 0.0169979 27.69 9.9105 0.15479
27.9242 10.1512 0.155274 0.038601 27.69 9.9105 0.15479
27.9242 10.1512 0.155274 0.038601 27.69 9.9105 0.15479
27.523 10.1543 0.160418 0.0330265 27.69 9.9105 0.15479
27.4883 10.1794 0.161716 0.0373181 27.69 9.9105 0.15479
27.7084 10.1906 0.158807 0.220015 27.69 9.9105 0.15479
27.5294 10.1286 0.168045 0.126501 27.69 9.9105 0.15479
27.7084 10.1906 0.158807 0.220015 27.69 9.9105 0.15479
27.7388 10.188 0.155326 0.0311692 27.69 9.9105 0.15479
27.4961 10.084 0.155569 9.90513e-05 27.69 9.9105 0.15479
27.8509 9.95864 0.15489 0.00368034 27.69 9.9105 0.15479
27.5294 10.1286 0.168045 0.126501 27.69 9.9105 0.15479
27.7084 10.1906 0.158807 0.220015 27.69 9.9105 0.15479
27.7084 10.1906 0.158807 0.220015 27.69 9.9105 0.15479
27.6976 9.97329 0.160731 0.0265786 27.69 9.9105 0.15479
27.523 10.1543 0.160418 0.0330265 27.69 9.9105 0.15479
27.4883 10.1794 0.161716 0.0373181 27.69 9.9105 0.15479
27.7084 10.1906 0.158807 0.220015 27.69 9.9105 0.15479
27.5294 10.1286 0.168045 0.126501 27.69 9.9105 0.15479
27.9242 10.1512 0.155274 0.038601 27.69 9.9105 0.15479
27.7084 10.1906 0.158807 0.220015 27.69 9.9105 0.15479
27.9242 10.1512 0.155274 0.038601 27.69 9.9105 0.15479
27.7084 10.1906 0.158807 0.220015 27.69 9.9105 0.15479
27.7084 10.1906 0.158807 0.220015 27.69 9.9105 0.15479
27.7084 10.1906 0.158807 0.220015 27.69 9.9105 0.15479
27.5294 10.1286 0.168045 0.126501 27.69 9.9105 0.15479
27.7084 10.1906 0.158807 0.220015 27.69 9.9105 0.15479
27.5294 10.1286 0.168045 0.126501 27.69 9.9105 0.15479
27.5294 10.1286 0.168045 0.126501 27.69 9.9105 0.15479
27.7084 10.1906 0.158807 0.220015 27.69 9.9105 0.15479
27.6454 10.2076 0.156238 0.0169979 27.69 9.9105 0.15479
28.0281 10.1619 0.152507 0.00371512 27.69 9.9105 0.15479
27.523 10.1543 0.160418 0.0330265 27.69 9.9105 0.15479
27.7084 10.1906 0.158807 0.220015 27.69 9.9105 0.15479
27.7084 10.1906 0.158807 0.220015 27.69 9.9105 0.15479
27.7084 10.1906 0.158807 0.220015 27.69 9.9105 0.15479
27.7084 10.1906 0.158807 0.220015 27.69 9.9105 0.15479
27.5294 10.1286 0.168045 0.126501 27.69 9.9105 0.15479
27.7084 10.1906 0.158807 0.220015 27.69 9.9105 0.15479
27.7084 10.1906 0.158807 0.220015 27.69 9.9105 0.15479
27.4883 10.1794 0.161716 0.0373181 27.69 9.9105 0.15479
27.6976 9.97329 0.160731 0.0265786 27.69 9.9105 0.15479
27.7084 10.1906 0.158807 0.220015 27.69 9.9105 0.15479
27.5294 10.1286 0.168045 0.126501 27.69 9.9105 0.15479
27.7084 10.1906 0.158807 0.220015 27.69 9.9105 0.15479
27.7084 10.1906 0.158807 0.220015 27.69 9.9105 0.15479
27.5294 10.1286 0.168045 0.126501 27.69 9.9105 0.15479
27.4883 10.1794 0.161716 0.0373181 27.69 9.9105 0.15479
27.7084 10.1906 0.158807 0.220015 27.69 9.9105 0.15479
27.523 10.1543 0.160418 0.0330265 27.69 9.9105 0.15479
27.523 10.1543 0.160418 0.0330265 27.69 9.9105 0.15479
27.5294 10.1286 0.168045 0.126501 27.69 9.9105 0.15479
27.7084 10.1906 0.158807 0.220015 27.69 9.9105 0.15479
27.5294 10.1286 0.168045 0.126501 27.69 9.9105 0.15479
27.5294 10.1286 0.168045 0.126501 27.69 9.9105 0.15479
27.7084 10.1906 0.158807 0.220015 27.69 9.9105 0.15479
27.7388 10.188 0.155326 0.0311692 27.69 9.9105 0.15479
27.7084 10.1906 0.158807 0.220015 27.69 9.9105 0.15479
27.7084 10.1906 0.158807 0.220015 27.69 9.9105 0.15479
27.6976 9.97329 0.160731 0.0265786 27.69 9.9105 0.15479
27.7084 10.1906 0.158807 0.220015 27.69 9.9105 0.15479
27.7084 10.1906 0.158807 0.220015 27.69 9.9105 0.15479
27.8317 9.99259 0.165713 0.00426252 27.69 9.9105 0.15479
28.0281 10.1619 0.152507 0.00371512 27.69 9.9105 0.15479
27.9242 10.1512 0.155274 0.038601 27.69 9.9105 0.15479
27.6976 9.97329 0.160731 0.0265786 27.69 9.9105 0.15479
27.9242 10.1512 0.155274 0.038601 27.69 9.9105 0.15479
27.5294 10.1286 0.168045 0.126501 27.69 9.9105 0.15479
27.4883 10.1794 0.161716 0.0373181 27.69 9.9105 0.15479
27.7084 10.1906 0.158807 0.220015 27.69 9.9105 0.15479
27.7084 10.1906 0.158807 0.220015 27.69 9.9105 0.15479
27.523 10.1543 0.160418 0.0330265 27.69 9.9105 0.15479
27.5294 10.1286 0.168045 0.126501 27.69 9.9105 0.15479
27.7084 10.1906 0.158807 0.220015 27.69 9.9105 0.15479
27.4883 10.1794 0.161716 0.0373181 27.69 9.9105 0.15479
27.7084 10.1906 0.158807 0.220015 27.69 9.9105 0.15479
27.7084 10.1906 0.158807 0.220015 27.69 9.9105 0.15479
27.523 10.1543 0.160418 0.0330265 27.69 9.9105 0.15479
27.7084 10.1906 0.158807 0.220015 27.69 9.9105 0.15479
27.7084 10.1906 0.158807 0.220015 27.69 9.9105 0.15479
27.523 10.1543 0.160418 0.0330265 27.69 9.9105 0.15479
27.7084 10.1906 0.158807 0.220015 27.69 9.9105 0.15479
27.5294 10.1286 0.168045 0.126501 27.69 9.9105 0.15479
27.5294 10.1286 0.168045 0.126501 27.69 9.9105 0.15479
27.7084 10.1906 0.158807 0.220015 27.69 9.9105 0.15479
27.4883 10.1794 0.161716 0.0373181 27.69 9.9105 0.15479
27.7084 10.1906 0.158807 0.220015 27.69 9.9105 0.15479
27.7084 10.1906 0.158807 0.220015 27.69 9.9105 0.15479
27.7388 10.188 0.155326 0.0311692 27.69 9.9105 0.15479
27.7084 10.1906 0.158807 0.220015 27.69 9.9105 0.15479
27.8317 9.99259 0.165713 0.00426252 27.69 9.9105 0.15479
27.7084 10.1906 0.158807 0.220015 27.69 9.9105 0.15479
27.5294 10.1286 0.168045 0.126501 27.69 9.9105 0.15479
27.6976 9.97329 0.160731 0.0265786 27.69 9.9105 0.15479
27.523 10.1543 0.160418 0.0330265 27.69 9.9105 0.15479
27.5294 10.1286 0.168045 0.126501 27.69 9.9105 0.15479
27.4883 10.1794 0.161716 0.0373181 27.69 9.9105 0.15479
27.9242 10.1512 0.155274 0.038601 27.69 9.9105 0.15479
27.4883 10.1794 0.161716 0.0373181 27.69 9.9105 0.15479
27.6454 10.2076 0.156238 0.0169979 27.69 9.9105 0.15479
27.7084 10.1906 0.158807 0.220015 27.69 9.9105 0.15479
27.7084 10.1906 0.158807 0.220015 27.69 9.9105 0.15479
27.7084 10.1906 0.158807 0.220015 27.69 9.9105 0.15479
27.6947 9.84938 0.159278 0.000494734 27.69 9.9105 0.15479
27.5294 10.1286 0.168045 0.126501 27.69 9.9105 0.15479
27.4883 10.1794 0.161716 0.0373181 27.69 9.9105 0.15479
27.7084 10.1906 0.158807 0.220015 27.69 9.9105 0.15479
27.9242 10.1512 0.155274 0.038601 27.69 9.9105 0.15479
27.7388 10.188 0.155326 0.0311692 27.69 9.9105 0.15479
27.5294 10.1286 0.168045 0.126501 27.69 9.9105 0.15479
27.7084 10.1906 0.158807 0.220015 27.69 9.9105 0.15479
27.6976 9.97329 0.160731 0.0265786 27.69 9.9105 0.15479
27.9242 10.1512 0.155274 0.038601 27.69 9.9105 0.15479
27.4826 10.0465 0.170362 0.0108757 27.69 9.9105 0.15479
27.523 10.1543 0.160418 0.0330265 27.69 9.9105 0.15479
27.7388 10.188 0.155326 0.0311692 27.69 9.9105 0.15479
27.7084 10.1906 0.158807 0.220015 27.69 9.9105 0.15479
27.8509 9.95864 0.15489 0.00368034 27.69 9.9105 0.15479
27.5137 10.0133 0.174098 0.000347882 27.69 9.9105 0.15479
27.7084 10.1906 0.158807 0.220015 27.69 9.9105 0.15479
27.7084 10.1906 0.158807 0.220015 27.69 9.9105 0.15479
27.7084 10.1906 0.158807 0.220015 27.69 9.9105 0.15479
27.7084 10.1906 0.158807 0.220015 27.69 9.9105 0.15479
27.7084 10.1906 0.158807 0.220015 27.69 9.9105 0.15479
27.7084 10.1906 0.158807 0.220015 27.69 9.9105 0.15479
27.9242 10.1512 0.155274 0.038601 27.69 9.9105 0.15479
27.7084 10.1906 0.158807 0.220015 27.69 9.9105 0.15479
27.5294 10.1286 0.168045 0.126501 27.69 9.9105 0.15479
27.5294 10.1286 0.168045 0.126501 27.69 9.9105 0.15479
27.7388 10.188 0.155326 0.0311692 27.69 9.9105 0.15479
27.5294 10.1286 0.168045 0.126501 27.69 9.9105 0.15479
27.5294 10.1286 0.168045 0.126501 27.69 9.9105 0.15479
27.9242 10.1512 0.155274 0.038601 27.69 9.9105 0.15479
27.7084 10.1906 0.158807 0.220015 27.69 9.9105 0.15479
27.7084 10.1906 0.158807 0.220015 27.69 9.9105 0.15479
27.7084 10.1906 0.158807 0.220015 27.69 9.9105 0.15479
27.7084 10.1906 0.158807 0.220015 27.69 9.9105 0.15479
27.7084 10.1906 0.158807 0.220015 27.69 9.9105 0.15479
