57.9286 -52.8419 3.8791 0.00257802 58.011 -52.689 3.8883
57.9286 -52.8419 3.8791 0.00257802 58.011 -52.689 3.8883
57.8816 -52.4896 3.88208 1.19271e-05 58.011 -52.689 3.8883
57.9286 -52.8419 3.8791 0.00257802 58.011 -52.689 3.8883
57.9286 -52.8419 3.8791 0.00257802 58.011 -52.689 3.8883
57.724 -52.7827 3.87886 0.000176803 58.011 -52.689 3.8883
57.9286 -52.8419 3.8791 0.00257802 58.011 -52.689 3.8883
57.9206 -52.7993 3.88813 0.000285172 58.011 -52.689 3.8883
57.9286 -52.8419 3.8791 0.00257802 58.011 -52.689 3.8883
57.9286 -52.8419 3.8791 0.00257802 58.011 -52.689 3.8883
57.9286 -52.8419 3.8791 0.00257802 58.011 -52.689 3.8883
57.9286 -52.8419 3.8791 0.00257802 58.011 -52.689 3.8883
57.9286 -52.8419 3.8791 0.00257802 58.011 -52.689 3.8883
57.9286 -52.8419 3.8791 0.00257802 58.011 -52.689 3.8883
57.8791 -52.7472 3.88912 0.000112245 58.011 -52.689 3.8883
57.8487 -52.73 3.88786 0.000186432 58.011 -52.689 3.8883
57.9286 -52.8419 3.8791 0.00257802 58.011 -52.689 3.8883
57.8487 -52.73 3.88786 0.000186432 58.011 -52.689 3.8883
57.9286 -52.8419 3.8791 0.00257802 58.011 -52.689 3.8883
57.9286 -52.8419 3.8791 0.00257802 58.011 -52.689 3.8883
57.9286 -52.8419 3.8791 0.00257802 58.011 -52.689 3.8883
57.9286 -52.8419 3.8791 0.00257802 58.011 -52.689 3.8883
57.8791 -52.7472 3.88912 0.000112245 58.011 -52.689 3.8883
57.8662 -52.574 3.88791 5.93909e-05 58.011 -52.689 3.8883
57.9286 -52.8419 3.8791 0.00257802 58.011 -52.689 3.8883
57.9286 -52.8419 3.8791 0.00257802 58.011 -52.689 3.8883
57.9286 -52.8419 3.8791 0.00257802 58.011 -52.689 3.8883
57.8487 -52.73 3.88786 0.000186432 58.011 -52.689 3.8883
57.9286 -52.8419 3.8791 0.00257802 58.011 -52.689 3.8883
57.9286 -52.8419 3.8791 0.00257802 58.011 -52.689 3.8883
57.9286 -52.8419 3.8791 0.00257802 58.011 -52.689 3.8883
57.9286 -52.8419 3.8791 0.00257802 58.011 -52.689 3.8883
57.9286 -52.8419 3.8791 0.00257802 58.011 -52.689 3.8883
57.8791 -52.7472 3.88912 0.000112245 58.011 -52.689 3.8883
57.9206 -52.7993 3.88813 0.000285172 58.011 -52.689 3.8883
57.8791 -52.7472 3.88912 0.000112245 58.011 -52.689 3.8883
57.9286 -52.8419 3.8791 0.00257802 58.011 -52.689 3.8883
57.9206 -52.7993 3.88813 0.000285172 58.011 -52.689 3.8883
57.8487 -52.73 3.88786 0.000186432 58.011 -52.689 3.8883
57.9206 -52.7993 3.88813 0.000285172 58.011 -52.689 3.8883
57.9286 -52.8419 3.8791 0.00257802 58.011 -52.689 3.8883
57.9286 -52.8419 3.8791 0.00257802 58.011 -52.689 3.8883
57.724 -52.7827 3.87886 0.000176803 58.011 -52.689 3.8883
57.9286 -52.8419 3.8791 0.00257802 58.011 -52.689 3.8883
57.9286 -52.8419 3.8791 0.00257802 58.011 -52.689 3.8883
57.9286 -52.8419 3.8791 0.00257802 58.011 -52.689 3.8883
57.8816 -52.4896 3.88208 1.19271e-05 58.011 -52.689 3.8883
57.9286 -52.8419 3.8791 0.00257802 58.011 -52.689 3.8883
57.9286 -52.8419 3.8791 0.00257802 58.011 -52.689 3.8883
57.9286 -52.8419 3.8791 0.00257802 58.011 -52.689 3.8883
57.9286 -52.8419 3.8791 0.00257802 58.011 -52.689 3.8883
57.9286 -52.8419 3.8791 0.00257802 58.011 -52.689 3.8883
57.9286 -52.8419 3.8791 0.00257802 58.011 -52.689 3.8883
57.9286 -52.8419 3.8791 0.00257802 58.011 -52.689 3.8883
57.9286 -52.8419 3.8791 0.00257802 58.011 -52.689 3.8883
57.9286 -52.8419 3.8791 0.00257802 58.011 -52.689 3.8883
57.9286 -52.8419 3.8791 0.00257802 58.011 -52.689 3.8883
57.9286 -52.8419 3.8791 0.00257802 58.011 -52.689 3.8883
57.9206 -52.7993 3.88813 0.000285172 58.011 -52.689 3.8883
57.9286 -52.8419 3.8791 0.00257802 58.011 -52.689 3.8883
57.9286 -52.8419 3.8791 0.00257802 58.011 -52.689 3.8883
57.9286 -52.8419 3.8791 0.00257802 58.011 -52.689 3.8883
57.9286 -52.8419 3.8791 0.00257802 58.011 -52.689 3.8883
57.9182 -52.8953 3.88787 9.87652e-05 58.011 -52.689 3.8883
57.9286 -52.8419 3.8791 0.00257802 58.011 -52.689 3.8883
57.9286 -52.8419 3.8791 0.00257802 58.011 -52.689 3.8883
57.9286 -52.8419 3.8791 0.00257802 58.011 -52.689 3.8883
57.9206 -52.7993 3.88813 0.000285172 58.011 -52.689 3.8883
57.9182 -52.8953 3.88787 9.87652e-05 58.011 -52.689 3.8883
57.9286 -52.8419 3.8791 0.00257802 58.011 -52.689 3.8883
57.9286 -52.8419 3.8791 0.00257802 58.011 -52.689 3.8883
57.9286 -52.8419 3.8791 0.00257802 58.011 -52.689 3.8883
57.9206 -52.7993 3.88813 0.000285172 58.011 -52.689 3.8883
57.9206 -52.7993 3.88813 0.000285172 58.011 -52.689 3.8883
57.9286 -52.8419 3.8791 0.00257802 58.011 -52.689 3.8883
57.9286 -52.8419 3.8791 0.00257802 58.011 -52.689 3.8883
57.9286 -52.8419 3.8791 0.00257802 58.011 -52.689 3.8883
57.8681 -52.6128 3.88887 6.45646e-05 58.011 -52.689 3.8883
57.9206 -52.7993 3.88813 0.000285172 58.011 -52.689 3.8883
57.9286 -52.8419 3.8791 0.00257802 58.011 -52.689 3.8883
57.9286 -52.8419 3.8791 0.00257802 58.011 -52.689 3.8883
57.724 -52.7827 3.87886 0.000176803 58.011 -52.689 3.8883
57.9182 -52.8953 3.88787 9.87652e-05 58.011 -52.689 3.8883
57.9286 -52.8419 3.8791 0.00257802 58.011 -52.689 3.8883
57.8681 -52.6128 3.88887 6.45646e-05 58.011 -52.689 3.8883
57.9286 -52.8419 3.8791 0.00257802 58.011 -52.689 3.8883
57.9286 -52.8419 3.8791 0.00257802 58.011 -52.689 3.8883
57.9286 -52.8419 3.8791 0.00257802 58.011 -52.689 3.8883
57.9286 -52.8419 3.8791 0.00257802 58.011 -52.689 3.8883
57.9206 -52.7993 3.88813 0.000285172 58.011 -52.689 3.8883
57.8791 -52.7472 3.88912 0.000112245 58.011 -52.689 3.8883
57.9286 -52.8419 3.8791 0.00257802 58.011 -52.689 3.8883
57.9286 -52.8419 3.8791 0.00257802 58.011 -52.689 3.8883
57.9206 -52.7993 3.88813 0.000285172 58.011 -52.689 3.8883
57.8681 -52.6128 3.88887 6.45646e-05 58.011 -52.689 3.8883
57.9206 -52.7993 3.88813 0.000285172 58.011 -52.689 3.8883
57.9206 -52.7993 3.88813 0.000285172 58.011 -52.689 3.8883
57.9286 -52.8419 3.8791 0.00257802 58.011 -52.689 3.8883
57.9286 -52.8419 3.8791 0.00257802 58.011 -52.689 3.8883
57.9286 -52.8419 3.8791 0.00257802 58.011 -52.689 3.8883
57.9286 -52.8419 3.8791 0.00257802 58.011 -52.689 3.8883
57.9286 -52.8419 3.8791 0.00257802 58.011 -52.689 3.8883
57.724 -52.7827 3.87886 0.000176803 58.011 -52.689 3.8883
57.9286 -52.8419 3.8791 0.00257802 58.011 -52.689 3.8883
57.9286 -52.8419 3.8791 0.00257802 58.011 -52.689 3.8883
57.9286 -52.8419 3.8791 0.00257802 58.011 -52.689 3.8883
57.9286 -52.8419 3.8791 0.00257802 58.011 -52.689 3.8883
57.9286 -52.8419 3.8791 0.00257802 58.011 -52.689 3.8883
57.9286 -52.8419 3.8791 0.00257802 58.011 -52.689 3.8883
57.9206 -52.7993 3.88813 0.000285172 58.011 -52.689 3.8883
57.9286 -52.8419 3.8791 0.00257802 58.011 -52.689 3.8883
57.9286 -52.8419 3.8791 0.00257802 58.011 -52.689 3.8883
57.8487 -52.73 3.88786 0.000186432 58.011 -52.689 3.8883
57.8487 -52.73 3.88786 0.000186432 58.011 -52.689 3.8883
57.9206 -52.7993 3.88813 0.000285172 58.011 -52.689 3.8883
57.9286 -52.8419 3.8791 0.00257802 58.011 -52.689 3.8883
57.9286 -52.8419 3.8791 0.00257802 58.011 -52.689 3.8883
57.9286 -52.8419 3.8791 0.00257802 58.011 -52.689 3.8883
57.9286 -52.8419 3.8791 0.00257802 58.011 -52.689 3.8883
57.9286 -52.8419 3.8791 0.00257802 58.011 -52.689 3.8883
57.9286 -52.8419 3.8791 0.00257802 58.011 -52.689 3.8883
57.724 -52.7827 3.87886 0.000176803 58.011 -52.689 3.8883
57.9206 -52.7993 3.88813 0.000285172 58.011 -52.689 3.8883
57.9286 -52.8419 3.8791 0.00257802 58.011 -52.689 3.8883
57.9286 -52.8419 3.8791 0.00257802 58.011 -52.689 3.8883
57.9286 -52.8419 3.8791 0.00257802 58.011 -52.689 3.8883
57.9286 -52.8419 3.8791 0.00257802 58.011 -52.689 3.8883
57.9286 -52.8419 3.8791 0.00257802 58.011 -52.689 3.8883
57.9286 -52.8419 3.8791 0.00257802 58.011 -52.689 3.8883
57.9286 -52.8419 3.8791 0.00257802 58.011 -52.689 3.8883
57.9286 -52.8419 3.8791 0.00257802 58.011 -52.689 3.8883
57.9286 -52.8419 3.8791 0.00257802 58.011 -52.689 3.8883
57.9206 -52.7993 3.88813 0.000285172 58.011 -52.689 3.8883
57.9286 -52.8419 3.8791 0.00257802 58.011 -52.689 3.8883
57.9286 -52.8419 3.8791 0.00257802 58.011 -52.689 3.8883
57.8487 -52.73 3.88786 0.000186432 58.011 -52.689 3.8883
57.9286 -52.8419 3.8791 0.00257802 58.011 -52.689 3.8883
57.9286 -52.8419 3.8791 0.00257802 58.011 -52.689 3.8883
57.9286 -52.8419 3.8791 0.00257802 58.011 -52.689 3.8883
57.9286 -52.8419 3.8791 0.00257802 58.011 -52.689 3.8883
57.9286 -52.8419 3.8791 0.00257802 58.011 -52.689 3.8883
57.9286 -52.8419 3.8791 0.00257802 58.011 -52.689 3.8883
57.9286 -52.8419 3.8791 0.00257802 58.011 -52.689 3.8883
57.9286 -52.8419 3.8791 0.00257802 58.011 -52.689 3.8883
57.9286 -52.8419 3.8791 0.00257802 58.011 -52.689 3.8883
57.9206 -52.7993 3.88813 0.000285172 58.011 -52.689 3.8883
57.9286 -52.8419 3.8791 0.00257802 58.011 -52.689 3.8883
57.9286 -52.8419 3.8791 0.00257802 58.011 -52.689 3.8883
57.9286 -52.8419 3.8791 0.00257802 58.011 -52.689 3.8883
57.9286 -52.8419 3.8791 0.00257802 58.011 -52.689 3.8883
57.9286 -52.8419 3.8791 0.00257802 58.011 -52.689 3.8883
57.9286 -52.8419 3.8791 0.00257802 58.011 -52.689 3.8883
57.9286 -52.8419 3.8791 0.00257802 58.011 -52.689 3.8883
57.9286 -52.8419 3.8791 0.00257802 58.011 -52.689 3.8883
57.9286 -52.8419 3.8791 0.00257802 58.011 -52.689 3.8883
57.9286 -52.8419 3.8791 0.00257802 58.011 -52.689 3.8883
57.9286 -52.8419 3.8791 0.00257802 58.011 -52.689 3.8883
57.9286 -52.8419 3.8791 0.00257802 58.011 -52.689 3.8883
57.9286 -52.8419 3.8791 0.00257802 58.011 -52.689 3.8883
57.724 -52.7827 3.87886 0.000176803 58.011 -52.689 3.8883
57.9286 -52.8419 3.8791 0.00257802 58.011 -52.689 3.8883
57.724 -52.7827 3.87886 0.000176803 58.011 -52.689 3.8883
57.9286 -52.8419 3.8791 0.00257802 58.011 -52.689 3.8883
57.9286 -52.8419 3.8791 0.00257802 58.011 -52.689 3.8883
57.9206 -52.7993 3.88813 0.000285172 58.011 -52.689 3.8883
57.9286 -52.8419 3.8791 0.00257802 58.011 -52.689 3.8883
57.9286 -52.8419 3.8791 0.00257802 58.011 -52.689 3.8883
57.9286 -52.8419 3.8791 0.00257802 58.011 -52.689 3.8883
57.9286 -52.8419 3.8791 0.00257802 58.011 -52.689 3.8883
57.9182 -52.8953 3.88787 9.87652e-05 58.011 -52.689 3.8883
57.724 -52.7827 3.87886 0.000176803 58.011 -52.689 3.8883
57.8681 -52.6128 3.88887 6.45646e-05 58.011 -52.689 3.8883
57.9286 -52.8419 3.8791 0.00257802 58.011 -52.689 3.8883
57.9286 -52.8419 3.8791 0.00257802 58.011 -52.689 3.8883
57.9286 -52.8419 3.8791 0.00257802 58.011 -52.689 3.8883
57.9286 -52.8419 3.8791 0.00257802 58.011 -52.689 3.8883
57.8487 -52.73 3.88786 0.000186432 58.011 -52.689 3.8883
57.9286 -52.8419 3.8791 0.00257802 58.011 -52.689 3.8883
57.9182 -52.8953 3.88787 9.87652e-05 58.011 -52.689 3.8883
57.9286 -52.8419 3.8791 0.00257802 58.011 -52.689 3.8883
57.9286 -52.8419 3.8791 0.00257802 58.011 -52.689 3.8883
57.9286 -52.8419 3.8791 0.00257802 58.011 -52.689 3.8883
57.9286 -52.8419 3.8791 0.00257802 58.011 -52.689 3.8883
57.9286 -52.8419 3.8791 0.00257802 58.011 -52.689 3.8883
57.9286 -52.8419 3.8791 0.00257802 58.011 -52.689 3.8883
57.9286 -52.8419 3.8791 0.00257802 58.011 -52.689 3.8883
57.9286 -52.8419 3.8791 0.00257802 58.011 -52.689 3.8883
57.9286 -52.8419 3.8791 0.00257802 58.011 -52.689 3.8883
57.9286 -52.8419 3.8791 0.00257802 58.011 -52.689 3.8883
57.9286 -52.8419 3.8791 0.00257802 58.011 -52.689 3.8883
57.9206 -52.7993 3.88813 0.000285172 58.011 -52.689 3.8883
57.9206 -52.7993 3.88813 0.000285172 58.011 -52.689 3.8883
57.9286 -52.8419 3.8791 0.00257802 58.011 -52.689 3.8883
57.9206 -52.7993 3.88813 0.000285172 58.011 -52.689 3.8883
57.9286 -52.8419 3.8791 0.00257802 58.011 -52.689 3.8883
57.9286 -52.8419 3.8791 0.00257802 58.011 -52.689 3.8883
57.9286 -52.8419 3.8791 0.00257802 58.011 -52.689 3.8883
57.9206 -52.7993 3.88813 0.000285172 58.011 -52.689 3.8883
57.9206 -52.7993 3.88813 0.000285172 58.011 -52.689 3.8883
57.724 -52.7827 3.87886 0.000176803 58.011 -52.689 3.8883
