-34.6971 -24.189 1.15424 0.139112 -34.72 -24.376 1.1487
-34.9764 -24.1246 1.15558 0.00934761 -34.72 -24.376 1.1487
-34.5943 -24.264 1.1515 0.0777167 -34.72 -24.376 1.1487
-34.7088 -24.321 1.15396 0.321889 -34.72 -24.376 1.1487
-34.6971 -24.189 1.15424 0.139112 -34.72 -24.376 1.1487
-34.5943 -24.264 1.1515 0.0777167 -34.72 -24.376 1.1487
-34.7088 -24.321 1.15396 0.321889 -34.72 -24.376 1.1487
-34.6971 -24.189 1.15424 0.139112 -34.72 -24.376 1.1487
-34.5684 -24.5199 1.15685 0.0438732 -34.72 -24.376 1.1487
-34.7884 -24.1967 1.15897 0.0810481 -34.72 -24.376 1.1487
-34.7088 -24.321 1.15396 0.321889 -34.72 -24.376 1.1487
-34.7088 -24.321 1.15396 0.321889 -34.72 -24.376 1.1487
-34.5537 -24.3894 1.15117 0.0302875 -34.72 -24.376 1.1487
-34.7068 -24.278 1.15065 0.126349 -34.72 -24.376 1.1487
-34.876 -24.044 1.15085 0.00648503 -34.72 -24.376 1.1487
-34.5943 -24.264 1.1515 0.0777167 -34.72 -24.376 1.1487
-34.788 -24.0532 1.15014 0.0134642 -34.72 -24.376 1.1487
-34.7088 -24.321 1.15396 0.321889 -34.72 -24.376 1.1487
-34.5684 -24.5199 1.15685 0.0438732 -34.72 -24.376 1.1487
-34.7088 -24.321 1.15396 0.321889 -34.72 -24.376 1.1487
-34.6971 -24.189 1.15424 0.139112 -34.72 -24.376 1.1487
-34.7088 -24.321 1.15396 0.321889 -34.72 -24.376 1.1487
-34.7088 -24.321 1.15396 0.321889 -34.72 -24.376 1.1487
-34.7884 -24.1967 1.15897 0.0810481 -34.72 -24.376 1.1487
-34.7088 -24.321 1.15396 0.321889 -34.72 -24.376 1.1487
-34.7068 -24.278 1.15065 0.126349 -34.72 -24.376 1.1487
-34.9213 -24.303 1.14999 0.0219567 -34.72 -24.376 1.1487
-34.6971 -24.189 1.15424 0.139112 -34.72 -24.376 1.1487
-34.6971 -24.189 1.15424 0.139112 -34.72 -24.376 1.1487
-34.6971 -24.189 1.15424 0.139112 -34.72 -24.376 1.1487
-34.6971 -24.189 1.15424 0.139112 -34.72 -24.376 1.1487
-34.7884 -24.1967 1.15897 0.0810481 -34.72 -24.376 1.1487
-34.788 -24.0532 1.15014 0.0134642 -34.72 -24.376 1.1487
-34.6971 -24.189 1.15424 0.139112 -34.72 -24.376 1.1487
-34.7884 -24.1967 1.15897 0.0810481 -34.72 -24.376 1.1487
-34.7068 -24.278 1.15065 0.126349 -34.72 -24.376 1.1487
-34.6971 -24.189 1.15424 0.139112 -34.72 -24.376 1.1487
-34.6971 -24.189 1.15424 0.139112 -34.72 -24.376 1.1487
-34.5943 -24.264 1.1515 0.0777167 -34.72 -24.376 1.1487
-34.6675 -24.4116 1.15126 0.0782822 -34.72 -24.376 1.1487
-34.6675 -24.4116 1.15126 0.0782822 -34.72 -24.376 1.1487
-34.5684 -24.5199 1.15685 0.0438732 -34.72 -24.376 1.1487
-34.9566 -24.493 1.1509 0.00389732 -34.72 -24.376 1.1487
-34.7088 -24.321 1.15396 0.321889 -34.72 -24.376 1.1487
-34.7088 -24.321 1.15396 0.321889 -34.72 -24.376 1.1487
-34.4786 -24.2364 1.1485 0.00519358 -34.72 -24.376 1.1487
-34.7068 -24.278 1.15065 0.126349 -34.72 -24.376 1.1487
-34.5943 -24.264 1.1515 0.0777167 -34.72 -24.376 1.1487
-34.7884 -24.1967 1.15897 0.0810481 -34.72 -24.376 1.1487
-34.7698 -24.2193 1.14614 0.00995898 -34.72 -24.376 1.1487
-34.7088 -24.321 1.15396 0.321889 -34.72 -24.376 1.1487
-34.7884 -24.1967 1.15897 0.0810481 -34.72 -24.376 1.1487
-34.7088 -24.321 1.15396 0.321889 -34.72 -24.376 1.1487
-34.7068 -24.278 1.15065 0.126349 -34.72 -24.376 1.1487
-34.7884 -24.1967 1.15897 0.0810481 -34.72 -24.376 1.1487
-34.5943 -24.264 1.1515 0.0777167 -34.72 -24.376 1.1487
-34.7884 -24.1967 1.15897 0.0810481 -34.72 -24.376 1.1487
-34.6458 -24.0605 1.14957 0.0122887 -34.72 -24.376 1.1487
-34.7068 -24.278 1.15065 0.126349 -34.72 -24.376 1.1487
-34.7088 -24.321 1.15396 0.321889 -34.72 -24.376 1.1487
-34.5943 -24.264 1.1515 0.0777167 -34.72 -24.376 1.1487
-34.7088 -24.321 1.15396 0.321889 -34.72 -24.376 1.1487
-34.5943 -24.264 1.1515 0.0777167 -34.72 -24.376 1.1487
-34.9213 -24.303 1.14999 0.0219567 -34.72 -24.376 1.1487
-34.6971 -24.189 1.15424 0.139112 -34.72 -24.376 1.1487
-34.7088 -24.321 1.15396 0.321889 -34.72 -24.376 1.1487
-34.5684 -24.5199 1.15685 0.0438732 -34.72 -24.376 1.1487
-34.7088 -24.321 1.15396 0.321889 -34.72 -24.376 1.1487
-34.6675 -24.4116 1.15126 0.0782822 -34.72 -24.376 1.1487
-34.7088 -24.321 1.15396 0.321889 -34.72 -24.376 1.1487
-34.5684 -24.5199 1.15685 0.0438732 -34.72 -24.376 1.1487
-35.1895 -24.537 1.16477 0.000446782 -34.72 -24.376 1.1487
-35.1049 -24.3038 1.15762 0.00550432 -34.72 -24.376 1.1487
-34.7884 -24.1967 1.15897 0.0810481 -34.72 -24.376 1.1487
-34.7088 -24.321 1.15396 0.321889 -34.72 -24.376 1.1487
-34.8897 -24.0679 1.15978 0.00229269 -34.72 -24.376 1.1487
-34.6675 -24.4116 1.15126 0.0782822 -34.72 -24.376 1.1487
-34.7088 -24.321 1.15396 0.321889 -34.72 -24.376 1.1487
-34.7088 -24.321 1.15396 0.321889 -34.72 -24.376 1.1487
-34.7068 -24.278 1.15065 0.126349 -34.72 -24.376 1.1487
-34.5838 -24.1378 1.15585 0.0187569 -34.72 -24.376 1.1487
-34.5537 -24.3894 1.15117 0.0302875 -34.72 -24.376 1.1487
-34.7261 -24.3854 1.14954 0.0463795 -34.72 -24.376 1.1487
-34.7261 -24.3854 1.14954 0.0463795 -34.72 -24.376 1.1487
-34.5943 -24.264 1.1515 0.0777167 -34.72 -24.376 1.1487
-34.7924 -24.0355 1.14838 0.0061567 -34.72 -24.376 1.1487
-34.876 -24.044 1.15085 0.00648503 -34.72 -24.376 1.1487
-34.7088 -24.321 1.15396 0.321889 -34.72 -24.376 1.1487
-34.6675 -24.4116 1.15126 0.0782822 -34.72 -24.376 1.1487
-34.6675 -24.4116 1.15126 0.0782822 -34.72 -24.376 1.1487
-34.9213 -24.303 1.14999 0.0219567 -34.72 -24.376 1.1487
-34.7088 -24.321 1.15396 0.321889 -34.72 -24.376 1.1487
-34.6675 -24.4116 1.15126 0.0782822 -34.72 -24.376 1.1487
-34.6971 -24.189 1.15424 0.139112 -34.72 -24.376 1.1487
-34.6971 -24.189 1.15424 0.139112 -34.72 -24.376 1.1487
-34.7924 -24.0355 1.14838 0.0061567 -34.72 -24.376 1.1487
-34.7088 -24.321 1.15396 0.321889 -34.72 -24.376 1.1487
-34.5838 -24.1378 1.15585 0.0187569 -34.72 -24.376 1.1487
-34.7252 -24.3575 1.14633 0.00627706 -34.72 -24.376 1.1487
-34.7088 -24.321 1.15396 0.321889 -34.72 -24.376 1.1487
-34.7068 -24.278 1.15065 0.126349 -34.72 -24.376 1.1487
-34.6675 -24.4116 1.15126 0.0782822 -34.72 -24.376 1.1487
-34.6971 -24.189 1.15424 0.139112 -34.72 -24.376 1.1487
-34.6458 -24.0605 1.14957 0.0122887 -34.72 -24.376 1.1487
-34.7088 -24.321 1.15396 0.321889 -34.72 -24.376 1.1487
-34.7261 -24.3854 1.14954 0.0463795 -34.72 -24.376 1.1487
-34.6971 -24.189 1.15424 0.139112 -34.72 -24.376 1.1487
-34.9566 -24.493 1.1509 0.00389732 -34.72 -24.376 1.1487
-34.7088 -24.321 1.15396 0.321889 -34.72 -24.376 1.1487
-34.5684 -24.5199 1.15685 0.0438732 -34.72 -24.376 1.1487
-34.5943 -24.264 1.1515 0.0777167 -34.72 -24.376 1.1487
-34.7088 -24.321 1.15396 0.321889 -34.72 -24.376 1.1487
-34.7088 -24.321 1.15396 0.321889 -34.72 -24.376 1.1487
-34.6971 -24.189 1.15424 0.139112 -34.72 -24.376 1.1487
-34.6971 -24.189 1.15424 0.139112 -34.72 -24.376 1.1487
-34.7088 -24.321 1.15396 0.321889 -34.72 -24.376 1.1487
-34.6971 -24.189 1.15424 0.139112 -34.72 -24.376 1.1487
-34.7088 -24.321 1.15396 0.321889 -34.72 -24.376 1.1487
-34.6675 -24.4116 1.15126 0.0782822 -34.72 -24.376 1.1487
-34.5943 -24.264 1.1515 0.0777167 -34.72 -24.376 1.1487
-34.7068 -24.278 1.15065 0.126349 -34.72 -24.376 1.1487
-34.6971 -24.189 1.15424 0.139112 -34.72 -24.376 1.1487
-34.7068 -24.278 1.15065 0.126349 -34.72 -24.376 1.1487
-34.7068 -24.278 1.15065 0.126349 -34.72 -24.376 1.1487
-35.0151 -24.4576 1.15241 0.00560892 -34.72 -24.376 1.1487
-34.7088 -24.321 1.15396 0.321889 -34.72 -24.376 1.1487
-34.6971 -24.189 1.15424 0.139112 -34.72 -24.376 1.1487
-34.7068 -24.278 1.15065 0.126349 -34.72 -24.376 1.1487
-34.7088 -24.321 1.15396 0.321889 -34.72 -24.376 1.1487
-34.7088 -24.321 1.15396 0.321889 -34.72 -24.376 1.1487
-34.6458 -24.0605 1.14957 0.0122887 -34.72 -24.376 1.1487
-34.6971 -24.189 1.15424 0.139112 -34.72 -24.376 1.1487
-34.5684 -24.5199 1.15685 0.0438732 -34.72 -24.376 1.1487
-34.788 -24.0532 1.15014 0.0134642 -34.72 -24.376 1.1487
-34.7068 -24.278 1.15065 0.126349 -34.72 -24.376 1.1487
-34.7252 -24.3575 1.14633 0.00627706 -34.72 -24.376 1.1487
-34.6971 -24.189 1.15424 0.139112 -34.72 -24.376 1.1487
-34.5943 -24.264 1.1515 0.0777167 -34.72 -24.376 1.1487
-34.6675 -24.4116 1.15126 0.0782822 -34.72 -24.376 1.1487
-34.5684 -24.5199 1.15685 0.0438732 -34.72 -24.376 1.1487
-34.7088 -24.321 1.15396 0.321889 -34.72 -24.376 1.1487
-34.7088 -24.321 1.15396 0.321889 -34.72 -24.376 1.1487
-35.0151 -24.4576 1.15241 0.00560892 -34.72 -24.376 1.1487
-34.7261 -24.3854 1.14954 0.0463795 -34.72 -24.376 1.1487
-35.0151 -24.4576 1.15241 0.00560892 -34.72 -24.376 1.1487
-34.7088 -24.321 1.15396 0.321889 -34.72 -24.376 1.1487
-35.0317 -24.1929 1.16028 0.00490157 -34.72 -24.376 1.1487
-34.7884 -24.1967 1.15897 0.0810481 -34.72 -24.376 1.1487
-34.7088 -24.321 1.15396 0.321889 -34.72 -24.376 1.1487
-34.876 -24.044 1.15085 0.00648503 -34.72 -24.376 1.1487
-34.7068 -24.278 1.15065 0.126349 -34.72 -24.376 1.1487
-34.7088 -24.321 1.15396 0.321889 -34.72 -24.376 1.1487
-34.7088 -24.321 1.15396 0.321889 -34.72 -24.376 1.1487
-34.7088 -24.321 1.15396 0.321889 -34.72 -24.376 1.1487
-34.788 -24.0532 1.15014 0.0134642 -34.72 -24.376 1.1487
-34.6971 -24.189 1.15424 0.139112 -34.72 -24.376 1.1487
-34.5684 -24.5199 1.15685 0.0438732 -34.72 -24.376 1.1487
-34.7088 -24.321 1.15396 0.321889 -34.72 -24.376 1.1487
-34.7088 -24.321 1.15396 0.321889 -34.72 -24.376 1.1487
-34.5684 -24.5199 1.15685 0.0438732 -34.72 -24.376 1.1487
-34.6971 -24.189 1.15424 0.139112 -34.72 -24.376 1.1487
-34.4786 -24.2364 1.1485 0.00519358 -34.72 -24.376 1.1487
-34.7088 -24.321 1.15396 0.321889 -34.72 -24.376 1.1487
-34.7088 -24.321 1.15396 0.321889 -34.72 -24.376 1.1487
-34.7088 -24.321 1.15396 0.321889 -34.72 -24.376 1.1487
-34.6971 -24.189 1.15424 0.139112 -34.72 -24.376 1.1487
-34.5684 -24.5199 1.15685 0.0438732 -34.72 -24.376 1.1487
-34.7884 -24.1967 1.15897 0.0810481 -34.72 -24.376 1.1487
-34.7068 -24.278 1.15065 0.126349 -34.72 -24.376 1.1487
-34.7698 -24.2193 1.14614 0.00995898 -34.72 -24.376 1.1487
-34.7068 -24.278 1.15065 0.126349 -34.72 -24.376 1.1487
-34.5134 -24.0516 1.14921 0.00228973 -34.72 -24.376 1.1487
-34.7088 -24.321 1.15396 0.321889 -34.72 -24.376 1.1487
-34.7088 -24.321 1.15396 0.321889 -34.72 -24.376 1.1487
-34.5537 -24.3894 1.15117 0.0302875 -34.72 -24.376 1.1487
-34.7068 -24.278 1.15065 0.126349 -34.72 -24.376 1.1487
-34.6971 -24.189 1.15424 0.139112 -34.72 -24.376 1.1487
-34.7698 -24.2193 1.14614 0.00995898 -34.72 -24.376 1.1487
-34.7088 -24.321 1.15396 0.321889 -34.72 -24.376 1.1487
-34.7068 -24.278 1.15065 0.126349 -34.72 -24.376 1.1487
-34.7088 -24.321 1.15396 0.321889 -34.72 -24.376 1.1487
-34.5838 -24.1378 1.15585 0.0187569 -34.72 -24.376 1.1487
-34.6971 -24.189 1.15424 0.139112 -34.72 -24.376 1.1487
-34.7088 -24.321 1.15396 0.321889 -34.72 -24.376 1.1487
-34.7068 -24.278 1.15065 0.126349 -34.72 -24.376 1.1487
-34.7068 -24.278 1.15065 0.126349 -34.72 -24.376 1.1487
-34.7088 -24.321 1.15396 0.321889 -34.72 -24.376 1.1487
-34.6971 -24.189 1.15424 0.139112 -34.72 -24.376 1.1487
-34.7698 -24.2193 1.14614 0.00995898 -34.72 -24.376 1.1487
-34.7088 -24.321 1.15396 0.321889 -34.72 -24.376 1.1487
-34.7088 -24.321 1.15396 0.321889 -34.72 -24.376 1.1487
-34.7088 -24.321 1.15396 0.321889 -34.72 -24.376 1.1487
-34.6971 -24.189 1.15424 0.139112 -34.72 -24.376 1.1487
-34.7068 -24.278 1.15065 0.126349 -34.72 -24.376 1.1487
-34.7088 -24.321 1.15396 0.321889 -34.72 -24.376 1.1487
-34.7088 -24.321 1.15396 0.321889 -34.72 -24.376 1.1487
-34.9213 -24.303 1.14999 0.0219567 -34.72 -24.376 1.1487
-34.6675 -24.4116 1.15126 0.0782822 -34.72 -24.376 1.1487
-34.6675 -24.4116 1.15126 0.0782822 -34.72 -24.376 1.1487
-34.7261 -24.3854 1.14954 0.0463795 -34.72 -24.376 1.1487
