11.9804 -92.1104 3.55285 0.722176 12.096 -92.042 3.5444
12.1863 -91.8537 3.55451 2.9953 12.096 -92.042 3.5444
11.7785 -92.2229 3.54541 0.199859 12.096 -92.042 3.5444
12.3 -92.0853 3.54719 2.08195 12.096 -92.042 3.5444
12.231 -91.9456 3.55585 2.7654 12.096 -92.042 3.5444
11.7828 -92.2886 3.55288 0.0135991 12.096 -92.042 3.5444
11.9874 -91.7848 3.5336 0.238132 12.096 -92.042 3.5444
12.2331 -92.2611 3.5445 0.738719 12.096 -92.042 3.5444
11.7119 -92.1893 3.54061 0.237004 12.096 -92.042 3.5444
12.1671 -92.0335 3.56159 0.43186 12.096 -92.042 3.5444
11.9804 -92.1104 3.55285 0.722176 12.096 -92.042 3.5444
11.8752 -91.9668 3.55212 0.540076 12.096 -92.042 3.5444
11.9824 -91.838 3.54822 2.00598 12.096 -92.042 3.5444
11.9368 -91.9066 3.54895 1.65298 12.096 -92.042 3.5444
12.3425 -92.103 3.54955 1.70458 12.096 -92.042 3.5444
11.9462 -91.9406 3.54132 2.17957 12.096 -92.042 3.5444
11.8898 -91.9438 3.53993 1.57746 12.096 -92.042 3.5444
11.8962 -91.6661 3.54645 0.359783 12.096 -92.042 3.5444
11.8979 -92.0318 3.54314 1.83066 12.096 -92.042 3.5444
12.1514 -91.691 3.55678 1.07704 12.096 -92.042 3.5444
11.5747 -92.1524 3.54013 0.0493144 12.096 -92.042 3.5444
12.0032 -91.8225 3.54125 1.56686 12.096 -92.042 3.5444
11.9846 -92.0644 3.53209 0.586575 12.096 -92.042 3.5444
12.4149 -92.1017 3.54857 0.982761 12.096 -92.042 3.5444
11.9368 -91.9066 3.54895 1.65298 12.096 -92.042 3.5444
12.3046 -92.3129 3.54708 0.327335 12.096 -92.042 3.5444
12.0488 -92.0842 3.55244 1.47784 12.096 -92.042 3.5444
12.1514 -91.691 3.55678 1.07704 12.096 -92.042 3.5444
12.231 -91.9456 3.55585 2.7654 12.096 -92.042 3.5444
11.7905 -92.1549 3.53781 0.655782 12.096 -92.042 3.5444
11.9853 -91.8302 3.54769 2.02226 12.096 -92.042 3.5444
12.046 -91.7713 3.54524 1.78946 12.096 -92.042 3.5444
12.3425 -92.103 3.54955 1.70458 12.096 -92.042 3.5444
12.231 -91.9456 3.55585 2.7654 12.096 -92.042 3.5444
12.1514 -91.691 3.55678 1.07704 12.096 -92.042 3.5444
12.3322 -92.0256 3.55204 2.57374 12.096 -92.042 3.5444
11.8979 -92.0318 3.54314 1.83066 12.096 -92.042 3.5444
12.0488 -92.0842 3.55244 1.47784 12.096 -92.042 3.5444
11.8898 -91.9438 3.53993 1.57746 12.096 -92.042 3.5444
11.8898 -91.9438 3.53993 1.57746 12.096 -92.042 3.5444
12.0935 -92.1528 3.54461 2.22146 12.096 -92.042 3.5444
11.8925 -92.1547 3.54145 1.23528 12.096 -92.042 3.5444
12.046 -91.7713 3.54524 1.78946 12.096 -92.042 3.5444
12.4259 -92.1627 3.54958 0.656756 12.096 -92.042 3.5444
12.068 -92.0534 3.55458 1.29134 12.096 -92.042 3.5444
12.0935 -92.1528 3.54461 2.22146 12.096 -92.042 3.5444
11.9462 -91.9406 3.54132 2.17957 12.096 -92.042 3.5444
11.5969 -92.1471 3.53936 0.0777821 12.096 -92.042 3.5444
11.9588 -92.2589 3.54294 0.77783 12.096 -92.042 3.5444
12.3322 -92.0256 3.55204 2.57374 12.096 -92.042 3.5444
12.2606 -91.9433 3.5371 0.442542 12.096 -92.042 3.5444
11.8898 -91.9438 3.53993 1.57746 12.096 -92.042 3.5444
11.9462 -91.9406 3.54132 2.17957 12.096 -92.042 3.5444
11.8925 -92.1547 3.54145 1.23528 12.096 -92.042 3.5444
12.1783 -91.9688 3.53675 0.795844 12.096 -92.042 3.5444
11.758 -91.8413 3.5505 0.153605 12.096 -92.042 3.5444
12.1671 -92.0335 3.56159 0.43186 12.096 -92.042 3.5444
11.8955 -91.8648 3.54475 1.42894 12.096 -92.042 3.5444
12.231 -91.9456 3.55585 2.7654 12.096 -92.042 3.5444
11.8948 -92.094 3.54743 1.04267 12.096 -92.042 3.5444
12.6218 -91.9779 3.56085 0.330968 12.096 -92.042 3.5444
12.0935 -92.1528 3.54461 2.22146 12.096 -92.042 3.5444
11.9462 -91.9406 3.54132 2.17957 12.096 -92.042 3.5444
12.1863 -91.8537 3.55451 2.9953 12.096 -92.042 3.5444
11.9824 -91.838 3.54822 2.00598 12.096 -92.042 3.5444
11.9853 -91.8302 3.54769 2.02226 12.096 -92.042 3.5444
12.231 -91.9456 3.55585 2.7654 12.096 -92.042 3.5444
11.7638 -92.2066 3.53454 0.382475 12.096 -92.042 3.5444
12.3568 -92.2141 3.55652 0.42546 12.096 -92.042 3.5444
11.9414 -92.1142 3.55509 0.272052 12.096 -92.042 3.5444
12.3 -92.0853 3.54719 2.08195 12.096 -92.042 3.5444
12.231 -91.9456 3.55585 2.7654 12.096 -92.042 3.5444
12.3 -92.0853 3.54719 2.08195 12.096 -92.042 3.5444
11.7626 -91.983 3.55547 0.0405718 12.096 -92.042 3.5444
11.9588 -92.2589 3.54294 0.77783 12.096 -92.042 3.5444
12.1999 -91.8981 3.565 0.318556 12.096 -92.042 3.5444
11.9368 -91.9066 3.54895 1.65298 12.096 -92.042 3.5444
12.231 -91.9456 3.55585 2.7654 12.096 -92.042 3.5444
11.8948 -92.094 3.54743 1.04267 12.096 -92.042 3.5444
11.9588 -92.2589 3.54294 0.77783 12.096 -92.042 3.5444
12.1863 -91.8537 3.55451 2.9953 12.096 -92.042 3.5444
11.9853 -91.8302 3.54769 2.02226 12.096 -92.042 3.5444
12.1863 -91.8537 3.55451 2.9953 12.096 -92.042 3.5444
11.8979 -92.0318 3.54314 1.83066 12.096 -92.042 3.5444
11.8966 -92.1101 3.55405 0.231558 12.096 -92.042 3.5444
12.1979 -91.937 3.56298 0.536699 12.096 -92.042 3.5444
12.046 -91.7713 3.54524 1.78946 12.096 -92.042 3.5444
12.231 -91.9456 3.55585 2.7654 12.096 -92.042 3.5444
11.8898 -91.9438 3.53993 1.57746 12.096 -92.042 3.5444
11.8979 -92.0318 3.54314 1.83066 12.096 -92.042 3.5444
12.3 -92.0853 3.54719 2.08195 12.096 -92.042 3.5444
12.1783 -91.9688 3.53675 0.795844 12.096 -92.042 3.5444
12.3 -92.0853 3.54719 2.08195 12.096 -92.042 3.5444
11.9368 -91.9066 3.54895 1.65298 12.096 -92.042 3.5444
11.9368 -91.9066 3.54895 1.65298 12.096 -92.042 3.5444
11.9853 -91.8302 3.54769 2.02226 12.096 -92.042 3.5444
12.3 -92.0853 3.54719 2.08195 12.096 -92.042 3.5444
12.231 -91.9456 3.55585 2.7654 12.096 -92.042 3.5444
12.0056 -91.7355 3.53414 0.166353 12.096 -92.042 3.5444
11.8925 -92.1547 3.54145 1.23528 12.096 -92.042 3.5444
12.0488 -92.0842 3.55244 1.47784 12.096 -92.042 3.5444
12.068 -92.0534 3.55458 1.29134 12.096 -92.042 3.5444
12.0913 -92.0984 3.52953 0.163005 12.096 -92.042 3.5444
11.9396 -92.2805 3.53627 0.535083 12.096 -92.042 3.5444
12.231 -91.9456 3.55585 2.7654 12.096 -92.042 3.5444
11.7905 -92.1549 3.53781 0.655782 12.096 -92.042 3.5444
12.3322 -92.0256 3.55204 2.57374 12.096 -92.042 3.5444
12.1863 -91.8537 3.55451 2.9953 12.096 -92.042 3.5444
11.9414 -92.1142 3.55509 0.272052 12.096 -92.042 3.5444
12.3425 -92.103 3.54955 1.70458 12.096 -92.042 3.5444
11.8955 -91.8648 3.54475 1.42894 12.096 -92.042 3.5444
12.108 -92.2748 3.55054 0.517575 12.096 -92.042 3.5444
12.0488 -92.0842 3.55244 1.47784 12.096 -92.042 3.5444
12.2331 -92.2611 3.5445 0.738719 12.096 -92.042 3.5444
11.8898 -91.9438 3.53993 1.57746 12.096 -92.042 3.5444
11.9804 -92.1104 3.55285 0.722176 12.096 -92.042 3.5444
12.068 -92.0534 3.55458 1.29134 12.096 -92.042 3.5444
12.1863 -91.8537 3.55451 2.9953 12.096 -92.042 3.5444
11.9588 -92.2589 3.54294 0.77783 12.096 -92.042 3.5444
11.8955 -91.8648 3.54475 1.42894 12.096 -92.042 3.5444
11.6876 -92.1819 3.53251 0.214719 12.096 -92.042 3.5444
12.046 -91.7713 3.54524 1.78946 12.096 -92.042 3.5444
12.046 -91.7713 3.54524 1.78946 12.096 -92.042 3.5444
11.8979 -92.0318 3.54314 1.83066 12.096 -92.042 3.5444
11.7119 -92.1893 3.54061 0.237004 12.096 -92.042 3.5444
11.8955 -91.8648 3.54475 1.42894 12.096 -92.042 3.5444
11.9853 -91.8302 3.54769 2.02226 12.096 -92.042 3.5444
12.1514 -91.691 3.55678 1.07704 12.096 -92.042 3.5444
11.9014 -91.7441 3.55117 0.505998 12.096 -92.042 3.5444
11.878 -92.3217 3.54291 0.268981 12.096 -92.042 3.5444
12.3 -92.0853 3.54719 2.08195 12.096 -92.042 3.5444
12.0488 -92.0842 3.55244 1.47784 12.096 -92.042 3.5444
11.9824 -91.838 3.54822 2.00598 12.096 -92.042 3.5444
11.9462 -91.9406 3.54132 2.17957 12.096 -92.042 3.5444
11.8459 -91.7548 3.54241 0.51241 12.096 -92.042 3.5444
12.2606 -91.9433 3.5371 0.442542 12.096 -92.042 3.5444
12.3322 -92.0256 3.55204 2.57374 12.096 -92.042 3.5444
11.8979 -92.0318 3.54314 1.83066 12.096 -92.042 3.5444
11.8979 -92.0318 3.54314 1.83066 12.096 -92.042 3.5444
12.4932 -92.1312 3.55608 0.496702 12.096 -92.042 3.5444
12.3 -92.0853 3.54719 2.08195 12.096 -92.042 3.5444
12.3292 -92.5501 3.54144 0.00571758 12.096 -92.042 3.5444
12.1979 -91.937 3.56298 0.536699 12.096 -92.042 3.5444
12.0488 -92.0842 3.55244 1.47784 12.096 -92.042 3.5444
12.1863 -91.8537 3.55451 2.9953 12.096 -92.042 3.5444
12.3459 -92.4426 3.53965 0.0219486 12.096 -92.042 3.5444
12.231 -91.9456 3.55585 2.7654 12.096 -92.042 3.5444
11.9014 -91.7441 3.55117 0.505998 12.096 -92.042 3.5444
11.8925 -92.1547 3.54145 1.23528 12.096 -92.042 3.5444
12.0935 -92.1528 3.54461 2.22146 12.096 -92.042 3.5444
11.8979 -92.0318 3.54314 1.83066 12.096 -92.042 3.5444
12.4993 -92.2696 3.55078 0.1302 12.096 -92.042 3.5444
12.1979 -91.937 3.56298 0.536699 12.096 -92.042 3.5444
12.1514 -91.691 3.55678 1.07704 12.096 -92.042 3.5444
11.9588 -92.2589 3.54294 0.77783 12.096 -92.042 3.5444
11.8979 -92.0318 3.54314 1.83066 12.096 -92.042 3.5444
12.2606 -91.9433 3.5371 0.442542 12.096 -92.042 3.5444
12.2606 -91.9433 3.5371 0.442542 12.096 -92.042 3.5444
11.9462 -91.9406 3.54132 2.17957 12.096 -92.042 3.5444
12.068 -92.0534 3.55458 1.29134 12.096 -92.042 3.5444
12.2331 -92.2611 3.5445 0.738719 12.096 -92.042 3.5444
12.046 -91.7713 3.54524 1.78946 12.096 -92.042 3.5444
12.2331 -92.2611 3.5445 0.738719 12.096 -92.042 3.5444
12.3322 -92.0256 3.55204 2.57374 12.096 -92.042 3.5444
11.9368 -91.9066 3.54895 1.65298 12.096 -92.042 3.5444
12.3 -92.0853 3.54719 2.08195 12.096 -92.042 3.5444
12.231 -91.9456 3.55585 2.7654 12.096 -92.042 3.5444
12.3264 -92.1206 3.53951 0.449237 12.096 -92.042 3.5444
12.3 -92.0853 3.54719 2.08195 12.096 -92.042 3.5444
12.046 -91.7713 3.54524 1.78946 12.096 -92.042 3.5444
12.0032 -91.8225 3.54125 1.56686 12.096 -92.042 3.5444
12.579 -91.9474 3.5668 0.231034 12.096 -92.042 3.5444
11.9853 -91.8302 3.54769 2.02226 12.096 -92.042 3.5444
11.9368 -91.9066 3.54895 1.65298 12.096 -92.042 3.5444
12.046 -91.7713 3.54524 1.78946 12.096 -92.042 3.5444
12.3425 -92.103 3.54955 1.70458 12.096 -92.042 3.5444
12.1799 -92.0345 3.53125 0.146754 12.096 -92.042 3.5444
12.0935 -92.1528 3.54461 2.22146 12.096 -92.042 3.5444
12.0935 -92.1528 3.54461 2.22146 12.096 -92.042 3.5444
11.9368 -91.9066 3.54895 1.65298 12.096 -92.042 3.5444
11.6876 -92.1819 3.53251 0.214719 12.096 -92.042 3.5444
12.3425 -92.103 3.54955 1.70458 12.096 -92.042 3.5444
12.0851 -92.4275 3.5496 0.0686381 12.096 -92.042 3.5444
12.3425 -92.103 3.54955 1.70458 12.096 -92.042 3.5444
11.8898 -91.9438 3.53993 1.57746 12.096 -92.042 3.5444
11.9014 -91.7441 3.55117 0.505998 12.096 -92.042 3.5444
12.3754 -92.151 3.53309 0.0274775 12.096 -92.042 3.5444
12.0935 -92.1528 3.54461 2.22146 12.096 -92.042 3.5444
11.8012 -91.7115 3.53367 0.0832523 12.096 -92.042 3.5444
11.9368 -91.9066 3.54895 1.65298 12.096 -92.042 3.5444
11.9853 -91.8302 3.54769 2.02226 12.096 -92.042 3.5444
11.7119 -92.1893 3.54061 0.237004 12.096 -92.042 3.5444
11.9846 -92.0644 3.53209 0.586575 12.096 -92.042 3.5444
12.4149 -92.1017 3.54857 0.982761 12.096 -92.042 3.5444
12.3 -92.0853 3.54719 2.08195 12.096 -92.042 3.5444
11.9014 -91.7441 3.55117 0.505998 12.096 -92.042 3.5444
11.9853 -91.8302 3.54769 2.02226 12.096 -92.042 3.5444
12.2411 -91.5736 3.54705 0.288293 12.096 -92.042 3.5444
11.8955 -91.8648 3.54475 1.42894 12.096 -92.042 3.5444
11.8979 -92.0318 3.54314 1.83066 12.096 -92.042 3.5444
