210.6 -10.8766 3.03783 0.00124682 210.38 -11.143 3.0286
210.288 -10.7852 3.02595 0.00299541 210.38 -11.143 3.0286
210.34 -11.1831 3.03243 0.0426686 210.38 -11.143 3.0286
210.448 -11.2515 3.02832 0.0154046 210.38 -11.143 3.0286
210.437 -11.235 3.03688 0.00722332 210.38 -11.143 3.0286
210.39 -10.9936 3.02939 0.055644 210.38 -11.143 3.0286
210.484 -11.0703 3.03213 0.0492542 210.38 -11.143 3.0286
210.39 -10.9936 3.02939 0.055644 210.38 -11.143 3.0286
210.419 -10.8726 3.03159 0.0145664 210.38 -11.143 3.0286
210.484 -11.0703 3.03213 0.0492542 210.38 -11.143 3.0286
210.371 -11.218 3.0238 0.00554494 210.38 -11.143 3.0286
210.448 -11.2515 3.02832 0.0154046 210.38 -11.143 3.0286
210.483 -11.0672 3.03594 0.0213246 210.38 -11.143 3.0286
210.34 -11.1831 3.03243 0.0426686 210.38 -11.143 3.0286
210.34 -11.1831 3.03243 0.0426686 210.38 -11.143 3.0286
210.586 -11.1845 3.02982 0.00809292 210.38 -11.143 3.0286
210.284 -10.9835 3.03246 0.028252 210.38 -11.143 3.0286
210.586 -11.1845 3.02982 0.00809292 210.38 -11.143 3.0286
210.366 -11.0111 3.03171 0.0577163 210.38 -11.143 3.0286
210.366 -11.0111 3.03171 0.0577163 210.38 -11.143 3.0286
210.484 -11.0703 3.03213 0.0492542 210.38 -11.143 3.0286
210.34 -11.1831 3.03243 0.0426686 210.38 -11.143 3.0286
210.484 -11.0703 3.03213 0.0492542 210.38 -11.143 3.0286
210.366 -11.0111 3.03171 0.0577163 210.38 -11.143 3.0286
210.39 -10.9936 3.02939 0.055644 210.38 -11.143 3.0286
210.484 -11.0703 3.03213 0.0492542 210.38 -11.143 3.0286
210.39 -10.9936 3.02939 0.055644 210.38 -11.143 3.0286
210.39 -10.9936 3.02939 0.055644 210.38 -11.143 3.0286
210.369 -10.951 3.02775 0.0350332 210.38 -11.143 3.0286
210.33 -11.0333 3.03456 0.0217473 210.38 -11.143 3.0286
210.366 -11.0111 3.03171 0.0577163 210.38 -11.143 3.0286
210.484 -11.0703 3.03213 0.0492542 210.38 -11.143 3.0286
210.39 -10.9936 3.02939 0.055644 210.38 -11.143 3.0286
210.514 -11.0329 3.03683 0.0125448 210.38 -11.143 3.0286
210.369 -10.951 3.02775 0.0350332 210.38 -11.143 3.0286
210.366 -11.0111 3.03171 0.0577163 210.38 -11.143 3.0286
210.33 -11.0333 3.03456 0.0217473 210.38 -11.143 3.0286
210.484 -11.0703 3.03213 0.0492542 210.38 -11.143 3.0286
210.34 -11.1831 3.03243 0.0426686 210.38 -11.143 3.0286
210.288 -10.7852 3.02595 0.00299541 210.38 -11.143 3.0286
210.483 -11.0672 3.03594 0.0213246 210.38 -11.143 3.0286
210.484 -11.0703 3.03213 0.0492542 210.38 -11.143 3.0286
210.357 -10.9314 3.03741 0.00218401 210.38 -11.143 3.0286
210.484 -11.0703 3.03213 0.0492542 210.38 -11.143 3.0286
210.448 -11.2515 3.02832 0.0154046 210.38 -11.143 3.0286
210.284 -10.9835 3.03246 0.028252 210.38 -11.143 3.0286
210.448 -11.2515 3.02832 0.0154046 210.38 -11.143 3.0286
210.34 -11.1831 3.03243 0.0426686 210.38 -11.143 3.0286
210.366 -11.0111 3.03171 0.0577163 210.38 -11.143 3.0286
210.33 -11.0333 3.03456 0.0217473 210.38 -11.143 3.0286
210.556 -10.8705 3.03502 0.00402293 210.38 -11.143 3.0286
210.33 -11.0333 3.03456 0.0217473 210.38 -11.143 3.0286
210.43 -10.9108 3.02836 0.0184652 210.38 -11.143 3.0286
210.39 -10.9936 3.02939 0.055644 210.38 -11.143 3.0286
210.369 -10.951 3.02775 0.0350332 210.38 -11.143 3.0286
210.39 -10.9936 3.02939 0.055644 210.38 -11.143 3.0286
210.39 -10.9936 3.02939 0.055644 210.38 -11.143 3.0286
210.366 -11.0111 3.03171 0.0577163 210.38 -11.143 3.0286
210.366 -11.0111 3.03171 0.0577163 210.38 -11.143 3.0286
210.43 -10.9108 3.02836 0.0184652 210.38 -11.143 3.0286
210.34 -11.1831 3.03243 0.0426686 210.38 -11.143 3.0286
210.39 -10.9936 3.02939 0.055644 210.38 -11.143 3.0286
210.484 -11.0703 3.03213 0.0492542 210.38 -11.143 3.0286
210.556 -10.8705 3.03502 0.00402293 210.38 -11.143 3.0286
210.483 -11.0672 3.03594 0.0213246 210.38 -11.143 3.0286
210.458 -11.3317 3.02837 0.00462815 210.38 -11.143 3.0286
210.369 -10.951 3.02775 0.0350332 210.38 -11.143 3.0286
210.369 -10.951 3.02775 0.0350332 210.38 -11.143 3.0286
210.549 -10.7528 3.03638 0.000289225 210.38 -11.143 3.0286
210.34 -11.1831 3.03243 0.0426686 210.38 -11.143 3.0286
210.448 -11.2515 3.02832 0.0154046 210.38 -11.143 3.0286
210.39 -10.9936 3.02939 0.055644 210.38 -11.143 3.0286
210.586 -11.1845 3.02982 0.00809292 210.38 -11.143 3.0286
210.448 -11.2515 3.02832 0.0154046 210.38 -11.143 3.0286
210.556 -10.8705 3.03502 0.00402293 210.38 -11.143 3.0286
210.43 -10.9108 3.02836 0.0184652 210.38 -11.143 3.0286
210.284 -10.9835 3.03246 0.028252 210.38 -11.143 3.0286
210.369 -10.951 3.02775 0.0350332 210.38 -11.143 3.0286
210.369 -10.951 3.02775 0.0350332 210.38 -11.143 3.0286
210.39 -10.9936 3.02939 0.055644 210.38 -11.143 3.0286
210.245 -11.013 3.03478 0.00727737 210.38 -11.143 3.0286
210.366 -11.0111 3.03171 0.0577163 210.38 -11.143 3.0286
210.483 -11.0672 3.03594 0.0213246 210.38 -11.143 3.0286
210.536 -11.2064 3.03665 0.0100623 210.38 -11.143 3.0286
210.39 -10.9936 3.02939 0.055644 210.38 -11.143 3.0286
210.484 -11.0703 3.03213 0.0492542 210.38 -11.143 3.0286
210.284 -10.9835 3.03246 0.028252 210.38 -11.143 3.0286
210.366 -11.0111 3.03171 0.0577163 210.38 -11.143 3.0286
210.39 -10.9936 3.02939 0.055644 210.38 -11.143 3.0286
210.586 -11.1845 3.02982 0.00809292 210.38 -11.143 3.0286
210.536 -11.2064 3.03665 0.0100623 210.38 -11.143 3.0286
210.366 -11.0111 3.03171 0.0577163 210.38 -11.143 3.0286
210.536 -11.2064 3.03665 0.0100623 210.38 -11.143 3.0286
210.369 -10.951 3.02775 0.0350332 210.38 -11.143 3.0286
210.43 -10.9108 3.02836 0.0184652 210.38 -11.143 3.0286
210.371 -11.218 3.0238 0.00554494 210.38 -11.143 3.0286
210.34 -11.1831 3.03243 0.0426686 210.38 -11.143 3.0286
210.34 -11.1831 3.03243 0.0426686 210.38 -11.143 3.0286
210.245 -11.013 3.03478 0.00727737 210.38 -11.143 3.0286
210.556 -10.8705 3.03502 0.00402293 210.38 -11.143 3.0286
210.284 -10.9835 3.03246 0.028252 210.38 -11.143 3.0286
210.366 -11.0111 3.03171 0.0577163 210.38 -11.143 3.0286
210.312 -10.915 3.02326 0.00632324 210.38 -11.143 3.0286
210.484 -11.0703 3.03213 0.0492542 210.38 -11.143 3.0286
210.483 -11.0672 3.03594 0.0213246 210.38 -11.143 3.0286
210.556 -10.8705 3.03502 0.00402293 210.38 -11.143 3.0286
210.448 -11.2515 3.02832 0.0154046 210.38 -11.143 3.0286
210.284 -10.9835 3.03246 0.028252 210.38 -11.143 3.0286
210.437 -11.235 3.03688 0.00722332 210.38 -11.143 3.0286
210.284 -10.9835 3.03246 0.028252 210.38 -11.143 3.0286
210.366 -11.0111 3.03171 0.0577163 210.38 -11.143 3.0286
210.33 -11.0333 3.03456 0.0217473 210.38 -11.143 3.0286
210.366 -11.0111 3.03171 0.0577163 210.38 -11.143 3.0286
210.284 -10.9835 3.03246 0.028252 210.38 -11.143 3.0286
210.33 -11.0333 3.03456 0.0217473 210.38 -11.143 3.0286
210.484 -11.0703 3.03213 0.0492542 210.38 -11.143 3.0286
210.419 -10.8726 3.03159 0.0145664 210.38 -11.143 3.0286
210.43 -10.9108 3.02836 0.0184652 210.38 -11.143 3.0286
210.484 -11.0703 3.03213 0.0492542 210.38 -11.143 3.0286
210.586 -11.1845 3.02982 0.00809292 210.38 -11.143 3.0286
210.514 -11.0329 3.03683 0.0125448 210.38 -11.143 3.0286
210.448 -11.2515 3.02832 0.0154046 210.38 -11.143 3.0286
210.39 -10.9936 3.02939 0.055644 210.38 -11.143 3.0286
210.483 -11.0672 3.03594 0.0213246 210.38 -11.143 3.0286
210.366 -11.0111 3.03171 0.0577163 210.38 -11.143 3.0286
210.34 -11.1831 3.03243 0.0426686 210.38 -11.143 3.0286
210.34 -11.1831 3.03243 0.0426686 210.38 -11.143 3.0286
210.366 -11.0111 3.03171 0.0577163 210.38 -11.143 3.0286
210.448 -11.2515 3.02832 0.0154046 210.38 -11.143 3.0286
210.284 -10.9835 3.03246 0.028252 210.38 -11.143 3.0286
210.369 -10.951 3.02775 0.0350332 210.38 -11.143 3.0286
210.462 -11.2032 3.0247 0.00363613 210.38 -11.143 3.0286
210.483 -11.0672 3.03594 0.0213246 210.38 -11.143 3.0286
210.33 -11.0333 3.03456 0.0217473 210.38 -11.143 3.0286
210.483 -11.0672 3.03594 0.0213246 210.38 -11.143 3.0286
210.371 -11.218 3.0238 0.00554494 210.38 -11.143 3.0286
210.39 -10.9936 3.02939 0.055644 210.38 -11.143 3.0286
210.39 -10.9936 3.02939 0.055644 210.38 -11.143 3.0286
210.34 -11.1831 3.03243 0.0426686 210.38 -11.143 3.0286
210.371 -11.218 3.0238 0.00554494 210.38 -11.143 3.0286
210.483 -11.0672 3.03594 0.0213246 210.38 -11.143 3.0286
210.34 -11.1831 3.03243 0.0426686 210.38 -11.143 3.0286
210.484 -11.0703 3.03213 0.0492542 210.38 -11.143 3.0286
210.33 -11.0333 3.03456 0.0217473 210.38 -11.143 3.0286
210.34 -11.1831 3.03243 0.0426686 210.38 -11.143 3.0286
210.39 -10.9936 3.02939 0.055644 210.38 -11.143 3.0286
210.34 -11.1831 3.03243 0.0426686 210.38 -11.143 3.0286
210.43 -10.9108 3.02836 0.0184652 210.38 -11.143 3.0286
210.43 -10.9108 3.02836 0.0184652 210.38 -11.143 3.0286
210.448 -11.2515 3.02832 0.0154046 210.38 -11.143 3.0286
210.366 -11.0111 3.03171 0.0577163 210.38 -11.143 3.0286
210.284 -10.9835 3.03246 0.028252 210.38 -11.143 3.0286
210.33 -11.0333 3.03456 0.0217473 210.38 -11.143 3.0286
210.586 -11.1845 3.02982 0.00809292 210.38 -11.143 3.0286
210.483 -11.0672 3.03594 0.0213246 210.38 -11.143 3.0286
210.484 -11.0703 3.03213 0.0492542 210.38 -11.143 3.0286
210.39 -10.9936 3.02939 0.055644 210.38 -11.143 3.0286
210.514 -11.0329 3.03683 0.0125448 210.38 -11.143 3.0286
210.369 -10.951 3.02775 0.0350332 210.38 -11.143 3.0286
210.363 -10.876 3.03659 0.00197922 210.38 -11.143 3.0286
210.448 -11.2515 3.02832 0.0154046 210.38 -11.143 3.0286
210.366 -11.0111 3.03171 0.0577163 210.38 -11.143 3.0286
210.536 -11.2064 3.03665 0.0100623 210.38 -11.143 3.0286
210.366 -11.0111 3.03171 0.0577163 210.38 -11.143 3.0286
210.312 -10.915 3.02326 0.00632324 210.38 -11.143 3.0286
210.536 -11.2064 3.03665 0.0100623 210.38 -11.143 3.0286
210.546 -11.2178 3.03711 0.00742462 210.38 -11.143 3.0286
210.39 -10.9936 3.02939 0.055644 210.38 -11.143 3.0286
210.284 -10.9835 3.03246 0.028252 210.38 -11.143 3.0286
210.484 -11.0703 3.03213 0.0492542 210.38 -11.143 3.0286
210.39 -10.9936 3.02939 0.055644 210.38 -11.143 3.0286
210.369 -10.951 3.02775 0.0350332 210.38 -11.143 3.0286
210.39 -10.9936 3.02939 0.055644 210.38 -11.143 3.0286
210.39 -10.9936 3.02939 0.055644 210.38 -11.143 3.0286
210.366 -11.0111 3.03171 0.0577163 210.38 -11.143 3.0286
210.484 -11.0703 3.03213 0.0492542 210.38 -11.143 3.0286
210.39 -10.9936 3.02939 0.055644 210.38 -11.143 3.0286
210.34 -11.1831 3.03243 0.0426686 210.38 -11.143 3.0286
210.39 -10.9936 3.02939 0.055644 210.38 -11.143 3.0286
210.556 -10.8705 3.03502 0.00402293 210.38 -11.143 3.0286
210.369 -10.951 3.02775 0.0350332 210.38 -11.143 3.0286
210.33 -11.0333 3.03456 0.0217473 210.38 -11.143 3.0286
210.448 -11.2515 3.02832 0.0154046 210.38 -11.143 3.0286
210.448 -11.2515 3.02832 0.0154046 210.38 -11.143 3.0286
210.34 -11.1831 3.03243 0.0426686 210.38 -11.143 3.0286
210.369 -10.951 3.02775 0.0350332 210.38 -11.143 3.0286
210.33 -11.0333 3.03456 0.0217473 210.38 -11.143 3.0286
210.514 -11.0329 3.03683 0.0125448 210.38 -11.143 3.0286
210.245 -11.013 3.03478 0.00727737 210.38 -11.143 3.0286
210.484 -11.0703 3.03213 0.0492542 210.38 -11.143 3.0286
210.586 -11.1845 3.02982 0.00809292 210.38 -11.143 3.0286
210.369 -10.951 3.02775 0.0350332 210.38 -11.143 3.0286
210.603 -11.2117 3.02796 0.00210179 210.38 -11.143 3.0286
210.34 -11.1831 3.03243 0.0426686 210.38 -11.143 3.0286
210.43 -10.9108 3.02836 0.0184652 210.38 -11.143 3.0286
210.39 -10.9936 3.02939 0.055644 210.38 -11.143 3.0286
210.34 -11.1831 3.03243 0.0426686 210.38 -11.143 3.0286
210.483 -11.0672 3.03594 0.0213246 210.38 -11.143 3.0286
210.484 -11.0703 3.03213 0.0492542 210.38 -11.143 3.0286
210.629 -11.031 3.03881 0.00304032 210.38 -11.143 3.0286
