-34.6395 -27.2447 1.20839 0.399746 -34.796 -27.494 1.2175
-34.7742 -27.2807 1.21122 0.286094 -34.796 -27.494 1.2175
-34.7182 -27.3885 1.2131 0.328007 -34.796 -27.494 1.2175
-34.7393 -27.3417 1.22146 0.029093 -34.796 -27.494 1.2175
-34.6101 -27.3789 1.20669 0.0721912 -34.796 -27.494 1.2175
-34.6924 -27.2914 1.21099 0.500661 -34.796 -27.494 1.2175
-34.5597 -27.3133 1.21205 0.43741 -34.796 -27.494 1.2175
-34.7742 -27.2807 1.21122 0.286094 -34.796 -27.494 1.2175
-34.488 -27.1626 1.20663 0.120716 -34.796 -27.494 1.2175
-34.7697 -27.2939 1.20896 0.185901 -34.796 -27.494 1.2175
-34.5597 -27.3133 1.21205 0.43741 -34.796 -27.494 1.2175
-34.5597 -27.3133 1.21205 0.43741 -34.796 -27.494 1.2175
-34.6987 -27.1053 1.20864 0.202767 -34.796 -27.494 1.2175
-34.5597 -27.3133 1.21205 0.43741 -34.796 -27.494 1.2175
-34.4988 -27.1645 1.20996 0.199888 -34.796 -27.494 1.2175
-34.4988 -27.1645 1.20996 0.199888 -34.796 -27.494 1.2175
-34.7691 -27.6354 1.216 0.00678196 -34.796 -27.494 1.2175
-34.5214 -27.5062 1.2232 0.00481887 -34.796 -27.494 1.2175
-34.618 -26.921 1.20844 0.0117557 -34.796 -27.494 1.2175
-34.6215 -27.3247 1.21782 0.19622 -34.796 -27.494 1.2175
-34.4273 -27.1189 1.21316 0.0276914 -34.796 -27.494 1.2175
-34.6924 -27.2914 1.21099 0.500661 -34.796 -27.494 1.2175
-34.6987 -27.1053 1.20864 0.202767 -34.796 -27.494 1.2175
-34.5597 -27.3133 1.21205 0.43741 -34.796 -27.494 1.2175
-34.4273 -27.1189 1.21316 0.0276914 -34.796 -27.494 1.2175
-34.7742 -27.2807 1.21122 0.286094 -34.796 -27.494 1.2175
-34.4857 -26.8502 1.20523 0.00127371 -34.796 -27.494 1.2175
-34.6395 -27.2447 1.20839 0.399746 -34.796 -27.494 1.2175
-34.6395 -27.2447 1.20839 0.399746 -34.796 -27.494 1.2175
-34.5597 -27.3133 1.21205 0.43741 -34.796 -27.494 1.2175
-34.4273 -27.1189 1.21316 0.0276914 -34.796 -27.494 1.2175
-34.6215 -27.3247 1.21782 0.19622 -34.796 -27.494 1.2175
-34.6987 -27.1053 1.20864 0.202767 -34.796 -27.494 1.2175
-34.6395 -27.2447 1.20839 0.399746 -34.796 -27.494 1.2175
-34.6395 -27.2447 1.20839 0.399746 -34.796 -27.494 1.2175
-34.6395 -27.2447 1.20839 0.399746 -34.796 -27.494 1.2175
-34.7697 -27.2939 1.20896 0.185901 -34.796 -27.494 1.2175
-34.8088 -27.4742 1.21526 0.0707002 -34.796 -27.494 1.2175
-34.6987 -27.1053 1.20864 0.202767 -34.796 -27.494 1.2175
-34.6101 -27.3789 1.20669 0.0721912 -34.796 -27.494 1.2175
-34.6154 -27.2866 1.20801 0.309445 -34.796 -27.494 1.2175
-34.6924 -27.2914 1.21099 0.500661 -34.796 -27.494 1.2175
-34.5597 -27.3133 1.21205 0.43741 -34.796 -27.494 1.2175
-34.7182 -27.3885 1.2131 0.328007 -34.796 -27.494 1.2175
-34.7182 -27.3885 1.2131 0.328007 -34.796 -27.494 1.2175
-34.8371 -27.4605 1.21142 0.030565 -34.796 -27.494 1.2175
-34.6395 -27.2447 1.20839 0.399746 -34.796 -27.494 1.2175
-34.901 -27.3603 1.2122 0.0343211 -34.796 -27.494 1.2175
-34.818 -27.371 1.2117 0.119802 -34.796 -27.494 1.2175
-34.6154 -27.2866 1.20801 0.309445 -34.796 -27.494 1.2175
-34.6215 -27.3247 1.21782 0.19622 -34.796 -27.494 1.2175
-34.7182 -27.3885 1.2131 0.328007 -34.796 -27.494 1.2175
-34.8088 -27.4742 1.21526 0.0707002 -34.796 -27.494 1.2175
-34.6154 -27.2866 1.20801 0.309445 -34.796 -27.494 1.2175
-34.7182 -27.3885 1.2131 0.328007 -34.796 -27.494 1.2175
-34.6987 -27.1053 1.20864 0.202767 -34.796 -27.494 1.2175
-34.6924 -27.2914 1.21099 0.500661 -34.796 -27.494 1.2175
-34.5495 -27.4573 1.20657 0.0142963 -34.796 -27.494 1.2175
-34.618 -26.921 1.20844 0.0117557 -34.796 -27.494 1.2175
-34.3346 -27.4314 1.2128 0.00632211 -34.796 -27.494 1.2175
-34.488 -27.1626 1.20663 0.120716 -34.796 -27.494 1.2175
-34.7742 -27.2807 1.21122 0.286094 -34.796 -27.494 1.2175
-34.6924 -27.2914 1.21099 0.500661 -34.796 -27.494 1.2175
-34.6395 -27.2447 1.20839 0.399746 -34.796 -27.494 1.2175
-34.6395 -27.2447 1.20839 0.399746 -34.796 -27.494 1.2175
-34.6154 -27.2866 1.20801 0.309445 -34.796 -27.494 1.2175
-34.5597 -27.3133 1.21205 0.43741 -34.796 -27.494 1.2175
-34.5597 -27.3133 1.21205 0.43741 -34.796 -27.494 1.2175
-34.6924 -27.2914 1.21099 0.500661 -34.796 -27.494 1.2175
-34.6924 -27.2914 1.21099 0.500661 -34.796 -27.494 1.2175
-34.488 -27.1626 1.20663 0.120716 -34.796 -27.494 1.2175
-34.7457 -27.4033 1.20905 0.0897656 -34.796 -27.494 1.2175
-34.5597 -27.3133 1.21205 0.43741 -34.796 -27.494 1.2175
-34.6924 -27.2914 1.21099 0.500661 -34.796 -27.494 1.2175
-34.5597 -27.3133 1.21205 0.43741 -34.796 -27.494 1.2175
-34.5597 -27.3133 1.21205 0.43741 -34.796 -27.494 1.2175
-34.6987 -27.1053 1.20864 0.202767 -34.796 -27.494 1.2175
-34.7742 -27.2807 1.21122 0.286094 -34.796 -27.494 1.2175
-34.6154 -27.2866 1.20801 0.309445 -34.796 -27.494 1.2175
-34.5597 -27.3133 1.21205 0.43741 -34.796 -27.494 1.2175
-34.7742 -27.2807 1.21122 0.286094 -34.796 -27.494 1.2175
-34.7182 -27.3885 1.2131 0.328007 -34.796 -27.494 1.2175
-34.6924 -27.2914 1.21099 0.500661 -34.796 -27.494 1.2175
-34.5597 -27.3133 1.21205 0.43741 -34.796 -27.494 1.2175
-34.818 -27.371 1.2117 0.119802 -34.796 -27.494 1.2175
-34.7182 -27.3885 1.2131 0.328007 -34.796 -27.494 1.2175
-34.6215 -27.3247 1.21782 0.19622 -34.796 -27.494 1.2175
-34.6215 -27.3247 1.21782 0.19622 -34.796 -27.494 1.2175
-34.5597 -27.3133 1.21205 0.43741 -34.796 -27.494 1.2175
-34.4988 -27.1645 1.20996 0.199888 -34.796 -27.494 1.2175
-34.8601 -27.2986 1.20886 0.048284 -34.796 -27.494 1.2175
-34.7007 -27.1422 1.21622 0.0731554 -34.796 -27.494 1.2175
-34.5597 -27.3133 1.21205 0.43741 -34.796 -27.494 1.2175
-34.7038 -27.4504 1.22123 0.0442333 -34.796 -27.494 1.2175
-34.5597 -27.3133 1.21205 0.43741 -34.796 -27.494 1.2175
-34.6395 -27.2447 1.20839 0.399746 -34.796 -27.494 1.2175
-34.7182 -27.3885 1.2131 0.328007 -34.796 -27.494 1.2175
-34.6753 -27.6546 1.21963 0.00691378 -34.796 -27.494 1.2175
-34.7742 -27.2807 1.21122 0.286094 -34.796 -27.494 1.2175
-34.6395 -27.2447 1.20839 0.399746 -34.796 -27.494 1.2175
-34.8371 -27.4605 1.21142 0.030565 -34.796 -27.494 1.2175
-34.6987 -27.1053 1.20864 0.202767 -34.796 -27.494 1.2175
-34.3597 -27.3878 1.21553 0.012548 -34.796 -27.494 1.2175
-34.6101 -27.3789 1.20669 0.0721912 -34.796 -27.494 1.2175
-34.6924 -27.2914 1.21099 0.500661 -34.796 -27.494 1.2175
-34.3597 -27.3878 1.21553 0.012548 -34.796 -27.494 1.2175
-34.7697 -27.2939 1.20896 0.185901 -34.796 -27.494 1.2175
-34.7697 -27.2939 1.20896 0.185901 -34.796 -27.494 1.2175
-34.6395 -27.2447 1.20839 0.399746 -34.796 -27.494 1.2175
-34.6924 -27.2914 1.21099 0.500661 -34.796 -27.494 1.2175
-34.488 -27.1626 1.20663 0.120716 -34.796 -27.494 1.2175
-34.7742 -27.2807 1.21122 0.286094 -34.796 -27.494 1.2175
-34.6154 -27.2866 1.20801 0.309445 -34.796 -27.494 1.2175
-34.5597 -27.3133 1.21205 0.43741 -34.796 -27.494 1.2175
-34.7697 -27.2939 1.20896 0.185901 -34.796 -27.494 1.2175
-34.6154 -27.2866 1.20801 0.309445 -34.796 -27.494 1.2175
-34.6154 -27.2866 1.20801 0.309445 -34.796 -27.494 1.2175
-34.6154 -27.2866 1.20801 0.309445 -34.796 -27.494 1.2175
-34.5597 -27.3133 1.21205 0.43741 -34.796 -27.494 1.2175
-34.6154 -27.2866 1.20801 0.309445 -34.796 -27.494 1.2175
-34.7697 -27.2939 1.20896 0.185901 -34.796 -27.494 1.2175
-34.618 -26.921 1.20844 0.0117557 -34.796 -27.494 1.2175
-34.818 -27.371 1.2117 0.119802 -34.796 -27.494 1.2175
-34.6987 -27.1053 1.20864 0.202767 -34.796 -27.494 1.2175
-34.8649 -27.1644 1.20606 0.0206447 -34.796 -27.494 1.2175
-34.6101 -27.3789 1.20669 0.0721912 -34.796 -27.494 1.2175
-34.6987 -27.1053 1.20864 0.202767 -34.796 -27.494 1.2175
-34.5597 -27.3133 1.21205 0.43741 -34.796 -27.494 1.2175
-34.6395 -27.2447 1.20839 0.399746 -34.796 -27.494 1.2175
-34.488 -27.1626 1.20663 0.120716 -34.796 -27.494 1.2175
-34.7393 -27.3417 1.22146 0.029093 -34.796 -27.494 1.2175
-34.4988 -27.1645 1.20996 0.199888 -34.796 -27.494 1.2175
-34.6395 -27.2447 1.20839 0.399746 -34.796 -27.494 1.2175
-34.4988 -27.1645 1.20996 0.199888 -34.796 -27.494 1.2175
-34.5597 -27.3133 1.21205 0.43741 -34.796 -27.494 1.2175
-34.6924 -27.2914 1.21099 0.500661 -34.796 -27.494 1.2175
-34.7182 -27.3885 1.2131 0.328007 -34.796 -27.494 1.2175
-34.6215 -27.3247 1.21782 0.19622 -34.796 -27.494 1.2175
-34.7697 -27.2939 1.20896 0.185901 -34.796 -27.494 1.2175
-34.6987 -27.1053 1.20864 0.202767 -34.796 -27.494 1.2175
-34.6395 -27.2447 1.20839 0.399746 -34.796 -27.494 1.2175
-34.7182 -27.3885 1.2131 0.328007 -34.796 -27.494 1.2175
-34.5597 -27.3133 1.21205 0.43741 -34.796 -27.494 1.2175
-34.488 -27.1626 1.20663 0.120716 -34.796 -27.494 1.2175
-34.6987 -27.1053 1.20864 0.202767 -34.796 -27.494 1.2175
-34.7182 -27.3885 1.2131 0.328007 -34.796 -27.494 1.2175
-34.6215 -27.3247 1.21782 0.19622 -34.796 -27.494 1.2175
-34.6924 -27.2914 1.21099 0.500661 -34.796 -27.494 1.2175
-34.6154 -27.2866 1.20801 0.309445 -34.796 -27.494 1.2175
-34.7697 -27.2939 1.20896 0.185901 -34.796 -27.494 1.2175
-34.7742 -27.2807 1.21122 0.286094 -34.796 -27.494 1.2175
-34.7182 -27.3885 1.2131 0.328007 -34.796 -27.494 1.2175
-34.6395 -27.2447 1.20839 0.399746 -34.796 -27.494 1.2175
-34.7182 -27.3885 1.2131 0.328007 -34.796 -27.494 1.2175
-34.4933 -27.0955 1.21604 0.0140523 -34.796 -27.494 1.2175
-34.661 -27.439 1.21932 0.109477 -34.796 -27.494 1.2175
-34.7457 -27.4033 1.20905 0.0897656 -34.796 -27.494 1.2175
-34.6987 -27.1053 1.20864 0.202767 -34.796 -27.494 1.2175
-34.7462 -27.464 1.22106 0.038432 -34.796 -27.494 1.2175
-34.4988 -27.1645 1.20996 0.199888 -34.796 -27.494 1.2175
-34.6395 -27.2447 1.20839 0.399746 -34.796 -27.494 1.2175
-34.8088 -27.4742 1.21526 0.0707002 -34.796 -27.494 1.2175
-34.6395 -27.2447 1.20839 0.399746 -34.796 -27.494 1.2175
-34.661 -27.439 1.21932 0.109477 -34.796 -27.494 1.2175
-34.7742 -27.2807 1.21122 0.286094 -34.796 -27.494 1.2175
-34.6215 -27.3247 1.21782 0.19622 -34.796 -27.494 1.2175
-34.7462 -27.464 1.22106 0.038432 -34.796 -27.494 1.2175
-34.6924 -27.2914 1.21099 0.500661 -34.796 -27.494 1.2175
-34.5597 -27.3133 1.21205 0.43741 -34.796 -27.494 1.2175
-34.6987 -27.1053 1.20864 0.202767 -34.796 -27.494 1.2175
-34.5597 -27.3133 1.21205 0.43741 -34.796 -27.494 1.2175
-34.6395 -27.2447 1.20839 0.399746 -34.796 -27.494 1.2175
-34.818 -27.371 1.2117 0.119802 -34.796 -27.494 1.2175
-34.6987 -27.1053 1.20864 0.202767 -34.796 -27.494 1.2175
-34.6987 -27.1053 1.20864 0.202767 -34.796 -27.494 1.2175
-34.8371 -27.4605 1.21142 0.030565 -34.796 -27.494 1.2175
-34.8371 -27.4605 1.21142 0.030565 -34.796 -27.494 1.2175
-34.4933 -27.0955 1.21604 0.0140523 -34.796 -27.494 1.2175
-34.7742 -27.2807 1.21122 0.286094 -34.796 -27.494 1.2175
-34.6215 -27.3247 1.21782 0.19622 -34.796 -27.494 1.2175
-34.4988 -27.1645 1.20996 0.199888 -34.796 -27.494 1.2175
-34.4988 -27.1645 1.20996 0.199888 -34.796 -27.494 1.2175
-34.4988 -27.1645 1.20996 0.199888 -34.796 -27.494 1.2175
-34.7182 -27.3885 1.2131 0.328007 -34.796 -27.494 1.2175
-34.8445 -27.3871 1.22134 0.0140926 -34.796 -27.494 1.2175
-34.6987 -27.1053 1.20864 0.202767 -34.796 -27.494 1.2175
-34.6924 -27.2914 1.21099 0.500661 -34.796 -27.494 1.2175
-34.4273 -27.1189 1.21316 0.0276914 -34.796 -27.494 1.2175
-34.6601 -27.6066 1.20923 0.00216768 -34.796 -27.494 1.2175
-34.7742 -27.2807 1.21122 0.286094 -34.796 -27.494 1.2175
-34.7457 -27.4033 1.20905 0.0897656 -34.796 -27.494 1.2175
-34.9208 -27.4228 1.21253 0.014077 -34.796 -27.494 1.2175
-34.6395 -27.2447 1.20839 0.399746 -34.796 -27.494 1.2175
-34.7742 -27.2807 1.21122 0.286094 -34.796 -27.494 1.2175
-34.6215 -27.3247 1.21782 0.19622 -34.796 -27.494 1.2175
-34.7182 -27.3885 1.2131 0.328007 -34.796 -27.494 1.2175
-34.7697 -27.2939 1.20896 0.185901 -34.796 -27.494 1.2175
-34.6924 -27.2914 1.21099 0.500661 -34.796 -27.494 1.2175
-34.8088 -27.4742 1.21526 0.0707002 -34.796 -27.494 1.2175
-34.6924 -27.2914 1.21099 0.500661 -34.796 -27.494 1.2175
