158.293 -13.3408 3.30561 0.0524566 158.54 -13.393 3.3042
158.577 -13.5159 3.31007 0.0437627 158.54 -13.393 3.3042
158.421 -13.2766 3.30623 0.158524 158.54 -13.393 3.3042
158.472 -13.1569 3.30272 0.0668197 158.54 -13.393 3.3042
158.472 -13.1569 3.30272 0.0668197 158.54 -13.393 3.3042
158.461 -13.3551 3.30246 0.0558964 158.54 -13.393 3.3042
158.657 -13.4285 3.31499 0.0560406 158.54 -13.393 3.3042
158.574 -13.3344 3.31553 0.0399141 158.54 -13.393 3.3042
158.427 -13.3879 3.30127 0.0283167 158.54 -13.393 3.3042
158.693 -13.4142 3.30953 0.0628926 158.54 -13.393 3.3042
158.461 -13.3551 3.30246 0.0558964 158.54 -13.393 3.3042
158.453 -13.136 3.31391 0.00660203 158.54 -13.393 3.3042
158.657 -13.4285 3.31499 0.0560406 158.54 -13.393 3.3042
158.224 -13.2431 3.30131 0.0311334 158.54 -13.393 3.3042
158.556 -13.17 3.30647 0.102359 158.54 -13.393 3.3042
158.696 -13.3108 3.30835 0.0710868 158.54 -13.393 3.3042
158.438 -13.4631 3.3036 0.0286467 158.54 -13.393 3.3042
158.225 -13.3732 3.3052 0.0181609 158.54 -13.393 3.3042
158.438 -13.4631 3.3036 0.0286467 158.54 -13.393 3.3042
158.556 -13.17 3.30647 0.102359 158.54 -13.393 3.3042
158.292 -13.1569 3.30013 0.0353442 158.54 -13.393 3.3042
158.472 -13.1569 3.30272 0.0668197 158.54 -13.393 3.3042
158.421 -13.2766 3.30623 0.158524 158.54 -13.393 3.3042
158.519 -13.191 3.30562 0.122927 158.54 -13.393 3.3042
158.548 -13.3623 3.30403 0.0604602 158.54 -13.393 3.3042
158.386 -13.289 3.29995 0.0360327 158.54 -13.393 3.3042
158.614 -13.4939 3.30448 0.00918457 158.54 -13.393 3.3042
158.438 -13.4631 3.3036 0.0286467 158.54 -13.393 3.3042
158.693 -13.4142 3.30953 0.0628926 158.54 -13.393 3.3042
158.449 -13.3954 3.30763 0.117625 158.54 -13.393 3.3042
158.293 -13.3408 3.30561 0.0524566 158.54 -13.393 3.3042
158.293 -13.3408 3.30561 0.0524566 158.54 -13.393 3.3042
158.563 -13.2379 3.30338 0.0588852 158.54 -13.393 3.3042
158.461 -13.3551 3.30246 0.0558964 158.54 -13.393 3.3042
158.519 -13.191 3.30562 0.122927 158.54 -13.393 3.3042
158.085 -13.2625 3.30034 0.00401697 158.54 -13.393 3.3042
158.693 -13.4142 3.30953 0.0628926 158.54 -13.393 3.3042
158.577 -13.5159 3.31007 0.0437627 158.54 -13.393 3.3042
158.78 -13.5612 3.31294 0.00903153 158.54 -13.393 3.3042
158.438 -13.4631 3.3036 0.0286467 158.54 -13.393 3.3042
158.548 -13.3623 3.30403 0.0604602 158.54 -13.393 3.3042
158.449 -13.3954 3.30763 0.117625 158.54 -13.393 3.3042
158.46 -13.4239 3.30458 0.0614193 158.54 -13.393 3.3042
158.449 -13.3954 3.30763 0.117625 158.54 -13.393 3.3042
158.563 -13.2379 3.30338 0.0588852 158.54 -13.393 3.3042
158.523 -13.4287 3.30334 0.0288072 158.54 -13.393 3.3042
158.449 -13.3954 3.30763 0.117625 158.54 -13.393 3.3042
158.343 -13.4467 3.31219 0.00878809 158.54 -13.393 3.3042
158.516 -13.4333 3.31638 0.0130545 158.54 -13.393 3.3042
158.46 -13.4239 3.30458 0.0614193 158.54 -13.393 3.3042
158.614 -13.4939 3.30448 0.00918457 158.54 -13.393 3.3042
158.472 -13.1569 3.30272 0.0668197 158.54 -13.393 3.3042
158.563 -13.2379 3.30338 0.0588852 158.54 -13.393 3.3042
158.519 -13.191 3.30562 0.122927 158.54 -13.393 3.3042
158.519 -13.191 3.30562 0.122927 158.54 -13.393 3.3042
158.421 -13.2766 3.30623 0.158524 158.54 -13.393 3.3042
158.421 -13.2766 3.30623 0.158524 158.54 -13.393 3.3042
158.693 -13.4142 3.30953 0.0628926 158.54 -13.393 3.3042
158.696 -13.3108 3.30835 0.0710868 158.54 -13.393 3.3042
158.421 -13.2766 3.30623 0.158524 158.54 -13.393 3.3042
158.519 -13.191 3.30562 0.122927 158.54 -13.393 3.3042
158.343 -13.4467 3.31219 0.00878809 158.54 -13.393 3.3042
158.293 -13.3408 3.30561 0.0524566 158.54 -13.393 3.3042
158.41 -13.1622 3.29747 0.00969541 158.54 -13.393 3.3042
158.46 -13.4239 3.30458 0.0614193 158.54 -13.393 3.3042
158.149 -13.2022 3.29713 0.00668441 158.54 -13.393 3.3042
158.85 -13.4166 3.31968 0.00736471 158.54 -13.393 3.3042
158.225 -13.3732 3.3052 0.0181609 158.54 -13.393 3.3042
158.472 -13.1569 3.30272 0.0668197 158.54 -13.393 3.3042
158.421 -13.2766 3.30623 0.158524 158.54 -13.393 3.3042
158.427 -13.3879 3.30127 0.0283167 158.54 -13.393 3.3042
158.563 -13.2379 3.30338 0.0588852 158.54 -13.393 3.3042
158.472 -13.1569 3.30272 0.0668197 158.54 -13.393 3.3042
158.696 -13.3108 3.30835 0.0710868 158.54 -13.393 3.3042
158.427 -13.3879 3.30127 0.0283167 158.54 -13.393 3.3042
158.548 -13.3623 3.30403 0.0604602 158.54 -13.393 3.3042
158.519 -13.191 3.30562 0.122927 158.54 -13.393 3.3042
158.449 -13.3954 3.30763 0.117625 158.54 -13.393 3.3042
158.696 -13.3108 3.30835 0.0710868 158.54 -13.393 3.3042
158.563 -13.2379 3.30338 0.0588852 158.54 -13.393 3.3042
158.461 -13.3551 3.30246 0.0558964 158.54 -13.393 3.3042
158.548 -13.3623 3.30403 0.0604602 158.54 -13.393 3.3042
158.523 -13.4287 3.30334 0.0288072 158.54 -13.393 3.3042
158.405 -13.1089 3.31103 0.0130886 158.54 -13.393 3.3042
158.693 -13.4142 3.30953 0.0628926 158.54 -13.393 3.3042
158.657 -13.4285 3.31499 0.0560406 158.54 -13.393 3.3042
158.421 -13.2766 3.30623 0.158524 158.54 -13.393 3.3042
158.421 -13.2766 3.30623 0.158524 158.54 -13.393 3.3042
158.563 -13.2379 3.30338 0.0588852 158.54 -13.393 3.3042
158.693 -13.4142 3.30953 0.0628926 158.54 -13.393 3.3042
158.548 -13.3623 3.30403 0.0604602 158.54 -13.393 3.3042
158.657 -13.4285 3.31499 0.0560406 158.54 -13.393 3.3042
158.46 -13.4239 3.30458 0.0614193 158.54 -13.393 3.3042
158.427 -13.3879 3.30127 0.0283167 158.54 -13.393 3.3042
158.556 -13.17 3.30647 0.102359 158.54 -13.393 3.3042
158.693 -13.4142 3.30953 0.0628926 158.54 -13.393 3.3042
158.46 -13.4239 3.30458 0.0614193 158.54 -13.393 3.3042
158.548 -13.3623 3.30403 0.0604602 158.54 -13.393 3.3042
158.46 -13.4239 3.30458 0.0614193 158.54 -13.393 3.3042
158.632 -13.4108 3.30508 0.0281005 158.54 -13.393 3.3042
158.225 -13.3732 3.3052 0.0181609 158.54 -13.393 3.3042
158.519 -13.191 3.30562 0.122927 158.54 -13.393 3.3042
158.293 -13.3408 3.30561 0.0524566 158.54 -13.393 3.3042
158.632 -13.4108 3.30508 0.0281005 158.54 -13.393 3.3042
158.472 -13.1569 3.30272 0.0668197 158.54 -13.393 3.3042
158.225 -13.3732 3.3052 0.0181609 158.54 -13.393 3.3042
158.696 -13.3108 3.30835 0.0710868 158.54 -13.393 3.3042
158.449 -13.3954 3.30763 0.117625 158.54 -13.393 3.3042
158.696 -13.3108 3.30835 0.0710868 158.54 -13.393 3.3042
158.421 -13.2766 3.30623 0.158524 158.54 -13.393 3.3042
158.46 -13.4239 3.30458 0.0614193 158.54 -13.393 3.3042
158.584 -13.2845 3.31517 0.0427572 158.54 -13.393 3.3042
158.438 -13.4631 3.3036 0.0286467 158.54 -13.393 3.3042
158.421 -13.2766 3.30623 0.158524 158.54 -13.393 3.3042
158.386 -13.289 3.29995 0.0360327 158.54 -13.393 3.3042
158.696 -13.3108 3.30835 0.0710868 158.54 -13.393 3.3042
158.657 -13.4285 3.31499 0.0560406 158.54 -13.393 3.3042
158.523 -13.4287 3.30334 0.0288072 158.54 -13.393 3.3042
158.696 -13.3108 3.30835 0.0710868 158.54 -13.393 3.3042
158.519 -13.191 3.30562 0.122927 158.54 -13.393 3.3042
158.293 -13.3408 3.30561 0.0524566 158.54 -13.393 3.3042
158.449 -13.3954 3.30763 0.117625 158.54 -13.393 3.3042
158.523 -13.4287 3.30334 0.0288072 158.54 -13.393 3.3042
158.213 -13.3545 3.31074 0.00204768 158.54 -13.393 3.3042
158.693 -13.4142 3.30953 0.0628926 158.54 -13.393 3.3042
158.46 -13.4239 3.30458 0.0614193 158.54 -13.393 3.3042
158.421 -13.2766 3.30623 0.158524 158.54 -13.393 3.3042
158.556 -13.17 3.30647 0.102359 158.54 -13.393 3.3042
158.386 -13.289 3.29995 0.0360327 158.54 -13.393 3.3042
158.46 -13.4239 3.30458 0.0614193 158.54 -13.393 3.3042
158.577 -13.5159 3.31007 0.0437627 158.54 -13.393 3.3042
158.563 -13.2379 3.30338 0.0588852 158.54 -13.393 3.3042
158.224 -13.2431 3.30131 0.0311334 158.54 -13.393 3.3042
158.632 -13.4108 3.30508 0.0281005 158.54 -13.393 3.3042
158.46 -13.4239 3.30458 0.0614193 158.54 -13.393 3.3042
158.46 -13.4239 3.30458 0.0614193 158.54 -13.393 3.3042
158.449 -13.3954 3.30763 0.117625 158.54 -13.393 3.3042
158.292 -13.1569 3.30013 0.0353442 158.54 -13.393 3.3042
158.293 -13.3408 3.30561 0.0524566 158.54 -13.393 3.3042
158.386 -13.289 3.29995 0.0360327 158.54 -13.393 3.3042
158.421 -13.2766 3.30623 0.158524 158.54 -13.393 3.3042
158.556 -13.17 3.30647 0.102359 158.54 -13.393 3.3042
158.293 -13.3408 3.30561 0.0524566 158.54 -13.393 3.3042
158.449 -13.3954 3.30763 0.117625 158.54 -13.393 3.3042
158.78 -13.5612 3.31294 0.00903153 158.54 -13.393 3.3042
158.386 -13.289 3.29995 0.0360327 158.54 -13.393 3.3042
158.693 -13.4142 3.30953 0.0628926 158.54 -13.393 3.3042
158.533 -13.6325 3.30948 0.00532868 158.54 -13.393 3.3042
158.293 -13.3408 3.30561 0.0524566 158.54 -13.393 3.3042
158.519 -13.191 3.30562 0.122927 158.54 -13.393 3.3042
158.46 -13.4239 3.30458 0.0614193 158.54 -13.393 3.3042
158.548 -13.3623 3.30403 0.0604602 158.54 -13.393 3.3042
158.421 -13.2766 3.30623 0.158524 158.54 -13.393 3.3042
158.421 -13.2766 3.30623 0.158524 158.54 -13.393 3.3042
158.548 -13.3623 3.30403 0.0604602 158.54 -13.393 3.3042
158.46 -13.4239 3.30458 0.0614193 158.54 -13.393 3.3042
158.556 -13.17 3.30647 0.102359 158.54 -13.393 3.3042
158.438 -13.4631 3.3036 0.0286467 158.54 -13.393 3.3042
158.213 -13.3545 3.31074 0.00204768 158.54 -13.393 3.3042
158.386 -13.289 3.29995 0.0360327 158.54 -13.393 3.3042
158.421 -13.2766 3.30623 0.158524 158.54 -13.393 3.3042
158.693 -13.4142 3.30953 0.0628926 158.54 -13.393 3.3042
158.461 -13.3551 3.30246 0.0558964 158.54 -13.393 3.3042
158.519 -13.191 3.30562 0.122927 158.54 -13.393 3.3042
158.386 -13.289 3.29995 0.0360327 158.54 -13.393 3.3042
158.449 -13.3954 3.30763 0.117625 158.54 -13.393 3.3042
158.519 -13.191 3.30562 0.122927 158.54 -13.393 3.3042
158.479 -13.2222 3.29373 0.000186333 158.54 -13.393 3.3042
158.632 -13.4108 3.30508 0.0281005 158.54 -13.393 3.3042
158.556 -13.17 3.30647 0.102359 158.54 -13.393 3.3042
158.472 -13.1569 3.30272 0.0668197 158.54 -13.393 3.3042
158.293 -13.3408 3.30561 0.0524566 158.54 -13.393 3.3042
158.438 -13.4631 3.3036 0.0286467 158.54 -13.393 3.3042
158.472 -13.1569 3.30272 0.0668197 158.54 -13.393 3.3042
158.693 -13.4142 3.30953 0.0628926 158.54 -13.393 3.3042
158.548 -13.3623 3.30403 0.0604602 158.54 -13.393 3.3042
158.421 -13.2766 3.30623 0.158524 158.54 -13.393 3.3042
158.347 -13.417 3.31318 0.00686631 158.54 -13.393 3.3042
158.225 -13.3732 3.3052 0.0181609 158.54 -13.393 3.3042
158.657 -13.4285 3.31499 0.0560406 158.54 -13.393 3.3042
158.563 -13.2379 3.30338 0.0588852 158.54 -13.393 3.3042
158.293 -13.3408 3.30561 0.0524566 158.54 -13.393 3.3042
158.41 -13.1622 3.29747 0.00969541 158.54 -13.393 3.3042
158.556 -13.17 3.30647 0.102359 158.54 -13.393 3.3042
158.292 -13.1569 3.30013 0.0353442 158.54 -13.393 3.3042
158.472 -13.1569 3.30272 0.0668197 158.54 -13.393 3.3042
158.41 -13.1622 3.29747 0.00969541 158.54 -13.393 3.3042
158.386 -13.289 3.29995 0.0360327 158.54 -13.393 3.3042
158.574 -13.3344 3.31553 0.0399141 158.54 -13.393 3.3042
158.556 -13.17 3.30647 0.102359 158.54 -13.393 3.3042
158.472 -13.1569 3.30272 0.0668197 158.54 -13.393 3.3042
158.472 -13.1569 3.30272 0.0668197 158.54 -13.393 3.3042
158.519 -13.191 3.30562 0.122927 158.54 -13.393 3.3042
158.461 -13.3551 3.30246 0.0558964 158.54 -13.393 3.3042
158.293 -13.3408 3.30561 0.0524566 158.54 -13.393 3.3042
158.421 -13.2766 3.30623 0.158524 158.54 -13.393 3.3042
158.519 -13.191 3.30562 0.122927 158.54 -13.393 3.3042
158.548 -13.3623 3.30403 0.0604602 158.54 -13.393 3.3042
158.632 -13.4108 3.30508 0.0281005 158.54 -13.393 3.3042
158.556 -13.17 3.30647 0.102359 158.54 -13.393 3.3042
