177.476 -10.9523 3.21429 0.0121051 177.83 -11 3.2141
177.627 -10.9435 3.21274 0.0470575 177.83 -11 3.2141
177.627 -10.9435 3.21274 0.0470575 177.83 -11 3.2141
177.627 -10.9435 3.21274 0.0470575 177.83 -11 3.2141
177.813 -10.9736 3.21799 0.0102247 177.83 -11 3.2141
177.627 -10.9435 3.21274 0.0470575 177.83 -11 3.2141
177.627 -10.9435 3.21274 0.0470575 177.83 -11 3.2141
177.576 -11.0165 3.20982 0.0250938 177.83 -11 3.2141
177.627 -10.9435 3.21274 0.0470575 177.83 -11 3.2141
177.872 -10.9112 3.21612 0.00575434 177.83 -11 3.2141
177.775 -10.9757 3.21881 0.00974634 177.83 -11 3.2141
177.627 -10.9435 3.21274 0.0470575 177.83 -11 3.2141
177.657 -11.1008 3.21342 0.0153733 177.83 -11 3.2141
177.627 -10.9435 3.21274 0.0470575 177.83 -11 3.2141
177.627 -10.9435 3.21274 0.0470575 177.83 -11 3.2141
177.882 -10.945 3.21214 0.00148118 177.83 -11 3.2141
177.627 -10.9435 3.21274 0.0470575 177.83 -11 3.2141
177.627 -10.9435 3.21274 0.0470575 177.83 -11 3.2141
177.641 -11.0028 3.21848 0.00804136 177.83 -11 3.2141
177.627 -10.9435 3.21274 0.0470575 177.83 -11 3.2141
177.476 -10.9523 3.21429 0.0121051 177.83 -11 3.2141
177.576 -11.0165 3.20982 0.0250938 177.83 -11 3.2141
177.641 -11.0028 3.21848 0.00804136 177.83 -11 3.2141
177.576 -11.0165 3.20982 0.0250938 177.83 -11 3.2141
177.701 -11.0116 3.22071 0.00249225 177.83 -11 3.2141
177.445 -10.7148 3.20675 0.00087359 177.83 -11 3.2141
177.627 -10.9435 3.21274 0.0470575 177.83 -11 3.2141
177.701 -11.0116 3.22071 0.00249225 177.83 -11 3.2141
177.627 -10.9435 3.21274 0.0470575 177.83 -11 3.2141
177.576 -11.0165 3.20982 0.0250938 177.83 -11 3.2141
177.657 -11.1008 3.21342 0.0153733 177.83 -11 3.2141
177.775 -10.9757 3.21881 0.00974634 177.83 -11 3.2141
177.813 -10.9736 3.21799 0.0102247 177.83 -11 3.2141
177.657 -11.1008 3.21342 0.0153733 177.83 -11 3.2141
177.813 -10.9736 3.21799 0.0102247 177.83 -11 3.2141
177.757 -10.9502 3.21922 0.00878886 177.83 -11 3.2141
177.641 -11.0028 3.21848 0.00804136 177.83 -11 3.2141
177.657 -11.1008 3.21342 0.0153733 177.83 -11 3.2141
177.828 -10.9331 3.21492 0.0109474 177.83 -11 3.2141
177.627 -10.9435 3.21274 0.0470575 177.83 -11 3.2141
177.813 -10.9736 3.21799 0.0102247 177.83 -11 3.2141
177.627 -10.9435 3.21274 0.0470575 177.83 -11 3.2141
177.627 -10.9435 3.21274 0.0470575 177.83 -11 3.2141
177.657 -11.1008 3.21342 0.0153733 177.83 -11 3.2141
177.627 -10.9435 3.21274 0.0470575 177.83 -11 3.2141
177.782 -10.8683 3.21003 0.00311696 177.83 -11 3.2141
177.694 -11.0986 3.21246 0.0120392 177.83 -11 3.2141
177.627 -10.9435 3.21274 0.0470575 177.83 -11 3.2141
177.694 -11.0986 3.21246 0.0120392 177.83 -11 3.2141
177.627 -10.9435 3.21274 0.0470575 177.83 -11 3.2141
177.861 -10.7185 3.21889 0.000512755 177.83 -11 3.2141
177.576 -11.0165 3.20982 0.0250938 177.83 -11 3.2141
177.627 -10.9435 3.21274 0.0470575 177.83 -11 3.2141
177.657 -11.1008 3.21342 0.0153733 177.83 -11 3.2141
177.411 -11.067 3.21001 0.0061756 177.83 -11 3.2141
177.411 -11.067 3.21001 0.0061756 177.83 -11 3.2141
177.476 -10.9523 3.21429 0.0121051 177.83 -11 3.2141
177.694 -11.0986 3.21246 0.0120392 177.83 -11 3.2141
177.775 -10.9757 3.21881 0.00974634 177.83 -11 3.2141
177.64 -10.7959 3.20856 0.00512327 177.83 -11 3.2141
177.775 -10.9757 3.21881 0.00974634 177.83 -11 3.2141
177.627 -10.9435 3.21274 0.0470575 177.83 -11 3.2141
177.476 -10.9523 3.21429 0.0121051 177.83 -11 3.2141
177.757 -10.9502 3.21922 0.00878886 177.83 -11 3.2141
177.694 -11.0986 3.21246 0.0120392 177.83 -11 3.2141
177.775 -10.9757 3.21881 0.00974634 177.83 -11 3.2141
177.576 -11.0165 3.20982 0.0250938 177.83 -11 3.2141
177.657 -11.1008 3.21342 0.0153733 177.83 -11 3.2141
177.694 -11.0986 3.21246 0.0120392 177.83 -11 3.2141
177.627 -10.9435 3.21274 0.0470575 177.83 -11 3.2141
177.828 -10.9331 3.21492 0.0109474 177.83 -11 3.2141
177.476 -10.9523 3.21429 0.0121051 177.83 -11 3.2141
177.872 -10.9112 3.21612 0.00575434 177.83 -11 3.2141
177.813 -10.9736 3.21799 0.0102247 177.83 -11 3.2141
177.576 -11.0165 3.20982 0.0250938 177.83 -11 3.2141
177.627 -10.9435 3.21274 0.0470575 177.83 -11 3.2141
177.872 -10.9112 3.21612 0.00575434 177.83 -11 3.2141
177.476 -10.9523 3.21429 0.0121051 177.83 -11 3.2141
177.627 -10.9435 3.21274 0.0470575 177.83 -11 3.2141
177.872 -10.9112 3.21612 0.00575434 177.83 -11 3.2141
177.775 -10.9757 3.21881 0.00974634 177.83 -11 3.2141
177.694 -11.0986 3.21246 0.0120392 177.83 -11 3.2141
177.861 -10.7185 3.21889 0.000512755 177.83 -11 3.2141
177.69 -11.0657 3.20735 0.00164693 177.83 -11 3.2141
177.627 -10.9435 3.21274 0.0470575 177.83 -11 3.2141
177.782 -11.1265 3.21113 0.00170572 177.83 -11 3.2141
177.627 -10.9435 3.21274 0.0470575 177.83 -11 3.2141
177.576 -11.0165 3.20982 0.0250938 177.83 -11 3.2141
177.828 -10.9331 3.21492 0.0109474 177.83 -11 3.2141
177.775 -10.9757 3.21881 0.00974634 177.83 -11 3.2141
177.627 -10.9435 3.21274 0.0470575 177.83 -11 3.2141
177.627 -10.9435 3.21274 0.0470575 177.83 -11 3.2141
177.627 -10.9435 3.21274 0.0470575 177.83 -11 3.2141
177.828 -10.9331 3.21492 0.0109474 177.83 -11 3.2141
177.576 -11.0165 3.20982 0.0250938 177.83 -11 3.2141
177.576 -11.0165 3.20982 0.0250938 177.83 -11 3.2141
177.576 -11.0165 3.20982 0.0250938 177.83 -11 3.2141
177.576 -11.0165 3.20982 0.0250938 177.83 -11 3.2141
177.411 -11.067 3.21001 0.0061756 177.83 -11 3.2141
177.627 -10.9435 3.21274 0.0470575 177.83 -11 3.2141
177.627 -10.9435 3.21274 0.0470575 177.83 -11 3.2141
177.576 -11.0165 3.20982 0.0250938 177.83 -11 3.2141
177.5 -10.74 3.20595 0.00104292 177.83 -11 3.2141
177.775 -10.9757 3.21881 0.00974634 177.83 -11 3.2141
177.775 -10.9757 3.21881 0.00974634 177.83 -11 3.2141
177.476 -10.9523 3.21429 0.0121051 177.83 -11 3.2141
177.813 -10.9736 3.21799 0.0102247 177.83 -11 3.2141
177.627 -10.9435 3.21274 0.0470575 177.83 -11 3.2141
177.694 -11.0986 3.21246 0.0120392 177.83 -11 3.2141
177.641 -11.0028 3.21848 0.00804136 177.83 -11 3.2141
177.828 -10.9331 3.21492 0.0109474 177.83 -11 3.2141
177.627 -10.9435 3.21274 0.0470575 177.83 -11 3.2141
177.627 -10.9435 3.21274 0.0470575 177.83 -11 3.2141
177.627 -10.9435 3.21274 0.0470575 177.83 -11 3.2141
177.872 -10.9112 3.21612 0.00575434 177.83 -11 3.2141
177.627 -10.9435 3.21274 0.0470575 177.83 -11 3.2141
177.627 -10.9435 3.21274 0.0470575 177.83 -11 3.2141
177.476 -10.9523 3.21429 0.0121051 177.83 -11 3.2141
177.813 -10.9736 3.21799 0.0102247 177.83 -11 3.2141
177.657 -11.1008 3.21342 0.0153733 177.83 -11 3.2141
177.775 -10.9757 3.21881 0.00974634 177.83 -11 3.2141
177.657 -11.1008 3.21342 0.0153733 177.83 -11 3.2141
177.872 -10.9112 3.21612 0.00575434 177.83 -11 3.2141
177.576 -11.0165 3.20982 0.0250938 177.83 -11 3.2141
177.657 -11.1008 3.21342 0.0153733 177.83 -11 3.2141
177.828 -10.9331 3.21492 0.0109474 177.83 -11 3.2141
177.694 -11.0986 3.21246 0.0120392 177.83 -11 3.2141
177.775 -10.9757 3.21881 0.00974634 177.83 -11 3.2141
177.828 -10.9331 3.21492 0.0109474 177.83 -11 3.2141
177.445 -10.7148 3.20675 0.00087359 177.83 -11 3.2141
177.5 -10.74 3.20595 0.00104292 177.83 -11 3.2141
177.902 -10.9681 3.2171 0.00357056 177.83 -11 3.2141
177.627 -10.9435 3.21274 0.0470575 177.83 -11 3.2141
177.765 -10.8356 3.20689 0.000305251 177.83 -11 3.2141
177.828 -10.9331 3.21492 0.0109474 177.83 -11 3.2141
177.757 -10.9502 3.21922 0.00878886 177.83 -11 3.2141
177.828 -10.9331 3.21492 0.0109474 177.83 -11 3.2141
177.775 -10.9757 3.21881 0.00974634 177.83 -11 3.2141
177.828 -10.9331 3.21492 0.0109474 177.83 -11 3.2141
177.657 -11.1008 3.21342 0.0153733 177.83 -11 3.2141
177.657 -11.1008 3.21342 0.0153733 177.83 -11 3.2141
177.576 -11.0165 3.20982 0.0250938 177.83 -11 3.2141
177.576 -11.0165 3.20982 0.0250938 177.83 -11 3.2141
177.701 -11.0116 3.22071 0.00249225 177.83 -11 3.2141
177.627 -10.9435 3.21274 0.0470575 177.83 -11 3.2141
177.627 -10.9435 3.21274 0.0470575 177.83 -11 3.2141
177.641 -11.0028 3.21848 0.00804136 177.83 -11 3.2141
177.576 -11.0165 3.20982 0.0250938 177.83 -11 3.2141
177.576 -11.0165 3.20982 0.0250938 177.83 -11 3.2141
177.411 -11.067 3.21001 0.0061756 177.83 -11 3.2141
177.627 -10.9435 3.21274 0.0470575 177.83 -11 3.2141
177.828 -10.9331 3.21492 0.0109474 177.83 -11 3.2141
177.657 -11.1008 3.21342 0.0153733 177.83 -11 3.2141
177.895 -10.8158 3.21328 0.000898395 177.83 -11 3.2141
177.627 -10.9435 3.21274 0.0470575 177.83 -11 3.2141
177.782 -10.8683 3.21003 0.00311696 177.83 -11 3.2141
177.627 -10.9435 3.21274 0.0470575 177.83 -11 3.2141
177.627 -10.9435 3.21274 0.0470575 177.83 -11 3.2141
177.641 -11.0028 3.21848 0.00804136 177.83 -11 3.2141
177.828 -10.9331 3.21492 0.0109474 177.83 -11 3.2141
177.813 -10.9736 3.21799 0.0102247 177.83 -11 3.2141
177.782 -10.8683 3.21003 0.00311696 177.83 -11 3.2141
177.828 -10.9331 3.21492 0.0109474 177.83 -11 3.2141
177.627 -10.9435 3.21274 0.0470575 177.83 -11 3.2141
177.828 -10.9331 3.21492 0.0109474 177.83 -11 3.2141
177.641 -11.0028 3.21848 0.00804136 177.83 -11 3.2141
177.657 -11.1008 3.21342 0.0153733 177.83 -11 3.2141
177.576 -11.0165 3.20982 0.0250938 177.83 -11 3.2141
177.775 -10.9757 3.21881 0.00974634 177.83 -11 3.2141
177.694 -11.0986 3.21246 0.0120392 177.83 -11 3.2141
177.576 -11.0165 3.20982 0.0250938 177.83 -11 3.2141
177.813 -10.9736 3.21799 0.0102247 177.83 -11 3.2141
177.694 -11.0986 3.21246 0.0120392 177.83 -11 3.2141
177.701 -11.0116 3.22071 0.00249225 177.83 -11 3.2141
177.627 -10.9435 3.21274 0.0470575 177.83 -11 3.2141
177.694 -11.0986 3.21246 0.0120392 177.83 -11 3.2141
177.576 -11.0165 3.20982 0.0250938 177.83 -11 3.2141
177.576 -11.0165 3.20982 0.0250938 177.83 -11 3.2141
177.627 -10.9435 3.21274 0.0470575 177.83 -11 3.2141
177.627 -10.9435 3.21274 0.0470575 177.83 -11 3.2141
177.813 -10.9736 3.21799 0.0102247 177.83 -11 3.2141
177.757 -10.9502 3.21922 0.00878886 177.83 -11 3.2141
177.627 -10.9435 3.21274 0.0470575 177.83 -11 3.2141
177.775 -10.9757 3.21881 0.00974634 177.83 -11 3.2141
177.627 -10.9435 3.21274 0.0470575 177.83 -11 3.2141
177.828 -10.9331 3.21492 0.0109474 177.83 -11 3.2141
177.813 -10.9736 3.21799 0.0102247 177.83 -11 3.2141
177.641 -11.0028 3.21848 0.00804136 177.83 -11 3.2141
177.775 -10.9757 3.21881 0.00974634 177.83 -11 3.2141
177.476 -10.9523 3.21429 0.0121051 177.83 -11 3.2141
177.627 -10.9435 3.21274 0.0470575 177.83 -11 3.2141
177.627 -10.9435 3.21274 0.0470575 177.83 -11 3.2141
177.872 -10.9112 3.21612 0.00575434 177.83 -11 3.2141
177.782 -10.8683 3.21003 0.00311696 177.83 -11 3.2141
177.69 -11.0657 3.20735 0.00164693 177.83 -11 3.2141
177.576 -11.0165 3.20982 0.0250938 177.83 -11 3.2141
177.657 -11.1008 3.21342 0.0153733 177.83 -11 3.2141
177.641 -11.0028 3.21848 0.00804136 177.83 -11 3.2141
177.813 -10.9736 3.21799 0.0102247 177.83 -11 3.2141
177.476 -10.9523 3.21429 0.0121051 177.83 -11 3.2141
