54.6369 -55.7303 3.90338 4.87025e-06 54.436 -56.093 3.9091
54.5352 -55.9257 3.91118 0.00454213 54.436 -56.093 3.9091
54.6404 -55.9676 3.91258 0.00776502 54.436 -56.093 3.9091
54.5642 -55.8646 3.91712 0.00147375 54.436 -56.093 3.9091
54.5352 -55.9257 3.91118 0.00454213 54.436 -56.093 3.9091
54.7224 -55.8959 3.9167 0.00477071 54.436 -56.093 3.9091
54.7754 -55.9071 3.91397 0.00537025 54.436 -56.093 3.9091
54.7171 -55.7851 3.91671 0.0036093 54.436 -56.093 3.9091
54.6404 -55.9676 3.91258 0.00776502 54.436 -56.093 3.9091
54.5642 -55.8646 3.91712 0.00147375 54.436 -56.093 3.9091
54.7211 -55.9603 3.91421 0.00618253 54.436 -56.093 3.9091
54.7754 -55.9071 3.91397 0.00537025 54.436 -56.093 3.9091
54.5435 -55.9758 3.91082 0.00402205 54.436 -56.093 3.9091
54.6404 -55.9676 3.91258 0.00776502 54.436 -56.093 3.9091
54.7171 -55.7851 3.91671 0.0036093 54.436 -56.093 3.9091
54.5352 -55.9257 3.91118 0.00454213 54.436 -56.093 3.9091
54.7129 -55.9492 3.90928 0.00383115 54.436 -56.093 3.9091
54.7754 -55.9071 3.91397 0.00537025 54.436 -56.093 3.9091
54.7794 -55.9741 3.91767 0.0012309 54.436 -56.093 3.9091
54.7573 -55.8995 3.90967 0.00267388 54.436 -56.093 3.9091
54.5352 -55.9257 3.91118 0.00454213 54.436 -56.093 3.9091
54.7171 -55.7851 3.91671 0.0036093 54.436 -56.093 3.9091
54.7754 -55.9071 3.91397 0.00537025 54.436 -56.093 3.9091
54.7754 -55.9071 3.91397 0.00537025 54.436 -56.093 3.9091
54.7211 -55.9603 3.91421 0.00618253 54.436 -56.093 3.9091
54.4877 -55.8199 3.91308 0.00131421 54.436 -56.093 3.9091
54.7573 -55.8995 3.90967 0.00267388 54.436 -56.093 3.9091
54.7224 -55.8959 3.9167 0.00477071 54.436 -56.093 3.9091
54.7211 -55.9603 3.91421 0.00618253 54.436 -56.093 3.9091
54.9343 -55.7971 3.91395 0.000143074 54.436 -56.093 3.9091
54.5435 -55.9758 3.91082 0.00402205 54.436 -56.093 3.9091
54.7129 -55.9492 3.90928 0.00383115 54.436 -56.093 3.9091
54.6404 -55.9676 3.91258 0.00776502 54.436 -56.093 3.9091
54.7325 -55.9672 3.91599 0.00354549 54.436 -56.093 3.9091
54.7754 -55.9071 3.91397 0.00537025 54.436 -56.093 3.9091
54.7129 -55.9492 3.90928 0.00383115 54.436 -56.093 3.9091
54.7211 -55.9603 3.91421 0.00618253 54.436 -56.093 3.9091
54.5479 -56.0106 3.90766 0.00186903 54.436 -56.093 3.9091
54.7129 -55.9492 3.90928 0.00383115 54.436 -56.093 3.9091
54.7794 -55.9741 3.91767 0.0012309 54.436 -56.093 3.9091
54.7573 -55.8995 3.90967 0.00267388 54.436 -56.093 3.9091
54.6422 -55.6944 3.9096 0.000342605 54.436 -56.093 3.9091
54.7754 -55.9071 3.91397 0.00537025 54.436 -56.093 3.9091
54.5479 -56.0106 3.90766 0.00186903 54.436 -56.093 3.9091
54.7171 -55.7851 3.91671 0.0036093 54.436 -56.093 3.9091
54.7171 -55.7851 3.91671 0.0036093 54.436 -56.093 3.9091
54.7211 -55.9603 3.91421 0.00618253 54.436 -56.093 3.9091
54.7129 -55.9492 3.90928 0.00383115 54.436 -56.093 3.9091
54.7129 -55.9492 3.90928 0.00383115 54.436 -56.093 3.9091
54.9142 -55.8433 3.91477 0.000399531 54.436 -56.093 3.9091
54.5435 -55.9758 3.91082 0.00402205 54.436 -56.093 3.9091
54.5479 -56.0106 3.90766 0.00186903 54.436 -56.093 3.9091
54.7754 -55.9071 3.91397 0.00537025 54.436 -56.093 3.9091
54.7129 -55.9492 3.90928 0.00383115 54.436 -56.093 3.9091
54.6404 -55.9676 3.91258 0.00776502 54.436 -56.093 3.9091
54.6404 -55.9676 3.91258 0.00776502 54.436 -56.093 3.9091
54.5642 -55.8646 3.91712 0.00147375 54.436 -56.093 3.9091
54.7211 -55.9603 3.91421 0.00618253 54.436 -56.093 3.9091
54.7325 -55.9672 3.91599 0.00354549 54.436 -56.093 3.9091
54.7794 -55.9741 3.91767 0.0012309 54.436 -56.093 3.9091
54.7224 -55.8959 3.9167 0.00477071 54.436 -56.093 3.9091
54.6404 -55.9676 3.91258 0.00776502 54.436 -56.093 3.9091
54.4556 -55.8737 3.91237 0.00100534 54.436 -56.093 3.9091
54.7754 -55.9071 3.91397 0.00537025 54.436 -56.093 3.9091
54.4985 -55.9972 3.90658 0.000864514 54.436 -56.093 3.9091
54.7211 -55.9603 3.91421 0.00618253 54.436 -56.093 3.9091
54.7515 -56.0944 3.9062 0.000124744 54.436 -56.093 3.9091
54.4556 -55.8737 3.91237 0.00100534 54.436 -56.093 3.9091
54.5352 -55.9257 3.91118 0.00454213 54.436 -56.093 3.9091
54.7224 -55.8959 3.9167 0.00477071 54.436 -56.093 3.9091
54.7211 -55.9603 3.91421 0.00618253 54.436 -56.093 3.9091
54.7224 -55.8959 3.9167 0.00477071 54.436 -56.093 3.9091
54.7171 -55.7851 3.91671 0.0036093 54.436 -56.093 3.9091
54.5352 -55.9257 3.91118 0.00454213 54.436 -56.093 3.9091
54.5921 -56.0818 3.91655 0.000213475 54.436 -56.093 3.9091
54.7171 -55.7851 3.91671 0.0036093 54.436 -56.093 3.9091
54.4877 -55.8199 3.91308 0.00131421 54.436 -56.093 3.9091
54.5352 -55.9257 3.91118 0.00454213 54.436 -56.093 3.9091
54.6596 -55.8872 3.92112 0.000242318 54.436 -56.093 3.9091
54.7171 -55.7851 3.91671 0.0036093 54.436 -56.093 3.9091
54.5435 -55.9758 3.91082 0.00402205 54.436 -56.093 3.9091
54.7573 -55.8995 3.90967 0.00267388 54.436 -56.093 3.9091
54.7211 -55.9603 3.91421 0.00618253 54.436 -56.093 3.9091
54.7211 -55.9603 3.91421 0.00618253 54.436 -56.093 3.9091
54.7129 -55.9492 3.90928 0.00383115 54.436 -56.093 3.9091
54.4877 -55.8199 3.91308 0.00131421 54.436 -56.093 3.9091
54.4985 -55.9972 3.90658 0.000864514 54.436 -56.093 3.9091
54.5642 -55.8646 3.91712 0.00147375 54.436 -56.093 3.9091
54.5435 -55.9758 3.91082 0.00402205 54.436 -56.093 3.9091
54.7325 -55.9672 3.91599 0.00354549 54.436 -56.093 3.9091
54.6404 -55.9676 3.91258 0.00776502 54.436 -56.093 3.9091
54.5479 -56.0106 3.90766 0.00186903 54.436 -56.093 3.9091
54.7129 -55.9492 3.90928 0.00383115 54.436 -56.093 3.9091
54.7573 -55.8995 3.90967 0.00267388 54.436 -56.093 3.9091
54.7171 -55.7851 3.91671 0.0036093 54.436 -56.093 3.9091
54.7129 -55.9492 3.90928 0.00383115 54.436 -56.093 3.9091
54.7754 -55.9071 3.91397 0.00537025 54.436 -56.093 3.9091
54.7129 -55.9492 3.90928 0.00383115 54.436 -56.093 3.9091
54.7211 -55.9603 3.91421 0.00618253 54.436 -56.093 3.9091
54.5435 -55.9758 3.91082 0.00402205 54.436 -56.093 3.9091
54.5352 -55.9257 3.91118 0.00454213 54.436 -56.093 3.9091
54.7573 -55.8995 3.90967 0.00267388 54.436 -56.093 3.9091
54.5479 -56.0106 3.90766 0.00186903 54.436 -56.093 3.9091
54.7224 -55.8959 3.9167 0.00477071 54.436 -56.093 3.9091
54.7224 -55.8959 3.9167 0.00477071 54.436 -56.093 3.9091
54.7573 -55.8995 3.90967 0.00267388 54.436 -56.093 3.9091
54.7224 -55.8959 3.9167 0.00477071 54.436 -56.093 3.9091
54.5818 -56.0812 3.9164 0.000209637 54.436 -56.093 3.9091
54.7754 -55.9071 3.91397 0.00537025 54.436 -56.093 3.9091
54.5352 -55.9257 3.91118 0.00454213 54.436 -56.093 3.9091
54.6404 -55.9676 3.91258 0.00776502 54.436 -56.093 3.9091
54.7211 -55.9603 3.91421 0.00618253 54.436 -56.093 3.9091
54.7171 -55.7851 3.91671 0.0036093 54.436 -56.093 3.9091
54.5352 -55.9257 3.91118 0.00454213 54.436 -56.093 3.9091
54.7211 -55.9603 3.91421 0.00618253 54.436 -56.093 3.9091
54.7325 -55.9672 3.91599 0.00354549 54.436 -56.093 3.9091
54.7754 -55.9071 3.91397 0.00537025 54.436 -56.093 3.9091
54.5479 -56.0106 3.90766 0.00186903 54.436 -56.093 3.9091
54.7754 -55.9071 3.91397 0.00537025 54.436 -56.093 3.9091
54.5435 -55.9758 3.91082 0.00402205 54.436 -56.093 3.9091
54.7129 -55.9492 3.90928 0.00383115 54.436 -56.093 3.9091
54.7129 -55.9492 3.90928 0.00383115 54.436 -56.093 3.9091
54.6404 -55.9676 3.91258 0.00776502 54.436 -56.093 3.9091
54.7754 -55.9071 3.91397 0.00537025 54.436 -56.093 3.9091
54.7754 -55.9071 3.91397 0.00537025 54.436 -56.093 3.9091
54.7129 -55.9492 3.90928 0.00383115 54.436 -56.093 3.9091
54.7573 -55.8995 3.90967 0.00267388 54.436 -56.093 3.9091
54.4556 -55.8737 3.91237 0.00100534 54.436 -56.093 3.9091
54.7129 -55.9492 3.90928 0.00383115 54.436 -56.093 3.9091
54.7325 -55.9672 3.91599 0.00354549 54.436 -56.093 3.9091
54.6404 -55.9676 3.91258 0.00776502 54.436 -56.093 3.9091
54.7129 -55.9492 3.90928 0.00383115 54.436 -56.093 3.9091
54.6404 -55.9676 3.91258 0.00776502 54.436 -56.093 3.9091
54.6404 -55.9676 3.91258 0.00776502 54.436 -56.093 3.9091
54.7573 -55.8995 3.90967 0.00267388 54.436 -56.093 3.9091
54.5642 -55.8646 3.91712 0.00147375 54.436 -56.093 3.9091
54.7754 -55.9071 3.91397 0.00537025 54.436 -56.093 3.9091
54.7224 -55.8959 3.9167 0.00477071 54.436 -56.093 3.9091
54.6404 -55.9676 3.91258 0.00776502 54.436 -56.093 3.9091
54.6501 -56.1536 3.91199 0.000313446 54.436 -56.093 3.9091
54.6404 -55.9676 3.91258 0.00776502 54.436 -56.093 3.9091
54.7224 -55.8959 3.9167 0.00477071 54.436 -56.093 3.9091
54.7171 -55.7851 3.91671 0.0036093 54.436 -56.093 3.9091
54.5352 -55.9257 3.91118 0.00454213 54.436 -56.093 3.9091
54.7211 -55.9603 3.91421 0.00618253 54.436 -56.093 3.9091
54.6404 -55.9676 3.91258 0.00776502 54.436 -56.093 3.9091
54.7573 -55.8995 3.90967 0.00267388 54.436 -56.093 3.9091
54.7573 -55.8995 3.90967 0.00267388 54.436 -56.093 3.9091
54.6715 -56.1875 3.9088 0.000112555 54.436 -56.093 3.9091
54.6596 -55.8872 3.92112 0.000242318 54.436 -56.093 3.9091
54.5479 -56.0106 3.90766 0.00186903 54.436 -56.093 3.9091
54.4556 -55.8737 3.91237 0.00100534 54.436 -56.093 3.9091
54.7794 -55.9741 3.91767 0.0012309 54.436 -56.093 3.9091
54.5479 -56.0106 3.90766 0.00186903 54.436 -56.093 3.9091
54.6426 -56.0638 3.9047 0.000247332 54.436 -56.093 3.9091
54.5655 -56.121 3.91177 0.000493566 54.436 -56.093 3.9091
54.5479 -56.0106 3.90766 0.00186903 54.436 -56.093 3.9091
54.7754 -55.9071 3.91397 0.00537025 54.436 -56.093 3.9091
54.5818 -56.0812 3.9164 0.000209637 54.436 -56.093 3.9091
54.6404 -55.9676 3.91258 0.00776502 54.436 -56.093 3.9091
54.6404 -55.9676 3.91258 0.00776502 54.436 -56.093 3.9091
54.7211 -55.9603 3.91421 0.00618253 54.436 -56.093 3.9091
54.7211 -55.9603 3.91421 0.00618253 54.436 -56.093 3.9091
54.7325 -55.9672 3.91599 0.00354549 54.436 -56.093 3.9091
54.4985 -55.9972 3.90658 0.000864514 54.436 -56.093 3.9091
54.6404 -55.9676 3.91258 0.00776502 54.436 -56.093 3.9091
54.5435 -55.9758 3.91082 0.00402205 54.436 -56.093 3.9091
54.6702 -55.7391 3.90844 0.000457566 54.436 -56.093 3.9091
54.5352 -55.9257 3.91118 0.00454213 54.436 -56.093 3.9091
54.7211 -55.9603 3.91421 0.00618253 54.436 -56.093 3.9091
54.6404 -55.9676 3.91258 0.00776502 54.436 -56.093 3.9091
54.7171 -55.7851 3.91671 0.0036093 54.436 -56.093 3.9091
54.7211 -55.9603 3.91421 0.00618253 54.436 -56.093 3.9091
54.7754 -55.9071 3.91397 0.00537025 54.436 -56.093 3.9091
54.7211 -55.9603 3.91421 0.00618253 54.436 -56.093 3.9091
54.5352 -55.9257 3.91118 0.00454213 54.436 -56.093 3.9091
54.6404 -55.9676 3.91258 0.00776502 54.436 -56.093 3.9091
54.5352 -55.9257 3.91118 0.00454213 54.436 -56.093 3.9091
54.5352 -55.9257 3.91118 0.00454213 54.436 -56.093 3.9091
54.7325 -55.9672 3.91599 0.00354549 54.436 -56.093 3.9091
54.7754 -55.9071 3.91397 0.00537025 54.436 -56.093 3.9091
54.6404 -55.9676 3.91258 0.00776502 54.436 -56.093 3.9091
54.7211 -55.9603 3.91421 0.00618253 54.436 -56.093 3.9091
54.7211 -55.9603 3.91421 0.00618253 54.436 -56.093 3.9091
54.7325 -55.9672 3.91599 0.00354549 54.436 -56.093 3.9091
54.4877 -55.8199 3.91308 0.00131421 54.436 -56.093 3.9091
54.5479 -56.0106 3.90766 0.00186903 54.436 -56.093 3.9091
54.7211 -55.9603 3.91421 0.00618253 54.436 -56.093 3.9091
54.7754 -55.9071 3.91397 0.00537025 54.436 -56.093 3.9091
54.5435 -55.9758 3.91082 0.00402205 54.436 -56.093 3.9091
54.7129 -55.9492 3.90928 0.00383115 54.436 -56.093 3.9091
54.4556 -55.8737 3.91237 0.00100534 54.436 -56.093 3.9091
54.5435 -55.9758 3.91082 0.00402205 54.436 -56.093 3.9091
54.7171 -55.7851 3.91671 0.0036093 54.436 -56.093 3.9091
54.7129 -55.9492 3.90928 0.00383115 54.436 -56.093 3.9091
54.6404 -55.9676 3.91258 0.00776502 54.436 -56.093 3.9091
54.7754 -55.9071 3.91397 0.00537025 54.436 -56.093 3.9091
54.7754 -55.9071 3.91397 0.00537025 54.436 -56.093 3.9091
54.5642 -55.8646 3.91712 0.00147375 54.436 -56.093 3.9091
54.7211 -55.9603 3.91421 0.00618253 54.436 -56.093 3.9091
