149.129 21.6298 0.0799192 0.174952 149.26 21.739 0.074748
149.185 21.5069 0.0776633 0.497985 149.26 21.739 0.074748
149.185 21.5069 0.0776633 0.497985 149.26 21.739 0.074748
149.139 21.3981 0.0806525 0.191766 149.26 21.739 0.074748
149.139 21.3981 0.0806525 0.191766 149.26 21.739 0.074748
149.185 21.5069 0.0776633 0.497985 149.26 21.739 0.074748
149.185 21.5069 0.0776633 0.497985 149.26 21.739 0.074748
149.139 21.3981 0.0806525 0.191766 149.26 21.739 0.074748
149.129 21.6298 0.0799192 0.174952 149.26 21.739 0.074748
149.313 21.6511 0.0757734 0.149367 149.26 21.739 0.074748
149.216 21.7111 0.0809268 0.018564 149.26 21.739 0.074748
149.185 21.5069 0.0776633 0.497985 149.26 21.739 0.074748
149.129 21.6298 0.0799192 0.174952 149.26 21.739 0.074748
149.086 21.4893 0.0804105 0.312271 149.26 21.739 0.074748
149.185 21.5069 0.0776633 0.497985 149.26 21.739 0.074748
149.086 21.4893 0.0804105 0.312271 149.26 21.739 0.074748
149.295 21.7373 0.0749752 0.0878413 149.26 21.739 0.074748
149.185 21.5069 0.0776633 0.497985 149.26 21.739 0.074748
149.185 21.5069 0.0776633 0.497985 149.26 21.739 0.074748
149.185 21.5069 0.0776633 0.497985 149.26 21.739 0.074748
148.932 21.5797 0.0769286 0.122679 149.26 21.739 0.074748
149.185 21.5069 0.0776633 0.497985 149.26 21.739 0.074748
149.313 21.6511 0.0757734 0.149367 149.26 21.739 0.074748
149.129 21.6298 0.0799192 0.174952 149.26 21.739 0.074748
149.185 21.5069 0.0776633 0.497985 149.26 21.739 0.074748
149.185 21.5069 0.0776633 0.497985 149.26 21.739 0.074748
149.185 21.5069 0.0776633 0.497985 149.26 21.739 0.074748
149.134 21.5333 0.0699933 0.153542 149.26 21.739 0.074748
149.332 21.5797 0.0762439 0.149794 149.26 21.739 0.074748
149.134 21.5333 0.0699933 0.153542 149.26 21.739 0.074748
149.125 21.7578 0.0770844 0.0844781 149.26 21.739 0.074748
149.116 21.4456 0.071498 0.128635 149.26 21.739 0.074748
149.086 21.4893 0.0804105 0.312271 149.26 21.739 0.074748
149.313 21.6511 0.0757734 0.149367 149.26 21.739 0.074748
149.125 21.7578 0.0770844 0.0844781 149.26 21.739 0.074748
149.185 21.5069 0.0776633 0.497985 149.26 21.739 0.074748
149.125 21.7578 0.0770844 0.0844781 149.26 21.739 0.074748
149.116 21.4456 0.071498 0.128635 149.26 21.739 0.074748
149.134 21.5333 0.0699933 0.153542 149.26 21.739 0.074748
149.185 21.5069 0.0776633 0.497985 149.26 21.739 0.074748
149.185 21.5069 0.0776633 0.497985 149.26 21.739 0.074748
149.313 21.7375 0.0767706 0.0374685 149.26 21.739 0.074748
149.313 21.6511 0.0757734 0.149367 149.26 21.739 0.074748
149.134 21.5333 0.0699933 0.153542 149.26 21.739 0.074748
149.216 21.7111 0.0809268 0.018564 149.26 21.739 0.074748
149.086 21.4893 0.0804105 0.312271 149.26 21.739 0.074748
149.139 21.3981 0.0806525 0.191766 149.26 21.739 0.074748
149.129 21.6298 0.0799192 0.174952 149.26 21.739 0.074748
148.877 21.5305 0.0758172 0.0404634 149.26 21.739 0.074748
149.295 21.7373 0.0749752 0.0878413 149.26 21.739 0.074748
149.086 21.4893 0.0804105 0.312271 149.26 21.739 0.074748
149.313 21.6511 0.0757734 0.149367 149.26 21.739 0.074748
149.216 21.7111 0.0809268 0.018564 149.26 21.739 0.074748
149.185 21.5069 0.0776633 0.497985 149.26 21.739 0.074748
149.129 21.6298 0.0799192 0.174952 149.26 21.739 0.074748
149.332 21.5797 0.0762439 0.149794 149.26 21.739 0.074748
148.932 21.5797 0.0769286 0.122679 149.26 21.739 0.074748
149.185 21.5069 0.0776633 0.497985 149.26 21.739 0.074748
149.295 21.7373 0.0749752 0.0878413 149.26 21.739 0.074748
148.934 21.6146 0.0835401 0.017334 149.26 21.739 0.074748
149.125 21.7578 0.0770844 0.0844781 149.26 21.739 0.074748
148.883 21.6196 0.0798957 0.0340186 149.26 21.739 0.074748
149.185 21.5069 0.0776633 0.497985 149.26 21.739 0.074748
148.961 21.5921 0.0814056 0.0767724 149.26 21.739 0.074748
149.185 21.5069 0.0776633 0.497985 149.26 21.739 0.074748
149.313 21.6511 0.0757734 0.149367 149.26 21.739 0.074748
149.116 21.4456 0.071498 0.128635 149.26 21.739 0.074748
149.313 21.6511 0.0757734 0.149367 149.26 21.739 0.074748
149.315 21.786 0.0740919 0.0414415 149.26 21.739 0.074748
149.185 21.5069 0.0776633 0.497985 149.26 21.739 0.074748
149.125 21.7578 0.0770844 0.0844781 149.26 21.739 0.074748
149.185 21.5069 0.0776633 0.497985 149.26 21.739 0.074748
149.129 21.6298 0.0799192 0.174952 149.26 21.739 0.074748
149.139 21.3981 0.0806525 0.191766 149.26 21.739 0.074748
149.332 21.5797 0.0762439 0.149794 149.26 21.739 0.074748
148.961 21.5921 0.0814056 0.0767724 149.26 21.739 0.074748
149.116 21.4456 0.071498 0.128635 149.26 21.739 0.074748
149.129 21.6298 0.0799192 0.174952 149.26 21.739 0.074748
149.332 21.5797 0.0762439 0.149794 149.26 21.739 0.074748
149.295 21.7373 0.0749752 0.0878413 149.26 21.739 0.074748
148.932 21.5797 0.0769286 0.122679 149.26 21.739 0.074748
149.185 21.5069 0.0776633 0.497985 149.26 21.739 0.074748
149.295 21.7373 0.0749752 0.0878413 149.26 21.739 0.074748
149.07 21.8569 0.0710341 0.015225 149.26 21.739 0.074748
149.313 21.7375 0.0767706 0.0374685 149.26 21.739 0.074748
149.265 21.7289 0.0664359 0.0400683 149.26 21.739 0.074748
149.185 21.5069 0.0776633 0.497985 149.26 21.739 0.074748
149.139 21.3981 0.0806525 0.191766 149.26 21.739 0.074748
149.265 21.7289 0.0664359 0.0400683 149.26 21.739 0.074748
149.086 21.4893 0.0804105 0.312271 149.26 21.739 0.074748
149.134 21.5333 0.0699933 0.153542 149.26 21.739 0.074748
149.185 21.5069 0.0776633 0.497985 149.26 21.739 0.074748
149.086 21.4893 0.0804105 0.312271 149.26 21.739 0.074748
149.134 21.5333 0.0699933 0.153542 149.26 21.739 0.074748
149.086 21.4893 0.0804105 0.312271 149.26 21.739 0.074748
148.883 21.6196 0.0798957 0.0340186 149.26 21.739 0.074748
149.313 21.6511 0.0757734 0.149367 149.26 21.739 0.074748
149.185 21.5069 0.0776633 0.497985 149.26 21.739 0.074748
149.185 21.5069 0.0776633 0.497985 149.26 21.739 0.074748
148.932 21.5797 0.0769286 0.122679 149.26 21.739 0.074748
149.134 21.5333 0.0699933 0.153542 149.26 21.739 0.074748
149.332 21.5797 0.0762439 0.149794 149.26 21.739 0.074748
149.185 21.5069 0.0776633 0.497985 149.26 21.739 0.074748
149.129 21.6298 0.0799192 0.174952 149.26 21.739 0.074748
149.086 21.4893 0.0804105 0.312271 149.26 21.739 0.074748
149.086 21.4893 0.0804105 0.312271 149.26 21.739 0.074748
149.134 21.5333 0.0699933 0.153542 149.26 21.739 0.074748
149.185 21.5069 0.0776633 0.497985 149.26 21.739 0.074748
149.086 21.4893 0.0804105 0.312271 149.26 21.739 0.074748
149.116 21.4456 0.071498 0.128635 149.26 21.739 0.074748
149.185 21.5069 0.0776633 0.497985 149.26 21.739 0.074748
149.185 21.5069 0.0776633 0.497985 149.26 21.739 0.074748
149.134 21.5333 0.0699933 0.153542 149.26 21.739 0.074748
149.134 21.5333 0.0699933 0.153542 149.26 21.739 0.074748
149.134 21.5333 0.0699933 0.153542 149.26 21.739 0.074748
149.185 21.5069 0.0776633 0.497985 149.26 21.739 0.074748
149.332 21.5797 0.0762439 0.149794 149.26 21.739 0.074748
149.265 21.7289 0.0664359 0.0400683 149.26 21.739 0.074748
149.185 21.5069 0.0776633 0.497985 149.26 21.739 0.074748
149.129 21.6298 0.0799192 0.174952 149.26 21.739 0.074748
149.139 21.3981 0.0806525 0.191766 149.26 21.739 0.074748
149.086 21.4893 0.0804105 0.312271 149.26 21.739 0.074748
149.313 21.7375 0.0767706 0.0374685 149.26 21.739 0.074748
148.932 21.5797 0.0769286 0.122679 149.26 21.739 0.074748
149.116 21.4456 0.071498 0.128635 149.26 21.739 0.074748
149.086 21.4893 0.0804105 0.312271 149.26 21.739 0.074748
149.086 21.4893 0.0804105 0.312271 149.26 21.739 0.074748
149.125 21.7578 0.0770844 0.0844781 149.26 21.739 0.074748
149.129 21.6298 0.0799192 0.174952 149.26 21.739 0.074748
149.185 21.5069 0.0776633 0.497985 149.26 21.739 0.074748
149.313 21.7375 0.0767706 0.0374685 149.26 21.739 0.074748
149.129 21.6298 0.0799192 0.174952 149.26 21.739 0.074748
149.315 21.786 0.0740919 0.0414415 149.26 21.739 0.074748
149.313 21.6511 0.0757734 0.149367 149.26 21.739 0.074748
149.295 21.7373 0.0749752 0.0878413 149.26 21.739 0.074748
149.116 21.4456 0.071498 0.128635 149.26 21.739 0.074748
149.116 21.4456 0.071498 0.128635 149.26 21.739 0.074748
149.125 21.7578 0.0770844 0.0844781 149.26 21.739 0.074748
149.258 21.6444 0.0829964 0.00664168 149.26 21.739 0.074748
149.185 21.5069 0.0776633 0.497985 149.26 21.739 0.074748
149.01 21.8818 0.0632927 6.79889e-05 149.26 21.739 0.074748
149.116 21.4456 0.071498 0.128635 149.26 21.739 0.074748
148.877 21.5305 0.0758172 0.0404634 149.26 21.739 0.074748
149.125 21.7578 0.0770844 0.0844781 149.26 21.739 0.074748
149.086 21.4893 0.0804105 0.312271 149.26 21.739 0.074748
149.185 21.5069 0.0776633 0.497985 149.26 21.739 0.074748
149.125 21.7578 0.0770844 0.0844781 149.26 21.739 0.074748
149.116 21.4456 0.071498 0.128635 149.26 21.739 0.074748
148.961 21.5921 0.0814056 0.0767724 149.26 21.739 0.074748
149.332 21.5797 0.0762439 0.149794 149.26 21.739 0.074748
149.313 21.6511 0.0757734 0.149367 149.26 21.739 0.074748
149.185 21.5069 0.0776633 0.497985 149.26 21.739 0.074748
148.961 21.5921 0.0814056 0.0767724 149.26 21.739 0.074748
149.086 21.4893 0.0804105 0.312271 149.26 21.739 0.074748
149.134 21.5333 0.0699933 0.153542 149.26 21.739 0.074748
149.332 21.5797 0.0762439 0.149794 149.26 21.739 0.074748
149.185 21.5069 0.0776633 0.497985 149.26 21.739 0.074748
149.313 21.6511 0.0757734 0.149367 149.26 21.739 0.074748
149.185 21.5069 0.0776633 0.497985 149.26 21.739 0.074748
149.086 21.4893 0.0804105 0.312271 149.26 21.739 0.074748
149.48 21.3846 0.0715506 0.00301236 149.26 21.739 0.074748
149.185 21.5069 0.0776633 0.497985 149.26 21.739 0.074748
149.332 21.5797 0.0762439 0.149794 149.26 21.739 0.074748
149.129 21.6298 0.0799192 0.174952 149.26 21.739 0.074748
149.185 21.5069 0.0776633 0.497985 149.26 21.739 0.074748
149.185 21.5069 0.0776633 0.497985 149.26 21.739 0.074748
149.134 21.5333 0.0699933 0.153542 149.26 21.739 0.074748
149.116 21.4456 0.071498 0.128635 149.26 21.739 0.074748
149.129 21.6298 0.0799192 0.174952 149.26 21.739 0.074748
149.35 21.3833 0.0692775 0.010708 149.26 21.739 0.074748
149.332 21.5797 0.0762439 0.149794 149.26 21.739 0.074748
149.134 21.5333 0.0699933 0.153542 149.26 21.739 0.074748
148.961 21.5921 0.0814056 0.0767724 149.26 21.739 0.074748
149.116 21.4456 0.071498 0.128635 149.26 21.739 0.074748
149.295 21.7373 0.0749752 0.0878413 149.26 21.739 0.074748
149.185 21.5069 0.0776633 0.497985 149.26 21.739 0.074748
149.313 21.6511 0.0757734 0.149367 149.26 21.739 0.074748
149.086 21.4893 0.0804105 0.312271 149.26 21.739 0.074748
149.116 21.4456 0.071498 0.128635 149.26 21.739 0.074748
148.961 21.5921 0.0814056 0.0767724 149.26 21.739 0.074748
149.07 21.8569 0.0710341 0.015225 149.26 21.739 0.074748
149.139 21.3981 0.0806525 0.191766 149.26 21.739 0.074748
149.185 21.5069 0.0776633 0.497985 149.26 21.739 0.074748
148.883 21.6196 0.0798957 0.0340186 149.26 21.739 0.074748
148.997 21.442 0.0854225 0.0271268 149.26 21.739 0.074748
148.932 21.5797 0.0769286 0.122679 149.26 21.739 0.074748
149.185 21.5069 0.0776633 0.497985 149.26 21.739 0.074748
148.961 21.5921 0.0814056 0.0767724 149.26 21.739 0.074748
149.313 21.6511 0.0757734 0.149367 149.26 21.739 0.074748
149.185 21.5069 0.0776633 0.497985 149.26 21.739 0.074748
149.315 21.786 0.0740919 0.0414415 149.26 21.739 0.074748
149.134 21.5333 0.0699933 0.153542 149.26 21.739 0.074748
149.139 21.3981 0.0806525 0.191766 149.26 21.739 0.074748
149.086 21.4893 0.0804105 0.312271 149.26 21.739 0.074748
149.086 21.4893 0.0804105 0.312271 149.26 21.739 0.074748
149.19 21.8446 0.0674205 0.0164085 149.26 21.739 0.074748
149.086 21.4893 0.0804105 0.312271 149.26 21.739 0.074748
149.086 21.4893 0.0804105 0.312271 149.26 21.739 0.074748
149.315 21.786 0.0740919 0.0414415 149.26 21.739 0.074748
149.081 21.371 0.0712422 0.0283302 149.26 21.739 0.074748
