-36.7487 -28.971 1.2317 0.157287 -36.595 -28.767 1.2282
-36.7487 -28.971 1.2317 0.157287 -36.595 -28.767 1.2282
-36.7521 -28.8593 1.23743 0.00858584 -36.595 -28.767 1.2282
-36.7549 -28.7849 1.23095 0.108724 -36.595 -28.767 1.2282
-36.6695 -28.6938 1.22229 0.0469122 -36.595 -28.767 1.2282
-36.7201 -28.878 1.2288 0.218085 -36.595 -28.767 1.2282
-36.7201 -28.878 1.2288 0.218085 -36.595 -28.767 1.2282
-36.7201 -28.878 1.2288 0.218085 -36.595 -28.767 1.2282
-36.6827 -28.9248 1.23738 0.0124896 -36.595 -28.767 1.2282
-36.7201 -28.878 1.2288 0.218085 -36.595 -28.767 1.2282
-36.7127 -28.7256 1.23236 0.026167 -36.595 -28.767 1.2282
-36.7549 -28.7849 1.23095 0.108724 -36.595 -28.767 1.2282
-36.7201 -28.878 1.2288 0.218085 -36.595 -28.767 1.2282
-36.8673 -28.8182 1.23463 0.022079 -36.595 -28.767 1.2282
-36.7888 -28.7811 1.22706 0.177962 -36.595 -28.767 1.2282
-36.7201 -28.878 1.2288 0.218085 -36.595 -28.767 1.2282
-36.7201 -28.878 1.2288 0.218085 -36.595 -28.767 1.2282
-36.5695 -28.8691 1.22693 0.054059 -36.595 -28.767 1.2282
-36.9638 -29.1128 1.23325 0.00928214 -36.595 -28.767 1.2282
-36.7487 -28.971 1.2317 0.157287 -36.595 -28.767 1.2282
-36.5114 -28.7206 1.23147 0.00343782 -36.595 -28.767 1.2282
-36.7888 -28.7811 1.22706 0.177962 -36.595 -28.767 1.2282
-36.7549 -28.7849 1.23095 0.108724 -36.595 -28.767 1.2282
-36.7487 -28.971 1.2317 0.157287 -36.595 -28.767 1.2282
-36.7487 -28.971 1.2317 0.157287 -36.595 -28.767 1.2282
-36.8673 -28.8182 1.23463 0.022079 -36.595 -28.767 1.2282
-36.7888 -28.7811 1.22706 0.177962 -36.595 -28.767 1.2282
-36.6075 -28.7286 1.22293 0.0383943 -36.595 -28.767 1.2282
-36.7059 -28.9152 1.23977 0.00217044 -36.595 -28.767 1.2282
-36.7217 -28.6219 1.22749 0.0282544 -36.595 -28.767 1.2282
-36.8015 -28.9632 1.22417 0.0378928 -36.595 -28.767 1.2282
-36.7201 -28.878 1.2288 0.218085 -36.595 -28.767 1.2282
-36.6439 -28.6265 1.22608 0.0254851 -36.595 -28.767 1.2282
-36.7487 -28.971 1.2317 0.157287 -36.595 -28.767 1.2282
-36.7888 -28.7811 1.22706 0.177962 -36.595 -28.767 1.2282
-36.7487 -28.971 1.2317 0.157287 -36.595 -28.767 1.2282
-36.7487 -28.971 1.2317 0.157287 -36.595 -28.767 1.2282
-36.6695 -28.6938 1.22229 0.0469122 -36.595 -28.767 1.2282
-36.7888 -28.7811 1.22706 0.177962 -36.595 -28.767 1.2282
-36.7888 -28.7811 1.22706 0.177962 -36.595 -28.767 1.2282
-36.5695 -28.8691 1.22693 0.054059 -36.595 -28.767 1.2282
-36.8015 -28.9632 1.22417 0.0378928 -36.595 -28.767 1.2282
-36.7888 -28.7811 1.22706 0.177962 -36.595 -28.767 1.2282
-36.7201 -28.878 1.2288 0.218085 -36.595 -28.767 1.2282
-36.7935 -29.1391 1.23261 0.0283687 -36.595 -28.767 1.2282
-36.5678 -28.6145 1.22548 0.00950727 -36.595 -28.767 1.2282
-36.7201 -28.878 1.2288 0.218085 -36.595 -28.767 1.2282
-36.7549 -28.7849 1.23095 0.108724 -36.595 -28.767 1.2282
-36.8687 -28.8773 1.23274 0.0798752 -36.595 -28.767 1.2282
-36.7935 -29.1391 1.23261 0.0283687 -36.595 -28.767 1.2282
-36.7549 -28.7849 1.23095 0.108724 -36.595 -28.767 1.2282
-36.6159 -28.9104 1.23838 0.00285015 -36.595 -28.767 1.2282
-36.7549 -28.7849 1.23095 0.108724 -36.595 -28.767 1.2282
-36.6695 -28.6938 1.22229 0.0469122 -36.595 -28.767 1.2282
-36.8673 -28.8182 1.23463 0.022079 -36.595 -28.767 1.2282
-36.7201 -28.878 1.2288 0.218085 -36.595 -28.767 1.2282
-36.7888 -28.7811 1.22706 0.177962 -36.595 -28.767 1.2282
-36.5597 -28.388 1.21998 8.94214e-05 -36.595 -28.767 1.2282
-36.7487 -28.971 1.2317 0.157287 -36.595 -28.767 1.2282
-36.7888 -28.7811 1.22706 0.177962 -36.595 -28.767 1.2282
-36.8658 -28.7968 1.22278 0.0474623 -36.595 -28.767 1.2282
-36.8687 -28.8773 1.23274 0.0798752 -36.595 -28.767 1.2282
-36.7487 -28.971 1.2317 0.157287 -36.595 -28.767 1.2282
-36.7549 -28.7849 1.23095 0.108724 -36.595 -28.767 1.2282
-36.7302 -28.6642 1.22078 0.0303969 -36.595 -28.767 1.2282
-36.7549 -28.7849 1.23095 0.108724 -36.595 -28.767 1.2282
-36.7201 -28.878 1.2288 0.218085 -36.595 -28.767 1.2282
-36.7201 -28.878 1.2288 0.218085 -36.595 -28.767 1.2282
-36.8673 -28.8182 1.23463 0.022079 -36.595 -28.767 1.2282
-36.7487 -28.971 1.2317 0.157287 -36.595 -28.767 1.2282
-36.7201 -28.878 1.2288 0.218085 -36.595 -28.767 1.2282
-36.7549 -28.7849 1.23095 0.108724 -36.595 -28.767 1.2282
-36.8687 -28.8773 1.23274 0.0798752 -36.595 -28.767 1.2282
-36.7201 -28.878 1.2288 0.218085 -36.595 -28.767 1.2282
-36.7127 -28.7256 1.23236 0.026167 -36.595 -28.767 1.2282
-36.7302 -28.6642 1.22078 0.0303969 -36.595 -28.767 1.2282
-36.5695 -28.8691 1.22693 0.054059 -36.595 -28.767 1.2282
-36.7935 -29.1391 1.23261 0.0283687 -36.595 -28.767 1.2282
-36.5695 -28.8691 1.22693 0.054059 -36.595 -28.767 1.2282
-36.6439 -28.6265 1.22608 0.0254851 -36.595 -28.767 1.2282
-36.8015 -28.9632 1.22417 0.0378928 -36.595 -28.767 1.2282
-36.7888 -28.7811 1.22706 0.177962 -36.595 -28.767 1.2282
-36.8658 -28.7968 1.22278 0.0474623 -36.595 -28.767 1.2282
-36.6075 -28.7286 1.22293 0.0383943 -36.595 -28.767 1.2282
-36.5678 -28.6145 1.22548 0.00950727 -36.595 -28.767 1.2282
-36.7201 -28.878 1.2288 0.218085 -36.595 -28.767 1.2282
-36.7201 -28.878 1.2288 0.218085 -36.595 -28.767 1.2282
-36.7935 -29.1391 1.23261 0.0283687 -36.595 -28.767 1.2282
-36.7888 -28.7811 1.22706 0.177962 -36.595 -28.767 1.2282
-36.7201 -28.878 1.2288 0.218085 -36.595 -28.767 1.2282
-36.7888 -28.7811 1.22706 0.177962 -36.595 -28.767 1.2282
-36.7217 -28.6219 1.22749 0.0282544 -36.595 -28.767 1.2282
-36.5695 -28.8691 1.22693 0.054059 -36.595 -28.767 1.2282
-36.8015 -28.9632 1.22417 0.0378928 -36.595 -28.767 1.2282
-36.8658 -28.7968 1.22278 0.0474623 -36.595 -28.767 1.2282
-36.7201 -28.878 1.2288 0.218085 -36.595 -28.767 1.2282
-36.7201 -28.878 1.2288 0.218085 -36.595 -28.767 1.2282
-36.7935 -29.1391 1.23261 0.0283687 -36.595 -28.767 1.2282
-36.6439 -28.6265 1.22608 0.0254851 -36.595 -28.767 1.2282
-36.7888 -28.7811 1.22706 0.177962 -36.595 -28.767 1.2282
-36.7201 -28.878 1.2288 0.218085 -36.595 -28.767 1.2282
-36.7217 -28.6219 1.22749 0.0282544 -36.595 -28.767 1.2282
-36.7127 -28.7256 1.23236 0.026167 -36.595 -28.767 1.2282
-36.8687 -28.8773 1.23274 0.0798752 -36.595 -28.767 1.2282
-36.7549 -28.7849 1.23095 0.108724 -36.595 -28.767 1.2282
-36.7302 -28.6642 1.22078 0.0303969 -36.595 -28.767 1.2282
-36.7935 -29.1391 1.23261 0.0283687 -36.595 -28.767 1.2282
-36.8658 -28.7968 1.22278 0.0474623 -36.595 -28.767 1.2282
-36.7888 -28.7811 1.22706 0.177962 -36.595 -28.767 1.2282
-36.7217 -28.6219 1.22749 0.0282544 -36.595 -28.767 1.2282
-36.6439 -28.6265 1.22608 0.0254851 -36.595 -28.767 1.2282
-36.5678 -28.6145 1.22548 0.00950727 -36.595 -28.767 1.2282
-36.7487 -28.971 1.2317 0.157287 -36.595 -28.767 1.2282
-36.7201 -28.878 1.2288 0.218085 -36.595 -28.767 1.2282
-36.7487 -28.971 1.2317 0.157287 -36.595 -28.767 1.2282
-36.7127 -28.7256 1.23236 0.026167 -36.595 -28.767 1.2282
-36.7201 -28.878 1.2288 0.218085 -36.595 -28.767 1.2282
-36.8687 -28.8773 1.23274 0.0798752 -36.595 -28.767 1.2282
-36.6439 -28.6265 1.22608 0.0254851 -36.595 -28.767 1.2282
-36.7487 -28.971 1.2317 0.157287 -36.595 -28.767 1.2282
-36.6695 -28.6938 1.22229 0.0469122 -36.595 -28.767 1.2282
-36.7888 -28.7811 1.22706 0.177962 -36.595 -28.767 1.2282
-36.4451 -28.7219 1.22035 0.00097584 -36.595 -28.767 1.2282
-36.8088 -29.0553 1.22091 0.000683617 -36.595 -28.767 1.2282
-36.7888 -28.7811 1.22706 0.177962 -36.595 -28.767 1.2282
-36.8687 -28.8773 1.23274 0.0798752 -36.595 -28.767 1.2282
-36.6695 -28.6938 1.22229 0.0469122 -36.595 -28.767 1.2282
-36.7201 -28.878 1.2288 0.218085 -36.595 -28.767 1.2282
-36.7127 -28.7256 1.23236 0.026167 -36.595 -28.767 1.2282
-36.5695 -28.8691 1.22693 0.054059 -36.595 -28.767 1.2282
-36.6075 -28.7286 1.22293 0.0383943 -36.595 -28.767 1.2282
-36.7549 -28.7849 1.23095 0.108724 -36.595 -28.767 1.2282
-36.7549 -28.7849 1.23095 0.108724 -36.595 -28.767 1.2282
-36.9638 -29.1128 1.23325 0.00928214 -36.595 -28.767 1.2282
-36.8015 -28.9632 1.22417 0.0378928 -36.595 -28.767 1.2282
-36.8015 -28.9632 1.22417 0.0378928 -36.595 -28.767 1.2282
-36.7201 -28.878 1.2288 0.218085 -36.595 -28.767 1.2282
-36.7487 -28.971 1.2317 0.157287 -36.595 -28.767 1.2282
-36.6827 -28.9248 1.23738 0.0124896 -36.595 -28.767 1.2282
-36.8658 -28.7968 1.22278 0.0474623 -36.595 -28.767 1.2282
-36.6827 -28.9248 1.23738 0.0124896 -36.595 -28.767 1.2282
-36.7487 -28.971 1.2317 0.157287 -36.595 -28.767 1.2282
-36.7217 -28.6219 1.22749 0.0282544 -36.595 -28.767 1.2282
-36.7201 -28.878 1.2288 0.218085 -36.595 -28.767 1.2282
-36.7888 -28.7811 1.22706 0.177962 -36.595 -28.767 1.2282
-36.5678 -28.6145 1.22548 0.00950727 -36.595 -28.767 1.2282
-36.6695 -28.6938 1.22229 0.0469122 -36.595 -28.767 1.2282
-36.7201 -28.878 1.2288 0.218085 -36.595 -28.767 1.2282
-36.6695 -28.6938 1.22229 0.0469122 -36.595 -28.767 1.2282
-36.7888 -28.7811 1.22706 0.177962 -36.595 -28.767 1.2282
-36.7487 -28.971 1.2317 0.157287 -36.595 -28.767 1.2282
-36.7217 -28.6219 1.22749 0.0282544 -36.595 -28.767 1.2282
-36.7521 -28.8593 1.23743 0.00858584 -36.595 -28.767 1.2282
-36.7549 -28.7849 1.23095 0.108724 -36.595 -28.767 1.2282
-36.7888 -28.7811 1.22706 0.177962 -36.595 -28.767 1.2282
-36.7201 -28.878 1.2288 0.218085 -36.595 -28.767 1.2282
-36.8687 -28.8773 1.23274 0.0798752 -36.595 -28.767 1.2282
-36.7201 -28.878 1.2288 0.218085 -36.595 -28.767 1.2282
-36.6236 -28.573 1.22062 0.00733161 -36.595 -28.767 1.2282
-36.7888 -28.7811 1.22706 0.177962 -36.595 -28.767 1.2282
-36.6695 -28.6938 1.22229 0.0469122 -36.595 -28.767 1.2282
-36.7888 -28.7811 1.22706 0.177962 -36.595 -28.767 1.2282
-36.7201 -28.878 1.2288 0.218085 -36.595 -28.767 1.2282
-36.7201 -28.878 1.2288 0.218085 -36.595 -28.767 1.2282
-36.8658 -28.7968 1.22278 0.0474623 -36.595 -28.767 1.2282
-36.8687 -28.8773 1.23274 0.0798752 -36.595 -28.767 1.2282
-36.5922 -28.6935 1.21832 0.0043487 -36.595 -28.767 1.2282
-36.8687 -28.8773 1.23274 0.0798752 -36.595 -28.767 1.2282
-36.7487 -28.971 1.2317 0.157287 -36.595 -28.767 1.2282
-36.6695 -28.6938 1.22229 0.0469122 -36.595 -28.767 1.2282
-36.7888 -28.7811 1.22706 0.177962 -36.595 -28.767 1.2282
-36.6827 -28.9248 1.23738 0.0124896 -36.595 -28.767 1.2282
-36.7487 -28.971 1.2317 0.157287 -36.595 -28.767 1.2282
-36.7888 -28.7811 1.22706 0.177962 -36.595 -28.767 1.2282
-36.8687 -28.8773 1.23274 0.0798752 -36.595 -28.767 1.2282
-36.7302 -28.6642 1.22078 0.0303969 -36.595 -28.767 1.2282
-36.7888 -28.7811 1.22706 0.177962 -36.595 -28.767 1.2282
-36.8015 -28.9632 1.22417 0.0378928 -36.595 -28.767 1.2282
-36.8687 -28.8773 1.23274 0.0798752 -36.595 -28.767 1.2282
-36.6075 -28.7286 1.22293 0.0383943 -36.595 -28.767 1.2282
-36.7549 -28.7849 1.23095 0.108724 -36.595 -28.767 1.2282
-36.9619 -28.6616 1.22998 0.00575341 -36.595 -28.767 1.2282
-36.7487 -28.971 1.2317 0.157287 -36.595 -28.767 1.2282
-36.7888 -28.7811 1.22706 0.177962 -36.595 -28.767 1.2282
-36.7549 -28.7849 1.23095 0.108724 -36.595 -28.767 1.2282
-36.6279 -28.7513 1.21857 0.00645808 -36.595 -28.767 1.2282
-36.7201 -28.878 1.2288 0.218085 -36.595 -28.767 1.2282
-36.7888 -28.7811 1.22706 0.177962 -36.595 -28.767 1.2282
-36.7549 -28.7849 1.23095 0.108724 -36.595 -28.767 1.2282
-36.7201 -28.878 1.2288 0.218085 -36.595 -28.767 1.2282
-36.7487 -28.971 1.2317 0.157287 -36.595 -28.767 1.2282
-36.6955 -29.1876 1.23401 0.0107065 -36.595 -28.767 1.2282
-36.6971 -28.7417 1.21997 0.0230159 -36.595 -28.767 1.2282
-36.6695 -28.6938 1.22229 0.0469122 -36.595 -28.767 1.2282
-36.6279 -28.7513 1.21857 0.00645808 -36.595 -28.767 1.2282
-36.7487 -28.971 1.2317 0.157287 -36.595 -28.767 1.2282
-36.7549 -28.7849 1.23095 0.108724 -36.595 -28.767 1.2282
-36.8687 -28.8773 1.23274 0.0798752 -36.595 -28.767 1.2282
-36.7888 -28.7811 1.22706 0.177962 -36.595 -28.767 1.2282
-36.7888 -28.7811 1.22706 0.177962 -36.595 -28.767 1.2282
