78.0577 -37.1132 3.71221 0.00299344 78.042 -36.892 3.7157
78.2044 -36.9811 3.71341 0.000495807 78.042 -36.892 3.7157
78.171 -37.1142 3.71516 0.000613781 78.042 -36.892 3.7157
78.1248 -37.2197 3.71187 0.00102394 78.042 -36.892 3.7157
78.007 -36.942 3.71683 0.000578873 78.042 -36.892 3.7157
78.171 -37.1142 3.71516 0.000613781 78.042 -36.892 3.7157
78.149 -36.9734 3.71138 0.000620458 78.042 -36.892 3.7157
78.1514 -37.2391 3.70867 0.000590015 78.042 -36.892 3.7157
78.1538 -37.0983 3.71012 0.00123149 78.042 -36.892 3.7157
78.0577 -37.1132 3.71221 0.00299344 78.042 -36.892 3.7157
78.007 -36.942 3.71683 0.000578873 78.042 -36.892 3.7157
78.1514 -37.2391 3.70867 0.000590015 78.042 -36.892 3.7157
78.0577 -37.1132 3.71221 0.00299344 78.042 -36.892 3.7157
78.0577 -37.1132 3.71221 0.00299344 78.042 -36.892 3.7157
77.8408 -36.936 3.71162 5.27147e-05 78.042 -36.892 3.7157
78.1538 -37.0983 3.71012 0.00123149 78.042 -36.892 3.7157
78.149 -36.9734 3.71138 0.000620458 78.042 -36.892 3.7157
78.1248 -37.2197 3.71187 0.00102394 78.042 -36.892 3.7157
78.007 -36.942 3.71683 0.000578873 78.042 -36.892 3.7157
78.007 -36.942 3.71683 0.000578873 78.042 -36.892 3.7157
78.149 -36.9734 3.71138 0.000620458 78.042 -36.892 3.7157
78.0577 -37.1132 3.71221 0.00299344 78.042 -36.892 3.7157
78.1538 -37.0983 3.71012 0.00123149 78.042 -36.892 3.7157
78.0577 -37.1132 3.71221 0.00299344 78.042 -36.892 3.7157
78.149 -36.9734 3.71138 0.000620458 78.042 -36.892 3.7157
78.1248 -37.2197 3.71187 0.00102394 78.042 -36.892 3.7157
78.171 -37.1142 3.71516 0.000613781 78.042 -36.892 3.7157
78.007 -36.942 3.71683 0.000578873 78.042 -36.892 3.7157
78.171 -37.1142 3.71516 0.000613781 78.042 -36.892 3.7157
77.8408 -36.936 3.71162 5.27147e-05 78.042 -36.892 3.7157
78.1514 -37.2391 3.70867 0.000590015 78.042 -36.892 3.7157
78.1514 -37.2391 3.70867 0.000590015 78.042 -36.892 3.7157
78.007 -36.942 3.71683 0.000578873 78.042 -36.892 3.7157
78.0577 -37.1132 3.71221 0.00299344 78.042 -36.892 3.7157
77.9434 -37.1083 3.71631 0.000343415 78.042 -36.892 3.7157
78.1248 -37.2197 3.71187 0.00102394 78.042 -36.892 3.7157
78.1538 -37.0983 3.71012 0.00123149 78.042 -36.892 3.7157
78.1248 -37.2197 3.71187 0.00102394 78.042 -36.892 3.7157
78.0577 -37.1132 3.71221 0.00299344 78.042 -36.892 3.7157
78.0577 -37.1132 3.71221 0.00299344 78.042 -36.892 3.7157
78.171 -37.1142 3.71516 0.000613781 78.042 -36.892 3.7157
78.007 -36.942 3.71683 0.000578873 78.042 -36.892 3.7157
78.0577 -37.1132 3.71221 0.00299344 78.042 -36.892 3.7157
78.0577 -37.1132 3.71221 0.00299344 78.042 -36.892 3.7157
78.0577 -37.1132 3.71221 0.00299344 78.042 -36.892 3.7157
78.2432 -36.9243 3.70833 5.9598e-06 78.042 -36.892 3.7157
78.0577 -37.1132 3.71221 0.00299344 78.042 -36.892 3.7157
78.149 -36.9734 3.71138 0.000620458 78.042 -36.892 3.7157
78.0577 -37.1132 3.71221 0.00299344 78.042 -36.892 3.7157
78.0577 -37.1132 3.71221 0.00299344 78.042 -36.892 3.7157
78.1248 -37.2197 3.71187 0.00102394 78.042 -36.892 3.7157
78.1248 -37.2197 3.71187 0.00102394 78.042 -36.892 3.7157
78.171 -37.1142 3.71516 0.000613781 78.042 -36.892 3.7157
78.0577 -37.1132 3.71221 0.00299344 78.042 -36.892 3.7157
78.0577 -37.1132 3.71221 0.00299344 78.042 -36.892 3.7157
78.149 -36.9734 3.71138 0.000620458 78.042 -36.892 3.7157
77.9434 -37.1083 3.71631 0.000343415 78.042 -36.892 3.7157
77.9434 -37.1083 3.71631 0.000343415 78.042 -36.892 3.7157
78.007 -36.942 3.71683 0.000578873 78.042 -36.892 3.7157
78.1248 -37.2197 3.71187 0.00102394 78.042 -36.892 3.7157
78.0577 -37.1132 3.71221 0.00299344 78.042 -36.892 3.7157
78.1538 -37.0983 3.71012 0.00123149 78.042 -36.892 3.7157
78.1538 -37.0983 3.71012 0.00123149 78.042 -36.892 3.7157
78.2405 -36.8706 3.71378 4.62987e-05 78.042 -36.892 3.7157
78.149 -36.9734 3.71138 0.000620458 78.042 -36.892 3.7157
77.9434 -37.1083 3.71631 0.000343415 78.042 -36.892 3.7157
78.0577 -37.1132 3.71221 0.00299344 78.042 -36.892 3.7157
78.1538 -37.0983 3.71012 0.00123149 78.042 -36.892 3.7157
78.1248 -37.2197 3.71187 0.00102394 78.042 -36.892 3.7157
78.0577 -37.1132 3.71221 0.00299344 78.042 -36.892 3.7157
78.171 -37.1142 3.71516 0.000613781 78.042 -36.892 3.7157
78.0577 -37.1132 3.71221 0.00299344 78.042 -36.892 3.7157
78.1248 -37.2197 3.71187 0.00102394 78.042 -36.892 3.7157
78.1538 -37.0983 3.71012 0.00123149 78.042 -36.892 3.7157
78.1299 -37.2103 3.71552 0.000195671 78.042 -36.892 3.7157
77.8715 -37.0185 3.71301 0.000386343 78.042 -36.892 3.7157
78.149 -36.9734 3.71138 0.000620458 78.042 -36.892 3.7157
78.0577 -37.1132 3.71221 0.00299344 78.042 -36.892 3.7157
78.0577 -37.1132 3.71221 0.00299344 78.042 -36.892 3.7157
78.1538 -37.0983 3.71012 0.00123149 78.042 -36.892 3.7157
78.1538 -37.0983 3.71012 0.00123149 78.042 -36.892 3.7157
78.1538 -37.0983 3.71012 0.00123149 78.042 -36.892 3.7157
78.1768 -36.8931 3.71474 0.0002418 78.042 -36.892 3.7157
78.149 -36.9734 3.71138 0.000620458 78.042 -36.892 3.7157
78.1768 -36.8931 3.71474 0.0002418 78.042 -36.892 3.7157
78.1538 -37.0983 3.71012 0.00123149 78.042 -36.892 3.7157
78.149 -36.9734 3.71138 0.000620458 78.042 -36.892 3.7157
78.171 -37.1142 3.71516 0.000613781 78.042 -36.892 3.7157
77.9296 -36.7864 3.71017 1.42702e-06 78.042 -36.892 3.7157
78.149 -36.9734 3.71138 0.000620458 78.042 -36.892 3.7157
78.1299 -37.2103 3.71552 0.000195671 78.042 -36.892 3.7157
77.9434 -37.1083 3.71631 0.000343415 78.042 -36.892 3.7157
78.2044 -36.9811 3.71341 0.000495807 78.042 -36.892 3.7157
78.0741 -37.3227 3.70547 0.000118362 78.042 -36.892 3.7157
78.1248 -37.2197 3.71187 0.00102394 78.042 -36.892 3.7157
78.416 -37.1005 3.7115 1.82851e-06 78.042 -36.892 3.7157
78.0577 -37.1132 3.71221 0.00299344 78.042 -36.892 3.7157
78.171 -37.1142 3.71516 0.000613781 78.042 -36.892 3.7157
78.1538 -37.0983 3.71012 0.00123149 78.042 -36.892 3.7157
78.171 -37.1142 3.71516 0.000613781 78.042 -36.892 3.7157
78.0577 -37.1132 3.71221 0.00299344 78.042 -36.892 3.7157
78.1248 -37.2197 3.71187 0.00102394 78.042 -36.892 3.7157
78.149 -36.9734 3.71138 0.000620458 78.042 -36.892 3.7157
78.171 -37.1142 3.71516 0.000613781 78.042 -36.892 3.7157
78.0577 -37.1132 3.71221 0.00299344 78.042 -36.892 3.7157
78.1538 -37.0983 3.71012 0.00123149 78.042 -36.892 3.7157
78.1248 -37.2197 3.71187 0.00102394 78.042 -36.892 3.7157
78.0577 -37.1132 3.71221 0.00299344 78.042 -36.892 3.7157
78.0577 -37.1132 3.71221 0.00299344 78.042 -36.892 3.7157
78.3002 -37.1726 3.70663 1.36275e-05 78.042 -36.892 3.7157
78.0577 -37.1132 3.71221 0.00299344 78.042 -36.892 3.7157
78.171 -37.1142 3.71516 0.000613781 78.042 -36.892 3.7157
78.0577 -37.1132 3.71221 0.00299344 78.042 -36.892 3.7157
77.8715 -37.0185 3.71301 0.000386343 78.042 -36.892 3.7157
77.9363 -36.7396 3.71677 7.05928e-06 78.042 -36.892 3.7157
78.1248 -37.2197 3.71187 0.00102394 78.042 -36.892 3.7157
78.1248 -37.2197 3.71187 0.00102394 78.042 -36.892 3.7157
78.171 -37.1142 3.71516 0.000613781 78.042 -36.892 3.7157
78.0577 -37.1132 3.71221 0.00299344 78.042 -36.892 3.7157
78.0741 -37.3227 3.70547 0.000118362 78.042 -36.892 3.7157
78.1248 -37.2197 3.71187 0.00102394 78.042 -36.892 3.7157
78.0577 -37.1132 3.71221 0.00299344 78.042 -36.892 3.7157
78.0577 -37.1132 3.71221 0.00299344 78.042 -36.892 3.7157
78.2044 -36.9811 3.71341 0.000495807 78.042 -36.892 3.7157
77.9434 -37.1083 3.71631 0.000343415 78.042 -36.892 3.7157
78.149 -36.9734 3.71138 0.000620458 78.042 -36.892 3.7157
78.149 -36.9734 3.71138 0.000620458 78.042 -36.892 3.7157
78.0577 -37.1132 3.71221 0.00299344 78.042 -36.892 3.7157
78.0577 -37.1132 3.71221 0.00299344 78.042 -36.892 3.7157
78.171 -37.1142 3.71516 0.000613781 78.042 -36.892 3.7157
78.1514 -37.2391 3.70867 0.000590015 78.042 -36.892 3.7157
78.1538 -37.0983 3.71012 0.00123149 78.042 -36.892 3.7157
78.007 -36.942 3.71683 0.000578873 78.042 -36.892 3.7157
78.1538 -37.0983 3.71012 0.00123149 78.042 -36.892 3.7157
78.171 -37.1142 3.71516 0.000613781 78.042 -36.892 3.7157
78.007 -36.942 3.71683 0.000578873 78.042 -36.892 3.7157
78.0577 -37.1132 3.71221 0.00299344 78.042 -36.892 3.7157
78.0577 -37.1132 3.71221 0.00299344 78.042 -36.892 3.7157
78.149 -36.9734 3.71138 0.000620458 78.042 -36.892 3.7157
78.0577 -37.1132 3.71221 0.00299344 78.042 -36.892 3.7157
78.1248 -37.2197 3.71187 0.00102394 78.042 -36.892 3.7157
78.1538 -37.0983 3.71012 0.00123149 78.042 -36.892 3.7157
78.0577 -37.1132 3.71221 0.00299344 78.042 -36.892 3.7157
77.9705 -37.0115 3.70745 0.000117906 78.042 -36.892 3.7157
78.1538 -37.0983 3.71012 0.00123149 78.042 -36.892 3.7157
78.007 -36.942 3.71683 0.000578873 78.042 -36.892 3.7157
78.0577 -37.1132 3.71221 0.00299344 78.042 -36.892 3.7157
78.0577 -37.1132 3.71221 0.00299344 78.042 -36.892 3.7157
77.8408 -36.936 3.71162 5.27147e-05 78.042 -36.892 3.7157
77.9705 -37.0115 3.70745 0.000117906 78.042 -36.892 3.7157
77.9434 -37.1083 3.71631 0.000343415 78.042 -36.892 3.7157
78.1248 -37.2197 3.71187 0.00102394 78.042 -36.892 3.7157
78.0577 -37.1132 3.71221 0.00299344 78.042 -36.892 3.7157
78.1248 -37.2197 3.71187 0.00102394 78.042 -36.892 3.7157
78.007 -36.942 3.71683 0.000578873 78.042 -36.892 3.7157
78.2212 -37.0764 3.71904 2.15078e-05 78.042 -36.892 3.7157
78.0577 -37.1132 3.71221 0.00299344 78.042 -36.892 3.7157
77.8715 -37.0185 3.71301 0.000386343 78.042 -36.892 3.7157
78.0577 -37.1132 3.71221 0.00299344 78.042 -36.892 3.7157
77.9434 -37.1083 3.71631 0.000343415 78.042 -36.892 3.7157
78.1514 -37.2391 3.70867 0.000590015 78.042 -36.892 3.7157
78.2044 -36.9811 3.71341 0.000495807 78.042 -36.892 3.7157
78.1299 -37.2103 3.71552 0.000195671 78.042 -36.892 3.7157
78.1538 -37.0983 3.71012 0.00123149 78.042 -36.892 3.7157
78.0577 -37.1132 3.71221 0.00299344 78.042 -36.892 3.7157
78.0577 -37.1132 3.71221 0.00299344 78.042 -36.892 3.7157
78.007 -36.942 3.71683 0.000578873 78.042 -36.892 3.7157
78.0297 -36.7862 3.71497 4.84606e-05 78.042 -36.892 3.7157
78.1248 -37.2197 3.71187 0.00102394 78.042 -36.892 3.7157
78.0577 -37.1132 3.71221 0.00299344 78.042 -36.892 3.7157
78.1538 -37.0983 3.71012 0.00123149 78.042 -36.892 3.7157
78.1248 -37.2197 3.71187 0.00102394 78.042 -36.892 3.7157
78.1538 -37.0983 3.71012 0.00123149 78.042 -36.892 3.7157
78.1248 -37.2197 3.71187 0.00102394 78.042 -36.892 3.7157
78.0577 -37.1132 3.71221 0.00299344 78.042 -36.892 3.7157
78.171 -37.1142 3.71516 0.000613781 78.042 -36.892 3.7157
78.1768 -36.8931 3.71474 0.0002418 78.042 -36.892 3.7157
78.0577 -37.1132 3.71221 0.00299344 78.042 -36.892 3.7157
78.007 -36.942 3.71683 0.000578873 78.042 -36.892 3.7157
78.1538 -37.0983 3.71012 0.00123149 78.042 -36.892 3.7157
78.007 -36.942 3.71683 0.000578873 78.042 -36.892 3.7157
78.007 -36.942 3.71683 0.000578873 78.042 -36.892 3.7157
78.007 -36.942 3.71683 0.000578873 78.042 -36.892 3.7157
78.149 -36.9734 3.71138 0.000620458 78.042 -36.892 3.7157
78.0577 -37.1132 3.71221 0.00299344 78.042 -36.892 3.7157
78.0577 -37.1132 3.71221 0.00299344 78.042 -36.892 3.7157
78.1299 -37.2103 3.71552 0.000195671 78.042 -36.892 3.7157
78.1538 -37.0983 3.71012 0.00123149 78.042 -36.892 3.7157
78.1248 -37.2197 3.71187 0.00102394 78.042 -36.892 3.7157
78.1538 -37.0983 3.71012 0.00123149 78.042 -36.892 3.7157
78.0577 -37.1132 3.71221 0.00299344 78.042 -36.892 3.7157
78.0577 -37.1132 3.71221 0.00299344 78.042 -36.892 3.7157
78.0057 -36.9978 3.72125 1.46351e-05 78.042 -36.892 3.7157
78.1248 -37.2197 3.71187 0.00102394 78.042 -36.892 3.7157
78.0577 -37.1132 3.71221 0.00299344 78.042 -36.892 3.7157
78.1514 -37.2391 3.70867 0.000590015 78.042 -36.892 3.7157
78.0577 -37.1132 3.71221 0.00299344 78.042 -36.892 3.7157
77.9434 -37.1083 3.71631 0.000343415 78.042 -36.892 3.7157
78.0577 -37.1132 3.71221 0.00299344 78.042 -36.892 3.7157
78.1768 -36.8931 3.71474 0.0002418 78.042 -36.892 3.7157
