161.105 -12.7306 3.30177 0.0749294 160.77 -13.027 3.295
161.127 -13.0569 3.30649 0.15643 160.77 -13.027 3.295
160.955 -12.9508 3.29664 0.389791 160.77 -13.027 3.295
160.945 -12.8376 3.29587 0.314064 160.77 -13.027 3.295
161.105 -12.7306 3.30177 0.0749294 160.77 -13.027 3.295
160.955 -13.0483 3.29828 0.322537 160.77 -13.027 3.295
160.652 -12.9229 3.29021 0.0715724 160.77 -13.027 3.295
161.056 -12.9686 3.30185 0.449949 160.77 -13.027 3.295
160.958 -12.7703 3.30015 0.285326 160.77 -13.027 3.295
160.821 -12.976 3.29819 0.485484 160.77 -13.027 3.295
160.624 -12.7506 3.29803 0.0254086 160.77 -13.027 3.295
161.127 -13.0569 3.30649 0.15643 160.77 -13.027 3.295
160.784 -13.0612 3.30286 0.0855068 160.77 -13.027 3.295
161.105 -12.7306 3.30177 0.0749294 160.77 -13.027 3.295
160.969 -12.9671 3.30614 0.203586 160.77 -13.027 3.295
160.951 -13.0293 3.30417 0.306385 160.77 -13.027 3.295
160.935 -12.9582 3.30197 0.566165 160.77 -13.027 3.295
160.935 -12.9582 3.30197 0.566165 160.77 -13.027 3.295
160.882 -12.7957 3.29464 0.253673 160.77 -13.027 3.295
160.95 -12.8687 3.29939 0.58988 160.77 -13.027 3.295
160.837 -12.9118 3.30576 0.0607911 160.77 -13.027 3.295
160.951 -13.0293 3.30417 0.306385 160.77 -13.027 3.295
160.784 -13.0612 3.30286 0.0855068 160.77 -13.027 3.295
160.652 -12.9229 3.29021 0.0715724 160.77 -13.027 3.295
160.853 -12.9262 3.295 0.405037 160.77 -13.027 3.295
160.935 -12.9582 3.30197 0.566165 160.77 -13.027 3.295
160.95 -12.8687 3.29939 0.58988 160.77 -13.027 3.295
161.127 -13.0569 3.30649 0.15643 160.77 -13.027 3.295
161.107 -12.8414 3.3007 0.203821 160.77 -13.027 3.295
161.004 -12.7184 3.30513 0.0473151 160.77 -13.027 3.295
160.95 -12.8687 3.29939 0.58988 160.77 -13.027 3.295
161.053 -12.7032 3.29827 0.061276 160.77 -13.027 3.295
160.955 -12.9508 3.29664 0.389791 160.77 -13.027 3.295
161.008 -12.869 3.31049 0.0156055 160.77 -13.027 3.295
160.95 -12.8687 3.29939 0.58988 160.77 -13.027 3.295
160.955 -12.9508 3.29664 0.389791 160.77 -13.027 3.295
160.955 -12.9508 3.29664 0.389791 160.77 -13.027 3.295
160.853 -12.9262 3.295 0.405037 160.77 -13.027 3.295
160.969 -12.9671 3.30614 0.203586 160.77 -13.027 3.295
160.955 -12.9508 3.29664 0.389791 160.77 -13.027 3.295
160.935 -12.9582 3.30197 0.566165 160.77 -13.027 3.295
160.821 -12.976 3.29819 0.485484 160.77 -13.027 3.295
160.958 -12.7703 3.30015 0.285326 160.77 -13.027 3.295
160.93 -13.0389 3.29223 0.0371487 160.77 -13.027 3.295
160.882 -12.7957 3.29464 0.253673 160.77 -13.027 3.295
160.76 -12.9406 3.29458 0.323905 160.77 -13.027 3.295
160.882 -12.7957 3.29464 0.253673 160.77 -13.027 3.295
161.107 -12.8414 3.3007 0.203821 160.77 -13.027 3.295
160.955 -12.9508 3.29664 0.389791 160.77 -13.027 3.295
160.821 -12.976 3.29819 0.485484 160.77 -13.027 3.295
161.081 -12.9365 3.29602 0.0809316 160.77 -13.027 3.295
160.935 -12.9582 3.30197 0.566165 160.77 -13.027 3.295
160.853 -12.9262 3.295 0.405037 160.77 -13.027 3.295
160.958 -12.7703 3.30015 0.285326 160.77 -13.027 3.295
161.056 -12.9686 3.30185 0.449949 160.77 -13.027 3.295
161.077 -12.8094 3.29988 0.201644 160.77 -13.027 3.295
160.951 -13.0293 3.30417 0.306385 160.77 -13.027 3.295
160.95 -12.8687 3.29939 0.58988 160.77 -13.027 3.295
160.945 -12.8376 3.29587 0.314064 160.77 -13.027 3.295
160.652 -12.9229 3.29021 0.0715724 160.77 -13.027 3.295
160.882 -12.7957 3.29464 0.253673 160.77 -13.027 3.295
161.127 -13.0569 3.30649 0.15643 160.77 -13.027 3.295
160.955 -13.0483 3.29828 0.322537 160.77 -13.027 3.295
160.905 -12.9629 3.2932 0.145276 160.77 -13.027 3.295
160.57 -13.0186 3.29984 0.00751494 160.77 -13.027 3.295
160.951 -13.0293 3.30417 0.306385 160.77 -13.027 3.295
160.784 -13.0612 3.30286 0.0855068 160.77 -13.027 3.295
160.935 -12.9582 3.30197 0.566165 160.77 -13.027 3.295
160.778 -13.1399 3.30125 0.0557122 160.77 -13.027 3.295
160.734 -12.9669 3.2965 0.290415 160.77 -13.027 3.295
160.955 -12.9508 3.29664 0.389791 160.77 -13.027 3.295
160.999 -13.1285 3.29884 0.117371 160.77 -13.027 3.295
160.734 -12.9669 3.2965 0.290415 160.77 -13.027 3.295
160.935 -12.9582 3.30197 0.566165 160.77 -13.027 3.295
160.95 -12.8687 3.29939 0.58988 160.77 -13.027 3.295
160.945 -12.8376 3.29587 0.314064 160.77 -13.027 3.295
161.127 -13.0569 3.30649 0.15643 160.77 -13.027 3.295
161.105 -12.7306 3.30177 0.0749294 160.77 -13.027 3.295
160.898 -13.0678 3.30589 0.0912605 160.77 -13.027 3.295
160.945 -12.8376 3.29587 0.314064 160.77 -13.027 3.295
160.76 -12.9406 3.29458 0.323905 160.77 -13.027 3.295
160.969 -12.9671 3.30614 0.203586 160.77 -13.027 3.295
161.105 -12.7306 3.30177 0.0749294 160.77 -13.027 3.295
161.107 -12.8414 3.3007 0.203821 160.77 -13.027 3.295
160.95 -12.8687 3.29939 0.58988 160.77 -13.027 3.295
160.955 -13.0483 3.29828 0.322537 160.77 -13.027 3.295
160.935 -12.9582 3.30197 0.566165 160.77 -13.027 3.295
160.76 -12.9406 3.29458 0.323905 160.77 -13.027 3.295
160.958 -12.7703 3.30015 0.285326 160.77 -13.027 3.295
160.945 -12.8376 3.29587 0.314064 160.77 -13.027 3.295
160.652 -12.9229 3.29021 0.0715724 160.77 -13.027 3.295
161.028 -13.1347 3.30494 0.1273 160.77 -13.027 3.295
160.95 -12.8687 3.29939 0.58988 160.77 -13.027 3.295
160.955 -13.0483 3.29828 0.322537 160.77 -13.027 3.295
160.935 -12.9582 3.30197 0.566165 160.77 -13.027 3.295
161.149 -12.8965 3.30247 0.200503 160.77 -13.027 3.295
160.95 -12.8687 3.29939 0.58988 160.77 -13.027 3.295
160.955 -12.9508 3.29664 0.389791 160.77 -13.027 3.295
160.95 -12.8687 3.29939 0.58988 160.77 -13.027 3.295
160.95 -12.8687 3.29939 0.58988 160.77 -13.027 3.295
161.081 -12.9365 3.29602 0.0809316 160.77 -13.027 3.295
161.056 -12.9686 3.30185 0.449949 160.77 -13.027 3.295
160.853 -12.9262 3.295 0.405037 160.77 -13.027 3.295
161.149 -12.8965 3.30247 0.200503 160.77 -13.027 3.295
160.955 -12.9508 3.29664 0.389791 160.77 -13.027 3.295
161.105 -12.7306 3.30177 0.0749294 160.77 -13.027 3.295
160.969 -12.9671 3.30614 0.203586 160.77 -13.027 3.295
160.945 -12.8376 3.29587 0.314064 160.77 -13.027 3.295
160.955 -12.9508 3.29664 0.389791 160.77 -13.027 3.295
160.76 -12.9406 3.29458 0.323905 160.77 -13.027 3.295
160.695 -13.2135 3.30051 0.00625157 160.77 -13.027 3.295
160.95 -12.8687 3.29939 0.58988 160.77 -13.027 3.295
161.056 -12.9686 3.30185 0.449949 160.77 -13.027 3.295
160.838 -12.9377 3.28689 0.00510397 160.77 -13.027 3.295
160.935 -12.9582 3.30197 0.566165 160.77 -13.027 3.295
160.821 -12.976 3.29819 0.485484 160.77 -13.027 3.295
160.969 -12.9671 3.30614 0.203586 160.77 -13.027 3.295
160.958 -12.7703 3.30015 0.285326 160.77 -13.027 3.295
160.821 -12.976 3.29819 0.485484 160.77 -13.027 3.295
160.981 -12.6817 3.29691 0.0678329 160.77 -13.027 3.295
160.821 -12.976 3.29819 0.485484 160.77 -13.027 3.295
160.969 -12.9671 3.30614 0.203586 160.77 -13.027 3.295
160.905 -12.9629 3.2932 0.145276 160.77 -13.027 3.295
160.935 -12.9582 3.30197 0.566165 160.77 -13.027 3.295
160.955 -12.9508 3.29664 0.389791 160.77 -13.027 3.295
160.866 -12.9782 3.30489 0.147474 160.77 -13.027 3.295
161.056 -12.9686 3.30185 0.449949 160.77 -13.027 3.295
160.95 -12.8687 3.29939 0.58988 160.77 -13.027 3.295
160.935 -12.9582 3.30197 0.566165 160.77 -13.027 3.295
160.95 -12.8687 3.29939 0.58988 160.77 -13.027 3.295
160.829 -12.8703 3.29071 0.0919226 160.77 -13.027 3.295
160.955 -12.9508 3.29664 0.389791 160.77 -13.027 3.295
161.056 -12.9686 3.30185 0.449949 160.77 -13.027 3.295
161.008 -12.869 3.31049 0.0156055 160.77 -13.027 3.295
160.912 -13.1323 3.29412 0.034742 160.77 -13.027 3.295
161.028 -13.1347 3.30494 0.1273 160.77 -13.027 3.295
160.882 -12.7957 3.29464 0.253673 160.77 -13.027 3.295
160.95 -12.8687 3.29939 0.58988 160.77 -13.027 3.295
160.837 -12.9118 3.30576 0.0607911 160.77 -13.027 3.295
160.955 -12.9508 3.29664 0.389791 160.77 -13.027 3.295
160.935 -12.9582 3.30197 0.566165 160.77 -13.027 3.295
160.866 -12.9782 3.30489 0.147474 160.77 -13.027 3.295
160.829 -12.8703 3.29071 0.0919226 160.77 -13.027 3.295
160.866 -12.9782 3.30489 0.147474 160.77 -13.027 3.295
160.951 -13.0293 3.30417 0.306385 160.77 -13.027 3.295
160.853 -12.9262 3.295 0.405037 160.77 -13.027 3.295
160.853 -12.9262 3.295 0.405037 160.77 -13.027 3.295
160.945 -12.8376 3.29587 0.314064 160.77 -13.027 3.295
161.056 -12.9686 3.30185 0.449949 160.77 -13.027 3.295
160.853 -12.9262 3.295 0.405037 160.77 -13.027 3.295
161.107 -12.8414 3.3007 0.203821 160.77 -13.027 3.295
160.938 -13.0557 3.29488 0.114585 160.77 -13.027 3.295
161.125 -13.1821 3.29679 0.00466093 160.77 -13.027 3.295
160.95 -12.8687 3.29939 0.58988 160.77 -13.027 3.295
161.056 -12.9686 3.30185 0.449949 160.77 -13.027 3.295
161.056 -12.9686 3.30185 0.449949 160.77 -13.027 3.295
160.955 -12.9508 3.29664 0.389791 160.77 -13.027 3.295
160.901 -13.2096 3.30215 0.0444589 160.77 -13.027 3.295
160.935 -12.9582 3.30197 0.566165 160.77 -13.027 3.295
160.821 -12.976 3.29819 0.485484 160.77 -13.027 3.295
160.935 -12.9582 3.30197 0.566165 160.77 -13.027 3.295
161.127 -13.0569 3.30649 0.15643 160.77 -13.027 3.295
160.821 -12.976 3.29819 0.485484 160.77 -13.027 3.295
161.077 -12.8094 3.29988 0.201644 160.77 -13.027 3.295
160.78 -12.9626 3.29028 0.0675998 160.77 -13.027 3.295
160.734 -12.9669 3.2965 0.290415 160.77 -13.027 3.295
161.053 -12.7032 3.29827 0.061276 160.77 -13.027 3.295
160.882 -12.7957 3.29464 0.253673 160.77 -13.027 3.295
161.127 -13.0569 3.30649 0.15643 160.77 -13.027 3.295
160.95 -12.8687 3.29939 0.58988 160.77 -13.027 3.295
160.95 -12.8687 3.29939 0.58988 160.77 -13.027 3.295
160.935 -12.9582 3.30197 0.566165 160.77 -13.027 3.295
160.958 -12.7703 3.30015 0.285326 160.77 -13.027 3.295
160.955 -12.9508 3.29664 0.389791 160.77 -13.027 3.295
160.821 -12.976 3.29819 0.485484 160.77 -13.027 3.295
160.853 -12.9262 3.295 0.405037 160.77 -13.027 3.295
161.056 -12.9686 3.30185 0.449949 160.77 -13.027 3.295
160.76 -12.9406 3.29458 0.323905 160.77 -13.027 3.295
160.76 -12.9406 3.29458 0.323905 160.77 -13.027 3.295
160.95 -12.8687 3.29939 0.58988 160.77 -13.027 3.295
160.999 -13.1285 3.29884 0.117371 160.77 -13.027 3.295
160.821 -12.976 3.29819 0.485484 160.77 -13.027 3.295
160.95 -12.8687 3.29939 0.58988 160.77 -13.027 3.295
160.945 -12.8376 3.29587 0.314064 160.77 -13.027 3.295
161.267 -12.8185 3.30314 0.0242474 160.77 -13.027 3.295
161.105 -12.7306 3.30177 0.0749294 160.77 -13.027 3.295
160.78 -12.9626 3.29028 0.0675998 160.77 -13.027 3.295
160.935 -12.9582 3.30197 0.566165 160.77 -13.027 3.295
160.866 -12.9782 3.30489 0.147474 160.77 -13.027 3.295
160.95 -12.8687 3.29939 0.58988 160.77 -13.027 3.295
160.945 -12.8376 3.29587 0.314064 160.77 -13.027 3.295
160.95 -12.8687 3.29939 0.58988 160.77 -13.027 3.295
160.95 -12.8687 3.29939 0.58988 160.77 -13.027 3.295
160.853 -12.9262 3.295 0.405037 160.77 -13.027 3.295
160.882 -12.7957 3.29464 0.253673 160.77 -13.027 3.295
160.76 -12.9406 3.29458 0.323905 160.77 -13.027 3.295
160.969 -12.9671 3.30614 0.203586 160.77 -13.027 3.295
161.077 -12.8094 3.29988 0.201644 160.77 -13.027 3.295
160.955 -12.9508 3.29664 0.389791 160.77 -13.027 3.295
160.969 -12.9671 3.30614 0.203586 160.77 -13.027 3.295
