9.87872 -93.9078 3.47542 0.108186 10.19 -94.05 3.4785
9.86463 -93.9214 3.47596 0.100653 10.19 -94.05 3.4785
9.87872 -93.9078 3.47542 0.108186 10.19 -94.05 3.4785
9.81544 -93.7568 3.48483 0.0985724 10.19 -94.05 3.4785
9.78114 -93.9002 3.48164 0.0500651 10.19 -94.05 3.4785
10.0807 -93.3036 3.48262 0.0238705 10.19 -94.05 3.4785
9.91857 -93.9137 3.47225 0.0555051 10.19 -94.05 3.4785
9.72762 -93.8531 3.47325 0.100657 10.19 -94.05 3.4785
9.95249 -93.744 3.48554 0.128178 10.19 -94.05 3.4785
9.64935 -93.8789 3.47436 0.0609568 10.19 -94.05 3.4785
9.95249 -93.744 3.48554 0.128178 10.19 -94.05 3.4785
9.69589 -93.9407 3.47302 0.0504116 10.19 -94.05 3.4785
9.3153 -93.8325 3.46773 0.00028426 10.19 -94.05 3.4785
9.95249 -93.744 3.48554 0.128178 10.19 -94.05 3.4785
9.64935 -93.8789 3.47436 0.0609568 10.19 -94.05 3.4785
9.72762 -93.8531 3.47325 0.100657 10.19 -94.05 3.4785
9.85006 -94.0629 3.48666 0.000445714 10.19 -94.05 3.4785
10.0333 -93.8559 3.48147 0.0839927 10.19 -94.05 3.4785
9.81544 -93.7568 3.48483 0.0985724 10.19 -94.05 3.4785
9.82103 -93.8211 3.4756 0.191591 10.19 -94.05 3.4785
10.156 -93.6836 3.48399 0.0864863 10.19 -94.05 3.4785
9.8475 -93.8903 3.47611 0.132036 10.19 -94.05 3.4785
9.78645 -93.9216 3.47861 0.0761849 10.19 -94.05 3.4785
9.91857 -93.9137 3.47225 0.0555051 10.19 -94.05 3.4785
9.87872 -93.9078 3.47542 0.108186 10.19 -94.05 3.4785
9.9014 -93.6684 3.48526 0.209805 10.19 -94.05 3.4785
9.64935 -93.8789 3.47436 0.0609568 10.19 -94.05 3.4785
9.68853 -93.8349 3.47169 0.0677111 10.19 -94.05 3.4785
9.9014 -93.6684 3.48526 0.209805 10.19 -94.05 3.4785
10.1013 -93.6031 3.48787 0.101956 10.19 -94.05 3.4785
9.72762 -93.8531 3.47325 0.100657 10.19 -94.05 3.4785
9.95249 -93.744 3.48554 0.128178 10.19 -94.05 3.4785
9.95249 -93.744 3.48554 0.128178 10.19 -94.05 3.4785
9.88693 -94.102 3.46984 0.00640436 10.19 -94.05 3.4785
9.9014 -93.6684 3.48526 0.209805 10.19 -94.05 3.4785
9.69078 -93.9543 3.47643 0.0410745 10.19 -94.05 3.4785
9.9014 -93.6684 3.48526 0.209805 10.19 -94.05 3.4785
9.9014 -93.6684 3.48526 0.209805 10.19 -94.05 3.4785
9.92555 -93.6471 3.47616 0.20656 10.19 -94.05 3.4785
9.91857 -93.9137 3.47225 0.0555051 10.19 -94.05 3.4785
9.8475 -93.8903 3.47611 0.132036 10.19 -94.05 3.4785
9.98947 -93.7568 3.4842 0.153416 10.19 -94.05 3.4785
9.69589 -93.9407 3.47302 0.0504116 10.19 -94.05 3.4785
9.60001 -94.1137 3.46842 0.00298077 10.19 -94.05 3.4785
9.86463 -93.9214 3.47596 0.100653 10.19 -94.05 3.4785
9.81544 -93.7568 3.48483 0.0985724 10.19 -94.05 3.4785
9.98947 -93.7568 3.4842 0.153416 10.19 -94.05 3.4785
10.1013 -93.6031 3.48787 0.101956 10.19 -94.05 3.4785
9.81544 -93.7568 3.48483 0.0985724 10.19 -94.05 3.4785
9.78156 -93.8381 3.48464 0.0385753 10.19 -94.05 3.4785
9.81544 -93.7568 3.48483 0.0985724 10.19 -94.05 3.4785
10.5641 -93.7745 3.48827 1.76084e-05 10.19 -94.05 3.4785
10.1013 -93.6031 3.48787 0.101956 10.19 -94.05 3.4785
9.92555 -93.6471 3.47616 0.20656 10.19 -94.05 3.4785
9.71477 -93.7358 3.47435 0.139654 10.19 -94.05 3.4785
9.91857 -93.9137 3.47225 0.0555051 10.19 -94.05 3.4785
9.95249 -93.744 3.48554 0.128178 10.19 -94.05 3.4785
10.0439 -94.1129 3.47607 0.00334826 10.19 -94.05 3.4785
9.78645 -93.9216 3.47861 0.0761849 10.19 -94.05 3.4785
10.0333 -93.8559 3.48147 0.0839927 10.19 -94.05 3.4785
9.78156 -93.8381 3.48464 0.0385753 10.19 -94.05 3.4785
10.1013 -93.6031 3.48787 0.101956 10.19 -94.05 3.4785
9.69078 -93.9543 3.47643 0.0410745 10.19 -94.05 3.4785
9.82103 -93.8211 3.4756 0.191591 10.19 -94.05 3.4785
9.83878 -93.7567 3.47137 0.0797804 10.19 -94.05 3.4785
9.82103 -93.8211 3.4756 0.191591 10.19 -94.05 3.4785
9.92555 -93.6471 3.47616 0.20656 10.19 -94.05 3.4785
9.9014 -93.6684 3.48526 0.209805 10.19 -94.05 3.4785
9.64935 -93.8789 3.47436 0.0609568 10.19 -94.05 3.4785
9.8475 -93.8903 3.47611 0.132036 10.19 -94.05 3.4785
9.83878 -93.7567 3.47137 0.0797804 10.19 -94.05 3.4785
9.86463 -93.9214 3.47596 0.100653 10.19 -94.05 3.4785
9.82103 -93.8211 3.4756 0.191591 10.19 -94.05 3.4785
9.87872 -93.9078 3.47542 0.108186 10.19 -94.05 3.4785
9.71477 -93.7358 3.47435 0.139654 10.19 -94.05 3.4785
9.94848 -93.9028 3.48855 0.00503597 10.19 -94.05 3.4785
9.87872 -93.9078 3.47542 0.108186 10.19 -94.05 3.4785
9.71477 -93.7358 3.47435 0.139654 10.19 -94.05 3.4785
9.86463 -93.9214 3.47596 0.100653 10.19 -94.05 3.4785
9.81371 -93.9934 3.47278 0.0419576 10.19 -94.05 3.4785
9.82103 -93.8211 3.4756 0.191591 10.19 -94.05 3.4785
9.69101 -93.8635 3.47485 0.0915676 10.19 -94.05 3.4785
9.8475 -93.8903 3.47611 0.132036 10.19 -94.05 3.4785
9.69589 -93.9407 3.47302 0.0504116 10.19 -94.05 3.4785
9.98947 -93.7568 3.4842 0.153416 10.19 -94.05 3.4785
9.70858 -94.0061 3.47387 0.029737 10.19 -94.05 3.4785
9.69101 -93.8635 3.47485 0.0915676 10.19 -94.05 3.4785
10.1123 -94.1315 3.47388 0.0010774 10.19 -94.05 3.4785
10.1013 -93.6031 3.48787 0.101956 10.19 -94.05 3.4785
10.0972 -93.8222 3.4846 0.0464594 10.19 -94.05 3.4785
9.71477 -93.7358 3.47435 0.139654 10.19 -94.05 3.4785
9.71477 -93.7358 3.47435 0.139654 10.19 -94.05 3.4785
9.91857 -93.9137 3.47225 0.0555051 10.19 -94.05 3.4785
9.86463 -93.9214 3.47596 0.100653 10.19 -94.05 3.4785
9.71477 -93.7358 3.47435 0.139654 10.19 -94.05 3.4785
10.0006 -93.9687 3.47403 0.0302848 10.19 -94.05 3.4785
9.71477 -93.7358 3.47435 0.139654 10.19 -94.05 3.4785
9.92555 -93.6471 3.47616 0.20656 10.19 -94.05 3.4785
9.81544 -93.7568 3.48483 0.0985724 10.19 -94.05 3.4785
9.98947 -93.7568 3.4842 0.153416 10.19 -94.05 3.4785
9.64935 -93.8789 3.47436 0.0609568 10.19 -94.05 3.4785
9.71477 -93.7358 3.47435 0.139654 10.19 -94.05 3.4785
9.78645 -93.9216 3.47861 0.0761849 10.19 -94.05 3.4785
9.46463 -93.6597 3.47703 0.00911235 10.19 -94.05 3.4785
9.87218 -93.7572 3.47468 0.192067 10.19 -94.05 3.4785
9.72762 -93.8531 3.47325 0.100657 10.19 -94.05 3.4785
9.64935 -93.8789 3.47436 0.0609568 10.19 -94.05 3.4785
9.69589 -93.9407 3.47302 0.0504116 10.19 -94.05 3.4785
9.81544 -93.7568 3.48483 0.0985724 10.19 -94.05 3.4785
10.0333 -93.8559 3.48147 0.0839927 10.19 -94.05 3.4785
9.82918 -93.5528 3.47398 0.0726999 10.19 -94.05 3.4785
9.87218 -93.7572 3.47468 0.192067 10.19 -94.05 3.4785
10.0017 -93.9607 3.47616 0.0407259 10.19 -94.05 3.4785
9.8475 -93.8903 3.47611 0.132036 10.19 -94.05 3.4785
9.87218 -93.7572 3.47468 0.192067 10.19 -94.05 3.4785
9.72762 -93.8531 3.47325 0.100657 10.19 -94.05 3.4785
9.86463 -93.9214 3.47596 0.100653 10.19 -94.05 3.4785
9.86463 -93.9214 3.47596 0.100653 10.19 -94.05 3.4785
9.78114 -93.9002 3.48164 0.0500651 10.19 -94.05 3.4785
9.91857 -93.9137 3.47225 0.0555051 10.19 -94.05 3.4785
9.9014 -93.6684 3.48526 0.209805 10.19 -94.05 3.4785
9.87218 -93.7572 3.47468 0.192067 10.19 -94.05 3.4785
10.1143 -94.0206 3.48229 0.00402431 10.19 -94.05 3.4785
9.87218 -93.7572 3.47468 0.192067 10.19 -94.05 3.4785
9.86463 -93.9214 3.47596 0.100653 10.19 -94.05 3.4785
9.92555 -93.6471 3.47616 0.20656 10.19 -94.05 3.4785
9.95249 -93.744 3.48554 0.128178 10.19 -94.05 3.4785
10.3093 -93.7614 3.48519 0.00645722 10.19 -94.05 3.4785
9.8475 -93.8903 3.47611 0.132036 10.19 -94.05 3.4785
9.95249 -93.744 3.48554 0.128178 10.19 -94.05 3.4785
9.71477 -93.7358 3.47435 0.139654 10.19 -94.05 3.4785
10.0807 -93.3036 3.48262 0.0238705 10.19 -94.05 3.4785
10.0333 -93.8559 3.48147 0.0839927 10.19 -94.05 3.4785
9.87218 -93.7572 3.47468 0.192067 10.19 -94.05 3.4785
9.98947 -93.7568 3.4842 0.153416 10.19 -94.05 3.4785
9.98947 -93.7568 3.4842 0.153416 10.19 -94.05 3.4785
9.98947 -93.7568 3.4842 0.153416 10.19 -94.05 3.4785
9.78645 -93.9216 3.47861 0.0761849 10.19 -94.05 3.4785
9.72762 -93.8531 3.47325 0.100657 10.19 -94.05 3.4785
9.92555 -93.6471 3.47616 0.20656 10.19 -94.05 3.4785
9.92555 -93.6471 3.47616 0.20656 10.19 -94.05 3.4785
10.2139 -93.6912 3.48789 0.0253359 10.19 -94.05 3.4785
10.0006 -93.9687 3.47403 0.0302848 10.19 -94.05 3.4785
9.72762 -93.8531 3.47325 0.100657 10.19 -94.05 3.4785
9.88102 -94.0626 3.48077 0.00727952 10.19 -94.05 3.4785
9.69589 -93.9407 3.47302 0.0504116 10.19 -94.05 3.4785
9.92555 -93.6471 3.47616 0.20656 10.19 -94.05 3.4785
9.82103 -93.8211 3.4756 0.191591 10.19 -94.05 3.4785
10.0006 -93.9687 3.47403 0.0302848 10.19 -94.05 3.4785
9.86463 -93.9214 3.47596 0.100653 10.19 -94.05 3.4785
9.86463 -93.9214 3.47596 0.100653 10.19 -94.05 3.4785
9.92555 -93.6471 3.47616 0.20656 10.19 -94.05 3.4785
10.0333 -93.8559 3.48147 0.0839927 10.19 -94.05 3.4785
9.9014 -93.6684 3.48526 0.209805 10.19 -94.05 3.4785
10.4183 -93.7012 3.48774 0.00107382 10.19 -94.05 3.4785
9.71477 -93.7358 3.47435 0.139654 10.19 -94.05 3.4785
9.87218 -93.7572 3.47468 0.192067 10.19 -94.05 3.4785
9.82918 -93.5528 3.47398 0.0726999 10.19 -94.05 3.4785
10.2884 -94.1469 3.48027 4.742e-05 10.19 -94.05 3.4785
9.68853 -93.8349 3.47169 0.0677111 10.19 -94.05 3.4785
9.83878 -93.7567 3.47137 0.0797804 10.19 -94.05 3.4785
9.87872 -93.9078 3.47542 0.108186 10.19 -94.05 3.4785
10.0006 -93.9687 3.47403 0.0302848 10.19 -94.05 3.4785
9.71477 -93.7358 3.47435 0.139654 10.19 -94.05 3.4785
10.1013 -93.6031 3.48787 0.101956 10.19 -94.05 3.4785
9.71477 -93.7358 3.47435 0.139654 10.19 -94.05 3.4785
9.98947 -93.7568 3.4842 0.153416 10.19 -94.05 3.4785
10.0333 -93.8559 3.48147 0.0839927 10.19 -94.05 3.4785
9.87218 -93.7572 3.47468 0.192067 10.19 -94.05 3.4785
9.69078 -93.9543 3.47643 0.0410745 10.19 -94.05 3.4785
9.87872 -93.9078 3.47542 0.108186 10.19 -94.05 3.4785
9.86463 -93.9214 3.47596 0.100653 10.19 -94.05 3.4785
9.68853 -93.8349 3.47169 0.0677111 10.19 -94.05 3.4785
10.0017 -93.9607 3.47616 0.0407259 10.19 -94.05 3.4785
10.156 -93.6836 3.48399 0.0864863 10.19 -94.05 3.4785
9.95249 -93.744 3.48554 0.128178 10.19 -94.05 3.4785
9.71477 -93.7358 3.47435 0.139654 10.19 -94.05 3.4785
9.82103 -93.8211 3.4756 0.191591 10.19 -94.05 3.4785
9.83878 -93.7567 3.47137 0.0797804 10.19 -94.05 3.4785
9.82918 -93.5528 3.47398 0.0726999 10.19 -94.05 3.4785
9.8475 -93.8903 3.47611 0.132036 10.19 -94.05 3.4785
10.0333 -93.8559 3.48147 0.0839927 10.19 -94.05 3.4785
10.156 -93.6836 3.48399 0.0864863 10.19 -94.05 3.4785
9.87218 -93.7572 3.47468 0.192067 10.19 -94.05 3.4785
9.9014 -93.6684 3.48526 0.209805 10.19 -94.05 3.4785
9.8475 -93.8903 3.47611 0.132036 10.19 -94.05 3.4785
9.82103 -93.8211 3.4756 0.191591 10.19 -94.05 3.4785
9.91857 -93.9137 3.47225 0.0555051 10.19 -94.05 3.4785
9.8475 -93.8903 3.47611 0.132036 10.19 -94.05 3.4785
9.81371 -93.9934 3.47278 0.0419576 10.19 -94.05 3.4785
9.87218 -93.7572 3.47468 0.192067 10.19 -94.05 3.4785
9.9014 -93.6684 3.48526 0.209805 10.19 -94.05 3.4785
9.92555 -93.6471 3.47616 0.20656 10.19 -94.05 3.4785
9.59324 -94.1366 3.4744 0.00175635 10.19 -94.05 3.4785
9.8394 -94.012 3.48188 0.011611 10.19 -94.05 3.4785
10.2139 -93.6912 3.48789 0.0253359 10.19 -94.05 3.4785
10.2439 -93.5512 3.48255 0.0306418 10.19 -94.05 3.4785
9.91857 -93.9137 3.47225 0.0555051 10.19 -94.05 3.4785
9.78645 -93.9216 3.47861 0.0761849 10.19 -94.05 3.4785
9.71477 -93.7358 3.47435 0.139654 10.19 -94.05 3.4785
