278.56 8.60908 4.85891 0.0495177 278.75 8.4908 4.8631
278.706 8.42382 4.87147 0.0274521 278.75 8.4908 4.8631
278.689 8.51339 4.86767 0.083044 278.75 8.4908 4.8631
278.474 8.39924 4.87162 0.0195886 278.75 8.4908 4.8631
278.56 8.60908 4.85891 0.0495177 278.75 8.4908 4.8631
278.342 8.39238 4.86189 0.0148107 278.75 8.4908 4.8631
278.689 8.51339 4.86767 0.083044 278.75 8.4908 4.8631
278.474 8.39924 4.87162 0.0195886 278.75 8.4908 4.8631
278.605 8.43496 4.85688 0.0258324 278.75 8.4908 4.8631
278.591 8.35387 4.86314 0.0310588 278.75 8.4908 4.8631
278.722 8.49744 4.85962 0.0154204 278.75 8.4908 4.8631
278.311 8.56513 4.86896 0.0121981 278.75 8.4908 4.8631
278.689 8.51339 4.86767 0.083044 278.75 8.4908 4.8631
278.689 8.51339 4.86767 0.083044 278.75 8.4908 4.8631
278.547 8.4854 4.85864 0.0660188 278.75 8.4908 4.8631
278.581 8.45035 4.87476 0.0337335 278.75 8.4908 4.8631
278.918 8.45949 4.86168 0.000239566 278.75 8.4908 4.8631
278.282 8.52217 4.86407 0.011149 278.75 8.4908 4.8631
278.591 8.35387 4.86314 0.0310588 278.75 8.4908 4.8631
278.621 8.47519 4.8625 0.0819331 278.75 8.4908 4.8631
278.474 8.39924 4.87162 0.0195886 278.75 8.4908 4.8631
278.531 8.50788 4.86569 0.150259 278.75 8.4908 4.8631
278.56 8.60908 4.85891 0.0495177 278.75 8.4908 4.8631
278.765 8.30496 4.86926 0.00207444 278.75 8.4908 4.8631
278.342 8.39238 4.86189 0.0148107 278.75 8.4908 4.8631
278.706 8.42382 4.87147 0.0274521 278.75 8.4908 4.8631
278.706 8.77124 4.8777 0.0224389 278.75 8.4908 4.8631
278.527 8.63978 4.86108 0.0689164 278.75 8.4908 4.8631
278.706 8.77124 4.8777 0.0224389 278.75 8.4908 4.8631
278.67 8.36742 4.85495 0.00423724 278.75 8.4908 4.8631
278.531 8.50788 4.86569 0.150259 278.75 8.4908 4.8631
278.56 8.60908 4.85891 0.0495177 278.75 8.4908 4.8631
278.395 8.64916 4.85352 0.00542713 278.75 8.4908 4.8631
278.621 8.47519 4.8625 0.0819331 278.75 8.4908 4.8631
278.547 8.4854 4.85864 0.0660188 278.75 8.4908 4.8631
278.598 8.66341 4.87164 0.124049 278.75 8.4908 4.8631
278.527 8.63978 4.86108 0.0689164 278.75 8.4908 4.8631
278.689 8.51339 4.86767 0.083044 278.75 8.4908 4.8631
278.56 8.60908 4.85891 0.0495177 278.75 8.4908 4.8631
278.559 8.59955 4.85886 0.0522884 278.75 8.4908 4.8631
278.706 8.77124 4.8777 0.0224389 278.75 8.4908 4.8631
278.455 8.60831 4.86502 0.105313 278.75 8.4908 4.8631
278.621 8.47519 4.8625 0.0819331 278.75 8.4908 4.8631
278.598 8.66341 4.87164 0.124049 278.75 8.4908 4.8631
278.547 8.4854 4.85864 0.0660188 278.75 8.4908 4.8631
278.474 8.39924 4.87162 0.0195886 278.75 8.4908 4.8631
278.735 8.42118 4.8579 0.0054505 278.75 8.4908 4.8631
278.621 8.47519 4.8625 0.0819331 278.75 8.4908 4.8631
278.621 8.47519 4.8625 0.0819331 278.75 8.4908 4.8631
278.621 8.47519 4.8625 0.0819331 278.75 8.4908 4.8631
278.598 8.66341 4.87164 0.124049 278.75 8.4908 4.8631
278.591 8.35387 4.86314 0.0310588 278.75 8.4908 4.8631
278.591 8.35387 4.86314 0.0310588 278.75 8.4908 4.8631
278.56 8.60908 4.85891 0.0495177 278.75 8.4908 4.8631
278.547 8.4854 4.85864 0.0660188 278.75 8.4908 4.8631
278.591 8.35387 4.86314 0.0310588 278.75 8.4908 4.8631
278.514 8.46984 4.87108 0.0703723 278.75 8.4908 4.8631
278.598 8.66341 4.87164 0.124049 278.75 8.4908 4.8631
278.857 8.77984 4.87382 0.00303706 278.75 8.4908 4.8631
278.706 8.44217 4.85739 0.00886803 278.75 8.4908 4.8631
278.598 8.66341 4.87164 0.124049 278.75 8.4908 4.8631
278.531 8.50788 4.86569 0.150259 278.75 8.4908 4.8631
278.706 8.77124 4.8777 0.0224389 278.75 8.4908 4.8631
278.689 8.51339 4.86767 0.083044 278.75 8.4908 4.8631
278.729 8.33854 4.86104 0.004884 278.75 8.4908 4.8631
278.56 8.60908 4.85891 0.0495177 278.75 8.4908 4.8631
278.605 8.43496 4.85688 0.0258324 278.75 8.4908 4.8631
278.514 8.46984 4.87108 0.0703723 278.75 8.4908 4.8631
278.531 8.50788 4.86569 0.150259 278.75 8.4908 4.8631
278.547 8.4854 4.85864 0.0660188 278.75 8.4908 4.8631
278.311 8.56513 4.86896 0.0121981 278.75 8.4908 4.8631
278.527 8.63978 4.86108 0.0689164 278.75 8.4908 4.8631
278.531 8.50788 4.86569 0.150259 278.75 8.4908 4.8631
278.474 8.39924 4.87162 0.0195886 278.75 8.4908 4.8631
278.591 8.35387 4.86314 0.0310588 278.75 8.4908 4.8631
278.395 8.64916 4.85352 0.00542713 278.75 8.4908 4.8631
278.56 8.60908 4.85891 0.0495177 278.75 8.4908 4.8631
278.722 8.49744 4.85962 0.0154204 278.75 8.4908 4.8631
278.645 8.46266 4.8601 0.0426377 278.75 8.4908 4.8631
278.474 8.39924 4.87162 0.0195886 278.75 8.4908 4.8631
278.598 8.66341 4.87164 0.124049 278.75 8.4908 4.8631
278.621 8.47519 4.8625 0.0819331 278.75 8.4908 4.8631
278.547 8.4854 4.85864 0.0660188 278.75 8.4908 4.8631
278.742 8.54101 4.85726 0.00504693 278.75 8.4908 4.8631
278.706 8.42382 4.87147 0.0274521 278.75 8.4908 4.8631
278.591 8.35387 4.86314 0.0310588 278.75 8.4908 4.8631
278.706 8.42382 4.87147 0.0274521 278.75 8.4908 4.8631
278.621 8.47519 4.8625 0.0819331 278.75 8.4908 4.8631
278.621 8.59326 4.8572 0.0218349 278.75 8.4908 4.8631
278.736 8.37188 4.86764 0.0116317 278.75 8.4908 4.8631
278.442 8.79978 4.8559 0.00104087 278.75 8.4908 4.8631
278.527 8.63978 4.86108 0.0689164 278.75 8.4908 4.8631
278.689 8.51339 4.86767 0.083044 278.75 8.4908 4.8631
278.455 8.60831 4.86502 0.105313 278.75 8.4908 4.8631
278.689 8.32939 4.86483 0.0101916 278.75 8.4908 4.8631
278.455 8.60831 4.86502 0.105313 278.75 8.4908 4.8631
278.559 8.59955 4.85886 0.0522884 278.75 8.4908 4.8631
278.531 8.50788 4.86569 0.150259 278.75 8.4908 4.8631
278.706 8.77124 4.8777 0.0224389 278.75 8.4908 4.8631
278.455 8.60831 4.86502 0.105313 278.75 8.4908 4.8631
278.531 8.50788 4.86569 0.150259 278.75 8.4908 4.8631
278.474 8.39924 4.87162 0.0195886 278.75 8.4908 4.8631
278.689 8.51339 4.86767 0.083044 278.75 8.4908 4.8631
278.455 8.60831 4.86502 0.105313 278.75 8.4908 4.8631
278.645 8.46266 4.8601 0.0426377 278.75 8.4908 4.8631
278.598 8.66341 4.87164 0.124049 278.75 8.4908 4.8631
278.527 8.63978 4.86108 0.0689164 278.75 8.4908 4.8631
278.645 8.46266 4.8601 0.0426377 278.75 8.4908 4.8631
278.455 8.60831 4.86502 0.105313 278.75 8.4908 4.8631
278.645 8.46266 4.8601 0.0426377 278.75 8.4908 4.8631
278.581 8.45035 4.87476 0.0337335 278.75 8.4908 4.8631
278.621 8.47519 4.8625 0.0819331 278.75 8.4908 4.8631
278.621 8.47519 4.8625 0.0819331 278.75 8.4908 4.8631
278.531 8.50788 4.86569 0.150259 278.75 8.4908 4.8631
278.536 8.36852 4.85819 0.0287068 278.75 8.4908 4.8631
278.598 8.66341 4.87164 0.124049 278.75 8.4908 4.8631
278.527 8.63978 4.86108 0.0689164 278.75 8.4908 4.8631
278.621 8.47519 4.8625 0.0819331 278.75 8.4908 4.8631
278.559 8.59955 4.85886 0.0522884 278.75 8.4908 4.8631
278.559 8.59955 4.85886 0.0522884 278.75 8.4908 4.8631
278.527 8.63978 4.86108 0.0689164 278.75 8.4908 4.8631
278.598 8.66341 4.87164 0.124049 278.75 8.4908 4.8631
278.621 8.47519 4.8625 0.0819331 278.75 8.4908 4.8631
278.566 8.58624 4.87967 0.0256078 278.75 8.4908 4.8631
278.56 8.60908 4.85891 0.0495177 278.75 8.4908 4.8631
278.646 8.33725 4.86952 0.0132261 278.75 8.4908 4.8631
278.455 8.60831 4.86502 0.105313 278.75 8.4908 4.8631
278.706 8.42382 4.87147 0.0274521 278.75 8.4908 4.8631
278.605 8.43496 4.85688 0.0258324 278.75 8.4908 4.8631
278.547 8.4854 4.85864 0.0660188 278.75 8.4908 4.8631
278.621 8.47519 4.8625 0.0819331 278.75 8.4908 4.8631
278.728 8.47414 4.86042 0.0159392 278.75 8.4908 4.8631
278.311 8.56513 4.86896 0.0121981 278.75 8.4908 4.8631
278.559 8.59955 4.85886 0.0522884 278.75 8.4908 4.8631
278.547 8.4854 4.85864 0.0660188 278.75 8.4908 4.8631
278.559 8.59955 4.85886 0.0522884 278.75 8.4908 4.8631
278.621 8.59326 4.8572 0.0218349 278.75 8.4908 4.8631
278.29 8.6559 4.86221 0.00811285 278.75 8.4908 4.8631
278.514 8.46984 4.87108 0.0703723 278.75 8.4908 4.8631
278.455 8.60831 4.86502 0.105313 278.75 8.4908 4.8631
278.67 8.36742 4.85495 0.00423724 278.75 8.4908 4.8631
278.514 8.46984 4.87108 0.0703723 278.75 8.4908 4.8631
278.598 8.66341 4.87164 0.124049 278.75 8.4908 4.8631
278.706 8.42382 4.87147 0.0274521 278.75 8.4908 4.8631
278.646 8.33725 4.86952 0.0132261 278.75 8.4908 4.8631
278.598 8.66341 4.87164 0.124049 278.75 8.4908 4.8631
278.689 8.51339 4.86767 0.083044 278.75 8.4908 4.8631
278.598 8.66341 4.87164 0.124049 278.75 8.4908 4.8631
278.559 8.59955 4.85886 0.0522884 278.75 8.4908 4.8631
278.566 8.58624 4.87967 0.0256078 278.75 8.4908 4.8631
278.536 8.36852 4.85819 0.0287068 278.75 8.4908 4.8631
278.547 8.4854 4.85864 0.0660188 278.75 8.4908 4.8631
278.598 8.66341 4.87164 0.124049 278.75 8.4908 4.8631
278.689 8.51339 4.86767 0.083044 278.75 8.4908 4.8631
278.621 8.47519 4.8625 0.0819331 278.75 8.4908 4.8631
278.68 8.3624 4.8587 0.00921895 278.75 8.4908 4.8631
278.651 8.60439 4.8564 0.0108432 278.75 8.4908 4.8631
278.581 8.45035 4.87476 0.0337335 278.75 8.4908 4.8631
278.531 8.50788 4.86569 0.150259 278.75 8.4908 4.8631
278.706 8.42382 4.87147 0.0274521 278.75 8.4908 4.8631
278.706 8.42382 4.87147 0.0274521 278.75 8.4908 4.8631
278.547 8.4854 4.85864 0.0660188 278.75 8.4908 4.8631
278.67 8.36742 4.85495 0.00423724 278.75 8.4908 4.8631
278.531 8.50788 4.86569 0.150259 278.75 8.4908 4.8631
278.645 8.46266 4.8601 0.0426377 278.75 8.4908 4.8631
278.605 8.43496 4.85688 0.0258324 278.75 8.4908 4.8631
278.531 8.50788 4.86569 0.150259 278.75 8.4908 4.8631
278.369 8.35202 4.86242 0.0123574 278.75 8.4908 4.8631
278.598 8.66341 4.87164 0.124049 278.75 8.4908 4.8631
278.648 8.93056 4.876 0.00207108 278.75 8.4908 4.8631
278.645 8.46266 4.8601 0.0426377 278.75 8.4908 4.8631
278.621 8.47519 4.8625 0.0819331 278.75 8.4908 4.8631
278.56 8.60908 4.85891 0.0495177 278.75 8.4908 4.8631
278.598 8.66341 4.87164 0.124049 278.75 8.4908 4.8631
278.555 8.2271 4.86486 0.00253821 278.75 8.4908 4.8631
278.689 8.51339 4.86767 0.083044 278.75 8.4908 4.8631
278.767 8.72312 4.86552 0.00920321 278.75 8.4908 4.8631
278.598 8.66341 4.87164 0.124049 278.75 8.4908 4.8631
279.014 8.52786 4.86249 1.46759e-05 278.75 8.4908 4.8631
278.598 8.66341 4.87164 0.124049 278.75 8.4908 4.8631
278.566 8.58624 4.87967 0.0256078 278.75 8.4908 4.8631
278.621 8.47519 4.8625 0.0819331 278.75 8.4908 4.8631
278.598 8.66341 4.87164 0.124049 278.75 8.4908 4.8631
278.531 8.50788 4.86569 0.150259 278.75 8.4908 4.8631
278.598 8.66341 4.87164 0.124049 278.75 8.4908 4.8631
278.531 8.50788 4.86569 0.150259 278.75 8.4908 4.8631
278.531 8.50788 4.86569 0.150259 278.75 8.4908 4.8631
278.645 8.46266 4.8601 0.0426377 278.75 8.4908 4.8631
278.531 8.50788 4.86569 0.150259 278.75 8.4908 4.8631
278.547 8.4854 4.85864 0.0660188 278.75 8.4908 4.8631
278.67 8.36742 4.85495 0.00423724 278.75 8.4908 4.8631
278.455 8.60831 4.86502 0.105313 278.75 8.4908 4.8631
278.689 8.51339 4.86767 0.083044 278.75 8.4908 4.8631
278.581 8.45035 4.87476 0.0337335 278.75 8.4908 4.8631
278.706 8.42382 4.87147 0.0274521 278.75 8.4908 4.8631
278.598 8.66341 4.87164 0.124049 278.75 8.4908 4.8631
278.547 8.4854 4.85864 0.0660188 278.75 8.4908 4.8631
278.56 8.60908 4.85891 0.0495177 278.75 8.4908 4.8631
278.621 8.47519 4.8625 0.0819331 278.75 8.4908 4.8631
278.736 8.37188 4.86764 0.0116317 278.75 8.4908 4.8631
