-23.8241 -87.3683 2.51788 0.000267715 -24.079 -87.317 2.5174
-24.0515 -87.2451 2.5128 0.00111538 -24.079 -87.317 2.5174
-23.9818 -87.0534 2.50919 0.000644728 -24.079 -87.317 2.5174
-24.0497 -87.0485 2.51646 0.000949662 -24.079 -87.317 2.5174
-24.0497 -87.0485 2.51646 0.000949662 -24.079 -87.317 2.5174
-24.0515 -87.2451 2.5128 0.00111538 -24.079 -87.317 2.5174
-24.3254 -87.2851 2.51422 7.70754e-05 -24.079 -87.317 2.5174
-23.9442 -87.2923 2.52479 0.000144566 -24.079 -87.317 2.5174
-24.1352 -87.2729 2.51277 0.000688517 -24.079 -87.317 2.5174
-24.0666 -87.0919 2.51744 0.000958904 -24.079 -87.317 2.5174
-24.0497 -87.0485 2.51646 0.000949662 -24.079 -87.317 2.5174
-24.1352 -87.2729 2.51277 0.000688517 -24.079 -87.317 2.5174
-23.9818 -87.0534 2.50919 0.000644728 -24.079 -87.317 2.5174
-24.0406 -87.439 2.51378 0.000155645 -24.079 -87.317 2.5174
-24.0666 -87.0919 2.51744 0.000958904 -24.079 -87.317 2.5174
-24.2978 -87.2947 2.51431 0.000111814 -24.079 -87.317 2.5174
-24.2801 -87.1276 2.50873 0.000193511 -24.079 -87.317 2.5174
-24.1352 -87.2729 2.51277 0.000688517 -24.079 -87.317 2.5174
-24.0515 -87.2451 2.5128 0.00111538 -24.079 -87.317 2.5174
-24.2072 -87.2454 2.51749 0.000355901 -24.079 -87.317 2.5174
-24.0666 -87.0919 2.51744 0.000958904 -24.079 -87.317 2.5174
-24.2801 -87.1276 2.50873 0.000193511 -24.079 -87.317 2.5174
-24.0515 -87.2451 2.5128 0.00111538 -24.079 -87.317 2.5174
-24.0458 -87.3208 2.51799 0.000762671 -24.079 -87.317 2.5174
-24.1352 -87.2729 2.51277 0.000688517 -24.079 -87.317 2.5174
-24.0515 -87.2451 2.5128 0.00111538 -24.079 -87.317 2.5174
-23.9388 -87.1522 2.51996 0.000776593 -24.079 -87.317 2.5174
-24.0666 -87.0919 2.51744 0.000958904 -24.079 -87.317 2.5174
-24.0666 -87.0919 2.51744 0.000958904 -24.079 -87.317 2.5174
-24.0666 -87.0919 2.51744 0.000958904 -24.079 -87.317 2.5174
-23.8101 -87.2436 2.51082 0.000154472 -24.079 -87.317 2.5174
-23.7718 -87.1811 2.52155 0.000201603 -24.079 -87.317 2.5174
-24.0346 -87.3553 2.51312 0.000443175 -24.079 -87.317 2.5174
-23.8241 -87.3683 2.51788 0.000267715 -24.079 -87.317 2.5174
-24.0666 -87.0919 2.51744 0.000958904 -24.079 -87.317 2.5174
-24.1018 -87.3041 2.52858 5.09186e-06 -24.079 -87.317 2.5174
-23.9388 -87.1522 2.51996 0.000776593 -24.079 -87.317 2.5174
-24.1352 -87.2729 2.51277 0.000688517 -24.079 -87.317 2.5174
-24.2511 -87.2559 2.50678 6.51389e-05 -24.079 -87.317 2.5174
-24.0497 -87.0485 2.51646 0.000949662 -24.079 -87.317 2.5174
-24.0515 -87.2451 2.5128 0.00111538 -24.079 -87.317 2.5174
-23.9388 -87.1522 2.51996 0.000776593 -24.079 -87.317 2.5174
-24.0515 -87.2451 2.5128 0.00111538 -24.079 -87.317 2.5174
-23.7718 -87.1811 2.52155 0.000201603 -24.079 -87.317 2.5174
-23.9281 -87.518 2.5112 1.04282e-05 -24.079 -87.317 2.5174
-23.7516 -87.3028 2.51484 0.00014194 -24.079 -87.317 2.5174
-24.0497 -87.0485 2.51646 0.000949662 -24.079 -87.317 2.5174
-24.0346 -87.3553 2.51312 0.000443175 -24.079 -87.317 2.5174
-24.2072 -87.2454 2.51749 0.000355901 -24.079 -87.317 2.5174
-23.9818 -87.0534 2.50919 0.000644728 -24.079 -87.317 2.5174
-24.0497 -87.0485 2.51646 0.000949662 -24.079 -87.317 2.5174
-23.9388 -87.1522 2.51996 0.000776593 -24.079 -87.317 2.5174
-24.0666 -87.0919 2.51744 0.000958904 -24.079 -87.317 2.5174
-24.0666 -87.0919 2.51744 0.000958904 -24.079 -87.317 2.5174
-24.0515 -87.2451 2.5128 0.00111538 -24.079 -87.317 2.5174
-23.73 -87.145 2.51229 0.000109685 -24.079 -87.317 2.5174
-24.1352 -87.2729 2.51277 0.000688517 -24.079 -87.317 2.5174
-24.0497 -87.0485 2.51646 0.000949662 -24.079 -87.317 2.5174
-24.0458 -87.3208 2.51799 0.000762671 -24.079 -87.317 2.5174
-24.0497 -87.0485 2.51646 0.000949662 -24.079 -87.317 2.5174
-23.7656 -87.4305 2.51975 7.53534e-05 -24.079 -87.317 2.5174
-24.0666 -87.0919 2.51744 0.000958904 -24.079 -87.317 2.5174
-23.9388 -87.1522 2.51996 0.000776593 -24.079 -87.317 2.5174
-24.0666 -87.0919 2.51744 0.000958904 -24.079 -87.317 2.5174
-24.1034 -87.0343 2.52282 5.18139e-05 -24.079 -87.317 2.5174
-24.0666 -87.0919 2.51744 0.000958904 -24.079 -87.317 2.5174
-24.0497 -87.0485 2.51646 0.000949662 -24.079 -87.317 2.5174
-24.0666 -87.0919 2.51744 0.000958904 -24.079 -87.317 2.5174
-24.0346 -87.3553 2.51312 0.000443175 -24.079 -87.317 2.5174
-24.2511 -87.2559 2.50678 6.51389e-05 -24.079 -87.317 2.5174
-23.9388 -87.1522 2.51996 0.000776593 -24.079 -87.317 2.5174
-23.7718 -87.1811 2.52155 0.000201603 -24.079 -87.317 2.5174
-24.0346 -87.3553 2.51312 0.000443175 -24.079 -87.317 2.5174
-24.0083 -87.4967 2.52266 5.61427e-05 -24.079 -87.317 2.5174
-23.9388 -87.1522 2.51996 0.000776593 -24.079 -87.317 2.5174
-23.9818 -87.0534 2.50919 0.000644728 -24.079 -87.317 2.5174
-24.0515 -87.2451 2.5128 0.00111538 -24.079 -87.317 2.5174
-23.9388 -87.1522 2.51996 0.000776593 -24.079 -87.317 2.5174
-23.7718 -87.1811 2.52155 0.000201603 -24.079 -87.317 2.5174
-24.2601 -87.5334 2.51337 5.1699e-06 -24.079 -87.317 2.5174
-24.0346 -87.3553 2.51312 0.000443175 -24.079 -87.317 2.5174
-24.0515 -87.2451 2.5128 0.00111538 -24.079 -87.317 2.5174
-24.0346 -87.3553 2.51312 0.000443175 -24.079 -87.317 2.5174
-24.0515 -87.2451 2.5128 0.00111538 -24.079 -87.317 2.5174
-24.0666 -87.0919 2.51744 0.000958904 -24.079 -87.317 2.5174
-24.0497 -87.0485 2.51646 0.000949662 -24.079 -87.317 2.5174
-24.2072 -87.2454 2.51749 0.000355901 -24.079 -87.317 2.5174
-23.9818 -87.0534 2.50919 0.000644728 -24.079 -87.317 2.5174
-23.9388 -87.1522 2.51996 0.000776593 -24.079 -87.317 2.5174
-24.2072 -87.2454 2.51749 0.000355901 -24.079 -87.317 2.5174
-24.0515 -87.2451 2.5128 0.00111538 -24.079 -87.317 2.5174
-24.0083 -87.4967 2.52266 5.61427e-05 -24.079 -87.317 2.5174
-23.73 -87.145 2.51229 0.000109685 -24.079 -87.317 2.5174
-24.0515 -87.2451 2.5128 0.00111538 -24.079 -87.317 2.5174
-24.0346 -87.3553 2.51312 0.000443175 -24.079 -87.317 2.5174
-24.0666 -87.0919 2.51744 0.000958904 -24.079 -87.317 2.5174
-24.0666 -87.0919 2.51744 0.000958904 -24.079 -87.317 2.5174
-23.8241 -87.3683 2.51788 0.000267715 -24.079 -87.317 2.5174
-24.0497 -87.0485 2.51646 0.000949662 -24.079 -87.317 2.5174
-24.1352 -87.2729 2.51277 0.000688517 -24.079 -87.317 2.5174
-24.1066 -86.9361 2.51928 8.52304e-05 -24.079 -87.317 2.5174
-24.0901 -86.9884 2.52178 5.84782e-05 -24.079 -87.317 2.5174
-24.1352 -87.2729 2.51277 0.000688517 -24.079 -87.317 2.5174
-24.0458 -87.3208 2.51799 0.000762671 -24.079 -87.317 2.5174
-24.0515 -87.2451 2.5128 0.00111538 -24.079 -87.317 2.5174
-24.2801 -87.1276 2.50873 0.000193511 -24.079 -87.317 2.5174
-24.0497 -87.0485 2.51646 0.000949662 -24.079 -87.317 2.5174
-24.0346 -87.3553 2.51312 0.000443175 -24.079 -87.317 2.5174
-23.7516 -87.3028 2.51484 0.00014194 -24.079 -87.317 2.5174
-23.7823 -86.9828 2.51412 0.000161342 -24.079 -87.317 2.5174
-24.0346 -87.3553 2.51312 0.000443175 -24.079 -87.317 2.5174
-24.2511 -87.2559 2.50678 6.51389e-05 -24.079 -87.317 2.5174
-24.0666 -87.0919 2.51744 0.000958904 -24.079 -87.317 2.5174
-24.2801 -87.1276 2.50873 0.000193511 -24.079 -87.317 2.5174
-24.0497 -87.0485 2.51646 0.000949662 -24.079 -87.317 2.5174
-23.7516 -87.3028 2.51484 0.00014194 -24.079 -87.317 2.5174
-24.373 -87.0923 2.51133 6.24918e-05 -24.079 -87.317 2.5174
-23.7364 -86.9211 2.52008 1.73544e-05 -24.079 -87.317 2.5174
-24.1352 -87.2729 2.51277 0.000688517 -24.079 -87.317 2.5174
-23.722 -87.2163 2.5201 0.000157024 -24.079 -87.317 2.5174
-23.9388 -87.1522 2.51996 0.000776593 -24.079 -87.317 2.5174
-24.0515 -87.2451 2.5128 0.00111538 -24.079 -87.317 2.5174
-24.0346 -87.3553 2.51312 0.000443175 -24.079 -87.317 2.5174
-24.0515 -87.2451 2.5128 0.00111538 -24.079 -87.317 2.5174
-23.722 -87.2163 2.5201 0.000157024 -24.079 -87.317 2.5174
-23.9818 -87.0534 2.50919 0.000644728 -24.079 -87.317 2.5174
-24.1352 -87.2729 2.51277 0.000688517 -24.079 -87.317 2.5174
-24.0458 -87.3208 2.51799 0.000762671 -24.079 -87.317 2.5174
-24.2801 -87.1276 2.50873 0.000193511 -24.079 -87.317 2.5174
-24.0346 -87.3553 2.51312 0.000443175 -24.079 -87.317 2.5174
-24.0497 -87.0485 2.51646 0.000949662 -24.079 -87.317 2.5174
-24.0515 -87.2451 2.5128 0.00111538 -24.079 -87.317 2.5174
-24.0346 -87.3553 2.51312 0.000443175 -24.079 -87.317 2.5174
-24.0458 -87.3208 2.51799 0.000762671 -24.079 -87.317 2.5174
-24.2072 -87.2454 2.51749 0.000355901 -24.079 -87.317 2.5174
-24.1066 -86.9361 2.51928 8.52304e-05 -24.079 -87.317 2.5174
-24.0515 -87.2451 2.5128 0.00111538 -24.079 -87.317 2.5174
-24.0346 -87.3553 2.51312 0.000443175 -24.079 -87.317 2.5174
-24.0458 -87.3208 2.51799 0.000762671 -24.079 -87.317 2.5174
-23.7718 -87.1811 2.52155 0.000201603 -24.079 -87.317 2.5174
-24.2435 -86.8427 2.50508 2.90166e-05 -24.079 -87.317 2.5174
-23.9388 -87.1522 2.51996 0.000776593 -24.079 -87.317 2.5174
-23.722 -87.2163 2.5201 0.000157024 -24.079 -87.317 2.5174
-24.0458 -87.3208 2.51799 0.000762671 -24.079 -87.317 2.5174
-24.0666 -87.0919 2.51744 0.000958904 -24.079 -87.317 2.5174
-24.0515 -87.2451 2.5128 0.00111538 -24.079 -87.317 2.5174
-24.0458 -87.3208 2.51799 0.000762671 -24.079 -87.317 2.5174
-23.9388 -87.1522 2.51996 0.000776593 -24.079 -87.317 2.5174
-23.9818 -87.0534 2.50919 0.000644728 -24.079 -87.317 2.5174
-24.0497 -87.0485 2.51646 0.000949662 -24.079 -87.317 2.5174
-24.0515 -87.2451 2.5128 0.00111538 -24.079 -87.317 2.5174
-24.2072 -87.2454 2.51749 0.000355901 -24.079 -87.317 2.5174
-24.1066 -86.9361 2.51928 8.52304e-05 -24.079 -87.317 2.5174
-24.0515 -87.2451 2.5128 0.00111538 -24.079 -87.317 2.5174
-23.7972 -87.3084 2.52697 3.1811e-05 -24.079 -87.317 2.5174
-23.9388 -87.1522 2.51996 0.000776593 -24.079 -87.317 2.5174
-24.0666 -87.0919 2.51744 0.000958904 -24.079 -87.317 2.5174
-24.0497 -87.0485 2.51646 0.000949662 -24.079 -87.317 2.5174
-23.985 -87.3327 2.52317 0.000238975 -24.079 -87.317 2.5174
-23.8092 -87.1956 2.52365 0.000143754 -24.079 -87.317 2.5174
-24.0458 -87.3208 2.51799 0.000762671 -24.079 -87.317 2.5174
-23.7718 -87.1811 2.52155 0.000201603 -24.079 -87.317 2.5174
-23.9388 -87.1522 2.51996 0.000776593 -24.079 -87.317 2.5174
-24.2072 -87.2454 2.51749 0.000355901 -24.079 -87.317 2.5174
-23.9818 -87.0534 2.50919 0.000644728 -24.079 -87.317 2.5174
-23.722 -87.2163 2.5201 0.000157024 -24.079 -87.317 2.5174
-24.2072 -87.2454 2.51749 0.000355901 -24.079 -87.317 2.5174
-23.9818 -87.0534 2.50919 0.000644728 -24.079 -87.317 2.5174
-23.722 -87.2163 2.5201 0.000157024 -24.079 -87.317 2.5174
-24.1352 -87.2729 2.51277 0.000688517 -24.079 -87.317 2.5174
-24.0406 -87.439 2.51378 0.000155645 -24.079 -87.317 2.5174
-24.1106 -87.3119 2.52518 4.47309e-05 -24.079 -87.317 2.5174
-23.8241 -87.3683 2.51788 0.000267715 -24.079 -87.317 2.5174
-24.0515 -87.2451 2.5128 0.00111538 -24.079 -87.317 2.5174
-24.3254 -87.2851 2.51422 7.70754e-05 -24.079 -87.317 2.5174
-24.0497 -87.0485 2.51646 0.000949662 -24.079 -87.317 2.5174
-23.9442 -87.2923 2.52479 0.000144566 -24.079 -87.317 2.5174
-23.9818 -87.0534 2.50919 0.000644728 -24.079 -87.317 2.5174
-23.9388 -87.1522 2.51996 0.000776593 -24.079 -87.317 2.5174
-23.985 -87.3327 2.52317 0.000238975 -24.079 -87.317 2.5174
-23.7516 -87.3028 2.51484 0.00014194 -24.079 -87.317 2.5174
-23.7718 -87.1811 2.52155 0.000201603 -24.079 -87.317 2.5174
-24.1352 -87.2729 2.51277 0.000688517 -24.079 -87.317 2.5174
-24.0497 -87.0485 2.51646 0.000949662 -24.079 -87.317 2.5174
-24.0406 -87.439 2.51378 0.000155645 -24.079 -87.317 2.5174
-24.0515 -87.2451 2.5128 0.00111538 -24.079 -87.317 2.5174
-24.0346 -87.3553 2.51312 0.000443175 -24.079 -87.317 2.5174
-24.0666 -87.0919 2.51744 0.000958904 -24.079 -87.317 2.5174
-23.9442 -87.2923 2.52479 0.000144566 -24.079 -87.317 2.5174
-24.0515 -87.2451 2.5128 0.00111538 -24.079 -87.317 2.5174
-24.0515 -87.2451 2.5128 0.00111538 -24.079 -87.317 2.5174
-23.7516 -87.3028 2.51484 0.00014194 -24.079 -87.317 2.5174
-24.1638 -87.2347 2.52464 3.40642e-05 -24.079 -87.317 2.5174
-23.9442 -87.2923 2.52479 0.000144566 -24.079 -87.317 2.5174
-23.7718 -87.1811 2.52155 0.000201603 -24.079 -87.317 2.5174
-23.8092 -87.1956 2.52365 0.000143754 -24.079 -87.317 2.5174
-24.0406 -87.439 2.51378 0.000155645 -24.079 -87.317 2.5174
-24.0515 -87.2451 2.5128 0.00111538 -24.079 -87.317 2.5174
-24.0497 -87.0485 2.51646 0.000949662 -24.079 -87.317 2.5174
-24.4033 -87.2145 2.50835 1.84694e-05 -24.079 -87.317 2.5174
