241.169 -16.8284 2.91599 0.00667713 241.25 -16.772 2.9131
241.44 -16.959 2.92585 0.000371824 241.25 -16.772 2.9131
241.505 -16.894 2.91122 0.00201029 241.25 -16.772 2.9131
241.399 -17.0687 2.92059 0.0587308 241.25 -16.772 2.9131
241.099 -17.1045 2.91232 0.170869 241.25 -16.772 2.9131
241.099 -17.1045 2.91232 0.170869 241.25 -16.772 2.9131
241.162 -16.7833 2.91029 0.0132638 241.25 -16.772 2.9131
241.099 -17.1045 2.91232 0.170869 241.25 -16.772 2.9131
241.399 -17.0687 2.92059 0.0587308 241.25 -16.772 2.9131
241.162 -16.7833 2.91029 0.0132638 241.25 -16.772 2.9131
241.099 -17.1045 2.91232 0.170869 241.25 -16.772 2.9131
241.162 -16.7833 2.91029 0.0132638 241.25 -16.772 2.9131
241.099 -17.1045 2.91232 0.170869 241.25 -16.772 2.9131
241.027 -16.8599 2.91464 0.00453911 241.25 -16.772 2.9131
241.399 -17.0687 2.92059 0.0587308 241.25 -16.772 2.9131
241.099 -17.1045 2.91232 0.170869 241.25 -16.772 2.9131
241.027 -16.8599 2.91464 0.00453911 241.25 -16.772 2.9131
241.399 -17.0687 2.92059 0.0587308 241.25 -16.772 2.9131
241.099 -17.1045 2.91232 0.170869 241.25 -16.772 2.9131
240.923 -16.8774 2.91209 0.00452338 241.25 -16.772 2.9131
241.099 -17.1045 2.91232 0.170869 241.25 -16.772 2.9131
241.099 -17.1045 2.91232 0.170869 241.25 -16.772 2.9131
241.099 -17.1045 2.91232 0.170869 241.25 -16.772 2.9131
241.21 -16.84 2.91653 0.00871932 241.25 -16.772 2.9131
241.099 -17.1045 2.91232 0.170869 241.25 -16.772 2.9131
241.099 -17.1045 2.91232 0.170869 241.25 -16.772 2.9131
241.399 -17.0687 2.92059 0.0587308 241.25 -16.772 2.9131
241.21 -16.84 2.91653 0.00871932 241.25 -16.772 2.9131
241.399 -17.0687 2.92059 0.0587308 241.25 -16.772 2.9131
241.162 -16.7833 2.91029 0.0132638 241.25 -16.772 2.9131
241.099 -17.1045 2.91232 0.170869 241.25 -16.772 2.9131
241.099 -17.1045 2.91232 0.170869 241.25 -16.772 2.9131
241.399 -17.0687 2.92059 0.0587308 241.25 -16.772 2.9131
241.128 -16.8697 2.9036 0.0050208 241.25 -16.772 2.9131
241.099 -17.1045 2.91232 0.170869 241.25 -16.772 2.9131
241.099 -17.1045 2.91232 0.170869 241.25 -16.772 2.9131
241.099 -17.1045 2.91232 0.170869 241.25 -16.772 2.9131
241.099 -17.1045 2.91232 0.170869 241.25 -16.772 2.9131
241.099 -17.1045 2.91232 0.170869 241.25 -16.772 2.9131
241.099 -17.1045 2.91232 0.170869 241.25 -16.772 2.9131
241.099 -17.1045 2.91232 0.170869 241.25 -16.772 2.9131
241.099 -17.1045 2.91232 0.170869 241.25 -16.772 2.9131
241.399 -17.0687 2.92059 0.0587308 241.25 -16.772 2.9131
241.099 -17.1045 2.91232 0.170869 241.25 -16.772 2.9131
241.21 -16.84 2.91653 0.00871932 241.25 -16.772 2.9131
241.099 -17.1045 2.91232 0.170869 241.25 -16.772 2.9131
241.099 -17.1045 2.91232 0.170869 241.25 -16.772 2.9131
241.399 -17.0687 2.92059 0.0587308 241.25 -16.772 2.9131
241.399 -17.0687 2.92059 0.0587308 241.25 -16.772 2.9131
241.399 -17.0687 2.92059 0.0587308 241.25 -16.772 2.9131
241.162 -16.7833 2.91029 0.0132638 241.25 -16.772 2.9131
241.399 -17.0687 2.92059 0.0587308 241.25 -16.772 2.9131
241.099 -17.1045 2.91232 0.170869 241.25 -16.772 2.9131
241.099 -17.1045 2.91232 0.170869 241.25 -16.772 2.9131
241.231 -16.833 2.91576 0.0123409 241.25 -16.772 2.9131
241.099 -17.1045 2.91232 0.170869 241.25 -16.772 2.9131
241.399 -17.0687 2.92059 0.0587308 241.25 -16.772 2.9131
241.099 -17.1045 2.91232 0.170869 241.25 -16.772 2.9131
241.162 -16.7833 2.91029 0.0132638 241.25 -16.772 2.9131
241.099 -17.1045 2.91232 0.170869 241.25 -16.772 2.9131
241.399 -17.0687 2.92059 0.0587308 241.25 -16.772 2.9131
241.21 -16.84 2.91653 0.00871932 241.25 -16.772 2.9131
241.099 -17.1045 2.91232 0.170869 241.25 -16.772 2.9131
241.099 -17.1045 2.91232 0.170869 241.25 -16.772 2.9131
241.399 -17.0687 2.92059 0.0587308 241.25 -16.772 2.9131
241.399 -17.0687 2.92059 0.0587308 241.25 -16.772 2.9131
241.231 -16.833 2.91576 0.0123409 241.25 -16.772 2.9131
241.099 -17.1045 2.91232 0.170869 241.25 -16.772 2.9131
241.21 -16.84 2.91653 0.00871932 241.25 -16.772 2.9131
241.399 -17.0687 2.92059 0.0587308 241.25 -16.772 2.9131
241.099 -17.1045 2.91232 0.170869 241.25 -16.772 2.9131
241.099 -17.1045 2.91232 0.170869 241.25 -16.772 2.9131
241.099 -17.1045 2.91232 0.170869 241.25 -16.772 2.9131
241.231 -16.833 2.91576 0.0123409 241.25 -16.772 2.9131
241.231 -16.833 2.91576 0.0123409 241.25 -16.772 2.9131
241.099 -17.1045 2.91232 0.170869 241.25 -16.772 2.9131
241.099 -17.1045 2.91232 0.170869 241.25 -16.772 2.9131
241.099 -17.1045 2.91232 0.170869 241.25 -16.772 2.9131
241.162 -16.7833 2.91029 0.0132638 241.25 -16.772 2.9131
241.162 -16.7833 2.91029 0.0132638 241.25 -16.772 2.9131
241.21 -16.84 2.91653 0.00871932 241.25 -16.772 2.9131
241.859 -17.0448 2.92445 0.000166394 241.25 -16.772 2.9131
241.169 -16.8284 2.91599 0.00667713 241.25 -16.772 2.9131
241.399 -17.0687 2.92059 0.0587308 241.25 -16.772 2.9131
240.898 -16.7436 2.90277 0.00157121 241.25 -16.772 2.9131
241.399 -17.0687 2.92059 0.0587308 241.25 -16.772 2.9131
241.399 -17.0687 2.92059 0.0587308 241.25 -16.772 2.9131
241.231 -16.833 2.91576 0.0123409 241.25 -16.772 2.9131
241.162 -16.7833 2.91029 0.0132638 241.25 -16.772 2.9131
241.099 -17.1045 2.91232 0.170869 241.25 -16.772 2.9131
241.399 -17.0687 2.92059 0.0587308 241.25 -16.772 2.9131
241.399 -17.0687 2.92059 0.0587308 241.25 -16.772 2.9131
241.099 -17.1045 2.91232 0.170869 241.25 -16.772 2.9131
241.399 -17.0687 2.92059 0.0587308 241.25 -16.772 2.9131
241.169 -16.8284 2.91599 0.00667713 241.25 -16.772 2.9131
241.099 -17.1045 2.91232 0.170869 241.25 -16.772 2.9131
241.099 -17.1045 2.91232 0.170869 241.25 -16.772 2.9131
241.231 -16.833 2.91576 0.0123409 241.25 -16.772 2.9131
241.099 -17.1045 2.91232 0.170869 241.25 -16.772 2.9131
241.099 -17.1045 2.91232 0.170869 241.25 -16.772 2.9131
241.099 -17.1045 2.91232 0.170869 241.25 -16.772 2.9131
241.399 -17.0687 2.92059 0.0587308 241.25 -16.772 2.9131
241.399 -17.0687 2.92059 0.0587308 241.25 -16.772 2.9131
241.459 -16.7825 2.91417 0.00194163 241.25 -16.772 2.9131
241.399 -17.0687 2.92059 0.0587308 241.25 -16.772 2.9131
241.099 -17.1045 2.91232 0.170869 241.25 -16.772 2.9131
241.099 -17.1045 2.91232 0.170869 241.25 -16.772 2.9131
241.162 -16.7833 2.91029 0.0132638 241.25 -16.772 2.9131
241.099 -17.1045 2.91232 0.170869 241.25 -16.772 2.9131
241.099 -17.1045 2.91232 0.170869 241.25 -16.772 2.9131
241.099 -17.1045 2.91232 0.170869 241.25 -16.772 2.9131
241.399 -17.0687 2.92059 0.0587308 241.25 -16.772 2.9131
241.099 -17.1045 2.91232 0.170869 241.25 -16.772 2.9131
241.099 -17.1045 2.91232 0.170869 241.25 -16.772 2.9131
241.027 -16.8599 2.91464 0.00453911 241.25 -16.772 2.9131
241.162 -16.7833 2.91029 0.0132638 241.25 -16.772 2.9131
241.099 -17.1045 2.91232 0.170869 241.25 -16.772 2.9131
241.099 -17.1045 2.91232 0.170869 241.25 -16.772 2.9131
241.099 -17.1045 2.91232 0.170869 241.25 -16.772 2.9131
241.329 -16.8281 2.91899 0.00326114 241.25 -16.772 2.9131
241.399 -17.0687 2.92059 0.0587308 241.25 -16.772 2.9131
241.099 -17.1045 2.91232 0.170869 241.25 -16.772 2.9131
241.099 -17.1045 2.91232 0.170869 241.25 -16.772 2.9131
241.399 -17.0687 2.92059 0.0587308 241.25 -16.772 2.9131
241.099 -17.1045 2.91232 0.170869 241.25 -16.772 2.9131
241.099 -17.1045 2.91232 0.170869 241.25 -16.772 2.9131
241.099 -17.1045 2.91232 0.170869 241.25 -16.772 2.9131
241.399 -17.0687 2.92059 0.0587308 241.25 -16.772 2.9131
241.414 -16.7453 2.91347 0.00136874 241.25 -16.772 2.9131
241.187 -17.0062 2.92204 0.00125292 241.25 -16.772 2.9131
241.233 -17.067 2.92384 0.000845462 241.25 -16.772 2.9131
241.099 -17.1045 2.91232 0.170869 241.25 -16.772 2.9131
241.099 -17.1045 2.91232 0.170869 241.25 -16.772 2.9131
241.169 -16.8284 2.91599 0.00667713 241.25 -16.772 2.9131
241.099 -17.1045 2.91232 0.170869 241.25 -16.772 2.9131
241.099 -17.1045 2.91232 0.170869 241.25 -16.772 2.9131
241.099 -17.1045 2.91232 0.170869 241.25 -16.772 2.9131
241.099 -17.1045 2.91232 0.170869 241.25 -16.772 2.9131
241.21 -16.84 2.91653 0.00871932 241.25 -16.772 2.9131
241.099 -17.1045 2.91232 0.170869 241.25 -16.772 2.9131
241.099 -17.1045 2.91232 0.170869 241.25 -16.772 2.9131
241.399 -17.0687 2.92059 0.0587308 241.25 -16.772 2.9131
241.099 -17.1045 2.91232 0.170869 241.25 -16.772 2.9131
241.099 -17.1045 2.91232 0.170869 241.25 -16.772 2.9131
241.099 -17.1045 2.91232 0.170869 241.25 -16.772 2.9131
241.399 -17.0687 2.92059 0.0587308 241.25 -16.772 2.9131
241.399 -17.0687 2.92059 0.0587308 241.25 -16.772 2.9131
241.399 -17.0687 2.92059 0.0587308 241.25 -16.772 2.9131
241.399 -17.0687 2.92059 0.0587308 241.25 -16.772 2.9131
241.099 -17.1045 2.91232 0.170869 241.25 -16.772 2.9131
241.099 -17.1045 2.91232 0.170869 241.25 -16.772 2.9131
241.21 -16.84 2.91653 0.00871932 241.25 -16.772 2.9131
241.162 -16.7833 2.91029 0.0132638 241.25 -16.772 2.9131
241.099 -17.1045 2.91232 0.170869 241.25 -16.772 2.9131
241.128 -16.8697 2.9036 0.0050208 241.25 -16.772 2.9131
241.099 -17.1045 2.91232 0.170869 241.25 -16.772 2.9131
241.099 -17.1045 2.91232 0.170869 241.25 -16.772 2.9131
241.099 -17.1045 2.91232 0.170869 241.25 -16.772 2.9131
241.099 -17.1045 2.91232 0.170869 241.25 -16.772 2.9131
241.399 -17.0687 2.92059 0.0587308 241.25 -16.772 2.9131
241.099 -17.1045 2.91232 0.170869 241.25 -16.772 2.9131
241.099 -17.1045 2.91232 0.170869 241.25 -16.772 2.9131
241.099 -17.1045 2.91232 0.170869 241.25 -16.772 2.9131
241.099 -17.1045 2.91232 0.170869 241.25 -16.772 2.9131
241.099 -17.1045 2.91232 0.170869 241.25 -16.772 2.9131
241.399 -17.0687 2.92059 0.0587308 241.25 -16.772 2.9131
241.099 -17.1045 2.91232 0.170869 241.25 -16.772 2.9131
241.099 -17.1045 2.91232 0.170869 241.25 -16.772 2.9131
241.233 -17.067 2.92384 0.000845462 241.25 -16.772 2.9131
241.099 -17.1045 2.91232 0.170869 241.25 -16.772 2.9131
241.21 -16.84 2.91653 0.00871932 241.25 -16.772 2.9131
241.169 -16.8284 2.91599 0.00667713 241.25 -16.772 2.9131
241.099 -17.1045 2.91232 0.170869 241.25 -16.772 2.9131
241.099 -17.1045 2.91232 0.170869 241.25 -16.772 2.9131
241.231 -16.833 2.91576 0.0123409 241.25 -16.772 2.9131
241.399 -17.0687 2.92059 0.0587308 241.25 -16.772 2.9131
241.099 -17.1045 2.91232 0.170869 241.25 -16.772 2.9131
241.399 -17.0687 2.92059 0.0587308 241.25 -16.772 2.9131
241.169 -16.8284 2.91599 0.00667713 241.25 -16.772 2.9131
241.099 -17.1045 2.91232 0.170869 241.25 -16.772 2.9131
241.099 -17.1045 2.91232 0.170869 241.25 -16.772 2.9131
241.099 -17.1045 2.91232 0.170869 241.25 -16.772 2.9131
241.099 -17.1045 2.91232 0.170869 241.25 -16.772 2.9131
241.027 -16.8599 2.91464 0.00453911 241.25 -16.772 2.9131
241.099 -17.1045 2.91232 0.170869 241.25 -16.772 2.9131
241.099 -17.1045 2.91232 0.170869 241.25 -16.772 2.9131
241.128 -16.8697 2.9036 0.0050208 241.25 -16.772 2.9131
241.099 -17.1045 2.91232 0.170869 241.25 -16.772 2.9131
241.099 -17.1045 2.91232 0.170869 241.25 -16.772 2.9131
241.099 -17.1045 2.91232 0.170869 241.25 -16.772 2.9131
241.21 -16.84 2.91653 0.00871932 241.25 -16.772 2.9131
241.099 -17.1045 2.91232 0.170869 241.25 -16.772 2.9131
241.399 -17.0687 2.92059 0.0587308 241.25 -16.772 2.9131
241.099 -17.1045 2.91232 0.170869 241.25 -16.772 2.9131
241.099 -17.1045 2.91232 0.170869 241.25 -16.772 2.9131
241.099 -17.1045 2.91232 0.170869 241.25 -16.772 2.9131
241.399 -17.0687 2.92059 0.0587308 241.25 -16.772 2.9131
241.099 -17.1045 2.91232 0.170869 241.25 -16.772 2.9131
241.099 -17.1045 2.91232 0.170869 241.25 -16.772 2.9131
241.027 -16.8599 2.91464 0.00453911 241.25 -16.772 2.9131
