48.9685 12.1117 0.153739 0.00293344 48.826 12.054 0.1585
48.9071 11.9523 0.152669 0.00310721 48.826 12.054 0.1585
48.7681 12.0115 0.163656 1.87884e-05 48.826 12.054 0.1585
48.9685 12.1117 0.153739 0.00293344 48.826 12.054 0.1585
48.8492 12.2329 0.152001 0.000876927 48.826 12.054 0.1585
48.7681 12.0386 0.152902 0.00268428 48.826 12.054 0.1585
48.7681 12.0386 0.152902 0.00268428 48.826 12.054 0.1585
48.9685 12.1117 0.153739 0.00293344 48.826 12.054 0.1585
48.6496 12.0095 0.157856 0.000561729 48.826 12.054 0.1585
48.8713 12.3032 0.158159 0.000263246 48.826 12.054 0.1585
48.7372 11.9283 0.154152 0.00103112 48.826 12.054 0.1585
49.0231 11.8343 0.1533 0.000209769 48.826 12.054 0.1585
48.9685 12.1117 0.153739 0.00293344 48.826 12.054 0.1585
48.8269 12.2216 0.159863 0.00047298 48.826 12.054 0.1585
48.7621 12.289 0.15542 0.00045944 48.826 12.054 0.1585
48.9023 11.9013 0.153946 0.00142068 48.826 12.054 0.1585
48.9455 12.1152 0.151694 0.00332342 48.826 12.054 0.1585
48.6786 12.0988 0.159156 0.000829754 48.826 12.054 0.1585
48.9685 12.1117 0.153739 0.00293344 48.826 12.054 0.1585
48.9525 12.1573 0.152176 0.00243976 48.826 12.054 0.1585
48.9071 11.9523 0.152669 0.00310721 48.826 12.054 0.1585
48.9525 12.1573 0.152176 0.00243976 48.826 12.054 0.1585
48.7504 12.0045 0.160376 0.00033632 48.826 12.054 0.1585
48.9685 12.1117 0.153739 0.00293344 48.826 12.054 0.1585
48.7681 12.0386 0.152902 0.00268428 48.826 12.054 0.1585
48.9525 12.1573 0.152176 0.00243976 48.826 12.054 0.1585
48.9071 11.9523 0.152669 0.00310721 48.826 12.054 0.1585
48.7372 11.9283 0.154152 0.00103112 48.826 12.054 0.1585
48.6129 12.249 0.156259 0.000150595 48.826 12.054 0.1585
48.9525 12.1573 0.152176 0.00243976 48.826 12.054 0.1585
48.9525 12.1573 0.152176 0.00243976 48.826 12.054 0.1585
48.8632 12.1796 0.151553 0.00171815 48.826 12.054 0.1585
48.7681 12.0386 0.152902 0.00268428 48.826 12.054 0.1585
48.9071 11.9523 0.152669 0.00310721 48.826 12.054 0.1585
48.8477 11.9221 0.152795 0.00214208 48.826 12.054 0.1585
48.9525 12.1573 0.152176 0.00243976 48.826 12.054 0.1585
48.8477 11.9221 0.152795 0.00214208 48.826 12.054 0.1585
48.9685 12.1117 0.153739 0.00293344 48.826 12.054 0.1585
49.0231 11.8343 0.1533 0.000209769 48.826 12.054 0.1585
48.9455 12.1152 0.151694 0.00332342 48.826 12.054 0.1585
48.6913 11.923 0.159789 0.000125046 48.826 12.054 0.1585
48.9685 12.1117 0.153739 0.00293344 48.826 12.054 0.1585
48.9685 12.1117 0.153739 0.00293344 48.826 12.054 0.1585
48.9685 12.1117 0.153739 0.00293344 48.826 12.054 0.1585
48.8477 11.9221 0.152795 0.00214208 48.826 12.054 0.1585
48.9455 12.1152 0.151694 0.00332342 48.826 12.054 0.1585
48.8492 12.2329 0.152001 0.000876927 48.826 12.054 0.1585
48.8477 11.9221 0.152795 0.00214208 48.826 12.054 0.1585
48.8477 11.9221 0.152795 0.00214208 48.826 12.054 0.1585
48.7105 12.0845 0.157714 0.00159762 48.826 12.054 0.1585
48.8477 11.9221 0.152795 0.00214208 48.826 12.054 0.1585
48.9685 12.1117 0.153739 0.00293344 48.826 12.054 0.1585
48.8448 11.8616 0.157015 0.000244954 48.826 12.054 0.1585
48.7105 12.0845 0.157714 0.00159762 48.826 12.054 0.1585
48.8492 12.2329 0.152001 0.000876927 48.826 12.054 0.1585
48.9528 12.1848 0.150115 0.00106542 48.826 12.054 0.1585
48.9525 12.1573 0.152176 0.00243976 48.826 12.054 0.1585
48.9071 11.9523 0.152669 0.00310721 48.826 12.054 0.1585
48.821 11.9997 0.159256 0.000586325 48.826 12.054 0.1585
48.7372 11.9283 0.154152 0.00103112 48.826 12.054 0.1585
48.9455 12.1152 0.151694 0.00332342 48.826 12.054 0.1585
48.9685 12.1117 0.153739 0.00293344 48.826 12.054 0.1585
48.9071 11.9523 0.152669 0.00310721 48.826 12.054 0.1585
48.8632 12.1796 0.151553 0.00171815 48.826 12.054 0.1585
48.7681 12.0386 0.152902 0.00268428 48.826 12.054 0.1585
48.7681 12.0386 0.152902 0.00268428 48.826 12.054 0.1585
48.9685 12.1117 0.153739 0.00293344 48.826 12.054 0.1585
48.6603 12.0581 0.150067 0.000106992 48.826 12.054 0.1585
48.7105 12.0845 0.157714 0.00159762 48.826 12.054 0.1585
48.9685 12.1117 0.153739 0.00293344 48.826 12.054 0.1585
48.6786 12.0988 0.159156 0.000829754 48.826 12.054 0.1585
48.7681 12.0386 0.152902 0.00268428 48.826 12.054 0.1585
48.7105 12.0845 0.157714 0.00159762 48.826 12.054 0.1585
48.7105 12.0845 0.157714 0.00159762 48.826 12.054 0.1585
48.8426 11.9448 0.147088 0.000341538 48.826 12.054 0.1585
48.9528 12.1848 0.150115 0.00106542 48.826 12.054 0.1585
48.8477 11.9221 0.152795 0.00214208 48.826 12.054 0.1585
48.9525 12.1573 0.152176 0.00243976 48.826 12.054 0.1585
48.9685 12.1117 0.153739 0.00293344 48.826 12.054 0.1585
48.7973 11.8822 0.153126 0.000942451 48.826 12.054 0.1585
48.6346 11.9598 0.152612 0.000184805 48.826 12.054 0.1585
48.9455 12.1152 0.151694 0.00332342 48.826 12.054 0.1585
48.8492 12.2329 0.152001 0.000876927 48.826 12.054 0.1585
48.9528 12.1848 0.150115 0.00106542 48.826 12.054 0.1585
48.9455 12.1152 0.151694 0.00332342 48.826 12.054 0.1585
48.9685 12.1117 0.153739 0.00293344 48.826 12.054 0.1585
48.7681 12.0386 0.152902 0.00268428 48.826 12.054 0.1585
48.9023 11.9013 0.153946 0.00142068 48.826 12.054 0.1585
48.6496 12.0095 0.157856 0.000561729 48.826 12.054 0.1585
49.0231 11.8343 0.1533 0.000209769 48.826 12.054 0.1585
48.821 11.9997 0.159256 0.000586325 48.826 12.054 0.1585
48.9455 12.1152 0.151694 0.00332342 48.826 12.054 0.1585
48.7681 12.0386 0.152902 0.00268428 48.826 12.054 0.1585
48.8477 11.9221 0.152795 0.00214208 48.826 12.054 0.1585
48.7973 11.8822 0.153126 0.000942451 48.826 12.054 0.1585
48.9685 12.1117 0.153739 0.00293344 48.826 12.054 0.1585
48.9455 12.1152 0.151694 0.00332342 48.826 12.054 0.1585
48.9525 12.1573 0.152176 0.00243976 48.826 12.054 0.1585
48.7372 11.9283 0.154152 0.00103112 48.826 12.054 0.1585
48.7372 11.9283 0.154152 0.00103112 48.826 12.054 0.1585
48.7681 12.0386 0.152902 0.00268428 48.826 12.054 0.1585
48.7621 12.1022 0.147878 0.00013015 48.826 12.054 0.1585
48.6786 12.0988 0.159156 0.000829754 48.826 12.054 0.1585
48.7681 12.0386 0.152902 0.00268428 48.826 12.054 0.1585
48.8477 11.9221 0.152795 0.00214208 48.826 12.054 0.1585
48.8713 12.3032 0.158159 0.000263246 48.826 12.054 0.1585
48.6129 12.249 0.156259 0.000150595 48.826 12.054 0.1585
48.8477 11.9221 0.152795 0.00214208 48.826 12.054 0.1585
48.821 11.9997 0.159256 0.000586325 48.826 12.054 0.1585
48.9071 11.9523 0.152669 0.00310721 48.826 12.054 0.1585
48.9685 12.1117 0.153739 0.00293344 48.826 12.054 0.1585
48.9685 12.1117 0.153739 0.00293344 48.826 12.054 0.1585
48.9455 12.1152 0.151694 0.00332342 48.826 12.054 0.1585
48.9071 11.9523 0.152669 0.00310721 48.826 12.054 0.1585
48.821 11.9997 0.159256 0.000586325 48.826 12.054 0.1585
48.7105 12.0845 0.157714 0.00159762 48.826 12.054 0.1585
48.7681 12.0386 0.152902 0.00268428 48.826 12.054 0.1585
48.6496 12.0095 0.157856 0.000561729 48.826 12.054 0.1585
48.6543 12.0778 0.150976 0.000162993 48.826 12.054 0.1585
48.9685 12.1117 0.153739 0.00293344 48.826 12.054 0.1585
48.6603 12.0581 0.150067 0.000106992 48.826 12.054 0.1585
48.9455 12.1152 0.151694 0.00332342 48.826 12.054 0.1585
48.9023 11.9013 0.153946 0.00142068 48.826 12.054 0.1585
48.8426 11.9448 0.147088 0.000341538 48.826 12.054 0.1585
48.9071 11.9523 0.152669 0.00310721 48.826 12.054 0.1585
48.9023 11.9013 0.153946 0.00142068 48.826 12.054 0.1585
48.9071 11.9523 0.152669 0.00310721 48.826 12.054 0.1585
48.9525 12.1573 0.152176 0.00243976 48.826 12.054 0.1585
48.7504 12.0045 0.160376 0.00033632 48.826 12.054 0.1585
48.9071 11.9523 0.152669 0.00310721 48.826 12.054 0.1585
48.9071 11.9523 0.152669 0.00310721 48.826 12.054 0.1585
48.8997 12.1634 0.159717 0.000389117 48.826 12.054 0.1585
48.8632 12.1796 0.151553 0.00171815 48.826 12.054 0.1585
48.9071 11.9523 0.152669 0.00310721 48.826 12.054 0.1585
48.7681 12.0386 0.152902 0.00268428 48.826 12.054 0.1585
48.6786 12.0988 0.159156 0.000829754 48.826 12.054 0.1585
48.7973 11.8822 0.153126 0.000942451 48.826 12.054 0.1585
48.7504 12.0045 0.160376 0.00033632 48.826 12.054 0.1585
48.7228 12.0898 0.16208 0.000191568 48.826 12.054 0.1585
48.9525 12.1573 0.152176 0.00243976 48.826 12.054 0.1585
48.9023 11.9013 0.153946 0.00142068 48.826 12.054 0.1585
48.9071 11.9523 0.152669 0.00310721 48.826 12.054 0.1585
48.9685 12.1117 0.153739 0.00293344 48.826 12.054 0.1585
48.8632 12.1796 0.151553 0.00171815 48.826 12.054 0.1585
48.7265 12.2129 0.161928 0.00019624 48.826 12.054 0.1585
48.7372 11.9283 0.154152 0.00103112 48.826 12.054 0.1585
48.9071 11.9523 0.152669 0.00310721 48.826 12.054 0.1585
48.7681 12.0386 0.152902 0.00268428 48.826 12.054 0.1585
48.9685 12.1117 0.153739 0.00293344 48.826 12.054 0.1585
48.9525 12.1573 0.152176 0.00243976 48.826 12.054 0.1585
48.9455 12.1152 0.151694 0.00332342 48.826 12.054 0.1585
48.9685 12.1117 0.153739 0.00293344 48.826 12.054 0.1585
48.8477 11.9221 0.152795 0.00214208 48.826 12.054 0.1585
48.8477 11.9221 0.152795 0.00214208 48.826 12.054 0.1585
48.8477 11.9221 0.152795 0.00214208 48.826 12.054 0.1585
48.7681 12.0386 0.152902 0.00268428 48.826 12.054 0.1585
48.9685 12.1117 0.153739 0.00293344 48.826 12.054 0.1585
48.9455 12.1152 0.151694 0.00332342 48.826 12.054 0.1585
48.8632 12.1796 0.151553 0.00171815 48.826 12.054 0.1585
48.7268 11.8098 0.155376 9.46303e-05 48.826 12.054 0.1585
48.7681 12.0386 0.152902 0.00268428 48.826 12.054 0.1585
48.9455 12.1152 0.151694 0.00332342 48.826 12.054 0.1585
48.6543 12.0778 0.150976 0.000162993 48.826 12.054 0.1585
48.7372 11.9283 0.154152 0.00103112 48.826 12.054 0.1585
48.9685 12.1117 0.153739 0.00293344 48.826 12.054 0.1585
48.8426 11.9448 0.147088 0.000341538 48.826 12.054 0.1585
48.7105 12.0845 0.157714 0.00159762 48.826 12.054 0.1585
48.8269 12.2216 0.159863 0.00047298 48.826 12.054 0.1585
48.8426 11.9448 0.147088 0.000341538 48.826 12.054 0.1585
48.8637 12.4167 0.154695 2.41214e-05 48.826 12.054 0.1585
48.9455 12.1152 0.151694 0.00332342 48.826 12.054 0.1585
48.9528 12.1848 0.150115 0.00106542 48.826 12.054 0.1585
48.7372 11.9283 0.154152 0.00103112 48.826 12.054 0.1585
48.8632 12.1796 0.151553 0.00171815 48.826 12.054 0.1585
48.9455 12.1152 0.151694 0.00332342 48.826 12.054 0.1585
48.9071 11.9523 0.152669 0.00310721 48.826 12.054 0.1585
48.7105 12.0845 0.157714 0.00159762 48.826 12.054 0.1585
48.9023 11.9013 0.153946 0.00142068 48.826 12.054 0.1585
48.7105 12.0845 0.157714 0.00159762 48.826 12.054 0.1585
48.7268 11.8098 0.155376 9.46303e-05 48.826 12.054 0.1585
48.7681 12.0386 0.152902 0.00268428 48.826 12.054 0.1585
48.8632 12.1796 0.151553 0.00171815 48.826 12.054 0.1585
48.7105 12.0845 0.157714 0.00159762 48.826 12.054 0.1585
48.9525 12.1573 0.152176 0.00243976 48.826 12.054 0.1585
48.6913 11.923 0.159789 0.000125046 48.826 12.054 0.1585
48.7372 11.9283 0.154152 0.00103112 48.826 12.054 0.1585
48.8426 11.9448 0.147088 0.000341538 48.826 12.054 0.1585
48.7105 12.0845 0.157714 0.00159762 48.826 12.054 0.1585
48.821 11.9997 0.159256 0.000586325 48.826 12.054 0.1585
48.9455 12.1152 0.151694 0.00332342 48.826 12.054 0.1585
48.821 11.9997 0.159256 0.000586325 48.826 12.054 0.1585
49.0231 11.8343 0.1533 0.000209769 48.826 12.054 0.1585
48.7973 11.8822 0.153126 0.000942451 48.826 12.054 0.1585
49.0231 11.8343 0.1533 0.000209769 48.826 12.054 0.1585
48.7681 12.0386 0.152902 0.00268428 48.826 12.054 0.1585
48.9528 12.1848 0.150115 0.00106542 48.826 12.054 0.1585
48.7681 12.0386 0.152902 0.00268428 48.826 12.054 0.1585
48.9023 11.9013 0.153946 0.00142068 48.826 12.054 0.1585
48.6496 12.0095 0.157856 0.000561729 48.826 12.054 0.1585
48.7681 12.0386 0.152902 0.00268428 48.826 12.054 0.1585
