29.7987 -82.9331 3.8487 0.0552891 29.681 -83.029 3.8479
29.7265 -82.9661 3.84985 0.0154549 29.681 -83.029 3.8479
29.9038 -83.1453 3.84814 0.288636 29.681 -83.029 3.8479
29.7394 -83.1433 3.84829 0.112006 29.681 -83.029 3.8479
29.9412 -82.9606 3.84403 0.038092 29.681 -83.029 3.8479
29.7394 -83.1433 3.84829 0.112006 29.681 -83.029 3.8479
29.8904 -83.2294 3.84825 0.133991 29.681 -83.029 3.8479
29.8987 -83.1707 3.84919 0.216325 29.681 -83.029 3.8479
29.8776 -83.0351 3.84498 0.223827 29.681 -83.029 3.8479
29.8987 -83.1707 3.84919 0.216325 29.681 -83.029 3.8479
29.7306 -83.1227 3.84597 0.218788 29.681 -83.029 3.8479
29.9038 -83.1453 3.84814 0.288636 29.681 -83.029 3.8479
29.8987 -83.1707 3.84919 0.216325 29.681 -83.029 3.8479
29.7159 -82.9874 3.8462 0.122928 29.681 -83.029 3.8479
29.7159 -82.9874 3.8462 0.122928 29.681 -83.029 3.8479
29.7427 -83.0685 3.85073 0.0242455 29.681 -83.029 3.8479
29.8776 -83.0351 3.84498 0.223827 29.681 -83.029 3.8479
29.7343 -83.048 3.84818 0.111561 29.681 -83.029 3.8479
29.7306 -83.1227 3.84597 0.218788 29.681 -83.029 3.8479
30.0181 -83.1913 3.84945 0.0926656 29.681 -83.029 3.8479
29.8904 -83.2294 3.84825 0.133991 29.681 -83.029 3.8479
29.8684 -83.1759 3.84649 0.238947 29.681 -83.029 3.8479
29.7334 -83.1537 3.84413 0.175889 29.681 -83.029 3.8479
29.6888 -83.2914 3.84236 0.00989583 29.681 -83.029 3.8479
29.9038 -83.1453 3.84814 0.288636 29.681 -83.029 3.8479
29.9038 -83.1453 3.84814 0.288636 29.681 -83.029 3.8479
29.9038 -83.1453 3.84814 0.288636 29.681 -83.029 3.8479
29.8987 -83.1707 3.84919 0.216325 29.681 -83.029 3.8479
29.8684 -83.1759 3.84649 0.238947 29.681 -83.029 3.8479
29.7334 -83.1537 3.84413 0.175889 29.681 -83.029 3.8479
29.7343 -83.048 3.84818 0.111561 29.681 -83.029 3.8479
29.7306 -83.1227 3.84597 0.218788 29.681 -83.029 3.8479
29.9038 -83.1453 3.84814 0.288636 29.681 -83.029 3.8479
29.8776 -83.0351 3.84498 0.223827 29.681 -83.029 3.8479
29.9038 -83.1453 3.84814 0.288636 29.681 -83.029 3.8479
29.9879 -83.1268 3.85048 0.156388 29.681 -83.029 3.8479
30.0471 -83.1282 3.85243 0.0582103 29.681 -83.029 3.8479
29.8684 -83.1759 3.84649 0.238947 29.681 -83.029 3.8479
29.8184 -83.3006 3.84822 0.0336053 29.681 -83.029 3.8479
29.9038 -83.1453 3.84814 0.288636 29.681 -83.029 3.8479
29.8987 -83.1707 3.84919 0.216325 29.681 -83.029 3.8479
29.9879 -83.1268 3.85048 0.156388 29.681 -83.029 3.8479
29.8684 -83.1759 3.84649 0.238947 29.681 -83.029 3.8479
29.7427 -83.0685 3.85073 0.0242455 29.681 -83.029 3.8479
29.9879 -83.1268 3.85048 0.156388 29.681 -83.029 3.8479
29.7334 -83.1537 3.84413 0.175889 29.681 -83.029 3.8479
29.8684 -83.1759 3.84649 0.238947 29.681 -83.029 3.8479
30.0056 -83.2997 3.85245 0.0128251 29.681 -83.029 3.8479
29.8139 -83.0095 3.84238 0.0980799 29.681 -83.029 3.8479
29.7427 -83.0685 3.85073 0.0242455 29.681 -83.029 3.8479
29.9038 -83.1453 3.84814 0.288636 29.681 -83.029 3.8479
29.9102 -83.1541 3.85506 0.00510646 29.681 -83.029 3.8479
29.8904 -83.2294 3.84825 0.133991 29.681 -83.029 3.8479
29.9879 -83.1268 3.85048 0.156388 29.681 -83.029 3.8479
29.9879 -83.1268 3.85048 0.156388 29.681 -83.029 3.8479
29.8684 -83.1759 3.84649 0.238947 29.681 -83.029 3.8479
29.7334 -83.1537 3.84413 0.175889 29.681 -83.029 3.8479
29.8776 -83.0351 3.84498 0.223827 29.681 -83.029 3.8479
30.0829 -83.085 3.84696 0.023947 29.681 -83.029 3.8479
29.8987 -83.1707 3.84919 0.216325 29.681 -83.029 3.8479
29.8776 -83.0351 3.84498 0.223827 29.681 -83.029 3.8479
29.9038 -83.1453 3.84814 0.288636 29.681 -83.029 3.8479
29.8684 -83.1759 3.84649 0.238947 29.681 -83.029 3.8479
29.8684 -83.1759 3.84649 0.238947 29.681 -83.029 3.8479
29.8987 -83.1707 3.84919 0.216325 29.681 -83.029 3.8479
29.8987 -83.1707 3.84919 0.216325 29.681 -83.029 3.8479
30.0181 -83.1913 3.84945 0.0926656 29.681 -83.029 3.8479
29.9038 -83.1453 3.84814 0.288636 29.681 -83.029 3.8479
29.7343 -83.048 3.84818 0.111561 29.681 -83.029 3.8479
29.7306 -83.1227 3.84597 0.218788 29.681 -83.029 3.8479
29.8904 -83.2294 3.84825 0.133991 29.681 -83.029 3.8479
29.7306 -83.1227 3.84597 0.218788 29.681 -83.029 3.8479
29.7394 -83.1433 3.84829 0.112006 29.681 -83.029 3.8479
29.8987 -83.1707 3.84919 0.216325 29.681 -83.029 3.8479
29.9288 -83.1127 3.84227 0.0203687 29.681 -83.029 3.8479
29.8987 -83.1707 3.84919 0.216325 29.681 -83.029 3.8479
29.8684 -83.1759 3.84649 0.238947 29.681 -83.029 3.8479
29.9879 -83.1268 3.85048 0.156388 29.681 -83.029 3.8479
30.0829 -83.085 3.84696 0.023947 29.681 -83.029 3.8479
29.8776 -83.0351 3.84498 0.223827 29.681 -83.029 3.8479
29.8776 -83.0351 3.84498 0.223827 29.681 -83.029 3.8479
29.8904 -83.2294 3.84825 0.133991 29.681 -83.029 3.8479
30.0497 -83.071 3.8478 0.0669894 29.681 -83.029 3.8479
29.9038 -83.1453 3.84814 0.288636 29.681 -83.029 3.8479
29.8776 -83.0351 3.84498 0.223827 29.681 -83.029 3.8479
29.8987 -83.1707 3.84919 0.216325 29.681 -83.029 3.8479
29.8776 -83.0351 3.84498 0.223827 29.681 -83.029 3.8479
29.8987 -83.1707 3.84919 0.216325 29.681 -83.029 3.8479
29.7343 -83.048 3.84818 0.111561 29.681 -83.029 3.8479
29.8987 -83.1707 3.84919 0.216325 29.681 -83.029 3.8479
29.7394 -83.1433 3.84829 0.112006 29.681 -83.029 3.8479
29.7343 -83.048 3.84818 0.111561 29.681 -83.029 3.8479
29.9038 -83.1453 3.84814 0.288636 29.681 -83.029 3.8479
30.0181 -83.1913 3.84945 0.0926656 29.681 -83.029 3.8479
29.8776 -83.0351 3.84498 0.223827 29.681 -83.029 3.8479
29.7334 -83.1537 3.84413 0.175889 29.681 -83.029 3.8479
29.9038 -83.1453 3.84814 0.288636 29.681 -83.029 3.8479
29.8904 -83.2294 3.84825 0.133991 29.681 -83.029 3.8479
29.9038 -83.1453 3.84814 0.288636 29.681 -83.029 3.8479
29.7848 -83.2906 3.849 0.0245525 29.681 -83.029 3.8479
29.8684 -83.1759 3.84649 0.238947 29.681 -83.029 3.8479
29.7343 -83.048 3.84818 0.111561 29.681 -83.029 3.8479
29.8987 -83.1707 3.84919 0.216325 29.681 -83.029 3.8479
29.8139 -83.0095 3.84238 0.0980799 29.681 -83.029 3.8479
29.8776 -83.0351 3.84498 0.223827 29.681 -83.029 3.8479
29.905 -82.9977 3.85184 0.0459685 29.681 -83.029 3.8479
29.8684 -83.1759 3.84649 0.238947 29.681 -83.029 3.8479
29.7334 -83.1537 3.84413 0.175889 29.681 -83.029 3.8479
29.8987 -83.1707 3.84919 0.216325 29.681 -83.029 3.8479
29.7306 -83.1227 3.84597 0.218788 29.681 -83.029 3.8479
29.8184 -83.3006 3.84822 0.0336053 29.681 -83.029 3.8479
29.7306 -83.1227 3.84597 0.218788 29.681 -83.029 3.8479
29.7334 -83.1537 3.84413 0.175889 29.681 -83.029 3.8479
29.9879 -83.1268 3.85048 0.156388 29.681 -83.029 3.8479
29.8776 -83.0351 3.84498 0.223827 29.681 -83.029 3.8479
29.7159 -82.9874 3.8462 0.122928 29.681 -83.029 3.8479
29.9038 -83.1453 3.84814 0.288636 29.681 -83.029 3.8479
29.7306 -83.1227 3.84597 0.218788 29.681 -83.029 3.8479
29.8139 -83.0095 3.84238 0.0980799 29.681 -83.029 3.8479
29.8684 -83.1759 3.84649 0.238947 29.681 -83.029 3.8479
29.7159 -82.9874 3.8462 0.122928 29.681 -83.029 3.8479
29.9038 -83.1453 3.84814 0.288636 29.681 -83.029 3.8479
29.7159 -82.9874 3.8462 0.122928 29.681 -83.029 3.8479
29.8904 -83.2294 3.84825 0.133991 29.681 -83.029 3.8479
29.8904 -83.2294 3.84825 0.133991 29.681 -83.029 3.8479
29.7343 -83.048 3.84818 0.111561 29.681 -83.029 3.8479
29.9038 -83.1453 3.84814 0.288636 29.681 -83.029 3.8479
29.9038 -83.1453 3.84814 0.288636 29.681 -83.029 3.8479
29.7159 -82.9874 3.8462 0.122928 29.681 -83.029 3.8479
29.7861 -82.9309 3.84936 0.0322982 29.681 -83.029 3.8479
29.7343 -83.048 3.84818 0.111561 29.681 -83.029 3.8479
29.7159 -82.9874 3.8462 0.122928 29.681 -83.029 3.8479
29.8684 -83.1759 3.84649 0.238947 29.681 -83.029 3.8479
29.7306 -83.1227 3.84597 0.218788 29.681 -83.029 3.8479
29.9879 -83.1268 3.85048 0.156388 29.681 -83.029 3.8479
29.9879 -83.1268 3.85048 0.156388 29.681 -83.029 3.8479
29.9412 -82.9606 3.84403 0.038092 29.681 -83.029 3.8479
29.9038 -83.1453 3.84814 0.288636 29.681 -83.029 3.8479
29.7987 -82.9331 3.8487 0.0552891 29.681 -83.029 3.8479
29.7394 -83.1433 3.84829 0.112006 29.681 -83.029 3.8479
29.7159 -82.9874 3.8462 0.122928 29.681 -83.029 3.8479
29.7159 -82.9874 3.8462 0.122928 29.681 -83.029 3.8479
29.7343 -83.048 3.84818 0.111561 29.681 -83.029 3.8479
29.8776 -83.0351 3.84498 0.223827 29.681 -83.029 3.8479
29.8987 -83.1707 3.84919 0.216325 29.681 -83.029 3.8479
29.9364 -82.8971 3.84956 0.0311377 29.681 -83.029 3.8479
29.7265 -82.9661 3.84985 0.0154549 29.681 -83.029 3.8479
29.5216 -83.2192 3.84402 0.00331246 29.681 -83.029 3.8479
29.8776 -83.0351 3.84498 0.223827 29.681 -83.029 3.8479
29.9038 -83.1453 3.84814 0.288636 29.681 -83.029 3.8479
29.8495 -82.9926 3.8525 0.0150739 29.681 -83.029 3.8479
29.905 -82.9977 3.85184 0.0459685 29.681 -83.029 3.8479
29.7394 -83.1433 3.84829 0.112006 29.681 -83.029 3.8479
29.8776 -83.0351 3.84498 0.223827 29.681 -83.029 3.8479
30.0471 -83.1282 3.85243 0.0582103 29.681 -83.029 3.8479
29.9364 -82.8971 3.84956 0.0311377 29.681 -83.029 3.8479
29.8684 -83.1759 3.84649 0.238947 29.681 -83.029 3.8479
29.7987 -82.9331 3.8487 0.0552891 29.681 -83.029 3.8479
29.8776 -83.0351 3.84498 0.223827 29.681 -83.029 3.8479
29.8547 -83.0922 3.84037 0.0130927 29.681 -83.029 3.8479
29.7306 -83.1227 3.84597 0.218788 29.681 -83.029 3.8479
30.0181 -83.1913 3.84945 0.0926656 29.681 -83.029 3.8479
29.7334 -83.1537 3.84413 0.175889 29.681 -83.029 3.8479
29.9879 -83.1268 3.85048 0.156388 29.681 -83.029 3.8479
30.0497 -83.071 3.8478 0.0669894 29.681 -83.029 3.8479
29.8776 -83.0351 3.84498 0.223827 29.681 -83.029 3.8479
29.8904 -83.2294 3.84825 0.133991 29.681 -83.029 3.8479
29.8684 -83.1759 3.84649 0.238947 29.681 -83.029 3.8479
29.9038 -83.1453 3.84814 0.288636 29.681 -83.029 3.8479
29.7306 -83.1227 3.84597 0.218788 29.681 -83.029 3.8479
29.7159 -82.9874 3.8462 0.122928 29.681 -83.029 3.8479
29.9879 -83.1268 3.85048 0.156388 29.681 -83.029 3.8479
29.7159 -82.9874 3.8462 0.122928 29.681 -83.029 3.8479
29.9042 -82.86 3.84646 0.0238854 29.681 -83.029 3.8479
29.8987 -83.1707 3.84919 0.216325 29.681 -83.029 3.8479
29.7394 -83.1433 3.84829 0.112006 29.681 -83.029 3.8479
29.8776 -83.0351 3.84498 0.223827 29.681 -83.029 3.8479
29.7343 -83.048 3.84818 0.111561 29.681 -83.029 3.8479
29.9038 -83.1453 3.84814 0.288636 29.681 -83.029 3.8479
29.7306 -83.1227 3.84597 0.218788 29.681 -83.029 3.8479
29.7159 -82.9874 3.8462 0.122928 29.681 -83.029 3.8479
29.9879 -83.1268 3.85048 0.156388 29.681 -83.029 3.8479
29.9038 -83.1453 3.84814 0.288636 29.681 -83.029 3.8479
29.7306 -83.1227 3.84597 0.218788 29.681 -83.029 3.8479
29.8987 -83.1707 3.84919 0.216325 29.681 -83.029 3.8479
29.8547 -83.0922 3.84037 0.0130927 29.681 -83.029 3.8479
29.7987 -82.9331 3.8487 0.0552891 29.681 -83.029 3.8479
29.8776 -83.0351 3.84498 0.223827 29.681 -83.029 3.8479
29.7306 -83.1227 3.84597 0.218788 29.681 -83.029 3.8479
29.9038 -83.1453 3.84814 0.288636 29.681 -83.029 3.8479
29.9038 -83.1453 3.84814 0.288636 29.681 -83.029 3.8479
30.0497 -83.071 3.8478 0.0669894 29.681 -83.029 3.8479
29.905 -82.9977 3.85184 0.0459685 29.681 -83.029 3.8479
29.8139 -83.0095 3.84238 0.0980799 29.681 -83.029 3.8479
29.7343 -83.048 3.84818 0.111561 29.681 -83.029 3.8479
29.794 -83.3024 3.8456 0.0298533 29.681 -83.029 3.8479
29.8684 -83.1759 3.84649 0.238947 29.681 -83.029 3.8479
29.9879 -83.1268 3.85048 0.156388 29.681 -83.029 3.8479
29.8987 -83.1707 3.84919 0.216325 29.681 -83.029 3.8479
30.0181 -83.1913 3.84945 0.0926656 29.681 -83.029 3.8479
