-39.9744 -65.1492 1.78964 0.0211237 -39.983 -65.167 1.7873
-39.99 -65.1627 1.78701 0.0236481 -39.983 -65.167 1.7873
-40.2729 -65.3467 1.79036 0.0440065 -39.983 -65.167 1.7873
-40.3224 -65.0392 1.78505 0.198122 -39.983 -65.167 1.7873
-40.1244 -64.9916 1.78569 0.0897151 -39.983 -65.167 1.7873
-40.4424 -65.1344 1.78647 0.090897 -39.983 -65.167 1.7873
-40.2577 -65.1513 1.79156 0.0939924 -39.983 -65.167 1.7873
-40.1244 -64.9916 1.78569 0.0897151 -39.983 -65.167 1.7873
-40.2539 -65.235 1.78931 0.12398 -39.983 -65.167 1.7873
-40.0006 -65.3465 1.79375 0.00807001 -39.983 -65.167 1.7873
-40.1198 -64.8704 1.79034 0.0103042 -39.983 -65.167 1.7873
-40.5985 -64.988 1.78106 0.0136115 -39.983 -65.167 1.7873
-40.2539 -65.235 1.78931 0.12398 -39.983 -65.167 1.7873
-40.0551 -64.8252 1.7856 0.00850716 -39.983 -65.167 1.7873
-40.057 -64.8801 1.78415 0.0175095 -39.983 -65.167 1.7873
-40.1762 -65.1376 1.78899 0.1488 -39.983 -65.167 1.7873
-40.2618 -65.2882 1.78825 0.0877357 -39.983 -65.167 1.7873
-39.9744 -65.1492 1.78964 0.0211237 -39.983 -65.167 1.7873
-40.2093 -64.9473 1.79405 0.00683997 -39.983 -65.167 1.7873
-40.1244 -64.9916 1.78569 0.0897151 -39.983 -65.167 1.7873
-40.1762 -65.1376 1.78899 0.1488 -39.983 -65.167 1.7873
-40.2913 -64.9503 1.78438 0.141582 -39.983 -65.167 1.7873
-40.4424 -65.1344 1.78647 0.090897 -39.983 -65.167 1.7873
-40.2618 -65.2882 1.78825 0.0877357 -39.983 -65.167 1.7873
-40.1762 -65.1376 1.78899 0.1488 -39.983 -65.167 1.7873
-40.2577 -65.1513 1.79156 0.0939924 -39.983 -65.167 1.7873
-40.2913 -64.9503 1.78438 0.141582 -39.983 -65.167 1.7873
-40.1749 -65.2207 1.78147 0.0286069 -39.983 -65.167 1.7873
-40.3224 -65.0392 1.78505 0.198122 -39.983 -65.167 1.7873
-40.1973 -65.1494 1.7819 0.0728003 -39.983 -65.167 1.7873
-40.2618 -65.2882 1.78825 0.0877357 -39.983 -65.167 1.7873
-40.1244 -64.9916 1.78569 0.0897151 -39.983 -65.167 1.7873
-40.1673 -65.1241 1.79241 0.065048 -39.983 -65.167 1.7873
-40.1061 -65.3768 1.79331 0.0161612 -39.983 -65.167 1.7873
-40.293 -64.955 1.78077 0.103467 -39.983 -65.167 1.7873
-40.0792 -65.1154 1.79268 0.0367605 -39.983 -65.167 1.7873
-40.3501 -65.2254 1.79095 0.0682416 -39.983 -65.167 1.7873
-40.1762 -65.1376 1.78899 0.1488 -39.983 -65.167 1.7873
-40.1244 -64.9916 1.78569 0.0897151 -39.983 -65.167 1.7873
-40.4763 -64.8901 1.78983 0.00520925 -39.983 -65.167 1.7873
-40.2539 -65.235 1.78931 0.12398 -39.983 -65.167 1.7873
-40.2618 -65.2882 1.78825 0.0877357 -39.983 -65.167 1.7873
-40.3224 -65.0392 1.78505 0.198122 -39.983 -65.167 1.7873
-40.1673 -65.1241 1.79241 0.065048 -39.983 -65.167 1.7873
-40.3224 -65.0392 1.78505 0.198122 -39.983 -65.167 1.7873
-40.1973 -65.1494 1.7819 0.0728003 -39.983 -65.167 1.7873
-40.1749 -65.2207 1.78147 0.0286069 -39.983 -65.167 1.7873
-40.2913 -64.9503 1.78438 0.141582 -39.983 -65.167 1.7873
-40.0025 -65.2595 1.78512 0.00999759 -39.983 -65.167 1.7873
-40.03 -65.1087 1.78728 0.0463766 -39.983 -65.167 1.7873
-40.2618 -65.2882 1.78825 0.0877357 -39.983 -65.167 1.7873
-40.2539 -65.235 1.78931 0.12398 -39.983 -65.167 1.7873
-40.1973 -65.1494 1.7819 0.0728003 -39.983 -65.167 1.7873
-40.3224 -65.0392 1.78505 0.198122 -39.983 -65.167 1.7873
-40.2539 -65.235 1.78931 0.12398 -39.983 -65.167 1.7873
-40.3224 -65.0392 1.78505 0.198122 -39.983 -65.167 1.7873
-40.1762 -65.1376 1.78899 0.1488 -39.983 -65.167 1.7873
-40.03 -65.1087 1.78728 0.0463766 -39.983 -65.167 1.7873
-39.9745 -65.2256 1.78332 0.00453217 -39.983 -65.167 1.7873
-40.1973 -65.1494 1.7819 0.0728003 -39.983 -65.167 1.7873
-40.3501 -65.2254 1.79095 0.0682416 -39.983 -65.167 1.7873
-40.2913 -64.9503 1.78438 0.141582 -39.983 -65.167 1.7873
-40.3224 -65.0392 1.78505 0.198122 -39.983 -65.167 1.7873
-40.1951 -65.2242 1.77874 0.00788897 -39.983 -65.167 1.7873
-40.1973 -65.1494 1.7819 0.0728003 -39.983 -65.167 1.7873
-40.0792 -65.1154 1.79268 0.0367605 -39.983 -65.167 1.7873
-40.2913 -64.9503 1.78438 0.141582 -39.983 -65.167 1.7873
-39.99 -65.1627 1.78701 0.0236481 -39.983 -65.167 1.7873
-40.4424 -65.1344 1.78647 0.090897 -39.983 -65.167 1.7873
-40.2539 -65.235 1.78931 0.12398 -39.983 -65.167 1.7873
-40.1762 -65.1376 1.78899 0.1488 -39.983 -65.167 1.7873
-40.2539 -65.235 1.78931 0.12398 -39.983 -65.167 1.7873
-40.2913 -64.9503 1.78438 0.141582 -39.983 -65.167 1.7873
-40.3501 -65.2254 1.79095 0.0682416 -39.983 -65.167 1.7873
-40.293 -64.955 1.78077 0.103467 -39.983 -65.167 1.7873
-40.2913 -64.9503 1.78438 0.141582 -39.983 -65.167 1.7873
-40.2618 -65.2882 1.78825 0.0877357 -39.983 -65.167 1.7873
-40.057 -64.8801 1.78415 0.0175095 -39.983 -65.167 1.7873
-40.0792 -65.1154 1.79268 0.0367605 -39.983 -65.167 1.7873
-40.1762 -65.1376 1.78899 0.1488 -39.983 -65.167 1.7873
-40.1244 -64.9916 1.78569 0.0897151 -39.983 -65.167 1.7873
-40.3224 -65.0392 1.78505 0.198122 -39.983 -65.167 1.7873
-40.1673 -65.1241 1.79241 0.065048 -39.983 -65.167 1.7873
-40.4944 -65.125 1.78355 0.0564594 -39.983 -65.167 1.7873
-40.293 -64.955 1.78077 0.103467 -39.983 -65.167 1.7873
-40.3224 -65.0392 1.78505 0.198122 -39.983 -65.167 1.7873
-40.057 -64.8801 1.78415 0.0175095 -39.983 -65.167 1.7873
-40.1749 -65.2207 1.78147 0.0286069 -39.983 -65.167 1.7873
-40.2539 -65.235 1.78931 0.12398 -39.983 -65.167 1.7873
-40.2913 -64.9503 1.78438 0.141582 -39.983 -65.167 1.7873
-40.2618 -65.2882 1.78825 0.0877357 -39.983 -65.167 1.7873
-40.1673 -65.1241 1.79241 0.065048 -39.983 -65.167 1.7873
-40.3224 -65.0392 1.78505 0.198122 -39.983 -65.167 1.7873
-40.4944 -65.125 1.78355 0.0564594 -39.983 -65.167 1.7873
-40.0792 -65.1154 1.79268 0.0367605 -39.983 -65.167 1.7873
-40.4424 -65.1344 1.78647 0.090897 -39.983 -65.167 1.7873
-40.3224 -65.0392 1.78505 0.198122 -39.983 -65.167 1.7873
-40.1762 -65.1376 1.78899 0.1488 -39.983 -65.167 1.7873
-40.4424 -65.1344 1.78647 0.090897 -39.983 -65.167 1.7873
-40.1673 -65.1241 1.79241 0.065048 -39.983 -65.167 1.7873
-40.4214 -65.344 1.78214 0.00799799 -39.983 -65.167 1.7873
-40.1762 -65.1376 1.78899 0.1488 -39.983 -65.167 1.7873
-40.1244 -64.9916 1.78569 0.0897151 -39.983 -65.167 1.7873
-40.4944 -65.125 1.78355 0.0564594 -39.983 -65.167 1.7873
-39.9707 -65.1521 1.79416 0.0085363 -39.983 -65.167 1.7873
-40.2618 -65.2882 1.78825 0.0877357 -39.983 -65.167 1.7873
-40.2618 -65.2882 1.78825 0.0877357 -39.983 -65.167 1.7873
-40.2539 -65.235 1.78931 0.12398 -39.983 -65.167 1.7873
-40.4424 -65.1344 1.78647 0.090897 -39.983 -65.167 1.7873
-40.2618 -65.2882 1.78825 0.0877357 -39.983 -65.167 1.7873
-40.0551 -64.8252 1.7856 0.00850716 -39.983 -65.167 1.7873
-40.4944 -65.125 1.78355 0.0564594 -39.983 -65.167 1.7873
-40.2913 -64.9503 1.78438 0.141582 -39.983 -65.167 1.7873
-40.3224 -65.0392 1.78505 0.198122 -39.983 -65.167 1.7873
-40.3501 -65.2254 1.79095 0.0682416 -39.983 -65.167 1.7873
-40.1762 -65.1376 1.78899 0.1488 -39.983 -65.167 1.7873
-39.9744 -65.1492 1.78964 0.0211237 -39.983 -65.167 1.7873
-40.0965 -65.2018 1.79581 0.0150548 -39.983 -65.167 1.7873
-40.1244 -64.9916 1.78569 0.0897151 -39.983 -65.167 1.7873
-40.1244 -64.9916 1.78569 0.0897151 -39.983 -65.167 1.7873
-40.1762 -65.1376 1.78899 0.1488 -39.983 -65.167 1.7873
-40.293 -64.955 1.78077 0.103467 -39.983 -65.167 1.7873
-40.2913 -64.9503 1.78438 0.141582 -39.983 -65.167 1.7873
-40.1673 -65.1241 1.79241 0.065048 -39.983 -65.167 1.7873
-40.4944 -65.125 1.78355 0.0564594 -39.983 -65.167 1.7873
-40.2913 -64.9503 1.78438 0.141582 -39.983 -65.167 1.7873
-40.3224 -65.0392 1.78505 0.198122 -39.983 -65.167 1.7873
-40.2618 -65.2882 1.78825 0.0877357 -39.983 -65.167 1.7873
-40.293 -64.955 1.78077 0.103467 -39.983 -65.167 1.7873
-40.2539 -65.235 1.78931 0.12398 -39.983 -65.167 1.7873
-40.3224 -65.0392 1.78505 0.198122 -39.983 -65.167 1.7873
-40.293 -64.955 1.78077 0.103467 -39.983 -65.167 1.7873
-40.2577 -65.1513 1.79156 0.0939924 -39.983 -65.167 1.7873
-40.2577 -65.1513 1.79156 0.0939924 -39.983 -65.167 1.7873
-40.2539 -65.235 1.78931 0.12398 -39.983 -65.167 1.7873
-40.2577 -65.1513 1.79156 0.0939924 -39.983 -65.167 1.7873
-40.4424 -65.1344 1.78647 0.090897 -39.983 -65.167 1.7873
-40.1244 -64.9916 1.78569 0.0897151 -39.983 -65.167 1.7873
-40.3737 -65.3803 1.78617 0.0165425 -39.983 -65.167 1.7873
-40.293 -64.955 1.78077 0.103467 -39.983 -65.167 1.7873
-40.1673 -65.1241 1.79241 0.065048 -39.983 -65.167 1.7873
-40.057 -64.8801 1.78415 0.0175095 -39.983 -65.167 1.7873
-40.3224 -65.0392 1.78505 0.198122 -39.983 -65.167 1.7873
-40.0792 -65.1154 1.79268 0.0367605 -39.983 -65.167 1.7873
-40.3224 -65.0392 1.78505 0.198122 -39.983 -65.167 1.7873
-40.2618 -65.2882 1.78825 0.0877357 -39.983 -65.167 1.7873
-40.2618 -65.2882 1.78825 0.0877357 -39.983 -65.167 1.7873
-40.2913 -64.9503 1.78438 0.141582 -39.983 -65.167 1.7873
-40.2539 -65.235 1.78931 0.12398 -39.983 -65.167 1.7873
-40.3501 -65.2254 1.79095 0.0682416 -39.983 -65.167 1.7873
-40.3224 -65.0392 1.78505 0.198122 -39.983 -65.167 1.7873
-40.3224 -65.0392 1.78505 0.198122 -39.983 -65.167 1.7873
-40.1244 -64.9916 1.78569 0.0897151 -39.983 -65.167 1.7873
-40.4424 -65.1344 1.78647 0.090897 -39.983 -65.167 1.7873
-40.2539 -65.235 1.78931 0.12398 -39.983 -65.167 1.7873
-40.4424 -65.1344 1.78647 0.090897 -39.983 -65.167 1.7873
-40.035 -65.0246 1.7954 0.00409811 -39.983 -65.167 1.7873
-40.3224 -65.0392 1.78505 0.198122 -39.983 -65.167 1.7873
-40.1762 -65.1376 1.78899 0.1488 -39.983 -65.167 1.7873
-40.2618 -65.2882 1.78825 0.0877357 -39.983 -65.167 1.7873
-40.1673 -65.1241 1.79241 0.065048 -39.983 -65.167 1.7873
-40.0792 -65.1154 1.79268 0.0367605 -39.983 -65.167 1.7873
-40.2618 -65.2882 1.78825 0.0877357 -39.983 -65.167 1.7873
-40.2093 -64.9473 1.79405 0.00683997 -39.983 -65.167 1.7873
-40.1749 -65.2207 1.78147 0.0286069 -39.983 -65.167 1.7873
-40.2729 -65.3467 1.79036 0.0440065 -39.983 -65.167 1.7873
-40.1244 -64.9916 1.78569 0.0897151 -39.983 -65.167 1.7873
-40.03 -65.1087 1.78728 0.0463766 -39.983 -65.167 1.7873
-40.0792 -65.1154 1.79268 0.0367605 -39.983 -65.167 1.7873
-40.3224 -65.0392 1.78505 0.198122 -39.983 -65.167 1.7873
-40.0792 -65.1154 1.79268 0.0367605 -39.983 -65.167 1.7873
-40.1749 -65.2207 1.78147 0.0286069 -39.983 -65.167 1.7873
-40.5985 -64.988 1.78106 0.0136115 -39.983 -65.167 1.7873
-40.2913 -64.9503 1.78438 0.141582 -39.983 -65.167 1.7873
-40.1762 -65.1376 1.78899 0.1488 -39.983 -65.167 1.7873
-40.1244 -64.9916 1.78569 0.0897151 -39.983 -65.167 1.7873
-40.3501 -65.2254 1.79095 0.0682416 -39.983 -65.167 1.7873
-40.0792 -65.1154 1.79268 0.0367605 -39.983 -65.167 1.7873
-40.1762 -65.1376 1.78899 0.1488 -39.983 -65.167 1.7873
-40.4944 -65.125 1.78355 0.0564594 -39.983 -65.167 1.7873
-39.8918 -65.2115 1.7848 0.00174459 -39.983 -65.167 1.7873
-40.4944 -65.125 1.78355 0.0564594 -39.983 -65.167 1.7873
-40.3737 -65.3803 1.78617 0.0165425 -39.983 -65.167 1.7873
-39.8859 -65.1489 1.77977 0.000214229 -39.983 -65.167 1.7873
-40.0965 -65.2018 1.79581 0.0150548 -39.983 -65.167 1.7873
-40.2913 -64.9503 1.78438 0.141582 -39.983 -65.167 1.7873
-40.599 -65.0417 1.7775 0.00621564 -39.983 -65.167 1.7873
-40.1673 -65.1241 1.79241 0.065048 -39.983 -65.167 1.7873
-40.4214 -65.344 1.78214 0.00799799 -39.983 -65.167 1.7873
-40.2729 -65.3467 1.79036 0.0440065 -39.983 -65.167 1.7873
-40.1716 -65.4046 1.79873 0.00220704 -39.983 -65.167 1.7873
-40.3224 -65.0392 1.78505 0.198122 -39.983 -65.167 1.7873
-40.2577 -65.1513 1.79156 0.0939924 -39.983 -65.167 1.7873
-40.384 -65.3453 1.79462 0.00752005 -39.983 -65.167 1.7873
-40.1762 -65.1376 1.78899 0.1488 -39.983 -65.167 1.7873
-40.3224 -65.0392 1.78505 0.198122 -39.983 -65.167 1.7873
-40.0792 -65.1154 1.79268 0.0367605 -39.983 -65.167 1.7873
-40.0828 -65.4124 1.7936 0.0089678 -39.983 -65.167 1.7873
-40.4944 -65.125 1.78355 0.0564594 -39.983 -65.167 1.7873
-40.2539 -65.235 1.78931 0.12398 -39.983 -65.167 1.7873
