68.7567 -43.6425 3.83008 0.00666954 68.767 -43.758 3.8189
68.7204 -43.7014 3.82604 0.0179153 68.767 -43.758 3.8189
68.7117 -43.5795 3.82255 0.000574352 68.767 -43.758 3.8189
68.8424 -43.946 3.82032 0.0108746 68.767 -43.758 3.8189
68.7317 -43.7747 3.82445 0.0316364 68.767 -43.758 3.8189
68.7487 -43.7446 3.82776 0.0241473 68.767 -43.758 3.8189
68.7317 -43.7747 3.82445 0.0316364 68.767 -43.758 3.8189
68.6597 -43.693 3.83115 0.00345495 68.767 -43.758 3.8189
68.7487 -43.7446 3.82776 0.0241473 68.767 -43.758 3.8189
68.8424 -43.946 3.82032 0.0108746 68.767 -43.758 3.8189
68.8309 -43.7866 3.82156 0.0135164 68.767 -43.758 3.8189
68.8424 -43.946 3.82032 0.0108746 68.767 -43.758 3.8189
68.7487 -43.7446 3.82776 0.0241473 68.767 -43.758 3.8189
68.8728 -43.7922 3.82207 0.0110784 68.767 -43.758 3.8189
68.8309 -43.7866 3.82156 0.0135164 68.767 -43.758 3.8189
68.8424 -43.946 3.82032 0.0108746 68.767 -43.758 3.8189
68.8728 -43.7922 3.82207 0.0110784 68.767 -43.758 3.8189
68.8274 -43.6899 3.8215 0.00355007 68.767 -43.758 3.8189
68.8309 -43.7866 3.82156 0.0135164 68.767 -43.758 3.8189
68.7597 -43.7254 3.81881 0.00184225 68.767 -43.758 3.8189
68.7204 -43.7014 3.82604 0.0179153 68.767 -43.758 3.8189
68.8274 -43.6899 3.8215 0.00355007 68.767 -43.758 3.8189
68.7317 -43.7747 3.82445 0.0316364 68.767 -43.758 3.8189
68.7317 -43.7747 3.82445 0.0316364 68.767 -43.758 3.8189
68.7487 -43.7446 3.82776 0.0241473 68.767 -43.758 3.8189
68.6152 -43.7224 3.82386 0.00680925 68.767 -43.758 3.8189
68.8728 -43.7922 3.82207 0.0110784 68.767 -43.758 3.8189
68.8715 -43.5905 3.82585 0.00166391 68.767 -43.758 3.8189
68.6152 -43.7224 3.82386 0.00680925 68.767 -43.758 3.8189
68.7487 -43.7446 3.82776 0.0241473 68.767 -43.758 3.8189
68.7487 -43.7446 3.82776 0.0241473 68.767 -43.758 3.8189
68.7567 -43.6425 3.83008 0.00666954 68.767 -43.758 3.8189
68.8424 -43.946 3.82032 0.0108746 68.767 -43.758 3.8189
68.7317 -43.7747 3.82445 0.0316364 68.767 -43.758 3.8189
68.6152 -43.7224 3.82386 0.00680925 68.767 -43.758 3.8189
68.7487 -43.7446 3.82776 0.0241473 68.767 -43.758 3.8189
68.7567 -43.6425 3.83008 0.00666954 68.767 -43.758 3.8189
68.8309 -43.7866 3.82156 0.0135164 68.767 -43.758 3.8189
68.8309 -43.7866 3.82156 0.0135164 68.767 -43.758 3.8189
68.8728 -43.7922 3.82207 0.0110784 68.767 -43.758 3.8189
68.7317 -43.7747 3.82445 0.0316364 68.767 -43.758 3.8189
68.7487 -43.7446 3.82776 0.0241473 68.767 -43.758 3.8189
68.59 -43.7616 3.82286 0.00581423 68.767 -43.758 3.8189
68.5819 -43.5663 3.82434 0.000215382 68.767 -43.758 3.8189
68.9121 -43.8352 3.8318 0.00139598 68.767 -43.758 3.8189
68.6597 -43.693 3.83115 0.00345495 68.767 -43.758 3.8189
68.7487 -43.7446 3.82776 0.0241473 68.767 -43.758 3.8189
68.8728 -43.7922 3.82207 0.0110784 68.767 -43.758 3.8189
68.7204 -43.7014 3.82604 0.0179153 68.767 -43.758 3.8189
68.7317 -43.7747 3.82445 0.0316364 68.767 -43.758 3.8189
68.8728 -43.7922 3.82207 0.0110784 68.767 -43.758 3.8189
68.7086 -43.5642 3.82678 0.00166188 68.767 -43.758 3.8189
68.8728 -43.7922 3.82207 0.0110784 68.767 -43.758 3.8189
68.7487 -43.7446 3.82776 0.0241473 68.767 -43.758 3.8189
68.4085 -43.745 3.82381 5.45729e-05 68.767 -43.758 3.8189
68.7317 -43.7747 3.82445 0.0316364 68.767 -43.758 3.8189
68.7317 -43.7747 3.82445 0.0316364 68.767 -43.758 3.8189
68.7365 -43.8662 3.81497 0.000724612 68.767 -43.758 3.8189
68.8309 -43.7866 3.82156 0.0135164 68.767 -43.758 3.8189
68.6597 -43.693 3.83115 0.00345495 68.767 -43.758 3.8189
68.8309 -43.7866 3.82156 0.0135164 68.767 -43.758 3.8189
68.6971 -43.6603 3.83227 0.00247128 68.767 -43.758 3.8189
68.8424 -43.946 3.82032 0.0108746 68.767 -43.758 3.8189
68.8082 -43.7099 3.82142 0.00554719 68.767 -43.758 3.8189
68.6597 -43.693 3.83115 0.00345495 68.767 -43.758 3.8189
68.7204 -43.7014 3.82604 0.0179153 68.767 -43.758 3.8189
68.7317 -43.7747 3.82445 0.0316364 68.767 -43.758 3.8189
68.7317 -43.7747 3.82445 0.0316364 68.767 -43.758 3.8189
68.7317 -43.7747 3.82445 0.0316364 68.767 -43.758 3.8189
68.8424 -43.946 3.82032 0.0108746 68.767 -43.758 3.8189
68.59 -43.7616 3.82286 0.00581423 68.767 -43.758 3.8189
68.7317 -43.7747 3.82445 0.0316364 68.767 -43.758 3.8189
68.7204 -43.7014 3.82604 0.0179153 68.767 -43.758 3.8189
68.8715 -43.5905 3.82585 0.00166391 68.767 -43.758 3.8189
68.7317 -43.7747 3.82445 0.0316364 68.767 -43.758 3.8189
68.7317 -43.7747 3.82445 0.0316364 68.767 -43.758 3.8189
68.7317 -43.7747 3.82445 0.0316364 68.767 -43.758 3.8189
68.8309 -43.7866 3.82156 0.0135164 68.767 -43.758 3.8189
68.8048 -43.6328 3.83551 0.000411936 68.767 -43.758 3.8189
68.6152 -43.7224 3.82386 0.00680925 68.767 -43.758 3.8189
68.8082 -43.7099 3.82142 0.00554719 68.767 -43.758 3.8189
68.59 -43.7616 3.82286 0.00581423 68.767 -43.758 3.8189
68.7204 -43.7014 3.82604 0.0179153 68.767 -43.758 3.8189
68.7204 -43.7014 3.82604 0.0179153 68.767 -43.758 3.8189
68.7435 -43.636 3.82116 0.0012403 68.767 -43.758 3.8189
68.7487 -43.7446 3.82776 0.0241473 68.767 -43.758 3.8189
68.8424 -43.946 3.82032 0.0108746 68.767 -43.758 3.8189
68.6152 -43.7224 3.82386 0.00680925 68.767 -43.758 3.8189
68.8615 -44.0289 3.82526 0.0028456 68.767 -43.758 3.8189
68.8584 -43.6765 3.83575 0.000305046 68.767 -43.758 3.8189
68.7317 -43.7747 3.82445 0.0316364 68.767 -43.758 3.8189
68.8615 -44.0289 3.82526 0.0028456 68.767 -43.758 3.8189
68.9121 -43.8352 3.8318 0.00139598 68.767 -43.758 3.8189
68.7204 -43.7014 3.82604 0.0179153 68.767 -43.758 3.8189
68.7204 -43.7014 3.82604 0.0179153 68.767 -43.758 3.8189
68.8309 -43.7866 3.82156 0.0135164 68.767 -43.758 3.8189
68.8728 -43.7922 3.82207 0.0110784 68.767 -43.758 3.8189
68.7204 -43.7014 3.82604 0.0179153 68.767 -43.758 3.8189
68.8424 -43.946 3.82032 0.0108746 68.767 -43.758 3.8189
68.7317 -43.7747 3.82445 0.0316364 68.767 -43.758 3.8189
68.8309 -43.7866 3.82156 0.0135164 68.767 -43.758 3.8189
68.7317 -43.7747 3.82445 0.0316364 68.767 -43.758 3.8189
68.7487 -43.7446 3.82776 0.0241473 68.767 -43.758 3.8189
68.7567 -43.6425 3.83008 0.00666954 68.767 -43.758 3.8189
68.7567 -43.6425 3.83008 0.00666954 68.767 -43.758 3.8189
68.6597 -43.693 3.83115 0.00345495 68.767 -43.758 3.8189
68.7204 -43.7014 3.82604 0.0179153 68.767 -43.758 3.8189
69.0718 -43.6985 3.82558 0.000153607 68.767 -43.758 3.8189
68.7204 -43.7014 3.82604 0.0179153 68.767 -43.758 3.8189
68.7317 -43.7747 3.82445 0.0316364 68.767 -43.758 3.8189
68.7317 -43.7747 3.82445 0.0316364 68.767 -43.758 3.8189
68.8615 -44.0289 3.82526 0.0028456 68.767 -43.758 3.8189
68.7317 -43.7747 3.82445 0.0316364 68.767 -43.758 3.8189
68.7487 -43.7446 3.82776 0.0241473 68.767 -43.758 3.8189
68.7487 -43.7446 3.82776 0.0241473 68.767 -43.758 3.8189
68.7487 -43.7446 3.82776 0.0241473 68.767 -43.758 3.8189
68.7567 -43.6425 3.83008 0.00666954 68.767 -43.758 3.8189
68.5819 -43.5663 3.82434 0.000215382 68.767 -43.758 3.8189
68.7204 -43.7014 3.82604 0.0179153 68.767 -43.758 3.8189
68.7597 -43.7254 3.81881 0.00184225 68.767 -43.758 3.8189
68.7317 -43.7747 3.82445 0.0316364 68.767 -43.758 3.8189
68.8728 -43.7922 3.82207 0.0110784 68.767 -43.758 3.8189
68.9695 -43.9809 3.81557 0.000105855 68.767 -43.758 3.8189
68.8728 -43.7922 3.82207 0.0110784 68.767 -43.758 3.8189
68.7487 -43.7446 3.82776 0.0241473 68.767 -43.758 3.8189
68.8728 -43.7922 3.82207 0.0110784 68.767 -43.758 3.8189
68.6152 -43.7224 3.82386 0.00680925 68.767 -43.758 3.8189
68.7204 -43.7014 3.82604 0.0179153 68.767 -43.758 3.8189
68.59 -43.7616 3.82286 0.00581423 68.767 -43.758 3.8189
68.8309 -43.7866 3.82156 0.0135164 68.767 -43.758 3.8189
68.8082 -43.7099 3.82142 0.00554719 68.767 -43.758 3.8189
68.8309 -43.7866 3.82156 0.0135164 68.767 -43.758 3.8189
68.8309 -43.7866 3.82156 0.0135164 68.767 -43.758 3.8189
68.875 -43.6639 3.83375 0.00108885 68.767 -43.758 3.8189
68.7317 -43.7747 3.82445 0.0316364 68.767 -43.758 3.8189
68.59 -43.7616 3.82286 0.00581423 68.767 -43.758 3.8189
68.7567 -43.6425 3.83008 0.00666954 68.767 -43.758 3.8189
68.7204 -43.7014 3.82604 0.0179153 68.767 -43.758 3.8189
68.8274 -43.6899 3.8215 0.00355007 68.767 -43.758 3.8189
68.7204 -43.7014 3.82604 0.0179153 68.767 -43.758 3.8189
68.7317 -43.7747 3.82445 0.0316364 68.767 -43.758 3.8189
68.8082 -43.7099 3.82142 0.00554719 68.767 -43.758 3.8189
68.8424 -43.946 3.82032 0.0108746 68.767 -43.758 3.8189
68.8424 -43.946 3.82032 0.0108746 68.767 -43.758 3.8189
68.7487 -43.7446 3.82776 0.0241473 68.767 -43.758 3.8189
68.7317 -43.7747 3.82445 0.0316364 68.767 -43.758 3.8189
68.8728 -43.7922 3.82207 0.0110784 68.767 -43.758 3.8189
68.8082 -43.7099 3.82142 0.00554719 68.767 -43.758 3.8189
68.7317 -43.7747 3.82445 0.0316364 68.767 -43.758 3.8189
68.6283 -43.637 3.82278 0.0013662 68.767 -43.758 3.8189
68.6152 -43.7224 3.82386 0.00680925 68.767 -43.758 3.8189
68.8309 -43.7866 3.82156 0.0135164 68.767 -43.758 3.8189
68.7317 -43.7747 3.82445 0.0316364 68.767 -43.758 3.8189
68.7204 -43.7014 3.82604 0.0179153 68.767 -43.758 3.8189
68.6633 -43.5395 3.83031 0.000640657 68.767 -43.758 3.8189
68.7204 -43.7014 3.82604 0.0179153 68.767 -43.758 3.8189
68.7597 -43.7254 3.81881 0.00184225 68.767 -43.758 3.8189
68.7597 -43.7254 3.81881 0.00184225 68.767 -43.758 3.8189
68.8082 -43.7099 3.82142 0.00554719 68.767 -43.758 3.8189
68.8309 -43.7866 3.82156 0.0135164 68.767 -43.758 3.8189
68.9121 -43.8352 3.8318 0.00139598 68.767 -43.758 3.8189
68.7204 -43.7014 3.82604 0.0179153 68.767 -43.758 3.8189
68.8309 -43.7866 3.82156 0.0135164 68.767 -43.758 3.8189
68.7567 -43.6425 3.83008 0.00666954 68.767 -43.758 3.8189
68.7204 -43.7014 3.82604 0.0179153 68.767 -43.758 3.8189
68.7487 -43.7446 3.82776 0.0241473 68.767 -43.758 3.8189
68.8728 -43.7922 3.82207 0.0110784 68.767 -43.758 3.8189
68.6283 -43.637 3.82278 0.0013662 68.767 -43.758 3.8189
68.8082 -43.7099 3.82142 0.00554719 68.767 -43.758 3.8189
68.6971 -43.6603 3.83227 0.00247128 68.767 -43.758 3.8189
68.7487 -43.7446 3.82776 0.0241473 68.767 -43.758 3.8189
68.8615 -44.0289 3.82526 0.0028456 68.767 -43.758 3.8189
68.7487 -43.7446 3.82776 0.0241473 68.767 -43.758 3.8189
68.7597 -43.7254 3.81881 0.00184225 68.767 -43.758 3.8189
68.7317 -43.7747 3.82445 0.0316364 68.767 -43.758 3.8189
68.7487 -43.7446 3.82776 0.0241473 68.767 -43.758 3.8189
68.8274 -43.6899 3.8215 0.00355007 68.767 -43.758 3.8189
68.7487 -43.7446 3.82776 0.0241473 68.767 -43.758 3.8189
68.6633 -43.5395 3.83031 0.000640657 68.767 -43.758 3.8189
68.8309 -43.7866 3.82156 0.0135164 68.767 -43.758 3.8189
68.7487 -43.7446 3.82776 0.0241473 68.767 -43.758 3.8189
68.7204 -43.7014 3.82604 0.0179153 68.767 -43.758 3.8189
68.7317 -43.7747 3.82445 0.0316364 68.767 -43.758 3.8189
68.7204 -43.7014 3.82604 0.0179153 68.767 -43.758 3.8189
68.59 -43.7616 3.82286 0.00581423 68.767 -43.758 3.8189
68.8424 -43.946 3.82032 0.0108746 68.767 -43.758 3.8189
68.7317 -43.7747 3.82445 0.0316364 68.767 -43.758 3.8189
68.6971 -43.6603 3.83227 0.00247128 68.767 -43.758 3.8189
68.7317 -43.7747 3.82445 0.0316364 68.767 -43.758 3.8189
68.8424 -43.946 3.82032 0.0108746 68.767 -43.758 3.8189
68.7487 -43.7446 3.82776 0.0241473 68.767 -43.758 3.8189
68.8274 -43.6899 3.8215 0.00355007 68.767 -43.758 3.8189
68.7204 -43.7014 3.82604 0.0179153 68.767 -43.758 3.8189
68.6152 -43.7224 3.82386 0.00680925 68.767 -43.758 3.8189
68.7317 -43.7747 3.82445 0.0316364 68.767 -43.758 3.8189
68.8309 -43.7866 3.82156 0.0135164 68.767 -43.758 3.8189
68.8309 -43.7866 3.82156 0.0135164 68.767 -43.758 3.8189
68.8309 -43.7866 3.82156 0.0135164 68.767 -43.758 3.8189
68.6152 -43.7224 3.82386 0.00680925 68.767 -43.758 3.8189
68.7204 -43.7014 3.82604 0.0179153 68.767 -43.758 3.8189
