79.8863 -35.8082 3.69657 0.0912767 79.652 -35.852 3.6942
79.7991 -35.8502 3.69493 0.294224 79.652 -35.852 3.6942
79.7991 -35.8502 3.69493 0.294224 79.652 -35.852 3.6942
79.6449 -35.7946 3.69459 0.155619 79.652 -35.852 3.6942
79.9162 -35.7914 3.69245 0.0202589 79.652 -35.852 3.6942
79.7991 -35.8502 3.69493 0.294224 79.652 -35.852 3.6942
79.6449 -35.7946 3.69459 0.155619 79.652 -35.852 3.6942
79.8371 -35.9998 3.69502 0.127088 79.652 -35.852 3.6942
79.6449 -35.7946 3.69459 0.155619 79.652 -35.852 3.6942
79.6449 -35.7946 3.69459 0.155619 79.652 -35.852 3.6942
79.9199 -35.7774 3.70077 0.0108402 79.652 -35.852 3.6942
79.7678 -35.9011 3.69091 0.139365 79.652 -35.852 3.6942
79.6375 -35.8374 3.69282 0.1336 79.652 -35.852 3.6942
79.7251 -35.7282 3.69431 0.0854556 79.652 -35.852 3.6942
79.6118 -35.5982 3.69572 0.00354794 79.652 -35.852 3.6942
79.857 -35.7381 3.69188 0.0141866 79.652 -35.852 3.6942
79.8863 -35.8082 3.69657 0.0912767 79.652 -35.852 3.6942
79.7991 -35.8502 3.69493 0.294224 79.652 -35.852 3.6942
79.6449 -35.7946 3.69459 0.155619 79.652 -35.852 3.6942
79.6449 -35.7946 3.69459 0.155619 79.652 -35.852 3.6942
79.8371 -35.9998 3.69502 0.127088 79.652 -35.852 3.6942
79.5998 -35.8534 3.69265 0.0928943 79.652 -35.852 3.6942
79.7678 -35.9011 3.69091 0.139365 79.652 -35.852 3.6942
79.6375 -35.8374 3.69282 0.1336 79.652 -35.852 3.6942
79.7251 -35.7282 3.69431 0.0854556 79.652 -35.852 3.6942
79.7991 -35.8502 3.69493 0.294224 79.652 -35.852 3.6942
79.7991 -35.8502 3.69493 0.294224 79.652 -35.852 3.6942
79.7991 -35.8502 3.69493 0.294224 79.652 -35.852 3.6942
79.7991 -35.8502 3.69493 0.294224 79.652 -35.852 3.6942
79.8863 -35.8082 3.69657 0.0912767 79.652 -35.852 3.6942
79.6449 -35.7946 3.69459 0.155619 79.652 -35.852 3.6942
79.8371 -35.9998 3.69502 0.127088 79.652 -35.852 3.6942
79.7991 -35.8502 3.69493 0.294224 79.652 -35.852 3.6942
79.8863 -35.8082 3.69657 0.0912767 79.652 -35.852 3.6942
79.6449 -35.7946 3.69459 0.155619 79.652 -35.852 3.6942
79.8785 -35.7768 3.69254 0.031557 79.652 -35.852 3.6942
79.6449 -35.7946 3.69459 0.155619 79.652 -35.852 3.6942
79.5413 -35.9193 3.69844 0.0204823 79.652 -35.852 3.6942
79.857 -35.7381 3.69188 0.0141866 79.652 -35.852 3.6942
79.6449 -35.7946 3.69459 0.155619 79.652 -35.852 3.6942
79.6375 -35.8374 3.69282 0.1336 79.652 -35.852 3.6942
79.7251 -35.7282 3.69431 0.0854556 79.652 -35.852 3.6942
79.8371 -35.9998 3.69502 0.127088 79.652 -35.852 3.6942
79.7991 -35.8502 3.69493 0.294224 79.652 -35.852 3.6942
79.7874 -35.7174 3.69117 0.0098708 79.652 -35.852 3.6942
79.4631 -35.8292 3.69505 0.00825098 79.652 -35.852 3.6942
79.7991 -35.8502 3.69493 0.294224 79.652 -35.852 3.6942
79.7708 -35.6759 3.69444 0.0299582 79.652 -35.852 3.6942
79.7991 -35.8502 3.69493 0.294224 79.652 -35.852 3.6942
79.8371 -35.9998 3.69502 0.127088 79.652 -35.852 3.6942
79.7678 -35.9011 3.69091 0.139365 79.652 -35.852 3.6942
79.7991 -35.8502 3.69493 0.294224 79.652 -35.852 3.6942
79.7251 -35.7282 3.69431 0.0854556 79.652 -35.852 3.6942
79.7678 -35.9011 3.69091 0.139365 79.652 -35.852 3.6942
79.7251 -35.7282 3.69431 0.0854556 79.652 -35.852 3.6942
79.7991 -35.8502 3.69493 0.294224 79.652 -35.852 3.6942
79.7678 -35.9011 3.69091 0.139365 79.652 -35.852 3.6942
79.8863 -35.8082 3.69657 0.0912767 79.652 -35.852 3.6942
79.8785 -35.7768 3.69254 0.031557 79.652 -35.852 3.6942
79.5998 -35.8534 3.69265 0.0928943 79.652 -35.852 3.6942
79.6884 -35.6674 3.69747 0.0475293 79.652 -35.852 3.6942
79.7678 -35.9011 3.69091 0.139365 79.652 -35.852 3.6942
79.7991 -35.8502 3.69493 0.294224 79.652 -35.852 3.6942
79.8863 -35.8082 3.69657 0.0912767 79.652 -35.852 3.6942
79.8785 -35.7768 3.69254 0.031557 79.652 -35.852 3.6942
79.9199 -35.7774 3.70077 0.0108402 79.652 -35.852 3.6942
79.8863 -35.8082 3.69657 0.0912767 79.652 -35.852 3.6942
79.6884 -35.6674 3.69747 0.0475293 79.652 -35.852 3.6942
79.7991 -35.8502 3.69493 0.294224 79.652 -35.852 3.6942
79.6449 -35.7946 3.69459 0.155619 79.652 -35.852 3.6942
79.8785 -35.7768 3.69254 0.031557 79.652 -35.852 3.6942
79.6375 -35.8374 3.69282 0.1336 79.652 -35.852 3.6942
79.6375 -35.8374 3.69282 0.1336 79.652 -35.852 3.6942
79.7251 -35.7282 3.69431 0.0854556 79.652 -35.852 3.6942
79.5998 -35.8534 3.69265 0.0928943 79.652 -35.852 3.6942
79.7678 -35.9011 3.69091 0.139365 79.652 -35.852 3.6942
79.7678 -35.9011 3.69091 0.139365 79.652 -35.852 3.6942
79.7991 -35.8502 3.69493 0.294224 79.652 -35.852 3.6942
79.7678 -35.9011 3.69091 0.139365 79.652 -35.852 3.6942
79.7678 -35.9011 3.69091 0.139365 79.652 -35.852 3.6942
79.6449 -35.7946 3.69459 0.155619 79.652 -35.852 3.6942
79.5998 -35.8534 3.69265 0.0928943 79.652 -35.852 3.6942
79.6375 -35.8374 3.69282 0.1336 79.652 -35.852 3.6942
79.6449 -35.7946 3.69459 0.155619 79.652 -35.852 3.6942
79.8371 -35.9998 3.69502 0.127088 79.652 -35.852 3.6942
79.5998 -35.8534 3.69265 0.0928943 79.652 -35.852 3.6942
79.7991 -35.8502 3.69493 0.294224 79.652 -35.852 3.6942
79.8863 -35.8082 3.69657 0.0912767 79.652 -35.852 3.6942
79.7991 -35.8502 3.69493 0.294224 79.652 -35.852 3.6942
79.6137 -35.8173 3.69161 0.0472463 79.652 -35.852 3.6942
79.7678 -35.9011 3.69091 0.139365 79.652 -35.852 3.6942
79.6884 -35.6674 3.69747 0.0475293 79.652 -35.852 3.6942
79.7991 -35.8502 3.69493 0.294224 79.652 -35.852 3.6942
79.7991 -35.8502 3.69493 0.294224 79.652 -35.852 3.6942
79.7991 -35.8502 3.69493 0.294224 79.652 -35.852 3.6942
79.8863 -35.8082 3.69657 0.0912767 79.652 -35.852 3.6942
79.7991 -35.8502 3.69493 0.294224 79.652 -35.852 3.6942
79.7991 -35.8502 3.69493 0.294224 79.652 -35.852 3.6942
79.7991 -35.8502 3.69493 0.294224 79.652 -35.852 3.6942
79.7991 -35.8502 3.69493 0.294224 79.652 -35.852 3.6942
79.7251 -35.7282 3.69431 0.0854556 79.652 -35.852 3.6942
79.7991 -35.8502 3.69493 0.294224 79.652 -35.852 3.6942
79.7708 -35.6759 3.69444 0.0299582 79.652 -35.852 3.6942
79.7991 -35.8502 3.69493 0.294224 79.652 -35.852 3.6942
79.8371 -35.9998 3.69502 0.127088 79.652 -35.852 3.6942
79.7991 -35.8502 3.69493 0.294224 79.652 -35.852 3.6942
79.7991 -35.8502 3.69493 0.294224 79.652 -35.852 3.6942
79.6449 -35.7946 3.69459 0.155619 79.652 -35.852 3.6942
79.7991 -35.8502 3.69493 0.294224 79.652 -35.852 3.6942
79.4631 -35.8292 3.69505 0.00825098 79.652 -35.852 3.6942
79.7991 -35.8502 3.69493 0.294224 79.652 -35.852 3.6942
79.8371 -35.9998 3.69502 0.127088 79.652 -35.852 3.6942
79.6884 -35.6674 3.69747 0.0475293 79.652 -35.852 3.6942
79.7904 -35.7746 3.68967 0.00971734 79.652 -35.852 3.6942
79.5998 -35.8534 3.69265 0.0928943 79.652 -35.852 3.6942
79.7678 -35.9011 3.69091 0.139365 79.652 -35.852 3.6942
79.7991 -35.8502 3.69493 0.294224 79.652 -35.852 3.6942
79.7678 -35.9011 3.69091 0.139365 79.652 -35.852 3.6942
79.6884 -35.6674 3.69747 0.0475293 79.652 -35.852 3.6942
79.6449 -35.7946 3.69459 0.155619 79.652 -35.852 3.6942
79.5998 -35.8534 3.69265 0.0928943 79.652 -35.852 3.6942
79.6449 -35.7946 3.69459 0.155619 79.652 -35.852 3.6942
79.7991 -35.8502 3.69493 0.294224 79.652 -35.852 3.6942
79.6449 -35.7946 3.69459 0.155619 79.652 -35.852 3.6942
79.7678 -35.9011 3.69091 0.139365 79.652 -35.852 3.6942
79.7991 -35.8502 3.69493 0.294224 79.652 -35.852 3.6942
79.7991 -35.8502 3.69493 0.294224 79.652 -35.852 3.6942
79.7991 -35.8502 3.69493 0.294224 79.652 -35.852 3.6942
79.6449 -35.7946 3.69459 0.155619 79.652 -35.852 3.6942
79.8785 -35.7768 3.69254 0.031557 79.652 -35.852 3.6942
79.7991 -35.8502 3.69493 0.294224 79.652 -35.852 3.6942
79.7678 -35.9011 3.69091 0.139365 79.652 -35.852 3.6942
79.8371 -35.9998 3.69502 0.127088 79.652 -35.852 3.6942
79.6375 -35.8374 3.69282 0.1336 79.652 -35.852 3.6942
79.6449 -35.7946 3.69459 0.155619 79.652 -35.852 3.6942
79.8863 -35.8082 3.69657 0.0912767 79.652 -35.852 3.6942
79.7708 -35.6759 3.69444 0.0299582 79.652 -35.852 3.6942
79.7747 -35.5576 3.70072 0.00360676 79.652 -35.852 3.6942
79.5998 -35.8534 3.69265 0.0928943 79.652 -35.852 3.6942
79.6884 -35.6674 3.69747 0.0475293 79.652 -35.852 3.6942
79.7678 -35.9011 3.69091 0.139365 79.652 -35.852 3.6942
79.7991 -35.8502 3.69493 0.294224 79.652 -35.852 3.6942
79.7991 -35.8502 3.69493 0.294224 79.652 -35.852 3.6942
79.7991 -35.8502 3.69493 0.294224 79.652 -35.852 3.6942
79.6449 -35.7946 3.69459 0.155619 79.652 -35.852 3.6942
79.6884 -35.6674 3.69747 0.0475293 79.652 -35.852 3.6942
79.6137 -35.8173 3.69161 0.0472463 79.652 -35.852 3.6942
79.9836 -36.0083 3.69646 0.00557317 79.652 -35.852 3.6942
79.6375 -35.8374 3.69282 0.1336 79.652 -35.852 3.6942
79.5413 -35.9193 3.69844 0.0204823 79.652 -35.852 3.6942
79.9836 -36.0083 3.69646 0.00557317 79.652 -35.852 3.6942
79.8371 -35.9998 3.69502 0.127088 79.652 -35.852 3.6942
79.8371 -35.9998 3.69502 0.127088 79.652 -35.852 3.6942
79.8863 -35.8082 3.69657 0.0912767 79.652 -35.852 3.6942
79.6375 -35.8374 3.69282 0.1336 79.652 -35.852 3.6942
79.6375 -35.8374 3.69282 0.1336 79.652 -35.852 3.6942
79.4631 -35.8292 3.69505 0.00825098 79.652 -35.852 3.6942
79.7991 -35.8502 3.69493 0.294224 79.652 -35.852 3.6942
79.8371 -35.9998 3.69502 0.127088 79.652 -35.852 3.6942
79.8371 -35.9998 3.69502 0.127088 79.652 -35.852 3.6942
79.8371 -35.9998 3.69502 0.127088 79.652 -35.852 3.6942
79.7251 -35.7282 3.69431 0.0854556 79.652 -35.852 3.6942
79.7991 -35.8502 3.69493 0.294224 79.652 -35.852 3.6942
79.8371 -35.9998 3.69502 0.127088 79.652 -35.852 3.6942
79.8863 -35.8082 3.69657 0.0912767 79.652 -35.852 3.6942
79.7991 -35.8502 3.69493 0.294224 79.652 -35.852 3.6942
79.7251 -35.7282 3.69431 0.0854556 79.652 -35.852 3.6942
79.6449 -35.7946 3.69459 0.155619 79.652 -35.852 3.6942
79.7251 -35.7282 3.69431 0.0854556 79.652 -35.852 3.6942
79.7991 -35.8502 3.69493 0.294224 79.652 -35.852 3.6942
79.7991 -35.8502 3.69493 0.294224 79.652 -35.852 3.6942
79.6375 -35.8374 3.69282 0.1336 79.652 -35.852 3.6942
79.8863 -35.8082 3.69657 0.0912767 79.652 -35.852 3.6942
79.8863 -35.8082 3.69657 0.0912767 79.652 -35.852 3.6942
79.8292 -35.5614 3.70202 0.00180878 79.652 -35.852 3.6942
79.5998 -35.8534 3.69265 0.0928943 79.652 -35.852 3.6942
79.5998 -35.8534 3.69265 0.0928943 79.652 -35.852 3.6942
79.5998 -35.8534 3.69265 0.0928943 79.652 -35.852 3.6942
79.7991 -35.8502 3.69493 0.294224 79.652 -35.852 3.6942
79.6884 -35.6674 3.69747 0.0475293 79.652 -35.852 3.6942
79.5998 -35.8534 3.69265 0.0928943 79.652 -35.852 3.6942
79.6375 -35.8374 3.69282 0.1336 79.652 -35.852 3.6942
79.7678 -35.9011 3.69091 0.139365 79.652 -35.852 3.6942
79.7991 -35.8502 3.69493 0.294224 79.652 -35.852 3.6942
79.6375 -35.8374 3.69282 0.1336 79.652 -35.852 3.6942
79.7678 -35.9011 3.69091 0.139365 79.652 -35.852 3.6942
79.7251 -35.7282 3.69431 0.0854556 79.652 -35.852 3.6942
79.5998 -35.8534 3.69265 0.0928943 79.652 -35.852 3.6942
79.8785 -35.7768 3.69254 0.031557 79.652 -35.852 3.6942
79.7991 -35.8502 3.69493 0.294224 79.652 -35.852 3.6942
79.6884 -35.6674 3.69747 0.0475293 79.652 -35.852 3.6942
79.6449 -35.7946 3.69459 0.155619 79.652 -35.852 3.6942
79.7991 -35.8502 3.69493 0.294224 79.652 -35.852 3.6942
79.7678 -35.9011 3.69091 0.139365 79.652 -35.852 3.6942
79.7678 -35.9011 3.69091 0.139365 79.652 -35.852 3.6942
79.7251 -35.7282 3.69431 0.0854556 79.652 -35.852 3.6942
79.9556 -35.8494 3.68977 0.00371699 79.652 -35.852 3.6942
79.6137 -35.8173 3.69161 0.0472463 79.652 -35.852 3.6942
79.8371 -35.9998 3.69502 0.127088 79.652 -35.852 3.6942
79.7747 -35.5576 3.70072 0.00360676 79.652 -35.852 3.6942
