84.4807 -33.0443 3.61424 0.0259829 84.592 -32.975 3.6172
84.4419 -32.9243 3.61872 0.0084459 84.592 -32.975 3.6172
84.4807 -33.0443 3.61424 0.0259829 84.592 -32.975 3.6172
84.4807 -33.0443 3.61424 0.0259829 84.592 -32.975 3.6172
84.5793 -33.013 3.61326 0.00819824 84.592 -32.975 3.6172
84.4807 -33.0443 3.61424 0.0259829 84.592 -32.975 3.6172
84.4419 -32.9243 3.61872 0.0084459 84.592 -32.975 3.6172
84.5349 -32.9892 3.61223 0.0139825 84.592 -32.975 3.6172
84.4419 -32.9243 3.61872 0.0084459 84.592 -32.975 3.6172
84.5349 -32.9892 3.61223 0.0139825 84.592 -32.975 3.6172
84.4807 -33.0443 3.61424 0.0259829 84.592 -32.975 3.6172
84.2353 -32.9308 3.62123 0.00048828 84.592 -32.975 3.6172
84.4419 -32.9243 3.61872 0.0084459 84.592 -32.975 3.6172
84.5707 -32.9881 3.61543 0.00706564 84.592 -32.975 3.6172
84.5349 -32.9892 3.61223 0.0139825 84.592 -32.975 3.6172
84.5349 -32.9892 3.61223 0.0139825 84.592 -32.975 3.6172
84.4807 -33.0443 3.61424 0.0259829 84.592 -32.975 3.6172
84.4807 -33.0443 3.61424 0.0259829 84.592 -32.975 3.6172
84.2833 -32.7635 3.6161 0.00275225 84.592 -32.975 3.6172
84.4419 -32.9243 3.61872 0.0084459 84.592 -32.975 3.6172
84.5707 -32.9881 3.61543 0.00706564 84.592 -32.975 3.6172
84.4044 -32.59 3.62214 5.14262e-05 84.592 -32.975 3.6172
84.5793 -33.013 3.61326 0.00819824 84.592 -32.975 3.6172
84.2628 -32.843 3.61129 0.00118067 84.592 -32.975 3.6172
84.2833 -32.7635 3.6161 0.00275225 84.592 -32.975 3.6172
84.3264 -32.875 3.6178 0.0126873 84.592 -32.975 3.6172
84.4807 -33.0443 3.61424 0.0259829 84.592 -32.975 3.6172
84.51 -33.0682 3.61424 0.0167272 84.592 -32.975 3.6172
84.3264 -32.875 3.6178 0.0126873 84.592 -32.975 3.6172
84.5349 -32.9892 3.61223 0.0139825 84.592 -32.975 3.6172
84.4807 -33.0443 3.61424 0.0259829 84.592 -32.975 3.6172
84.5707 -32.9881 3.61543 0.00706564 84.592 -32.975 3.6172
84.4807 -33.0443 3.61424 0.0259829 84.592 -32.975 3.6172
84.3508 -32.7831 3.61947 0.00392089 84.592 -32.975 3.6172
84.3264 -32.875 3.6178 0.0126873 84.592 -32.975 3.6172
84.51 -33.0682 3.61424 0.0167272 84.592 -32.975 3.6172
84.51 -33.0682 3.61424 0.0167272 84.592 -32.975 3.6172
84.51 -33.0682 3.61424 0.0167272 84.592 -32.975 3.6172
84.5349 -32.9892 3.61223 0.0139825 84.592 -32.975 3.6172
84.5793 -33.013 3.61326 0.00819824 84.592 -32.975 3.6172
84.4807 -33.0443 3.61424 0.0259829 84.592 -32.975 3.6172
84.5793 -33.013 3.61326 0.00819824 84.592 -32.975 3.6172
84.4419 -32.9243 3.61872 0.0084459 84.592 -32.975 3.6172
84.4807 -33.0443 3.61424 0.0259829 84.592 -32.975 3.6172
84.4419 -32.9243 3.61872 0.0084459 84.592 -32.975 3.6172
84.51 -33.0682 3.61424 0.0167272 84.592 -32.975 3.6172
84.4807 -33.0443 3.61424 0.0259829 84.592 -32.975 3.6172
84.3264 -32.875 3.6178 0.0126873 84.592 -32.975 3.6172
84.2395 -32.8277 3.61605 0.00438945 84.592 -32.975 3.6172
84.51 -33.0682 3.61424 0.0167272 84.592 -32.975 3.6172
84.51 -33.0682 3.61424 0.0167272 84.592 -32.975 3.6172
84.2412 -32.9049 3.61905 0.0032219 84.592 -32.975 3.6172
84.3508 -32.7831 3.61947 0.00392089 84.592 -32.975 3.6172
84.3264 -32.875 3.6178 0.0126873 84.592 -32.975 3.6172
84.3264 -32.875 3.6178 0.0126873 84.592 -32.975 3.6172
84.3179 -32.7 3.61306 0.000176667 84.592 -32.975 3.6172
84.2395 -32.8277 3.61605 0.00438945 84.592 -32.975 3.6172
84.51 -33.0682 3.61424 0.0167272 84.592 -32.975 3.6172
84.4419 -32.9243 3.61872 0.0084459 84.592 -32.975 3.6172
84.2412 -32.9049 3.61905 0.0032219 84.592 -32.975 3.6172
84.5349 -32.9892 3.61223 0.0139825 84.592 -32.975 3.6172
84.5349 -32.9892 3.61223 0.0139825 84.592 -32.975 3.6172
84.51 -33.0682 3.61424 0.0167272 84.592 -32.975 3.6172
84.4807 -33.0443 3.61424 0.0259829 84.592 -32.975 3.6172
84.51 -33.0682 3.61424 0.0167272 84.592 -32.975 3.6172
84.4054 -32.7528 3.61902 0.00323263 84.592 -32.975 3.6172
84.3264 -32.875 3.6178 0.0126873 84.592 -32.975 3.6172
84.4807 -33.0443 3.61424 0.0259829 84.592 -32.975 3.6172
84.4807 -33.0443 3.61424 0.0259829 84.592 -32.975 3.6172
84.2353 -32.9308 3.62123 0.00048828 84.592 -32.975 3.6172
84.5349 -32.9892 3.61223 0.0139825 84.592 -32.975 3.6172
84.5349 -32.9892 3.61223 0.0139825 84.592 -32.975 3.6172
84.3264 -32.875 3.6178 0.0126873 84.592 -32.975 3.6172
84.51 -33.0682 3.61424 0.0167272 84.592 -32.975 3.6172
84.3264 -32.875 3.6178 0.0126873 84.592 -32.975 3.6172
84.5707 -32.9881 3.61543 0.00706564 84.592 -32.975 3.6172
84.3264 -32.875 3.6178 0.0126873 84.592 -32.975 3.6172
84.4807 -33.0443 3.61424 0.0259829 84.592 -32.975 3.6172
84.4054 -32.7528 3.61902 0.00323263 84.592 -32.975 3.6172
84.5349 -32.9892 3.61223 0.0139825 84.592 -32.975 3.6172
84.5349 -32.9892 3.61223 0.0139825 84.592 -32.975 3.6172
84.1959 -33.224 3.61534 0.000227865 84.592 -32.975 3.6172
84.51 -33.0682 3.61424 0.0167272 84.592 -32.975 3.6172
84.2395 -32.8277 3.61605 0.00438945 84.592 -32.975 3.6172
84.6199 -33.1544 3.60531 0.00014216 84.592 -32.975 3.6172
84.4807 -33.0443 3.61424 0.0259829 84.592 -32.975 3.6172
84.4419 -32.9243 3.61872 0.0084459 84.592 -32.975 3.6172
84.5707 -32.9881 3.61543 0.00706564 84.592 -32.975 3.6172
84.5793 -33.013 3.61326 0.00819824 84.592 -32.975 3.6172
84.4807 -33.0443 3.61424 0.0259829 84.592 -32.975 3.6172
84.4054 -32.7528 3.61902 0.00323263 84.592 -32.975 3.6172
84.2395 -32.8277 3.61605 0.00438945 84.592 -32.975 3.6172
84.51 -33.0682 3.61424 0.0167272 84.592 -32.975 3.6172
84.3264 -32.875 3.6178 0.0126873 84.592 -32.975 3.6172
84.3264 -32.875 3.6178 0.0126873 84.592 -32.975 3.6172
84.4807 -33.0443 3.61424 0.0259829 84.592 -32.975 3.6172
84.6752 -33.0531 3.61334 0.000837176 84.592 -32.975 3.6172
84.5793 -33.013 3.61326 0.00819824 84.592 -32.975 3.6172
84.4807 -33.0443 3.61424 0.0259829 84.592 -32.975 3.6172
84.3508 -32.7831 3.61947 0.00392089 84.592 -32.975 3.6172
84.5349 -32.9892 3.61223 0.0139825 84.592 -32.975 3.6172
84.5793 -33.013 3.61326 0.00819824 84.592 -32.975 3.6172
84.3264 -32.875 3.6178 0.0126873 84.592 -32.975 3.6172
84.4807 -33.0443 3.61424 0.0259829 84.592 -32.975 3.6172
84.51 -33.0682 3.61424 0.0167272 84.592 -32.975 3.6172
84.3264 -32.875 3.6178 0.0126873 84.592 -32.975 3.6172
84.5349 -32.9892 3.61223 0.0139825 84.592 -32.975 3.6172
84.4419 -32.9243 3.61872 0.0084459 84.592 -32.975 3.6172
84.4807 -33.0443 3.61424 0.0259829 84.592 -32.975 3.6172
84.4419 -32.9243 3.61872 0.0084459 84.592 -32.975 3.6172
84.3909 -32.6735 3.61719 0.000755403 84.592 -32.975 3.6172
84.4807 -33.0443 3.61424 0.0259829 84.592 -32.975 3.6172
84.4807 -33.0443 3.61424 0.0259829 84.592 -32.975 3.6172
84.2412 -32.9049 3.61905 0.0032219 84.592 -32.975 3.6172
84.4807 -33.0443 3.61424 0.0259829 84.592 -32.975 3.6172
84.4419 -32.9243 3.61872 0.0084459 84.592 -32.975 3.6172
84.4807 -33.0443 3.61424 0.0259829 84.592 -32.975 3.6172
84.3909 -32.6735 3.61719 0.000755403 84.592 -32.975 3.6172
84.4419 -32.9243 3.61872 0.0084459 84.592 -32.975 3.6172
84.2833 -32.7635 3.6161 0.00275225 84.592 -32.975 3.6172
84.5793 -33.013 3.61326 0.00819824 84.592 -32.975 3.6172
84.4807 -33.0443 3.61424 0.0259829 84.592 -32.975 3.6172
84.3264 -32.875 3.6178 0.0126873 84.592 -32.975 3.6172
84.4054 -32.7528 3.61902 0.00323263 84.592 -32.975 3.6172
84.51 -33.0682 3.61424 0.0167272 84.592 -32.975 3.6172
84.2412 -32.9049 3.61905 0.0032219 84.592 -32.975 3.6172
84.5349 -32.9892 3.61223 0.0139825 84.592 -32.975 3.6172
84.4419 -32.9243 3.61872 0.0084459 84.592 -32.975 3.6172
84.3909 -32.6735 3.61719 0.000755403 84.592 -32.975 3.6172
84.5707 -32.9881 3.61543 0.00706564 84.592 -32.975 3.6172
84.51 -33.0682 3.61424 0.0167272 84.592 -32.975 3.6172
84.51 -33.0682 3.61424 0.0167272 84.592 -32.975 3.6172
84.5349 -32.9892 3.61223 0.0139825 84.592 -32.975 3.6172
84.2833 -32.7635 3.6161 0.00275225 84.592 -32.975 3.6172
84.51 -33.0682 3.61424 0.0167272 84.592 -32.975 3.6172
84.5349 -32.9892 3.61223 0.0139825 84.592 -32.975 3.6172
84.51 -33.0682 3.61424 0.0167272 84.592 -32.975 3.6172
84.4054 -32.7528 3.61902 0.00323263 84.592 -32.975 3.6172
84.2833 -32.7635 3.6161 0.00275225 84.592 -32.975 3.6172
84.3944 -32.8026 3.60833 5.7041e-05 84.592 -32.975 3.6172
84.2353 -32.9308 3.62123 0.00048828 84.592 -32.975 3.6172
84.4807 -33.0443 3.61424 0.0259829 84.592 -32.975 3.6172
84.5707 -32.9881 3.61543 0.00706564 84.592 -32.975 3.6172
84.5349 -32.9892 3.61223 0.0139825 84.592 -32.975 3.6172
84.3264 -32.875 3.6178 0.0126873 84.592 -32.975 3.6172
84.5349 -32.9892 3.61223 0.0139825 84.592 -32.975 3.6172
84.4807 -33.0443 3.61424 0.0259829 84.592 -32.975 3.6172
84.5349 -32.9892 3.61223 0.0139825 84.592 -32.975 3.6172
84.3264 -32.875 3.6178 0.0126873 84.592 -32.975 3.6172
84.2395 -32.8277 3.61605 0.00438945 84.592 -32.975 3.6172
84.51 -33.0682 3.61424 0.0167272 84.592 -32.975 3.6172
84.3179 -32.7 3.61306 0.000176667 84.592 -32.975 3.6172
84.2412 -32.9049 3.61905 0.0032219 84.592 -32.975 3.6172
84.4419 -32.9243 3.61872 0.0084459 84.592 -32.975 3.6172
84.5349 -32.9892 3.61223 0.0139825 84.592 -32.975 3.6172
84.4807 -33.0443 3.61424 0.0259829 84.592 -32.975 3.6172
84.5349 -32.9892 3.61223 0.0139825 84.592 -32.975 3.6172
84.2395 -32.8277 3.61605 0.00438945 84.592 -32.975 3.6172
84.3909 -32.6735 3.61719 0.000755403 84.592 -32.975 3.6172
84.5707 -32.9881 3.61543 0.00706564 84.592 -32.975 3.6172
84.5349 -32.9892 3.61223 0.0139825 84.592 -32.975 3.6172
84.3944 -32.8026 3.60833 5.7041e-05 84.592 -32.975 3.6172
84.4419 -32.9243 3.61872 0.0084459 84.592 -32.975 3.6172
84.3264 -32.875 3.6178 0.0126873 84.592 -32.975 3.6172
84.4807 -33.0443 3.61424 0.0259829 84.592 -32.975 3.6172
84.51 -33.0682 3.61424 0.0167272 84.592 -32.975 3.6172
84.2395 -32.8277 3.61605 0.00438945 84.592 -32.975 3.6172
84.5707 -32.9881 3.61543 0.00706564 84.592 -32.975 3.6172
84.3508 -32.7831 3.61947 0.00392089 84.592 -32.975 3.6172
84.6752 -33.0531 3.61334 0.000837176 84.592 -32.975 3.6172
84.4419 -32.9243 3.61872 0.0084459 84.592 -32.975 3.6172
84.5349 -32.9892 3.61223 0.0139825 84.592 -32.975 3.6172
84.5349 -32.9892 3.61223 0.0139825 84.592 -32.975 3.6172
84.51 -33.0682 3.61424 0.0167272 84.592 -32.975 3.6172
84.3264 -32.875 3.6178 0.0126873 84.592 -32.975 3.6172
84.4419 -32.9243 3.61872 0.0084459 84.592 -32.975 3.6172
84.51 -33.0682 3.61424 0.0167272 84.592 -32.975 3.6172
84.4419 -32.9243 3.61872 0.0084459 84.592 -32.975 3.6172
84.5793 -33.013 3.61326 0.00819824 84.592 -32.975 3.6172
84.4807 -33.0443 3.61424 0.0259829 84.592 -32.975 3.6172
84.5349 -32.9892 3.61223 0.0139825 84.592 -32.975 3.6172
84.4807 -33.0443 3.61424 0.0259829 84.592 -32.975 3.6172
84.5349 -32.9892 3.61223 0.0139825 84.592 -32.975 3.6172
84.3508 -32.7831 3.61947 0.00392089 84.592 -32.975 3.6172
84.2395 -32.8277 3.61605 0.00438945 84.592 -32.975 3.6172
84.4807 -33.0443 3.61424 0.0259829 84.592 -32.975 3.6172
84.4419 -32.9243 3.61872 0.0084459 84.592 -32.975 3.6172
84.4807 -33.0443 3.61424 0.0259829 84.592 -32.975 3.6172
84.6199 -33.1544 3.60531 0.00014216 84.592 -32.975 3.6172
84.4419 -32.9243 3.61872 0.0084459 84.592 -32.975 3.6172
84.5349 -32.9892 3.61223 0.0139825 84.592 -32.975 3.6172
84.4419 -32.9243 3.61872 0.0084459 84.592 -32.975 3.6172
84.5707 -32.9881 3.61543 0.00706564 84.592 -32.975 3.6172
84.4807 -33.0443 3.61424 0.0259829 84.592 -32.975 3.6172
84.4807 -33.0443 3.61424 0.0259829 84.592 -32.975 3.6172
84.6199 -33.1544 3.60531 0.00014216 84.592 -32.975 3.6172
84.5707 -32.9881 3.61543 0.00706564 84.592 -32.975 3.6172
84.3264 -32.875 3.6178 0.0126873 84.592 -32.975 3.6172
84.4807 -33.0443 3.61424 0.0259829 84.592 -32.975 3.6172
84.51 -33.0682 3.61424 0.0167272 84.592 -32.975 3.6172
