109.746 -23.9029 3.43881 0.350679 109.36 -24.079 3.4252
109.382 -24.1801 3.42518 1.16292 109.36 -24.079 3.4252
109.366 -24.0023 3.43076 1.06646 109.36 -24.079 3.4252
109.594 -24.0176 3.42316 1.05967 109.36 -24.079 3.4252
109.336 -24.2689 3.43259 0.416145 109.36 -24.079 3.4252
109.673 -24.2083 3.42273 0.487257 109.36 -24.079 3.4252
109.532 -23.9776 3.42521 1.47421 109.36 -24.079 3.4252
109.276 -24.0018 3.43558 0.228918 109.36 -24.079 3.4252
109.366 -24.0023 3.43076 1.06646 109.36 -24.079 3.4252
109.723 -24.3414 3.43203 0.375131 109.36 -24.079 3.4252
109.485 -24.0892 3.42147 1.0816 109.36 -24.079 3.4252
109.441 -24.2167 3.43304 0.972328 109.36 -24.079 3.4252
109.537 -24.0811 3.44029 0.472269 109.36 -24.079 3.4252
109.643 -23.9 3.44187 0.211996 109.36 -24.079 3.4252
109.423 -24.0191 3.42816 1.65071 109.36 -24.079 3.4252
109.402 -24.2909 3.43459 0.413871 109.36 -24.079 3.4252
109.47 -24.043 3.43687 0.794407 109.36 -24.079 3.4252
109.499 -24.4576 3.43648 0.0917792 109.36 -24.079 3.4252
109.638 -24.0476 3.43168 1.69682 109.36 -24.079 3.4252
109.661 -23.8503 3.42005 0.180232 109.36 -24.079 3.4252
109.617 -23.9152 3.42205 0.552094 109.36 -24.079 3.4252
109.256 -23.9473 3.42504 0.525611 109.36 -24.079 3.4252
109.594 -24.0176 3.42316 1.05967 109.36 -24.079 3.4252
109.736 -23.8937 3.44107 0.219228 109.36 -24.079 3.4252
109.573 -23.8865 3.42499 0.869854 109.36 -24.079 3.4252
109.441 -24.2167 3.43304 0.972328 109.36 -24.079 3.4252
109.79 -24.1582 3.43102 0.675536 109.36 -24.079 3.4252
109.543 -24.1038 3.42468 1.55942 109.36 -24.079 3.4252
109.423 -24.0191 3.42816 1.65071 109.36 -24.079 3.4252
109.427 -24.2199 3.43248 0.959634 109.36 -24.079 3.4252
109.617 -23.9152 3.42205 0.552094 109.36 -24.079 3.4252
109.594 -24.0176 3.42316 1.05967 109.36 -24.079 3.4252
109.441 -24.2167 3.43304 0.972328 109.36 -24.079 3.4252
109.532 -23.9776 3.42521 1.47421 109.36 -24.079 3.4252
109.467 -23.8889 3.43712 0.411391 109.36 -24.079 3.4252
109.427 -24.2199 3.43248 0.959634 109.36 -24.079 3.4252
109.543 -24.1038 3.42468 1.55942 109.36 -24.079 3.4252
109.256 -23.9473 3.42504 0.525611 109.36 -24.079 3.4252
109.485 -24.0892 3.42147 1.0816 109.36 -24.079 3.4252
109.51 -23.9961 3.43689 0.839235 109.36 -24.079 3.4252
109.366 -24.0023 3.43076 1.06646 109.36 -24.079 3.4252
109.51 -23.9961 3.43689 0.839235 109.36 -24.079 3.4252
109.585 -24.0557 3.42718 1.80065 109.36 -24.079 3.4252
109.144 -24.3883 3.43021 0.0287575 109.36 -24.079 3.4252
109.349 -24.2446 3.42079 0.488958 109.36 -24.079 3.4252
109.423 -24.0191 3.42816 1.65071 109.36 -24.079 3.4252
109.585 -24.0557 3.42718 1.80065 109.36 -24.079 3.4252
109.532 -23.9776 3.42521 1.47421 109.36 -24.079 3.4252
109.465 -23.7855 3.43333 0.342116 109.36 -24.079 3.4252
109.585 -24.0557 3.42718 1.80065 109.36 -24.079 3.4252
109.319 -24.1427 3.43893 0.149922 109.36 -24.079 3.4252
109.423 -24.0191 3.42816 1.65071 109.36 -24.079 3.4252
109.585 -24.0557 3.42718 1.80065 109.36 -24.079 3.4252
109.835 -24.2258 3.43363 0.372445 109.36 -24.079 3.4252
109.573 -23.8865 3.42499 0.869854 109.36 -24.079 3.4252
109.594 -24.0176 3.42316 1.05967 109.36 -24.079 3.4252
109.349 -24.2446 3.42079 0.488958 109.36 -24.079 3.4252
109.53 -24.3153 3.43356 0.637366 109.36 -24.079 3.4252
109.441 -24.2167 3.43304 0.972328 109.36 -24.079 3.4252
109.397 -24.149 3.43308 0.984439 109.36 -24.079 3.4252
109.328 -23.9201 3.43284 0.459793 109.36 -24.079 3.4252
109.254 -24.073 3.43306 0.337134 109.36 -24.079 3.4252
109.532 -23.9776 3.42521 1.47421 109.36 -24.079 3.4252
109.22 -23.9625 3.42167 0.361677 109.36 -24.079 3.4252
109.382 -24.1801 3.42518 1.16292 109.36 -24.079 3.4252
109.249 -24.0058 3.4231 0.563975 109.36 -24.079 3.4252
109.638 -24.0476 3.43168 1.69682 109.36 -24.079 3.4252
109.276 -24.0018 3.43558 0.228918 109.36 -24.079 3.4252
109.791 -24.4466 3.43437 0.0778023 109.36 -24.079 3.4252
109.485 -24.0892 3.42147 1.0816 109.36 -24.079 3.4252
109.378 -24.3129 3.43545 0.256078 109.36 -24.079 3.4252
109.573 -23.8865 3.42499 0.869854 109.36 -24.079 3.4252
109.318 -24.0353 3.42284 0.894351 109.36 -24.079 3.4252
109.543 -24.1038 3.42468 1.55942 109.36 -24.079 3.4252
109.617 -23.9152 3.42205 0.552094 109.36 -24.079 3.4252
109.402 -24.2909 3.43459 0.413871 109.36 -24.079 3.4252
109.561 -24.0861 3.44083 0.438607 109.36 -24.079 3.4252
109.791 -24.4466 3.43437 0.0778023 109.36 -24.079 3.4252
109.638 -24.0476 3.43168 1.69682 109.36 -24.079 3.4252
109.397 -24.149 3.43308 0.984439 109.36 -24.079 3.4252
109.485 -24.0892 3.42147 1.0816 109.36 -24.079 3.4252
109.402 -24.2909 3.43459 0.413871 109.36 -24.079 3.4252
109.382 -24.1801 3.42518 1.16292 109.36 -24.079 3.4252
109.594 -24.0176 3.42316 1.05967 109.36 -24.079 3.4252
109.79 -24.1582 3.43102 0.675536 109.36 -24.079 3.4252
109.543 -24.1038 3.42468 1.55942 109.36 -24.079 3.4252
109.366 -24.0023 3.43076 1.06646 109.36 -24.079 3.4252
109.249 -24.0058 3.4231 0.563975 109.36 -24.079 3.4252
109.638 -24.0476 3.43168 1.69682 109.36 -24.079 3.4252
109.427 -24.2199 3.43248 0.959634 109.36 -24.079 3.4252
109.22 -23.9625 3.42167 0.361677 109.36 -24.079 3.4252
109.638 -24.0476 3.43168 1.69682 109.36 -24.079 3.4252
109.254 -24.073 3.43306 0.337134 109.36 -24.079 3.4252
109.389 -23.8505 3.43208 0.494483 109.36 -24.079 3.4252
109.486 -23.6338 3.42368 0.0629421 109.36 -24.079 3.4252
109.585 -24.0557 3.42718 1.80065 109.36 -24.079 3.4252
109.638 -24.0476 3.43168 1.69682 109.36 -24.079 3.4252
109.47 -24.043 3.43687 0.794407 109.36 -24.079 3.4252
109.594 -24.0176 3.42316 1.05967 109.36 -24.079 3.4252
109.543 -24.1038 3.42468 1.55942 109.36 -24.079 3.4252
109.594 -24.0176 3.42316 1.05967 109.36 -24.079 3.4252
109.585 -24.0557 3.42718 1.80065 109.36 -24.079 3.4252
109.638 -24.0476 3.43168 1.69682 109.36 -24.079 3.4252
109.382 -24.1801 3.42518 1.16292 109.36 -24.079 3.4252
109.295 -24.3052 3.42478 0.359281 109.36 -24.079 3.4252
109.219 -24.0494 3.42464 0.489942 109.36 -24.079 3.4252
109.585 -24.0557 3.42718 1.80065 109.36 -24.079 3.4252
109.423 -24.0191 3.42816 1.65071 109.36 -24.079 3.4252
109.746 -23.9029 3.43881 0.350679 109.36 -24.079 3.4252
109.643 -23.9 3.44187 0.211996 109.36 -24.079 3.4252
109.673 -24.2083 3.42273 0.487257 109.36 -24.079 3.4252
109.259 -24.0529 3.43155 0.45234 109.36 -24.079 3.4252
109.51 -23.9961 3.43689 0.839235 109.36 -24.079 3.4252
109.532 -23.9776 3.42521 1.47421 109.36 -24.079 3.4252
109.366 -24.0023 3.43076 1.06646 109.36 -24.079 3.4252
109.21 -24.1079 3.43055 0.307476 109.36 -24.079 3.4252
109.661 -23.8503 3.42005 0.180232 109.36 -24.079 3.4252
109.349 -24.2446 3.42079 0.488958 109.36 -24.079 3.4252
109.585 -24.0557 3.42718 1.80065 109.36 -24.079 3.4252
109.423 -24.0191 3.42816 1.65071 109.36 -24.079 3.4252
109.47 -24.043 3.43687 0.794407 109.36 -24.079 3.4252
109.673 -24.2083 3.42273 0.487257 109.36 -24.079 3.4252
109.669 -23.7138 3.42808 0.162957 109.36 -24.079 3.4252
109.999 -24.1173 3.44576 0.0221698 109.36 -24.079 3.4252
109.373 -24.2924 3.43521 0.302204 109.36 -24.079 3.4252
109.485 -24.0892 3.42147 1.0816 109.36 -24.079 3.4252
109.256 -23.9473 3.42504 0.525611 109.36 -24.079 3.4252
109.47 -24.043 3.43687 0.794407 109.36 -24.079 3.4252
109.236 -24.0941 3.42889 0.492103 109.36 -24.079 3.4252
109.585 -24.0557 3.42718 1.80065 109.36 -24.079 3.4252
109.427 -24.2199 3.43248 0.959634 109.36 -24.079 3.4252
109.398 -24.3767 3.42669 0.33794 109.36 -24.079 3.4252
109.723 -24.3414 3.43203 0.375131 109.36 -24.079 3.4252
109.537 -24.0811 3.44029 0.472269 109.36 -24.079 3.4252
109.295 -24.3052 3.42478 0.359281 109.36 -24.079 3.4252
109.475 -24.0474 3.42708 1.90423 109.36 -24.079 3.4252
109.328 -23.9201 3.43284 0.459793 109.36 -24.079 3.4252
109.366 -24.0023 3.43076 1.06646 109.36 -24.079 3.4252
109.467 -23.8889 3.43712 0.411391 109.36 -24.079 3.4252
109.532 -23.9776 3.42521 1.47421 109.36 -24.079 3.4252
109.566 -23.9419 3.4381 0.613107 109.36 -24.079 3.4252
109.566 -23.9419 3.4381 0.613107 109.36 -24.079 3.4252
109.617 -23.9152 3.42205 0.552094 109.36 -24.079 3.4252
109.791 -24.4466 3.43437 0.0778023 109.36 -24.079 3.4252
109.532 -23.9776 3.42521 1.47421 109.36 -24.079 3.4252
109.585 -24.0557 3.42718 1.80065 109.36 -24.079 3.4252
109.364 -24.3015 3.43945 0.0938306 109.36 -24.079 3.4252
109.529 -23.8712 3.43968 0.25448 109.36 -24.079 3.4252
109.403 -24.0081 3.44324 0.0732729 109.36 -24.079 3.4252
109.21 -24.1079 3.43055 0.307476 109.36 -24.079 3.4252
109.764 -24.3861 3.43937 0.108573 109.36 -24.079 3.4252
109.423 -24.0191 3.42816 1.65071 109.36 -24.079 3.4252
109.585 -24.0557 3.42718 1.80065 109.36 -24.079 3.4252
109.47 -24.043 3.43687 0.794407 109.36 -24.079 3.4252
109.236 -24.0941 3.42889 0.492103 109.36 -24.079 3.4252
109.131 -24.1308 3.43404 0.0548792 109.36 -24.079 3.4252
109.566 -23.9419 3.4381 0.613107 109.36 -24.079 3.4252
109.259 -24.0529 3.43155 0.45234 109.36 -24.079 3.4252
109.22 -23.9625 3.42167 0.361677 109.36 -24.079 3.4252
109.259 -24.0529 3.43155 0.45234 109.36 -24.079 3.4252
109.382 -24.1801 3.42518 1.16292 109.36 -24.079 3.4252
109.835 -24.2258 3.43363 0.372445 109.36 -24.079 3.4252
109.51 -23.9961 3.43689 0.839235 109.36 -24.079 3.4252
109.382 -24.1801 3.42518 1.16292 109.36 -24.079 3.4252
109.532 -23.9776 3.42521 1.47421 109.36 -24.079 3.4252
109.532 -23.9776 3.42521 1.47421 109.36 -24.079 3.4252
109.373 -24.2924 3.43521 0.302204 109.36 -24.079 3.4252
109.838 -24.1981 3.42723 0.262521 109.36 -24.079 3.4252
109.259 -24.0529 3.43155 0.45234 109.36 -24.079 3.4252
109.328 -23.9201 3.43284 0.459793 109.36 -24.079 3.4252
109.22 -23.9625 3.42167 0.361677 109.36 -24.079 3.4252
109.53 -24.3153 3.43356 0.637366 109.36 -24.079 3.4252
109.318 -24.0353 3.42284 0.894351 109.36 -24.079 3.4252
109.366 -24.0023 3.43076 1.06646 109.36 -24.079 3.4252
109.441 -24.2167 3.43304 0.972328 109.36 -24.079 3.4252
109.475 -24.0474 3.42708 1.90423 109.36 -24.079 3.4252
109.256 -23.9473 3.42504 0.525611 109.36 -24.079 3.4252
109.532 -23.9776 3.42521 1.47421 109.36 -24.079 3.4252
109.661 -23.8503 3.42005 0.180232 109.36 -24.079 3.4252
109.532 -23.9776 3.42521 1.47421 109.36 -24.079 3.4252
109.389 -23.8505 3.43208 0.494483 109.36 -24.079 3.4252
109.256 -23.9473 3.42504 0.525611 109.36 -24.079 3.4252
109.397 -24.149 3.43308 0.984439 109.36 -24.079 3.4252
109.638 -24.0476 3.43168 1.69682 109.36 -24.079 3.4252
109.149 -24.2942 3.43189 0.0538941 109.36 -24.079 3.4252
109.617 -23.9152 3.42205 0.552094 109.36 -24.079 3.4252
109.249 -24.0058 3.4231 0.563975 109.36 -24.079 3.4252
109.205 -23.9817 3.4203 0.300727 109.36 -24.079 3.4252
109.259 -24.0529 3.43155 0.45234 109.36 -24.079 3.4252
109.561 -24.0861 3.44083 0.438607 109.36 -24.079 3.4252
109.349 -24.2446 3.42079 0.488958 109.36 -24.079 3.4252
109.585 -24.0557 3.42718 1.80065 109.36 -24.079 3.4252
109.472 -23.8162 3.43482 0.375468 109.36 -24.079 3.4252
109.573 -23.8865 3.42499 0.869854 109.36 -24.079 3.4252
109.835 -24.2258 3.43363 0.372445 109.36 -24.079 3.4252
109.397 -24.149 3.43308 0.984439 109.36 -24.079 3.4252
109.532 -23.9776 3.42521 1.47421 109.36 -24.079 3.4252
109.999 -24.1173 3.44576 0.0221698 109.36 -24.079 3.4252
109.472 -23.8162 3.43482 0.375468 109.36 -24.079 3.4252
109.573 -23.8865 3.42499 0.869854 109.36 -24.079 3.4252
