-10.4216 -93.596 2.97365 0.118574 -10.492 -93.719 2.9623
-10.4612 -93.3663 2.96555 0.705973 -10.492 -93.719 2.9623
-10.5021 -93.6537 2.95817 0.524747 -10.492 -93.719 2.9623
-10.3584 -93.6986 2.961 0.296632 -10.492 -93.719 2.9623
-10.4216 -93.596 2.97365 0.118574 -10.492 -93.719 2.9623
-10.4519 -93.4413 2.96763 0.95585 -10.492 -93.719 2.9623
-10.7769 -93.5731 2.96414 0.19966 -10.492 -93.719 2.9623
-10.4519 -93.4413 2.96763 0.95585 -10.492 -93.719 2.9623
-10.6682 -93.5016 2.95505 0.250473 -10.492 -93.719 2.9623
-10.1216 -93.3834 2.97092 0.0343466 -10.492 -93.719 2.9623
-10.4216 -93.596 2.97365 0.118574 -10.492 -93.719 2.9623
-10.5172 -93.6117 2.95919 0.895958 -10.492 -93.719 2.9623
-10.1759 -93.9631 2.96692 0.000884232 -10.492 -93.719 2.9623
-10.4519 -93.4413 2.96763 0.95585 -10.492 -93.719 2.9623
-10.5172 -93.6117 2.95919 0.895958 -10.492 -93.719 2.9623
-10.5172 -93.6117 2.95919 0.895958 -10.492 -93.719 2.9623
-10.2928 -93.5338 2.96234 0.364761 -10.492 -93.719 2.9623
-10.683 -93.5719 2.96258 0.815538 -10.492 -93.719 2.9623
-10.4612 -93.3663 2.96555 0.705973 -10.492 -93.719 2.9623
-10.4519 -93.4413 2.96763 0.95585 -10.492 -93.719 2.9623
-10.2191 -93.3013 2.97404 0.0230883 -10.492 -93.719 2.9623
-10.4216 -93.596 2.97365 0.118574 -10.492 -93.719 2.9623
-10.4446 -93.7492 2.96119 0.376482 -10.492 -93.719 2.9623
-10.683 -93.5719 2.96258 0.815538 -10.492 -93.719 2.9623
-10.4519 -93.4413 2.96763 0.95585 -10.492 -93.719 2.9623
-10.5921 -93.8325 2.96847 0.0394965 -10.492 -93.719 2.9623
-10.4072 -93.516 2.97339 0.170338 -10.492 -93.719 2.9623
-10.5021 -93.6537 2.95817 0.524747 -10.492 -93.719 2.9623
-10.4831 -93.5203 2.96487 1.67005 -10.492 -93.719 2.9623
-10.7769 -93.5731 2.96414 0.19966 -10.492 -93.719 2.9623
-10.4446 -93.7492 2.96119 0.376482 -10.492 -93.719 2.9623
-10.4027 -93.5596 2.96045 0.710994 -10.492 -93.719 2.9623
-10.3584 -93.6986 2.961 0.296632 -10.492 -93.719 2.9623
-10.4446 -93.7492 2.96119 0.376482 -10.492 -93.719 2.9623
-10.5172 -93.6117 2.95919 0.895958 -10.492 -93.719 2.9623
-10.683 -93.5719 2.96258 0.815538 -10.492 -93.719 2.9623
-10.2928 -93.5338 2.96234 0.364761 -10.492 -93.719 2.9623
-10.448 -93.8548 2.96774 0.0642523 -10.492 -93.719 2.9623
-10.3584 -93.6986 2.961 0.296632 -10.492 -93.719 2.9623
-10.5172 -93.6117 2.95919 0.895958 -10.492 -93.719 2.9623
-10.4831 -93.5203 2.96487 1.67005 -10.492 -93.719 2.9623
-10.4027 -93.5596 2.96045 0.710994 -10.492 -93.719 2.9623
-10.683 -93.5719 2.96258 0.815538 -10.492 -93.719 2.9623
-10.4141 -93.6851 2.96915 0.425694 -10.492 -93.719 2.9623
-10.683 -93.5719 2.96258 0.815538 -10.492 -93.719 2.9623
-10.4612 -93.3663 2.96555 0.705973 -10.492 -93.719 2.9623
-10.4612 -93.3663 2.96555 0.705973 -10.492 -93.719 2.9623
-10.5172 -93.6117 2.95919 0.895958 -10.492 -93.719 2.9623
-10.1216 -93.3834 2.97092 0.0343466 -10.492 -93.719 2.9623
-10.4612 -93.3663 2.96555 0.705973 -10.492 -93.719 2.9623
-10.4027 -93.5596 2.96045 0.710994 -10.492 -93.719 2.9623
-10.4093 -93.4378 2.95724 0.150176 -10.492 -93.719 2.9623
-10.4027 -93.5596 2.96045 0.710994 -10.492 -93.719 2.9623
-10.1049 -93.7406 2.97084 0.0121824 -10.492 -93.719 2.9623
-10.4446 -93.7492 2.96119 0.376482 -10.492 -93.719 2.9623
-10.4612 -93.3663 2.96555 0.705973 -10.492 -93.719 2.9623
-10.4831 -93.5203 2.96487 1.67005 -10.492 -93.719 2.9623
-10.4027 -93.5596 2.96045 0.710994 -10.492 -93.719 2.9623
-10.4072 -93.516 2.97339 0.170338 -10.492 -93.719 2.9623
-10.683 -93.5719 2.96258 0.815538 -10.492 -93.719 2.9623
-10.5021 -93.6537 2.95817 0.524747 -10.492 -93.719 2.9623
-10.4519 -93.4413 2.96763 0.95585 -10.492 -93.719 2.9623
-10.5021 -93.6537 2.95817 0.524747 -10.492 -93.719 2.9623
-10.6336 -93.7145 2.9546 0.12899 -10.492 -93.719 2.9623
-10.5021 -93.6537 2.95817 0.524747 -10.492 -93.719 2.9623
-10.4519 -93.4413 2.96763 0.95585 -10.492 -93.719 2.9623
-10.5021 -93.6537 2.95817 0.524747 -10.492 -93.719 2.9623
-10.4072 -93.516 2.97339 0.170338 -10.492 -93.719 2.9623
-10.4093 -93.4378 2.95724 0.150176 -10.492 -93.719 2.9623
-10.4612 -93.3663 2.96555 0.705973 -10.492 -93.719 2.9623
-10.6682 -93.5016 2.95505 0.250473 -10.492 -93.719 2.9623
-10.6682 -93.5016 2.95505 0.250473 -10.492 -93.719 2.9623
-10.4027 -93.5596 2.96045 0.710994 -10.492 -93.719 2.9623
-10.5033 -93.5488 2.98119 0.000157654 -10.492 -93.719 2.9623
-10.4519 -93.4413 2.96763 0.95585 -10.492 -93.719 2.9623
-10.1598 -93.6717 2.97419 0.0223658 -10.492 -93.719 2.9623
-10.4027 -93.5596 2.96045 0.710994 -10.492 -93.719 2.9623
-10.6336 -93.7145 2.9546 0.12899 -10.492 -93.719 2.9623
-10.1049 -93.7406 2.97084 0.0121824 -10.492 -93.719 2.9623
-10.4072 -93.516 2.97339 0.170338 -10.492 -93.719 2.9623
-10.5172 -93.6117 2.95919 0.895958 -10.492 -93.719 2.9623
-10.3584 -93.6986 2.961 0.296632 -10.492 -93.719 2.9623
-10.5172 -93.6117 2.95919 0.895958 -10.492 -93.719 2.9623
-10.4831 -93.5203 2.96487 1.67005 -10.492 -93.719 2.9623
-10.4027 -93.5596 2.96045 0.710994 -10.492 -93.719 2.9623
-10.4831 -93.5203 2.96487 1.67005 -10.492 -93.719 2.9623
-10.4612 -93.3663 2.96555 0.705973 -10.492 -93.719 2.9623
-10.59 -93.3077 2.95794 0.138127 -10.492 -93.719 2.9623
-10.4216 -93.596 2.97365 0.118574 -10.492 -93.719 2.9623
-10.4027 -93.5596 2.96045 0.710994 -10.492 -93.719 2.9623
-10.683 -93.5719 2.96258 0.815538 -10.492 -93.719 2.9623
-10.5172 -93.6117 2.95919 0.895958 -10.492 -93.719 2.9623
-10.4216 -93.596 2.97365 0.118574 -10.492 -93.719 2.9623
-10.5172 -93.6117 2.95919 0.895958 -10.492 -93.719 2.9623
-10.5473 -93.7167 2.9712 0.0816511 -10.492 -93.719 2.9623
-10.4831 -93.5203 2.96487 1.67005 -10.492 -93.719 2.9623
-10.683 -93.5719 2.96258 0.815538 -10.492 -93.719 2.9623
-10.683 -93.5719 2.96258 0.815538 -10.492 -93.719 2.9623
-10.2928 -93.5338 2.96234 0.364761 -10.492 -93.719 2.9623
-10.4141 -93.6851 2.96915 0.425694 -10.492 -93.719 2.9623
-10.1532 -93.5666 2.96944 0.103356 -10.492 -93.719 2.9623
-10.4446 -93.7492 2.96119 0.376482 -10.492 -93.719 2.9623
-10.4519 -93.4413 2.96763 0.95585 -10.492 -93.719 2.9623
-10.7769 -93.5731 2.96414 0.19966 -10.492 -93.719 2.9623
-10.4612 -93.3663 2.96555 0.705973 -10.492 -93.719 2.9623
-10.3584 -93.6986 2.961 0.296632 -10.492 -93.719 2.9623
-10.3584 -93.6986 2.961 0.296632 -10.492 -93.719 2.9623
-10.683 -93.5719 2.96258 0.815538 -10.492 -93.719 2.9623
-10.2555 -93.3197 2.96551 0.107391 -10.492 -93.719 2.9623
-10.5921 -93.8325 2.96847 0.0394965 -10.492 -93.719 2.9623
-10.3109 -93.7554 2.96824 0.16453 -10.492 -93.719 2.9623
-10.4519 -93.4413 2.96763 0.95585 -10.492 -93.719 2.9623
-10.6682 -93.5016 2.95505 0.250473 -10.492 -93.719 2.9623
-10.4831 -93.5203 2.96487 1.67005 -10.492 -93.719 2.9623
-10.4072 -93.516 2.97339 0.170338 -10.492 -93.719 2.9623
-10.5172 -93.6117 2.95919 0.895958 -10.492 -93.719 2.9623
-10.59 -93.3077 2.95794 0.138127 -10.492 -93.719 2.9623
-10.4027 -93.5596 2.96045 0.710994 -10.492 -93.719 2.9623
-10.4612 -93.3663 2.96555 0.705973 -10.492 -93.719 2.9623
-10.1996 -93.7234 2.96544 0.0698125 -10.492 -93.719 2.9623
-10.4831 -93.5203 2.96487 1.67005 -10.492 -93.719 2.9623
-10.4446 -93.7492 2.96119 0.376482 -10.492 -93.719 2.9623
-10.1859 -93.6857 2.96572 0.0824752 -10.492 -93.719 2.9623
-10.4612 -93.3663 2.96555 0.705973 -10.492 -93.719 2.9623
-10.4519 -93.4413 2.96763 0.95585 -10.492 -93.719 2.9623
-10.4831 -93.5203 2.96487 1.67005 -10.492 -93.719 2.9623
-10.5021 -93.6537 2.95817 0.524747 -10.492 -93.719 2.9623
-10.2555 -93.3197 2.96551 0.107391 -10.492 -93.719 2.9623
-10.1206 -93.6417 2.96866 0.0455291 -10.492 -93.719 2.9623
-10.4446 -93.7492 2.96119 0.376482 -10.492 -93.719 2.9623
-10.4519 -93.4413 2.96763 0.95585 -10.492 -93.719 2.9623
-10.1334 -93.6695 2.96586 0.038071 -10.492 -93.719 2.9623
-10.5718 -93.9834 2.96263 0.00768393 -10.492 -93.719 2.9623
-10.5021 -93.6537 2.95817 0.524747 -10.492 -93.719 2.9623
-10.4831 -93.5203 2.96487 1.67005 -10.492 -93.719 2.9623
-10.7769 -93.5731 2.96414 0.19966 -10.492 -93.719 2.9623
-10.4831 -93.5203 2.96487 1.67005 -10.492 -93.719 2.9623
-10.4831 -93.5203 2.96487 1.67005 -10.492 -93.719 2.9623
-10.2555 -93.3197 2.96551 0.107391 -10.492 -93.719 2.9623
-10.4831 -93.5203 2.96487 1.67005 -10.492 -93.719 2.9623
-10.683 -93.5719 2.96258 0.815538 -10.492 -93.719 2.9623
-10.4831 -93.5203 2.96487 1.67005 -10.492 -93.719 2.9623
-10.4072 -93.516 2.97339 0.170338 -10.492 -93.719 2.9623
-10.4831 -93.5203 2.96487 1.67005 -10.492 -93.719 2.9623
-10.4831 -93.5203 2.96487 1.67005 -10.492 -93.719 2.9623
-10.4519 -93.4413 2.96763 0.95585 -10.492 -93.719 2.9623
-10.4027 -93.5596 2.96045 0.710994 -10.492 -93.719 2.9623
-10.683 -93.5719 2.96258 0.815538 -10.492 -93.719 2.9623
-10.4519 -93.4413 2.96763 0.95585 -10.492 -93.719 2.9623
-10.4141 -93.6851 2.96915 0.425694 -10.492 -93.719 2.9623
-10.2555 -93.3197 2.96551 0.107391 -10.492 -93.719 2.9623
-10.4612 -93.3663 2.96555 0.705973 -10.492 -93.719 2.9623
-10.4141 -93.6851 2.96915 0.425694 -10.492 -93.719 2.9623
-10.683 -93.5719 2.96258 0.815538 -10.492 -93.719 2.9623
-10.4831 -93.5203 2.96487 1.67005 -10.492 -93.719 2.9623
-10.4831 -93.5203 2.96487 1.67005 -10.492 -93.719 2.9623
-10.6336 -93.7145 2.9546 0.12899 -10.492 -93.719 2.9623
-10.4831 -93.5203 2.96487 1.67005 -10.492 -93.719 2.9623
-10.5021 -93.6537 2.95817 0.524747 -10.492 -93.719 2.9623
-10.4831 -93.5203 2.96487 1.67005 -10.492 -93.719 2.9623
-10.4612 -93.3663 2.96555 0.705973 -10.492 -93.719 2.9623
-10.4831 -93.5203 2.96487 1.67005 -10.492 -93.719 2.9623
-10.4831 -93.5203 2.96487 1.67005 -10.492 -93.719 2.9623
-10.4072 -93.516 2.97339 0.170338 -10.492 -93.719 2.9623
-10.4831 -93.5203 2.96487 1.67005 -10.492 -93.719 2.9623
-10.4141 -93.6851 2.96915 0.425694 -10.492 -93.719 2.9623
-10.5021 -93.6537 2.95817 0.524747 -10.492 -93.719 2.9623
-10.683 -93.5719 2.96258 0.815538 -10.492 -93.719 2.9623
-10.4141 -93.6851 2.96915 0.425694 -10.492 -93.719 2.9623
-10.4519 -93.4413 2.96763 0.95585 -10.492 -93.719 2.9623
-10.5473 -93.7167 2.9712 0.0816511 -10.492 -93.719 2.9623
-10.4612 -93.3663 2.96555 0.705973 -10.492 -93.719 2.9623
-10.4831 -93.5203 2.96487 1.67005 -10.492 -93.719 2.9623
-10.4027 -93.5596 2.96045 0.710994 -10.492 -93.719 2.9623
-10.4612 -93.3663 2.96555 0.705973 -10.492 -93.719 2.9623
-10.4519 -93.4413 2.96763 0.95585 -10.492 -93.719 2.9623
-10.3109 -93.7554 2.96824 0.16453 -10.492 -93.719 2.9623
-10.302 -93.5312 2.95629 0.028937 -10.492 -93.719 2.9623
-10.4027 -93.5596 2.96045 0.710994 -10.492 -93.719 2.9623
-10.4831 -93.5203 2.96487 1.67005 -10.492 -93.719 2.9623
-10.5172 -93.6117 2.95919 0.895958 -10.492 -93.719 2.9623
-10.3776 -93.1597 2.96094 0.00953128 -10.492 -93.719 2.9623
-10.4022 -93.4772 2.95587 0.0839537 -10.492 -93.719 2.9623
-10.5021 -93.6537 2.95817 0.524747 -10.492 -93.719 2.9623
-10.683 -93.5719 2.96258 0.815538 -10.492 -93.719 2.9623
-10.4519 -93.4413 2.96763 0.95585 -10.492 -93.719 2.9623
-10.4831 -93.5203 2.96487 1.67005 -10.492 -93.719 2.9623
-10.5297 -93.9224 2.9657 0.023621 -10.492 -93.719 2.9623
-10.4831 -93.5203 2.96487 1.67005 -10.492 -93.719 2.9623
-10.4831 -93.5203 2.96487 1.67005 -10.492 -93.719 2.9623
-10.4612 -93.3663 2.96555 0.705973 -10.492 -93.719 2.9623
-10.4831 -93.5203 2.96487 1.67005 -10.492 -93.719 2.9623
-10.3109 -93.7554 2.96824 0.16453 -10.492 -93.719 2.9623
-10.448 -93.8548 2.96774 0.0642523 -10.492 -93.719 2.9623
-10.4831 -93.5203 2.96487 1.67005 -10.492 -93.719 2.9623
-10.5473 -93.7167 2.9712 0.0816511 -10.492 -93.719 2.9623
-10.5027 -93.6645 2.95422 0.0860463 -10.492 -93.719 2.9623
-10.5172 -93.6117 2.95919 0.895958 -10.492 -93.719 2.9623
-10.5172 -93.6117 2.95919 0.895958 -10.492 -93.719 2.9623
-10.683 -93.5719 2.96258 0.815538 -10.492 -93.719 2.9623
