170.847 -11.2099 3.23009 5.55699 170.91 -11.214 3.2394
170.915 -11.2179 3.23756 8.73704 170.91 -11.214 3.2394
170.915 -11.2179 3.23756 8.73704 170.91 -11.214 3.2394
170.847 -11.2099 3.23009 5.55699 170.91 -11.214 3.2394
171.106 -11.2818 3.24005 0.574936 170.91 -11.214 3.2394
171.05 -11.354 3.24307 0.444522 170.91 -11.214 3.2394
170.847 -11.2099 3.23009 5.55699 170.91 -11.214 3.2394
170.915 -11.2179 3.23756 8.73704 170.91 -11.214 3.2394
170.915 -11.2179 3.23756 8.73704 170.91 -11.214 3.2394
170.915 -11.2179 3.23756 8.73704 170.91 -11.214 3.2394
170.915 -11.2179 3.23756 8.73704 170.91 -11.214 3.2394
170.847 -11.2099 3.23009 5.55699 170.91 -11.214 3.2394
170.847 -11.2099 3.23009 5.55699 170.91 -11.214 3.2394
170.915 -11.2179 3.23756 8.73704 170.91 -11.214 3.2394
170.847 -11.2099 3.23009 5.55699 170.91 -11.214 3.2394
171.141 -11.1513 3.23492 0.0855823 170.91 -11.214 3.2394
171.14 -11.1595 3.23787 0.186796 170.91 -11.214 3.2394
170.915 -11.2179 3.23756 8.73704 170.91 -11.214 3.2394
170.847 -11.2099 3.23009 5.55699 170.91 -11.214 3.2394
170.915 -11.2179 3.23756 8.73704 170.91 -11.214 3.2394
170.647 -11.405 3.2331 5.12987 170.91 -11.214 3.2394
170.647 -11.405 3.2331 5.12987 170.91 -11.214 3.2394
170.847 -11.2099 3.23009 5.55699 170.91 -11.214 3.2394
171.025 -11.3372 3.24189 1.01603 170.91 -11.214 3.2394
170.647 -11.405 3.2331 5.12987 170.91 -11.214 3.2394
170.915 -11.2179 3.23756 8.73704 170.91 -11.214 3.2394
171.082 -11.3502 3.24342 0.272725 170.91 -11.214 3.2394
170.971 -11.491 3.23993 0.533692 170.91 -11.214 3.2394
170.943 -11.2917 3.24268 1.37199 170.91 -11.214 3.2394
170.915 -11.2179 3.23756 8.73704 170.91 -11.214 3.2394
170.847 -11.2099 3.23009 5.55699 170.91 -11.214 3.2394
170.647 -11.405 3.2331 5.12987 170.91 -11.214 3.2394
170.647 -11.405 3.2331 5.12987 170.91 -11.214 3.2394
171.082 -11.3502 3.24342 0.272725 170.91 -11.214 3.2394
170.847 -11.2099 3.23009 5.55699 170.91 -11.214 3.2394
170.847 -11.2099 3.23009 5.55699 170.91 -11.214 3.2394
170.915 -11.2179 3.23756 8.73704 170.91 -11.214 3.2394
170.915 -11.2179 3.23756 8.73704 170.91 -11.214 3.2394
171.025 -11.3372 3.24189 1.01603 170.91 -11.214 3.2394
171.106 -11.2818 3.24005 0.574936 170.91 -11.214 3.2394
170.847 -11.2099 3.23009 5.55699 170.91 -11.214 3.2394
170.915 -11.2179 3.23756 8.73704 170.91 -11.214 3.2394
170.943 -11.2917 3.24268 1.37199 170.91 -11.214 3.2394
170.915 -11.2179 3.23756 8.73704 170.91 -11.214 3.2394
170.915 -11.2179 3.23756 8.73704 170.91 -11.214 3.2394
170.915 -11.2179 3.23756 8.73704 170.91 -11.214 3.2394
170.847 -11.2099 3.23009 5.55699 170.91 -11.214 3.2394
170.847 -11.2099 3.23009 5.55699 170.91 -11.214 3.2394
170.647 -11.405 3.2331 5.12987 170.91 -11.214 3.2394
170.915 -11.2179 3.23756 8.73704 170.91 -11.214 3.2394
170.915 -11.2179 3.23756 8.73704 170.91 -11.214 3.2394
170.847 -11.2099 3.23009 5.55699 170.91 -11.214 3.2394
170.847 -11.2099 3.23009 5.55699 170.91 -11.214 3.2394
170.647 -11.405 3.2331 5.12987 170.91 -11.214 3.2394
170.847 -11.2099 3.23009 5.55699 170.91 -11.214 3.2394
170.915 -11.2179 3.23756 8.73704 170.91 -11.214 3.2394
171.141 -11.1513 3.23492 0.0855823 170.91 -11.214 3.2394
170.915 -11.2179 3.23756 8.73704 170.91 -11.214 3.2394
170.647 -11.405 3.2331 5.12987 170.91 -11.214 3.2394
170.847 -11.2099 3.23009 5.55699 170.91 -11.214 3.2394
170.847 -11.2099 3.23009 5.55699 170.91 -11.214 3.2394
170.647 -11.405 3.2331 5.12987 170.91 -11.214 3.2394
170.647 -11.405 3.2331 5.12987 170.91 -11.214 3.2394
170.915 -11.2179 3.23756 8.73704 170.91 -11.214 3.2394
170.847 -11.2099 3.23009 5.55699 170.91 -11.214 3.2394
170.647 -11.405 3.2331 5.12987 170.91 -11.214 3.2394
170.915 -11.2179 3.23756 8.73704 170.91 -11.214 3.2394
170.647 -11.405 3.2331 5.12987 170.91 -11.214 3.2394
170.847 -11.2099 3.23009 5.55699 170.91 -11.214 3.2394
170.647 -11.405 3.2331 5.12987 170.91 -11.214 3.2394
170.915 -11.2179 3.23756 8.73704 170.91 -11.214 3.2394
170.847 -11.2099 3.23009 5.55699 170.91 -11.214 3.2394
170.647 -11.405 3.2331 5.12987 170.91 -11.214 3.2394
170.915 -11.2179 3.23756 8.73704 170.91 -11.214 3.2394
170.915 -11.2179 3.23756 8.73704 170.91 -11.214 3.2394
171.025 -11.3372 3.24189 1.01603 170.91 -11.214 3.2394
170.943 -11.2917 3.24268 1.37199 170.91 -11.214 3.2394
170.647 -11.405 3.2331 5.12987 170.91 -11.214 3.2394
170.847 -11.2099 3.23009 5.55699 170.91 -11.214 3.2394
170.946 -11.3711 3.24446 0.326036 170.91 -11.214 3.2394
171.025 -11.3372 3.24189 1.01603 170.91 -11.214 3.2394
170.915 -11.2179 3.23756 8.73704 170.91 -11.214 3.2394
171.025 -11.3372 3.24189 1.01603 170.91 -11.214 3.2394
170.847 -11.2099 3.23009 5.55699 170.91 -11.214 3.2394
170.915 -11.2179 3.23756 8.73704 170.91 -11.214 3.2394
170.847 -11.2099 3.23009 5.55699 170.91 -11.214 3.2394
170.647 -11.405 3.2331 5.12987 170.91 -11.214 3.2394
170.647 -11.405 3.2331 5.12987 170.91 -11.214 3.2394
170.915 -11.2179 3.23756 8.73704 170.91 -11.214 3.2394
170.847 -11.2099 3.23009 5.55699 170.91 -11.214 3.2394
171.078 -11.4686 3.24061 0.185146 170.91 -11.214 3.2394
170.915 -11.2179 3.23756 8.73704 170.91 -11.214 3.2394
170.915 -11.2179 3.23756 8.73704 170.91 -11.214 3.2394
170.847 -11.2099 3.23009 5.55699 170.91 -11.214 3.2394
170.915 -11.2179 3.23756 8.73704 170.91 -11.214 3.2394
170.915 -11.2179 3.23756 8.73704 170.91 -11.214 3.2394
170.943 -11.2917 3.24268 1.37199 170.91 -11.214 3.2394
170.915 -11.2179 3.23756 8.73704 170.91 -11.214 3.2394
170.915 -11.2179 3.23756 8.73704 170.91 -11.214 3.2394
170.95 -11.2853 3.24788 0.0234735 170.91 -11.214 3.2394
170.915 -11.2179 3.23756 8.73704 170.91 -11.214 3.2394
171.082 -11.3502 3.24342 0.272725 170.91 -11.214 3.2394
170.915 -11.2179 3.23756 8.73704 170.91 -11.214 3.2394
170.847 -11.2099 3.23009 5.55699 170.91 -11.214 3.2394
170.847 -11.2099 3.23009 5.55699 170.91 -11.214 3.2394
170.647 -11.405 3.2331 5.12987 170.91 -11.214 3.2394
170.847 -11.2099 3.23009 5.55699 170.91 -11.214 3.2394
170.971 -11.491 3.23993 0.533692 170.91 -11.214 3.2394
170.847 -11.2099 3.23009 5.55699 170.91 -11.214 3.2394
170.943 -11.2917 3.24268 1.37199 170.91 -11.214 3.2394
170.647 -11.405 3.2331 5.12987 170.91 -11.214 3.2394
170.915 -11.2179 3.23756 8.73704 170.91 -11.214 3.2394
170.915 -11.2179 3.23756 8.73704 170.91 -11.214 3.2394
170.915 -11.2179 3.23756 8.73704 170.91 -11.214 3.2394
170.924 -11.5118 3.2398 0.51647 170.91 -11.214 3.2394
171.025 -11.3372 3.24189 1.01603 170.91 -11.214 3.2394
170.915 -11.2179 3.23756 8.73704 170.91 -11.214 3.2394
170.915 -11.2179 3.23756 8.73704 170.91 -11.214 3.2394
170.915 -11.2179 3.23756 8.73704 170.91 -11.214 3.2394
170.915 -11.2179 3.23756 8.73704 170.91 -11.214 3.2394
170.647 -11.405 3.2331 5.12987 170.91 -11.214 3.2394
170.943 -11.2917 3.24268 1.37199 170.91 -11.214 3.2394
170.647 -11.405 3.2331 5.12987 170.91 -11.214 3.2394
170.647 -11.405 3.2331 5.12987 170.91 -11.214 3.2394
170.915 -11.2179 3.23756 8.73704 170.91 -11.214 3.2394
170.847 -11.2099 3.23009 5.55699 170.91 -11.214 3.2394
170.847 -11.2099 3.23009 5.55699 170.91 -11.214 3.2394
170.943 -11.2917 3.24268 1.37199 170.91 -11.214 3.2394
170.915 -11.2179 3.23756 8.73704 170.91 -11.214 3.2394
170.647 -11.405 3.2331 5.12987 170.91 -11.214 3.2394
170.943 -11.2917 3.24268 1.37199 170.91 -11.214 3.2394
170.915 -11.2179 3.23756 8.73704 170.91 -11.214 3.2394
170.971 -11.491 3.23993 0.533692 170.91 -11.214 3.2394
170.647 -11.405 3.2331 5.12987 170.91 -11.214 3.2394
170.915 -11.2179 3.23756 8.73704 170.91 -11.214 3.2394
171.106 -11.2818 3.24005 0.574936 170.91 -11.214 3.2394
170.915 -11.2179 3.23756 8.73704 170.91 -11.214 3.2394
170.847 -11.2099 3.23009 5.55699 170.91 -11.214 3.2394
170.647 -11.405 3.2331 5.12987 170.91 -11.214 3.2394
170.647 -11.405 3.2331 5.12987 170.91 -11.214 3.2394
170.915 -11.2179 3.23756 8.73704 170.91 -11.214 3.2394
170.847 -11.2099 3.23009 5.55699 170.91 -11.214 3.2394
170.943 -11.2917 3.24268 1.37199 170.91 -11.214 3.2394
171.082 -11.3502 3.24342 0.272725 170.91 -11.214 3.2394
170.924 -11.5118 3.2398 0.51647 170.91 -11.214 3.2394
170.915 -11.2179 3.23756 8.73704 170.91 -11.214 3.2394
170.847 -11.2099 3.23009 5.55699 170.91 -11.214 3.2394
171.14 -11.1595 3.23787 0.186796 170.91 -11.214 3.2394
170.915 -11.2179 3.23756 8.73704 170.91 -11.214 3.2394
171.106 -11.2818 3.24005 0.574936 170.91 -11.214 3.2394
170.847 -11.2099 3.23009 5.55699 170.91 -11.214 3.2394
170.886 -11.1443 3.24468 0.160248 170.91 -11.214 3.2394
171.106 -11.2818 3.24005 0.574936 170.91 -11.214 3.2394
170.946 -11.3711 3.24446 0.326036 170.91 -11.214 3.2394
170.847 -11.2099 3.23009 5.55699 170.91 -11.214 3.2394
170.915 -11.2179 3.23756 8.73704 170.91 -11.214 3.2394
170.915 -11.2179 3.23756 8.73704 170.91 -11.214 3.2394
170.847 -11.2099 3.23009 5.55699 170.91 -11.214 3.2394
170.647 -11.405 3.2331 5.12987 170.91 -11.214 3.2394
170.915 -11.2179 3.23756 8.73704 170.91 -11.214 3.2394
170.647 -11.405 3.2331 5.12987 170.91 -11.214 3.2394
170.915 -11.2179 3.23756 8.73704 170.91 -11.214 3.2394
170.647 -11.405 3.2331 5.12987 170.91 -11.214 3.2394
171.037 -11.1435 3.23104 0.203888 170.91 -11.214 3.2394
170.647 -11.405 3.2331 5.12987 170.91 -11.214 3.2394
171.078 -11.4686 3.24061 0.185146 170.91 -11.214 3.2394
170.915 -11.2179 3.23756 8.73704 170.91 -11.214 3.2394
170.915 -11.2179 3.23756 8.73704 170.91 -11.214 3.2394
170.847 -11.2099 3.23009 5.55699 170.91 -11.214 3.2394
171.04 -11.347 3.24452 0.242744 170.91 -11.214 3.2394
170.915 -11.2179 3.23756 8.73704 170.91 -11.214 3.2394
170.915 -11.2179 3.23756 8.73704 170.91 -11.214 3.2394
170.915 -11.2179 3.23756 8.73704 170.91 -11.214 3.2394
170.915 -11.2179 3.23756 8.73704 170.91 -11.214 3.2394
170.847 -11.2099 3.23009 5.55699 170.91 -11.214 3.2394
170.943 -11.2917 3.24268 1.37199 170.91 -11.214 3.2394
170.971 -11.491 3.23993 0.533692 170.91 -11.214 3.2394
170.915 -11.2179 3.23756 8.73704 170.91 -11.214 3.2394
170.915 -11.2179 3.23756 8.73704 170.91 -11.214 3.2394
170.943 -11.2917 3.24268 1.37199 170.91 -11.214 3.2394
170.943 -11.2917 3.24268 1.37199 170.91 -11.214 3.2394
170.915 -11.2179 3.23756 8.73704 170.91 -11.214 3.2394
170.915 -11.2179 3.23756 8.73704 170.91 -11.214 3.2394
171.025 -11.3372 3.24189 1.01603 170.91 -11.214 3.2394
170.647 -11.405 3.2331 5.12987 170.91 -11.214 3.2394
170.847 -11.2099 3.23009 5.55699 170.91 -11.214 3.2394
170.924 -11.5118 3.2398 0.51647 170.91 -11.214 3.2394
170.847 -11.2099 3.23009 5.55699 170.91 -11.214 3.2394
171.025 -11.3372 3.24189 1.01603 170.91 -11.214 3.2394
170.647 -11.405 3.2331 5.12987 170.91 -11.214 3.2394
170.915 -11.2179 3.23756 8.73704 170.91 -11.214 3.2394
170.943 -11.2917 3.24268 1.37199 170.91 -11.214 3.2394
170.847 -11.2099 3.23009 5.55699 170.91 -11.214 3.2394
170.847 -11.2099 3.23009 5.55699 170.91 -11.214 3.2394
170.847 -11.2099 3.23009 5.55699 170.91 -11.214 3.2394
171.082 -11.3502 3.24342 0.272725 170.91 -11.214 3.2394
170.943 -11.2917 3.24268 1.37199 170.91 -11.214 3.2394
171.04 -11.347 3.24452 0.242744 170.91 -11.214 3.2394
170.847 -11.2099 3.23009 5.55699 170.91 -11.214 3.2394
171.025 -11.3372 3.24189 1.01603 170.91 -11.214 3.2394
