-39.8917 -41.1868 1.44522 0.0489505 -39.84 -41.187 1.443
-39.9408 -41.062 1.44075 0.0375913 -39.84 -41.187 1.443
-39.9922 -41.0044 1.44623 0.0133954 -39.84 -41.187 1.443
-40.0818 -41.1409 1.4394 0.0257151 -39.84 -41.187 1.443
-39.89 -40.9262 1.43921 0.00890427 -39.84 -41.187 1.443
-39.8698 -41.0953 1.45215 0.00328871 -39.84 -41.187 1.443
-40.0818 -41.1409 1.4394 0.0257151 -39.84 -41.187 1.443
-40.0919 -41.1896 1.44477 0.0296649 -39.84 -41.187 1.443
-39.5753 -41.0655 1.4455 0.000325587 -39.84 -41.187 1.443
-40.0726 -40.9603 1.44135 0.0155851 -39.84 -41.187 1.443
-40.0818 -41.1409 1.4394 0.0257151 -39.84 -41.187 1.443
-39.8178 -41.2775 1.44267 0.0133478 -39.84 -41.187 1.443
-39.8917 -41.1868 1.44522 0.0489505 -39.84 -41.187 1.443
-39.9904 -40.865 1.44109 0.0055181 -39.84 -41.187 1.443
-39.8917 -41.1868 1.44522 0.0489505 -39.84 -41.187 1.443
-40.0818 -41.1409 1.4394 0.0257151 -39.84 -41.187 1.443
-39.8178 -41.2775 1.44267 0.0133478 -39.84 -41.187 1.443
-39.8917 -41.1868 1.44522 0.0489505 -39.84 -41.187 1.443
-40.2124 -41.1057 1.4382 0.00649175 -39.84 -41.187 1.443
-39.8917 -41.1868 1.44522 0.0489505 -39.84 -41.187 1.443
-39.8917 -41.1868 1.44522 0.0489505 -39.84 -41.187 1.443
-40.0818 -41.1409 1.4394 0.0257151 -39.84 -41.187 1.443
-40.0753 -41.0559 1.44372 0.0263802 -39.84 -41.187 1.443
-40.0919 -41.1896 1.44477 0.0296649 -39.84 -41.187 1.443
-39.9904 -40.865 1.44109 0.0055181 -39.84 -41.187 1.443
-39.8917 -41.1868 1.44522 0.0489505 -39.84 -41.187 1.443
-39.8917 -41.1868 1.44522 0.0489505 -39.84 -41.187 1.443
-39.8494 -40.9639 1.44532 0.00785827 -39.84 -41.187 1.443
-39.9408 -41.062 1.44075 0.0375913 -39.84 -41.187 1.443
-39.9408 -41.062 1.44075 0.0375913 -39.84 -41.187 1.443
-39.7471 -41.0352 1.44418 0.00716546 -39.84 -41.187 1.443
-39.8178 -41.2775 1.44267 0.0133478 -39.84 -41.187 1.443
-39.8917 -41.1868 1.44522 0.0489505 -39.84 -41.187 1.443
-40.0348 -40.8677 1.44205 0.00449924 -39.84 -41.187 1.443
-39.7471 -41.0352 1.44418 0.00716546 -39.84 -41.187 1.443
-40.2975 -40.9344 1.43815 0.000895859 -39.84 -41.187 1.443
-39.9904 -40.865 1.44109 0.0055181 -39.84 -41.187 1.443
-39.9408 -41.062 1.44075 0.0375913 -39.84 -41.187 1.443
-39.9408 -41.062 1.44075 0.0375913 -39.84 -41.187 1.443
-40.0919 -41.1896 1.44477 0.0296649 -39.84 -41.187 1.443
-40.0919 -41.1896 1.44477 0.0296649 -39.84 -41.187 1.443
-39.9408 -41.062 1.44075 0.0375913 -39.84 -41.187 1.443
-39.9408 -41.062 1.44075 0.0375913 -39.84 -41.187 1.443
-39.8346 -40.9932 1.44796 0.00499826 -39.84 -41.187 1.443
-39.8346 -40.9932 1.44796 0.00499826 -39.84 -41.187 1.443
-39.7596 -41.3609 1.44137 0.00134905 -39.84 -41.187 1.443
-39.9904 -40.865 1.44109 0.0055181 -39.84 -41.187 1.443
-40.0753 -41.0559 1.44372 0.0263802 -39.84 -41.187 1.443
-39.9408 -41.062 1.44075 0.0375913 -39.84 -41.187 1.443
-39.8178 -41.2775 1.44267 0.0133478 -39.84 -41.187 1.443
-40.0348 -40.8677 1.44205 0.00449924 -39.84 -41.187 1.443
-39.8917 -41.1868 1.44522 0.0489505 -39.84 -41.187 1.443
-39.8917 -41.1868 1.44522 0.0489505 -39.84 -41.187 1.443
-39.8917 -41.1868 1.44522 0.0489505 -39.84 -41.187 1.443
-39.8917 -41.1868 1.44522 0.0489505 -39.84 -41.187 1.443
-39.8917 -41.1868 1.44522 0.0489505 -39.84 -41.187 1.443
-40.0818 -41.1409 1.4394 0.0257151 -39.84 -41.187 1.443
-39.8732 -40.9151 1.44624 0.00302708 -39.84 -41.187 1.443
-39.7968 -41.2279 1.45121 0.0109019 -39.84 -41.187 1.443
-39.8917 -41.1868 1.44522 0.0489505 -39.84 -41.187 1.443
-39.8346 -40.9932 1.44796 0.00499826 -39.84 -41.187 1.443
-39.9625 -40.9823 1.44337 0.0213076 -39.84 -41.187 1.443
-39.9408 -41.062 1.44075 0.0375913 -39.84 -41.187 1.443
-40.0753 -41.0559 1.44372 0.0263802 -39.84 -41.187 1.443
-40.0644 -40.9108 1.44249 0.00720146 -39.84 -41.187 1.443
-39.9625 -40.9823 1.44337 0.0213076 -39.84 -41.187 1.443
-39.8736 -40.889 1.44123 0.00526702 -39.84 -41.187 1.443
-39.9625 -40.9823 1.44337 0.0213076 -39.84 -41.187 1.443
-40.0753 -41.0559 1.44372 0.0263802 -39.84 -41.187 1.443
-40.0818 -41.1409 1.4394 0.0257151 -39.84 -41.187 1.443
-39.8917 -41.1868 1.44522 0.0489505 -39.84 -41.187 1.443
-39.8917 -41.1868 1.44522 0.0489505 -39.84 -41.187 1.443
-40.0753 -41.0559 1.44372 0.0263802 -39.84 -41.187 1.443
-40.0644 -40.9108 1.44249 0.00720146 -39.84 -41.187 1.443
-40.0753 -41.0559 1.44372 0.0263802 -39.84 -41.187 1.443
-39.9922 -41.0044 1.44623 0.0133954 -39.84 -41.187 1.443
-40.2124 -41.1057 1.4382 0.00649175 -39.84 -41.187 1.443
-40.0753 -41.0559 1.44372 0.0263802 -39.84 -41.187 1.443
-40.0919 -41.1896 1.44477 0.0296649 -39.84 -41.187 1.443
-40.0726 -40.9603 1.44135 0.0155851 -39.84 -41.187 1.443
-39.9904 -40.865 1.44109 0.0055181 -39.84 -41.187 1.443
-39.8917 -41.1868 1.44522 0.0489505 -39.84 -41.187 1.443
-40.0818 -41.1409 1.4394 0.0257151 -39.84 -41.187 1.443
-39.7641 -41.4455 1.45102 0.00346883 -39.84 -41.187 1.443
-40.0753 -41.0559 1.44372 0.0263802 -39.84 -41.187 1.443
-39.9625 -40.9823 1.44337 0.0213076 -39.84 -41.187 1.443
-40.0818 -41.1409 1.4394 0.0257151 -39.84 -41.187 1.443
-39.7641 -41.4455 1.45102 0.00346883 -39.84 -41.187 1.443
-40.0726 -40.9603 1.44135 0.0155851 -39.84 -41.187 1.443
-39.9408 -41.062 1.44075 0.0375913 -39.84 -41.187 1.443
-39.9408 -41.062 1.44075 0.0375913 -39.84 -41.187 1.443
-39.9299 -41.0073 1.4327 0.00150931 -39.84 -41.187 1.443
-40.0919 -41.1896 1.44477 0.0296649 -39.84 -41.187 1.443
-40.0348 -40.8677 1.44205 0.00449924 -39.84 -41.187 1.443
-40.0818 -41.1409 1.4394 0.0257151 -39.84 -41.187 1.443
-39.8917 -41.1868 1.44522 0.0489505 -39.84 -41.187 1.443
-40.0753 -41.0559 1.44372 0.0263802 -39.84 -41.187 1.443
-40.1886 -41.0591 1.44691 0.00261688 -39.84 -41.187 1.443
-40.2124 -41.1057 1.4382 0.00649175 -39.84 -41.187 1.443
-39.8917 -41.1868 1.44522 0.0489505 -39.84 -41.187 1.443
-40.0919 -41.1896 1.44477 0.0296649 -39.84 -41.187 1.443
-39.7968 -41.2279 1.45121 0.0109019 -39.84 -41.187 1.443
-39.89 -40.9262 1.43921 0.00890427 -39.84 -41.187 1.443
-39.878 -40.8928 1.43628 0.00301563 -39.84 -41.187 1.443
-39.9922 -41.0044 1.44623 0.0133954 -39.84 -41.187 1.443
-39.9922 -41.0044 1.44623 0.0133954 -39.84 -41.187 1.443
-39.9408 -41.062 1.44075 0.0375913 -39.84 -41.187 1.443
-39.89 -40.9262 1.43921 0.00890427 -39.84 -41.187 1.443
-39.6052 -41.2592 1.44967 0.0011702 -39.84 -41.187 1.443
-40.0818 -41.1409 1.4394 0.0257151 -39.84 -41.187 1.443
-40.0919 -41.1896 1.44477 0.0296649 -39.84 -41.187 1.443
-39.6964 -41.3771 1.45799 0.000272536 -39.84 -41.187 1.443
-40.0753 -41.0559 1.44372 0.0263802 -39.84 -41.187 1.443
-39.8917 -41.1868 1.44522 0.0489505 -39.84 -41.187 1.443
-40.0644 -40.9108 1.44249 0.00720146 -39.84 -41.187 1.443
-40.0919 -41.1896 1.44477 0.0296649 -39.84 -41.187 1.443
-39.8917 -41.1868 1.44522 0.0489505 -39.84 -41.187 1.443
-39.9922 -41.0044 1.44623 0.0133954 -39.84 -41.187 1.443
-39.8917 -41.1868 1.44522 0.0489505 -39.84 -41.187 1.443
-40.2124 -41.1057 1.4382 0.00649175 -39.84 -41.187 1.443
-40.0919 -41.1896 1.44477 0.0296649 -39.84 -41.187 1.443
-39.8732 -40.9151 1.44624 0.00302708 -39.84 -41.187 1.443
-39.7471 -41.0352 1.44418 0.00716546 -39.84 -41.187 1.443
-39.9408 -41.062 1.44075 0.0375913 -39.84 -41.187 1.443
-40.0753 -41.0559 1.44372 0.0263802 -39.84 -41.187 1.443
-39.7968 -41.2279 1.45121 0.0109019 -39.84 -41.187 1.443
-39.89 -40.9262 1.43921 0.00890427 -39.84 -41.187 1.443
-39.8917 -41.1868 1.44522 0.0489505 -39.84 -41.187 1.443
-39.9904 -40.865 1.44109 0.0055181 -39.84 -41.187 1.443
-39.9625 -40.9823 1.44337 0.0213076 -39.84 -41.187 1.443
-39.7471 -41.0352 1.44418 0.00716546 -39.84 -41.187 1.443
-39.9922 -41.0044 1.44623 0.0133954 -39.84 -41.187 1.443
-39.8346 -40.9932 1.44796 0.00499826 -39.84 -41.187 1.443
-39.8494 -40.9639 1.44532 0.00785827 -39.84 -41.187 1.443
-39.89 -40.9262 1.43921 0.00890427 -39.84 -41.187 1.443
-39.9751 -41.0543 1.43411 0.00433793 -39.84 -41.187 1.443
-40.2124 -41.1057 1.4382 0.00649175 -39.84 -41.187 1.443
-39.9408 -41.062 1.44075 0.0375913 -39.84 -41.187 1.443
-40.0919 -41.1896 1.44477 0.0296649 -39.84 -41.187 1.443
-39.8917 -41.1868 1.44522 0.0489505 -39.84 -41.187 1.443
-40.0726 -40.9603 1.44135 0.0155851 -39.84 -41.187 1.443
-39.8178 -41.2775 1.44267 0.0133478 -39.84 -41.187 1.443
-39.8917 -41.1868 1.44522 0.0489505 -39.84 -41.187 1.443
-40.0644 -40.9108 1.44249 0.00720146 -39.84 -41.187 1.443
-39.9922 -41.0044 1.44623 0.0133954 -39.84 -41.187 1.443
-39.8917 -41.1868 1.44522 0.0489505 -39.84 -41.187 1.443
-39.8917 -41.1868 1.44522 0.0489505 -39.84 -41.187 1.443
-40.0753 -41.0559 1.44372 0.0263802 -39.84 -41.187 1.443
-39.7968 -41.2279 1.45121 0.0109019 -39.84 -41.187 1.443
-39.9408 -41.062 1.44075 0.0375913 -39.84 -41.187 1.443
-39.9751 -41.0543 1.43411 0.00433793 -39.84 -41.187 1.443
-39.6052 -41.2592 1.44967 0.0011702 -39.84 -41.187 1.443
-39.8917 -41.1868 1.44522 0.0489505 -39.84 -41.187 1.443
-40.0753 -41.0559 1.44372 0.0263802 -39.84 -41.187 1.443
-39.9408 -41.062 1.44075 0.0375913 -39.84 -41.187 1.443
-39.7471 -41.0352 1.44418 0.00716546 -39.84 -41.187 1.443
-39.9408 -41.062 1.44075 0.0375913 -39.84 -41.187 1.443
-39.9408 -41.062 1.44075 0.0375913 -39.84 -41.187 1.443
-39.8178 -41.2775 1.44267 0.0133478 -39.84 -41.187 1.443
-40.0919 -41.1896 1.44477 0.0296649 -39.84 -41.187 1.443
-39.8494 -40.9639 1.44532 0.00785827 -39.84 -41.187 1.443
-39.8917 -41.1868 1.44522 0.0489505 -39.84 -41.187 1.443
-39.9904 -40.865 1.44109 0.0055181 -39.84 -41.187 1.443
-40.0919 -41.1896 1.44477 0.0296649 -39.84 -41.187 1.443
-39.8917 -41.1868 1.44522 0.0489505 -39.84 -41.187 1.443
-39.7968 -41.2279 1.45121 0.0109019 -39.84 -41.187 1.443
-40.0753 -41.0559 1.44372 0.0263802 -39.84 -41.187 1.443
-39.8736 -40.889 1.44123 0.00526702 -39.84 -41.187 1.443
-39.9408 -41.062 1.44075 0.0375913 -39.84 -41.187 1.443
-39.9625 -40.9823 1.44337 0.0213076 -39.84 -41.187 1.443
-39.9408 -41.062 1.44075 0.0375913 -39.84 -41.187 1.443
-40.0726 -40.9603 1.44135 0.0155851 -39.84 -41.187 1.443
-40.0644 -40.9108 1.44249 0.00720146 -39.84 -41.187 1.443
-39.89 -40.9262 1.43921 0.00890427 -39.84 -41.187 1.443
-40.0753 -41.0559 1.44372 0.0263802 -39.84 -41.187 1.443
-40.2975 -40.9344 1.43815 0.000895859 -39.84 -41.187 1.443
-40.2124 -41.1057 1.4382 0.00649175 -39.84 -41.187 1.443
-40.2124 -41.1057 1.4382 0.00649175 -39.84 -41.187 1.443
-40.0726 -40.9603 1.44135 0.0155851 -39.84 -41.187 1.443
-40.0726 -40.9603 1.44135 0.0155851 -39.84 -41.187 1.443
-39.8917 -41.1868 1.44522 0.0489505 -39.84 -41.187 1.443
-40.0818 -41.1409 1.4394 0.0257151 -39.84 -41.187 1.443
-40.0726 -40.9603 1.44135 0.0155851 -39.84 -41.187 1.443
-39.8917 -41.1868 1.44522 0.0489505 -39.84 -41.187 1.443
-40.0753 -41.0559 1.44372 0.0263802 -39.84 -41.187 1.443
-40.0818 -41.1409 1.4394 0.0257151 -39.84 -41.187 1.443
-40.0818 -41.1409 1.4394 0.0257151 -39.84 -41.187 1.443
-39.8494 -40.9639 1.44532 0.00785827 -39.84 -41.187 1.443
-39.9408 -41.062 1.44075 0.0375913 -39.84 -41.187 1.443
-39.9625 -40.9823 1.44337 0.0213076 -39.84 -41.187 1.443
-40.0726 -40.9603 1.44135 0.0155851 -39.84 -41.187 1.443
-39.7471 -41.0352 1.44418 0.00716546 -39.84 -41.187 1.443
-40.0818 -41.1409 1.4394 0.0257151 -39.84 -41.187 1.443
-39.8367 -40.8788 1.43597 0.00147072 -39.84 -41.187 1.443
-40.0726 -40.9603 1.44135 0.0155851 -39.84 -41.187 1.443
-39.5753 -41.0655 1.4455 0.000325587 -39.84 -41.187 1.443
-39.9299 -41.0073 1.4327 0.00150931 -39.84 -41.187 1.443
-40.0753 -41.0559 1.44372 0.0263802 -39.84 -41.187 1.443
-40.0919 -41.1896 1.44477 0.0296649 -39.84 -41.187 1.443
-40.0644 -40.9108 1.44249 0.00720146 -39.84 -41.187 1.443
