30.8495 10.1894 0.170855 0.490682 30.768 10.321 0.17412
30.822 10.2995 0.166166 1.23976 30.768 10.321 0.17412
30.7693 10.1173 0.167426 0.632321 30.768 10.321 0.17412
30.9351 10.3921 0.170773 0.0886978 30.768 10.321 0.17412
30.822 10.2995 0.166166 1.23976 30.768 10.321 0.17412
30.822 10.2995 0.166166 1.23976 30.768 10.321 0.17412
30.7287 10.3102 0.174331 0.849079 30.768 10.321 0.17412
30.822 10.2995 0.166166 1.23976 30.768 10.321 0.17412
30.822 10.2995 0.166166 1.23976 30.768 10.321 0.17412
30.8544 10.2837 0.162598 0.261207 30.768 10.321 0.17412
30.6726 10.2981 0.167075 1.08043 30.768 10.321 0.17412
30.6726 10.2981 0.167075 1.08043 30.768 10.321 0.17412
30.822 10.2995 0.166166 1.23976 30.768 10.321 0.17412
30.8544 10.2837 0.162598 0.261207 30.768 10.321 0.17412
30.8495 10.1894 0.170855 0.490682 30.768 10.321 0.17412
30.7753 10.3322 0.166816 1.35827 30.768 10.321 0.17412
30.7753 10.3322 0.166816 1.35827 30.768 10.321 0.17412
30.8721 10.2971 0.171736 0.368848 30.768 10.321 0.17412
30.8831 10.3742 0.172947 0.109918 30.768 10.321 0.17412
30.6726 10.2981 0.167075 1.08043 30.768 10.321 0.17412
30.8544 10.2837 0.162598 0.261207 30.768 10.321 0.17412
30.8721 10.2971 0.171736 0.368848 30.768 10.321 0.17412
30.6726 10.2981 0.167075 1.08043 30.768 10.321 0.17412
30.6726 10.2981 0.167075 1.08043 30.768 10.321 0.17412
30.822 10.2995 0.166166 1.23976 30.768 10.321 0.17412
30.7693 10.1173 0.167426 0.632321 30.768 10.321 0.17412
30.7753 10.3322 0.166816 1.35827 30.768 10.321 0.17412
30.822 10.2995 0.166166 1.23976 30.768 10.321 0.17412
30.7693 10.1173 0.167426 0.632321 30.768 10.321 0.17412
30.4614 10.1477 0.171168 0.0730387 30.768 10.321 0.17412
30.7753 10.3322 0.166816 1.35827 30.768 10.321 0.17412
30.822 10.2995 0.166166 1.23976 30.768 10.321 0.17412
30.7693 10.1173 0.167426 0.632321 30.768 10.321 0.17412
30.9351 10.3921 0.170773 0.0886978 30.768 10.321 0.17412
30.7265 10.1883 0.162738 0.117518 30.768 10.321 0.17412
30.6726 10.2981 0.167075 1.08043 30.768 10.321 0.17412
30.6726 10.2981 0.167075 1.08043 30.768 10.321 0.17412
30.6726 10.2981 0.167075 1.08043 30.768 10.321 0.17412
30.822 10.2995 0.166166 1.23976 30.768 10.321 0.17412
30.7287 10.3102 0.174331 0.849079 30.768 10.321 0.17412
30.6726 10.2981 0.167075 1.08043 30.768 10.321 0.17412
30.9591 10.2088 0.171094 0.0501581 30.768 10.321 0.17412
30.7287 10.3102 0.174331 0.849079 30.768 10.321 0.17412
30.822 10.2995 0.166166 1.23976 30.768 10.321 0.17412
30.6726 10.2981 0.167075 1.08043 30.768 10.321 0.17412
30.7287 10.3102 0.174331 0.849079 30.768 10.321 0.17412
30.7753 10.3322 0.166816 1.35827 30.768 10.321 0.17412
30.8495 10.1894 0.170855 0.490682 30.768 10.321 0.17412
30.822 10.2995 0.166166 1.23976 30.768 10.321 0.17412
30.6726 10.2981 0.167075 1.08043 30.768 10.321 0.17412
30.8495 10.1894 0.170855 0.490682 30.768 10.321 0.17412
30.822 10.2995 0.166166 1.23976 30.768 10.321 0.17412
30.8544 10.2837 0.162598 0.261207 30.768 10.321 0.17412
30.7693 10.1173 0.167426 0.632321 30.768 10.321 0.17412
30.7753 10.3322 0.166816 1.35827 30.768 10.321 0.17412
30.7693 10.1173 0.167426 0.632321 30.768 10.321 0.17412
30.7753 10.3322 0.166816 1.35827 30.768 10.321 0.17412
30.822 10.2995 0.166166 1.23976 30.768 10.321 0.17412
30.7753 10.3322 0.166816 1.35827 30.768 10.321 0.17412
30.822 10.2995 0.166166 1.23976 30.768 10.321 0.17412
30.8495 10.1894 0.170855 0.490682 30.768 10.321 0.17412
30.4614 10.1477 0.171168 0.0730387 30.768 10.321 0.17412
30.6726 10.2981 0.167075 1.08043 30.768 10.321 0.17412
30.8495 10.1894 0.170855 0.490682 30.768 10.321 0.17412
30.6726 10.2981 0.167075 1.08043 30.768 10.321 0.17412
30.7753 10.3322 0.166816 1.35827 30.768 10.321 0.17412
30.822 10.2995 0.166166 1.23976 30.768 10.321 0.17412
30.986 10.122 0.164744 0.0854762 30.768 10.321 0.17412
30.7287 10.3102 0.174331 0.849079 30.768 10.321 0.17412
30.7753 10.3322 0.166816 1.35827 30.768 10.321 0.17412
30.4591 10.118 0.16935 0.0210243 30.768 10.321 0.17412
30.7753 10.3322 0.166816 1.35827 30.768 10.321 0.17412
30.6726 10.2981 0.167075 1.08043 30.768 10.321 0.17412
30.822 10.2995 0.166166 1.23976 30.768 10.321 0.17412
30.822 10.2995 0.166166 1.23976 30.768 10.321 0.17412
30.8544 10.2837 0.162598 0.261207 30.768 10.321 0.17412
30.6445 10.0917 0.175041 0.0956154 30.768 10.321 0.17412
30.6726 10.2981 0.167075 1.08043 30.768 10.321 0.17412
30.822 10.2995 0.166166 1.23976 30.768 10.321 0.17412
30.8495 10.1894 0.170855 0.490682 30.768 10.321 0.17412
30.7287 10.3102 0.174331 0.849079 30.768 10.321 0.17412
30.683 10.2412 0.178596 0.0470444 30.768 10.321 0.17412
30.822 10.2995 0.166166 1.23976 30.768 10.321 0.17412
30.822 10.2995 0.166166 1.23976 30.768 10.321 0.17412
30.822 10.2995 0.166166 1.23976 30.768 10.321 0.17412
30.7287 10.3102 0.174331 0.849079 30.768 10.321 0.17412
30.7287 10.3102 0.174331 0.849079 30.768 10.321 0.17412
30.5428 10.1512 0.163643 0.00412969 30.768 10.321 0.17412
30.6726 10.2981 0.167075 1.08043 30.768 10.321 0.17412
30.7265 10.1883 0.162738 0.117518 30.768 10.321 0.17412
30.6726 10.2981 0.167075 1.08043 30.768 10.321 0.17412
30.822 10.2995 0.166166 1.23976 30.768 10.321 0.17412
30.7287 10.3102 0.174331 0.849079 30.768 10.321 0.17412
30.6726 10.2981 0.167075 1.08043 30.768 10.321 0.17412
30.8721 10.2971 0.171736 0.368848 30.768 10.321 0.17412
30.7287 10.3102 0.174331 0.849079 30.768 10.321 0.17412
30.6726 10.2981 0.167075 1.08043 30.768 10.321 0.17412
30.8495 10.1894 0.170855 0.490682 30.768 10.321 0.17412
30.8544 10.2837 0.162598 0.261207 30.768 10.321 0.17412
30.822 10.2995 0.166166 1.23976 30.768 10.321 0.17412
30.7753 10.3322 0.166816 1.35827 30.768 10.321 0.17412
30.6726 10.2981 0.167075 1.08043 30.768 10.321 0.17412
30.822 10.2995 0.166166 1.23976 30.768 10.321 0.17412
30.8721 10.2971 0.171736 0.368848 30.768 10.321 0.17412
30.7693 10.1173 0.167426 0.632321 30.768 10.321 0.17412
30.4614 10.1477 0.171168 0.0730387 30.768 10.321 0.17412
30.6726 10.2981 0.167075 1.08043 30.768 10.321 0.17412
30.8495 10.1894 0.170855 0.490682 30.768 10.321 0.17412
30.822 10.2995 0.166166 1.23976 30.768 10.321 0.17412
30.7753 10.3322 0.166816 1.35827 30.768 10.321 0.17412
30.8495 10.1894 0.170855 0.490682 30.768 10.321 0.17412
30.822 10.2995 0.166166 1.23976 30.768 10.321 0.17412
30.7287 10.3102 0.174331 0.849079 30.768 10.321 0.17412
30.7287 10.3102 0.174331 0.849079 30.768 10.321 0.17412
30.822 10.2995 0.166166 1.23976 30.768 10.321 0.17412
30.7753 10.3322 0.166816 1.35827 30.768 10.321 0.17412
30.7287 10.3102 0.174331 0.849079 30.768 10.321 0.17412
30.7753 10.3322 0.166816 1.35827 30.768 10.321 0.17412
30.7287 10.3102 0.174331 0.849079 30.768 10.321 0.17412
30.6726 10.2981 0.167075 1.08043 30.768 10.321 0.17412
30.7693 10.1173 0.167426 0.632321 30.768 10.321 0.17412
30.4614 10.1477 0.171168 0.0730387 30.768 10.321 0.17412
30.6726 10.2981 0.167075 1.08043 30.768 10.321 0.17412
30.7287 10.3102 0.174331 0.849079 30.768 10.321 0.17412
30.7693 10.1173 0.167426 0.632321 30.768 10.321 0.17412
30.8495 10.1894 0.170855 0.490682 30.768 10.321 0.17412
30.7753 10.3322 0.166816 1.35827 30.768 10.321 0.17412
30.7287 10.3102 0.174331 0.849079 30.768 10.321 0.17412
30.7287 10.3102 0.174331 0.849079 30.768 10.321 0.17412
30.822 10.2995 0.166166 1.23976 30.768 10.321 0.17412
30.8721 10.2971 0.171736 0.368848 30.768 10.321 0.17412
30.7287 10.3102 0.174331 0.849079 30.768 10.321 0.17412
30.822 10.2995 0.166166 1.23976 30.768 10.321 0.17412
30.822 10.2995 0.166166 1.23976 30.768 10.321 0.17412
30.7753 10.3322 0.166816 1.35827 30.768 10.321 0.17412
30.822 10.2995 0.166166 1.23976 30.768 10.321 0.17412
30.7753 10.3322 0.166816 1.35827 30.768 10.321 0.17412
30.822 10.2995 0.166166 1.23976 30.768 10.321 0.17412
30.4591 10.118 0.16935 0.0210243 30.768 10.321 0.17412
30.822 10.2995 0.166166 1.23976 30.768 10.321 0.17412
30.6726 10.2981 0.167075 1.08043 30.768 10.321 0.17412
30.7753 10.3322 0.166816 1.35827 30.768 10.321 0.17412
30.822 10.2995 0.166166 1.23976 30.768 10.321 0.17412
30.7287 10.3102 0.174331 0.849079 30.768 10.321 0.17412
30.7753 10.3322 0.166816 1.35827 30.768 10.321 0.17412
30.8911 10.062 0.170569 0.0348368 30.768 10.321 0.17412
30.7753 10.3322 0.166816 1.35827 30.768 10.321 0.17412
30.8568 10.1068 0.174416 0.0120583 30.768 10.321 0.17412
30.9351 10.3921 0.170773 0.0886978 30.768 10.321 0.17412
30.7287 10.3102 0.174331 0.849079 30.768 10.321 0.17412
30.7753 10.3322 0.166816 1.35827 30.768 10.321 0.17412
30.8831 10.3742 0.172947 0.109918 30.768 10.321 0.17412
30.822 10.2995 0.166166 1.23976 30.768 10.321 0.17412
30.7693 10.1173 0.167426 0.632321 30.768 10.321 0.17412
30.683 10.2412 0.178596 0.0470444 30.768 10.321 0.17412
30.8721 10.2971 0.171736 0.368848 30.768 10.321 0.17412
30.822 10.2995 0.166166 1.23976 30.768 10.321 0.17412
30.822 10.2995 0.166166 1.23976 30.768 10.321 0.17412
30.7287 10.3102 0.174331 0.849079 30.768 10.321 0.17412
30.6726 10.2981 0.167075 1.08043 30.768 10.321 0.17412
30.822 10.2995 0.166166 1.23976 30.768 10.321 0.17412
30.6726 10.2981 0.167075 1.08043 30.768 10.321 0.17412
30.7753 10.3322 0.166816 1.35827 30.768 10.321 0.17412
30.822 10.2995 0.166166 1.23976 30.768 10.321 0.17412
30.6726 10.2981 0.167075 1.08043 30.768 10.321 0.17412
30.7693 10.1173 0.167426 0.632321 30.768 10.321 0.17412
30.8721 10.2971 0.171736 0.368848 30.768 10.321 0.17412
30.822 10.2995 0.166166 1.23976 30.768 10.321 0.17412
30.822 10.2995 0.166166 1.23976 30.768 10.321 0.17412
30.8544 10.2837 0.162598 0.261207 30.768 10.321 0.17412
30.7753 10.3322 0.166816 1.35827 30.768 10.321 0.17412
30.822 10.2995 0.166166 1.23976 30.768 10.321 0.17412
30.7287 10.3102 0.174331 0.849079 30.768 10.321 0.17412
30.8495 10.1894 0.170855 0.490682 30.768 10.321 0.17412
30.6726 10.2981 0.167075 1.08043 30.768 10.321 0.17412
30.822 10.2995 0.166166 1.23976 30.768 10.321 0.17412
30.6726 10.2981 0.167075 1.08043 30.768 10.321 0.17412
30.7287 10.3102 0.174331 0.849079 30.768 10.321 0.17412
30.822 10.2995 0.166166 1.23976 30.768 10.321 0.17412
30.7753 10.3322 0.166816 1.35827 30.768 10.321 0.17412
30.822 10.2995 0.166166 1.23976 30.768 10.321 0.17412
30.8151 10.1725 0.174464 0.0856847 30.768 10.321 0.17412
30.6726 10.2981 0.167075 1.08043 30.768 10.321 0.17412
30.6726 10.2981 0.167075 1.08043 30.768 10.321 0.17412
30.7287 10.3102 0.174331 0.849079 30.768 10.321 0.17412
30.822 10.2995 0.166166 1.23976 30.768 10.321 0.17412
30.7287 10.3102 0.174331 0.849079 30.768 10.321 0.17412
30.7753 10.3322 0.166816 1.35827 30.768 10.321 0.17412
30.7287 10.3102 0.174331 0.849079 30.768 10.321 0.17412
30.6726 10.2981 0.167075 1.08043 30.768 10.321 0.17412
30.6726 10.2981 0.167075 1.08043 30.768 10.321 0.17412
30.7753 10.3322 0.166816 1.35827 30.768 10.321 0.17412
30.7753 10.3322 0.166816 1.35827 30.768 10.321 0.17412
30.7287 10.3102 0.174331 0.849079 30.768 10.321 0.17412
30.7693 10.1173 0.167426 0.632321 30.768 10.321 0.17412
30.6726 10.2981 0.167075 1.08043 30.768 10.321 0.17412
30.6726 10.2981 0.167075 1.08043 30.768 10.321 0.17412
30.7287 10.3102 0.174331 0.849079 30.768 10.321 0.17412
30.7753 10.3322 0.166816 1.35827 30.768 10.321 0.17412
30.7753 10.3322 0.166816 1.35827 30.768 10.321 0.17412
