161.602 22.8396 0.0853665 0.246424 161.88 22.751 0.080162
161.776 22.6738 0.0822923 0.111451 161.88 22.751 0.080162
161.554 22.668 0.0852679 0.154322 161.88 22.751 0.080162
161.544 22.9163 0.0815709 0.167658 161.88 22.751 0.080162
161.672 22.6792 0.07846 0.134879 161.88 22.751 0.080162
161.63 22.5997 0.0835875 0.0916934 161.88 22.751 0.080162
161.672 22.6792 0.07846 0.134879 161.88 22.751 0.080162
161.606 22.9947 0.0849793 0.0420388 161.88 22.751 0.080162
161.554 22.668 0.0852679 0.154322 161.88 22.751 0.080162
161.748 22.6795 0.0750353 0.0223964 161.88 22.751 0.080162
161.736 22.6703 0.0802532 0.153739 161.88 22.751 0.080162
161.672 22.6792 0.07846 0.134879 161.88 22.751 0.080162
161.602 22.8396 0.0853665 0.246424 161.88 22.751 0.080162
161.63 22.5997 0.0835875 0.0916934 161.88 22.751 0.080162
161.736 22.6703 0.0802532 0.153739 161.88 22.751 0.080162
161.748 22.6795 0.0750353 0.0223964 161.88 22.751 0.080162
161.602 22.8396 0.0853665 0.246424 161.88 22.751 0.080162
161.789 22.786 0.0872072 0.022941 161.88 22.751 0.080162
161.926 22.8072 0.0755141 0.0100881 161.88 22.751 0.080162
161.526 22.6884 0.0832155 0.184607 161.88 22.751 0.080162
161.554 22.668 0.0852679 0.154322 161.88 22.751 0.080162
161.526 22.6884 0.0832155 0.184607 161.88 22.751 0.080162
161.554 22.668 0.0852679 0.154322 161.88 22.751 0.080162
161.63 22.5997 0.0835875 0.0916934 161.88 22.751 0.080162
161.736 22.6703 0.0802532 0.153739 161.88 22.751 0.080162
161.776 22.6738 0.0822923 0.111451 161.88 22.751 0.080162
161.736 22.6703 0.0802532 0.153739 161.88 22.751 0.080162
161.526 22.6884 0.0832155 0.184607 161.88 22.751 0.080162
161.602 22.8396 0.0853665 0.246424 161.88 22.751 0.080162
161.672 22.6792 0.07846 0.134879 161.88 22.751 0.080162
161.606 22.9947 0.0849793 0.0420388 161.88 22.751 0.080162
161.736 22.6703 0.0802532 0.153739 161.88 22.751 0.080162
161.663 22.6032 0.079895 0.0675457 161.88 22.751 0.080162
161.526 22.6884 0.0832155 0.184607 161.88 22.751 0.080162
161.672 22.6792 0.07846 0.134879 161.88 22.751 0.080162
161.554 22.668 0.0852679 0.154322 161.88 22.751 0.080162
161.736 22.6703 0.0802532 0.153739 161.88 22.751 0.080162
161.736 22.6703 0.0802532 0.153739 161.88 22.751 0.080162
161.748 22.6795 0.0750353 0.0223964 161.88 22.751 0.080162
161.776 22.6738 0.0822923 0.111451 161.88 22.751 0.080162
161.789 22.786 0.0872072 0.022941 161.88 22.751 0.080162
161.776 22.6738 0.0822923 0.111451 161.88 22.751 0.080162
161.672 22.6792 0.07846 0.134879 161.88 22.751 0.080162
161.776 22.6738 0.0822923 0.111451 161.88 22.751 0.080162
161.672 22.6792 0.07846 0.134879 161.88 22.751 0.080162
161.799 22.6864 0.0843129 0.0571575 161.88 22.751 0.080162
161.602 22.8396 0.0853665 0.246424 161.88 22.751 0.080162
161.602 22.8396 0.0853665 0.246424 161.88 22.751 0.080162
161.63 22.5997 0.0835875 0.0916934 161.88 22.751 0.080162
161.736 22.6703 0.0802532 0.153739 161.88 22.751 0.080162
161.664 23.0625 0.0820695 0.0200608 161.88 22.751 0.080162
161.554 22.668 0.0852679 0.154322 161.88 22.751 0.080162
161.526 22.6884 0.0832155 0.184607 161.88 22.751 0.080162
161.776 22.6738 0.0822923 0.111451 161.88 22.751 0.080162
161.799 22.6864 0.0843129 0.0571575 161.88 22.751 0.080162
161.544 22.9163 0.0815709 0.167658 161.88 22.751 0.080162
161.748 22.6795 0.0750353 0.0223964 161.88 22.751 0.080162
161.67 22.7179 0.0736488 0.0119891 161.88 22.751 0.080162
161.736 22.6703 0.0802532 0.153739 161.88 22.751 0.080162
161.526 22.6884 0.0832155 0.184607 161.88 22.751 0.080162
161.526 22.6884 0.0832155 0.184607 161.88 22.751 0.080162
161.544 22.9163 0.0815709 0.167658 161.88 22.751 0.080162
161.554 22.668 0.0852679 0.154322 161.88 22.751 0.080162
161.587 22.8631 0.0873354 0.0903698 161.88 22.751 0.080162
161.526 22.6884 0.0832155 0.184607 161.88 22.751 0.080162
161.602 22.8396 0.0853665 0.246424 161.88 22.751 0.080162
161.663 22.6032 0.079895 0.0675457 161.88 22.751 0.080162
161.526 22.6884 0.0832155 0.184607 161.88 22.751 0.080162
161.663 22.6032 0.079895 0.0675457 161.88 22.751 0.080162
161.663 22.6032 0.079895 0.0675457 161.88 22.751 0.080162
161.664 23.0625 0.0820695 0.0200608 161.88 22.751 0.080162
161.587 22.8631 0.0873354 0.0903698 161.88 22.751 0.080162
161.63 22.5997 0.0835875 0.0916934 161.88 22.751 0.080162
161.606 22.9947 0.0849793 0.0420388 161.88 22.751 0.080162
161.544 22.9163 0.0815709 0.167658 161.88 22.751 0.080162
161.554 22.668 0.0852679 0.154322 161.88 22.751 0.080162
161.602 22.8396 0.0853665 0.246424 161.88 22.751 0.080162
161.851 22.8946 0.0823246 0.0412676 161.88 22.751 0.080162
161.526 22.6884 0.0832155 0.184607 161.88 22.751 0.080162
161.789 22.786 0.0872072 0.022941 161.88 22.751 0.080162
161.776 22.6738 0.0822923 0.111451 161.88 22.751 0.080162
161.672 22.6792 0.07846 0.134879 161.88 22.751 0.080162
161.672 22.6792 0.07846 0.134879 161.88 22.751 0.080162
161.672 22.6792 0.07846 0.134879 161.88 22.751 0.080162
161.664 23.0625 0.0820695 0.0200608 161.88 22.751 0.080162
161.554 22.668 0.0852679 0.154322 161.88 22.751 0.080162
161.544 22.9163 0.0815709 0.167658 161.88 22.751 0.080162
161.602 22.8396 0.0853665 0.246424 161.88 22.751 0.080162
161.526 22.6884 0.0832155 0.184607 161.88 22.751 0.080162
161.554 22.668 0.0852679 0.154322 161.88 22.751 0.080162
161.663 22.6032 0.079895 0.0675457 161.88 22.751 0.080162
161.602 22.8396 0.0853665 0.246424 161.88 22.751 0.080162
161.526 22.6884 0.0832155 0.184607 161.88 22.751 0.080162
161.587 22.8631 0.0873354 0.0903698 161.88 22.751 0.080162
161.602 22.8396 0.0853665 0.246424 161.88 22.751 0.080162
161.544 22.9163 0.0815709 0.167658 161.88 22.751 0.080162
161.602 22.8396 0.0853665 0.246424 161.88 22.751 0.080162
161.544 22.9163 0.0815709 0.167658 161.88 22.751 0.080162
161.672 22.6792 0.07846 0.134879 161.88 22.751 0.080162
161.929 22.8428 0.0740778 0.00539499 161.88 22.751 0.080162
161.602 22.8396 0.0853665 0.246424 161.88 22.751 0.080162
161.544 22.9163 0.0815709 0.167658 161.88 22.751 0.080162
161.554 22.668 0.0852679 0.154322 161.88 22.751 0.080162
161.663 22.6032 0.079895 0.0675457 161.88 22.751 0.080162
161.672 22.6792 0.07846 0.134879 161.88 22.751 0.080162
161.736 22.6703 0.0802532 0.153739 161.88 22.751 0.080162
161.736 22.6703 0.0802532 0.153739 161.88 22.751 0.080162
161.554 22.668 0.0852679 0.154322 161.88 22.751 0.080162
161.736 22.6703 0.0802532 0.153739 161.88 22.751 0.080162
161.602 22.8396 0.0853665 0.246424 161.88 22.751 0.080162
161.672 22.6792 0.07846 0.134879 161.88 22.751 0.080162
161.544 22.9163 0.0815709 0.167658 161.88 22.751 0.080162
161.63 22.5997 0.0835875 0.0916934 161.88 22.751 0.080162
161.736 22.6703 0.0802532 0.153739 161.88 22.751 0.080162
161.544 22.9163 0.0815709 0.167658 161.88 22.751 0.080162
161.776 22.6738 0.0822923 0.111451 161.88 22.751 0.080162
161.851 22.8946 0.0823246 0.0412676 161.88 22.751 0.080162
161.526 22.6884 0.0832155 0.184607 161.88 22.751 0.080162
161.554 22.668 0.0852679 0.154322 161.88 22.751 0.080162
161.602 22.8396 0.0853665 0.246424 161.88 22.751 0.080162
161.544 22.9163 0.0815709 0.167658 161.88 22.751 0.080162
161.748 22.6795 0.0750353 0.0223964 161.88 22.751 0.080162
161.663 22.6032 0.079895 0.0675457 161.88 22.751 0.080162
161.63 22.5997 0.0835875 0.0916934 161.88 22.751 0.080162
161.526 22.6884 0.0832155 0.184607 161.88 22.751 0.080162
161.663 22.6032 0.079895 0.0675457 161.88 22.751 0.080162
161.526 22.6884 0.0832155 0.184607 161.88 22.751 0.080162
161.526 22.6884 0.0832155 0.184607 161.88 22.751 0.080162
161.587 22.8631 0.0873354 0.0903698 161.88 22.751 0.080162
161.736 22.6703 0.0802532 0.153739 161.88 22.751 0.080162
161.554 22.668 0.0852679 0.154322 161.88 22.751 0.080162
161.526 22.6884 0.0832155 0.184607 161.88 22.751 0.080162
161.526 22.6884 0.0832155 0.184607 161.88 22.751 0.080162
161.602 22.8396 0.0853665 0.246424 161.88 22.751 0.080162
161.789 22.786 0.0872072 0.022941 161.88 22.751 0.080162
161.544 22.9163 0.0815709 0.167658 161.88 22.751 0.080162
161.544 22.9163 0.0815709 0.167658 161.88 22.751 0.080162
161.776 22.6738 0.0822923 0.111451 161.88 22.751 0.080162
161.672 22.6792 0.07846 0.134879 161.88 22.751 0.080162
161.526 22.6884 0.0832155 0.184607 161.88 22.751 0.080162
161.63 22.5997 0.0835875 0.0916934 161.88 22.751 0.080162
161.554 22.668 0.0852679 0.154322 161.88 22.751 0.080162
161.526 22.6884 0.0832155 0.184607 161.88 22.751 0.080162
161.587 22.8631 0.0873354 0.0903698 161.88 22.751 0.080162
161.776 22.6738 0.0822923 0.111451 161.88 22.751 0.080162
161.672 22.6792 0.07846 0.134879 161.88 22.751 0.080162
161.63 22.5997 0.0835875 0.0916934 161.88 22.751 0.080162
161.526 22.6884 0.0832155 0.184607 161.88 22.751 0.080162
161.554 22.668 0.0852679 0.154322 161.88 22.751 0.080162
161.672 22.6792 0.07846 0.134879 161.88 22.751 0.080162
161.602 22.8396 0.0853665 0.246424 161.88 22.751 0.080162
161.799 22.6864 0.0843129 0.0571575 161.88 22.751 0.080162
161.736 22.6703 0.0802532 0.153739 161.88 22.751 0.080162
161.672 22.6792 0.07846 0.134879 161.88 22.751 0.080162
161.526 22.6884 0.0832155 0.184607 161.88 22.751 0.080162
161.799 22.6864 0.0843129 0.0571575 161.88 22.751 0.080162
161.789 22.786 0.0872072 0.022941 161.88 22.751 0.080162
161.602 22.8396 0.0853665 0.246424 161.88 22.751 0.080162
161.554 22.668 0.0852679 0.154322 161.88 22.751 0.080162
161.602 22.8396 0.0853665 0.246424 161.88 22.751 0.080162
161.526 22.6884 0.0832155 0.184607 161.88 22.751 0.080162
161.63 22.5997 0.0835875 0.0916934 161.88 22.751 0.080162
161.77 22.5619 0.0849865 0.012561 161.88 22.751 0.080162
161.568 22.5766 0.0766891 0.00515065 161.88 22.751 0.080162
161.602 22.8396 0.0853665 0.246424 161.88 22.751 0.080162
161.526 22.6884 0.0832155 0.184607 161.88 22.751 0.080162
161.851 22.8946 0.0823246 0.0412676 161.88 22.751 0.080162
161.736 22.6703 0.0802532 0.153739 161.88 22.751 0.080162
161.526 22.6884 0.0832155 0.184607 161.88 22.751 0.080162
161.544 22.9163 0.0815709 0.167658 161.88 22.751 0.080162
161.602 22.8396 0.0853665 0.246424 161.88 22.751 0.080162
161.544 22.9163 0.0815709 0.167658 161.88 22.751 0.080162
161.606 22.9947 0.0849793 0.0420388 161.88 22.751 0.080162
161.672 22.6792 0.07846 0.134879 161.88 22.751 0.080162
161.544 22.9163 0.0815709 0.167658 161.88 22.751 0.080162
161.526 22.6884 0.0832155 0.184607 161.88 22.751 0.080162
161.736 22.6703 0.0802532 0.153739 161.88 22.751 0.080162
161.587 22.8631 0.0873354 0.0903698 161.88 22.751 0.080162
161.587 22.8631 0.0873354 0.0903698 161.88 22.751 0.080162
161.663 22.6032 0.079895 0.0675457 161.88 22.751 0.080162
161.736 22.6703 0.0802532 0.153739 161.88 22.751 0.080162
161.672 22.6792 0.07846 0.134879 161.88 22.751 0.080162
161.526 22.6884 0.0832155 0.184607 161.88 22.751 0.080162
161.663 22.6032 0.079895 0.0675457 161.88 22.751 0.080162
161.672 22.6792 0.07846 0.134879 161.88 22.751 0.080162
161.602 22.8396 0.0853665 0.246424 161.88 22.751 0.080162
161.736 22.6703 0.0802532 0.153739 161.88 22.751 0.080162
161.916 22.7495 0.0834566 0.00985415 161.88 22.751 0.080162
161.776 22.6738 0.0822923 0.111451 161.88 22.751 0.080162
161.602 22.8396 0.0853665 0.246424 161.88 22.751 0.080162
161.526 22.6884 0.0832155 0.184607 161.88 22.751 0.080162
161.544 22.9163 0.0815709 0.167658 161.88 22.751 0.080162
161.776 22.6738 0.0822923 0.111451 161.88 22.751 0.080162
161.909 23.0459 0.0761833 0.0020188 161.88 22.751 0.080162
161.526 22.6884 0.0832155 0.184607 161.88 22.751 0.080162
161.602 22.8396 0.0853665 0.246424 161.88 22.751 0.080162
161.736 22.6703 0.0802532 0.153739 161.88 22.751 0.080162
161.799 22.6864 0.0843129 0.0571575 161.88 22.751 0.080162
161.544 22.9163 0.0815709 0.167658 161.88 22.751 0.080162
161.63 22.5997 0.0835875 0.0916934 161.88 22.751 0.080162
