150.309 21.8085 0.0794324 0.00105367 150.31 21.82 0.07723
150.468 21.7525 0.0806136 0.00094452 150.31 21.82 0.07723
150.363 21.754 0.0772587 0.001026 150.31 21.82 0.07723
150.309 21.8085 0.0794324 0.00105367 150.31 21.82 0.07723
150.513 21.9434 0.0745492 0.00399099 150.31 21.82 0.07723
150.513 21.9434 0.0745492 0.00399099 150.31 21.82 0.07723
150.389 21.8355 0.0758011 0.00223159 150.31 21.82 0.07723
150.588 22.0223 0.0698006 0.00136564 150.31 21.82 0.07723
150.588 22.0223 0.0698006 0.00136564 150.31 21.82 0.07723
150.588 22.0223 0.0698006 0.00136564 150.31 21.82 0.07723
150.513 21.9434 0.0745492 0.00399099 150.31 21.82 0.07723
150.366 21.8828 0.0819437 0.000952751 150.31 21.82 0.07723
150.363 21.754 0.0772587 0.001026 150.31 21.82 0.07723
150.468 21.7525 0.0806136 0.00094452 150.31 21.82 0.07723
150.513 21.9434 0.0745492 0.00399099 150.31 21.82 0.07723
150.306 21.9038 0.0712247 0.000253862 150.31 21.82 0.07723
150.513 21.9434 0.0745492 0.00399099 150.31 21.82 0.07723
150.513 21.9434 0.0745492 0.00399099 150.31 21.82 0.07723
150.513 21.9434 0.0745492 0.00399099 150.31 21.82 0.07723
150.473 22.0581 0.0784079 0.001057 150.31 21.82 0.07723
150.513 21.9434 0.0745492 0.00399099 150.31 21.82 0.07723
150.513 21.9434 0.0745492 0.00399099 150.31 21.82 0.07723
150.468 21.7525 0.0806136 0.00094452 150.31 21.82 0.07723
150.513 21.9434 0.0745492 0.00399099 150.31 21.82 0.07723
150.366 21.8828 0.0819437 0.000952751 150.31 21.82 0.07723
150.389 21.8355 0.0758011 0.00223159 150.31 21.82 0.07723
150.341 21.8205 0.080566 0.00122364 150.31 21.82 0.07723
150.363 21.754 0.0772587 0.001026 150.31 21.82 0.07723
150.571 21.8287 0.0735759 0.00188264 150.31 21.82 0.07723
150.525 21.7457 0.0796913 0.000835796 150.31 21.82 0.07723
150.513 21.9434 0.0745492 0.00399099 150.31 21.82 0.07723
150.389 21.8355 0.0758011 0.00223159 150.31 21.82 0.07723
150.473 22.0581 0.0784079 0.001057 150.31 21.82 0.07723
150.473 22.0581 0.0784079 0.001057 150.31 21.82 0.07723
150.468 21.7525 0.0806136 0.00094452 150.31 21.82 0.07723
150.468 21.7525 0.0806136 0.00094452 150.31 21.82 0.07723
150.513 21.9434 0.0745492 0.00399099 150.31 21.82 0.07723
150.721 21.9431 0.0709023 0.000583419 150.31 21.82 0.07723
150.588 22.0223 0.0698006 0.00136564 150.31 21.82 0.07723
150.571 21.8287 0.0735759 0.00188264 150.31 21.82 0.07723
150.468 21.7525 0.0806136 0.00094452 150.31 21.82 0.07723
150.518 22.1416 0.0698661 0.000565706 150.31 21.82 0.07723
150.513 21.9434 0.0745492 0.00399099 150.31 21.82 0.07723
150.468 21.7525 0.0806136 0.00094452 150.31 21.82 0.07723
150.175 21.9908 0.0795151 0.00010554 150.31 21.82 0.07723
150.571 21.8287 0.0735759 0.00188264 150.31 21.82 0.07723
150.366 21.8828 0.0819437 0.000952751 150.31 21.82 0.07723
150.371 21.8497 0.0806026 0.00154138 150.31 21.82 0.07723
150.366 21.8828 0.0819437 0.000952751 150.31 21.82 0.07723
150.571 21.8287 0.0735759 0.00188264 150.31 21.82 0.07723
150.309 21.8085 0.0794324 0.00105367 150.31 21.82 0.07723
150.309 21.8085 0.0794324 0.00105367 150.31 21.82 0.07723
150.341 21.8205 0.080566 0.00122364 150.31 21.82 0.07723
150.309 21.8085 0.0794324 0.00105367 150.31 21.82 0.07723
150.588 22.0223 0.0698006 0.00136564 150.31 21.82 0.07723
150.525 21.7457 0.0796913 0.000835796 150.31 21.82 0.07723
150.469 21.5941 0.0735108 2.82985e-05 150.31 21.82 0.07723
150.571 21.8287 0.0735759 0.00188264 150.31 21.82 0.07723
150.309 21.8085 0.0794324 0.00105367 150.31 21.82 0.07723
150.513 21.9434 0.0745492 0.00399099 150.31 21.82 0.07723
150.468 21.7525 0.0806136 0.00094452 150.31 21.82 0.07723
150.513 21.9434 0.0745492 0.00399099 150.31 21.82 0.07723
150.588 22.0223 0.0698006 0.00136564 150.31 21.82 0.07723
150.571 21.8287 0.0735759 0.00188264 150.31 21.82 0.07723
150.525 21.7457 0.0796913 0.000835796 150.31 21.82 0.07723
150.525 21.7457 0.0796913 0.000835796 150.31 21.82 0.07723
150.473 22.0581 0.0784079 0.001057 150.31 21.82 0.07723
150.309 21.8085 0.0794324 0.00105367 150.31 21.82 0.07723
150.306 21.9038 0.0712247 0.000253862 150.31 21.82 0.07723
150.513 21.9434 0.0745492 0.00399099 150.31 21.82 0.07723
150.371 21.8497 0.0806026 0.00154138 150.31 21.82 0.07723
150.518 22.1416 0.0698661 0.000565706 150.31 21.82 0.07723
150.175 21.9908 0.0795151 0.00010554 150.31 21.82 0.07723
150.309 21.8085 0.0794324 0.00105367 150.31 21.82 0.07723
150.513 21.9434 0.0745492 0.00399099 150.31 21.82 0.07723
150.341 21.8205 0.080566 0.00122364 150.31 21.82 0.07723
150.571 21.8287 0.0735759 0.00188264 150.31 21.82 0.07723
150.284 21.8341 0.0846088 0.000196621 150.31 21.82 0.07723
150.404 21.6039 0.0786896 0.000112849 150.31 21.82 0.07723
150.473 22.0581 0.0784079 0.001057 150.31 21.82 0.07723
150.371 21.8497 0.0806026 0.00154138 150.31 21.82 0.07723
150.348 21.6875 0.0805227 0.000387407 150.31 21.82 0.07723
150.366 21.8828 0.0819437 0.000952751 150.31 21.82 0.07723
150.363 21.754 0.0772587 0.001026 150.31 21.82 0.07723
150.513 21.9434 0.0745492 0.00399099 150.31 21.82 0.07723
150.389 21.8355 0.0758011 0.00223159 150.31 21.82 0.07723
150.309 21.8085 0.0794324 0.00105367 150.31 21.82 0.07723
150.513 21.9434 0.0745492 0.00399099 150.31 21.82 0.07723
150.309 21.8085 0.0794324 0.00105367 150.31 21.82 0.07723
150.721 21.9431 0.0709023 0.000583419 150.31 21.82 0.07723
150.473 22.0581 0.0784079 0.001057 150.31 21.82 0.07723
150.371 21.8497 0.0806026 0.00154138 150.31 21.82 0.07723
150.571 21.8287 0.0735759 0.00188264 150.31 21.82 0.07723
150.284 21.8341 0.0846088 0.000196621 150.31 21.82 0.07723
150.366 21.8828 0.0819437 0.000952751 150.31 21.82 0.07723
150.518 22.1416 0.0698661 0.000565706 150.31 21.82 0.07723
150.389 21.8355 0.0758011 0.00223159 150.31 21.82 0.07723
150.389 21.8355 0.0758011 0.00223159 150.31 21.82 0.07723
150.525 21.7457 0.0796913 0.000835796 150.31 21.82 0.07723
150.473 22.0581 0.0784079 0.001057 150.31 21.82 0.07723
150.309 21.8085 0.0794324 0.00105367 150.31 21.82 0.07723
150.513 21.9434 0.0745492 0.00399099 150.31 21.82 0.07723
150.201 21.9805 0.0732905 8.12999e-05 150.31 21.82 0.07723
150.513 21.9434 0.0745492 0.00399099 150.31 21.82 0.07723
150.525 21.7457 0.0796913 0.000835796 150.31 21.82 0.07723
150.371 21.8497 0.0806026 0.00154138 150.31 21.82 0.07723
150.571 21.8287 0.0735759 0.00188264 150.31 21.82 0.07723
150.389 21.8355 0.0758011 0.00223159 150.31 21.82 0.07723
150.513 21.9434 0.0745492 0.00399099 150.31 21.82 0.07723
150.389 21.8355 0.0758011 0.00223159 150.31 21.82 0.07723
150.513 21.9434 0.0745492 0.00399099 150.31 21.82 0.07723
150.473 22.0581 0.0784079 0.001057 150.31 21.82 0.07723
150.588 22.0223 0.0698006 0.00136564 150.31 21.82 0.07723
150.389 21.8355 0.0758011 0.00223159 150.31 21.82 0.07723
150.389 21.8355 0.0758011 0.00223159 150.31 21.82 0.07723
150.371 21.8497 0.0806026 0.00154138 150.31 21.82 0.07723
150.468 21.7525 0.0806136 0.00094452 150.31 21.82 0.07723
150.525 21.7457 0.0796913 0.000835796 150.31 21.82 0.07723
150.571 21.8287 0.0735759 0.00188264 150.31 21.82 0.07723
150.518 22.1416 0.0698661 0.000565706 150.31 21.82 0.07723
150.341 21.8205 0.080566 0.00122364 150.31 21.82 0.07723
150.513 21.9434 0.0745492 0.00399099 150.31 21.82 0.07723
150.513 21.9434 0.0745492 0.00399099 150.31 21.82 0.07723
150.588 22.0223 0.0698006 0.00136564 150.31 21.82 0.07723
150.513 21.9434 0.0745492 0.00399099 150.31 21.82 0.07723
150.571 21.8287 0.0735759 0.00188264 150.31 21.82 0.07723
150.588 22.0223 0.0698006 0.00136564 150.31 21.82 0.07723
150.468 21.7525 0.0806136 0.00094452 150.31 21.82 0.07723
150.468 21.7525 0.0806136 0.00094452 150.31 21.82 0.07723
150.371 21.8497 0.0806026 0.00154138 150.31 21.82 0.07723
150.371 21.8497 0.0806026 0.00154138 150.31 21.82 0.07723
150.371 21.8497 0.0806026 0.00154138 150.31 21.82 0.07723
150.389 21.8355 0.0758011 0.00223159 150.31 21.82 0.07723
150.306 21.9038 0.0712247 0.000253862 150.31 21.82 0.07723
150.513 21.9434 0.0745492 0.00399099 150.31 21.82 0.07723
150.468 21.7525 0.0806136 0.00094452 150.31 21.82 0.07723
150.366 21.8828 0.0819437 0.000952751 150.31 21.82 0.07723
150.341 21.8205 0.080566 0.00122364 150.31 21.82 0.07723
150.389 21.8355 0.0758011 0.00223159 150.31 21.82 0.07723
150.389 21.8355 0.0758011 0.00223159 150.31 21.82 0.07723
150.468 21.7525 0.0806136 0.00094452 150.31 21.82 0.07723
150.366 21.8828 0.0819437 0.000952751 150.31 21.82 0.07723
150.518 22.1416 0.0698661 0.000565706 150.31 21.82 0.07723
150.571 21.8287 0.0735759 0.00188264 150.31 21.82 0.07723
150.309 21.8085 0.0794324 0.00105367 150.31 21.82 0.07723
150.513 21.9434 0.0745492 0.00399099 150.31 21.82 0.07723
150.525 21.7457 0.0796913 0.000835796 150.31 21.82 0.07723
150.309 21.8085 0.0794324 0.00105367 150.31 21.82 0.07723
150.341 21.8205 0.080566 0.00122364 150.31 21.82 0.07723
150.571 21.8287 0.0735759 0.00188264 150.31 21.82 0.07723
150.513 21.9434 0.0745492 0.00399099 150.31 21.82 0.07723
150.525 21.7457 0.0796913 0.000835796 150.31 21.82 0.07723
150.371 21.8497 0.0806026 0.00154138 150.31 21.82 0.07723
150.371 21.8497 0.0806026 0.00154138 150.31 21.82 0.07723
150.389 21.8355 0.0758011 0.00223159 150.31 21.82 0.07723
150.513 21.9434 0.0745492 0.00399099 150.31 21.82 0.07723
150.363 21.754 0.0772587 0.001026 150.31 21.82 0.07723
150.588 22.0223 0.0698006 0.00136564 150.31 21.82 0.07723
150.513 21.9434 0.0745492 0.00399099 150.31 21.82 0.07723
150.284 21.8341 0.0846088 0.000196621 150.31 21.82 0.07723
150.525 21.7457 0.0796913 0.000835796 150.31 21.82 0.07723
150.389 21.8355 0.0758011 0.00223159 150.31 21.82 0.07723
150.721 21.9431 0.0709023 0.000583419 150.31 21.82 0.07723
150.175 21.9908 0.0795151 0.00010554 150.31 21.82 0.07723
150.219 21.8688 0.0843989 0.000108661 150.31 21.82 0.07723
150.588 22.0223 0.0698006 0.00136564 150.31 21.82 0.07723
150.518 22.1416 0.0698661 0.000565706 150.31 21.82 0.07723
150.389 21.8355 0.0758011 0.00223159 150.31 21.82 0.07723
150.404 21.6039 0.0786896 0.000112849 150.31 21.82 0.07723
150.468 21.7525 0.0806136 0.00094452 150.31 21.82 0.07723
150.309 21.8085 0.0794324 0.00105367 150.31 21.82 0.07723
150.389 21.8355 0.0758011 0.00223159 150.31 21.82 0.07723
150.363 21.754 0.0772587 0.001026 150.31 21.82 0.07723
150.588 22.0223 0.0698006 0.00136564 150.31 21.82 0.07723
150.513 21.9434 0.0745492 0.00399099 150.31 21.82 0.07723
150.341 21.8205 0.080566 0.00122364 150.31 21.82 0.07723
150.721 21.9431 0.0709023 0.000583419 150.31 21.82 0.07723
150.588 22.0223 0.0698006 0.00136564 150.31 21.82 0.07723
150.389 21.8355 0.0758011 0.00223159 150.31 21.82 0.07723
150.571 21.8287 0.0735759 0.00188264 150.31 21.82 0.07723
150.518 22.1416 0.0698661 0.000565706 150.31 21.82 0.07723
150.389 21.8355 0.0758011 0.00223159 150.31 21.82 0.07723
150.366 21.8828 0.0819437 0.000952751 150.31 21.82 0.07723
150.341 21.8205 0.080566 0.00122364 150.31 21.82 0.07723
150.309 21.8085 0.0794324 0.00105367 150.31 21.82 0.07723
150.473 22.0581 0.0784079 0.001057 150.31 21.82 0.07723
150.513 21.9434 0.0745492 0.00399099 150.31 21.82 0.07723
150.371 21.8497 0.0806026 0.00154138 150.31 21.82 0.07723
150.366 21.8828 0.0819437 0.000952751 150.31 21.82 0.07723
150.389 21.8355 0.0758011 0.00223159 150.31 21.82 0.07723
150.571 21.8287 0.0735759 0.00188264 150.31 21.82 0.07723
150.513 21.9434 0.0745492 0.00399099 150.31 21.82 0.07723
150.389 21.8355 0.0758011 0.00223159 150.31 21.82 0.07723
150.473 22.0581 0.0784079 0.001057 150.31 21.82 0.07723
150.468 21.7525 0.0806136 0.00094452 150.31 21.82 0.07723
150.389 21.8355 0.0758011 0.00223159 150.31 21.82 0.07723
150.473 22.0581 0.0784079 0.001057 150.31 21.82 0.07723
150.389 21.8355 0.0758011 0.00223159 150.31 21.82 0.07723
150.341 21.8205 0.080566 0.00122364 150.31 21.82 0.07723
150.571 21.8287 0.0735759 0.00188264 150.31 21.82 0.07723
