46.507 -64.2496 3.93774 0.000145428 46.152 -64.324 3.931
46.2482 -64.1695 3.9326 0.000740507 46.152 -64.324 3.931
46.4579 -64.1945 3.93545 0.000260012 46.152 -64.324 3.931
46.1789 -64.5649 3.93016 6.99915e-05 46.152 -64.324 3.931
46.1459 -64.2452 3.92892 0.000421021 46.152 -64.324 3.931
46.2482 -64.1695 3.9326 0.000740507 46.152 -64.324 3.931
46.5351 -64.2549 3.93802 7.76141e-05 46.152 -64.324 3.931
46.2487 -64.5047 3.92971 0.000262044 46.152 -64.324 3.931
46.2482 -64.1695 3.9326 0.000740507 46.152 -64.324 3.931
46.0745 -64.3508 3.93433 0.000278317 46.152 -64.324 3.931
46.2482 -64.1695 3.9326 0.000740507 46.152 -64.324 3.931
46.3569 -64.3582 3.93616 0.00119824 46.152 -64.324 3.931
46.3569 -64.3582 3.93616 0.00119824 46.152 -64.324 3.931
46.2482 -64.1695 3.9326 0.000740507 46.152 -64.324 3.931
46.2482 -64.1695 3.9326 0.000740507 46.152 -64.324 3.931
46.4579 -64.1945 3.93545 0.000260012 46.152 -64.324 3.931
46.0731 -64.3823 3.92521 5.72839e-05 46.152 -64.324 3.931
46.2482 -64.1695 3.9326 0.000740507 46.152 -64.324 3.931
46.4579 -64.1945 3.93545 0.000260012 46.152 -64.324 3.931
46.2433 -64.0155 3.94192 5.55391e-06 46.152 -64.324 3.931
46.3012 -64.1199 3.938 0.000300065 46.152 -64.324 3.931
46.456 -64.244 3.93253 0.000236287 46.152 -64.324 3.931
46.2482 -64.1695 3.9326 0.000740507 46.152 -64.324 3.931
46.1007 -64.2587 3.93692 0.000223746 46.152 -64.324 3.931
46.456 -64.244 3.93253 0.000236287 46.152 -64.324 3.931
46.1459 -64.2452 3.92892 0.000421021 46.152 -64.324 3.931
46.5166 -64.337 3.9336 9.91001e-05 46.152 -64.324 3.931
46.3569 -64.3582 3.93616 0.00119824 46.152 -64.324 3.931
46.507 -64.2496 3.93774 0.000145428 46.152 -64.324 3.931
46.1459 -64.2452 3.92892 0.000421021 46.152 -64.324 3.931
46.3012 -64.1199 3.938 0.000300065 46.152 -64.324 3.931
46.4579 -64.1945 3.93545 0.000260012 46.152 -64.324 3.931
46.4579 -64.1945 3.93545 0.000260012 46.152 -64.324 3.931
46.2487 -64.5047 3.92971 0.000262044 46.152 -64.324 3.931
46.063 -64.5369 3.92717 2.12312e-05 46.152 -64.324 3.931
46.0745 -64.3508 3.93433 0.000278317 46.152 -64.324 3.931
46.1459 -64.2452 3.92892 0.000421021 46.152 -64.324 3.931
46.3012 -64.1199 3.938 0.000300065 46.152 -64.324 3.931
46.456 -64.244 3.93253 0.000236287 46.152 -64.324 3.931
46.2487 -64.5047 3.92971 0.000262044 46.152 -64.324 3.931
46.3569 -64.3582 3.93616 0.00119824 46.152 -64.324 3.931
46.2481 -64.1872 3.92702 9.83695e-05 46.152 -64.324 3.931
46.4302 -64.3296 3.93105 0.00031202 46.152 -64.324 3.931
46.2487 -64.5047 3.92971 0.000262044 46.152 -64.324 3.931
46.1459 -64.2452 3.92892 0.000421021 46.152 -64.324 3.931
46.4924 -64.2243 3.93625 0.000183309 46.152 -64.324 3.931
46.1459 -64.2452 3.92892 0.000421021 46.152 -64.324 3.931
46.456 -64.244 3.93253 0.000236287 46.152 -64.324 3.931
46.3883 -64.1482 3.9399 0.000197296 46.152 -64.324 3.931
46.3879 -64.4043 3.92616 3.81542e-05 46.152 -64.324 3.931
46.0745 -64.3508 3.93433 0.000278317 46.152 -64.324 3.931
46.3569 -64.3582 3.93616 0.00119824 46.152 -64.324 3.931
46.2487 -64.5047 3.92971 0.000262044 46.152 -64.324 3.931
46.3883 -64.1482 3.9399 0.000197296 46.152 -64.324 3.931
46.4874 -64.2867 3.93314 0.000178526 46.152 -64.324 3.931
46.3569 -64.3582 3.93616 0.00119824 46.152 -64.324 3.931
46.3168 -64.0991 3.93682 0.000249648 46.152 -64.324 3.931
46.3168 -64.0991 3.93682 0.000249648 46.152 -64.324 3.931
46.4579 -64.1945 3.93545 0.000260012 46.152 -64.324 3.931
46.4302 -64.3296 3.93105 0.00031202 46.152 -64.324 3.931
46.4425 -64.3555 3.9379 0.000355319 46.152 -64.324 3.931
46.3569 -64.3582 3.93616 0.00119824 46.152 -64.324 3.931
46.0745 -64.3508 3.93433 0.000278317 46.152 -64.324 3.931
46.4924 -64.2243 3.93625 0.000183309 46.152 -64.324 3.931
46.3569 -64.3582 3.93616 0.00119824 46.152 -64.324 3.931
46.4579 -64.1945 3.93545 0.000260012 46.152 -64.324 3.931
46.5351 -64.2549 3.93802 7.76141e-05 46.152 -64.324 3.931
46.3569 -64.3582 3.93616 0.00119824 46.152 -64.324 3.931
46.3569 -64.3582 3.93616 0.00119824 46.152 -64.324 3.931
46.3012 -64.1199 3.938 0.000300065 46.152 -64.324 3.931
46.4425 -64.3555 3.9379 0.000355319 46.152 -64.324 3.931
46.2482 -64.1695 3.9326 0.000740507 46.152 -64.324 3.931
46.1789 -64.5649 3.93016 6.99915e-05 46.152 -64.324 3.931
46.507 -64.2496 3.93774 0.000145428 46.152 -64.324 3.931
46.4302 -64.3296 3.93105 0.00031202 46.152 -64.324 3.931
46.082 -64.0778 3.93451 2.66004e-05 46.152 -64.324 3.931
46.3883 -64.1482 3.9399 0.000197296 46.152 -64.324 3.931
46.2482 -64.1695 3.9326 0.000740507 46.152 -64.324 3.931
46.2482 -64.1695 3.9326 0.000740507 46.152 -64.324 3.931
46.1789 -64.5649 3.93016 6.99915e-05 46.152 -64.324 3.931
46.4579 -64.1945 3.93545 0.000260012 46.152 -64.324 3.931
46.1459 -64.2452 3.92892 0.000421021 46.152 -64.324 3.931
46.3012 -64.1199 3.938 0.000300065 46.152 -64.324 3.931
46.3012 -64.1199 3.938 0.000300065 46.152 -64.324 3.931
46.2482 -64.1695 3.9326 0.000740507 46.152 -64.324 3.931
46.2482 -64.1695 3.9326 0.000740507 46.152 -64.324 3.931
46.2482 -64.1695 3.9326 0.000740507 46.152 -64.324 3.931
46.2482 -64.1695 3.9326 0.000740507 46.152 -64.324 3.931
46.507 -64.2496 3.93774 0.000145428 46.152 -64.324 3.931
46.4425 -64.3555 3.9379 0.000355319 46.152 -64.324 3.931
46.3569 -64.3582 3.93616 0.00119824 46.152 -64.324 3.931
46.3569 -64.3582 3.93616 0.00119824 46.152 -64.324 3.931
46.4579 -64.1945 3.93545 0.000260012 46.152 -64.324 3.931
46.3569 -64.3582 3.93616 0.00119824 46.152 -64.324 3.931
46.3569 -64.3582 3.93616 0.00119824 46.152 -64.324 3.931
46.1007 -64.2587 3.93692 0.000223746 46.152 -64.324 3.931
46.5166 -64.337 3.9336 9.91001e-05 46.152 -64.324 3.931
46.4425 -64.3555 3.9379 0.000355319 46.152 -64.324 3.931
46.0745 -64.3508 3.93433 0.000278317 46.152 -64.324 3.931
46.3473 -64.2358 3.92647 5.49202e-05 46.152 -64.324 3.931
46.3168 -64.0991 3.93682 0.000249648 46.152 -64.324 3.931
46.2487 -64.5047 3.92971 0.000262044 46.152 -64.324 3.931
46.4924 -64.2243 3.93625 0.000183309 46.152 -64.324 3.931
46.3883 -64.1482 3.9399 0.000197296 46.152 -64.324 3.931
46.1459 -64.2452 3.92892 0.000421021 46.152 -64.324 3.931
46.507 -64.2496 3.93774 0.000145428 46.152 -64.324 3.931
46.2482 -64.1695 3.9326 0.000740507 46.152 -64.324 3.931
46.1459 -64.2452 3.92892 0.000421021 46.152 -64.324 3.931
46.4924 -64.2243 3.93625 0.000183309 46.152 -64.324 3.931
46.3569 -64.3582 3.93616 0.00119824 46.152 -64.324 3.931
46.2148 -64.0135 3.9348 2.76345e-05 46.152 -64.324 3.931
46.4532 -64.1916 3.93445 0.000242372 46.152 -64.324 3.931
46.4579 -64.1945 3.93545 0.000260012 46.152 -64.324 3.931
46.1459 -64.2452 3.92892 0.000421021 46.152 -64.324 3.931
46.3569 -64.3582 3.93616 0.00119824 46.152 -64.324 3.931
46.2482 -64.1695 3.9326 0.000740507 46.152 -64.324 3.931
46.5166 -64.337 3.9336 9.91001e-05 46.152 -64.324 3.931
46.2482 -64.1695 3.9326 0.000740507 46.152 -64.324 3.931
46.4532 -64.1916 3.93445 0.000242372 46.152 -64.324 3.931
46.0745 -64.3508 3.93433 0.000278317 46.152 -64.324 3.931
46.3012 -64.1199 3.938 0.000300065 46.152 -64.324 3.931
46.4579 -64.1945 3.93545 0.000260012 46.152 -64.324 3.931
46.507 -64.2496 3.93774 0.000145428 46.152 -64.324 3.931
46.2487 -64.5047 3.92971 0.000262044 46.152 -64.324 3.931
46.4874 -64.2867 3.93314 0.000178526 46.152 -64.324 3.931
46.3569 -64.3582 3.93616 0.00119824 46.152 -64.324 3.931
46.4425 -64.3555 3.9379 0.000355319 46.152 -64.324 3.931
46.4425 -64.3555 3.9379 0.000355319 46.152 -64.324 3.931
46.3879 -64.4043 3.92616 3.81542e-05 46.152 -64.324 3.931
46.4579 -64.1945 3.93545 0.000260012 46.152 -64.324 3.931
46.4874 -64.2867 3.93314 0.000178526 46.152 -64.324 3.931
46.2482 -64.1695 3.9326 0.000740507 46.152 -64.324 3.931
46.507 -64.2496 3.93774 0.000145428 46.152 -64.324 3.931
46.2482 -64.1695 3.9326 0.000740507 46.152 -64.324 3.931
46.3569 -64.3582 3.93616 0.00119824 46.152 -64.324 3.931
46.4004 -64.5309 3.93183 7.05568e-05 46.152 -64.324 3.931
46.3012 -64.1199 3.938 0.000300065 46.152 -64.324 3.931
46.3569 -64.3582 3.93616 0.00119824 46.152 -64.324 3.931
46.3168 -64.0991 3.93682 0.000249648 46.152 -64.324 3.931
46.2487 -64.5047 3.92971 0.000262044 46.152 -64.324 3.931
46.3751 -64.4034 3.94217 5.08428e-05 46.152 -64.324 3.931
46.4532 -64.1916 3.93445 0.000242372 46.152 -64.324 3.931
46.4874 -64.2867 3.93314 0.000178526 46.152 -64.324 3.931
46.1007 -64.2587 3.93692 0.000223746 46.152 -64.324 3.931
46.4579 -64.1945 3.93545 0.000260012 46.152 -64.324 3.931
46.1459 -64.2452 3.92892 0.000421021 46.152 -64.324 3.931
46.4579 -64.1945 3.93545 0.000260012 46.152 -64.324 3.931
46.0745 -64.3508 3.93433 0.000278317 46.152 -64.324 3.931
46.2482 -64.1695 3.9326 0.000740507 46.152 -64.324 3.931
46.4874 -64.2867 3.93314 0.000178526 46.152 -64.324 3.931
46.3168 -64.0991 3.93682 0.000249648 46.152 -64.324 3.931
46.3346 -64.3568 3.92589 8.29563e-05 46.152 -64.324 3.931
46.3168 -64.0991 3.93682 0.000249648 46.152 -64.324 3.931
46.2482 -64.1695 3.9326 0.000740507 46.152 -64.324 3.931
46.1789 -64.5649 3.93016 6.99915e-05 46.152 -64.324 3.931
46.1459 -64.2452 3.92892 0.000421021 46.152 -64.324 3.931
46.2487 -64.5047 3.92971 0.000262044 46.152 -64.324 3.931
46.082 -64.0778 3.93451 2.66004e-05 46.152 -64.324 3.931
46.4302 -64.3296 3.93105 0.00031202 46.152 -64.324 3.931
46.3569 -64.3582 3.93616 0.00119824 46.152 -64.324 3.931
46.2482 -64.1695 3.9326 0.000740507 46.152 -64.324 3.931
46.1459 -64.2452 3.92892 0.000421021 46.152 -64.324 3.931
46.5373 -64.5091 3.9342 8.70906e-06 46.152 -64.324 3.931
46.2148 -64.0135 3.9348 2.76345e-05 46.152 -64.324 3.931
46.5351 -64.2549 3.93802 7.76141e-05 46.152 -64.324 3.931
46.4532 -64.1916 3.93445 0.000242372 46.152 -64.324 3.931
46.2487 -64.5047 3.92971 0.000262044 46.152 -64.324 3.931
46.3965 -64.0752 3.94025 5.15229e-05 46.152 -64.324 3.931
46.3569 -64.3582 3.93616 0.00119824 46.152 -64.324 3.931
46.4532 -64.1916 3.93445 0.000242372 46.152 -64.324 3.931
46.3569 -64.3582 3.93616 0.00119824 46.152 -64.324 3.931
46.1459 -64.2452 3.92892 0.000421021 46.152 -64.324 3.931
46.3569 -64.3582 3.93616 0.00119824 46.152 -64.324 3.931
46.4924 -64.2243 3.93625 0.000183309 46.152 -64.324 3.931
46.2151 -64.576 3.93097 6.7107e-05 46.152 -64.324 3.931
46.3346 -64.3568 3.92589 8.29563e-05 46.152 -64.324 3.931
46.4302 -64.3296 3.93105 0.00031202 46.152 -64.324 3.931
46.5166 -64.337 3.9336 9.91001e-05 46.152 -64.324 3.931
46.3569 -64.3582 3.93616 0.00119824 46.152 -64.324 3.931
46.4302 -64.3296 3.93105 0.00031202 46.152 -64.324 3.931
46.4677 -64.0878 3.94267 1.20472e-05 46.152 -64.324 3.931
46.3569 -64.3582 3.93616 0.00119824 46.152 -64.324 3.931
46.3168 -64.0991 3.93682 0.000249648 46.152 -64.324 3.931
46.4425 -64.3555 3.9379 0.000355319 46.152 -64.324 3.931
46.1459 -64.2452 3.92892 0.000421021 46.152 -64.324 3.931
46.3569 -64.3582 3.93616 0.00119824 46.152 -64.324 3.931
46.2482 -64.1695 3.9326 0.000740507 46.152 -64.324 3.931
46.456 -64.244 3.93253 0.000236287 46.152 -64.324 3.931
46.2482 -64.1695 3.9326 0.000740507 46.152 -64.324 3.931
46.3883 -64.1482 3.9399 0.000197296 46.152 -64.324 3.931
46.3883 -64.1482 3.9399 0.000197296 46.152 -64.324 3.931
46.4425 -64.3555 3.9379 0.000355319 46.152 -64.324 3.931
46.2482 -64.1695 3.9326 0.000740507 46.152 -64.324 3.931
46.2482 -64.1695 3.9326 0.000740507 46.152 -64.324 3.931
46.3168 -64.0991 3.93682 0.000249648 46.152 -64.324 3.931
46.3168 -64.0991 3.93682 0.000249648 46.152 -64.324 3.931
46.4532 -64.1916 3.93445 0.000242372 46.152 -64.324 3.931
46.456 -64.244 3.93253 0.000236287 46.152 -64.324 3.931
46.1007 -64.2587 3.93692 0.000223746 46.152 -64.324 3.931
46.4924 -64.2243 3.93625 0.000183309 46.152 -64.324 3.931
