183.652 -9.96006 3.19558 0.00284769 183.52 -10.209 3.1944
183.413 -10.0406 3.18877 0.0242917 183.52 -10.209 3.1944
183.763 -10.0057 3.19598 0.00079022 183.52 -10.209 3.1944
183.413 -10.0406 3.18877 0.0242917 183.52 -10.209 3.1944
183.669 -10.0962 3.19471 0.00323525 183.52 -10.209 3.1944
183.413 -10.0406 3.18877 0.0242917 183.52 -10.209 3.1944
183.747 -9.96565 3.19787 0.000443354 183.52 -10.209 3.1944
183.545 -9.96203 3.18332 0.000519208 183.52 -10.209 3.1944
183.652 -9.96006 3.19558 0.00284769 183.52 -10.209 3.1944
183.691 -10.1101 3.19663 0.00109043 183.52 -10.209 3.1944
183.669 -10.0962 3.19471 0.00323525 183.52 -10.209 3.1944
183.652 -9.96006 3.19558 0.00284769 183.52 -10.209 3.1944
183.773 -10.1547 3.18764 7.50601e-05 183.52 -10.209 3.1944
183.687 -9.98108 3.19258 0.00360127 183.52 -10.209 3.1944
183.363 -9.87985 3.18794 0.00430474 183.52 -10.209 3.1944
183.722 -10.0091 3.19043 0.00145829 183.52 -10.209 3.1944
183.67 -9.95518 3.19304 0.0038766 183.52 -10.209 3.1944
183.314 -10.0405 3.19235 0.00302429 183.52 -10.209 3.1944
183.413 -10.0406 3.18877 0.0242917 183.52 -10.209 3.1944
183.257 -9.93789 3.18623 0.00332532 183.52 -10.209 3.1944
183.32 -9.94379 3.18391 0.0032159 183.52 -10.209 3.1944
183.722 -10.0091 3.19043 0.00145829 183.52 -10.209 3.1944
183.722 -10.0091 3.19043 0.00145829 183.52 -10.209 3.1944
183.413 -10.0406 3.18877 0.0242917 183.52 -10.209 3.1944
183.413 -10.0406 3.18877 0.0242917 183.52 -10.209 3.1944
183.363 -9.87985 3.18794 0.00430474 183.52 -10.209 3.1944
183.413 -10.0406 3.18877 0.0242917 183.52 -10.209 3.1944
183.67 -9.95518 3.19304 0.0038766 183.52 -10.209 3.1944
183.578 -9.94478 3.1997 0.00018197 183.52 -10.209 3.1944
183.413 -10.0406 3.18877 0.0242917 183.52 -10.209 3.1944
183.413 -10.0406 3.18877 0.0242917 183.52 -10.209 3.1944
183.32 -9.94379 3.18391 0.0032159 183.52 -10.209 3.1944
183.296 -10.2428 3.18209 0.00131495 183.52 -10.209 3.1944
183.67 -9.95518 3.19304 0.0038766 183.52 -10.209 3.1944
183.296 -10.2428 3.18209 0.00131495 183.52 -10.209 3.1944
183.413 -10.0406 3.18877 0.0242917 183.52 -10.209 3.1944
183.669 -10.0962 3.19471 0.00323525 183.52 -10.209 3.1944
183.413 -10.0406 3.18877 0.0242917 183.52 -10.209 3.1944
183.413 -10.0406 3.18877 0.0242917 183.52 -10.209 3.1944
183.363 -9.87985 3.18794 0.00430474 183.52 -10.209 3.1944
183.413 -10.0406 3.18877 0.0242917 183.52 -10.209 3.1944
183.32 -9.94379 3.18391 0.0032159 183.52 -10.209 3.1944
183.566 -10.1628 3.18412 0.00107331 183.52 -10.209 3.1944
183.669 -10.0962 3.19471 0.00323525 183.52 -10.209 3.1944
183.763 -10.0057 3.19598 0.00079022 183.52 -10.209 3.1944
183.67 -9.95518 3.19304 0.0038766 183.52 -10.209 3.1944
183.413 -10.0406 3.18877 0.0242917 183.52 -10.209 3.1944
183.413 -10.0406 3.18877 0.0242917 183.52 -10.209 3.1944
183.413 -10.0406 3.18877 0.0242917 183.52 -10.209 3.1944
183.183 -10.1921 3.18948 0.000407182 183.52 -10.209 3.1944
183.505 -9.88321 3.18454 0.00077189 183.52 -10.209 3.1944
183.363 -9.87985 3.18794 0.00430474 183.52 -10.209 3.1944
183.669 -10.0962 3.19471 0.00323525 183.52 -10.209 3.1944
183.781 -10.0283 3.19303 0.000711843 183.52 -10.209 3.1944
183.67 -9.95518 3.19304 0.0038766 183.52 -10.209 3.1944
183.413 -10.0406 3.18877 0.0242917 183.52 -10.209 3.1944
183.363 -9.87985 3.18794 0.00430474 183.52 -10.209 3.1944
183.687 -9.98108 3.19258 0.00360127 183.52 -10.209 3.1944
183.413 -10.0406 3.18877 0.0242917 183.52 -10.209 3.1944
183.106 -10.2859 3.17893 3.34625e-05 183.52 -10.209 3.1944
183.56 -10.3421 3.18793 0.000391845 183.52 -10.209 3.1944
183.314 -10.0405 3.19235 0.00302429 183.52 -10.209 3.1944
183.413 -10.0406 3.18877 0.0242917 183.52 -10.209 3.1944
183.413 -10.0406 3.18877 0.0242917 183.52 -10.209 3.1944
183.257 -9.93789 3.18623 0.00332532 183.52 -10.209 3.1944
183.395 -9.82107 3.19057 0.00163856 183.52 -10.209 3.1944
183.395 -9.82107 3.19057 0.00163856 183.52 -10.209 3.1944
183.296 -10.2428 3.18209 0.00131495 183.52 -10.209 3.1944
183.669 -10.0962 3.19471 0.00323525 183.52 -10.209 3.1944
183.413 -10.0406 3.18877 0.0242917 183.52 -10.209 3.1944
183.413 -10.0406 3.18877 0.0242917 183.52 -10.209 3.1944
183.718 -10.2019 3.191 0.000725272 183.52 -10.209 3.1944
183.67 -9.95518 3.19304 0.0038766 183.52 -10.209 3.1944
183.363 -9.87985 3.18794 0.00430474 183.52 -10.209 3.1944
183.413 -10.0406 3.18877 0.0242917 183.52 -10.209 3.1944
183.413 -10.0406 3.18877 0.0242917 183.52 -10.209 3.1944
183.413 -10.0406 3.18877 0.0242917 183.52 -10.209 3.1944
183.557 -10.0793 3.19675 0.00188402 183.52 -10.209 3.1944
183.687 -9.98108 3.19258 0.00360127 183.52 -10.209 3.1944
183.363 -9.87985 3.18794 0.00430474 183.52 -10.209 3.1944
183.413 -10.0406 3.18877 0.0242917 183.52 -10.209 3.1944
183.687 -9.98108 3.19258 0.00360127 183.52 -10.209 3.1944
183.413 -10.0406 3.18877 0.0242917 183.52 -10.209 3.1944
183.747 -9.96565 3.19787 0.000443354 183.52 -10.209 3.1944
183.413 -10.0406 3.18877 0.0242917 183.52 -10.209 3.1944
183.413 -10.0406 3.18877 0.0242917 183.52 -10.209 3.1944
183.56 -10.3421 3.18793 0.000391845 183.52 -10.209 3.1944
183.67 -9.95518 3.19304 0.0038766 183.52 -10.209 3.1944
183.363 -9.87985 3.18794 0.00430474 183.52 -10.209 3.1944
183.557 -10.0793 3.19675 0.00188402 183.52 -10.209 3.1944
183.363 -9.87985 3.18794 0.00430474 183.52 -10.209 3.1944
183.314 -10.0405 3.19235 0.00302429 183.52 -10.209 3.1944
183.32 -9.94379 3.18391 0.0032159 183.52 -10.209 3.1944
183.669 -10.0962 3.19471 0.00323525 183.52 -10.209 3.1944
183.669 -10.0962 3.19471 0.00323525 183.52 -10.209 3.1944
183.413 -10.0406 3.18877 0.0242917 183.52 -10.209 3.1944
183.722 -10.0091 3.19043 0.00145829 183.52 -10.209 3.1944
183.652 -9.96006 3.19558 0.00284769 183.52 -10.209 3.1944
183.413 -10.0406 3.18877 0.0242917 183.52 -10.209 3.1944
183.67 -9.95518 3.19304 0.0038766 183.52 -10.209 3.1944
183.67 -9.95518 3.19304 0.0038766 183.52 -10.209 3.1944
183.652 -9.96006 3.19558 0.00284769 183.52 -10.209 3.1944
183.32 -9.94379 3.18391 0.0032159 183.52 -10.209 3.1944
183.56 -10.3421 3.18793 0.000391845 183.52 -10.209 3.1944
183.413 -10.0406 3.18877 0.0242917 183.52 -10.209 3.1944
183.413 -10.0406 3.18877 0.0242917 183.52 -10.209 3.1944
183.566 -10.1628 3.18412 0.00107331 183.52 -10.209 3.1944
183.559 -9.79689 3.1909 0.00102106 183.52 -10.209 3.1944
183.413 -10.0406 3.18877 0.0242917 183.52 -10.209 3.1944
183.557 -10.0793 3.19675 0.00188402 183.52 -10.209 3.1944
183.32 -9.94379 3.18391 0.0032159 183.52 -10.209 3.1944
183.413 -10.0406 3.18877 0.0242917 183.52 -10.209 3.1944
183.314 -10.0405 3.19235 0.00302429 183.52 -10.209 3.1944
183.257 -9.93789 3.18623 0.00332532 183.52 -10.209 3.1944
183.413 -10.0406 3.18877 0.0242917 183.52 -10.209 3.1944
183.296 -10.2428 3.18209 0.00131495 183.52 -10.209 3.1944
183.67 -9.95518 3.19304 0.0038766 183.52 -10.209 3.1944
183.413 -10.0406 3.18877 0.0242917 183.52 -10.209 3.1944
183.363 -9.87985 3.18794 0.00430474 183.52 -10.209 3.1944
183.413 -10.0406 3.18877 0.0242917 183.52 -10.209 3.1944
183.395 -9.82107 3.19057 0.00163856 183.52 -10.209 3.1944
183.669 -10.0962 3.19471 0.00323525 183.52 -10.209 3.1944
183.32 -9.94379 3.18391 0.0032159 183.52 -10.209 3.1944
183.363 -9.87985 3.18794 0.00430474 183.52 -10.209 3.1944
183.505 -9.88321 3.18454 0.00077189 183.52 -10.209 3.1944
183.413 -10.0406 3.18877 0.0242917 183.52 -10.209 3.1944
183.413 -10.0406 3.18877 0.0242917 183.52 -10.209 3.1944
183.413 -10.0406 3.18877 0.0242917 183.52 -10.209 3.1944
183.413 -10.0406 3.18877 0.0242917 183.52 -10.209 3.1944
183.67 -9.95518 3.19304 0.0038766 183.52 -10.209 3.1944
183.413 -10.0406 3.18877 0.0242917 183.52 -10.209 3.1944
183.718 -10.2019 3.191 0.000725272 183.52 -10.209 3.1944
183.763 -10.0057 3.19598 0.00079022 183.52 -10.209 3.1944
183.652 -9.96006 3.19558 0.00284769 183.52 -10.209 3.1944
183.67 -9.95518 3.19304 0.0038766 183.52 -10.209 3.1944
183.652 -9.96006 3.19558 0.00284769 183.52 -10.209 3.1944
183.296 -10.2428 3.18209 0.00131495 183.52 -10.209 3.1944
183.578 -9.94478 3.1997 0.00018197 183.52 -10.209 3.1944
183.363 -9.87985 3.18794 0.00430474 183.52 -10.209 3.1944
183.687 -9.98108 3.19258 0.00360127 183.52 -10.209 3.1944
183.566 -10.1628 3.18412 0.00107331 183.52 -10.209 3.1944
183.559 -9.79689 3.1909 0.00102106 183.52 -10.209 3.1944
183.286 -10.0544 3.19398 0.000542986 183.52 -10.209 3.1944
183.363 -9.87985 3.18794 0.00430474 183.52 -10.209 3.1944
183.557 -10.0793 3.19675 0.00188402 183.52 -10.209 3.1944
183.314 -10.0405 3.19235 0.00302429 183.52 -10.209 3.1944
183.652 -9.96006 3.19558 0.00284769 183.52 -10.209 3.1944
183.687 -9.98108 3.19258 0.00360127 183.52 -10.209 3.1944
183.781 -10.0283 3.19303 0.000711843 183.52 -10.209 3.1944
183.413 -10.0406 3.18877 0.0242917 183.52 -10.209 3.1944
183.687 -9.98108 3.19258 0.00360127 183.52 -10.209 3.1944
183.413 -10.0406 3.18877 0.0242917 183.52 -10.209 3.1944
183.32 -9.94379 3.18391 0.0032159 183.52 -10.209 3.1944
183.413 -10.0406 3.18877 0.0242917 183.52 -10.209 3.1944
183.413 -10.0406 3.18877 0.0242917 183.52 -10.209 3.1944
183.413 -10.0406 3.18877 0.0242917 183.52 -10.209 3.1944
183.515 -10.3145 3.18391 0.000284497 183.52 -10.209 3.1944
183.314 -10.0405 3.19235 0.00302429 183.52 -10.209 3.1944
183.238 -10.2988 3.17991 0.000151069 183.52 -10.209 3.1944
183.413 -10.0406 3.18877 0.0242917 183.52 -10.209 3.1944
183.559 -9.79689 3.1909 0.00102106 183.52 -10.209 3.1944
183.669 -10.0962 3.19471 0.00323525 183.52 -10.209 3.1944
183.413 -10.0406 3.18877 0.0242917 183.52 -10.209 3.1944
183.413 -10.0406 3.18877 0.0242917 183.52 -10.209 3.1944
183.413 -10.0406 3.18877 0.0242917 183.52 -10.209 3.1944
183.896 -9.95912 3.19644 3.30921e-05 183.52 -10.209 3.1944
183.413 -10.0406 3.18877 0.0242917 183.52 -10.209 3.1944
183.413 -10.0406 3.18877 0.0242917 183.52 -10.209 3.1944
183.67 -9.95518 3.19304 0.0038766 183.52 -10.209 3.1944
183.67 -9.95518 3.19304 0.0038766 183.52 -10.209 3.1944
183.413 -10.0406 3.18877 0.0242917 183.52 -10.209 3.1944
183.763 -10.0057 3.19598 0.00079022 183.52 -10.209 3.1944
183.722 -10.0091 3.19043 0.00145829 183.52 -10.209 3.1944
183.652 -9.96006 3.19558 0.00284769 183.52 -10.209 3.1944
183.413 -10.0406 3.18877 0.0242917 183.52 -10.209 3.1944
183.56 -10.3421 3.18793 0.000391845 183.52 -10.209 3.1944
183.413 -10.0406 3.18877 0.0242917 183.52 -10.209 3.1944
183.257 -9.93789 3.18623 0.00332532 183.52 -10.209 3.1944
183.67 -9.95518 3.19304 0.0038766 183.52 -10.209 3.1944
183.515 -10.3145 3.18391 0.000284497 183.52 -10.209 3.1944
183.395 -9.82107 3.19057 0.00163856 183.52 -10.209 3.1944
183.257 -9.93789 3.18623 0.00332532 183.52 -10.209 3.1944
183.67 -9.95518 3.19304 0.0038766 183.52 -10.209 3.1944
183.413 -10.0406 3.18877 0.0242917 183.52 -10.209 3.1944
183.413 -10.0406 3.18877 0.0242917 183.52 -10.209 3.1944
183.413 -10.0406 3.18877 0.0242917 183.52 -10.209 3.1944
183.413 -10.0406 3.18877 0.0242917 183.52 -10.209 3.1944
183.505 -9.88321 3.18454 0.00077189 183.52 -10.209 3.1944
183.763 -10.0057 3.19598 0.00079022 183.52 -10.209 3.1944
183.413 -10.0406 3.18877 0.0242917 183.52 -10.209 3.1944
183.413 -10.0406 3.18877 0.0242917 183.52 -10.209 3.1944
183.413 -10.0406 3.18877 0.0242917 183.52 -10.209 3.1944
183.413 -10.0406 3.18877 0.0242917 183.52 -10.209 3.1944
183.363 -9.87985 3.18794 0.00430474 183.52 -10.209 3.1944
183.781 -10.0283 3.19303 0.000711843 183.52 -10.209 3.1944
183.395 -9.82107 3.19057 0.00163856 183.52 -10.209 3.1944
183.722 -10.0091 3.19043 0.00145829 183.52 -10.209 3.1944
183.257 -9.93789 3.18623 0.00332532 183.52 -10.209 3.1944
183.314 -10.0405 3.19235 0.00302429 183.52 -10.209 3.1944
183.413 -10.0406 3.18877 0.0242917 183.52 -10.209 3.1944
