236.785 28.3877 0.0695438 0.132262 236.76 28.283 0.072747
236.679 28.2828 0.0736339 0.0974885 236.76 28.283 0.072747
236.515 28.4271 0.0731344 0.125239 236.76 28.283 0.072747
236.53 28.3341 0.0758419 0.0513893 236.76 28.283 0.072747
236.579 28.3832 0.0710189 0.324905 236.76 28.283 0.072747
236.617 28.5602 0.0700717 0.089317 236.76 28.283 0.072747
236.801 28.4639 0.0632108 0.017317 236.76 28.283 0.072747
236.617 28.5602 0.0700717 0.089317 236.76 28.283 0.072747
236.515 28.4271 0.0731344 0.125239 236.76 28.283 0.072747
236.53 28.3341 0.0758419 0.0513893 236.76 28.283 0.072747
236.679 28.2828 0.0736339 0.0974885 236.76 28.283 0.072747
236.679 28.2828 0.0736339 0.0974885 236.76 28.283 0.072747
236.579 28.3832 0.0710189 0.324905 236.76 28.283 0.072747
236.679 28.2828 0.0736339 0.0974885 236.76 28.283 0.072747
236.791 28.35 0.074339 0.0183707 236.76 28.283 0.072747
236.839 28.4214 0.0644683 0.0226845 236.76 28.283 0.072747
236.53 28.3341 0.0758419 0.0513893 236.76 28.283 0.072747
236.579 28.3832 0.0710189 0.324905 236.76 28.283 0.072747
236.971 28.3908 0.0657846 0.00187103 236.76 28.283 0.072747
236.785 28.3877 0.0695438 0.132262 236.76 28.283 0.072747
236.785 28.3877 0.0695438 0.132262 236.76 28.283 0.072747
236.617 28.5602 0.0700717 0.089317 236.76 28.283 0.072747
236.579 28.3832 0.0710189 0.324905 236.76 28.283 0.072747
236.579 28.3832 0.0710189 0.324905 236.76 28.283 0.072747
236.579 28.3832 0.0710189 0.324905 236.76 28.283 0.072747
236.839 28.4214 0.0644683 0.0226845 236.76 28.283 0.072747
236.53 28.3341 0.0758419 0.0513893 236.76 28.283 0.072747
236.579 28.3832 0.0710189 0.324905 236.76 28.283 0.072747
236.791 28.35 0.074339 0.0183707 236.76 28.283 0.072747
236.53 28.3341 0.0758419 0.0513893 236.76 28.283 0.072747
236.518 28.2736 0.0671137 0.0300172 236.76 28.283 0.072747
236.518 28.2736 0.0671137 0.0300172 236.76 28.283 0.072747
236.617 28.5602 0.0700717 0.089317 236.76 28.283 0.072747
236.518 28.2736 0.0671137 0.0300172 236.76 28.283 0.072747
236.617 28.5602 0.0700717 0.089317 236.76 28.283 0.072747
236.579 28.3832 0.0710189 0.324905 236.76 28.283 0.072747
236.531 28.6188 0.0686398 0.015967 236.76 28.283 0.072747
236.53 28.3341 0.0758419 0.0513893 236.76 28.283 0.072747
236.579 28.3832 0.0710189 0.324905 236.76 28.283 0.072747
236.679 28.2828 0.0736339 0.0974885 236.76 28.283 0.072747
236.785 28.3877 0.0695438 0.132262 236.76 28.283 0.072747
236.785 28.3877 0.0695438 0.132262 236.76 28.283 0.072747
236.689 28.3119 0.0644086 0.0304211 236.76 28.283 0.072747
236.617 28.5602 0.0700717 0.089317 236.76 28.283 0.072747
236.515 28.4271 0.0731344 0.125239 236.76 28.283 0.072747
236.579 28.3832 0.0710189 0.324905 236.76 28.283 0.072747
236.801 28.4639 0.0632108 0.017317 236.76 28.283 0.072747
236.791 28.35 0.074339 0.0183707 236.76 28.283 0.072747
236.515 28.4271 0.0731344 0.125239 236.76 28.283 0.072747
236.807 28.3146 0.0725664 0.0325004 236.76 28.283 0.072747
236.515 28.4271 0.0731344 0.125239 236.76 28.283 0.072747
236.579 28.3832 0.0710189 0.324905 236.76 28.283 0.072747
236.785 28.3877 0.0695438 0.132262 236.76 28.283 0.072747
236.617 28.5602 0.0700717 0.089317 236.76 28.283 0.072747
236.579 28.3832 0.0710189 0.324905 236.76 28.283 0.072747
236.606 28.1707 0.070117 0.0329603 236.76 28.283 0.072747
236.568 28.4028 0.0756236 0.056527 236.76 28.283 0.072747
236.515 28.4271 0.0731344 0.125239 236.76 28.283 0.072747
236.579 28.3832 0.0710189 0.324905 236.76 28.283 0.072747
236.579 28.3832 0.0710189 0.324905 236.76 28.283 0.072747
236.579 28.3832 0.0710189 0.324905 236.76 28.283 0.072747
236.791 28.35 0.074339 0.0183707 236.76 28.283 0.072747
236.518 28.2736 0.0671137 0.0300172 236.76 28.283 0.072747
236.579 28.3832 0.0710189 0.324905 236.76 28.283 0.072747
236.807 28.3146 0.0725664 0.0325004 236.76 28.283 0.072747
236.579 28.3832 0.0710189 0.324905 236.76 28.283 0.072747
236.679 28.2828 0.0736339 0.0974885 236.76 28.283 0.072747
236.785 28.3877 0.0695438 0.132262 236.76 28.283 0.072747
236.579 28.3832 0.0710189 0.324905 236.76 28.283 0.072747
236.801 28.4639 0.0632108 0.017317 236.76 28.283 0.072747
236.617 28.5602 0.0700717 0.089317 236.76 28.283 0.072747
236.492 28.3798 0.0657029 0.0206096 236.76 28.283 0.072747
236.642 28.1733 0.065774 0.00557035 236.76 28.283 0.072747
236.667 28.1553 0.0765169 0.00402841 236.76 28.283 0.072747
236.579 28.3832 0.0710189 0.324905 236.76 28.283 0.072747
236.579 28.3832 0.0710189 0.324905 236.76 28.283 0.072747
236.617 28.5602 0.0700717 0.089317 236.76 28.283 0.072747
236.606 28.1707 0.070117 0.0329603 236.76 28.283 0.072747
236.515 28.4271 0.0731344 0.125239 236.76 28.283 0.072747
236.679 28.2828 0.0736339 0.0974885 236.76 28.283 0.072747
236.791 28.35 0.074339 0.0183707 236.76 28.283 0.072747
236.785 28.3877 0.0695438 0.132262 236.76 28.283 0.072747
236.617 28.5602 0.0700717 0.089317 236.76 28.283 0.072747
236.579 28.3832 0.0710189 0.324905 236.76 28.283 0.072747
236.518 28.2736 0.0671137 0.0300172 236.76 28.283 0.072747
236.579 28.3832 0.0710189 0.324905 236.76 28.283 0.072747
236.679 28.2828 0.0736339 0.0974885 236.76 28.283 0.072747
236.785 28.3877 0.0695438 0.132262 236.76 28.283 0.072747
236.492 28.3798 0.0657029 0.0206096 236.76 28.283 0.072747
236.53 28.3341 0.0758419 0.0513893 236.76 28.283 0.072747
236.579 28.3832 0.0710189 0.324905 236.76 28.283 0.072747
236.531 28.6188 0.0686398 0.015967 236.76 28.283 0.072747
236.679 28.2828 0.0736339 0.0974885 236.76 28.283 0.072747
236.579 28.3832 0.0710189 0.324905 236.76 28.283 0.072747
236.579 28.3832 0.0710189 0.324905 236.76 28.283 0.072747
236.689 28.3119 0.0644086 0.0304211 236.76 28.283 0.072747
236.679 28.2828 0.0736339 0.0974885 236.76 28.283 0.072747
236.53 28.3341 0.0758419 0.0513893 236.76 28.283 0.072747
236.971 28.3908 0.0657846 0.00187103 236.76 28.283 0.072747
236.515 28.4271 0.0731344 0.125239 236.76 28.283 0.072747
236.515 28.4271 0.0731344 0.125239 236.76 28.283 0.072747
236.579 28.3832 0.0710189 0.324905 236.76 28.283 0.072747
236.579 28.3832 0.0710189 0.324905 236.76 28.283 0.072747
236.785 28.3877 0.0695438 0.132262 236.76 28.283 0.072747
236.679 28.2828 0.0736339 0.0974885 236.76 28.283 0.072747
236.617 28.5602 0.0700717 0.089317 236.76 28.283 0.072747
236.785 28.3877 0.0695438 0.132262 236.76 28.283 0.072747
236.518 28.2736 0.0671137 0.0300172 236.76 28.283 0.072747
236.515 28.4271 0.0731344 0.125239 236.76 28.283 0.072747
236.785 28.3877 0.0695438 0.132262 236.76 28.283 0.072747
236.785 28.3877 0.0695438 0.132262 236.76 28.283 0.072747
236.807 28.3146 0.0725664 0.0325004 236.76 28.283 0.072747
236.617 28.5602 0.0700717 0.089317 236.76 28.283 0.072747
236.579 28.3832 0.0710189 0.324905 236.76 28.283 0.072747
236.807 28.3146 0.0725664 0.0325004 236.76 28.283 0.072747
236.785 28.3877 0.0695438 0.132262 236.76 28.283 0.072747
236.515 28.4271 0.0731344 0.125239 236.76 28.283 0.072747
236.568 28.4028 0.0756236 0.056527 236.76 28.283 0.072747
236.579 28.3832 0.0710189 0.324905 236.76 28.283 0.072747
236.568 28.4028 0.0756236 0.056527 236.76 28.283 0.072747
236.689 28.3119 0.0644086 0.0304211 236.76 28.283 0.072747
236.679 28.2828 0.0736339 0.0974885 236.76 28.283 0.072747
236.606 28.1707 0.070117 0.0329603 236.76 28.283 0.072747
236.579 28.3832 0.0710189 0.324905 236.76 28.283 0.072747
236.579 28.3832 0.0710189 0.324905 236.76 28.283 0.072747
236.679 28.2828 0.0736339 0.0974885 236.76 28.283 0.072747
236.785 28.3877 0.0695438 0.132262 236.76 28.283 0.072747
236.579 28.3832 0.0710189 0.324905 236.76 28.283 0.072747
236.689 28.3119 0.0644086 0.0304211 236.76 28.283 0.072747
236.579 28.3832 0.0710189 0.324905 236.76 28.283 0.072747
236.679 28.2828 0.0736339 0.0974885 236.76 28.283 0.072747
236.53 28.3341 0.0758419 0.0513893 236.76 28.283 0.072747
236.518 28.2736 0.0671137 0.0300172 236.76 28.283 0.072747
236.579 28.3832 0.0710189 0.324905 236.76 28.283 0.072747
236.617 28.5602 0.0700717 0.089317 236.76 28.283 0.072747
236.791 28.35 0.074339 0.0183707 236.76 28.283 0.072747
236.579 28.3832 0.0710189 0.324905 236.76 28.283 0.072747
236.492 28.3798 0.0657029 0.0206096 236.76 28.283 0.072747
236.617 28.5602 0.0700717 0.089317 236.76 28.283 0.072747
236.579 28.3832 0.0710189 0.324905 236.76 28.283 0.072747
236.689 28.3119 0.0644086 0.0304211 236.76 28.283 0.072747
236.492 28.3798 0.0657029 0.0206096 236.76 28.283 0.072747
236.606 28.1707 0.070117 0.0329603 236.76 28.283 0.072747
236.579 28.3832 0.0710189 0.324905 236.76 28.283 0.072747
236.617 28.5602 0.0700717 0.089317 236.76 28.283 0.072747
236.785 28.3877 0.0695438 0.132262 236.76 28.283 0.072747
236.785 28.3877 0.0695438 0.132262 236.76 28.283 0.072747
236.606 28.1707 0.070117 0.0329603 236.76 28.283 0.072747
236.579 28.3832 0.0710189 0.324905 236.76 28.283 0.072747
236.515 28.4271 0.0731344 0.125239 236.76 28.283 0.072747
236.617 28.5602 0.0700717 0.089317 236.76 28.283 0.072747
236.579 28.3832 0.0710189 0.324905 236.76 28.283 0.072747
236.679 28.2828 0.0736339 0.0974885 236.76 28.283 0.072747
236.606 28.1707 0.070117 0.0329603 236.76 28.283 0.072747
236.579 28.3832 0.0710189 0.324905 236.76 28.283 0.072747
236.606 28.1707 0.070117 0.0329603 236.76 28.283 0.072747
236.53 28.3341 0.0758419 0.0513893 236.76 28.283 0.072747
236.579 28.3832 0.0710189 0.324905 236.76 28.283 0.072747
236.568 28.4028 0.0756236 0.056527 236.76 28.283 0.072747
236.579 28.3832 0.0710189 0.324905 236.76 28.283 0.072747
236.53 28.3341 0.0758419 0.0513893 236.76 28.283 0.072747
236.807 28.3146 0.0725664 0.0325004 236.76 28.283 0.072747
236.606 28.1707 0.070117 0.0329603 236.76 28.283 0.072747
236.791 28.35 0.074339 0.0183707 236.76 28.283 0.072747
236.579 28.3832 0.0710189 0.324905 236.76 28.283 0.072747
236.579 28.3832 0.0710189 0.324905 236.76 28.283 0.072747
236.579 28.3832 0.0710189 0.324905 236.76 28.283 0.072747
236.531 28.6188 0.0686398 0.015967 236.76 28.283 0.072747
236.568 28.4028 0.0756236 0.056527 236.76 28.283 0.072747
236.617 28.5602 0.0700717 0.089317 236.76 28.283 0.072747
236.785 28.3877 0.0695438 0.132262 236.76 28.283 0.072747
236.579 28.3832 0.0710189 0.324905 236.76 28.283 0.072747
236.579 28.3832 0.0710189 0.324905 236.76 28.283 0.072747
236.579 28.3832 0.0710189 0.324905 236.76 28.283 0.072747
236.785 28.3877 0.0695438 0.132262 236.76 28.283 0.072747
236.791 28.35 0.074339 0.0183707 236.76 28.283 0.072747
236.617 28.5602 0.0700717 0.089317 236.76 28.283 0.072747
236.579 28.3832 0.0710189 0.324905 236.76 28.283 0.072747
236.53 28.3341 0.0758419 0.0513893 236.76 28.283 0.072747
236.492 28.3798 0.0657029 0.0206096 236.76 28.283 0.072747
236.785 28.3877 0.0695438 0.132262 236.76 28.283 0.072747
236.579 28.3832 0.0710189 0.324905 236.76 28.283 0.072747
236.579 28.3832 0.0710189 0.324905 236.76 28.283 0.072747
236.579 28.3832 0.0710189 0.324905 236.76 28.283 0.072747
236.515 28.4271 0.0731344 0.125239 236.76 28.283 0.072747
236.785 28.3877 0.0695438 0.132262 236.76 28.283 0.072747
236.53 28.3341 0.0758419 0.0513893 236.76 28.283 0.072747
236.839 28.4214 0.0644683 0.0226845 236.76 28.283 0.072747
236.785 28.3877 0.0695438 0.132262 236.76 28.283 0.072747
236.579 28.3832 0.0710189 0.324905 236.76 28.283 0.072747
236.496 28.2791 0.0777198 0.0100931 236.76 28.283 0.072747
236.731 28.3173 0.0593952 0.000194525 236.76 28.283 0.072747
236.679 28.2828 0.0736339 0.0974885 236.76 28.283 0.072747
236.785 28.3877 0.0695438 0.132262 236.76 28.283 0.072747
236.579 28.3832 0.0710189 0.324905 236.76 28.283 0.072747
236.785 28.3877 0.0695438 0.132262 236.76 28.283 0.072747
236.807 28.3146 0.0725664 0.0325004 236.76 28.283 0.072747
236.785 28.3877 0.0695438 0.132262 236.76 28.283 0.072747
236.679 28.2828 0.0736339 0.0974885 236.76 28.283 0.072747
236.679 28.2828 0.0736339 0.0974885 236.76 28.283 0.072747
