-36.824 -73.5668 2.0066 0.0280115 -36.585 -73.539 2.0093
-36.3662 -73.7609 2.01307 1.21622 -36.585 -73.539 2.0093
-36.4935 -73.6294 2.0082 0.531891 -36.585 -73.539 2.0093
-36.3662 -73.7609 2.01307 1.21622 -36.585 -73.539 2.0093
-36.2234 -73.6404 2.01883 0.330351 -36.585 -73.539 2.0093
-36.3556 -73.8831 2.01376 0.946782 -36.585 -73.539 2.0093
-36.4273 -73.8056 2.00745 0.355858 -36.585 -73.539 2.0093
-36.5216 -73.7989 2.01244 1.10591 -36.585 -73.539 2.0093
-36.655 -73.9685 2.00952 0.105374 -36.585 -73.539 2.0093
-36.4979 -73.6692 2.00811 0.578405 -36.585 -73.539 2.0093
-36.6167 -73.5046 2.01795 0.0556053 -36.585 -73.539 2.0093
-36.4935 -73.6294 2.0082 0.531891 -36.585 -73.539 2.0093
-36.1969 -73.8464 2.01474 0.427369 -36.585 -73.539 2.0093
-36.5434 -73.5105 2.0025 0.0570959 -36.585 -73.539 2.0093
-36.4358 -73.6799 2.02177 0.354377 -36.585 -73.539 2.0093
-36.626 -73.4536 2.00788 0.0920661 -36.585 -73.539 2.0093
-36.6951 -74.0803 2.01324 0.0359246 -36.585 -73.539 2.0093
-36.4144 -73.7914 2.00495 0.131531 -36.585 -73.539 2.0093
-36.4935 -73.6294 2.0082 0.531891 -36.585 -73.539 2.0093
-36.6039 -73.788 2.01455 0.759839 -36.585 -73.539 2.0093
-36.3455 -73.9116 2.01268 0.63095 -36.585 -73.539 2.0093
-36.5428 -73.5768 2.01388 0.488447 -36.585 -73.539 2.0093
-36.4728 -73.7847 2.00987 0.821565 -36.585 -73.539 2.0093
-36.7107 -73.7472 2.02497 0.00883231 -36.585 -73.539 2.0093
-36.4728 -73.7847 2.00987 0.821565 -36.585 -73.539 2.0093
-36.5415 -73.7749 2.02049 0.491532 -36.585 -73.539 2.0093
-36.4728 -73.7847 2.00987 0.821565 -36.585 -73.539 2.0093
-36.3644 -74.0832 2.0131 0.123317 -36.585 -73.539 2.0093
-36.3452 -73.6373 2.01291 0.785023 -36.585 -73.539 2.0093
-36.5242 -73.6598 2.00929 0.691261 -36.585 -73.539 2.0093
-36.5415 -73.7749 2.02049 0.491532 -36.585 -73.539 2.0093
-36.6039 -73.788 2.01455 0.759839 -36.585 -73.539 2.0093
-36.9577 -73.889 2.01088 0.00273957 -36.585 -73.539 2.0093
-36.3556 -73.8831 2.01376 0.946782 -36.585 -73.539 2.0093
-36.3455 -73.9116 2.01268 0.63095 -36.585 -73.539 2.0093
-36.4979 -73.6692 2.00811 0.578405 -36.585 -73.539 2.0093
-36.4273 -73.8056 2.00745 0.355858 -36.585 -73.539 2.0093
-36.5542 -73.7016 2.00338 0.117206 -36.585 -73.539 2.0093
-36.5415 -73.7749 2.02049 0.491532 -36.585 -73.539 2.0093
-36.6973 -73.8549 2.01979 0.119724 -36.585 -73.539 2.0093
-36.5428 -73.5768 2.01388 0.488447 -36.585 -73.539 2.0093
-36.626 -73.4536 2.00788 0.0920661 -36.585 -73.539 2.0093
-36.3556 -73.8831 2.01376 0.946782 -36.585 -73.539 2.0093
-36.4532 -73.847 2.0083 0.402443 -36.585 -73.539 2.0093
-36.5275 -73.536 2.01613 0.256851 -36.585 -73.539 2.0093
-36.3455 -73.9116 2.01268 0.63095 -36.585 -73.539 2.0093
-36.3556 -73.8831 2.01376 0.946782 -36.585 -73.539 2.0093
-36.4532 -73.847 2.0083 0.402443 -36.585 -73.539 2.0093
-36.5428 -73.5768 2.01388 0.488447 -36.585 -73.539 2.0093
-36.4472 -73.9051 2.01222 0.758013 -36.585 -73.539 2.0093
-36.3662 -73.7609 2.01307 1.21622 -36.585 -73.539 2.0093
-36.6558 -73.8396 2.00134 0.0151212 -36.585 -73.539 2.0093
-36.4532 -73.847 2.0083 0.402443 -36.585 -73.539 2.0093
-36.5415 -73.7749 2.02049 0.491532 -36.585 -73.539 2.0093
-36.5216 -73.7989 2.01244 1.10591 -36.585 -73.539 2.0093
-36.3405 -73.7581 2.0044 0.0738229 -36.585 -73.539 2.0093
-36.5216 -73.7989 2.01244 1.10591 -36.585 -73.539 2.0093
-36.6039 -73.788 2.01455 0.759839 -36.585 -73.539 2.0093
-36.6072 -73.4995 2.01642 0.088182 -36.585 -73.539 2.0093
-36.5275 -73.536 2.01613 0.256851 -36.585 -73.539 2.0093
-36.5242 -73.6598 2.00929 0.691261 -36.585 -73.539 2.0093
-36.4273 -73.8056 2.00745 0.355858 -36.585 -73.539 2.0093
-36.7317 -73.4093 2.00641 0.0206945 -36.585 -73.539 2.0093
-36.1947 -73.774 2.01198 0.279218 -36.585 -73.539 2.0093
-36.5428 -73.5768 2.01388 0.488447 -36.585 -73.539 2.0093
-36.5288 -73.9164 2.02653 0.0746527 -36.585 -73.539 2.0093
-36.6908 -73.8444 2.01884 0.166987 -36.585 -73.539 2.0093
-36.1987 -73.9916 2.00564 0.00383037 -36.585 -73.539 2.0093
-36.4979 -73.6692 2.00811 0.578405 -36.585 -73.539 2.0093
-36.6013 -74.119 2.02496 0.0218721 -36.585 -73.539 2.0093
-36.6112 -74.0635 2.00142 0.000783623 -36.585 -73.539 2.0093
-36.3452 -73.6373 2.01291 0.785023 -36.585 -73.539 2.0093
-36.5746 -74.1269 2.01599 0.0743046 -36.585 -73.539 2.0093
-36.5242 -73.6598 2.00929 0.691261 -36.585 -73.539 2.0093
-36.3434 -73.547 2.02165 0.0985466 -36.585 -73.539 2.0093
-36.5428 -73.5768 2.01388 0.488447 -36.585 -73.539 2.0093
-36.5428 -73.5768 2.01388 0.488447 -36.585 -73.539 2.0093
-36.3662 -73.7609 2.01307 1.21622 -36.585 -73.539 2.0093
-36.5428 -73.5768 2.01388 0.488447 -36.585 -73.539 2.0093
-36.7075 -73.7982 2.00498 0.0726854 -36.585 -73.539 2.0093
-36.3662 -73.7609 2.01307 1.21622 -36.585 -73.539 2.0093
-36.5242 -73.6598 2.00929 0.691261 -36.585 -73.539 2.0093
-36.5275 -73.536 2.01613 0.256851 -36.585 -73.539 2.0093
-36.5216 -73.7989 2.01244 1.10591 -36.585 -73.539 2.0093
-36.5721 -73.4347 2.00705 0.0875806 -36.585 -73.539 2.0093
-36.3452 -73.6373 2.01291 0.785023 -36.585 -73.539 2.0093
-36.5216 -73.7989 2.01244 1.10591 -36.585 -73.539 2.0093
-36.3556 -73.8831 2.01376 0.946782 -36.585 -73.539 2.0093
-36.5242 -73.6598 2.00929 0.691261 -36.585 -73.539 2.0093
-36.6697 -73.7208 2.00662 0.207706 -36.585 -73.539 2.0093
-36.3455 -73.9116 2.01268 0.63095 -36.585 -73.539 2.0093
-36.4144 -73.7914 2.00495 0.131531 -36.585 -73.539 2.0093
-36.3662 -73.7609 2.01307 1.21622 -36.585 -73.539 2.0093
-36.3662 -73.7609 2.01307 1.21622 -36.585 -73.539 2.0093
-36.6039 -73.788 2.01455 0.759839 -36.585 -73.539 2.0093
-36.5242 -73.6598 2.00929 0.691261 -36.585 -73.539 2.0093
-36.3644 -74.0832 2.0131 0.123317 -36.585 -73.539 2.0093
-36.4358 -73.6799 2.02177 0.354377 -36.585 -73.539 2.0093
-36.4916 -73.7144 2.00246 0.0716001 -36.585 -73.539 2.0093
-36.6955 -73.8984 2.00308 0.0159863 -36.585 -73.539 2.0093
-36.3434 -73.547 2.02165 0.0985466 -36.585 -73.539 2.0093
-36.3662 -73.7609 2.01307 1.21622 -36.585 -73.539 2.0093
-36.4979 -73.6692 2.00811 0.578405 -36.585 -73.539 2.0093
-36.3434 -73.547 2.02165 0.0985466 -36.585 -73.539 2.0093
-36.4728 -73.7847 2.00987 0.821565 -36.585 -73.539 2.0093
-36.6125 -73.6016 2.00444 0.143206 -36.585 -73.539 2.0093
-36.1969 -73.8464 2.01474 0.427369 -36.585 -73.539 2.0093
-36.2234 -73.6404 2.01883 0.330351 -36.585 -73.539 2.0093
-36.3556 -73.8831 2.01376 0.946782 -36.585 -73.539 2.0093
-36.6958 -73.826 2.01631 0.250067 -36.585 -73.539 2.0093
-36.3452 -73.6373 2.01291 0.785023 -36.585 -73.539 2.0093
-36.3662 -73.7609 2.01307 1.21622 -36.585 -73.539 2.0093
-36.4358 -73.6799 2.02177 0.354377 -36.585 -73.539 2.0093
-36.3452 -73.6373 2.01291 0.785023 -36.585 -73.539 2.0093
-36.2234 -73.6404 2.01883 0.330351 -36.585 -73.539 2.0093
-36.5542 -73.7016 2.00338 0.117206 -36.585 -73.539 2.0093
-36.5216 -73.7989 2.01244 1.10591 -36.585 -73.539 2.0093
-36.6958 -73.826 2.01631 0.250067 -36.585 -73.539 2.0093
-36.5242 -73.6598 2.00929 0.691261 -36.585 -73.539 2.0093
-36.4916 -73.7144 2.00246 0.0716001 -36.585 -73.539 2.0093
-36.4935 -73.6294 2.0082 0.531891 -36.585 -73.539 2.0093
-36.4532 -73.847 2.0083 0.402443 -36.585 -73.539 2.0093
-36.4979 -73.6692 2.00811 0.578405 -36.585 -73.539 2.0093
-36.3781 -73.4704 2.02646 0.00272943 -36.585 -73.539 2.0093
-36.6072 -73.4995 2.01642 0.088182 -36.585 -73.539 2.0093
-36.4532 -73.847 2.0083 0.402443 -36.585 -73.539 2.0093
-36.626 -73.4536 2.00788 0.0920661 -36.585 -73.539 2.0093
-36.1694 -73.5476 2.01308 0.0954397 -36.585 -73.539 2.0093
-36.5216 -73.7989 2.01244 1.10591 -36.585 -73.539 2.0093
-36.3662 -73.7609 2.01307 1.21622 -36.585 -73.539 2.0093
-36.5242 -73.6598 2.00929 0.691261 -36.585 -73.539 2.0093
-36.3434 -73.547 2.02165 0.0985466 -36.585 -73.539 2.0093
-36.5242 -73.6598 2.00929 0.691261 -36.585 -73.539 2.0093
-36.4935 -73.6294 2.0082 0.531891 -36.585 -73.539 2.0093
-36.3556 -73.8831 2.01376 0.946782 -36.585 -73.539 2.0093
-36.3452 -73.6373 2.01291 0.785023 -36.585 -73.539 2.0093
-36.3556 -73.8831 2.01376 0.946782 -36.585 -73.539 2.0093
-36.5216 -73.7989 2.01244 1.10591 -36.585 -73.539 2.0093
-36.3455 -73.9116 2.01268 0.63095 -36.585 -73.539 2.0093
-36.5415 -73.7749 2.02049 0.491532 -36.585 -73.539 2.0093
-36.6039 -73.788 2.01455 0.759839 -36.585 -73.539 2.0093
-36.1694 -73.5476 2.01308 0.0954397 -36.585 -73.539 2.0093
-36.4358 -73.6799 2.02177 0.354377 -36.585 -73.539 2.0093
-36.3662 -73.7609 2.01307 1.21622 -36.585 -73.539 2.0093
-36.5288 -73.9164 2.02653 0.0746527 -36.585 -73.539 2.0093
-36.3452 -73.6373 2.01291 0.785023 -36.585 -73.539 2.0093
-36.6958 -73.826 2.01631 0.250067 -36.585 -73.539 2.0093
-36.4685 -74.0075 2.01294 0.347832 -36.585 -73.539 2.0093
-36.7317 -73.4093 2.00641 0.0206945 -36.585 -73.539 2.0093
-36.3556 -73.8831 2.01376 0.946782 -36.585 -73.539 2.0093
-36.2885 -73.5942 2.0227 0.114438 -36.585 -73.539 2.0093
-36.7404 -73.7947 2.00542 0.0628694 -36.585 -73.539 2.0093
-36.3258 -73.9926 2.02399 0.355379 -36.585 -73.539 2.0093
-36.6167 -73.5046 2.01795 0.0556053 -36.585 -73.539 2.0093
-36.5216 -73.7989 2.01244 1.10591 -36.585 -73.539 2.0093
-36.3452 -73.6373 2.01291 0.785023 -36.585 -73.539 2.0093
-36.2234 -73.6404 2.01883 0.330351 -36.585 -73.539 2.0093
-36.5216 -73.7989 2.01244 1.10591 -36.585 -73.539 2.0093
-36.4472 -73.9051 2.01222 0.758013 -36.585 -73.539 2.0093
-36.4935 -73.6294 2.0082 0.531891 -36.585 -73.539 2.0093
-36.3556 -73.8831 2.01376 0.946782 -36.585 -73.539 2.0093
-36.3258 -73.9926 2.02399 0.355379 -36.585 -73.539 2.0093
-36.5919 -73.3317 2.00505 0.0154971 -36.585 -73.539 2.0093
-36.5275 -73.536 2.01613 0.256851 -36.585 -73.539 2.0093
-36.4532 -73.847 2.0083 0.402443 -36.585 -73.539 2.0093
-36.1969 -73.8464 2.01474 0.427369 -36.585 -73.539 2.0093
-36.3452 -73.6373 2.01291 0.785023 -36.585 -73.539 2.0093
-36.4979 -73.6692 2.00811 0.578405 -36.585 -73.539 2.0093
-36.4472 -73.9051 2.01222 0.758013 -36.585 -73.539 2.0093
-36.3527 -74.1144 2.01532 0.127566 -36.585 -73.539 2.0093
-36.3455 -73.9116 2.01268 0.63095 -36.585 -73.539 2.0093
-36.3455 -73.9116 2.01268 0.63095 -36.585 -73.539 2.0093
-36.3662 -73.7609 2.01307 1.21622 -36.585 -73.539 2.0093
-36.6201 -73.5501 2.01532 0.183606 -36.585 -73.539 2.0093
-36.6958 -73.826 2.01631 0.250067 -36.585 -73.539 2.0093
-36.3662 -73.7609 2.01307 1.21622 -36.585 -73.539 2.0093
-36.4979 -73.6692 2.00811 0.578405 -36.585 -73.539 2.0093
-36.3662 -73.7609 2.01307 1.21622 -36.585 -73.539 2.0093
-36.4979 -73.6692 2.00811 0.578405 -36.585 -73.539 2.0093
-36.4472 -73.9051 2.01222 0.758013 -36.585 -73.539 2.0093
-36.3527 -74.1144 2.01532 0.127566 -36.585 -73.539 2.0093
-36.4685 -74.0075 2.01294 0.347832 -36.585 -73.539 2.0093
-36.4728 -73.7847 2.00987 0.821565 -36.585 -73.539 2.0093
-36.4728 -73.7847 2.00987 0.821565 -36.585 -73.539 2.0093
-36.7075 -73.7982 2.00498 0.0726854 -36.585 -73.539 2.0093
-36.6958 -73.826 2.01631 0.250067 -36.585 -73.539 2.0093
-36.4472 -73.9051 2.01222 0.758013 -36.585 -73.539 2.0093
-36.3662 -73.7609 2.01307 1.21622 -36.585 -73.539 2.0093
-36.4728 -73.7847 2.00987 0.821565 -36.585 -73.539 2.0093
-36.3556 -73.8831 2.01376 0.946782 -36.585 -73.539 2.0093
-36.4935 -73.6294 2.0082 0.531891 -36.585 -73.539 2.0093
-36.3556 -73.8831 2.01376 0.946782 -36.585 -73.539 2.0093
-36.3434 -73.547 2.02165 0.0985466 -36.585 -73.539 2.0093
-36.5216 -73.7989 2.01244 1.10591 -36.585 -73.539 2.0093
-36.4728 -73.7847 2.00987 0.821565 -36.585 -73.539 2.0093
-36.3662 -73.7609 2.01307 1.21622 -36.585 -73.539 2.0093
-36.4685 -74.0075 2.01294 0.347832 -36.585 -73.539 2.0093
-36.3556 -73.8831 2.01376 0.946782 -36.585 -73.539 2.0093
-36.3452 -73.6373 2.01291 0.785023 -36.585 -73.539 2.0093
-36.4935 -73.6294 2.0082 0.531891 -36.585 -73.539 2.0093
