265.532 -15.1824 3.72942 0.0724073 265.43 -15.109 3.7247
265.109 -15.2781 3.71736 0.0405591 265.43 -15.109 3.7247
265.473 -15.3042 3.72218 0.620349 265.43 -15.109 3.7247
265.473 -15.3042 3.72218 0.620349 265.43 -15.109 3.7247
265.588 -15.097 3.72648 0.166935 265.43 -15.109 3.7247
265.196 -15.2983 3.715 0.179054 265.43 -15.109 3.7247
265.568 -15.3737 3.72492 0.450282 265.43 -15.109 3.7247
266.147 -15.4355 3.73983 0.0176183 265.43 -15.109 3.7247
265.89 -15.3919 3.73308 0.177988 265.43 -15.109 3.7247
265.495 -15.4118 3.72201 0.253914 265.43 -15.109 3.7247
265.143 -15.1591 3.71377 0.174062 265.43 -15.109 3.7247
265.196 -15.2983 3.715 0.179054 265.43 -15.109 3.7247
265.495 -15.4118 3.72201 0.253914 265.43 -15.109 3.7247
265.532 -15.1824 3.72942 0.0724073 265.43 -15.109 3.7247
265.109 -15.2781 3.71736 0.0405591 265.43 -15.109 3.7247
265.63 -15.2337 3.72297 0.464469 265.43 -15.109 3.7247
265.568 -15.3737 3.72492 0.450282 265.43 -15.109 3.7247
265.63 -15.2337 3.72297 0.464469 265.43 -15.109 3.7247
265.473 -15.3042 3.72218 0.620349 265.43 -15.109 3.7247
265.373 -15.4177 3.71708 0.0956315 265.43 -15.109 3.7247
265.495 -15.4118 3.72201 0.253914 265.43 -15.109 3.7247
265.568 -15.3737 3.72492 0.450282 265.43 -15.109 3.7247
265.196 -15.2983 3.715 0.179054 265.43 -15.109 3.7247
265.473 -15.3042 3.72218 0.620349 265.43 -15.109 3.7247
265.63 -15.2337 3.72297 0.464469 265.43 -15.109 3.7247
265.473 -15.3042 3.72218 0.620349 265.43 -15.109 3.7247
265.792 -15.4058 3.73365 0.150442 265.43 -15.109 3.7247
265.473 -15.3042 3.72218 0.620349 265.43 -15.109 3.7247
265.792 -15.4058 3.73365 0.150442 265.43 -15.109 3.7247
265.588 -15.097 3.72648 0.166935 265.43 -15.109 3.7247
265.89 -15.3919 3.73308 0.177988 265.43 -15.109 3.7247
265.473 -15.3042 3.72218 0.620349 265.43 -15.109 3.7247
265.568 -15.3737 3.72492 0.450282 265.43 -15.109 3.7247
265.373 -15.4177 3.71708 0.0956315 265.43 -15.109 3.7247
265.473 -15.3042 3.72218 0.620349 265.43 -15.109 3.7247
265.63 -15.2337 3.72297 0.464469 265.43 -15.109 3.7247
265.473 -15.3042 3.72218 0.620349 265.43 -15.109 3.7247
265.373 -15.4177 3.71708 0.0956315 265.43 -15.109 3.7247
265.473 -15.3042 3.72218 0.620349 265.43 -15.109 3.7247
265.815 -15.2508 3.73421 0.137795 265.43 -15.109 3.7247
265.63 -15.2337 3.72297 0.464469 265.43 -15.109 3.7247
265.143 -15.1591 3.71377 0.174062 265.43 -15.109 3.7247
265.78 -15.3498 3.72707 0.263175 265.43 -15.109 3.7247
265.196 -15.2983 3.715 0.179054 265.43 -15.109 3.7247
265.568 -15.3737 3.72492 0.450282 265.43 -15.109 3.7247
265.781 -15.5211 3.7318 0.0596616 265.43 -15.109 3.7247
265.143 -15.1591 3.71377 0.174062 265.43 -15.109 3.7247
265.289 -14.9889 3.71852 0.0440042 265.43 -15.109 3.7247
265.568 -15.3737 3.72492 0.450282 265.43 -15.109 3.7247
265.792 -15.4058 3.73365 0.150442 265.43 -15.109 3.7247
265.473 -15.3042 3.72218 0.620349 265.43 -15.109 3.7247
265.568 -15.3737 3.72492 0.450282 265.43 -15.109 3.7247
265.588 -15.097 3.72648 0.166935 265.43 -15.109 3.7247
265.815 -15.2508 3.73421 0.137795 265.43 -15.109 3.7247
265.473 -15.3042 3.72218 0.620349 265.43 -15.109 3.7247
265.354 -15.1248 3.72437 0.0575776 265.43 -15.109 3.7247
265.289 -14.9889 3.71852 0.0440042 265.43 -15.109 3.7247
265.588 -15.097 3.72648 0.166935 265.43 -15.109 3.7247
265.473 -15.3042 3.72218 0.620349 265.43 -15.109 3.7247
265.782 -15.2998 3.7322 0.289026 265.43 -15.109 3.7247
265.676 -15.2743 3.72115 0.128046 265.43 -15.109 3.7247
265.611 -14.8596 3.72004 0.000828996 265.43 -15.109 3.7247
265.676 -15.2743 3.72115 0.128046 265.43 -15.109 3.7247
265.597 -15.309 3.71751 0.0415656 265.43 -15.109 3.7247
265.815 -15.2508 3.73421 0.137795 265.43 -15.109 3.7247
265.78 -15.3498 3.72707 0.263175 265.43 -15.109 3.7247
265.588 -15.097 3.72648 0.166935 265.43 -15.109 3.7247
265.473 -15.3042 3.72218 0.620349 265.43 -15.109 3.7247
265.782 -15.2998 3.7322 0.289026 265.43 -15.109 3.7247
265.373 -15.4177 3.71708 0.0956315 265.43 -15.109 3.7247
265.782 -15.2998 3.7322 0.289026 265.43 -15.109 3.7247
265.495 -15.4118 3.72201 0.253914 265.43 -15.109 3.7247
265.373 -15.4177 3.71708 0.0956315 265.43 -15.109 3.7247
265.78 -15.3498 3.72707 0.263175 265.43 -15.109 3.7247
265.7 -15.3499 3.73637 0.0139052 265.43 -15.109 3.7247
265.473 -15.3042 3.72218 0.620349 265.43 -15.109 3.7247
265.597 -15.309 3.71751 0.0415656 265.43 -15.109 3.7247
265.782 -15.2998 3.7322 0.289026 265.43 -15.109 3.7247
265.532 -15.1824 3.72942 0.0724073 265.43 -15.109 3.7247
265.143 -15.1591 3.71377 0.174062 265.43 -15.109 3.7247
265.143 -15.1591 3.71377 0.174062 265.43 -15.109 3.7247
265.532 -15.1824 3.72942 0.0724073 265.43 -15.109 3.7247
265.373 -15.4177 3.71708 0.0956315 265.43 -15.109 3.7247
265.19 -14.9685 3.71723 0.0164259 265.43 -15.109 3.7247
265.63 -15.2337 3.72297 0.464469 265.43 -15.109 3.7247
265.473 -15.3042 3.72218 0.620349 265.43 -15.109 3.7247
265.568 -15.3737 3.72492 0.450282 265.43 -15.109 3.7247
265.63 -15.2337 3.72297 0.464469 265.43 -15.109 3.7247
265.457 -15.5071 3.73028 0.00326521 265.43 -15.109 3.7247
265.78 -15.3498 3.72707 0.263175 265.43 -15.109 3.7247
265.78 -15.3498 3.72707 0.263175 265.43 -15.109 3.7247
265.63 -15.2337 3.72297 0.464469 265.43 -15.109 3.7247
265.676 -15.2743 3.72115 0.128046 265.43 -15.109 3.7247
265.815 -15.2508 3.73421 0.137795 265.43 -15.109 3.7247
265.196 -15.2983 3.715 0.179054 265.43 -15.109 3.7247
265.473 -15.3042 3.72218 0.620349 265.43 -15.109 3.7247
265.63 -15.2337 3.72297 0.464469 265.43 -15.109 3.7247
265.792 -15.4058 3.73365 0.150442 265.43 -15.109 3.7247
265.143 -15.1591 3.71377 0.174062 265.43 -15.109 3.7247
265.473 -15.3042 3.72218 0.620349 265.43 -15.109 3.7247
265.354 -15.1248 3.72437 0.0575776 265.43 -15.109 3.7247
265.568 -15.3737 3.72492 0.450282 265.43 -15.109 3.7247
265.815 -15.2508 3.73421 0.137795 265.43 -15.109 3.7247
265.781 -15.5211 3.7318 0.0596616 265.43 -15.109 3.7247
265.915 -15.1513 3.73526 0.0388997 265.43 -15.109 3.7247
265.373 -15.4177 3.71708 0.0956315 265.43 -15.109 3.7247
265.473 -15.3042 3.72218 0.620349 265.43 -15.109 3.7247
265.473 -15.3042 3.72218 0.620349 265.43 -15.109 3.7247
265.792 -15.4058 3.73365 0.150442 265.43 -15.109 3.7247
265.568 -15.3737 3.72492 0.450282 265.43 -15.109 3.7247
265.568 -15.3737 3.72492 0.450282 265.43 -15.109 3.7247
265.143 -15.1591 3.71377 0.174062 265.43 -15.109 3.7247
265.473 -15.3042 3.72218 0.620349 265.43 -15.109 3.7247
265.473 -15.3042 3.72218 0.620349 265.43 -15.109 3.7247
265.568 -15.3737 3.72492 0.450282 265.43 -15.109 3.7247
265.815 -15.2508 3.73421 0.137795 265.43 -15.109 3.7247
265.782 -15.2998 3.7322 0.289026 265.43 -15.109 3.7247
265.495 -15.4118 3.72201 0.253914 265.43 -15.109 3.7247
265.915 -15.1513 3.73526 0.0388997 265.43 -15.109 3.7247
265.63 -15.2337 3.72297 0.464469 265.43 -15.109 3.7247
265.588 -15.097 3.72648 0.166935 265.43 -15.109 3.7247
265.196 -15.2983 3.715 0.179054 265.43 -15.109 3.7247
265.792 -15.4058 3.73365 0.150442 265.43 -15.109 3.7247
265.588 -15.097 3.72648 0.166935 265.43 -15.109 3.7247
265.597 -15.309 3.71751 0.0415656 265.43 -15.109 3.7247
265.63 -15.2337 3.72297 0.464469 265.43 -15.109 3.7247
265.63 -15.2337 3.72297 0.464469 265.43 -15.109 3.7247
265.781 -15.5211 3.7318 0.0596616 265.43 -15.109 3.7247
265.815 -15.2508 3.73421 0.137795 265.43 -15.109 3.7247
265.781 -15.5211 3.7318 0.0596616 265.43 -15.109 3.7247
265.63 -15.2337 3.72297 0.464469 265.43 -15.109 3.7247
265.568 -15.3737 3.72492 0.450282 265.43 -15.109 3.7247
265.63 -15.2337 3.72297 0.464469 265.43 -15.109 3.7247
265.568 -15.3737 3.72492 0.450282 265.43 -15.109 3.7247
265.89 -15.3919 3.73308 0.177988 265.43 -15.109 3.7247
265.473 -15.3042 3.72218 0.620349 265.43 -15.109 3.7247
265.568 -15.3737 3.72492 0.450282 265.43 -15.109 3.7247
265.792 -15.4058 3.73365 0.150442 265.43 -15.109 3.7247
265.473 -15.3042 3.72218 0.620349 265.43 -15.109 3.7247
265.63 -15.2337 3.72297 0.464469 265.43 -15.109 3.7247
265.78 -15.3498 3.72707 0.263175 265.43 -15.109 3.7247
265.63 -15.2337 3.72297 0.464469 265.43 -15.109 3.7247
265.473 -15.3042 3.72218 0.620349 265.43 -15.109 3.7247
265.473 -15.3042 3.72218 0.620349 265.43 -15.109 3.7247
265.78 -15.3498 3.72707 0.263175 265.43 -15.109 3.7247
265.373 -15.4177 3.71708 0.0956315 265.43 -15.109 3.7247
265.196 -15.2983 3.715 0.179054 265.43 -15.109 3.7247
265.63 -15.2337 3.72297 0.464469 265.43 -15.109 3.7247
265.89 -15.3919 3.73308 0.177988 265.43 -15.109 3.7247
265.648 -15.141 3.72 0.079671 265.43 -15.109 3.7247
265.815 -15.2508 3.73421 0.137795 265.43 -15.109 3.7247
265.143 -15.1591 3.71377 0.174062 265.43 -15.109 3.7247
265.473 -15.3042 3.72218 0.620349 265.43 -15.109 3.7247
265.196 -15.2983 3.715 0.179054 265.43 -15.109 3.7247
265.63 -15.2337 3.72297 0.464469 265.43 -15.109 3.7247
265.782 -15.2998 3.7322 0.289026 265.43 -15.109 3.7247
265.196 -15.2983 3.715 0.179054 265.43 -15.109 3.7247
265.473 -15.3042 3.72218 0.620349 265.43 -15.109 3.7247
265.354 -15.1248 3.72437 0.0575776 265.43 -15.109 3.7247
265.473 -15.3042 3.72218 0.620349 265.43 -15.109 3.7247
265.145 -15.3403 3.71878 0.0292071 265.43 -15.109 3.7247
265.473 -15.3042 3.72218 0.620349 265.43 -15.109 3.7247
265.568 -15.3737 3.72492 0.450282 265.43 -15.109 3.7247
265.568 -15.3737 3.72492 0.450282 265.43 -15.109 3.7247
265.568 -15.3737 3.72492 0.450282 265.43 -15.109 3.7247
266.147 -15.4355 3.73983 0.0176183 265.43 -15.109 3.7247
265.568 -15.3737 3.72492 0.450282 265.43 -15.109 3.7247
265.354 -15.1248 3.72437 0.0575776 265.43 -15.109 3.7247
265.82 -15.0931 3.723 0.00892835 265.43 -15.109 3.7247
265.676 -15.2743 3.72115 0.128046 265.43 -15.109 3.7247
265.568 -15.3737 3.72492 0.450282 265.43 -15.109 3.7247
265.63 -15.2337 3.72297 0.464469 265.43 -15.109 3.7247
265.143 -15.1591 3.71377 0.174062 265.43 -15.109 3.7247
265.196 -15.2983 3.715 0.179054 265.43 -15.109 3.7247
265.63 -15.2337 3.72297 0.464469 265.43 -15.109 3.7247
265.473 -15.3042 3.72218 0.620349 265.43 -15.109 3.7247
265.473 -15.3042 3.72218 0.620349 265.43 -15.109 3.7247
265.89 -15.3919 3.73308 0.177988 265.43 -15.109 3.7247
265.815 -15.2508 3.73421 0.137795 265.43 -15.109 3.7247
265.588 -15.097 3.72648 0.166935 265.43 -15.109 3.7247
265.495 -15.4118 3.72201 0.253914 265.43 -15.109 3.7247
265.815 -15.2508 3.73421 0.137795 265.43 -15.109 3.7247
265.289 -14.9889 3.71852 0.0440042 265.43 -15.109 3.7247
265.89 -15.3919 3.73308 0.177988 265.43 -15.109 3.7247
265.588 -15.097 3.72648 0.166935 265.43 -15.109 3.7247
265.473 -15.3042 3.72218 0.620349 265.43 -15.109 3.7247
265.792 -15.4058 3.73365 0.150442 265.43 -15.109 3.7247
265.782 -15.2998 3.7322 0.289026 265.43 -15.109 3.7247
265.782 -15.2998 3.7322 0.289026 265.43 -15.109 3.7247
265.495 -15.4118 3.72201 0.253914 265.43 -15.109 3.7247
265.78 -15.3498 3.72707 0.263175 265.43 -15.109 3.7247
265.782 -15.2998 3.7322 0.289026 265.43 -15.109 3.7247
265.648 -15.141 3.72 0.079671 265.43 -15.109 3.7247
265.568 -15.3737 3.72492 0.450282 265.43 -15.109 3.7247
265.63 -15.2337 3.72297 0.464469 265.43 -15.109 3.7247
265.473 -15.3042 3.72218 0.620349 265.43 -15.109 3.7247
265.588 -15.097 3.72648 0.166935 265.43 -15.109 3.7247
265.473 -15.3042 3.72218 0.620349 265.43 -15.109 3.7247
265.78 -15.3498 3.72707 0.263175 265.43 -15.109 3.7247
265.782 -15.2998 3.7322 0.289026 265.43 -15.109 3.7247
