225.625 26.9376 0.0720218 0.522346 225.53 26.864 0.074165
225.625 26.9376 0.0720218 0.522346 225.53 26.864 0.074165
225.542 26.9742 0.0739937 0.616826 225.53 26.864 0.074165
225.352 26.9943 0.0705906 0.736622 225.53 26.864 0.074165
225.352 26.9943 0.0705906 0.736622 225.53 26.864 0.074165
225.558 26.9172 0.0715737 1.12072 225.53 26.864 0.074165
225.625 26.9376 0.0720218 0.522346 225.53 26.864 0.074165
225.352 26.9943 0.0705906 0.736622 225.53 26.864 0.074165
225.625 26.9376 0.0720218 0.522346 225.53 26.864 0.074165
225.726 27.041 0.0667009 0.0670484 225.53 26.864 0.074165
225.625 26.9376 0.0720218 0.522346 225.53 26.864 0.074165
225.752 26.9572 0.0732498 0.0268334 225.53 26.864 0.074165
225.724 26.6487 0.0703013 0.00215922 225.53 26.864 0.074165
225.542 26.9742 0.0739937 0.616826 225.53 26.864 0.074165
225.352 26.9943 0.0705906 0.736622 225.53 26.864 0.074165
225.626 27.0054 0.0682675 0.541224 225.53 26.864 0.074165
225.542 26.9742 0.0739937 0.616826 225.53 26.864 0.074165
225.626 27.0054 0.0682675 0.541224 225.53 26.864 0.074165
225.352 26.9943 0.0705906 0.736622 225.53 26.864 0.074165
225.558 26.9172 0.0715737 1.12072 225.53 26.864 0.074165
225.558 26.9172 0.0715737 1.12072 225.53 26.864 0.074165
225.558 26.9172 0.0715737 1.12072 225.53 26.864 0.074165
225.352 26.9943 0.0705906 0.736622 225.53 26.864 0.074165
225.352 26.9943 0.0705906 0.736622 225.53 26.864 0.074165
225.32 26.9321 0.0797576 0.0107613 225.53 26.864 0.074165
225.309 27.0846 0.072692 0.19154 225.53 26.864 0.074165
225.579 26.6887 0.0695174 0.0492723 225.53 26.864 0.074165
225.542 26.9742 0.0739937 0.616826 225.53 26.864 0.074165
225.585 26.8887 0.0756716 0.1463 225.53 26.864 0.074165
225.514 26.8763 0.0631711 0.0529667 225.53 26.864 0.074165
225.352 26.9943 0.0705906 0.736622 225.53 26.864 0.074165
225.558 26.9172 0.0715737 1.12072 225.53 26.864 0.074165
225.558 26.9172 0.0715737 1.12072 225.53 26.864 0.074165
225.352 26.9943 0.0705906 0.736622 225.53 26.864 0.074165
225.558 26.9172 0.0715737 1.12072 225.53 26.864 0.074165
225.65 26.842 0.0775144 0.00921889 225.53 26.864 0.074165
225.626 27.0054 0.0682675 0.541224 225.53 26.864 0.074165
225.542 26.9742 0.0739937 0.616826 225.53 26.864 0.074165
225.558 26.9172 0.0715737 1.12072 225.53 26.864 0.074165
225.558 26.9172 0.0715737 1.12072 225.53 26.864 0.074165
225.626 27.0054 0.0682675 0.541224 225.53 26.864 0.074165
225.309 27.0846 0.072692 0.19154 225.53 26.864 0.074165
225.558 26.9172 0.0715737 1.12072 225.53 26.864 0.074165
225.626 27.0054 0.0682675 0.541224 225.53 26.864 0.074165
225.352 26.9943 0.0705906 0.736622 225.53 26.864 0.074165
225.625 26.9376 0.0720218 0.522346 225.53 26.864 0.074165
225.542 26.9742 0.0739937 0.616826 225.53 26.864 0.074165
225.558 26.9172 0.0715737 1.12072 225.53 26.864 0.074165
225.542 26.9742 0.0739937 0.616826 225.53 26.864 0.074165
225.558 26.9172 0.0715737 1.12072 225.53 26.864 0.074165
225.625 26.9376 0.0720218 0.522346 225.53 26.864 0.074165
225.409 26.8057 0.0767439 0.0911818 225.53 26.864 0.074165
225.309 27.0846 0.072692 0.19154 225.53 26.864 0.074165
225.626 27.0054 0.0682675 0.541224 225.53 26.864 0.074165
225.352 26.9943 0.0705906 0.736622 225.53 26.864 0.074165
225.625 26.9376 0.0720218 0.522346 225.53 26.864 0.074165
225.352 26.9943 0.0705906 0.736622 225.53 26.864 0.074165
225.309 27.0846 0.072692 0.19154 225.53 26.864 0.074165
225.558 26.9172 0.0715737 1.12072 225.53 26.864 0.074165
225.625 26.9376 0.0720218 0.522346 225.53 26.864 0.074165
225.292 27.0245 0.0684133 0.159199 225.53 26.864 0.074165
225.585 26.8887 0.0756716 0.1463 225.53 26.864 0.074165
225.352 26.9943 0.0705906 0.736622 225.53 26.864 0.074165
225.626 27.0054 0.0682675 0.541224 225.53 26.864 0.074165
225.309 27.0846 0.072692 0.19154 225.53 26.864 0.074165
225.514 26.8763 0.0631711 0.0529667 225.53 26.864 0.074165
225.542 26.9742 0.0739937 0.616826 225.53 26.864 0.074165
225.626 27.0054 0.0682675 0.541224 225.53 26.864 0.074165
225.542 26.9742 0.0739937 0.616826 225.53 26.864 0.074165
225.585 26.8887 0.0756716 0.1463 225.53 26.864 0.074165
225.626 27.0054 0.0682675 0.541224 225.53 26.864 0.074165
225.542 26.9742 0.0739937 0.616826 225.53 26.864 0.074165
225.352 26.9943 0.0705906 0.736622 225.53 26.864 0.074165
225.68 27.1359 0.070475 0.0648361 225.53 26.864 0.074165
225.625 26.9376 0.0720218 0.522346 225.53 26.864 0.074165
225.625 26.9376 0.0720218 0.522346 225.53 26.864 0.074165
225.542 26.9742 0.0739937 0.616826 225.53 26.864 0.074165
225.352 26.9943 0.0705906 0.736622 225.53 26.864 0.074165
225.626 27.0054 0.0682675 0.541224 225.53 26.864 0.074165
225.558 26.9172 0.0715737 1.12072 225.53 26.864 0.074165
225.307 27.0004 0.0758542 0.137277 225.53 26.864 0.074165
225.352 26.9943 0.0705906 0.736622 225.53 26.864 0.074165
225.585 26.8887 0.0756716 0.1463 225.53 26.864 0.074165
225.68 27.1359 0.070475 0.0648361 225.53 26.864 0.074165
225.585 26.8887 0.0756716 0.1463 225.53 26.864 0.074165
225.558 26.9172 0.0715737 1.12072 225.53 26.864 0.074165
225.352 26.9943 0.0705906 0.736622 225.53 26.864 0.074165
225.726 27.041 0.0667009 0.0670484 225.53 26.864 0.074165
225.542 26.9742 0.0739937 0.616826 225.53 26.864 0.074165
225.558 26.9172 0.0715737 1.12072 225.53 26.864 0.074165
225.626 27.0054 0.0682675 0.541224 225.53 26.864 0.074165
225.558 26.9172 0.0715737 1.12072 225.53 26.864 0.074165
225.504 26.6495 0.074604 0.0132863 225.53 26.864 0.074165
225.68 27.1359 0.070475 0.0648361 225.53 26.864 0.074165
225.644 26.8177 0.0774779 0.00841295 225.53 26.864 0.074165
225.626 27.0054 0.0682675 0.541224 225.53 26.864 0.074165
225.626 27.0054 0.0682675 0.541224 225.53 26.864 0.074165
225.292 27.0245 0.0684133 0.159199 225.53 26.864 0.074165
225.558 26.9172 0.0715737 1.12072 225.53 26.864 0.074165
225.625 26.9376 0.0720218 0.522346 225.53 26.864 0.074165
225.309 27.0846 0.072692 0.19154 225.53 26.864 0.074165
225.292 27.0245 0.0684133 0.159199 225.53 26.864 0.074165
225.558 26.9172 0.0715737 1.12072 225.53 26.864 0.074165
225.625 26.9376 0.0720218 0.522346 225.53 26.864 0.074165
225.558 26.9172 0.0715737 1.12072 225.53 26.864 0.074165
225.542 26.9742 0.0739937 0.616826 225.53 26.864 0.074165
225.352 26.9943 0.0705906 0.736622 225.53 26.864 0.074165
225.352 26.9943 0.0705906 0.736622 225.53 26.864 0.074165
225.292 27.0245 0.0684133 0.159199 225.53 26.864 0.074165
225.558 26.9172 0.0715737 1.12072 225.53 26.864 0.074165
225.626 27.0054 0.0682675 0.541224 225.53 26.864 0.074165
225.248 26.7213 0.0766556 0.00554727 225.53 26.864 0.074165
225.726 27.041 0.0667009 0.0670484 225.53 26.864 0.074165
225.542 26.9742 0.0739937 0.616826 225.53 26.864 0.074165
225.625 26.9376 0.0720218 0.522346 225.53 26.864 0.074165
225.542 26.9742 0.0739937 0.616826 225.53 26.864 0.074165
225.558 26.9172 0.0715737 1.12072 225.53 26.864 0.074165
225.546 26.6958 0.0653806 0.0154942 225.53 26.864 0.074165
225.558 26.9172 0.0715737 1.12072 225.53 26.864 0.074165
225.558 26.9172 0.0715737 1.12072 225.53 26.864 0.074165
225.558 26.9172 0.0715737 1.12072 225.53 26.864 0.074165
225.453 26.6807 0.072822 0.0550194 225.53 26.864 0.074165
225.542 26.9742 0.0739937 0.616826 225.53 26.864 0.074165
225.542 26.9742 0.0739937 0.616826 225.53 26.864 0.074165
225.309 27.0846 0.072692 0.19154 225.53 26.864 0.074165
225.352 26.9943 0.0705906 0.736622 225.53 26.864 0.074165
225.542 26.9742 0.0739937 0.616826 225.53 26.864 0.074165
225.558 26.9172 0.0715737 1.12072 225.53 26.864 0.074165
225.542 26.9742 0.0739937 0.616826 225.53 26.864 0.074165
225.626 27.0054 0.0682675 0.541224 225.53 26.864 0.074165
225.514 26.8763 0.0631711 0.0529667 225.53 26.864 0.074165
225.726 27.041 0.0667009 0.0670484 225.53 26.864 0.074165
225.453 26.6807 0.072822 0.0550194 225.53 26.864 0.074165
225.352 26.9943 0.0705906 0.736622 225.53 26.864 0.074165
225.626 27.0054 0.0682675 0.541224 225.53 26.864 0.074165
225.352 26.9943 0.0705906 0.736622 225.53 26.864 0.074165
225.352 26.9943 0.0705906 0.736622 225.53 26.864 0.074165
225.292 27.0245 0.0684133 0.159199 225.53 26.864 0.074165
225.625 26.9376 0.0720218 0.522346 225.53 26.864 0.074165
225.307 27.0004 0.0758542 0.137277 225.53 26.864 0.074165
225.278 26.8727 0.0751703 0.118799 225.53 26.864 0.074165
225.278 26.8727 0.0751703 0.118799 225.53 26.864 0.074165
225.307 27.0004 0.0758542 0.137277 225.53 26.864 0.074165
225.626 27.0054 0.0682675 0.541224 225.53 26.864 0.074165
225.558 26.9172 0.0715737 1.12072 225.53 26.864 0.074165
225.625 26.9376 0.0720218 0.522346 225.53 26.864 0.074165
225.626 27.0054 0.0682675 0.541224 225.53 26.864 0.074165
225.542 26.9742 0.0739937 0.616826 225.53 26.864 0.074165
225.752 26.9572 0.0732498 0.0268334 225.53 26.864 0.074165
225.309 27.0846 0.072692 0.19154 225.53 26.864 0.074165
225.558 26.9172 0.0715737 1.12072 225.53 26.864 0.074165
225.542 26.9742 0.0739937 0.616826 225.53 26.864 0.074165
225.558 26.9172 0.0715737 1.12072 225.53 26.864 0.074165
225.542 26.9742 0.0739937 0.616826 225.53 26.864 0.074165
225.542 26.9742 0.0739937 0.616826 225.53 26.864 0.074165
225.558 26.9172 0.0715737 1.12072 225.53 26.864 0.074165
225.542 26.9742 0.0739937 0.616826 225.53 26.864 0.074165
225.352 26.9943 0.0705906 0.736622 225.53 26.864 0.074165
225.307 27.0004 0.0758542 0.137277 225.53 26.864 0.074165
225.558 26.9172 0.0715737 1.12072 225.53 26.864 0.074165
225.625 26.9376 0.0720218 0.522346 225.53 26.864 0.074165
225.542 26.9742 0.0739937 0.616826 225.53 26.864 0.074165
225.352 26.9943 0.0705906 0.736622 225.53 26.864 0.074165
225.352 26.9943 0.0705906 0.736622 225.53 26.864 0.074165
225.292 27.0245 0.0684133 0.159199 225.53 26.864 0.074165
225.558 26.9172 0.0715737 1.12072 225.53 26.864 0.074165
225.558 26.9172 0.0715737 1.12072 225.53 26.864 0.074165
225.32 26.9321 0.0797576 0.0107613 225.53 26.864 0.074165
225.626 27.0054 0.0682675 0.541224 225.53 26.864 0.074165
225.558 26.9172 0.0715737 1.12072 225.53 26.864 0.074165
225.585 26.8887 0.0756716 0.1463 225.53 26.864 0.074165
225.309 27.0846 0.072692 0.19154 225.53 26.864 0.074165
225.585 26.8887 0.0756716 0.1463 225.53 26.864 0.074165
225.626 27.0054 0.0682675 0.541224 225.53 26.864 0.074165
225.558 26.9172 0.0715737 1.12072 225.53 26.864 0.074165
225.453 26.6807 0.072822 0.0550194 225.53 26.864 0.074165
225.542 26.9742 0.0739937 0.616826 225.53 26.864 0.074165
225.309 27.0846 0.072692 0.19154 225.53 26.864 0.074165
225.625 26.9376 0.0720218 0.522346 225.53 26.864 0.074165
225.292 27.0245 0.0684133 0.159199 225.53 26.864 0.074165
225.352 26.9943 0.0705906 0.736622 225.53 26.864 0.074165
225.352 26.9943 0.0705906 0.736622 225.53 26.864 0.074165
225.352 26.9943 0.0705906 0.736622 225.53 26.864 0.074165
225.558 26.9172 0.0715737 1.12072 225.53 26.864 0.074165
225.352 26.9943 0.0705906 0.736622 225.53 26.864 0.074165
225.309 27.0846 0.072692 0.19154 225.53 26.864 0.074165
225.309 27.0846 0.072692 0.19154 225.53 26.864 0.074165
225.558 26.9172 0.0715737 1.12072 225.53 26.864 0.074165
225.409 26.8057 0.0767439 0.0911818 225.53 26.864 0.074165
225.542 26.9742 0.0739937 0.616826 225.53 26.864 0.074165
225.558 26.9172 0.0715737 1.12072 225.53 26.864 0.074165
225.309 27.0846 0.072692 0.19154 225.53 26.864 0.074165
225.546 26.6958 0.0653806 0.0154942 225.53 26.864 0.074165
225.278 26.8727 0.0751703 0.118799 225.53 26.864 0.074165
225.542 26.9742 0.0739937 0.616826 225.53 26.864 0.074165
225.585 26.8887 0.0756716 0.1463 225.53 26.864 0.074165
225.542 26.9742 0.0739937 0.616826 225.53 26.864 0.074165
225.542 26.9742 0.0739937 0.616826 225.53 26.864 0.074165
225.626 27.0054 0.0682675 0.541224 225.53 26.864 0.074165
225.558 26.9172 0.0715737 1.12072 225.53 26.864 0.074165
