-32.0171 -19.4456 1.04637 0.01684 -32.061 -19.424 1.0505
-32.2203 -19.607 1.05274 0.0348725 -32.061 -19.424 1.0505
-32.265 -19.4558 1.05444 0.00832243 -32.061 -19.424 1.0505
-32.0902 -19.6212 1.05036 0.0281362 -32.061 -19.424 1.0505
-32.2234 -19.2901 1.04574 0.00680144 -32.061 -19.424 1.0505
-32.0902 -19.6212 1.05036 0.0281362 -32.061 -19.424 1.0505
-32.1884 -19.637 1.04718 0.0132265 -32.061 -19.424 1.0505
-32.2645 -19.334 1.04836 0.010172 -32.061 -19.424 1.0505
-32.2234 -19.2901 1.04574 0.00680144 -32.061 -19.424 1.0505
-32.0902 -19.6212 1.05036 0.0281362 -32.061 -19.424 1.0505
-32.2472 -19.2963 1.04896 0.0058847 -32.061 -19.424 1.0505
-31.9145 -19.5812 1.046 0.00157618 -32.061 -19.424 1.0505
-32.265 -19.4558 1.05444 0.00832243 -32.061 -19.424 1.0505
-32.0171 -19.4456 1.04637 0.01684 -32.061 -19.424 1.0505
-32.1865 -19.3534 1.04507 0.0149145 -32.061 -19.424 1.0505
-32.1816 -19.6541 1.04533 0.00361776 -32.061 -19.424 1.0505
-32.2836 -19.6871 1.04834 0.00518346 -32.061 -19.424 1.0505
-32.0902 -19.6212 1.05036 0.0281362 -32.061 -19.424 1.0505
-32.2203 -19.607 1.05274 0.0348725 -32.061 -19.424 1.0505
-32.2203 -19.607 1.05274 0.0348725 -32.061 -19.424 1.0505
-32.2392 -19.2924 1.04601 0.00644847 -32.061 -19.424 1.0505
-32.1884 -19.637 1.04718 0.0132265 -32.061 -19.424 1.0505
-32.2203 -19.607 1.05274 0.0348725 -32.061 -19.424 1.0505
-32.2203 -19.607 1.05274 0.0348725 -32.061 -19.424 1.0505
-31.977 -19.5661 1.05183 0.00732745 -32.061 -19.424 1.0505
-32.1884 -19.637 1.04718 0.0132265 -32.061 -19.424 1.0505
-32.2447 -19.3945 1.0566 0.000729897 -32.061 -19.424 1.0505
-32.0171 -19.4456 1.04637 0.01684 -32.061 -19.424 1.0505
-32.0902 -19.6212 1.05036 0.0281362 -32.061 -19.424 1.0505
-31.977 -19.5661 1.05183 0.00732745 -32.061 -19.424 1.0505
-32.1865 -19.3534 1.04507 0.0149145 -32.061 -19.424 1.0505
-32.265 -19.4558 1.05444 0.00832243 -32.061 -19.424 1.0505
-32.1328 -19.2028 1.04942 0.000764563 -32.061 -19.424 1.0505
-32.2203 -19.607 1.05274 0.0348725 -32.061 -19.424 1.0505
-32.2472 -19.2963 1.04896 0.0058847 -32.061 -19.424 1.0505
-32.2392 -19.2924 1.04601 0.00644847 -32.061 -19.424 1.0505
-32.2472 -19.2963 1.04896 0.0058847 -32.061 -19.424 1.0505
-31.977 -19.5661 1.05183 0.00732745 -32.061 -19.424 1.0505
-32.2392 -19.2924 1.04601 0.00644847 -32.061 -19.424 1.0505
-32.1328 -19.2028 1.04942 0.000764563 -32.061 -19.424 1.0505
-32.1816 -19.6541 1.04533 0.00361776 -32.061 -19.424 1.0505
-32.0171 -19.4456 1.04637 0.01684 -32.061 -19.424 1.0505
-32.2203 -19.607 1.05274 0.0348725 -32.061 -19.424 1.0505
-32.1884 -19.637 1.04718 0.0132265 -32.061 -19.424 1.0505
-32.265 -19.4558 1.05444 0.00832243 -32.061 -19.424 1.0505
-32.2234 -19.2901 1.04574 0.00680144 -32.061 -19.424 1.0505
-32.2645 -19.334 1.04836 0.010172 -32.061 -19.424 1.0505
-32.1865 -19.3534 1.04507 0.0149145 -32.061 -19.424 1.0505
-32.2447 -19.3945 1.0566 0.000729897 -32.061 -19.424 1.0505
-32.265 -19.4558 1.05444 0.00832243 -32.061 -19.424 1.0505
-32.2392 -19.2924 1.04601 0.00644847 -32.061 -19.424 1.0505
-32.015 -19.5571 1.05667 0.00114867 -32.061 -19.424 1.0505
-32.2203 -19.607 1.05274 0.0348725 -32.061 -19.424 1.0505
-32.1816 -19.6541 1.04533 0.00361776 -32.061 -19.424 1.0505
-32.1296 -19.7495 1.05029 0.00568244 -32.061 -19.424 1.0505
-32.2203 -19.607 1.05274 0.0348725 -32.061 -19.424 1.0505
-32.0902 -19.6212 1.05036 0.0281362 -32.061 -19.424 1.0505
-32.1328 -19.2028 1.04942 0.000764563 -32.061 -19.424 1.0505
-32.2645 -19.334 1.04836 0.010172 -32.061 -19.424 1.0505
-32.2203 -19.607 1.05274 0.0348725 -32.061 -19.424 1.0505
-32.2203 -19.607 1.05274 0.0348725 -32.061 -19.424 1.0505
-32.1884 -19.637 1.04718 0.0132265 -32.061 -19.424 1.0505
-32.2203 -19.607 1.05274 0.0348725 -32.061 -19.424 1.0505
-32.1296 -19.7495 1.05029 0.00568244 -32.061 -19.424 1.0505
-32.2836 -19.6871 1.04834 0.00518346 -32.061 -19.424 1.0505
-32.2447 -19.3945 1.0566 0.000729897 -32.061 -19.424 1.0505
-32.2645 -19.334 1.04836 0.010172 -32.061 -19.424 1.0505
-32.1884 -19.637 1.04718 0.0132265 -32.061 -19.424 1.0505
-32.1296 -19.7495 1.05029 0.00568244 -32.061 -19.424 1.0505
-31.9575 -19.3572 1.04322 0.00248739 -32.061 -19.424 1.0505
-31.977 -19.5661 1.05183 0.00732745 -32.061 -19.424 1.0505
-32.0902 -19.6212 1.05036 0.0281362 -32.061 -19.424 1.0505
-32.2203 -19.607 1.05274 0.0348725 -32.061 -19.424 1.0505
-32.2203 -19.607 1.05274 0.0348725 -32.061 -19.424 1.0505
-32.0902 -19.6212 1.05036 0.0281362 -32.061 -19.424 1.0505
-32.1865 -19.3534 1.04507 0.0149145 -32.061 -19.424 1.0505
-32.1865 -19.3534 1.04507 0.0149145 -32.061 -19.424 1.0505
-32.2203 -19.607 1.05274 0.0348725 -32.061 -19.424 1.0505
-32.1865 -19.3534 1.04507 0.0149145 -32.061 -19.424 1.0505
-32.2203 -19.607 1.05274 0.0348725 -32.061 -19.424 1.0505
-32.2645 -19.334 1.04836 0.010172 -32.061 -19.424 1.0505
-31.9817 -19.5331 1.04924 0.0123517 -32.061 -19.424 1.0505
-32.0171 -19.4456 1.04637 0.01684 -32.061 -19.424 1.0505
-32.2203 -19.607 1.05274 0.0348725 -32.061 -19.424 1.0505
-32.1865 -19.3534 1.04507 0.0149145 -32.061 -19.424 1.0505
-32.0902 -19.6212 1.05036 0.0281362 -32.061 -19.424 1.0505
-32.2203 -19.607 1.05274 0.0348725 -32.061 -19.424 1.0505
-32.1884 -19.637 1.04718 0.0132265 -32.061 -19.424 1.0505
-32.2203 -19.607 1.05274 0.0348725 -32.061 -19.424 1.0505
-32.0902 -19.6212 1.05036 0.0281362 -32.061 -19.424 1.0505
-31.9817 -19.5331 1.04924 0.0123517 -32.061 -19.424 1.0505
-31.977 -19.5661 1.05183 0.00732745 -32.061 -19.424 1.0505
-32.2234 -19.2901 1.04574 0.00680144 -32.061 -19.424 1.0505
-32.2203 -19.607 1.05274 0.0348725 -32.061 -19.424 1.0505
-32.1296 -19.7495 1.05029 0.00568244 -32.061 -19.424 1.0505
-32.2836 -19.6871 1.04834 0.00518346 -32.061 -19.424 1.0505
-31.977 -19.5661 1.05183 0.00732745 -32.061 -19.424 1.0505
-32.0786 -19.2995 1.05197 0.0016569 -32.061 -19.424 1.0505
-32.1884 -19.637 1.04718 0.0132265 -32.061 -19.424 1.0505
-32.1296 -19.7495 1.05029 0.00568244 -32.061 -19.424 1.0505
-31.9817 -19.5331 1.04924 0.0123517 -32.061 -19.424 1.0505
-32.2203 -19.607 1.05274 0.0348725 -32.061 -19.424 1.0505
-32.2645 -19.334 1.04836 0.010172 -32.061 -19.424 1.0505
-32.2836 -19.6871 1.04834 0.00518346 -32.061 -19.424 1.0505
-32.2203 -19.607 1.05274 0.0348725 -32.061 -19.424 1.0505
-32.265 -19.4558 1.05444 0.00832243 -32.061 -19.424 1.0505
-32.1884 -19.637 1.04718 0.0132265 -32.061 -19.424 1.0505
-32.265 -19.4558 1.05444 0.00832243 -32.061 -19.424 1.0505
-32.2645 -19.334 1.04836 0.010172 -32.061 -19.424 1.0505
-32.0902 -19.6212 1.05036 0.0281362 -32.061 -19.424 1.0505
-32.1009 -19.1765 1.04065 0.000358152 -32.061 -19.424 1.0505
-32.1865 -19.3534 1.04507 0.0149145 -32.061 -19.424 1.0505
-32.0171 -19.4456 1.04637 0.01684 -32.061 -19.424 1.0505
-32.0171 -19.4456 1.04637 0.01684 -32.061 -19.424 1.0505
-32.0902 -19.6212 1.05036 0.0281362 -32.061 -19.424 1.0505
-32.2203 -19.607 1.05274 0.0348725 -32.061 -19.424 1.0505
-32.0902 -19.6212 1.05036 0.0281362 -32.061 -19.424 1.0505
-32.2203 -19.607 1.05274 0.0348725 -32.061 -19.424 1.0505
-31.9817 -19.5331 1.04924 0.0123517 -32.061 -19.424 1.0505
-32.2203 -19.607 1.05274 0.0348725 -32.061 -19.424 1.0505
-32.2203 -19.607 1.05274 0.0348725 -32.061 -19.424 1.0505
-32.0171 -19.4456 1.04637 0.01684 -32.061 -19.424 1.0505
-32.1884 -19.637 1.04718 0.0132265 -32.061 -19.424 1.0505
-32.1865 -19.3534 1.04507 0.0149145 -32.061 -19.424 1.0505
-32.1816 -19.6541 1.04533 0.00361776 -32.061 -19.424 1.0505
-32.2203 -19.607 1.05274 0.0348725 -32.061 -19.424 1.0505
-32.1816 -19.6541 1.04533 0.00361776 -32.061 -19.424 1.0505
-32.2203 -19.607 1.05274 0.0348725 -32.061 -19.424 1.0505
-32.2645 -19.334 1.04836 0.010172 -32.061 -19.424 1.0505
-31.977 -19.5661 1.05183 0.00732745 -32.061 -19.424 1.0505
-31.9817 -19.5331 1.04924 0.0123517 -32.061 -19.424 1.0505
-32.2234 -19.2901 1.04574 0.00680144 -32.061 -19.424 1.0505
-32.2836 -19.6871 1.04834 0.00518346 -32.061 -19.424 1.0505
-32.0902 -19.6212 1.05036 0.0281362 -32.061 -19.424 1.0505
-32.2064 -19.2927 1.05277 0.00140887 -32.061 -19.424 1.0505
-32.2836 -19.6871 1.04834 0.00518346 -32.061 -19.424 1.0505
-32.0902 -19.6212 1.05036 0.0281362 -32.061 -19.424 1.0505
-32.2203 -19.607 1.05274 0.0348725 -32.061 -19.424 1.0505
-32.2203 -19.607 1.05274 0.0348725 -32.061 -19.424 1.0505
-32.2203 -19.607 1.05274 0.0348725 -32.061 -19.424 1.0505
-32.1328 -19.2028 1.04942 0.000764563 -32.061 -19.424 1.0505
-32.2645 -19.334 1.04836 0.010172 -32.061 -19.424 1.0505
-32.265 -19.4558 1.05444 0.00832243 -32.061 -19.424 1.0505
-31.9575 -19.3572 1.04322 0.00248739 -32.061 -19.424 1.0505
-32.0171 -19.4456 1.04637 0.01684 -32.061 -19.424 1.0505
-32.0171 -19.4456 1.04637 0.01684 -32.061 -19.424 1.0505
-32.0902 -19.6212 1.05036 0.0281362 -32.061 -19.424 1.0505
-32.2836 -19.6871 1.04834 0.00518346 -32.061 -19.424 1.0505
-32.0902 -19.6212 1.05036 0.0281362 -32.061 -19.424 1.0505
-32.015 -19.5571 1.05667 0.00114867 -32.061 -19.424 1.0505
-31.9634 -19.6004 1.046 0.00306837 -32.061 -19.424 1.0505
-32.3698 -19.7907 1.04986 0.000362725 -32.061 -19.424 1.0505
-32.2203 -19.607 1.05274 0.0348725 -32.061 -19.424 1.0505
-32.0786 -19.2995 1.05197 0.0016569 -32.061 -19.424 1.0505
-32.1865 -19.3534 1.04507 0.0149145 -32.061 -19.424 1.0505
-31.9817 -19.5331 1.04924 0.0123517 -32.061 -19.424 1.0505
-32.1296 -19.7495 1.05029 0.00568244 -32.061 -19.424 1.0505
-32.2203 -19.607 1.05274 0.0348725 -32.061 -19.424 1.0505
-31.977 -19.5661 1.05183 0.00732745 -32.061 -19.424 1.0505
-32.2203 -19.607 1.05274 0.0348725 -32.061 -19.424 1.0505
-31.9575 -19.3572 1.04322 0.00248739 -32.061 -19.424 1.0505
-32.265 -19.4558 1.05444 0.00832243 -32.061 -19.424 1.0505
-32.2203 -19.607 1.05274 0.0348725 -32.061 -19.424 1.0505
-32.2234 -19.2901 1.04574 0.00680144 -32.061 -19.424 1.0505
-32.1296 -19.7495 1.05029 0.00568244 -32.061 -19.424 1.0505
-32.2234 -19.2901 1.04574 0.00680144 -32.061 -19.424 1.0505
-32.0171 -19.4456 1.04637 0.01684 -32.061 -19.424 1.0505
-32.2203 -19.607 1.05274 0.0348725 -32.061 -19.424 1.0505
-32.0171 -19.4456 1.04637 0.01684 -32.061 -19.424 1.0505
-32.2645 -19.334 1.04836 0.010172 -32.061 -19.424 1.0505
-32.2064 -19.2927 1.05277 0.00140887 -32.061 -19.424 1.0505
-31.9634 -19.6004 1.046 0.00306837 -32.061 -19.424 1.0505
-31.977 -19.5661 1.05183 0.00732745 -32.061 -19.424 1.0505
-32.2645 -19.334 1.04836 0.010172 -32.061 -19.424 1.0505
-32.265 -19.4558 1.05444 0.00832243 -32.061 -19.424 1.0505
-32.2203 -19.607 1.05274 0.0348725 -32.061 -19.424 1.0505
-32.2203 -19.607 1.05274 0.0348725 -32.061 -19.424 1.0505
-32.0171 -19.4456 1.04637 0.01684 -32.061 -19.424 1.0505
-32.2392 -19.2924 1.04601 0.00644847 -32.061 -19.424 1.0505
-32.0171 -19.4456 1.04637 0.01684 -32.061 -19.424 1.0505
-32.0902 -19.6212 1.05036 0.0281362 -32.061 -19.424 1.0505
-32.1884 -19.637 1.04718 0.0132265 -32.061 -19.424 1.0505
-32.2203 -19.607 1.05274 0.0348725 -32.061 -19.424 1.0505
-31.9575 -19.3572 1.04322 0.00248739 -32.061 -19.424 1.0505
-32.0902 -19.6212 1.05036 0.0281362 -32.061 -19.424 1.0505
-31.9817 -19.5331 1.04924 0.0123517 -32.061 -19.424 1.0505
-31.9817 -19.5331 1.04924 0.0123517 -32.061 -19.424 1.0505
-32.2447 -19.3945 1.0566 0.000729897 -32.061 -19.424 1.0505
-32.2392 -19.2924 1.04601 0.00644847 -32.061 -19.424 1.0505
-32.0171 -19.4456 1.04637 0.01684 -32.061 -19.424 1.0505
-31.9817 -19.5331 1.04924 0.0123517 -32.061 -19.424 1.0505
-32.0786 -19.2995 1.05197 0.0016569 -32.061 -19.424 1.0505
-32.0902 -19.6212 1.05036 0.0281362 -32.061 -19.424 1.0505
-32.1865 -19.3534 1.04507 0.0149145 -32.061 -19.424 1.0505
-32.1865 -19.3534 1.04507 0.0149145 -32.061 -19.424 1.0505
-32.2645 -19.334 1.04836 0.010172 -32.061 -19.424 1.0505
-32.0171 -19.4456 1.04637 0.01684 -32.061 -19.424 1.0505
-32.2472 -19.2963 1.04896 0.0058847 -32.061 -19.424 1.0505
-32.1816 -19.6541 1.04533 0.00361776 -32.061 -19.424 1.0505
-32.0171 -19.4456 1.04637 0.01684 -32.061 -19.424 1.0505
