41.829 -70.0916 3.93039 0.0116892 42.048 -69.904 3.939
41.9968 -69.9695 3.93989 0.541237 42.048 -69.904 3.939
41.9867 -69.9393 3.93528 0.545274 42.048 -69.904 3.939
41.9639 -69.9748 3.93488 0.441225 42.048 -69.904 3.939
42.1255 -69.9448 3.93899 0.873845 42.048 -69.904 3.939
42.131 -69.8505 3.94491 0.13765 42.048 -69.904 3.939
42.0807 -70.0557 3.93924 0.530922 42.048 -69.904 3.939
41.9867 -69.9393 3.93528 0.545274 42.048 -69.904 3.939
41.9968 -69.9695 3.93989 0.541237 42.048 -69.904 3.939
41.9867 -69.9393 3.93528 0.545274 42.048 -69.904 3.939
41.9639 -69.9748 3.93488 0.441225 42.048 -69.904 3.939
42.0283 -70.0892 3.93389 0.160053 42.048 -69.904 3.939
42.0764 -69.8759 3.93299 0.144477 42.048 -69.904 3.939
41.9639 -69.9748 3.93488 0.441225 42.048 -69.904 3.939
42.2646 -69.8884 3.94349 0.171905 42.048 -69.904 3.939
41.9867 -69.9393 3.93528 0.545274 42.048 -69.904 3.939
42.1982 -69.8642 3.94038 0.389822 42.048 -69.904 3.939
42.0807 -70.0557 3.93924 0.530922 42.048 -69.904 3.939
42.1255 -69.9448 3.93899 0.873845 42.048 -69.904 3.939
42.1337 -69.7926 3.93396 0.0506508 42.048 -69.904 3.939
42.1255 -69.9448 3.93899 0.873845 42.048 -69.904 3.939
42.0517 -69.7395 3.93377 0.0326211 42.048 -69.904 3.939
41.9968 -69.9695 3.93989 0.541237 42.048 -69.904 3.939
42.0663 -69.7331 3.93953 0.0904001 42.048 -69.904 3.939
41.9968 -69.9695 3.93989 0.541237 42.048 -69.904 3.939
42.1255 -69.9448 3.93899 0.873845 42.048 -69.904 3.939
42.0764 -69.8759 3.93299 0.144477 42.048 -69.904 3.939
41.9142 -69.7268 3.94038 0.0129375 42.048 -69.904 3.939
42.1255 -69.9448 3.93899 0.873845 42.048 -69.904 3.939
42.1255 -69.9448 3.93899 0.873845 42.048 -69.904 3.939
41.9867 -69.9393 3.93528 0.545274 42.048 -69.904 3.939
42.0807 -70.0557 3.93924 0.530922 42.048 -69.904 3.939
42.1255 -69.9448 3.93899 0.873845 42.048 -69.904 3.939
41.9968 -69.9695 3.93989 0.541237 42.048 -69.904 3.939
42.0807 -70.0557 3.93924 0.530922 42.048 -69.904 3.939
42.2646 -69.8884 3.94349 0.171905 42.048 -69.904 3.939
42.0663 -69.7331 3.93953 0.0904001 42.048 -69.904 3.939
41.9867 -69.9393 3.93528 0.545274 42.048 -69.904 3.939
42.3413 -70.0063 3.94735 0.015612 42.048 -69.904 3.939
42.0807 -70.0557 3.93924 0.530922 42.048 -69.904 3.939
42.0283 -70.0892 3.93389 0.160053 42.048 -69.904 3.939
42.0807 -70.0557 3.93924 0.530922 42.048 -69.904 3.939
42.1255 -69.9448 3.93899 0.873845 42.048 -69.904 3.939
42.1754 -70.0674 3.93403 0.0604089 42.048 -69.904 3.939
42.0807 -70.0557 3.93924 0.530922 42.048 -69.904 3.939
41.9639 -69.9748 3.93488 0.441225 42.048 -69.904 3.939
42.1255 -69.9448 3.93899 0.873845 42.048 -69.904 3.939
42.1255 -69.9448 3.93899 0.873845 42.048 -69.904 3.939
42.1255 -69.9448 3.93899 0.873845 42.048 -69.904 3.939
41.9431 -70.1848 3.93257 0.0152382 42.048 -69.904 3.939
41.9968 -69.9695 3.93989 0.541237 42.048 -69.904 3.939
41.9968 -69.9695 3.93989 0.541237 42.048 -69.904 3.939
42.0517 -69.7395 3.93377 0.0326211 42.048 -69.904 3.939
41.9968 -69.9695 3.93989 0.541237 42.048 -69.904 3.939
42.0807 -70.0557 3.93924 0.530922 42.048 -69.904 3.939
42.1982 -69.8642 3.94038 0.389822 42.048 -69.904 3.939
42.1982 -69.8642 3.94038 0.389822 42.048 -69.904 3.939
42.1255 -69.9448 3.93899 0.873845 42.048 -69.904 3.939
41.9639 -69.9748 3.93488 0.441225 42.048 -69.904 3.939
42.0807 -70.0557 3.93924 0.530922 42.048 -69.904 3.939
42.1982 -69.8642 3.94038 0.389822 42.048 -69.904 3.939
42.1896 -69.9606 3.94842 0.0236161 42.048 -69.904 3.939
42.131 -69.8505 3.94491 0.13765 42.048 -69.904 3.939
41.9639 -69.9748 3.93488 0.441225 42.048 -69.904 3.939
42.0663 -69.7331 3.93953 0.0904001 42.048 -69.904 3.939
41.9639 -69.9748 3.93488 0.441225 42.048 -69.904 3.939
42.1255 -69.9448 3.93899 0.873845 42.048 -69.904 3.939
41.9867 -69.9393 3.93528 0.545274 42.048 -69.904 3.939
42.0807 -70.0557 3.93924 0.530922 42.048 -69.904 3.939
41.9867 -69.9393 3.93528 0.545274 42.048 -69.904 3.939
42.0807 -70.0557 3.93924 0.530922 42.048 -69.904 3.939
42.0807 -70.0557 3.93924 0.530922 42.048 -69.904 3.939
42.0517 -69.7395 3.93377 0.0326211 42.048 -69.904 3.939
42.0807 -70.0557 3.93924 0.530922 42.048 -69.904 3.939
42.1982 -69.8642 3.94038 0.389822 42.048 -69.904 3.939
42.131 -69.8505 3.94491 0.13765 42.048 -69.904 3.939
42.0283 -70.0892 3.93389 0.160053 42.048 -69.904 3.939
42.0517 -69.7395 3.93377 0.0326211 42.048 -69.904 3.939
42.1982 -69.8642 3.94038 0.389822 42.048 -69.904 3.939
42.1754 -70.0674 3.93403 0.0604089 42.048 -69.904 3.939
41.9639 -69.9748 3.93488 0.441225 42.048 -69.904 3.939
42.0807 -70.0557 3.93924 0.530922 42.048 -69.904 3.939
41.9867 -69.9393 3.93528 0.545274 42.048 -69.904 3.939
42.0807 -70.0557 3.93924 0.530922 42.048 -69.904 3.939
41.9867 -69.9393 3.93528 0.545274 42.048 -69.904 3.939
42.2177 -70.1682 3.94023 0.0380665 42.048 -69.904 3.939
41.9639 -69.9748 3.93488 0.441225 42.048 -69.904 3.939
41.9639 -69.9748 3.93488 0.441225 42.048 -69.904 3.939
41.9968 -69.9695 3.93989 0.541237 42.048 -69.904 3.939
41.9639 -69.9748 3.93488 0.441225 42.048 -69.904 3.939
42.0436 -70.1574 3.9335 0.0422393 42.048 -69.904 3.939
42.1754 -70.0674 3.93403 0.0604089 42.048 -69.904 3.939
42.1255 -69.9448 3.93899 0.873845 42.048 -69.904 3.939
42.0663 -69.7331 3.93953 0.0904001 42.048 -69.904 3.939
42.1255 -69.9448 3.93899 0.873845 42.048 -69.904 3.939
41.9968 -69.9695 3.93989 0.541237 42.048 -69.904 3.939
42.0585 -69.9353 3.93123 0.0758137 42.048 -69.904 3.939
42.1982 -69.8642 3.94038 0.389822 42.048 -69.904 3.939
42.2646 -69.8884 3.94349 0.171905 42.048 -69.904 3.939
42.1255 -69.9448 3.93899 0.873845 42.048 -69.904 3.939
41.9968 -69.9695 3.93989 0.541237 42.048 -69.904 3.939
42.1255 -69.9448 3.93899 0.873845 42.048 -69.904 3.939
41.9639 -69.9748 3.93488 0.441225 42.048 -69.904 3.939
42.1982 -69.8642 3.94038 0.389822 42.048 -69.904 3.939
41.9968 -69.9695 3.93989 0.541237 42.048 -69.904 3.939
42.0807 -70.0557 3.93924 0.530922 42.048 -69.904 3.939
42.1337 -69.7926 3.93396 0.0506508 42.048 -69.904 3.939
42.2646 -69.8884 3.94349 0.171905 42.048 -69.904 3.939
42.0283 -70.0892 3.93389 0.160053 42.048 -69.904 3.939
41.9144 -70.0819 3.93346 0.10004 42.048 -69.904 3.939
41.9867 -69.9393 3.93528 0.545274 42.048 -69.904 3.939
41.9639 -69.9748 3.93488 0.441225 42.048 -69.904 3.939
41.9968 -69.9695 3.93989 0.541237 42.048 -69.904 3.939
42.1982 -69.8642 3.94038 0.389822 42.048 -69.904 3.939
42.1255 -69.9448 3.93899 0.873845 42.048 -69.904 3.939
42.1337 -69.7926 3.93396 0.0506508 42.048 -69.904 3.939
42.3511 -70.0479 3.94124 0.0272259 42.048 -69.904 3.939
42.1255 -69.9448 3.93899 0.873845 42.048 -69.904 3.939
42.1255 -69.9448 3.93899 0.873845 42.048 -69.904 3.939
42.0663 -69.7331 3.93953 0.0904001 42.048 -69.904 3.939
42.1982 -69.8642 3.94038 0.389822 42.048 -69.904 3.939
42.0807 -70.0557 3.93924 0.530922 42.048 -69.904 3.939
42.0764 -69.8759 3.93299 0.144477 42.048 -69.904 3.939
42.0807 -70.0557 3.93924 0.530922 42.048 -69.904 3.939
41.98 -69.8185 3.93184 0.0577854 42.048 -69.904 3.939
42.0436 -70.1574 3.9335 0.0422393 42.048 -69.904 3.939
42.131 -69.8505 3.94491 0.13765 42.048 -69.904 3.939
41.9867 -69.9393 3.93528 0.545274 42.048 -69.904 3.939
42.0807 -70.0557 3.93924 0.530922 42.048 -69.904 3.939
42.0436 -70.1574 3.9335 0.0422393 42.048 -69.904 3.939
41.9431 -70.1848 3.93257 0.0152382 42.048 -69.904 3.939
42.131 -69.8505 3.94491 0.13765 42.048 -69.904 3.939
42.0764 -69.8759 3.93299 0.144477 42.048 -69.904 3.939
41.9639 -69.9748 3.93488 0.441225 42.048 -69.904 3.939
42.1337 -69.7926 3.93396 0.0506508 42.048 -69.904 3.939
42.2177 -70.1682 3.94023 0.0380665 42.048 -69.904 3.939
42.1982 -69.8642 3.94038 0.389822 42.048 -69.904 3.939
42.0663 -69.7331 3.93953 0.0904001 42.048 -69.904 3.939
42.1255 -69.9448 3.93899 0.873845 42.048 -69.904 3.939
41.9867 -69.9393 3.93528 0.545274 42.048 -69.904 3.939
41.8429 -69.8052 3.93869 0.0208344 42.048 -69.904 3.939
42.0585 -69.9353 3.93123 0.0758137 42.048 -69.904 3.939
42.2646 -69.8884 3.94349 0.171905 42.048 -69.904 3.939
41.9639 -69.9748 3.93488 0.441225 42.048 -69.904 3.939
42.1982 -69.8642 3.94038 0.389822 42.048 -69.904 3.939
42.1982 -69.8642 3.94038 0.389822 42.048 -69.904 3.939
41.9639 -69.9748 3.93488 0.441225 42.048 -69.904 3.939
42.1982 -69.8642 3.94038 0.389822 42.048 -69.904 3.939
42.0147 -69.7255 3.93371 0.0252155 42.048 -69.904 3.939
41.9639 -69.9748 3.93488 0.441225 42.048 -69.904 3.939
41.9968 -69.9695 3.93989 0.541237 42.048 -69.904 3.939
41.9968 -69.9695 3.93989 0.541237 42.048 -69.904 3.939
42.0436 -70.1574 3.9335 0.0422393 42.048 -69.904 3.939
42.1982 -69.8642 3.94038 0.389822 42.048 -69.904 3.939
42.131 -69.8505 3.94491 0.13765 42.048 -69.904 3.939
42.2201 -69.8375 3.93606 0.0772072 42.048 -69.904 3.939
42.1255 -69.9448 3.93899 0.873845 42.048 -69.904 3.939
42.2201 -69.8375 3.93606 0.0772072 42.048 -69.904 3.939
42.0585 -69.9353 3.93123 0.0758137 42.048 -69.904 3.939
41.9968 -69.9695 3.93989 0.541237 42.048 -69.904 3.939
42.3515 -70.0586 3.94427 0.0220243 42.048 -69.904 3.939
42.1255 -69.9448 3.93899 0.873845 42.048 -69.904 3.939
42.1982 -69.8642 3.94038 0.389822 42.048 -69.904 3.939
42.1255 -69.9448 3.93899 0.873845 42.048 -69.904 3.939
42.1255 -69.9448 3.93899 0.873845 42.048 -69.904 3.939
41.9639 -69.9748 3.93488 0.441225 42.048 -69.904 3.939
42.1255 -69.9448 3.93899 0.873845 42.048 -69.904 3.939
42.1255 -69.9448 3.93899 0.873845 42.048 -69.904 3.939
42.1255 -69.9448 3.93899 0.873845 42.048 -69.904 3.939
42.0764 -69.8759 3.93299 0.144477 42.048 -69.904 3.939
42.0807 -70.0557 3.93924 0.530922 42.048 -69.904 3.939
41.9867 -69.9393 3.93528 0.545274 42.048 -69.904 3.939
41.9867 -69.9393 3.93528 0.545274 42.048 -69.904 3.939
42.0517 -69.7395 3.93377 0.0326211 42.048 -69.904 3.939
41.9639 -69.9748 3.93488 0.441225 42.048 -69.904 3.939
42.1255 -69.9448 3.93899 0.873845 42.048 -69.904 3.939
42.3515 -70.0586 3.94427 0.0220243 42.048 -69.904 3.939
41.9639 -69.9748 3.93488 0.441225 42.048 -69.904 3.939
42.0807 -70.0557 3.93924 0.530922 42.048 -69.904 3.939
42.1982 -69.8642 3.94038 0.389822 42.048 -69.904 3.939
42.1255 -69.9448 3.93899 0.873845 42.048 -69.904 3.939
42.1982 -69.8642 3.94038 0.389822 42.048 -69.904 3.939
42.0807 -70.0557 3.93924 0.530922 42.048 -69.904 3.939
42.0807 -70.0557 3.93924 0.530922 42.048 -69.904 3.939
42.1982 -69.8642 3.94038 0.389822 42.048 -69.904 3.939
42.0663 -69.7331 3.93953 0.0904001 42.048 -69.904 3.939
42.2201 -69.8375 3.93606 0.0772072 42.048 -69.904 3.939
42.131 -69.8505 3.94491 0.13765 42.048 -69.904 3.939
41.9639 -69.9748 3.93488 0.441225 42.048 -69.904 3.939
42.2201 -69.8375 3.93606 0.0772072 42.048 -69.904 3.939
42.1255 -69.9448 3.93899 0.873845 42.048 -69.904 3.939
42.1982 -69.8642 3.94038 0.389822 42.048 -69.904 3.939
41.9639 -69.9748 3.93488 0.441225 42.048 -69.904 3.939
41.9867 -69.9393 3.93528 0.545274 42.048 -69.904 3.939
42.0283 -70.0892 3.93389 0.160053 42.048 -69.904 3.939
42.1042 -70.213 3.94083 0.0226396 42.048 -69.904 3.939
42.1255 -69.9448 3.93899 0.873845 42.048 -69.904 3.939
42.0807 -70.0557 3.93924 0.530922 42.048 -69.904 3.939
41.9968 -69.9695 3.93989 0.541237 42.048 -69.904 3.939
41.98 -69.8185 3.93184 0.0577854 42.048 -69.904 3.939
