28.8857 -81.3888 3.8748 0.0240906 28.874 -81.3 3.8689
29.1463 -81.2956 3.87418 0.000892454 28.874 -81.3 3.8689
28.8857 -81.3888 3.8748 0.0240906 28.874 -81.3 3.8689
28.8976 -81.209 3.87215 0.00511749 28.874 -81.3 3.8689
28.7653 -81.3108 3.87713 0.00111084 28.874 -81.3 3.8689
28.8857 -81.3888 3.8748 0.0240906 28.874 -81.3 3.8689
28.7348 -81.3288 3.87157 0.0104225 28.874 -81.3 3.8689
28.667 -81.3813 3.87038 0.00493391 28.874 -81.3 3.8689
28.7348 -81.3288 3.87157 0.0104225 28.874 -81.3 3.8689
29.052 -81.4524 3.87654 0.0102335 28.874 -81.3 3.8689
28.8857 -81.3888 3.8748 0.0240906 28.874 -81.3 3.8689
28.8857 -81.3888 3.8748 0.0240906 28.874 -81.3 3.8689
28.5116 -81.3532 3.8714 8.35202e-05 28.874 -81.3 3.8689
28.7348 -81.3288 3.87157 0.0104225 28.874 -81.3 3.8689
28.7348 -81.3288 3.87157 0.0104225 28.874 -81.3 3.8689
28.8857 -81.3888 3.8748 0.0240906 28.874 -81.3 3.8689
28.9241 -81.5467 3.86852 0.000492882 28.874 -81.3 3.8689
29.0376 -81.2923 3.87984 0.00158348 28.874 -81.3 3.8689
28.9247 -81.5265 3.87073 0.0036441 28.874 -81.3 3.8689
28.7902 -81.6386 3.87819 0.000109688 28.874 -81.3 3.8689
28.7348 -81.3288 3.87157 0.0104225 28.874 -81.3 3.8689
28.9241 -81.5467 3.86852 0.000492882 28.874 -81.3 3.8689
28.6421 -81.5248 3.86924 0.000903152 28.874 -81.3 3.8689
28.8857 -81.3888 3.8748 0.0240906 28.874 -81.3 3.8689
28.8857 -81.3888 3.8748 0.0240906 28.874 -81.3 3.8689
28.8857 -81.3888 3.8748 0.0240906 28.874 -81.3 3.8689
28.7348 -81.3288 3.87157 0.0104225 28.874 -81.3 3.8689
28.8857 -81.3888 3.8748 0.0240906 28.874 -81.3 3.8689
29.0298 -81.3394 3.86988 0.00120723 28.874 -81.3 3.8689
28.8857 -81.3888 3.8748 0.0240906 28.874 -81.3 3.8689
29.052 -81.4524 3.87654 0.0102335 28.874 -81.3 3.8689
28.667 -81.3813 3.87038 0.00493391 28.874 -81.3 3.8689
28.667 -81.3813 3.87038 0.00493391 28.874 -81.3 3.8689
28.8857 -81.3888 3.8748 0.0240906 28.874 -81.3 3.8689
28.7653 -81.3108 3.87713 0.00111084 28.874 -81.3 3.8689
28.9027 -81.5487 3.87511 0.00791772 28.874 -81.3 3.8689
29.052 -81.4524 3.87654 0.0102335 28.874 -81.3 3.8689
28.8857 -81.3888 3.8748 0.0240906 28.874 -81.3 3.8689
28.7786 -81.4835 3.87796 0.000968401 28.874 -81.3 3.8689
29.052 -81.4524 3.87654 0.0102335 28.874 -81.3 3.8689
28.8857 -81.3888 3.8748 0.0240906 28.874 -81.3 3.8689
28.8857 -81.3888 3.8748 0.0240906 28.874 -81.3 3.8689
28.8857 -81.3888 3.8748 0.0240906 28.874 -81.3 3.8689
28.9027 -81.5487 3.87511 0.00791772 28.874 -81.3 3.8689
28.8857 -81.3888 3.8748 0.0240906 28.874 -81.3 3.8689
28.9188 -81.7016 3.87923 7.62225e-05 28.874 -81.3 3.8689
28.8389 -81.5423 3.8671 0.000378276 28.874 -81.3 3.8689
28.9027 -81.5487 3.87511 0.00791772 28.874 -81.3 3.8689
28.9027 -81.5487 3.87511 0.00791772 28.874 -81.3 3.8689
28.8976 -81.209 3.87215 0.00511749 28.874 -81.3 3.8689
28.8857 -81.3888 3.8748 0.0240906 28.874 -81.3 3.8689
28.9247 -81.5265 3.87073 0.0036441 28.874 -81.3 3.8689
28.8857 -81.3888 3.8748 0.0240906 28.874 -81.3 3.8689
28.8857 -81.3888 3.8748 0.0240906 28.874 -81.3 3.8689
29.0376 -81.2923 3.87984 0.00158348 28.874 -81.3 3.8689
28.8857 -81.3888 3.8748 0.0240906 28.874 -81.3 3.8689
28.8857 -81.3888 3.8748 0.0240906 28.874 -81.3 3.8689
28.7217 -81.3755 3.87583 0.00186268 28.874 -81.3 3.8689
29.052 -81.4524 3.87654 0.0102335 28.874 -81.3 3.8689
28.8857 -81.3888 3.8748 0.0240906 28.874 -81.3 3.8689
29.0298 -81.3394 3.86988 0.00120723 28.874 -81.3 3.8689
28.7653 -81.3108 3.87713 0.00111084 28.874 -81.3 3.8689
28.8857 -81.3888 3.8748 0.0240906 28.874 -81.3 3.8689
29.052 -81.4524 3.87654 0.0102335 28.874 -81.3 3.8689
28.9277 -81.5978 3.86956 0.000398452 28.874 -81.3 3.8689
28.9247 -81.5265 3.87073 0.0036441 28.874 -81.3 3.8689
29.07 -81.5477 3.88125 0.000794033 28.874 -81.3 3.8689
28.8857 -81.3888 3.8748 0.0240906 28.874 -81.3 3.8689
28.667 -81.3813 3.87038 0.00493391 28.874 -81.3 3.8689
28.9027 -81.5487 3.87511 0.00791772 28.874 -81.3 3.8689
28.8857 -81.3888 3.8748 0.0240906 28.874 -81.3 3.8689
29.052 -81.4524 3.87654 0.0102335 28.874 -81.3 3.8689
28.8857 -81.3888 3.8748 0.0240906 28.874 -81.3 3.8689
28.8857 -81.3888 3.8748 0.0240906 28.874 -81.3 3.8689
28.8857 -81.3888 3.8748 0.0240906 28.874 -81.3 3.8689
29.07 -81.5477 3.88125 0.000794033 28.874 -81.3 3.8689
28.8857 -81.3888 3.8748 0.0240906 28.874 -81.3 3.8689
28.8857 -81.3888 3.8748 0.0240906 28.874 -81.3 3.8689
28.8857 -81.3888 3.8748 0.0240906 28.874 -81.3 3.8689
29.1463 -81.2956 3.87418 0.000892454 28.874 -81.3 3.8689
28.7348 -81.3288 3.87157 0.0104225 28.874 -81.3 3.8689
28.9027 -81.5487 3.87511 0.00791772 28.874 -81.3 3.8689
29.0376 -81.2923 3.87984 0.00158348 28.874 -81.3 3.8689
28.8857 -81.3888 3.8748 0.0240906 28.874 -81.3 3.8689
29.1463 -81.2956 3.87418 0.000892454 28.874 -81.3 3.8689
28.8857 -81.3888 3.8748 0.0240906 28.874 -81.3 3.8689
28.8857 -81.3888 3.8748 0.0240906 28.874 -81.3 3.8689
28.8857 -81.3888 3.8748 0.0240906 28.874 -81.3 3.8689
28.8857 -81.3888 3.8748 0.0240906 28.874 -81.3 3.8689
28.667 -81.3813 3.87038 0.00493391 28.874 -81.3 3.8689
28.8618 -81.2008 3.86801 0.0011213 28.874 -81.3 3.8689
28.8857 -81.3888 3.8748 0.0240906 28.874 -81.3 3.8689
28.667 -81.3813 3.87038 0.00493391 28.874 -81.3 3.8689
28.7348 -81.3288 3.87157 0.0104225 28.874 -81.3 3.8689
28.667 -81.3813 3.87038 0.00493391 28.874 -81.3 3.8689
29.052 -81.4524 3.87654 0.0102335 28.874 -81.3 3.8689
28.8857 -81.3888 3.8748 0.0240906 28.874 -81.3 3.8689
28.7653 -81.3108 3.87713 0.00111084 28.874 -81.3 3.8689
28.9241 -81.5467 3.86852 0.000492882 28.874 -81.3 3.8689
29.052 -81.4524 3.87654 0.0102335 28.874 -81.3 3.8689
28.7348 -81.3288 3.87157 0.0104225 28.874 -81.3 3.8689
28.8857 -81.3888 3.8748 0.0240906 28.874 -81.3 3.8689
29.052 -81.4524 3.87654 0.0102335 28.874 -81.3 3.8689
28.9027 -81.5487 3.87511 0.00791772 28.874 -81.3 3.8689
28.8857 -81.3888 3.8748 0.0240906 28.874 -81.3 3.8689
28.8857 -81.3888 3.8748 0.0240906 28.874 -81.3 3.8689
28.667 -81.3813 3.87038 0.00493391 28.874 -81.3 3.8689
28.9027 -81.5487 3.87511 0.00791772 28.874 -81.3 3.8689
28.8857 -81.3888 3.8748 0.0240906 28.874 -81.3 3.8689
28.7348 -81.3288 3.87157 0.0104225 28.874 -81.3 3.8689
28.9027 -81.5487 3.87511 0.00791772 28.874 -81.3 3.8689
28.667 -81.3813 3.87038 0.00493391 28.874 -81.3 3.8689
28.7348 -81.3288 3.87157 0.0104225 28.874 -81.3 3.8689
28.8857 -81.3888 3.8748 0.0240906 28.874 -81.3 3.8689
28.9027 -81.5487 3.87511 0.00791772 28.874 -81.3 3.8689
28.667 -81.3813 3.87038 0.00493391 28.874 -81.3 3.8689
28.8857 -81.3888 3.8748 0.0240906 28.874 -81.3 3.8689
28.8857 -81.3888 3.8748 0.0240906 28.874 -81.3 3.8689
28.8857 -81.3888 3.8748 0.0240906 28.874 -81.3 3.8689
28.8618 -81.2008 3.86801 0.0011213 28.874 -81.3 3.8689
28.7317 -81.5409 3.87512 0.00139881 28.874 -81.3 3.8689
28.7217 -81.3755 3.87583 0.00186268 28.874 -81.3 3.8689
29.0376 -81.2923 3.87984 0.00158348 28.874 -81.3 3.8689
28.7217 -81.3755 3.87583 0.00186268 28.874 -81.3 3.8689
28.8857 -81.3888 3.8748 0.0240906 28.874 -81.3 3.8689
28.8857 -81.3888 3.8748 0.0240906 28.874 -81.3 3.8689
28.7653 -81.3108 3.87713 0.00111084 28.874 -81.3 3.8689
28.8857 -81.3888 3.8748 0.0240906 28.874 -81.3 3.8689
28.8857 -81.3888 3.8748 0.0240906 28.874 -81.3 3.8689
28.8857 -81.3888 3.8748 0.0240906 28.874 -81.3 3.8689
29.052 -81.4524 3.87654 0.0102335 28.874 -81.3 3.8689
28.667 -81.3813 3.87038 0.00493391 28.874 -81.3 3.8689
28.7348 -81.3288 3.87157 0.0104225 28.874 -81.3 3.8689
28.9247 -81.5265 3.87073 0.0036441 28.874 -81.3 3.8689
29.0978 -81.2225 3.87038 0.000119566 28.874 -81.3 3.8689
28.667 -81.3813 3.87038 0.00493391 28.874 -81.3 3.8689
29.052 -81.4524 3.87654 0.0102335 28.874 -81.3 3.8689
29.07 -81.5477 3.88125 0.000794033 28.874 -81.3 3.8689
28.8857 -81.3888 3.8748 0.0240906 28.874 -81.3 3.8689
28.8857 -81.3888 3.8748 0.0240906 28.874 -81.3 3.8689
28.9027 -81.5487 3.87511 0.00791772 28.874 -81.3 3.8689
28.8857 -81.3888 3.8748 0.0240906 28.874 -81.3 3.8689
29.052 -81.4524 3.87654 0.0102335 28.874 -81.3 3.8689
28.7348 -81.3288 3.87157 0.0104225 28.874 -81.3 3.8689
28.7348 -81.3288 3.87157 0.0104225 28.874 -81.3 3.8689
28.8857 -81.3888 3.8748 0.0240906 28.874 -81.3 3.8689
28.7549 -81.2157 3.86615 0.000721514 28.874 -81.3 3.8689
28.9247 -81.5265 3.87073 0.0036441 28.874 -81.3 3.8689
28.7348 -81.3288 3.87157 0.0104225 28.874 -81.3 3.8689
28.8857 -81.3888 3.8748 0.0240906 28.874 -81.3 3.8689
29.052 -81.4524 3.87654 0.0102335 28.874 -81.3 3.8689
28.9247 -81.5265 3.87073 0.0036441 28.874 -81.3 3.8689
28.9247 -81.5265 3.87073 0.0036441 28.874 -81.3 3.8689
28.8857 -81.3888 3.8748 0.0240906 28.874 -81.3 3.8689
28.8857 -81.3888 3.8748 0.0240906 28.874 -81.3 3.8689
28.8857 -81.3888 3.8748 0.0240906 28.874 -81.3 3.8689
28.7348 -81.3288 3.87157 0.0104225 28.874 -81.3 3.8689
28.8857 -81.3888 3.8748 0.0240906 28.874 -81.3 3.8689
28.7317 -81.5409 3.87512 0.00139881 28.874 -81.3 3.8689
28.9027 -81.5487 3.87511 0.00791772 28.874 -81.3 3.8689
28.7348 -81.3288 3.87157 0.0104225 28.874 -81.3 3.8689
29.0298 -81.3394 3.86988 0.00120723 28.874 -81.3 3.8689
28.8857 -81.3888 3.8748 0.0240906 28.874 -81.3 3.8689
29.052 -81.4524 3.87654 0.0102335 28.874 -81.3 3.8689
28.6075 -81.4787 3.87506 0.000120755 28.874 -81.3 3.8689
28.9325 -81.654 3.87679 0.00080796 28.874 -81.3 3.8689
28.9027 -81.5487 3.87511 0.00791772 28.874 -81.3 3.8689
29.07 -81.5477 3.88125 0.000794033 28.874 -81.3 3.8689
28.8857 -81.3888 3.8748 0.0240906 28.874 -81.3 3.8689
28.667 -81.3813 3.87038 0.00493391 28.874 -81.3 3.8689
28.9325 -81.654 3.87679 0.00080796 28.874 -81.3 3.8689
28.8857 -81.3888 3.8748 0.0240906 28.874 -81.3 3.8689
29.0298 -81.3394 3.86988 0.00120723 28.874 -81.3 3.8689
28.667 -81.3813 3.87038 0.00493391 28.874 -81.3 3.8689
28.9247 -81.5265 3.87073 0.0036441 28.874 -81.3 3.8689
28.9247 -81.5265 3.87073 0.0036441 28.874 -81.3 3.8689
29.052 -81.4524 3.87654 0.0102335 28.874 -81.3 3.8689
28.7348 -81.3288 3.87157 0.0104225 28.874 -81.3 3.8689
28.8857 -81.3888 3.8748 0.0240906 28.874 -81.3 3.8689
28.667 -81.3813 3.87038 0.00493391 28.874 -81.3 3.8689
29.052 -81.4524 3.87654 0.0102335 28.874 -81.3 3.8689
28.7348 -81.3288 3.87157 0.0104225 28.874 -81.3 3.8689
28.7348 -81.3288 3.87157 0.0104225 28.874 -81.3 3.8689
28.9277 -81.5978 3.86956 0.000398452 28.874 -81.3 3.8689
29.1463 -81.2956 3.87418 0.000892454 28.874 -81.3 3.8689
28.667 -81.3813 3.87038 0.00493391 28.874 -81.3 3.8689
28.7348 -81.3288 3.87157 0.0104225 28.874 -81.3 3.8689
28.9027 -81.5487 3.87511 0.00791772 28.874 -81.3 3.8689
28.9325 -81.654 3.87679 0.00080796 28.874 -81.3 3.8689
28.8857 -81.3888 3.8748 0.0240906 28.874 -81.3 3.8689
29.1463 -81.2956 3.87418 0.000892454 28.874 -81.3 3.8689
28.9027 -81.5487 3.87511 0.00791772 28.874 -81.3 3.8689
28.9027 -81.5487 3.87511 0.00791772 28.874 -81.3 3.8689
28.7348 -81.3288 3.87157 0.0104225 28.874 -81.3 3.8689
28.8857 -81.3888 3.8748 0.0240906 28.874 -81.3 3.8689
28.9247 -81.5265 3.87073 0.0036441 28.874 -81.3 3.8689
28.8857 -81.3888 3.8748 0.0240906 28.874 -81.3 3.8689
29.052 -81.4524 3.87654 0.0102335 28.874 -81.3 3.8689
29.1463 -81.2956 3.87418 0.000892454 28.874 -81.3 3.8689
28.7653 -81.3108 3.87713 0.00111084 28.874 -81.3 3.8689
