109.216 19.2385 0.0606489 0.344322 109.18 19.301 0.061221
109.046 19.1594 0.0687083 0.3962 109.18 19.301 0.061221
109.274 19.2659 0.0705654 0.0861717 109.18 19.301 0.061221
109.274 19.2659 0.0705654 0.0861717 109.18 19.301 0.061221
109.391 19.0693 0.0646299 0.0528252 109.18 19.301 0.061221
108.867 19.3298 0.0675807 0.0514788 109.18 19.301 0.061221
108.867 19.3298 0.0675807 0.0514788 109.18 19.301 0.061221
109.275 19.1339 0.0640306 0.357958 109.18 19.301 0.061221
108.994 19.1471 0.068422 0.285642 109.18 19.301 0.061221
109.057 19.2861 0.0654113 0.533727 109.18 19.301 0.061221
109.191 19.3573 0.0714095 0.0719819 109.18 19.301 0.061221
108.98 19.214 0.0643667 0.258494 109.18 19.301 0.061221
109.057 19.2861 0.0654113 0.533727 109.18 19.301 0.061221
109.17 19.0559 0.0698218 0.124645 109.18 19.301 0.061221
108.867 19.3298 0.0675807 0.0514788 109.18 19.301 0.061221
109.275 19.1339 0.0640306 0.357958 109.18 19.301 0.061221
108.994 19.1471 0.068422 0.285642 109.18 19.301 0.061221
109.21 19.1776 0.0728798 0.044504 109.18 19.301 0.061221
109.046 19.1594 0.0687083 0.3962 109.18 19.301 0.061221
109.274 19.2659 0.0705654 0.0861717 109.18 19.301 0.061221
108.98 19.214 0.0643667 0.258494 109.18 19.301 0.061221
109.17 19.0559 0.0698218 0.124645 109.18 19.301 0.061221
109.268 19.145 0.0679585 0.233391 109.18 19.301 0.061221
109.17 19.0559 0.0698218 0.124645 109.18 19.301 0.061221
108.929 19.2079 0.0615967 0.0476263 109.18 19.301 0.061221
109.003 18.9509 0.0734541 0.00587877 109.18 19.301 0.061221
108.994 19.1471 0.068422 0.285642 109.18 19.301 0.061221
109.331 19.1894 0.0633734 0.271025 109.18 19.301 0.061221
109.057 19.2861 0.0654113 0.533727 109.18 19.301 0.061221
109.275 19.1339 0.0640306 0.357958 109.18 19.301 0.061221
109.391 19.0693 0.0646299 0.0528252 109.18 19.301 0.061221
108.98 19.214 0.0643667 0.258494 109.18 19.301 0.061221
109.046 19.1594 0.0687083 0.3962 109.18 19.301 0.061221
109.057 19.2861 0.0654113 0.533727 109.18 19.301 0.061221
109.057 19.2861 0.0654113 0.533727 109.18 19.301 0.061221
108.994 19.1471 0.068422 0.285642 109.18 19.301 0.061221
108.98 19.214 0.0643667 0.258494 109.18 19.301 0.061221
109.427 19.1504 0.0643978 0.0553257 109.18 19.301 0.061221
109.046 19.1594 0.0687083 0.3962 109.18 19.301 0.061221
109.046 19.1594 0.0687083 0.3962 109.18 19.301 0.061221
109.216 19.2385 0.0606489 0.344322 109.18 19.301 0.061221
109.046 19.1594 0.0687083 0.3962 109.18 19.301 0.061221
109.275 19.1339 0.0640306 0.357958 109.18 19.301 0.061221
108.994 19.1471 0.068422 0.285642 109.18 19.301 0.061221
109.059 19.3448 0.0678771 0.34049 109.18 19.301 0.061221
109.268 19.145 0.0679585 0.233391 109.18 19.301 0.061221
109.057 19.2861 0.0654113 0.533727 109.18 19.301 0.061221
108.874 19.3146 0.0585499 0.00188335 109.18 19.301 0.061221
109.046 19.1594 0.0687083 0.3962 109.18 19.301 0.061221
108.994 19.1471 0.068422 0.285642 109.18 19.301 0.061221
109.057 19.2861 0.0654113 0.533727 109.18 19.301 0.061221
109.051 19.5192 0.067671 0.0304409 109.18 19.301 0.061221
109.145 19.3403 0.0738067 0.025965 109.18 19.301 0.061221
108.994 19.1471 0.068422 0.285642 109.18 19.301 0.061221
108.994 19.1471 0.068422 0.285642 109.18 19.301 0.061221
109.057 19.2861 0.0654113 0.533727 109.18 19.301 0.061221
109.046 19.1594 0.0687083 0.3962 109.18 19.301 0.061221
109.046 19.1594 0.0687083 0.3962 109.18 19.301 0.061221
109.322 19.0657 0.0640836 0.129963 109.18 19.301 0.061221
109.21 19.1776 0.0728798 0.044504 109.18 19.301 0.061221
109.059 19.3448 0.0678771 0.34049 109.18 19.301 0.061221
109.216 19.2385 0.0606489 0.344322 109.18 19.301 0.061221
109.331 19.1894 0.0633734 0.271025 109.18 19.301 0.061221
109.418 18.9144 0.0599095 0.00213503 109.18 19.301 0.061221
109.18 18.9519 0.0639812 0.0568029 109.18 19.301 0.061221
109.021 18.8097 0.0627799 0.000770311 109.18 19.301 0.061221
109.426 19.5128 0.0590102 0.00316503 109.18 19.301 0.061221
109.233 18.9396 0.065531 0.0388173 109.18 19.301 0.061221
108.994 19.1471 0.068422 0.285642 109.18 19.301 0.061221
109.331 19.1894 0.0633734 0.271025 109.18 19.301 0.061221
109.274 19.2659 0.0705654 0.0861717 109.18 19.301 0.061221
108.867 19.3298 0.0675807 0.0514788 109.18 19.301 0.061221
108.994 19.1471 0.068422 0.285642 109.18 19.301 0.061221
108.98 19.214 0.0643667 0.258494 109.18 19.301 0.061221
108.98 19.214 0.0643667 0.258494 109.18 19.301 0.061221
109.275 19.1339 0.0640306 0.357958 109.18 19.301 0.061221
109.274 19.2659 0.0705654 0.0861717 109.18 19.301 0.061221
109.233 18.9396 0.065531 0.0388173 109.18 19.301 0.061221
109.268 19.145 0.0679585 0.233391 109.18 19.301 0.061221
109.145 19.3403 0.0738067 0.025965 109.18 19.301 0.061221
109.057 19.2861 0.0654113 0.533727 109.18 19.301 0.061221
108.929 19.2079 0.0615967 0.0476263 109.18 19.301 0.061221
109.059 19.3448 0.0678771 0.34049 109.18 19.301 0.061221
109.191 19.3573 0.0714095 0.0719819 109.18 19.301 0.061221
109.275 19.1339 0.0640306 0.357958 109.18 19.301 0.061221
109.046 19.1594 0.0687083 0.3962 109.18 19.301 0.061221
109.394 19.3351 0.0631092 0.0871793 109.18 19.301 0.061221
108.994 19.1471 0.068422 0.285642 109.18 19.301 0.061221
108.929 19.2079 0.0615967 0.0476263 109.18 19.301 0.061221
109.322 19.0657 0.0640836 0.129963 109.18 19.301 0.061221
108.98 19.214 0.0643667 0.258494 109.18 19.301 0.061221
108.994 19.1471 0.068422 0.285642 109.18 19.301 0.061221
109.268 19.145 0.0679585 0.233391 109.18 19.301 0.061221
109.275 19.1339 0.0640306 0.357958 109.18 19.301 0.061221
109.469 19.0402 0.0593026 0.00713231 109.18 19.301 0.061221
109.046 19.1594 0.0687083 0.3962 109.18 19.301 0.061221
108.98 19.214 0.0643667 0.258494 109.18 19.301 0.061221
109.268 19.145 0.0679585 0.233391 109.18 19.301 0.061221
108.994 19.1471 0.068422 0.285642 109.18 19.301 0.061221
109.427 19.1504 0.0643978 0.0553257 109.18 19.301 0.061221
109.046 19.1594 0.0687083 0.3962 109.18 19.301 0.061221
109.34 19.4191 0.0615562 0.0668596 109.18 19.301 0.061221
109.057 19.2861 0.0654113 0.533727 109.18 19.301 0.061221
109.059 19.3448 0.0678771 0.34049 109.18 19.301 0.061221
109.046 19.1594 0.0687083 0.3962 109.18 19.301 0.061221
109.418 19.1502 0.0670408 0.0352716 109.18 19.301 0.061221
109.057 19.2861 0.0654113 0.533727 109.18 19.301 0.061221
109.386 19.3984 0.0604305 0.0419655 109.18 19.301 0.061221
108.994 19.1471 0.068422 0.285642 109.18 19.301 0.061221
109.275 19.1339 0.0640306 0.357958 109.18 19.301 0.061221
108.98 19.214 0.0643667 0.258494 109.18 19.301 0.061221
108.929 19.2079 0.0615967 0.0476263 109.18 19.301 0.061221
109.268 19.145 0.0679585 0.233391 109.18 19.301 0.061221
109.275 19.1339 0.0640306 0.357958 109.18 19.301 0.061221
109.057 19.2861 0.0654113 0.533727 109.18 19.301 0.061221
109.331 19.1894 0.0633734 0.271025 109.18 19.301 0.061221
109.21 19.1776 0.0728798 0.044504 109.18 19.301 0.061221
108.994 19.1471 0.068422 0.285642 109.18 19.301 0.061221
109.046 19.1594 0.0687083 0.3962 109.18 19.301 0.061221
109.046 19.1594 0.0687083 0.3962 109.18 19.301 0.061221
109.057 19.2861 0.0654113 0.533727 109.18 19.301 0.061221
109.057 19.2861 0.0654113 0.533727 109.18 19.301 0.061221
109.057 19.2861 0.0654113 0.533727 109.18 19.301 0.061221
109.057 19.2861 0.0654113 0.533727 109.18 19.301 0.061221
109.268 19.145 0.0679585 0.233391 109.18 19.301 0.061221
109.233 18.9396 0.065531 0.0388173 109.18 19.301 0.061221
109.046 19.1594 0.0687083 0.3962 109.18 19.301 0.061221
109.427 19.1504 0.0643978 0.0553257 109.18 19.301 0.061221
109.057 19.2861 0.0654113 0.533727 109.18 19.301 0.061221
109.059 19.3448 0.0678771 0.34049 109.18 19.301 0.061221
109.17 19.0559 0.0698218 0.124645 109.18 19.301 0.061221
109.059 19.3448 0.0678771 0.34049 109.18 19.301 0.061221
109.18 18.9519 0.0639812 0.0568029 109.18 19.301 0.061221
108.98 19.214 0.0643667 0.258494 109.18 19.301 0.061221
109.057 19.2861 0.0654113 0.533727 109.18 19.301 0.061221
109.427 19.1504 0.0643978 0.0553257 109.18 19.301 0.061221
109.057 19.2861 0.0654113 0.533727 109.18 19.301 0.061221
109.145 19.3403 0.0738067 0.025965 109.18 19.301 0.061221
109.059 19.3448 0.0678771 0.34049 109.18 19.301 0.061221
109.057 19.2861 0.0654113 0.533727 109.18 19.301 0.061221
109.331 19.1894 0.0633734 0.271025 109.18 19.301 0.061221
109.331 19.1894 0.0633734 0.271025 109.18 19.301 0.061221
109.331 19.1894 0.0633734 0.271025 109.18 19.301 0.061221
109.216 19.2385 0.0606489 0.344322 109.18 19.301 0.061221
109.057 19.2861 0.0654113 0.533727 109.18 19.301 0.061221
109.046 19.1594 0.0687083 0.3962 109.18 19.301 0.061221
109.274 19.2659 0.0705654 0.0861717 109.18 19.301 0.061221
109.057 19.2861 0.0654113 0.533727 109.18 19.301 0.061221
108.929 19.2079 0.0615967 0.0476263 109.18 19.301 0.061221
108.994 19.1471 0.068422 0.285642 109.18 19.301 0.061221
108.98 19.214 0.0643667 0.258494 109.18 19.301 0.061221
109.057 19.2861 0.0654113 0.533727 109.18 19.301 0.061221
109.394 19.3351 0.0631092 0.0871793 109.18 19.301 0.061221
108.98 19.214 0.0643667 0.258494 109.18 19.301 0.061221
108.994 19.1471 0.068422 0.285642 109.18 19.301 0.061221
108.994 19.1471 0.068422 0.285642 109.18 19.301 0.061221
109.394 19.3351 0.0631092 0.0871793 109.18 19.301 0.061221
109.331 19.1894 0.0633734 0.271025 109.18 19.301 0.061221
108.994 19.1471 0.068422 0.285642 109.18 19.301 0.061221
109.413 19.4143 0.0598427 0.0214485 109.18 19.301 0.061221
109.427 19.1504 0.0643978 0.0553257 109.18 19.301 0.061221
108.994 19.1471 0.068422 0.285642 109.18 19.301 0.061221
109.216 19.2385 0.0606489 0.344322 109.18 19.301 0.061221
109.391 19.0693 0.0646299 0.0528252 109.18 19.301 0.061221
109.051 19.5192 0.067671 0.0304409 109.18 19.301 0.061221
109.275 19.1339 0.0640306 0.357958 109.18 19.301 0.061221
109.059 19.3448 0.0678771 0.34049 109.18 19.301 0.061221
109.322 19.0657 0.0640836 0.129963 109.18 19.301 0.061221
109.391 19.0693 0.0646299 0.0528252 109.18 19.301 0.061221
109.057 19.2861 0.0654113 0.533727 109.18 19.301 0.061221
108.994 19.1471 0.068422 0.285642 109.18 19.301 0.061221
109.057 19.2861 0.0654113 0.533727 109.18 19.301 0.061221
109.057 19.2861 0.0654113 0.533727 109.18 19.301 0.061221
109.059 19.3448 0.0678771 0.34049 109.18 19.301 0.061221
108.929 19.2079 0.0615967 0.0476263 109.18 19.301 0.061221
109.268 19.145 0.0679585 0.233391 109.18 19.301 0.061221
109.331 19.1894 0.0633734 0.271025 109.18 19.301 0.061221
109.046 19.1594 0.0687083 0.3962 109.18 19.301 0.061221
108.98 19.214 0.0643667 0.258494 109.18 19.301 0.061221
108.867 19.3298 0.0675807 0.0514788 109.18 19.301 0.061221
109.059 19.3448 0.0678771 0.34049 109.18 19.301 0.061221
109.059 19.3448 0.0678771 0.34049 109.18 19.301 0.061221
109.028 19.1636 0.0609701 0.128519 109.18 19.301 0.061221
108.98 19.214 0.0643667 0.258494 109.18 19.301 0.061221
109.418 19.1502 0.0670408 0.0352716 109.18 19.301 0.061221
109.34 19.4191 0.0615562 0.0668596 109.18 19.301 0.061221
109.233 18.9396 0.065531 0.0388173 109.18 19.301 0.061221
109.391 19.0693 0.0646299 0.0528252 109.18 19.301 0.061221
109.34 19.4191 0.0615562 0.0668596 109.18 19.301 0.061221
109.216 19.2385 0.0606489 0.344322 109.18 19.301 0.061221
109.046 19.1594 0.0687083 0.3962 109.18 19.301 0.061221
108.994 19.1471 0.068422 0.285642 109.18 19.301 0.061221
109.046 19.1594 0.0687083 0.3962 109.18 19.301 0.061221
108.867 19.3298 0.0675807 0.0514788 109.18 19.301 0.061221
109.331 19.1894 0.0633734 0.271025 109.18 19.301 0.061221
109.035 19.3072 0.075677 0.0119962 109.18 19.301 0.061221
109.057 19.2861 0.0654113 0.533727 109.18 19.301 0.061221
109.216 19.2385 0.0606489 0.344322 109.18 19.301 0.061221
109.057 19.2861 0.0654113 0.533727 109.18 19.301 0.061221
109.21 19.1776 0.0728798 0.044504 109.18 19.301 0.061221
