206.901 -9.93977 3.0604 0.720334 206.74 -10.17 3.0591
206.827 -10.1594 3.049 0.264131 206.74 -10.17 3.0591
206.882 -10.1538 3.06145 1.13988 206.74 -10.17 3.0591
206.914 -10.2447 3.05243 0.502203 206.74 -10.17 3.0591
206.712 -10.1625 3.05596 2.11092 206.74 -10.17 3.0591
207.049 -10.1713 3.06554 0.192409 206.74 -10.17 3.0591
206.78 -10.3665 3.05902 0.208001 206.74 -10.17 3.0591
206.608 -10.224 3.0559 0.616943 206.74 -10.17 3.0591
206.744 -10.1021 3.05865 1.45702 206.74 -10.17 3.0591
206.94 -10.1271 3.05858 2.05114 206.74 -10.17 3.0591
206.997 -9.99381 3.05931 0.895618 206.74 -10.17 3.0591
206.712 -10.1625 3.05596 2.11092 206.74 -10.17 3.0591
206.94 -10.1271 3.05858 2.05114 206.74 -10.17 3.0591
206.756 -10.146 3.04704 0.142747 206.74 -10.17 3.0591
206.882 -10.1538 3.06145 1.13988 206.74 -10.17 3.0591
206.997 -9.99381 3.05931 0.895618 206.74 -10.17 3.0591
207.028 -10.1144 3.06307 0.703734 206.74 -10.17 3.0591
206.744 -10.1021 3.05865 1.45702 206.74 -10.17 3.0591
206.94 -10.1271 3.05858 2.05114 206.74 -10.17 3.0591
206.609 -10.2844 3.05464 0.570978 206.74 -10.17 3.0591
207.106 -10.1681 3.06496 0.201359 206.74 -10.17 3.0591
206.609 -10.2844 3.05464 0.570978 206.74 -10.17 3.0591
206.531 -10.2802 3.04652 0.194003 206.74 -10.17 3.0591
206.712 -10.1625 3.05596 2.11092 206.74 -10.17 3.0591
206.94 -10.1271 3.05858 2.05114 206.74 -10.17 3.0591
206.998 -10.0468 3.05977 1.24341 206.74 -10.17 3.0591
207.049 -10.1713 3.06554 0.192409 206.74 -10.17 3.0591
206.744 -10.1021 3.05865 1.45702 206.74 -10.17 3.0591
206.41 -10.1796 3.04806 0.111317 206.74 -10.17 3.0591
206.744 -10.1021 3.05865 1.45702 206.74 -10.17 3.0591
206.712 -10.1625 3.05596 2.11092 206.74 -10.17 3.0591
206.914 -10.2447 3.05243 0.502203 206.74 -10.17 3.0591
206.576 -10.3305 3.05139 0.404594 206.74 -10.17 3.0591
206.997 -9.99381 3.05931 0.895618 206.74 -10.17 3.0591
206.712 -10.1625 3.05596 2.11092 206.74 -10.17 3.0591
206.608 -10.224 3.0559 0.616943 206.74 -10.17 3.0591
206.827 -10.1594 3.049 0.264131 206.74 -10.17 3.0591
206.94 -10.1271 3.05858 2.05114 206.74 -10.17 3.0591
206.77 -9.85277 3.05358 0.117857 206.74 -10.17 3.0591
206.69 -9.95986 3.04453 0.00483387 206.74 -10.17 3.0591
206.997 -9.99381 3.05931 0.895618 206.74 -10.17 3.0591
206.445 -10.2936 3.05197 0.0945282 206.74 -10.17 3.0591
207.028 -10.1144 3.06307 0.703734 206.74 -10.17 3.0591
206.744 -10.1021 3.05865 1.45702 206.74 -10.17 3.0591
206.94 -10.1271 3.05858 2.05114 206.74 -10.17 3.0591
206.959 -9.79271 3.05936 0.0602764 206.74 -10.17 3.0591
206.576 -10.3305 3.05139 0.404594 206.74 -10.17 3.0591
206.75 -10.1582 3.04918 0.591137 206.74 -10.17 3.0591
206.901 -9.93977 3.0604 0.720334 206.74 -10.17 3.0591
206.712 -10.1625 3.05596 2.11092 206.74 -10.17 3.0591
206.576 -10.3305 3.05139 0.404594 206.74 -10.17 3.0591
206.712 -10.1625 3.05596 2.11092 206.74 -10.17 3.0591
206.704 -10.2651 3.04817 0.393524 206.74 -10.17 3.0591
206.882 -10.1538 3.06145 1.13988 206.74 -10.17 3.0591
206.998 -10.0468 3.05977 1.24341 206.74 -10.17 3.0591
206.608 -10.224 3.0559 0.616943 206.74 -10.17 3.0591
206.94 -10.1271 3.05858 2.05114 206.74 -10.17 3.0591
206.576 -10.3305 3.05139 0.404594 206.74 -10.17 3.0591
206.997 -9.99381 3.05931 0.895618 206.74 -10.17 3.0591
206.704 -10.2651 3.04817 0.393524 206.74 -10.17 3.0591
206.712 -10.1625 3.05596 2.11092 206.74 -10.17 3.0591
206.94 -10.1271 3.05858 2.05114 206.74 -10.17 3.0591
206.712 -10.1625 3.05596 2.11092 206.74 -10.17 3.0591
206.901 -9.93977 3.0604 0.720334 206.74 -10.17 3.0591
206.94 -10.1271 3.05858 2.05114 206.74 -10.17 3.0591
206.712 -10.1625 3.05596 2.11092 206.74 -10.17 3.0591
206.744 -10.1021 3.05865 1.45702 206.74 -10.17 3.0591
207.028 -10.1144 3.06307 0.703734 206.74 -10.17 3.0591
206.954 -10.328 3.05588 0.415112 206.74 -10.17 3.0591
206.882 -10.1538 3.06145 1.13988 206.74 -10.17 3.0591
206.609 -10.2844 3.05464 0.570978 206.74 -10.17 3.0591
206.914 -10.2447 3.05243 0.502203 206.74 -10.17 3.0591
206.954 -10.328 3.05588 0.415112 206.74 -10.17 3.0591
207.028 -10.1144 3.06307 0.703734 206.74 -10.17 3.0591
206.609 -10.2844 3.05464 0.570978 206.74 -10.17 3.0591
206.762 -9.89961 3.05625 0.418483 206.74 -10.17 3.0591
206.94 -10.1271 3.05858 2.05114 206.74 -10.17 3.0591
206.704 -10.2651 3.04817 0.393524 206.74 -10.17 3.0591
206.77 -9.85277 3.05358 0.117857 206.74 -10.17 3.0591
206.75 -10.1582 3.04918 0.591137 206.74 -10.17 3.0591
206.75 -10.1582 3.04918 0.591137 206.74 -10.17 3.0591
206.78 -10.3665 3.05902 0.208001 206.74 -10.17 3.0591
206.94 -10.1271 3.05858 2.05114 206.74 -10.17 3.0591
206.704 -10.2651 3.04817 0.393524 206.74 -10.17 3.0591
206.94 -10.1271 3.05858 2.05114 206.74 -10.17 3.0591
206.596 -10.1252 3.05903 0.167736 206.74 -10.17 3.0591
206.596 -10.1252 3.05903 0.167736 206.74 -10.17 3.0591
206.744 -10.1021 3.05865 1.45702 206.74 -10.17 3.0591
206.712 -10.1625 3.05596 2.11092 206.74 -10.17 3.0591
207.028 -10.1144 3.06307 0.703734 206.74 -10.17 3.0591
207.026 -10.1223 3.05554 0.497856 206.74 -10.17 3.0591
206.901 -9.93977 3.0604 0.720334 206.74 -10.17 3.0591
206.744 -10.1021 3.05865 1.45702 206.74 -10.17 3.0591
206.882 -10.1538 3.06145 1.13988 206.74 -10.17 3.0591
207.028 -10.1144 3.06307 0.703734 206.74 -10.17 3.0591
206.914 -10.2447 3.05243 0.502203 206.74 -10.17 3.0591
206.997 -9.99381 3.05931 0.895618 206.74 -10.17 3.0591
206.744 -10.1021 3.05865 1.45702 206.74 -10.17 3.0591
206.998 -10.0468 3.05977 1.24341 206.74 -10.17 3.0591
206.843 -10.2391 3.04812 0.11029 206.74 -10.17 3.0591
206.75 -9.8232 3.05952 0.0719938 206.74 -10.17 3.0591
206.78 -10.3665 3.05902 0.208001 206.74 -10.17 3.0591
206.997 -9.99381 3.05931 0.895618 206.74 -10.17 3.0591
206.712 -10.1625 3.05596 2.11092 206.74 -10.17 3.0591
206.744 -10.1021 3.05865 1.45702 206.74 -10.17 3.0591
206.744 -10.1021 3.05865 1.45702 206.74 -10.17 3.0591
206.954 -10.328 3.05588 0.415112 206.74 -10.17 3.0591
206.78 -10.3665 3.05902 0.208001 206.74 -10.17 3.0591
206.531 -10.2802 3.04652 0.194003 206.74 -10.17 3.0591
207.106 -10.1681 3.06496 0.201359 206.74 -10.17 3.0591
206.77 -9.85277 3.05358 0.117857 206.74 -10.17 3.0591
206.914 -10.2447 3.05243 0.502203 206.74 -10.17 3.0591
206.882 -10.1538 3.06145 1.13988 206.74 -10.17 3.0591
206.78 -10.3665 3.05902 0.208001 206.74 -10.17 3.0591
206.727 -10.1287 3.04303 0.00522074 206.74 -10.17 3.0591
206.661 -10.2871 3.0638 0.00450119 206.74 -10.17 3.0591
206.998 -10.0468 3.05977 1.24341 206.74 -10.17 3.0591
206.94 -10.1271 3.05858 2.05114 206.74 -10.17 3.0591
206.914 -10.2447 3.05243 0.502203 206.74 -10.17 3.0591
206.959 -9.79271 3.05936 0.0602764 206.74 -10.17 3.0591
206.712 -10.1625 3.05596 2.11092 206.74 -10.17 3.0591
206.78 -10.3665 3.05902 0.208001 206.74 -10.17 3.0591
206.762 -10.4043 3.05706 0.193787 206.74 -10.17 3.0591
206.75 -10.1582 3.04918 0.591137 206.74 -10.17 3.0591
207.106 -10.1681 3.06496 0.201359 206.74 -10.17 3.0591
206.998 -10.0468 3.05977 1.24341 206.74 -10.17 3.0591
206.78 -10.3665 3.05902 0.208001 206.74 -10.17 3.0591
206.756 -10.146 3.04704 0.142747 206.74 -10.17 3.0591
207.026 -10.1223 3.05554 0.497856 206.74 -10.17 3.0591
206.608 -10.224 3.0559 0.616943 206.74 -10.17 3.0591
206.998 -10.0468 3.05977 1.24341 206.74 -10.17 3.0591
206.997 -9.99381 3.05931 0.895618 206.74 -10.17 3.0591
206.914 -10.2447 3.05243 0.502203 206.74 -10.17 3.0591
206.712 -10.1625 3.05596 2.11092 206.74 -10.17 3.0591
206.94 -10.1271 3.05858 2.05114 206.74 -10.17 3.0591
206.914 -10.2447 3.05243 0.502203 206.74 -10.17 3.0591
206.712 -10.1625 3.05596 2.11092 206.74 -10.17 3.0591
206.998 -10.0468 3.05977 1.24341 206.74 -10.17 3.0591
206.998 -10.0468 3.05977 1.24341 206.74 -10.17 3.0591
206.596 -10.1252 3.05903 0.167736 206.74 -10.17 3.0591
206.901 -9.93977 3.0604 0.720334 206.74 -10.17 3.0591
206.756 -10.146 3.04704 0.142747 206.74 -10.17 3.0591
207.026 -10.1223 3.05554 0.497856 206.74 -10.17 3.0591
206.94 -10.1271 3.05858 2.05114 206.74 -10.17 3.0591
207.026 -10.1223 3.05554 0.497856 206.74 -10.17 3.0591
206.997 -9.99381 3.05931 0.895618 206.74 -10.17 3.0591
206.487 -10.1461 3.0457 0.1179 206.74 -10.17 3.0591
206.914 -10.2447 3.05243 0.502203 206.74 -10.17 3.0591
206.744 -10.1021 3.05865 1.45702 206.74 -10.17 3.0591
206.997 -9.99381 3.05931 0.895618 206.74 -10.17 3.0591
206.712 -10.1625 3.05596 2.11092 206.74 -10.17 3.0591
207.106 -10.1681 3.06496 0.201359 206.74 -10.17 3.0591
206.94 -10.1271 3.05858 2.05114 206.74 -10.17 3.0591
206.901 -9.93977 3.0604 0.720334 206.74 -10.17 3.0591
206.744 -10.1021 3.05865 1.45702 206.74 -10.17 3.0591
206.997 -9.99381 3.05931 0.895618 206.74 -10.17 3.0591
206.94 -10.1271 3.05858 2.05114 206.74 -10.17 3.0591
206.882 -10.1538 3.06145 1.13988 206.74 -10.17 3.0591
206.744 -10.1021 3.05865 1.45702 206.74 -10.17 3.0591
206.758 -10.3741 3.05728 0.301624 206.74 -10.17 3.0591
206.909 -10.1912 3.05058 0.244313 206.74 -10.17 3.0591
206.94 -10.1271 3.05858 2.05114 206.74 -10.17 3.0591
206.882 -10.1538 3.06145 1.13988 206.74 -10.17 3.0591
207.028 -10.1144 3.06307 0.703734 206.74 -10.17 3.0591
207.018 -9.89351 3.06412 0.170891 206.74 -10.17 3.0591
206.762 -10.4043 3.05706 0.193787 206.74 -10.17 3.0591
206.914 -10.2447 3.05243 0.502203 206.74 -10.17 3.0591
206.998 -10.0468 3.05977 1.24341 206.74 -10.17 3.0591
206.909 -10.1912 3.05058 0.244313 206.74 -10.17 3.0591
206.744 -10.1021 3.05865 1.45702 206.74 -10.17 3.0591
206.882 -10.1538 3.06145 1.13988 206.74 -10.17 3.0591
206.843 -10.2391 3.04812 0.11029 206.74 -10.17 3.0591
206.704 -10.2651 3.04817 0.393524 206.74 -10.17 3.0591
207.028 -10.1144 3.06307 0.703734 206.74 -10.17 3.0591
206.827 -10.1594 3.049 0.264131 206.74 -10.17 3.0591
207.049 -10.1713 3.06554 0.192409 206.74 -10.17 3.0591
206.41 -10.1796 3.04806 0.111317 206.74 -10.17 3.0591
206.762 -10.4043 3.05706 0.193787 206.74 -10.17 3.0591
206.843 -10.2391 3.04812 0.11029 206.74 -10.17 3.0591
206.744 -10.1021 3.05865 1.45702 206.74 -10.17 3.0591
206.94 -10.1271 3.05858 2.05114 206.74 -10.17 3.0591
206.78 -10.3665 3.05902 0.208001 206.74 -10.17 3.0591
206.901 -9.93977 3.0604 0.720334 206.74 -10.17 3.0591
206.744 -10.1021 3.05865 1.45702 206.74 -10.17 3.0591
206.954 -10.328 3.05588 0.415112 206.74 -10.17 3.0591
206.712 -10.1625 3.05596 2.11092 206.74 -10.17 3.0591
206.882 -10.1538 3.06145 1.13988 206.74 -10.17 3.0591
206.997 -9.99381 3.05931 0.895618 206.74 -10.17 3.0591
206.914 -10.2447 3.05243 0.502203 206.74 -10.17 3.0591
206.744 -10.1021 3.05865 1.45702 206.74 -10.17 3.0591
206.914 -10.2447 3.05243 0.502203 206.74 -10.17 3.0591
206.609 -10.2844 3.05464 0.570978 206.74 -10.17 3.0591
206.712 -10.1625 3.05596 2.11092 206.74 -10.17 3.0591
206.94 -10.1271 3.05858 2.05114 206.74 -10.17 3.0591
207.026 -10.1223 3.05554 0.497856 206.74 -10.17 3.0591
206.712 -10.1625 3.05596 2.11092 206.74 -10.17 3.0591
206.564 -9.92444 3.0458 0.0121177 206.74 -10.17 3.0591
206.608 -10.224 3.0559 0.616943 206.74 -10.17 3.0591
206.762 -10.4043 3.05706 0.193787 206.74 -10.17 3.0591
206.576 -10.3305 3.05139 0.404594 206.74 -10.17 3.0591
