85.1774 -32.332 3.61132 1.65674 85.432 -32.535 3.6055
85.3895 -32.6112 3.60164 0.228947 85.432 -32.535 3.6055
85.1774 -32.332 3.61132 1.65674 85.432 -32.535 3.6055
85.2734 -32.3958 3.60992 2.39178 85.432 -32.535 3.6055
85.2403 -32.5817 3.60151 0.665426 85.432 -32.535 3.6055
85.3771 -32.6599 3.60047 0.107833 85.432 -32.535 3.6055
85.1774 -32.332 3.61132 1.65674 85.432 -32.535 3.6055
85.2734 -32.3958 3.60992 2.39178 85.432 -32.535 3.6055
85.2734 -32.3958 3.60992 2.39178 85.432 -32.535 3.6055
85.2734 -32.3958 3.60992 2.39178 85.432 -32.535 3.6055
85.2734 -32.3958 3.60992 2.39178 85.432 -32.535 3.6055
85.1774 -32.332 3.61132 1.65674 85.432 -32.535 3.6055
85.2403 -32.5817 3.60151 0.665426 85.432 -32.535 3.6055
85.4278 -32.5334 3.60467 0.422984 85.432 -32.535 3.6055
85.1774 -32.332 3.61132 1.65674 85.432 -32.535 3.6055
85.2734 -32.3958 3.60992 2.39178 85.432 -32.535 3.6055
85.1896 -32.4494 3.61324 0.145947 85.432 -32.535 3.6055
85.2403 -32.5817 3.60151 0.665426 85.432 -32.535 3.6055
85.2734 -32.3958 3.60992 2.39178 85.432 -32.535 3.6055
85.2403 -32.5817 3.60151 0.665426 85.432 -32.535 3.6055
85.2734 -32.3958 3.60992 2.39178 85.432 -32.535 3.6055
85.3771 -32.6599 3.60047 0.107833 85.432 -32.535 3.6055
85.1774 -32.332 3.61132 1.65674 85.432 -32.535 3.6055
85.2734 -32.3958 3.60992 2.39178 85.432 -32.535 3.6055
85.2734 -32.3958 3.60992 2.39178 85.432 -32.535 3.6055
85.2734 -32.3958 3.60992 2.39178 85.432 -32.535 3.6055
84.9759 -32.5265 3.60366 0.0561077 85.432 -32.535 3.6055
85.2403 -32.5817 3.60151 0.665426 85.432 -32.535 3.6055
85.1774 -32.332 3.61132 1.65674 85.432 -32.535 3.6055
85.2734 -32.3958 3.60992 2.39178 85.432 -32.535 3.6055
85.271 -32.6973 3.60294 0.261556 85.432 -32.535 3.6055
85.1774 -32.332 3.61132 1.65674 85.432 -32.535 3.6055
85.4278 -32.5334 3.60467 0.422984 85.432 -32.535 3.6055
85.271 -32.6973 3.60294 0.261556 85.432 -32.535 3.6055
85.3084 -32.283 3.61269 0.58054 85.432 -32.535 3.6055
85.3084 -32.283 3.61269 0.58054 85.432 -32.535 3.6055
85.2734 -32.3958 3.60992 2.39178 85.432 -32.535 3.6055
85.1774 -32.332 3.61132 1.65674 85.432 -32.535 3.6055
85.4583 -32.5619 3.60578 0.16633 85.432 -32.535 3.6055
85.2609 -32.6943 3.59866 0.0549971 85.432 -32.535 3.6055
85.2734 -32.3958 3.60992 2.39178 85.432 -32.535 3.6055
85.2734 -32.3958 3.60992 2.39178 85.432 -32.535 3.6055
85.2734 -32.3958 3.60992 2.39178 85.432 -32.535 3.6055
85.2734 -32.3958 3.60992 2.39178 85.432 -32.535 3.6055
85.2734 -32.3958 3.60992 2.39178 85.432 -32.535 3.6055
85.4278 -32.5334 3.60467 0.422984 85.432 -32.535 3.6055
85.1774 -32.332 3.61132 1.65674 85.432 -32.535 3.6055
85.4583 -32.5619 3.60578 0.16633 85.432 -32.535 3.6055
85.1361 -32.6261 3.60965 0.060313 85.432 -32.535 3.6055
85.2734 -32.3958 3.60992 2.39178 85.432 -32.535 3.6055
85.1774 -32.332 3.61132 1.65674 85.432 -32.535 3.6055
85.2734 -32.3958 3.60992 2.39178 85.432 -32.535 3.6055
85.1774 -32.332 3.61132 1.65674 85.432 -32.535 3.6055
85.1774 -32.332 3.61132 1.65674 85.432 -32.535 3.6055
85.1774 -32.332 3.61132 1.65674 85.432 -32.535 3.6055
85.4267 -32.4823 3.60024 0.0465749 85.432 -32.535 3.6055
85.0839 -32.4782 3.59862 0.007281 85.432 -32.535 3.6055
85.3895 -32.6112 3.60164 0.228947 85.432 -32.535 3.6055
85.4278 -32.5334 3.60467 0.422984 85.432 -32.535 3.6055
85.2734 -32.3958 3.60992 2.39178 85.432 -32.535 3.6055
85.1896 -32.4494 3.61324 0.145947 85.432 -32.535 3.6055
85.2734 -32.3958 3.60992 2.39178 85.432 -32.535 3.6055
85.1774 -32.332 3.61132 1.65674 85.432 -32.535 3.6055
85.4267 -32.4823 3.60024 0.0465749 85.432 -32.535 3.6055
85.1774 -32.332 3.61132 1.65674 85.432 -32.535 3.6055
85.1774 -32.332 3.61132 1.65674 85.432 -32.535 3.6055
85.2734 -32.3958 3.60992 2.39178 85.432 -32.535 3.6055
85.4583 -32.5619 3.60578 0.16633 85.432 -32.535 3.6055
85.2734 -32.3958 3.60992 2.39178 85.432 -32.535 3.6055
85.2403 -32.5817 3.60151 0.665426 85.432 -32.535 3.6055
85.4241 -32.2713 3.60334 0.0269941 85.432 -32.535 3.6055
85.3084 -32.283 3.61269 0.58054 85.432 -32.535 3.6055
85.2734 -32.3958 3.60992 2.39178 85.432 -32.535 3.6055
85.2403 -32.5817 3.60151 0.665426 85.432 -32.535 3.6055
85.2734 -32.3958 3.60992 2.39178 85.432 -32.535 3.6055
85.3771 -32.6599 3.60047 0.107833 85.432 -32.535 3.6055
85.271 -32.6973 3.60294 0.261556 85.432 -32.535 3.6055
85.4278 -32.5334 3.60467 0.422984 85.432 -32.535 3.6055
85.2734 -32.3958 3.60992 2.39178 85.432 -32.535 3.6055
85.2734 -32.3958 3.60992 2.39178 85.432 -32.535 3.6055
85.1774 -32.332 3.61132 1.65674 85.432 -32.535 3.6055
85.1774 -32.332 3.61132 1.65674 85.432 -32.535 3.6055
85.2734 -32.3958 3.60992 2.39178 85.432 -32.535 3.6055
85.3084 -32.283 3.61269 0.58054 85.432 -32.535 3.6055
85.3084 -32.283 3.61269 0.58054 85.432 -32.535 3.6055
85.3084 -32.283 3.61269 0.58054 85.432 -32.535 3.6055
85.2734 -32.3958 3.60992 2.39178 85.432 -32.535 3.6055
85.2734 -32.3958 3.60992 2.39178 85.432 -32.535 3.6055
85.2734 -32.3958 3.60992 2.39178 85.432 -32.535 3.6055
85.2403 -32.5817 3.60151 0.665426 85.432 -32.535 3.6055
85.2403 -32.5817 3.60151 0.665426 85.432 -32.535 3.6055
85.2403 -32.5817 3.60151 0.665426 85.432 -32.535 3.6055
85.2734 -32.3958 3.60992 2.39178 85.432 -32.535 3.6055
85.2734 -32.3958 3.60992 2.39178 85.432 -32.535 3.6055
85.1774 -32.332 3.61132 1.65674 85.432 -32.535 3.6055
85.2734 -32.3958 3.60992 2.39178 85.432 -32.535 3.6055
85.1774 -32.332 3.61132 1.65674 85.432 -32.535 3.6055
85.2734 -32.3958 3.60992 2.39178 85.432 -32.535 3.6055
85.2734 -32.3958 3.60992 2.39178 85.432 -32.535 3.6055
85.1774 -32.332 3.61132 1.65674 85.432 -32.535 3.6055
85.2734 -32.3958 3.60992 2.39178 85.432 -32.535 3.6055
85.2734 -32.3958 3.60992 2.39178 85.432 -32.535 3.6055
85.2403 -32.5817 3.60151 0.665426 85.432 -32.535 3.6055
85.2403 -32.5817 3.60151 0.665426 85.432 -32.535 3.6055
85.5113 -32.5301 3.60804 0.0312089 85.432 -32.535 3.6055
85.2734 -32.3958 3.60992 2.39178 85.432 -32.535 3.6055
85.4583 -32.5619 3.60578 0.16633 85.432 -32.535 3.6055
85.2734 -32.3958 3.60992 2.39178 85.432 -32.535 3.6055
85.1774 -32.332 3.61132 1.65674 85.432 -32.535 3.6055
84.9267 -32.6043 3.59889 0.00040535 85.432 -32.535 3.6055
85.3895 -32.6112 3.60164 0.228947 85.432 -32.535 3.6055
85.4583 -32.5619 3.60578 0.16633 85.432 -32.535 3.6055
85.2734 -32.3958 3.60992 2.39178 85.432 -32.535 3.6055
85.2734 -32.3958 3.60992 2.39178 85.432 -32.535 3.6055
85.1774 -32.332 3.61132 1.65674 85.432 -32.535 3.6055
85.2734 -32.3958 3.60992 2.39178 85.432 -32.535 3.6055
85.1774 -32.332 3.61132 1.65674 85.432 -32.535 3.6055
85.3084 -32.283 3.61269 0.58054 85.432 -32.535 3.6055
85.2734 -32.3958 3.60992 2.39178 85.432 -32.535 3.6055
85.1774 -32.332 3.61132 1.65674 85.432 -32.535 3.6055
85.2403 -32.5817 3.60151 0.665426 85.432 -32.535 3.6055
85.2734 -32.3958 3.60992 2.39178 85.432 -32.535 3.6055
85.1896 -32.4494 3.61324 0.145947 85.432 -32.535 3.6055
85.1774 -32.332 3.61132 1.65674 85.432 -32.535 3.6055
85.2734 -32.3958 3.60992 2.39178 85.432 -32.535 3.6055
85.1774 -32.332 3.61132 1.65674 85.432 -32.535 3.6055
85.2734 -32.3958 3.60992 2.39178 85.432 -32.535 3.6055
85.1774 -32.332 3.61132 1.65674 85.432 -32.535 3.6055
85.2734 -32.3958 3.60992 2.39178 85.432 -32.535 3.6055
85.2403 -32.5817 3.60151 0.665426 85.432 -32.535 3.6055
85.2734 -32.3958 3.60992 2.39178 85.432 -32.535 3.6055
85.5176 -32.5098 3.60352 0.047469 85.432 -32.535 3.6055
85.271 -32.6973 3.60294 0.261556 85.432 -32.535 3.6055
85.2403 -32.5817 3.60151 0.665426 85.432 -32.535 3.6055
85.1774 -32.332 3.61132 1.65674 85.432 -32.535 3.6055
85.1774 -32.332 3.61132 1.65674 85.432 -32.535 3.6055
85.2734 -32.3958 3.60992 2.39178 85.432 -32.535 3.6055
85.4278 -32.5334 3.60467 0.422984 85.432 -32.535 3.6055
85.2734 -32.3958 3.60992 2.39178 85.432 -32.535 3.6055
85.2403 -32.5817 3.60151 0.665426 85.432 -32.535 3.6055
85.1774 -32.332 3.61132 1.65674 85.432 -32.535 3.6055
85.4333 -32.8848 3.59847 0.000351737 85.432 -32.535 3.6055
85.2403 -32.5817 3.60151 0.665426 85.432 -32.535 3.6055
85.2403 -32.5817 3.60151 0.665426 85.432 -32.535 3.6055
85.2403 -32.5817 3.60151 0.665426 85.432 -32.535 3.6055
85.5176 -32.5098 3.60352 0.047469 85.432 -32.535 3.6055
85.3084 -32.283 3.61269 0.58054 85.432 -32.535 3.6055
85.2734 -32.3958 3.60992 2.39178 85.432 -32.535 3.6055
85.3084 -32.283 3.61269 0.58054 85.432 -32.535 3.6055
85.1361 -32.6261 3.60965 0.060313 85.432 -32.535 3.6055
85.5176 -32.5098 3.60352 0.047469 85.432 -32.535 3.6055
85.1774 -32.332 3.61132 1.65674 85.432 -32.535 3.6055
85.1774 -32.332 3.61132 1.65674 85.432 -32.535 3.6055
85.1774 -32.332 3.61132 1.65674 85.432 -32.535 3.6055
85.2734 -32.3958 3.60992 2.39178 85.432 -32.535 3.6055
85.2403 -32.5817 3.60151 0.665426 85.432 -32.535 3.6055
85.1774 -32.332 3.61132 1.65674 85.432 -32.535 3.6055
85.4278 -32.5334 3.60467 0.422984 85.432 -32.535 3.6055
85.2609 -32.6943 3.59866 0.0549971 85.432 -32.535 3.6055
85.1361 -32.6261 3.60965 0.060313 85.432 -32.535 3.6055
85.1774 -32.332 3.61132 1.65674 85.432 -32.535 3.6055
85.4278 -32.5334 3.60467 0.422984 85.432 -32.535 3.6055
85.1774 -32.332 3.61132 1.65674 85.432 -32.535 3.6055
85.3084 -32.283 3.61269 0.58054 85.432 -32.535 3.6055
85.4278 -32.5334 3.60467 0.422984 85.432 -32.535 3.6055
85.2734 -32.3958 3.60992 2.39178 85.432 -32.535 3.6055
85.1774 -32.332 3.61132 1.65674 85.432 -32.535 3.6055
85.4278 -32.5334 3.60467 0.422984 85.432 -32.535 3.6055
85.5639 -32.4442 3.60707 0.0170215 85.432 -32.535 3.6055
85.2403 -32.5817 3.60151 0.665426 85.432 -32.535 3.6055
85.2403 -32.5817 3.60151 0.665426 85.432 -32.535 3.6055
85.4278 -32.5334 3.60467 0.422984 85.432 -32.535 3.6055
85.1774 -32.332 3.61132 1.65674 85.432 -32.535 3.6055
85.2734 -32.3958 3.60992 2.39178 85.432 -32.535 3.6055
85.3084 -32.283 3.61269 0.58054 85.432 -32.535 3.6055
85.2403 -32.5817 3.60151 0.665426 85.432 -32.535 3.6055
85.4241 -32.2713 3.60334 0.0269941 85.432 -32.535 3.6055
85.2734 -32.3958 3.60992 2.39178 85.432 -32.535 3.6055
85.2403 -32.5817 3.60151 0.665426 85.432 -32.535 3.6055
85.1774 -32.332 3.61132 1.65674 85.432 -32.535 3.6055
85.2403 -32.5817 3.60151 0.665426 85.432 -32.535 3.6055
85.4278 -32.5334 3.60467 0.422984 85.432 -32.535 3.6055
85.2734 -32.3958 3.60992 2.39178 85.432 -32.535 3.6055
85.2403 -32.5817 3.60151 0.665426 85.432 -32.535 3.6055
85.2403 -32.5817 3.60151 0.665426 85.432 -32.535 3.6055
85.2734 -32.3958 3.60992 2.39178 85.432 -32.535 3.6055
85.1774 -32.332 3.61132 1.65674 85.432 -32.535 3.6055
85.2734 -32.3958 3.60992 2.39178 85.432 -32.535 3.6055
85.2734 -32.3958 3.60992 2.39178 85.432 -32.535 3.6055
85.2734 -32.3958 3.60992 2.39178 85.432 -32.535 3.6055
85.2734 -32.3958 3.60992 2.39178 85.432 -32.535 3.6055
85.2734 -32.3958 3.60992 2.39178 85.432 -32.535 3.6055
85.2403 -32.5817 3.60151 0.665426 85.432 -32.535 3.6055
85.4278 -32.5334 3.60467 0.422984 85.432 -32.535 3.6055
85.4278 -32.5334 3.60467 0.422984 85.432 -32.535 3.6055
85.1774 -32.332 3.61132 1.65674 85.432 -32.535 3.6055
85.2734 -32.3958 3.60992 2.39178 85.432 -32.535 3.6055
85.1361 -32.6261 3.60965 0.060313 85.432 -32.535 3.6055
85.2734 -32.3958 3.60992 2.39178 85.432 -32.535 3.6055
85.271 -32.6973 3.60294 0.261556 85.432 -32.535 3.6055
