182.993 23.9942 0.0723502 0.00841298 183.04 23.732 0.073164
182.993 23.9942 0.0723502 0.00841298 183.04 23.732 0.073164
182.994 23.8997 0.0718588 0.0289979 183.04 23.732 0.073164
182.994 23.8997 0.0718588 0.0289979 183.04 23.732 0.073164
182.993 23.9942 0.0723502 0.00841298 183.04 23.732 0.073164
183.077 24.0266 0.0693571 0.00145913 183.04 23.732 0.073164
182.994 23.8997 0.0718588 0.0289979 183.04 23.732 0.073164
183.208 23.6986 0.076316 0.0010373 183.04 23.732 0.073164
182.994 23.8997 0.0718588 0.0289979 183.04 23.732 0.073164
182.993 23.9942 0.0723502 0.00841298 183.04 23.732 0.073164
183.075 23.6425 0.0687725 0.00249015 183.04 23.732 0.073164
182.993 23.9942 0.0723502 0.00841298 183.04 23.732 0.073164
182.993 23.9942 0.0723502 0.00841298 183.04 23.732 0.073164
182.994 23.8997 0.0718588 0.0289979 183.04 23.732 0.073164
182.993 23.9942 0.0723502 0.00841298 183.04 23.732 0.073164
183.075 23.6425 0.0687725 0.00249015 183.04 23.732 0.073164
182.993 23.9942 0.0723502 0.00841298 183.04 23.732 0.073164
183.095 23.9924 0.0739914 0.00285898 183.04 23.732 0.073164
182.994 23.8997 0.0718588 0.0289979 183.04 23.732 0.073164
183.208 23.6986 0.076316 0.0010373 183.04 23.732 0.073164
183.077 24.0266 0.0693571 0.00145913 183.04 23.732 0.073164
182.994 23.8997 0.0718588 0.0289979 183.04 23.732 0.073164
182.994 23.8997 0.0718588 0.0289979 183.04 23.732 0.073164
183.077 24.0266 0.0693571 0.00145913 183.04 23.732 0.073164
182.994 23.8997 0.0718588 0.0289979 183.04 23.732 0.073164
182.994 23.8997 0.0718588 0.0289979 183.04 23.732 0.073164
183.221 23.8861 0.0729111 0.0010777 183.04 23.732 0.073164
183.28 23.8924 0.0667003 8.34629e-05 183.04 23.732 0.073164
182.994 23.8997 0.0718588 0.0289979 183.04 23.732 0.073164
182.993 23.9942 0.0723502 0.00841298 183.04 23.732 0.073164
183.17 24.0441 0.0704771 0.000319578 183.04 23.732 0.073164
183.095 23.9924 0.0739914 0.00285898 183.04 23.732 0.073164
182.994 23.8997 0.0718588 0.0289979 183.04 23.732 0.073164
183.17 24.0441 0.0704771 0.000319578 183.04 23.732 0.073164
182.994 23.8997 0.0718588 0.0289979 183.04 23.732 0.073164
183.095 23.9924 0.0739914 0.00285898 183.04 23.732 0.073164
182.994 23.8997 0.0718588 0.0289979 183.04 23.732 0.073164
182.993 23.9942 0.0723502 0.00841298 183.04 23.732 0.073164
182.994 23.8997 0.0718588 0.0289979 183.04 23.732 0.073164
182.994 23.8997 0.0718588 0.0289979 183.04 23.732 0.073164
182.994 23.8997 0.0718588 0.0289979 183.04 23.732 0.073164
182.993 23.9942 0.0723502 0.00841298 183.04 23.732 0.073164
182.994 23.8997 0.0718588 0.0289979 183.04 23.732 0.073164
182.994 23.8997 0.0718588 0.0289979 183.04 23.732 0.073164
182.994 23.8997 0.0718588 0.0289979 183.04 23.732 0.073164
182.994 23.8997 0.0718588 0.0289979 183.04 23.732 0.073164
182.994 23.8997 0.0718588 0.0289979 183.04 23.732 0.073164
183.095 23.9924 0.0739914 0.00285898 183.04 23.732 0.073164
182.994 23.8997 0.0718588 0.0289979 183.04 23.732 0.073164
182.993 23.9942 0.0723502 0.00841298 183.04 23.732 0.073164
182.993 23.9942 0.0723502 0.00841298 183.04 23.732 0.073164
183.095 23.9924 0.0739914 0.00285898 183.04 23.732 0.073164
182.994 23.8997 0.0718588 0.0289979 183.04 23.732 0.073164
182.993 23.9942 0.0723502 0.00841298 183.04 23.732 0.073164
182.994 23.8997 0.0718588 0.0289979 183.04 23.732 0.073164
182.994 23.8997 0.0718588 0.0289979 183.04 23.732 0.073164
182.998 23.9867 0.0655427 0.00061774 183.04 23.732 0.073164
182.994 23.8997 0.0718588 0.0289979 183.04 23.732 0.073164
182.993 23.9942 0.0723502 0.00841298 183.04 23.732 0.073164
183.221 23.8861 0.0729111 0.0010777 183.04 23.732 0.073164
182.994 23.8997 0.0718588 0.0289979 183.04 23.732 0.073164
183.097 23.8134 0.0651527 0.000819356 183.04 23.732 0.073164
183.095 23.9924 0.0739914 0.00285898 183.04 23.732 0.073164
182.993 23.9942 0.0723502 0.00841298 183.04 23.732 0.073164
182.993 23.9942 0.0723502 0.00841298 183.04 23.732 0.073164
182.994 23.8997 0.0718588 0.0289979 183.04 23.732 0.073164
182.994 23.8997 0.0718588 0.0289979 183.04 23.732 0.073164
183.097 23.8134 0.0651527 0.000819356 183.04 23.732 0.073164
183.28 23.8924 0.0667003 8.34629e-05 183.04 23.732 0.073164
182.994 23.8997 0.0718588 0.0289979 183.04 23.732 0.073164
182.994 23.8997 0.0718588 0.0289979 183.04 23.732 0.073164
183.075 23.6425 0.0687725 0.00249015 183.04 23.732 0.073164
182.994 23.8997 0.0718588 0.0289979 183.04 23.732 0.073164
182.994 23.8997 0.0718588 0.0289979 183.04 23.732 0.073164
182.994 23.8997 0.0718588 0.0289979 183.04 23.732 0.073164
182.993 23.9942 0.0723502 0.00841298 183.04 23.732 0.073164
182.994 23.8997 0.0718588 0.0289979 183.04 23.732 0.073164
182.994 23.8997 0.0718588 0.0289979 183.04 23.732 0.073164
183.079 23.5002 0.0816495 0.000180442 183.04 23.732 0.073164
182.993 23.9942 0.0723502 0.00841298 183.04 23.732 0.073164
183.095 23.9924 0.0739914 0.00285898 183.04 23.732 0.073164
183.208 23.6986 0.076316 0.0010373 183.04 23.732 0.073164
182.994 23.8997 0.0718588 0.0289979 183.04 23.732 0.073164
182.993 23.9942 0.0723502 0.00841298 183.04 23.732 0.073164
182.994 23.8997 0.0718588 0.0289979 183.04 23.732 0.073164
182.994 23.8997 0.0718588 0.0289979 183.04 23.732 0.073164
183.208 23.6986 0.076316 0.0010373 183.04 23.732 0.073164
182.994 23.8997 0.0718588 0.0289979 183.04 23.732 0.073164
183.077 24.0266 0.0693571 0.00145913 183.04 23.732 0.073164
182.994 23.8997 0.0718588 0.0289979 183.04 23.732 0.073164
182.994 23.8997 0.0718588 0.0289979 183.04 23.732 0.073164
183.075 23.6425 0.0687725 0.00249015 183.04 23.732 0.073164
182.994 23.8997 0.0718588 0.0289979 183.04 23.732 0.073164
182.994 23.8997 0.0718588 0.0289979 183.04 23.732 0.073164
183.077 24.0266 0.0693571 0.00145913 183.04 23.732 0.073164
182.994 23.8997 0.0718588 0.0289979 183.04 23.732 0.073164
183.095 23.9924 0.0739914 0.00285898 183.04 23.732 0.073164
182.994 23.8997 0.0718588 0.0289979 183.04 23.732 0.073164
183.097 23.8134 0.0651527 0.000819356 183.04 23.732 0.073164
183.221 23.8861 0.0729111 0.0010777 183.04 23.732 0.073164
183.039 23.7773 0.0835264 0.000724547 183.04 23.732 0.073164
183.208 23.6986 0.076316 0.0010373 183.04 23.732 0.073164
182.994 23.8997 0.0718588 0.0289979 183.04 23.732 0.073164
182.993 23.9942 0.0723502 0.00841298 183.04 23.732 0.073164
182.993 23.9942 0.0723502 0.00841298 183.04 23.732 0.073164
182.994 23.8997 0.0718588 0.0289979 183.04 23.732 0.073164
182.994 23.8997 0.0718588 0.0289979 183.04 23.732 0.073164
182.993 23.9942 0.0723502 0.00841298 183.04 23.732 0.073164
182.994 23.8997 0.0718588 0.0289979 183.04 23.732 0.073164
182.993 23.9942 0.0723502 0.00841298 183.04 23.732 0.073164
182.993 23.9942 0.0723502 0.00841298 183.04 23.732 0.073164
182.994 23.8997 0.0718588 0.0289979 183.04 23.732 0.073164
183.221 23.8861 0.0729111 0.0010777 183.04 23.732 0.073164
182.994 23.8997 0.0718588 0.0289979 183.04 23.732 0.073164
183.221 23.8861 0.0729111 0.0010777 183.04 23.732 0.073164
182.994 23.8997 0.0718588 0.0289979 183.04 23.732 0.073164
182.994 23.8997 0.0718588 0.0289979 183.04 23.732 0.073164
182.993 23.9942 0.0723502 0.00841298 183.04 23.732 0.073164
183.077 24.0266 0.0693571 0.00145913 183.04 23.732 0.073164
183.097 23.8134 0.0651527 0.000819356 183.04 23.732 0.073164
182.994 23.8997 0.0718588 0.0289979 183.04 23.732 0.073164
182.994 23.8997 0.0718588 0.0289979 183.04 23.732 0.073164
183.039 23.7773 0.0835264 0.000724547 183.04 23.732 0.073164
182.994 23.8997 0.0718588 0.0289979 183.04 23.732 0.073164
183.095 23.9924 0.0739914 0.00285898 183.04 23.732 0.073164
182.994 23.8997 0.0718588 0.0289979 183.04 23.732 0.073164
183.095 23.9924 0.0739914 0.00285898 183.04 23.732 0.073164
182.993 23.9942 0.0723502 0.00841298 183.04 23.732 0.073164
182.994 23.8997 0.0718588 0.0289979 183.04 23.732 0.073164
182.994 23.8997 0.0718588 0.0289979 183.04 23.732 0.073164
182.994 23.8997 0.0718588 0.0289979 183.04 23.732 0.073164
182.994 23.8997 0.0718588 0.0289979 183.04 23.732 0.073164
183.075 23.6425 0.0687725 0.00249015 183.04 23.732 0.073164
182.993 23.9942 0.0723502 0.00841298 183.04 23.732 0.073164
182.994 23.8997 0.0718588 0.0289979 183.04 23.732 0.073164
182.994 23.8997 0.0718588 0.0289979 183.04 23.732 0.073164
182.993 23.9942 0.0723502 0.00841298 183.04 23.732 0.073164
182.994 23.8997 0.0718588 0.0289979 183.04 23.732 0.073164
183.025 24.1539 0.0650651 1.40481e-05 183.04 23.732 0.073164
183.208 23.6986 0.076316 0.0010373 183.04 23.732 0.073164
182.994 23.8997 0.0718588 0.0289979 183.04 23.732 0.073164
182.994 23.8997 0.0718588 0.0289979 183.04 23.732 0.073164
182.993 23.9942 0.0723502 0.00841298 183.04 23.732 0.073164
182.994 23.8997 0.0718588 0.0289979 183.04 23.732 0.073164
182.993 23.9942 0.0723502 0.00841298 183.04 23.732 0.073164
183.075 23.6425 0.0687725 0.00249015 183.04 23.732 0.073164
183.077 24.0266 0.0693571 0.00145913 183.04 23.732 0.073164
182.993 23.9942 0.0723502 0.00841298 183.04 23.732 0.073164
182.994 23.8997 0.0718588 0.0289979 183.04 23.732 0.073164
182.994 23.8997 0.0718588 0.0289979 183.04 23.732 0.073164
182.994 23.8997 0.0718588 0.0289979 183.04 23.732 0.073164
183.095 23.9924 0.0739914 0.00285898 183.04 23.732 0.073164
182.994 23.8997 0.0718588 0.0289979 183.04 23.732 0.073164
183.095 23.9924 0.0739914 0.00285898 183.04 23.732 0.073164
183.095 23.9924 0.0739914 0.00285898 183.04 23.732 0.073164
183.221 23.8861 0.0729111 0.0010777 183.04 23.732 0.073164
182.994 23.8997 0.0718588 0.0289979 183.04 23.732 0.073164
182.994 23.8997 0.0718588 0.0289979 183.04 23.732 0.073164
183.208 23.6986 0.076316 0.0010373 183.04 23.732 0.073164
182.994 23.8997 0.0718588 0.0289979 183.04 23.732 0.073164
182.994 23.8997 0.0718588 0.0289979 183.04 23.732 0.073164
183.077 24.0266 0.0693571 0.00145913 183.04 23.732 0.073164
182.993 23.9942 0.0723502 0.00841298 183.04 23.732 0.073164
182.994 23.8997 0.0718588 0.0289979 183.04 23.732 0.073164
183.208 23.6986 0.076316 0.0010373 183.04 23.732 0.073164
182.994 23.8997 0.0718588 0.0289979 183.04 23.732 0.073164
182.994 23.8997 0.0718588 0.0289979 183.04 23.732 0.073164
183.075 23.6425 0.0687725 0.00249015 183.04 23.732 0.073164
183.104 23.891 0.064505 0.00043488 183.04 23.732 0.073164
182.994 23.8997 0.0718588 0.0289979 183.04 23.732 0.073164
182.994 23.8997 0.0718588 0.0289979 183.04 23.732 0.073164
183.046 23.6177 0.0847247 0.000188312 183.04 23.732 0.073164
182.994 23.8997 0.0718588 0.0289979 183.04 23.732 0.073164
183.142 23.4924 0.0727859 0.00020863 183.04 23.732 0.073164
182.994 23.8997 0.0718588 0.0289979 183.04 23.732 0.073164
183.221 23.8861 0.0729111 0.0010777 183.04 23.732 0.073164
182.994 23.8997 0.0718588 0.0289979 183.04 23.732 0.073164
182.994 23.8997 0.0718588 0.0289979 183.04 23.732 0.073164
182.994 23.8997 0.0718588 0.0289979 183.04 23.732 0.073164
183.046 23.6177 0.0847247 0.000188312 183.04 23.732 0.073164
182.994 23.8997 0.0718588 0.0289979 183.04 23.732 0.073164
182.994 23.8997 0.0718588 0.0289979 183.04 23.732 0.073164
182.994 23.8997 0.0718588 0.0289979 183.04 23.732 0.073164
182.993 23.9942 0.0723502 0.00841298 183.04 23.732 0.073164
183.075 23.6425 0.0687725 0.00249015 183.04 23.732 0.073164
182.994 23.8997 0.0718588 0.0289979 183.04 23.732 0.073164
182.998 23.9867 0.0655427 0.00061774 183.04 23.732 0.073164
182.994 23.8997 0.0718588 0.0289979 183.04 23.732 0.073164
182.998 23.9867 0.0655427 0.00061774 183.04 23.732 0.073164
183.104 23.891 0.064505 0.00043488 183.04 23.732 0.073164
182.994 23.8997 0.0718588 0.0289979 183.04 23.732 0.073164
183.046 23.6177 0.0847247 0.000188312 183.04 23.732 0.073164
182.993 23.9942 0.0723502 0.00841298 183.04 23.732 0.073164
182.993 23.9942 0.0723502 0.00841298 183.04 23.732 0.073164
182.994 23.8997 0.0718588 0.0289979 183.04 23.732 0.073164
183.075 23.6425 0.0687725 0.00249015 183.04 23.732 0.073164
182.993 23.9942 0.0723502 0.00841298 183.04 23.732 0.073164
182.994 23.8997 0.0718588 0.0289979 183.04 23.732 0.073164
182.993 23.9942 0.0723502 0.00841298 183.04 23.732 0.073164
182.994 23.8997 0.0718588 0.0289979 183.04 23.732 0.073164
