264.724 27.1884 5.99969 0.00100831 265.13 27.191 5.9936
264.806 27.2083 6.00046 0.0013613 265.13 27.191 5.9936
264.806 27.2083 6.00046 0.0013613 265.13 27.191 5.9936
264.724 27.1884 5.99969 0.00100831 265.13 27.191 5.9936
264.845 27.2087 6.00363 0.00093714 265.13 27.191 5.9936
264.877 27.3697 6.00212 0.000162323 265.13 27.191 5.9936
264.724 27.1884 5.99969 0.00100831 265.13 27.191 5.9936
264.806 27.2083 6.00046 0.0013613 265.13 27.191 5.9936
264.643 27.1854 6.00075 0.000501833 265.13 27.191 5.9936
264.893 27.1322 6.00185 0.000831068 265.13 27.191 5.9936
264.746 27.0716 6.00272 0.000910999 265.13 27.191 5.9936
264.643 27.1854 6.00075 0.000501833 265.13 27.191 5.9936
264.746 27.0716 6.00272 0.000910999 265.13 27.191 5.9936
264.708 27.2047 5.99634 0.000391532 265.13 27.191 5.9936
264.893 27.1322 6.00185 0.000831068 265.13 27.191 5.9936
264.89 27.3277 5.99582 0.000289597 265.13 27.191 5.9936
264.806 27.2083 6.00046 0.0013613 265.13 27.191 5.9936
264.89 27.3277 5.99582 0.000289597 265.13 27.191 5.9936
264.724 27.1884 5.99969 0.00100831 265.13 27.191 5.9936
264.806 27.2083 6.00046 0.0013613 265.13 27.191 5.9936
264.845 27.2087 6.00363 0.00093714 265.13 27.191 5.9936
264.806 27.2083 6.00046 0.0013613 265.13 27.191 5.9936
264.643 27.1854 6.00075 0.000501833 265.13 27.191 5.9936
264.724 27.1884 5.99969 0.00100831 265.13 27.191 5.9936
264.724 27.1884 5.99969 0.00100831 265.13 27.191 5.9936
264.724 27.1884 5.99969 0.00100831 265.13 27.191 5.9936
264.746 27.0716 6.00272 0.000910999 265.13 27.191 5.9936
264.893 27.1322 6.00185 0.000831068 265.13 27.191 5.9936
264.643 27.1854 6.00075 0.000501833 265.13 27.191 5.9936
264.643 27.1854 6.00075 0.000501833 265.13 27.191 5.9936
264.708 27.2047 5.99634 0.000391532 265.13 27.191 5.9936
264.643 27.1854 6.00075 0.000501833 265.13 27.191 5.9936
264.806 27.2083 6.00046 0.0013613 265.13 27.191 5.9936
264.746 27.0716 6.00272 0.000910999 265.13 27.191 5.9936
264.893 27.1322 6.00185 0.000831068 265.13 27.191 5.9936
264.806 27.2083 6.00046 0.0013613 265.13 27.191 5.9936
264.806 27.2083 6.00046 0.0013613 265.13 27.191 5.9936
264.845 27.2087 6.00363 0.00093714 265.13 27.191 5.9936
264.806 27.2083 6.00046 0.0013613 265.13 27.191 5.9936
264.845 27.2087 6.00363 0.00093714 265.13 27.191 5.9936
264.893 27.1322 6.00185 0.000831068 265.13 27.191 5.9936
264.643 27.1854 6.00075 0.000501833 265.13 27.191 5.9936
264.806 27.2083 6.00046 0.0013613 265.13 27.191 5.9936
264.724 27.1884 5.99969 0.00100831 265.13 27.191 5.9936
264.877 27.3697 6.00212 0.000162323 265.13 27.191 5.9936
265.027 27.3214 5.99383 6.84398e-05 265.13 27.191 5.9936
264.708 27.2047 5.99634 0.000391532 265.13 27.191 5.9936
264.845 27.2087 6.00363 0.00093714 265.13 27.191 5.9936
264.845 27.2087 6.00363 0.00093714 265.13 27.191 5.9936
265.117 27.2724 5.99378 2.12078e-05 265.13 27.191 5.9936
264.806 27.2083 6.00046 0.0013613 265.13 27.191 5.9936
264.746 27.0716 6.00272 0.000910999 265.13 27.191 5.9936
264.724 27.1884 5.99969 0.00100831 265.13 27.191 5.9936
265.116 27.2339 5.99588 2.82301e-05 265.13 27.191 5.9936
264.893 27.1322 6.00185 0.000831068 265.13 27.191 5.9936
264.724 27.1884 5.99969 0.00100831 265.13 27.191 5.9936
264.746 27.0716 6.00272 0.000910999 265.13 27.191 5.9936
264.746 27.0716 6.00272 0.000910999 265.13 27.191 5.9936
264.746 27.0716 6.00272 0.000910999 265.13 27.191 5.9936
264.845 27.2087 6.00363 0.00093714 265.13 27.191 5.9936
264.724 27.1884 5.99969 0.00100831 265.13 27.191 5.9936
264.845 27.2087 6.00363 0.00093714 265.13 27.191 5.9936
264.643 27.1854 6.00075 0.000501833 265.13 27.191 5.9936
264.746 27.0716 6.00272 0.000910999 265.13 27.191 5.9936
264.724 27.1884 5.99969 0.00100831 265.13 27.191 5.9936
264.724 27.1884 5.99969 0.00100831 265.13 27.191 5.9936
264.708 27.2047 5.99634 0.000391532 265.13 27.191 5.9936
264.845 27.2087 6.00363 0.00093714 265.13 27.191 5.9936
264.893 27.1322 6.00185 0.000831068 265.13 27.191 5.9936
264.89 27.3277 5.99582 0.000289597 265.13 27.191 5.9936
264.845 27.2087 6.00363 0.00093714 265.13 27.191 5.9936
264.806 27.2083 6.00046 0.0013613 265.13 27.191 5.9936
264.845 27.2087 6.00363 0.00093714 265.13 27.191 5.9936
264.806 27.2083 6.00046 0.0013613 265.13 27.191 5.9936
264.806 27.2083 6.00046 0.0013613 265.13 27.191 5.9936
264.724 27.1884 5.99969 0.00100831 265.13 27.191 5.9936
264.89 27.3277 5.99582 0.000289597 265.13 27.191 5.9936
264.877 27.3697 6.00212 0.000162323 265.13 27.191 5.9936
264.845 27.2087 6.00363 0.00093714 265.13 27.191 5.9936
264.806 27.2083 6.00046 0.0013613 265.13 27.191 5.9936
264.806 27.2083 6.00046 0.0013613 265.13 27.191 5.9936
264.746 27.0716 6.00272 0.000910999 265.13 27.191 5.9936
264.89 27.3277 5.99582 0.000289597 265.13 27.191 5.9936
264.643 27.1854 6.00075 0.000501833 265.13 27.191 5.9936
264.724 27.1884 5.99969 0.00100831 265.13 27.191 5.9936
264.746 27.0716 6.00272 0.000910999 265.13 27.191 5.9936
264.643 27.1854 6.00075 0.000501833 265.13 27.191 5.9936
264.845 27.2087 6.00363 0.00093714 265.13 27.191 5.9936
264.724 27.1884 5.99969 0.00100831 265.13 27.191 5.9936
264.746 27.0716 6.00272 0.000910999 265.13 27.191 5.9936
264.724 27.1884 5.99969 0.00100831 265.13 27.191 5.9936
265.116 27.2339 5.99588 2.82301e-05 265.13 27.191 5.9936
265.027 27.3214 5.99383 6.84398e-05 265.13 27.191 5.9936
264.724 27.1884 5.99969 0.00100831 265.13 27.191 5.9936
264.806 27.2083 6.00046 0.0013613 265.13 27.191 5.9936
265.044 27.2718 5.9981 9.18079e-05 265.13 27.191 5.9936
264.746 27.0716 6.00272 0.000910999 265.13 27.191 5.9936
264.845 27.2087 6.00363 0.00093714 265.13 27.191 5.9936
264.724 27.1884 5.99969 0.00100831 265.13 27.191 5.9936
264.806 27.2083 6.00046 0.0013613 265.13 27.191 5.9936
264.806 27.2083 6.00046 0.0013613 265.13 27.191 5.9936
264.893 27.1322 6.00185 0.000831068 265.13 27.191 5.9936
264.845 27.2087 6.00363 0.00093714 265.13 27.191 5.9936
264.746 27.0716 6.00272 0.000910999 265.13 27.191 5.9936
264.893 27.1322 6.00185 0.000831068 265.13 27.191 5.9936
264.746 27.0716 6.00272 0.000910999 265.13 27.191 5.9936
264.724 27.1884 5.99969 0.00100831 265.13 27.191 5.9936
264.724 27.1884 5.99969 0.00100831 265.13 27.191 5.9936
264.806 27.2083 6.00046 0.0013613 265.13 27.191 5.9936
264.806 27.2083 6.00046 0.0013613 265.13 27.191 5.9936
264.724 27.1884 5.99969 0.00100831 265.13 27.191 5.9936
264.845 27.2087 6.00363 0.00093714 265.13 27.191 5.9936
264.89 27.3277 5.99582 0.000289597 265.13 27.191 5.9936
264.893 27.1322 6.00185 0.000831068 265.13 27.191 5.9936
264.845 27.2087 6.00363 0.00093714 265.13 27.191 5.9936
264.806 27.2083 6.00046 0.0013613 265.13 27.191 5.9936
264.893 27.1322 6.00185 0.000831068 265.13 27.191 5.9936
264.845 27.2087 6.00363 0.00093714 265.13 27.191 5.9936
264.806 27.2083 6.00046 0.0013613 265.13 27.191 5.9936
264.708 27.2047 5.99634 0.000391532 265.13 27.191 5.9936
264.957 27.1585 6.00552 0.000153328 265.13 27.191 5.9936
264.746 27.0716 6.00272 0.000910999 265.13 27.191 5.9936
264.893 27.1322 6.00185 0.000831068 265.13 27.191 5.9936
264.984 27.3559 5.99447 7.99851e-05 265.13 27.191 5.9936
264.845 27.2087 6.00363 0.00093714 265.13 27.191 5.9936
264.957 27.1585 6.00552 0.000153328 265.13 27.191 5.9936
264.957 27.1585 6.00552 0.000153328 265.13 27.191 5.9936
264.746 27.0716 6.00272 0.000910999 265.13 27.191 5.9936
264.643 27.1854 6.00075 0.000501833 265.13 27.191 5.9936
264.89 27.3277 5.99582 0.000289597 265.13 27.191 5.9936
264.746 27.0716 6.00272 0.000910999 265.13 27.191 5.9936
264.893 27.1322 6.00185 0.000831068 265.13 27.191 5.9936
264.724 27.1884 5.99969 0.00100831 265.13 27.191 5.9936
264.806 27.2083 6.00046 0.0013613 265.13 27.191 5.9936
264.724 27.1884 5.99969 0.00100831 265.13 27.191 5.9936
264.97 27.4135 5.99139 1.79557e-05 265.13 27.191 5.9936
264.708 27.2047 5.99634 0.000391532 265.13 27.191 5.9936
264.893 27.1322 6.00185 0.000831068 265.13 27.191 5.9936
264.97 27.4135 5.99139 1.79557e-05 265.13 27.191 5.9936
264.893 27.1322 6.00185 0.000831068 265.13 27.191 5.9936
264.643 27.1854 6.00075 0.000501833 265.13 27.191 5.9936
264.89 27.3277 5.99582 0.000289597 265.13 27.191 5.9936
264.806 27.2083 6.00046 0.0013613 265.13 27.191 5.9936
264.746 27.0716 6.00272 0.000910999 265.13 27.191 5.9936
264.724 27.1884 5.99969 0.00100831 265.13 27.191 5.9936
264.806 27.2083 6.00046 0.0013613 265.13 27.191 5.9936
264.643 27.1854 6.00075 0.000501833 265.13 27.191 5.9936
264.806 27.2083 6.00046 0.0013613 265.13 27.191 5.9936
264.806 27.2083 6.00046 0.0013613 265.13 27.191 5.9936
265.117 27.2724 5.99378 2.12078e-05 265.13 27.191 5.9936
264.89 27.3277 5.99582 0.000289597 265.13 27.191 5.9936
264.806 27.2083 6.00046 0.0013613 265.13 27.191 5.9936
264.806 27.2083 6.00046 0.0013613 265.13 27.191 5.9936
264.845 27.2087 6.00363 0.00093714 265.13 27.191 5.9936
265.027 27.3214 5.99383 6.84398e-05 265.13 27.191 5.9936
264.893 27.1322 6.00185 0.000831068 265.13 27.191 5.9936
264.806 27.2083 6.00046 0.0013613 265.13 27.191 5.9936
264.746 27.0716 6.00272 0.000910999 265.13 27.191 5.9936
264.724 27.1884 5.99969 0.00100831 265.13 27.191 5.9936
264.806 27.2083 6.00046 0.0013613 265.13 27.191 5.9936
264.708 27.2047 5.99634 0.000391532 265.13 27.191 5.9936
264.868 27.126 5.98794 2.65159e-05 265.13 27.191 5.9936
264.643 27.1854 6.00075 0.000501833 265.13 27.191 5.9936
264.845 27.2087 6.00363 0.00093714 265.13 27.191 5.9936
264.893 27.1322 6.00185 0.000831068 265.13 27.191 5.9936
264.708 27.2047 5.99634 0.000391532 265.13 27.191 5.9936
264.845 27.2087 6.00363 0.00093714 265.13 27.191 5.9936
264.746 27.0716 6.00272 0.000910999 265.13 27.191 5.9936
264.724 27.1884 5.99969 0.00100831 265.13 27.191 5.9936
264.746 27.0716 6.00272 0.000910999 265.13 27.191 5.9936
264.893 27.1322 6.00185 0.000831068 265.13 27.191 5.9936
264.89 27.3277 5.99582 0.000289597 265.13 27.191 5.9936
264.643 27.1854 6.00075 0.000501833 265.13 27.191 5.9936
264.957 27.1585 6.00552 0.000153328 265.13 27.191 5.9936
264.845 27.2087 6.00363 0.00093714 265.13 27.191 5.9936
264.893 27.1322 6.00185 0.000831068 265.13 27.191 5.9936
264.845 27.2087 6.00363 0.00093714 265.13 27.191 5.9936
264.708 27.2047 5.99634 0.000391532 265.13 27.191 5.9936
264.893 27.1322 6.00185 0.000831068 265.13 27.191 5.9936
264.806 27.2083 6.00046 0.0013613 265.13 27.191 5.9936
264.746 27.0716 6.00272 0.000910999 265.13 27.191 5.9936
264.724 27.1884 5.99969 0.00100831 265.13 27.191 5.9936
264.845 27.2087 6.00363 0.00093714 265.13 27.191 5.9936
264.893 27.1322 6.00185 0.000831068 265.13 27.191 5.9936
264.845 27.2087 6.00363 0.00093714 265.13 27.191 5.9936
264.746 27.0716 6.00272 0.000910999 265.13 27.191 5.9936
264.746 27.0716 6.00272 0.000910999 265.13 27.191 5.9936
264.643 27.1854 6.00075 0.000501833 265.13 27.191 5.9936
265.027 27.3214 5.99383 6.84398e-05 265.13 27.191 5.9936
264.893 27.1322 6.00185 0.000831068 265.13 27.191 5.9936
264.643 27.1854 6.00075 0.000501833 265.13 27.191 5.9936
264.746 27.0716 6.00272 0.000910999 265.13 27.191 5.9936
264.746 27.0716 6.00272 0.000910999 265.13 27.191 5.9936
264.845 27.2087 6.00363 0.00093714 265.13 27.191 5.9936
264.89 27.3277 5.99582 0.000289597 265.13 27.191 5.9936
264.845 27.2087 6.00363 0.00093714 265.13 27.191 5.9936
264.724 27.1884 5.99969 0.00100831 265.13 27.191 5.9936
264.806 27.2083 6.00046 0.0013613 265.13 27.191 5.9936
264.746 27.0716 6.00272 0.000910999 265.13 27.191 5.9936
264.708 27.2047 5.99634 0.000391532 265.13 27.191 5.9936
