53.814 12.8096 0.147198 1.28754 53.525 12.757 0.14703
53.814 12.8096 0.147198 1.28754 53.525 12.757 0.14703
53.814 12.8096 0.147198 1.28754 53.525 12.757 0.14703
53.5758 12.7662 0.147955 0.261499 53.525 12.757 0.14703
53.814 12.8096 0.147198 1.28754 53.525 12.757 0.14703
53.814 12.8096 0.147198 1.28754 53.525 12.757 0.14703
53.5758 12.7662 0.147955 0.261499 53.525 12.757 0.14703
53.814 12.8096 0.147198 1.28754 53.525 12.757 0.14703
53.5758 12.7662 0.147955 0.261499 53.525 12.757 0.14703
53.814 12.8096 0.147198 1.28754 53.525 12.757 0.14703
53.6964 12.7583 0.152281 0.407046 53.525 12.757 0.14703
53.814 12.8096 0.147198 1.28754 53.525 12.757 0.14703
53.7132 12.8029 0.151481 0.605529 53.525 12.757 0.14703
53.814 12.8096 0.147198 1.28754 53.525 12.757 0.14703
53.6111 12.63 0.151852 0.126799 53.525 12.757 0.14703
53.814 12.8096 0.147198 1.28754 53.525 12.757 0.14703
53.814 12.8096 0.147198 1.28754 53.525 12.757 0.14703
53.814 12.8096 0.147198 1.28754 53.525 12.757 0.14703
53.814 12.8096 0.147198 1.28754 53.525 12.757 0.14703
53.814 12.8096 0.147198 1.28754 53.525 12.757 0.14703
53.814 12.8096 0.147198 1.28754 53.525 12.757 0.14703
53.814 12.8096 0.147198 1.28754 53.525 12.757 0.14703
53.5758 12.7662 0.147955 0.261499 53.525 12.757 0.14703
53.5758 12.7662 0.147955 0.261499 53.525 12.757 0.14703
53.6964 12.7583 0.152281 0.407046 53.525 12.757 0.14703
53.7132 12.8029 0.151481 0.605529 53.525 12.757 0.14703
53.814 12.8096 0.147198 1.28754 53.525 12.757 0.14703
53.5758 12.7662 0.147955 0.261499 53.525 12.757 0.14703
53.7132 12.8029 0.151481 0.605529 53.525 12.757 0.14703
53.814 12.8096 0.147198 1.28754 53.525 12.757 0.14703
53.814 12.8096 0.147198 1.28754 53.525 12.757 0.14703
53.5758 12.7662 0.147955 0.261499 53.525 12.757 0.14703
53.6111 12.63 0.151852 0.126799 53.525 12.757 0.14703
53.5174 12.7038 0.147059 0.0473504 53.525 12.757 0.14703
53.6317 12.6572 0.151929 0.204241 53.525 12.757 0.14703
54.1071 12.6323 0.144712 0.0147329 53.525 12.757 0.14703
53.6964 12.7583 0.152281 0.407046 53.525 12.757 0.14703
53.814 12.8096 0.147198 1.28754 53.525 12.757 0.14703
53.6964 12.7583 0.152281 0.407046 53.525 12.757 0.14703
53.814 12.8096 0.147198 1.28754 53.525 12.757 0.14703
53.6111 12.63 0.151852 0.126799 53.525 12.757 0.14703
53.814 12.8096 0.147198 1.28754 53.525 12.757 0.14703
53.5758 12.7662 0.147955 0.261499 53.525 12.757 0.14703
53.4957 12.5543 0.15139 0.00676509 53.525 12.757 0.14703
53.6317 12.6572 0.151929 0.204241 53.525 12.757 0.14703
53.7132 12.8029 0.151481 0.605529 53.525 12.757 0.14703
53.814 12.8096 0.147198 1.28754 53.525 12.757 0.14703
53.7132 12.8029 0.151481 0.605529 53.525 12.757 0.14703
53.7132 12.8029 0.151481 0.605529 53.525 12.757 0.14703
53.7132 12.8029 0.151481 0.605529 53.525 12.757 0.14703
53.6317 12.6572 0.151929 0.204241 53.525 12.757 0.14703
53.814 12.8096 0.147198 1.28754 53.525 12.757 0.14703
53.6964 12.7583 0.152281 0.407046 53.525 12.757 0.14703
53.6317 12.6572 0.151929 0.204241 53.525 12.757 0.14703
53.814 12.8096 0.147198 1.28754 53.525 12.757 0.14703
53.6964 12.7583 0.152281 0.407046 53.525 12.757 0.14703
53.7132 12.8029 0.151481 0.605529 53.525 12.757 0.14703
53.814 12.8096 0.147198 1.28754 53.525 12.757 0.14703
53.814 12.8096 0.147198 1.28754 53.525 12.757 0.14703
53.814 12.8096 0.147198 1.28754 53.525 12.757 0.14703
53.7132 12.8029 0.151481 0.605529 53.525 12.757 0.14703
53.6317 12.6572 0.151929 0.204241 53.525 12.757 0.14703
53.7132 12.8029 0.151481 0.605529 53.525 12.757 0.14703
53.7132 12.8029 0.151481 0.605529 53.525 12.757 0.14703
53.814 12.8096 0.147198 1.28754 53.525 12.757 0.14703
53.814 12.8096 0.147198 1.28754 53.525 12.757 0.14703
53.814 12.8096 0.147198 1.28754 53.525 12.757 0.14703
53.7132 12.8029 0.151481 0.605529 53.525 12.757 0.14703
53.814 12.8096 0.147198 1.28754 53.525 12.757 0.14703
53.6964 12.7583 0.152281 0.407046 53.525 12.757 0.14703
53.7132 12.8029 0.151481 0.605529 53.525 12.757 0.14703
53.6111 12.63 0.151852 0.126799 53.525 12.757 0.14703
53.6317 12.6572 0.151929 0.204241 53.525 12.757 0.14703
53.4869 12.637 0.152458 0.017155 53.525 12.757 0.14703
53.5758 12.7662 0.147955 0.261499 53.525 12.757 0.14703
53.814 12.8096 0.147198 1.28754 53.525 12.757 0.14703
53.814 12.8096 0.147198 1.28754 53.525 12.757 0.14703
53.6964 12.7583 0.152281 0.407046 53.525 12.757 0.14703
53.814 12.8096 0.147198 1.28754 53.525 12.757 0.14703
53.6317 12.6572 0.151929 0.204241 53.525 12.757 0.14703
53.814 12.8096 0.147198 1.28754 53.525 12.757 0.14703
53.814 12.8096 0.147198 1.28754 53.525 12.757 0.14703
53.814 12.8096 0.147198 1.28754 53.525 12.757 0.14703
53.814 12.8096 0.147198 1.28754 53.525 12.757 0.14703
53.6964 12.7583 0.152281 0.407046 53.525 12.757 0.14703
53.5758 12.7662 0.147955 0.261499 53.525 12.757 0.14703
53.814 12.8096 0.147198 1.28754 53.525 12.757 0.14703
53.814 12.8096 0.147198 1.28754 53.525 12.757 0.14703
53.814 12.8096 0.147198 1.28754 53.525 12.757 0.14703
53.814 12.8096 0.147198 1.28754 53.525 12.757 0.14703
53.814 12.8096 0.147198 1.28754 53.525 12.757 0.14703
53.814 12.8096 0.147198 1.28754 53.525 12.757 0.14703
53.814 12.8096 0.147198 1.28754 53.525 12.757 0.14703
53.814 12.8096 0.147198 1.28754 53.525 12.757 0.14703
53.6317 12.6572 0.151929 0.204241 53.525 12.757 0.14703
53.814 12.8096 0.147198 1.28754 53.525 12.757 0.14703
53.814 12.8096 0.147198 1.28754 53.525 12.757 0.14703
53.6964 12.7583 0.152281 0.407046 53.525 12.757 0.14703
53.814 12.8096 0.147198 1.28754 53.525 12.757 0.14703
53.814 12.8096 0.147198 1.28754 53.525 12.757 0.14703
53.814 12.8096 0.147198 1.28754 53.525 12.757 0.14703
53.814 12.8096 0.147198 1.28754 53.525 12.757 0.14703
53.5174 12.7038 0.147059 0.0473504 53.525 12.757 0.14703
53.814 12.8096 0.147198 1.28754 53.525 12.757 0.14703
53.814 12.8096 0.147198 1.28754 53.525 12.757 0.14703
53.6659 12.5364 0.15261 0.0176832 53.525 12.757 0.14703
53.7132 12.8029 0.151481 0.605529 53.525 12.757 0.14703
53.7132 12.8029 0.151481 0.605529 53.525 12.757 0.14703
53.7132 12.8029 0.151481 0.605529 53.525 12.757 0.14703
53.7132 12.8029 0.151481 0.605529 53.525 12.757 0.14703
53.7132 12.8029 0.151481 0.605529 53.525 12.757 0.14703
53.814 12.8096 0.147198 1.28754 53.525 12.757 0.14703
53.814 12.8096 0.147198 1.28754 53.525 12.757 0.14703
53.7132 12.8029 0.151481 0.605529 53.525 12.757 0.14703
53.814 12.8096 0.147198 1.28754 53.525 12.757 0.14703
53.6964 12.7583 0.152281 0.407046 53.525 12.757 0.14703
53.7132 12.8029 0.151481 0.605529 53.525 12.757 0.14703
53.7132 12.8029 0.151481 0.605529 53.525 12.757 0.14703
53.6317 12.6572 0.151929 0.204241 53.525 12.757 0.14703
53.6111 12.63 0.151852 0.126799 53.525 12.757 0.14703
53.5758 12.7662 0.147955 0.261499 53.525 12.757 0.14703
53.814 12.8096 0.147198 1.28754 53.525 12.757 0.14703
53.814 12.8096 0.147198 1.28754 53.525 12.757 0.14703
53.814 12.8096 0.147198 1.28754 53.525 12.757 0.14703
53.814 12.8096 0.147198 1.28754 53.525 12.757 0.14703
53.6111 12.63 0.151852 0.126799 53.525 12.757 0.14703
53.6964 12.7583 0.152281 0.407046 53.525 12.757 0.14703
53.6659 12.5364 0.15261 0.0176832 53.525 12.757 0.14703
53.5758 12.7662 0.147955 0.261499 53.525 12.757 0.14703
53.5758 12.7662 0.147955 0.261499 53.525 12.757 0.14703
53.814 12.8096 0.147198 1.28754 53.525 12.757 0.14703
53.6964 12.7583 0.152281 0.407046 53.525 12.757 0.14703
53.814 12.8096 0.147198 1.28754 53.525 12.757 0.14703
53.7132 12.8029 0.151481 0.605529 53.525 12.757 0.14703
53.6964 12.7583 0.152281 0.407046 53.525 12.757 0.14703
53.814 12.8096 0.147198 1.28754 53.525 12.757 0.14703
53.5758 12.7662 0.147955 0.261499 53.525 12.757 0.14703
53.7132 12.8029 0.151481 0.605529 53.525 12.757 0.14703
53.814 12.8096 0.147198 1.28754 53.525 12.757 0.14703
53.7132 12.8029 0.151481 0.605529 53.525 12.757 0.14703
53.7132 12.8029 0.151481 0.605529 53.525 12.757 0.14703
53.5758 12.7662 0.147955 0.261499 53.525 12.757 0.14703
53.814 12.8096 0.147198 1.28754 53.525 12.757 0.14703
53.7132 12.8029 0.151481 0.605529 53.525 12.757 0.14703
53.7132 12.8029 0.151481 0.605529 53.525 12.757 0.14703
53.814 12.8096 0.147198 1.28754 53.525 12.757 0.14703
53.6964 12.7583 0.152281 0.407046 53.525 12.757 0.14703
53.814 12.8096 0.147198 1.28754 53.525 12.757 0.14703
53.814 12.8096 0.147198 1.28754 53.525 12.757 0.14703
53.7132 12.8029 0.151481 0.605529 53.525 12.757 0.14703
53.7132 12.8029 0.151481 0.605529 53.525 12.757 0.14703
53.814 12.8096 0.147198 1.28754 53.525 12.757 0.14703
53.5758 12.7662 0.147955 0.261499 53.525 12.757 0.14703
53.5758 12.7662 0.147955 0.261499 53.525 12.757 0.14703
53.814 12.8096 0.147198 1.28754 53.525 12.757 0.14703
53.5174 12.7038 0.147059 0.0473504 53.525 12.757 0.14703
53.814 12.8096 0.147198 1.28754 53.525 12.757 0.14703
53.814 12.8096 0.147198 1.28754 53.525 12.757 0.14703
53.814 12.8096 0.147198 1.28754 53.525 12.757 0.14703
53.7132 12.8029 0.151481 0.605529 53.525 12.757 0.14703
53.6964 12.7583 0.152281 0.407046 53.525 12.757 0.14703
53.814 12.8096 0.147198 1.28754 53.525 12.757 0.14703
53.6964 12.7583 0.152281 0.407046 53.525 12.757 0.14703
53.814 12.8096 0.147198 1.28754 53.525 12.757 0.14703
53.814 12.8096 0.147198 1.28754 53.525 12.757 0.14703
53.814 12.8096 0.147198 1.28754 53.525 12.757 0.14703
53.7132 12.8029 0.151481 0.605529 53.525 12.757 0.14703
53.814 12.8096 0.147198 1.28754 53.525 12.757 0.14703
53.814 12.8096 0.147198 1.28754 53.525 12.757 0.14703
53.6964 12.7583 0.152281 0.407046 53.525 12.757 0.14703
53.814 12.8096 0.147198 1.28754 53.525 12.757 0.14703
53.6964 12.7583 0.152281 0.407046 53.525 12.757 0.14703
53.7132 12.8029 0.151481 0.605529 53.525 12.757 0.14703
53.6111 12.63 0.151852 0.126799 53.525 12.757 0.14703
53.7132 12.8029 0.151481 0.605529 53.525 12.757 0.14703
53.5758 12.7662 0.147955 0.261499 53.525 12.757 0.14703
53.7132 12.8029 0.151481 0.605529 53.525 12.757 0.14703
53.814 12.8096 0.147198 1.28754 53.525 12.757 0.14703
53.814 12.8096 0.147198 1.28754 53.525 12.757 0.14703
53.7132 12.8029 0.151481 0.605529 53.525 12.757 0.14703
53.814 12.8096 0.147198 1.28754 53.525 12.757 0.14703
53.6964 12.7583 0.152281 0.407046 53.525 12.757 0.14703
53.6964 12.7583 0.152281 0.407046 53.525 12.757 0.14703
53.814 12.8096 0.147198 1.28754 53.525 12.757 0.14703
53.814 12.8096 0.147198 1.28754 53.525 12.757 0.14703
53.7132 12.8029 0.151481 0.605529 53.525 12.757 0.14703
53.6659 12.5364 0.15261 0.0176832 53.525 12.757 0.14703
53.5174 12.7038 0.147059 0.0473504 53.525 12.757 0.14703
53.4869 12.637 0.152458 0.017155 53.525 12.757 0.14703
53.7132 12.8029 0.151481 0.605529 53.525 12.757 0.14703
53.5758 12.7662 0.147955 0.261499 53.525 12.757 0.14703
53.814 12.8096 0.147198 1.28754 53.525 12.757 0.14703
53.814 12.8096 0.147198 1.28754 53.525 12.757 0.14703
53.814 12.8096 0.147198 1.28754 53.525 12.757 0.14703
53.814 12.8096 0.147198 1.28754 53.525 12.757 0.14703
53.5174 12.7038 0.147059 0.0473504 53.525 12.757 0.14703
53.6317 12.6572 0.151929 0.204241 53.525 12.757 0.14703
53.7132 12.8029 0.151481 0.605529 53.525 12.757 0.14703
53.7132 12.8029 0.151481 0.605529 53.525 12.757 0.14703
53.814 12.8096 0.147198 1.28754 53.525 12.757 0.14703
