30.3342 8.60209 0.214605 0.0458075 30.221 8.6112 0.21849
30.1945 8.58449 0.214318 0.131105 30.221 8.6112 0.21849
30.2631 8.45738 0.218668 0.0385556 30.221 8.6112 0.21849
30.1945 8.58449 0.214318 0.131105 30.221 8.6112 0.21849
30.2812 8.42478 0.216289 0.0535788 30.221 8.6112 0.21849
30.2266 8.6114 0.216325 0.125246 30.221 8.6112 0.21849
30.0429 8.49898 0.225347 0.00681643 30.221 8.6112 0.21849
30.0361 8.51568 0.214851 0.0445807 30.221 8.6112 0.21849
30.2266 8.6114 0.216325 0.125246 30.221 8.6112 0.21849
30.2266 8.6114 0.216325 0.125246 30.221 8.6112 0.21849
30.2266 8.6114 0.216325 0.125246 30.221 8.6112 0.21849
30.0487 8.54691 0.219858 0.148788 30.221 8.6112 0.21849
30.3342 8.60209 0.214605 0.0458075 30.221 8.6112 0.21849
30.2631 8.45738 0.218668 0.0385556 30.221 8.6112 0.21849
30.0478 8.42821 0.223643 0.0112784 30.221 8.6112 0.21849
30.2694 8.4839 0.218838 0.0392835 30.221 8.6112 0.21849
30.2694 8.4839 0.218838 0.0392835 30.221 8.6112 0.21849
30.1945 8.58449 0.214318 0.131105 30.221 8.6112 0.21849
30.2266 8.6114 0.216325 0.125246 30.221 8.6112 0.21849
30.1059 8.47453 0.21637 0.151919 30.221 8.6112 0.21849
30.2812 8.42478 0.216289 0.0535788 30.221 8.6112 0.21849
30.1059 8.47453 0.21637 0.151919 30.221 8.6112 0.21849
30.3342 8.60209 0.214605 0.0458075 30.221 8.6112 0.21849
30.2266 8.6114 0.216325 0.125246 30.221 8.6112 0.21849
30.2382 8.42712 0.220996 0.00878726 30.221 8.6112 0.21849
30.1059 8.47453 0.21637 0.151919 30.221 8.6112 0.21849
30.1155 8.54088 0.223202 0.0262161 30.221 8.6112 0.21849
29.8762 8.58359 0.22857 0.000815758 30.221 8.6112 0.21849
30.1543 8.54795 0.213333 0.0880178 30.221 8.6112 0.21849
30.3342 8.60209 0.214605 0.0458075 30.221 8.6112 0.21849
30.0487 8.54691 0.219858 0.148788 30.221 8.6112 0.21849
30.1945 8.58449 0.214318 0.131105 30.221 8.6112 0.21849
30.3938 8.53984 0.214374 0.0224223 30.221 8.6112 0.21849
30.1945 8.58449 0.214318 0.131105 30.221 8.6112 0.21849
30.2266 8.6114 0.216325 0.125246 30.221 8.6112 0.21849
30.3283 8.54052 0.21545 0.0609024 30.221 8.6112 0.21849
30.1945 8.58449 0.214318 0.131105 30.221 8.6112 0.21849
30.1945 8.58449 0.214318 0.131105 30.221 8.6112 0.21849
30.0361 8.51568 0.214851 0.0445807 30.221 8.6112 0.21849
30.1059 8.47453 0.21637 0.151919 30.221 8.6112 0.21849
30.1059 8.47453 0.21637 0.151919 30.221 8.6112 0.21849
30.356 8.47771 0.210545 0.0269809 30.221 8.6112 0.21849
30.0361 8.51568 0.214851 0.0445807 30.221 8.6112 0.21849
30.1543 8.54795 0.213333 0.0880178 30.221 8.6112 0.21849
30.3283 8.54052 0.21545 0.0609024 30.221 8.6112 0.21849
30.2266 8.6114 0.216325 0.125246 30.221 8.6112 0.21849
30.1945 8.58449 0.214318 0.131105 30.221 8.6112 0.21849
30.356 8.47771 0.210545 0.0269809 30.221 8.6112 0.21849
30.2694 8.4839 0.218838 0.0392835 30.221 8.6112 0.21849
30.0361 8.51568 0.214851 0.0445807 30.221 8.6112 0.21849
30.2266 8.6114 0.216325 0.125246 30.221 8.6112 0.21849
30.1543 8.54795 0.213333 0.0880178 30.221 8.6112 0.21849
30.2694 8.4839 0.218838 0.0392835 30.221 8.6112 0.21849
30.1945 8.58449 0.214318 0.131105 30.221 8.6112 0.21849
30.1945 8.58449 0.214318 0.131105 30.221 8.6112 0.21849
30.2266 8.6114 0.216325 0.125246 30.221 8.6112 0.21849
30.2694 8.4839 0.218838 0.0392835 30.221 8.6112 0.21849
29.9115 8.61378 0.22409 0.0167045 30.221 8.6112 0.21849
30.2631 8.45738 0.218668 0.0385556 30.221 8.6112 0.21849
30.1543 8.54795 0.213333 0.0880178 30.221 8.6112 0.21849
30.1059 8.47453 0.21637 0.151919 30.221 8.6112 0.21849
30.1945 8.58449 0.214318 0.131105 30.221 8.6112 0.21849
30.0487 8.54691 0.219858 0.148788 30.221 8.6112 0.21849
30.1945 8.58449 0.214318 0.131105 30.221 8.6112 0.21849
30.1945 8.58449 0.214318 0.131105 30.221 8.6112 0.21849
30.3938 8.53984 0.214374 0.0224223 30.221 8.6112 0.21849
30.2382 8.42712 0.220996 0.00878726 30.221 8.6112 0.21849
30.0361 8.51568 0.214851 0.0445807 30.221 8.6112 0.21849
30.356 8.47771 0.210545 0.0269809 30.221 8.6112 0.21849
30.2266 8.6114 0.216325 0.125246 30.221 8.6112 0.21849
30.1543 8.54795 0.213333 0.0880178 30.221 8.6112 0.21849
30.1945 8.58449 0.214318 0.131105 30.221 8.6112 0.21849
30.3283 8.54052 0.21545 0.0609024 30.221 8.6112 0.21849
30.1059 8.47453 0.21637 0.151919 30.221 8.6112 0.21849
30.3283 8.54052 0.21545 0.0609024 30.221 8.6112 0.21849
30.1543 8.54795 0.213333 0.0880178 30.221 8.6112 0.21849
30.2694 8.4839 0.218838 0.0392835 30.221 8.6112 0.21849
30.2266 8.6114 0.216325 0.125246 30.221 8.6112 0.21849
30.0487 8.54691 0.219858 0.148788 30.221 8.6112 0.21849
30.1059 8.47453 0.21637 0.151919 30.221 8.6112 0.21849
30.2812 8.42478 0.216289 0.0535788 30.221 8.6112 0.21849
30.1945 8.58449 0.214318 0.131105 30.221 8.6112 0.21849
30.0895 8.73353 0.21356 0.00392358 30.221 8.6112 0.21849
30.3342 8.60209 0.214605 0.0458075 30.221 8.6112 0.21849
30.3342 8.60209 0.214605 0.0458075 30.221 8.6112 0.21849
30.1059 8.47453 0.21637 0.151919 30.221 8.6112 0.21849
30.0478 8.42821 0.223643 0.0112784 30.221 8.6112 0.21849
30.1945 8.58449 0.214318 0.131105 30.221 8.6112 0.21849
30.159 8.35532 0.213356 0.0220393 30.221 8.6112 0.21849
30.1945 8.58449 0.214318 0.131105 30.221 8.6112 0.21849
30.0487 8.54691 0.219858 0.148788 30.221 8.6112 0.21849
30.4423 8.56644 0.210128 0.00693338 30.221 8.6112 0.21849
30.0487 8.54691 0.219858 0.148788 30.221 8.6112 0.21849
30.1059 8.47453 0.21637 0.151919 30.221 8.6112 0.21849
30.1059 8.47453 0.21637 0.151919 30.221 8.6112 0.21849
30.2266 8.6114 0.216325 0.125246 30.221 8.6112 0.21849
30.1543 8.54795 0.213333 0.0880178 30.221 8.6112 0.21849
30.0487 8.54691 0.219858 0.148788 30.221 8.6112 0.21849
30.1543 8.54795 0.213333 0.0880178 30.221 8.6112 0.21849
30.0487 8.54691 0.219858 0.148788 30.221 8.6112 0.21849
30.3938 8.53984 0.214374 0.0224223 30.221 8.6112 0.21849
30.1543 8.54795 0.213333 0.0880178 30.221 8.6112 0.21849
30.159 8.35532 0.213356 0.0220393 30.221 8.6112 0.21849
30.2694 8.4839 0.218838 0.0392835 30.221 8.6112 0.21849
30.1543 8.54795 0.213333 0.0880178 30.221 8.6112 0.21849
30.0487 8.54691 0.219858 0.148788 30.221 8.6112 0.21849
30.2174 8.63166 0.224149 0.00150573 30.221 8.6112 0.21849
30.159 8.35532 0.213356 0.0220393 30.221 8.6112 0.21849
30.1059 8.47453 0.21637 0.151919 30.221 8.6112 0.21849
30.0803 8.75403 0.224022 0.00313456 30.221 8.6112 0.21849
30.1059 8.47453 0.21637 0.151919 30.221 8.6112 0.21849
30.4423 8.56644 0.210128 0.00693338 30.221 8.6112 0.21849
30.2266 8.6114 0.216325 0.125246 30.221 8.6112 0.21849
30.3283 8.54052 0.21545 0.0609024 30.221 8.6112 0.21849
30.1059 8.47453 0.21637 0.151919 30.221 8.6112 0.21849
30.1059 8.47453 0.21637 0.151919 30.221 8.6112 0.21849
30.2266 8.6114 0.216325 0.125246 30.221 8.6112 0.21849
30.1059 8.47453 0.21637 0.151919 30.221 8.6112 0.21849
30.0487 8.54691 0.219858 0.148788 30.221 8.6112 0.21849
30.1945 8.58449 0.214318 0.131105 30.221 8.6112 0.21849
29.9822 8.71816 0.22462 0.00630077 30.221 8.6112 0.21849
30.2812 8.42478 0.216289 0.0535788 30.221 8.6112 0.21849
30.0487 8.54691 0.219858 0.148788 30.221 8.6112 0.21849
30.2694 8.4839 0.218838 0.0392835 30.221 8.6112 0.21849
30.2694 8.4839 0.218838 0.0392835 30.221 8.6112 0.21849
30.2266 8.6114 0.216325 0.125246 30.221 8.6112 0.21849
30.1543 8.54795 0.213333 0.0880178 30.221 8.6112 0.21849
30.0487 8.54691 0.219858 0.148788 30.221 8.6112 0.21849
30.1059 8.47453 0.21637 0.151919 30.221 8.6112 0.21849
30.1059 8.47453 0.21637 0.151919 30.221 8.6112 0.21849
30.1945 8.58449 0.214318 0.131105 30.221 8.6112 0.21849
30.3342 8.60209 0.214605 0.0458075 30.221 8.6112 0.21849
30.1111 8.66371 0.211707 0.00508997 30.221 8.6112 0.21849
30.2694 8.4839 0.218838 0.0392835 30.221 8.6112 0.21849
30.189 8.74859 0.221124 0.00587282 30.221 8.6112 0.21849
30.1543 8.54795 0.213333 0.0880178 30.221 8.6112 0.21849
30.2812 8.42478 0.216289 0.0535788 30.221 8.6112 0.21849
30.0487 8.54691 0.219858 0.148788 30.221 8.6112 0.21849
30.2266 8.6114 0.216325 0.125246 30.221 8.6112 0.21849
30.2266 8.6114 0.216325 0.125246 30.221 8.6112 0.21849
30.1945 8.58449 0.214318 0.131105 30.221 8.6112 0.21849
30.1059 8.47453 0.21637 0.151919 30.221 8.6112 0.21849
30.4423 8.56644 0.210128 0.00693338 30.221 8.6112 0.21849
30.356 8.47771 0.210545 0.0269809 30.221 8.6112 0.21849
30.1059 8.47453 0.21637 0.151919 30.221 8.6112 0.21849
30.1059 8.47453 0.21637 0.151919 30.221 8.6112 0.21849
30.2812 8.42478 0.216289 0.0535788 30.221 8.6112 0.21849
30.0487 8.54691 0.219858 0.148788 30.221 8.6112 0.21849
30.2266 8.6114 0.216325 0.125246 30.221 8.6112 0.21849
30.1945 8.58449 0.214318 0.131105 30.221 8.6112 0.21849
30.2266 8.6114 0.216325 0.125246 30.221 8.6112 0.21849
30.1945 8.58449 0.214318 0.131105 30.221 8.6112 0.21849
30.1543 8.54795 0.213333 0.0880178 30.221 8.6112 0.21849
30.2266 8.6114 0.216325 0.125246 30.221 8.6112 0.21849
30.3283 8.54052 0.21545 0.0609024 30.221 8.6112 0.21849
30.0361 8.51568 0.214851 0.0445807 30.221 8.6112 0.21849
30.2812 8.42478 0.216289 0.0535788 30.221 8.6112 0.21849
30.159 8.35532 0.213356 0.0220393 30.221 8.6112 0.21849
30.1059 8.47453 0.21637 0.151919 30.221 8.6112 0.21849
30.356 8.47771 0.210545 0.0269809 30.221 8.6112 0.21849
30.1945 8.58449 0.214318 0.131105 30.221 8.6112 0.21849
30.3938 8.53984 0.214374 0.0224223 30.221 8.6112 0.21849
30.3342 8.60209 0.214605 0.0458075 30.221 8.6112 0.21849
30.0487 8.54691 0.219858 0.148788 30.221 8.6112 0.21849
30.1543 8.54795 0.213333 0.0880178 30.221 8.6112 0.21849
30.2631 8.45738 0.218668 0.0385556 30.221 8.6112 0.21849
30.3283 8.54052 0.21545 0.0609024 30.221 8.6112 0.21849
30.1945 8.58449 0.214318 0.131105 30.221 8.6112 0.21849
30.1059 8.47453 0.21637 0.151919 30.221 8.6112 0.21849
30.0752 8.71842 0.212712 0.00222809 30.221 8.6112 0.21849
30.1945 8.58449 0.214318 0.131105 30.221 8.6112 0.21849
30.0361 8.51568 0.214851 0.0445807 30.221 8.6112 0.21849
30.2382 8.42712 0.220996 0.00878726 30.221 8.6112 0.21849
30.0487 8.54691 0.219858 0.148788 30.221 8.6112 0.21849
30.1945 8.58449 0.214318 0.131105 30.221 8.6112 0.21849
30.2694 8.4839 0.218838 0.0392835 30.221 8.6112 0.21849
30.0487 8.54691 0.219858 0.148788 30.221 8.6112 0.21849
30.1059 8.47453 0.21637 0.151919 30.221 8.6112 0.21849
30.0179 8.57064 0.212007 0.00272628 30.221 8.6112 0.21849
30.0361 8.51568 0.214851 0.0445807 30.221 8.6112 0.21849
30.1543 8.54795 0.213333 0.0880178 30.221 8.6112 0.21849
30.3283 8.54052 0.21545 0.0609024 30.221 8.6112 0.21849
30.0487 8.54691 0.219858 0.148788 30.221 8.6112 0.21849
30.356 8.47771 0.210545 0.0269809 30.221 8.6112 0.21849
30.1543 8.54795 0.213333 0.0880178 30.221 8.6112 0.21849
30.356 8.47771 0.210545 0.0269809 30.221 8.6112 0.21849
30.3342 8.60209 0.214605 0.0458075 30.221 8.6112 0.21849
30.1543 8.54795 0.213333 0.0880178 30.221 8.6112 0.21849
30.1059 8.47453 0.21637 0.151919 30.221 8.6112 0.21849
30.356 8.47771 0.210545 0.0269809 30.221 8.6112 0.21849
30.2812 8.42478 0.216289 0.0535788 30.221 8.6112 0.21849
30.2266 8.6114 0.216325 0.125246 30.221 8.6112 0.21849
30.1059 8.47453 0.21637 0.151919 30.221 8.6112 0.21849
30.2812 8.42478 0.216289 0.0535788 30.221 8.6112 0.21849
30.2266 8.6114 0.216325 0.125246 30.221 8.6112 0.21849
30.3283 8.54052 0.21545 0.0609024 30.221 8.6112 0.21849
30.1059 8.47453 0.21637 0.151919 30.221 8.6112 0.21849
30.0487 8.54691 0.219858 0.148788 30.221 8.6112 0.21849
30.1059 8.47453 0.21637 0.151919 30.221 8.6112 0.21849
30.3283 8.54052 0.21545 0.0609024 30.221 8.6112 0.21849
