42.6516 11.9352 0.142 1.24169 42.769 12.144 0.1466
42.7916 11.9081 0.141385 1.69562 42.769 12.144 0.1466
42.4871 11.9846 0.150164 0.15011 42.769 12.144 0.1466
42.6516 11.9352 0.142 1.24169 42.769 12.144 0.1466
42.7424 11.9669 0.147793 0.666099 42.769 12.144 0.1466
42.7424 11.9669 0.147793 0.666099 42.769 12.144 0.1466
42.641 12.0572 0.143406 2.03715 42.769 12.144 0.1466
42.641 12.0572 0.143406 2.03715 42.769 12.144 0.1466
42.6067 11.9217 0.142188 0.651903 42.769 12.144 0.1466
42.6864 12.2566 0.142378 0.131277 42.769 12.144 0.1466
42.722 12.1082 0.142574 2.03063 42.769 12.144 0.1466
42.7067 12.1089 0.146103 1.91425 42.769 12.144 0.1466
42.8608 11.9692 0.137854 0.751401 42.769 12.144 0.1466
42.7067 12.1089 0.146103 1.91425 42.769 12.144 0.1466
42.7484 11.8159 0.138829 0.209714 42.769 12.144 0.1466
42.7424 11.9669 0.147793 0.666099 42.769 12.144 0.1466
42.5365 11.9854 0.142643 0.317828 42.769 12.144 0.1466
42.5365 11.9854 0.142643 0.317828 42.769 12.144 0.1466
42.7916 11.9081 0.141385 1.69562 42.769 12.144 0.1466
42.6315 12.0727 0.140305 0.414682 42.769 12.144 0.1466
42.722 12.1082 0.142574 2.03063 42.769 12.144 0.1466
42.7027 12.0775 0.147856 1.18649 42.769 12.144 0.1466
42.6803 12.0632 0.147532 1.54094 42.769 12.144 0.1466
42.5365 11.9854 0.142643 0.317828 42.769 12.144 0.1466
42.7724 11.9676 0.146664 0.981141 42.769 12.144 0.1466
42.7027 12.0775 0.147856 1.18649 42.769 12.144 0.1466
42.6516 11.9352 0.142 1.24169 42.769 12.144 0.1466
42.7741 11.8404 0.142754 0.693216 42.769 12.144 0.1466
42.7067 12.1089 0.146103 1.91425 42.769 12.144 0.1466
42.7606 12.091 0.134834 0.0155342 42.769 12.144 0.1466
42.7724 11.9676 0.146664 0.981141 42.769 12.144 0.1466
42.722 12.1082 0.142574 2.03063 42.769 12.144 0.1466
42.7067 12.1089 0.146103 1.91425 42.769 12.144 0.1466
42.722 12.1082 0.142574 2.03063 42.769 12.144 0.1466
42.6651 11.9852 0.150084 0.269731 42.769 12.144 0.1466
42.641 12.0572 0.143406 2.03715 42.769 12.144 0.1466
43.008 12.1173 0.142097 0.085521 42.769 12.144 0.1466
43.008 12.1173 0.142097 0.085521 42.769 12.144 0.1466
42.7724 11.9676 0.146664 0.981141 42.769 12.144 0.1466
42.759 12.2916 0.145607 0.0861278 42.769 12.144 0.1466
42.7027 12.0775 0.147856 1.18649 42.769 12.144 0.1466
42.6011 12.0985 0.147339 1.27459 42.769 12.144 0.1466
42.7916 11.9081 0.141385 1.69562 42.769 12.144 0.1466
42.641 12.0572 0.143406 2.03715 42.769 12.144 0.1466
42.7067 12.1089 0.146103 1.91425 42.769 12.144 0.1466
42.6803 12.0632 0.147532 1.54094 42.769 12.144 0.1466
42.6315 12.0727 0.140305 0.414682 42.769 12.144 0.1466
42.7067 12.1089 0.146103 1.91425 42.769 12.144 0.1466
42.6516 11.9352 0.142 1.24169 42.769 12.144 0.1466
42.7916 11.9081 0.141385 1.69562 42.769 12.144 0.1466
42.8079 12.0992 0.144004 1.81736 42.769 12.144 0.1466
42.6803 12.0632 0.147532 1.54094 42.769 12.144 0.1466
42.5018 12.0793 0.147368 0.468133 42.769 12.144 0.1466
42.6887 11.8691 0.145879 0.631135 42.769 12.144 0.1466
42.7067 12.1089 0.146103 1.91425 42.769 12.144 0.1466
42.6651 11.9852 0.150084 0.269731 42.769 12.144 0.1466
42.7067 12.1089 0.146103 1.91425 42.769 12.144 0.1466
42.5018 12.0793 0.147368 0.468133 42.769 12.144 0.1466
42.6516 11.9352 0.142 1.24169 42.769 12.144 0.1466
42.7916 11.9081 0.141385 1.69562 42.769 12.144 0.1466
42.6324 12.1469 0.151837 0.0879331 42.769 12.144 0.1466
42.6887 11.8691 0.145879 0.631135 42.769 12.144 0.1466
42.6011 12.0985 0.147339 1.27459 42.769 12.144 0.1466
42.8608 11.9692 0.137854 0.751401 42.769 12.144 0.1466
42.6516 11.9352 0.142 1.24169 42.769 12.144 0.1466
42.6516 11.9352 0.142 1.24169 42.769 12.144 0.1466
42.6803 12.0632 0.147532 1.54094 42.769 12.144 0.1466
42.8079 12.0992 0.144004 1.81736 42.769 12.144 0.1466
42.6067 11.9217 0.142188 0.651903 42.769 12.144 0.1466
42.722 12.1082 0.142574 2.03063 42.769 12.144 0.1466
42.5986 12.2409 0.143928 0.144345 42.769 12.144 0.1466
42.722 12.1082 0.142574 2.03063 42.769 12.144 0.1466
42.7916 11.9081 0.141385 1.69562 42.769 12.144 0.1466
42.641 12.0572 0.143406 2.03715 42.769 12.144 0.1466
42.641 12.0572 0.143406 2.03715 42.769 12.144 0.1466
42.7741 11.8404 0.142754 0.693216 42.769 12.144 0.1466
42.7724 11.9676 0.146664 0.981141 42.769 12.144 0.1466
42.7424 11.9669 0.147793 0.666099 42.769 12.144 0.1466
42.641 12.0572 0.143406 2.03715 42.769 12.144 0.1466
42.4871 11.9846 0.150164 0.15011 42.769 12.144 0.1466
42.7741 11.8404 0.142754 0.693216 42.769 12.144 0.1466
42.7067 12.1089 0.146103 1.91425 42.769 12.144 0.1466
42.8079 12.0992 0.144004 1.81736 42.769 12.144 0.1466
42.7484 11.8159 0.138829 0.209714 42.769 12.144 0.1466
42.7724 11.9676 0.146664 0.981141 42.769 12.144 0.1466
42.722 12.1082 0.142574 2.03063 42.769 12.144 0.1466
42.6803 12.0632 0.147532 1.54094 42.769 12.144 0.1466
42.6339 11.8562 0.144699 0.527308 42.769 12.144 0.1466
42.7916 11.9081 0.141385 1.69562 42.769 12.144 0.1466
42.8079 12.0992 0.144004 1.81736 42.769 12.144 0.1466
42.6516 11.9352 0.142 1.24169 42.769 12.144 0.1466
42.641 12.0572 0.143406 2.03715 42.769 12.144 0.1466
42.7724 11.9676 0.146664 0.981141 42.769 12.144 0.1466
42.6011 12.0985 0.147339 1.27459 42.769 12.144 0.1466
42.6651 11.9852 0.150084 0.269731 42.769 12.144 0.1466
42.722 12.1082 0.142574 2.03063 42.769 12.144 0.1466
42.5365 11.9854 0.142643 0.317828 42.769 12.144 0.1466
42.659 11.7472 0.139479 0.0244891 42.769 12.144 0.1466
42.6803 12.0632 0.147532 1.54094 42.769 12.144 0.1466
42.6887 11.8691 0.145879 0.631135 42.769 12.144 0.1466
42.6011 12.0985 0.147339 1.27459 42.769 12.144 0.1466
42.8079 12.0992 0.144004 1.81736 42.769 12.144 0.1466
42.8608 11.9692 0.137854 0.751401 42.769 12.144 0.1466
42.6516 11.9352 0.142 1.24169 42.769 12.144 0.1466
42.7916 11.9081 0.141385 1.69562 42.769 12.144 0.1466
42.641 12.0572 0.143406 2.03715 42.769 12.144 0.1466
42.7741 11.8404 0.142754 0.693216 42.769 12.144 0.1466
42.641 12.0572 0.143406 2.03715 42.769 12.144 0.1466
42.722 12.1082 0.142574 2.03063 42.769 12.144 0.1466
42.7916 11.9081 0.141385 1.69562 42.769 12.144 0.1466
42.6339 11.8562 0.144699 0.527308 42.769 12.144 0.1466
42.8079 12.0992 0.144004 1.81736 42.769 12.144 0.1466
42.641 12.0572 0.143406 2.03715 42.769 12.144 0.1466
42.7424 11.9669 0.147793 0.666099 42.769 12.144 0.1466
42.7067 12.1089 0.146103 1.91425 42.769 12.144 0.1466
42.5018 12.0793 0.147368 0.468133 42.769 12.144 0.1466
42.5018 12.0793 0.147368 0.468133 42.769 12.144 0.1466
42.7277 12.2335 0.148364 0.158135 42.769 12.144 0.1466
42.6067 11.9217 0.142188 0.651903 42.769 12.144 0.1466
42.6011 12.0985 0.147339 1.27459 42.769 12.144 0.1466
42.6803 12.0632 0.147532 1.54094 42.769 12.144 0.1466
42.7027 12.0775 0.147856 1.18649 42.769 12.144 0.1466
42.7424 11.9669 0.147793 0.666099 42.769 12.144 0.1466
42.7916 11.9081 0.141385 1.69562 42.769 12.144 0.1466
42.7424 11.9669 0.147793 0.666099 42.769 12.144 0.1466
42.641 12.0572 0.143406 2.03715 42.769 12.144 0.1466
42.7424 11.9669 0.147793 0.666099 42.769 12.144 0.1466
42.641 12.0572 0.143406 2.03715 42.769 12.144 0.1466
42.6144 12.113 0.150291 0.355611 42.769 12.144 0.1466
42.7424 11.9669 0.147793 0.666099 42.769 12.144 0.1466
42.5018 12.0793 0.147368 0.468133 42.769 12.144 0.1466
42.6067 11.9217 0.142188 0.651903 42.769 12.144 0.1466
42.5018 12.0793 0.147368 0.468133 42.769 12.144 0.1466
42.7067 12.1089 0.146103 1.91425 42.769 12.144 0.1466
42.7067 12.1089 0.146103 1.91425 42.769 12.144 0.1466
42.5018 12.0793 0.147368 0.468133 42.769 12.144 0.1466
42.7916 11.9081 0.141385 1.69562 42.769 12.144 0.1466
42.6803 12.0632 0.147532 1.54094 42.769 12.144 0.1466
42.7067 12.1089 0.146103 1.91425 42.769 12.144 0.1466
42.641 12.0572 0.143406 2.03715 42.769 12.144 0.1466
42.9357 11.9461 0.146433 0.0516818 42.769 12.144 0.1466
42.6516 11.9352 0.142 1.24169 42.769 12.144 0.1466
42.641 12.0572 0.143406 2.03715 42.769 12.144 0.1466
42.7484 11.8159 0.138829 0.209714 42.769 12.144 0.1466
42.641 12.0572 0.143406 2.03715 42.769 12.144 0.1466
42.7067 12.1089 0.146103 1.91425 42.769 12.144 0.1466
42.7724 11.9676 0.146664 0.981141 42.769 12.144 0.1466
42.7916 11.9081 0.141385 1.69562 42.769 12.144 0.1466
42.6887 11.8691 0.145879 0.631135 42.769 12.144 0.1466
42.641 12.0572 0.143406 2.03715 42.769 12.144 0.1466
42.7741 11.8404 0.142754 0.693216 42.769 12.144 0.1466
42.6887 11.8691 0.145879 0.631135 42.769 12.144 0.1466
42.7424 11.9669 0.147793 0.666099 42.769 12.144 0.1466
42.7916 11.9081 0.141385 1.69562 42.769 12.144 0.1466
42.5018 12.0793 0.147368 0.468133 42.769 12.144 0.1466
42.7916 11.9081 0.141385 1.69562 42.769 12.144 0.1466
42.7424 11.9669 0.147793 0.666099 42.769 12.144 0.1466
42.7724 11.9676 0.146664 0.981141 42.769 12.144 0.1466
42.7424 11.9669 0.147793 0.666099 42.769 12.144 0.1466
42.7067 12.1089 0.146103 1.91425 42.769 12.144 0.1466
42.7916 11.9081 0.141385 1.69562 42.769 12.144 0.1466
42.7027 12.0775 0.147856 1.18649 42.769 12.144 0.1466
42.6651 11.9852 0.150084 0.269731 42.769 12.144 0.1466
42.7916 11.9081 0.141385 1.69562 42.769 12.144 0.1466
42.4871 11.9846 0.150164 0.15011 42.769 12.144 0.1466
42.7916 11.9081 0.141385 1.69562 42.769 12.144 0.1466
42.7724 11.9676 0.146664 0.981141 42.769 12.144 0.1466
42.641 12.0572 0.143406 2.03715 42.769 12.144 0.1466
42.6011 12.0985 0.147339 1.27459 42.769 12.144 0.1466
42.722 12.1082 0.142574 2.03063 42.769 12.144 0.1466
42.6339 11.8562 0.144699 0.527308 42.769 12.144 0.1466
42.7916 11.9081 0.141385 1.69562 42.769 12.144 0.1466
42.641 12.0572 0.143406 2.03715 42.769 12.144 0.1466
42.7424 11.9669 0.147793 0.666099 42.769 12.144 0.1466
42.6516 11.9352 0.142 1.24169 42.769 12.144 0.1466
42.722 12.1082 0.142574 2.03063 42.769 12.144 0.1466
42.8079 12.0992 0.144004 1.81736 42.769 12.144 0.1466
42.7741 11.8404 0.142754 0.693216 42.769 12.144 0.1466
42.6315 12.0727 0.140305 0.414682 42.769 12.144 0.1466
42.7027 12.0775 0.147856 1.18649 42.769 12.144 0.1466
42.6803 12.0632 0.147532 1.54094 42.769 12.144 0.1466
42.7724 11.9676 0.146664 0.981141 42.769 12.144 0.1466
42.5018 12.0793 0.147368 0.468133 42.769 12.144 0.1466
42.641 12.0572 0.143406 2.03715 42.769 12.144 0.1466
42.722 12.1082 0.142574 2.03063 42.769 12.144 0.1466
42.6516 11.9352 0.142 1.24169 42.769 12.144 0.1466
42.6011 12.0985 0.147339 1.27459 42.769 12.144 0.1466
42.7277 12.2335 0.148364 0.158135 42.769 12.144 0.1466
42.7067 12.1089 0.146103 1.91425 42.769 12.144 0.1466
42.6516 11.9352 0.142 1.24169 42.769 12.144 0.1466
42.6887 11.8691 0.145879 0.631135 42.769 12.144 0.1466
42.7741 11.8404 0.142754 0.693216 42.769 12.144 0.1466
42.7916 11.9081 0.141385 1.69562 42.769 12.144 0.1466
42.7067 12.1089 0.146103 1.91425 42.769 12.144 0.1466
42.7741 11.8404 0.142754 0.693216 42.769 12.144 0.1466
42.722 12.1082 0.142574 2.03063 42.769 12.144 0.1466
42.641 12.0572 0.143406 2.03715 42.769 12.144 0.1466
42.6067 11.9217 0.142188 0.651903 42.769 12.144 0.1466
42.641 12.0572 0.143406 2.03715 42.769 12.144 0.1466
42.7027 12.0775 0.147856 1.18649 42.769 12.144 0.1466
