114.058 -22.7972 3.39339 0.00316297 113.98 -22.798 3.4006
113.775 -22.7415 3.40075 0.0821229 113.98 -22.798 3.4006
113.868 -23.1496 3.40326 0.00685235 113.98 -22.798 3.4006
113.775 -22.7415 3.40075 0.0821229 113.98 -22.798 3.4006
114.138 -22.6585 3.39876 0.0062608 113.98 -22.798 3.4006
113.775 -22.7415 3.40075 0.0821229 113.98 -22.798 3.4006
114.212 -23.158 3.40274 0.00065638 113.98 -22.798 3.4006
114.006 -22.7494 3.40176 0.0738913 113.98 -22.798 3.4006
113.8 -22.8376 3.40168 0.0950883 113.98 -22.798 3.4006
114.044 -22.8223 3.40596 0.0396374 113.98 -22.798 3.4006
113.923 -22.8295 3.40046 0.132145 113.98 -22.798 3.4006
113.851 -23.0353 3.40185 0.0383502 113.98 -22.798 3.4006
113.8 -22.8376 3.40168 0.0950883 113.98 -22.798 3.4006
113.8 -22.8376 3.40168 0.0950883 113.98 -22.798 3.4006
114.006 -22.7494 3.40176 0.0738913 113.98 -22.798 3.4006
113.8 -22.8376 3.40168 0.0950883 113.98 -22.798 3.4006
113.851 -23.0353 3.40185 0.0383502 113.98 -22.798 3.4006
113.923 -22.8295 3.40046 0.132145 113.98 -22.798 3.4006
113.775 -22.7415 3.40075 0.0821229 113.98 -22.798 3.4006
113.68 -22.9105 3.39311 0.0339111 113.98 -22.798 3.4006
114.273 -22.9939 3.40731 0.00304875 113.98 -22.798 3.4006
113.685 -22.6878 3.39261 0.0425804 113.98 -22.798 3.4006
114.14 -22.9091 3.4065 0.0211377 113.98 -22.798 3.4006
114.049 -22.5821 3.39917 0.0102443 113.98 -22.798 3.4006
113.685 -22.6878 3.39261 0.0425804 113.98 -22.798 3.4006
114.018 -22.8741 3.39556 0.0168534 113.98 -22.798 3.4006
114.172 -22.941 3.40681 0.0138837 113.98 -22.798 3.4006
113.685 -22.6878 3.39261 0.0425804 113.98 -22.798 3.4006
113.923 -22.8295 3.40046 0.132145 113.98 -22.798 3.4006
113.85 -22.5815 3.40841 0.000482918 113.98 -22.798 3.4006
113.598 -22.9671 3.39555 0.0194994 113.98 -22.798 3.4006
113.923 -22.8295 3.40046 0.132145 113.98 -22.798 3.4006
114.111 -22.7706 3.39703 0.00924261 113.98 -22.798 3.4006
114.006 -22.7494 3.40176 0.0738913 113.98 -22.798 3.4006
114.006 -22.7494 3.40176 0.0738913 113.98 -22.798 3.4006
113.685 -22.6878 3.39261 0.0425804 113.98 -22.798 3.4006
113.8 -22.8376 3.40168 0.0950883 113.98 -22.798 3.4006
113.8 -22.8376 3.40168 0.0950883 113.98 -22.798 3.4006
113.923 -22.8295 3.40046 0.132145 113.98 -22.798 3.4006
113.923 -22.8295 3.40046 0.132145 113.98 -22.798 3.4006
114.172 -22.941 3.40681 0.0138837 113.98 -22.798 3.4006
113.923 -22.8295 3.40046 0.132145 113.98 -22.798 3.4006
113.775 -22.7415 3.40075 0.0821229 113.98 -22.798 3.4006
113.8 -22.8376 3.40168 0.0950883 113.98 -22.798 3.4006
113.923 -22.8295 3.40046 0.132145 113.98 -22.798 3.4006
114.006 -22.7494 3.40176 0.0738913 113.98 -22.798 3.4006
113.923 -22.8295 3.40046 0.132145 113.98 -22.798 3.4006
113.68 -22.9105 3.39311 0.0339111 113.98 -22.798 3.4006
114.111 -22.7706 3.39703 0.00924261 113.98 -22.798 3.4006
113.923 -22.8295 3.40046 0.132145 113.98 -22.798 3.4006
113.685 -22.6878 3.39261 0.0425804 113.98 -22.798 3.4006
114.006 -22.7494 3.40176 0.0738913 113.98 -22.798 3.4006
113.923 -22.8295 3.40046 0.132145 113.98 -22.798 3.4006
113.923 -22.8295 3.40046 0.132145 113.98 -22.798 3.4006
113.88 -22.9464 3.40122 0.0921676 113.98 -22.798 3.4006
114.138 -22.6585 3.39876 0.0062608 113.98 -22.798 3.4006
113.8 -22.8376 3.40168 0.0950883 113.98 -22.798 3.4006
113.923 -22.8295 3.40046 0.132145 113.98 -22.798 3.4006
113.88 -22.9464 3.40122 0.0921676 113.98 -22.798 3.4006
113.923 -22.8295 3.40046 0.132145 113.98 -22.798 3.4006
113.757 -22.7933 3.4042 0.0242964 113.98 -22.798 3.4006
113.97 -22.5442 3.40323 0.00716734 113.98 -22.798 3.4006
113.882 -22.6202 3.39261 0.0126206 113.98 -22.798 3.4006
114.049 -22.5821 3.39917 0.0102443 113.98 -22.798 3.4006
113.704 -22.4779 3.39964 0.00290861 113.98 -22.798 3.4006
113.685 -22.6878 3.39261 0.0425804 113.98 -22.798 3.4006
113.8 -22.8376 3.40168 0.0950883 113.98 -22.798 3.4006
114.049 -22.5821 3.39917 0.0102443 113.98 -22.798 3.4006
114.239 -22.8292 3.4005 0.00354853 113.98 -22.798 3.4006
114.14 -22.9091 3.4065 0.0211377 113.98 -22.798 3.4006
113.8 -22.8376 3.40168 0.0950883 113.98 -22.798 3.4006
113.757 -22.7933 3.4042 0.0242964 113.98 -22.798 3.4006
113.88 -22.9464 3.40122 0.0921676 113.98 -22.798 3.4006
114.172 -22.941 3.40681 0.0138837 113.98 -22.798 3.4006
114.018 -22.8741 3.39556 0.0168534 113.98 -22.798 3.4006
113.88 -22.9464 3.40122 0.0921676 113.98 -22.798 3.4006
113.96 -23.1503 3.40037 0.00623115 113.98 -22.798 3.4006
113.923 -22.8295 3.40046 0.132145 113.98 -22.798 3.4006
114.111 -22.7706 3.39703 0.00924261 113.98 -22.798 3.4006
113.8 -22.8376 3.40168 0.0950883 113.98 -22.798 3.4006
113.8 -22.8376 3.40168 0.0950883 113.98 -22.798 3.4006
114.016 -22.7303 3.41175 0.000889251 113.98 -22.798 3.4006
113.923 -22.8295 3.40046 0.132145 113.98 -22.798 3.4006
113.8 -22.8376 3.40168 0.0950883 113.98 -22.798 3.4006
114.006 -22.7494 3.40176 0.0738913 113.98 -22.798 3.4006
113.923 -22.8295 3.40046 0.132145 113.98 -22.798 3.4006
114.006 -22.7494 3.40176 0.0738913 113.98 -22.798 3.4006
113.88 -22.9464 3.40122 0.0921676 113.98 -22.798 3.4006
114.14 -22.9091 3.4065 0.0211377 113.98 -22.798 3.4006
114.139 -22.7402 3.40502 0.0184584 113.98 -22.798 3.4006
113.8 -22.8376 3.40168 0.0950883 113.98 -22.798 3.4006
114.139 -22.7402 3.40502 0.0184584 113.98 -22.798 3.4006
113.8 -22.8376 3.40168 0.0950883 113.98 -22.798 3.4006
113.68 -22.9105 3.39311 0.0339111 113.98 -22.798 3.4006
114.058 -22.7972 3.39339 0.00316297 113.98 -22.798 3.4006
113.8 -22.8376 3.40168 0.0950883 113.98 -22.798 3.4006
114.006 -22.7494 3.40176 0.0738913 113.98 -22.798 3.4006
113.851 -23.0353 3.40185 0.0383502 113.98 -22.798 3.4006
114.044 -22.8223 3.40596 0.0396374 113.98 -22.798 3.4006
113.685 -22.6878 3.39261 0.0425804 113.98 -22.798 3.4006
113.88 -22.9464 3.40122 0.0921676 113.98 -22.798 3.4006
114.139 -22.7402 3.40502 0.0184584 113.98 -22.798 3.4006
113.775 -22.7415 3.40075 0.0821229 113.98 -22.798 3.4006
113.775 -22.7415 3.40075 0.0821229 113.98 -22.798 3.4006
113.851 -23.0353 3.40185 0.0383502 113.98 -22.798 3.4006
113.68 -22.9105 3.39311 0.0339111 113.98 -22.798 3.4006
114.139 -22.7402 3.40502 0.0184584 113.98 -22.798 3.4006
113.851 -23.0353 3.40185 0.0383502 113.98 -22.798 3.4006
113.88 -22.9464 3.40122 0.0921676 113.98 -22.798 3.4006
113.88 -22.9464 3.40122 0.0921676 113.98 -22.798 3.4006
113.545 -22.9565 3.39986 0.0054701 113.98 -22.798 3.4006
113.775 -22.7415 3.40075 0.0821229 113.98 -22.798 3.4006
113.8 -22.8376 3.40168 0.0950883 113.98 -22.798 3.4006
113.88 -22.9464 3.40122 0.0921676 113.98 -22.798 3.4006
113.8 -22.8376 3.40168 0.0950883 113.98 -22.798 3.4006
113.882 -22.6202 3.39261 0.0126206 113.98 -22.798 3.4006
113.923 -22.8295 3.40046 0.132145 113.98 -22.798 3.4006
114.044 -22.8223 3.40596 0.0396374 113.98 -22.798 3.4006
113.775 -22.7415 3.40075 0.0821229 113.98 -22.798 3.4006
113.88 -22.9464 3.40122 0.0921676 113.98 -22.798 3.4006
113.775 -22.7415 3.40075 0.0821229 113.98 -22.798 3.4006
114.14 -22.9091 3.4065 0.0211377 113.98 -22.798 3.4006
114.14 -22.9091 3.4065 0.0211377 113.98 -22.798 3.4006
113.598 -22.9671 3.39555 0.0194994 113.98 -22.798 3.4006
113.8 -22.8376 3.40168 0.0950883 113.98 -22.798 3.4006
114.094 -23.0909 3.4073 0.00666092 113.98 -22.798 3.4006
114.049 -22.5821 3.39917 0.0102443 113.98 -22.798 3.4006
113.679 -22.5822 3.39239 0.0184296 113.98 -22.798 3.4006
113.775 -22.7415 3.40075 0.0821229 113.98 -22.798 3.4006
113.88 -22.9464 3.40122 0.0921676 113.98 -22.798 3.4006
113.923 -22.8295 3.40046 0.132145 113.98 -22.798 3.4006
113.88 -22.9464 3.40122 0.0921676 113.98 -22.798 3.4006
113.923 -22.8295 3.40046 0.132145 113.98 -22.798 3.4006
113.8 -22.8376 3.40168 0.0950883 113.98 -22.798 3.4006
114.006 -22.7494 3.40176 0.0738913 113.98 -22.798 3.4006
113.775 -22.7415 3.40075 0.0821229 113.98 -22.798 3.4006
114.239 -22.8292 3.4005 0.00354853 113.98 -22.798 3.4006
113.8 -22.8376 3.40168 0.0950883 113.98 -22.798 3.4006
113.775 -22.7415 3.40075 0.0821229 113.98 -22.798 3.4006
113.923 -22.8295 3.40046 0.132145 113.98 -22.798 3.4006
114.006 -22.7494 3.40176 0.0738913 113.98 -22.798 3.4006
113.775 -22.7415 3.40075 0.0821229 113.98 -22.798 3.4006
114.006 -22.7494 3.40176 0.0738913 113.98 -22.798 3.4006
114.094 -23.0909 3.4073 0.00666092 113.98 -22.798 3.4006
114.006 -22.7494 3.40176 0.0738913 113.98 -22.798 3.4006
113.8 -22.8376 3.40168 0.0950883 113.98 -22.798 3.4006
114.273 -22.9939 3.40731 0.00304875 113.98 -22.798 3.4006
113.88 -22.9464 3.40122 0.0921676 113.98 -22.798 3.4006
113.88 -22.9464 3.40122 0.0921676 113.98 -22.798 3.4006
113.851 -23.0353 3.40185 0.0383502 113.98 -22.798 3.4006
113.923 -22.8295 3.40046 0.132145 113.98 -22.798 3.4006
113.923 -22.8295 3.40046 0.132145 113.98 -22.798 3.4006
113.775 -22.7415 3.40075 0.0821229 113.98 -22.798 3.4006
114.244 -22.4813 3.40132 0.000133208 113.98 -22.798 3.4006
114.094 -23.0909 3.4073 0.00666092 113.98 -22.798 3.4006
113.88 -22.9464 3.40122 0.0921676 113.98 -22.798 3.4006
114.044 -22.8223 3.40596 0.0396374 113.98 -22.798 3.4006
113.882 -22.6202 3.39261 0.0126206 113.98 -22.798 3.4006
113.88 -22.9464 3.40122 0.0921676 113.98 -22.798 3.4006
114.049 -22.5821 3.39917 0.0102443 113.98 -22.798 3.4006
113.757 -22.7933 3.4042 0.0242964 113.98 -22.798 3.4006
113.775 -22.7415 3.40075 0.0821229 113.98 -22.798 3.4006
114.018 -22.8741 3.39556 0.0168534 113.98 -22.798 3.4006
114.094 -23.0909 3.4073 0.00666092 113.98 -22.798 3.4006
113.882 -22.6202 3.39261 0.0126206 113.98 -22.798 3.4006
113.685 -22.6878 3.39261 0.0425804 113.98 -22.798 3.4006
114.15 -22.7759 3.39482 0.00127939 113.98 -22.798 3.4006
113.8 -22.8376 3.40168 0.0950883 113.98 -22.798 3.4006
113.8 -22.8376 3.40168 0.0950883 113.98 -22.798 3.4006
113.8 -22.8376 3.40168 0.0950883 113.98 -22.798 3.4006
113.8 -22.8376 3.40168 0.0950883 113.98 -22.798 3.4006
113.757 -22.7933 3.4042 0.0242964 113.98 -22.798 3.4006
113.679 -22.5822 3.39239 0.0184296 113.98 -22.798 3.4006
113.88 -22.9464 3.40122 0.0921676 113.98 -22.798 3.4006
114.139 -22.7402 3.40502 0.0184584 113.98 -22.798 3.4006
113.598 -22.9671 3.39555 0.0194994 113.98 -22.798 3.4006
113.685 -22.6878 3.39261 0.0425804 113.98 -22.798 3.4006
114.246 -22.8847 3.40233 0.00495759 113.98 -22.798 3.4006
114.073 -22.9389 3.39633 0.00731687 113.98 -22.798 3.4006
113.68 -22.9105 3.39311 0.0339111 113.98 -22.798 3.4006
113.88 -22.9464 3.40122 0.0921676 113.98 -22.798 3.4006
113.923 -22.8295 3.40046 0.132145 113.98 -22.798 3.4006
113.679 -22.5822 3.39239 0.0184296 113.98 -22.798 3.4006
113.923 -22.8295 3.40046 0.132145 113.98 -22.798 3.4006
113.775 -22.7415 3.40075 0.0821229 113.98 -22.798 3.4006
113.923 -22.8295 3.40046 0.132145 113.98 -22.798 3.4006
113.8 -22.8376 3.40168 0.0950883 113.98 -22.798 3.4006
113.8 -22.8376 3.40168 0.0950883 113.98 -22.798 3.4006
113.68 -22.9105 3.39311 0.0339111 113.98 -22.798 3.4006
113.68 -22.9105 3.39311 0.0339111 113.98 -22.798 3.4006
113.8 -22.8376 3.40168 0.0950883 113.98 -22.798 3.4006
113.685 -22.6878 3.39261 0.0425804 113.98 -22.798 3.4006
113.8 -22.8376 3.40168 0.0950883 113.98 -22.798 3.4006
114.006 -22.7494 3.40176 0.0738913 113.98 -22.798 3.4006
113.8 -22.8376 3.40168 0.0950883 113.98 -22.798 3.4006
114.214 -22.7625 3.40383 0.00888233 113.98 -22.798 3.4006
113.923 -22.8295 3.40046 0.132145 113.98 -22.798 3.4006
113.88 -22.9464 3.40122 0.0921676 113.98 -22.798 3.4006
114.006 -22.7494 3.40176 0.0738913 113.98 -22.798 3.4006
113.851 -23.0353 3.40185 0.0383502 113.98 -22.798 3.4006
