78.0668 16.2446 0.0960424 1.13446 77.965 16.27 0.097458
78.2537 16.1702 0.099645 0.657431 77.965 16.27 0.097458
78.2582 16.2832 0.0991019 0.883997 77.965 16.27 0.097458
78.154 16.2683 0.0992111 1.69085 77.965 16.27 0.097458
77.9153 16.4866 0.0970274 0.201652 77.965 16.27 0.097458
78.0668 16.2446 0.0960424 1.13446 77.965 16.27 0.097458
78.2582 16.2832 0.0991019 0.883997 77.965 16.27 0.097458
78.154 16.2683 0.0992111 1.69085 77.965 16.27 0.097458
78.2261 16.2464 0.0992694 1.1149 77.965 16.27 0.097458
78.2044 16.1613 0.107242 0.200668 77.965 16.27 0.097458
77.8519 16.2205 0.103715 0.278856 77.965 16.27 0.097458
78.1242 16.2788 0.108608 0.199484 77.965 16.27 0.097458
78.0668 16.2446 0.0960424 1.13446 77.965 16.27 0.097458
78.154 16.2683 0.0992111 1.69085 77.965 16.27 0.097458
78.1474 16.1571 0.106103 0.41949 77.965 16.27 0.097458
78.154 16.2683 0.0992111 1.69085 77.965 16.27 0.097458
77.9153 16.4866 0.0970274 0.201652 77.965 16.27 0.097458
77.954 16.1876 0.101574 0.878589 77.965 16.27 0.097458
78.3972 16.0783 0.0994256 0.0459439 77.965 16.27 0.097458
78.0668 16.2446 0.0960424 1.13446 77.965 16.27 0.097458
78.0668 16.2446 0.0960424 1.13446 77.965 16.27 0.097458
78.1474 16.1571 0.106103 0.41949 77.965 16.27 0.097458
77.9293 16.3917 0.103814 0.421422 77.965 16.27 0.097458
78.154 16.2683 0.0992111 1.69085 77.965 16.27 0.097458
78.0668 16.2446 0.0960424 1.13446 77.965 16.27 0.097458
78.1099 16.1229 0.0974008 0.742587 77.965 16.27 0.097458
77.9282 16.4004 0.0975807 0.518823 77.965 16.27 0.097458
78.2229 16.2029 0.0984034 0.947082 77.965 16.27 0.097458
78.2229 16.2029 0.0984034 0.947082 77.965 16.27 0.097458
78.154 16.2683 0.0992111 1.69085 77.965 16.27 0.097458
77.9282 16.4004 0.0975807 0.518823 77.965 16.27 0.097458
78.2229 16.2029 0.0984034 0.947082 77.965 16.27 0.097458
78.2261 16.2464 0.0992694 1.1149 77.965 16.27 0.097458
77.8519 16.2205 0.103715 0.278856 77.965 16.27 0.097458
78.2261 16.2464 0.0992694 1.1149 77.965 16.27 0.097458
78.0152 16.2341 0.109441 0.136304 77.965 16.27 0.097458
77.954 16.1876 0.101574 0.878589 77.965 16.27 0.097458
78.154 16.2683 0.0992111 1.69085 77.965 16.27 0.097458
78.0475 16.162 0.101579 1.1925 77.965 16.27 0.097458
78.2582 16.2832 0.0991019 0.883997 77.965 16.27 0.097458
78.2261 16.2464 0.0992694 1.1149 77.965 16.27 0.097458
78.3101 16.1054 0.093654 0.0708009 77.965 16.27 0.097458
78.0511 16.0052 0.0963388 0.125274 77.965 16.27 0.097458
78.0475 16.162 0.101579 1.1925 77.965 16.27 0.097458
78.0668 16.2446 0.0960424 1.13446 77.965 16.27 0.097458
78.2537 16.1702 0.099645 0.657431 77.965 16.27 0.097458
78.154 16.2683 0.0992111 1.69085 77.965 16.27 0.097458
78.0475 16.162 0.101579 1.1925 77.965 16.27 0.097458
78.0292 15.9143 0.0982928 0.0340025 77.965 16.27 0.097458
78.0475 16.162 0.101579 1.1925 77.965 16.27 0.097458
78.1588 16.3651 0.088475 0.0446818 77.965 16.27 0.097458
78.0475 16.162 0.101579 1.1925 77.965 16.27 0.097458
78.2261 16.2464 0.0992694 1.1149 77.965 16.27 0.097458
78.3101 16.1054 0.093654 0.0708009 77.965 16.27 0.097458
78.0475 16.162 0.101579 1.1925 77.965 16.27 0.097458
78.154 16.2683 0.0992111 1.69085 77.965 16.27 0.097458
78.2537 16.1702 0.099645 0.657431 77.965 16.27 0.097458
78.0475 16.162 0.101579 1.1925 77.965 16.27 0.097458
77.954 16.1876 0.101574 0.878589 77.965 16.27 0.097458
77.9293 16.3917 0.103814 0.421422 77.965 16.27 0.097458
78.2537 16.1702 0.099645 0.657431 77.965 16.27 0.097458
77.8519 16.2205 0.103715 0.278856 77.965 16.27 0.097458
78.154 16.2683 0.0992111 1.69085 77.965 16.27 0.097458
78.0085 16.3953 0.103545 0.712757 77.965 16.27 0.097458
78.0475 16.162 0.101579 1.1925 77.965 16.27 0.097458
78.1282 16.708 0.0933278 0.0059981 77.965 16.27 0.097458
78.0668 16.2446 0.0960424 1.13446 77.965 16.27 0.097458
78.2261 16.2464 0.0992694 1.1149 77.965 16.27 0.097458
78.2261 16.2464 0.0992694 1.1149 77.965 16.27 0.097458
78.0459 16.347 0.107817 0.247799 77.965 16.27 0.097458
77.848 16.1637 0.0993849 0.24299 77.965 16.27 0.097458
78.0668 16.2446 0.0960424 1.13446 77.965 16.27 0.097458
77.7628 16.3479 0.100934 0.0840168 77.965 16.27 0.097458
78.154 16.2683 0.0992111 1.69085 77.965 16.27 0.097458
78.0475 16.162 0.101579 1.1925 77.965 16.27 0.097458
78.2261 16.2464 0.0992694 1.1149 77.965 16.27 0.097458
78.154 16.2683 0.0992111 1.69085 77.965 16.27 0.097458
78.0475 16.162 0.101579 1.1925 77.965 16.27 0.097458
78.2582 16.2832 0.0991019 0.883997 77.965 16.27 0.097458
78.0475 16.162 0.101579 1.1925 77.965 16.27 0.097458
77.954 16.1876 0.101574 0.878589 77.965 16.27 0.097458
78.0668 16.2446 0.0960424 1.13446 77.965 16.27 0.097458
78.154 16.2683 0.0992111 1.69085 77.965 16.27 0.097458
78.154 16.2683 0.0992111 1.69085 77.965 16.27 0.097458
78.0459 16.347 0.107817 0.247799 77.965 16.27 0.097458
78.3101 16.1054 0.093654 0.0708009 77.965 16.27 0.097458
78.0475 16.162 0.101579 1.1925 77.965 16.27 0.097458
78.2229 16.2029 0.0984034 0.947082 77.965 16.27 0.097458
78.154 16.2683 0.0992111 1.69085 77.965 16.27 0.097458
77.8519 16.2205 0.103715 0.278856 77.965 16.27 0.097458
78.154 16.2683 0.0992111 1.69085 77.965 16.27 0.097458
78.0157 16.6062 0.100869 0.0777712 77.965 16.27 0.097458
78.1282 16.708 0.0933278 0.0059981 77.965 16.27 0.097458
78.1474 16.1571 0.106103 0.41949 77.965 16.27 0.097458
78.0085 16.3953 0.103545 0.712757 77.965 16.27 0.097458
78.337 16.1205 0.094334 0.0755962 77.965 16.27 0.097458
78.154 16.2683 0.0992111 1.69085 77.965 16.27 0.097458
77.9153 16.4866 0.0970274 0.201652 77.965 16.27 0.097458
78.1099 16.1229 0.0974008 0.742587 77.965 16.27 0.097458
77.9943 16.2409 0.0925841 0.255825 77.965 16.27 0.097458
78.0668 16.2446 0.0960424 1.13446 77.965 16.27 0.097458
78.2044 16.1613 0.107242 0.200668 77.965 16.27 0.097458
77.9943 16.2409 0.0925841 0.255825 77.965 16.27 0.097458
78.154 16.2683 0.0992111 1.69085 77.965 16.27 0.097458
78.2537 16.1702 0.099645 0.657431 77.965 16.27 0.097458
78.1588 16.3651 0.088475 0.0446818 77.965 16.27 0.097458
77.9293 16.3917 0.103814 0.421422 77.965 16.27 0.097458
77.7889 16.2281 0.103146 0.12408 77.965 16.27 0.097458
78.1099 16.1229 0.0974008 0.742587 77.965 16.27 0.097458
78.154 16.2683 0.0992111 1.69085 77.965 16.27 0.097458
78.0152 16.2341 0.109441 0.136304 77.965 16.27 0.097458
78.0475 16.162 0.101579 1.1925 77.965 16.27 0.097458
78.2582 16.2832 0.0991019 0.883997 77.965 16.27 0.097458
77.9153 16.4866 0.0970274 0.201652 77.965 16.27 0.097458
78.2537 16.1702 0.099645 0.657431 77.965 16.27 0.097458
78.154 16.2683 0.0992111 1.69085 77.965 16.27 0.097458
78.2044 16.1613 0.107242 0.200668 77.965 16.27 0.097458
78.154 16.2683 0.0992111 1.69085 77.965 16.27 0.097458
78.2537 16.1702 0.099645 0.657431 77.965 16.27 0.097458
77.9282 16.4004 0.0975807 0.518823 77.965 16.27 0.097458
78.2537 16.1702 0.099645 0.657431 77.965 16.27 0.097458
77.9153 16.4866 0.0970274 0.201652 77.965 16.27 0.097458
77.9943 16.2409 0.0925841 0.255825 77.965 16.27 0.097458
78.154 16.2683 0.0992111 1.69085 77.965 16.27 0.097458
78.154 16.2683 0.0992111 1.69085 77.965 16.27 0.097458
77.848 16.1637 0.0993849 0.24299 77.965 16.27 0.097458
77.9282 16.4004 0.0975807 0.518823 77.965 16.27 0.097458
78.154 16.2683 0.0992111 1.69085 77.965 16.27 0.097458
78.0475 16.162 0.101579 1.1925 77.965 16.27 0.097458
77.9282 16.4004 0.0975807 0.518823 77.965 16.27 0.097458
78.0668 16.2446 0.0960424 1.13446 77.965 16.27 0.097458
78.2229 16.2029 0.0984034 0.947082 77.965 16.27 0.097458
77.7876 16.4786 0.105823 0.018576 77.965 16.27 0.097458
78.0152 16.2341 0.109441 0.136304 77.965 16.27 0.097458
78.0668 16.2446 0.0960424 1.13446 77.965 16.27 0.097458
78.0668 16.2446 0.0960424 1.13446 77.965 16.27 0.097458
78.2261 16.2464 0.0992694 1.1149 77.965 16.27 0.097458
78.154 16.2683 0.0992111 1.69085 77.965 16.27 0.097458
78.0459 16.347 0.107817 0.247799 77.965 16.27 0.097458
78.0459 16.347 0.107817 0.247799 77.965 16.27 0.097458
78.0475 16.162 0.101579 1.1925 77.965 16.27 0.097458
78.2582 16.2832 0.0991019 0.883997 77.965 16.27 0.097458
78.0475 16.162 0.101579 1.1925 77.965 16.27 0.097458
77.9293 16.3917 0.103814 0.421422 77.965 16.27 0.097458
78.1099 16.1229 0.0974008 0.742587 77.965 16.27 0.097458
78.0475 16.162 0.101579 1.1925 77.965 16.27 0.097458
78.0459 16.347 0.107817 0.247799 77.965 16.27 0.097458
78.0668 16.2446 0.0960424 1.13446 77.965 16.27 0.097458
77.954 16.1876 0.101574 0.878589 77.965 16.27 0.097458
78.2261 16.2464 0.0992694 1.1149 77.965 16.27 0.097458
78.0157 16.6062 0.100869 0.0777712 77.965 16.27 0.097458
78.0103 16.3517 0.0897698 0.0736269 77.965 16.27 0.097458
78.2582 16.2832 0.0991019 0.883997 77.965 16.27 0.097458
78.154 16.2683 0.0992111 1.69085 77.965 16.27 0.097458
78 15.9711 0.0995755 0.1042 77.965 16.27 0.097458
78.0085 16.3953 0.103545 0.712757 77.965 16.27 0.097458
77.954 16.1876 0.101574 0.878589 77.965 16.27 0.097458
78.2582 16.2832 0.0991019 0.883997 77.965 16.27 0.097458
78.154 16.2683 0.0992111 1.69085 77.965 16.27 0.097458
78.2582 16.2832 0.0991019 0.883997 77.965 16.27 0.097458
78.2582 16.2832 0.0991019 0.883997 77.965 16.27 0.097458
78.0475 16.162 0.101579 1.1925 77.965 16.27 0.097458
78.337 16.1205 0.094334 0.0755962 77.965 16.27 0.097458
78.2044 16.1613 0.107242 0.200668 77.965 16.27 0.097458
78.2537 16.1702 0.099645 0.657431 77.965 16.27 0.097458
78.154 16.2683 0.0992111 1.69085 77.965 16.27 0.097458
78.2229 16.2029 0.0984034 0.947082 77.965 16.27 0.097458
78.2229 16.2029 0.0984034 0.947082 77.965 16.27 0.097458
78.1099 16.1229 0.0974008 0.742587 77.965 16.27 0.097458
78.0475 16.162 0.101579 1.1925 77.965 16.27 0.097458
78.1099 16.1229 0.0974008 0.742587 77.965 16.27 0.097458
78.2537 16.1702 0.099645 0.657431 77.965 16.27 0.097458
78.337 16.1205 0.094334 0.0755962 77.965 16.27 0.097458
78.2229 16.2029 0.0984034 0.947082 77.965 16.27 0.097458
78.0475 16.162 0.101579 1.1925 77.965 16.27 0.097458
78.2537 16.1702 0.099645 0.657431 77.965 16.27 0.097458
77.9293 16.3917 0.103814 0.421422 77.965 16.27 0.097458
78.2582 16.2832 0.0991019 0.883997 77.965 16.27 0.097458
78.154 16.2683 0.0992111 1.69085 77.965 16.27 0.097458
77.8519 16.2205 0.103715 0.278856 77.965 16.27 0.097458
77.9282 16.4004 0.0975807 0.518823 77.965 16.27 0.097458
78.1474 16.1571 0.106103 0.41949 77.965 16.27 0.097458
78.0511 16.0052 0.0963388 0.125274 77.965 16.27 0.097458
78.2261 16.2464 0.0992694 1.1149 77.965 16.27 0.097458
78.1099 16.1229 0.0974008 0.742587 77.965 16.27 0.097458
77.954 16.1876 0.101574 0.878589 77.965 16.27 0.097458
78.1099 16.1229 0.0974008 0.742587 77.965 16.27 0.097458
77.8579 16.1295 0.0950565 0.0824907 77.965 16.27 0.097458
77.9293 16.3917 0.103814 0.421422 77.965 16.27 0.097458
77.9278 15.9867 0.0957229 0.0354793 77.965 16.27 0.097458
77.9293 16.3917 0.103814 0.421422 77.965 16.27 0.097458
78.0668 16.2446 0.0960424 1.13446 77.965 16.27 0.097458
78.1099 16.1229 0.0974008 0.742587 77.965 16.27 0.097458
78.154 16.2683 0.0992111 1.69085 77.965 16.27 0.097458
77.9293 16.3917 0.103814 0.421422 77.965 16.27 0.097458
78.2582 16.2832 0.0991019 0.883997 77.965 16.27 0.097458
78.2044 16.1613 0.107242 0.200668 77.965 16.27 0.097458
78.1242 16.2788 0.108608 0.199484 77.965 16.27 0.097458
78.0085 16.3953 0.103545 0.712757 77.965 16.27 0.097458
78.057 16.5067 0.108273 0.0416127 77.965 16.27 0.097458
