16.0244 -91.2614 3.61583 1.26262 16.476 -91.446 3.6297
16.0197 -91.25 3.61813 1.40013 16.476 -91.446 3.6297
16.4698 -91.2969 3.63164 0.231434 16.476 -91.446 3.6297
16.2833 -91.1897 3.61641 0.415358 16.476 -91.446 3.6297
16.0903 -91.2952 3.62968 0.10289 16.476 -91.446 3.6297
16.3762 -91.586 3.63156 0.0218171 16.476 -91.446 3.6297
16.3827 -91.2142 3.6226 0.793256 16.476 -91.446 3.6297
16.0197 -91.25 3.61813 1.40013 16.476 -91.446 3.6297
16.3226 -91.2028 3.62815 0.711582 16.476 -91.446 3.6297
16.3326 -91.3261 3.62702 0.864345 16.476 -91.446 3.6297
16.3743 -91.3852 3.61923 0.389214 16.476 -91.446 3.6297
16.218 -91.0053 3.62492 0.294883 16.476 -91.446 3.6297
16.0585 -91.135 3.6227 0.70345 16.476 -91.446 3.6297
16.0244 -91.2614 3.61583 1.26262 16.476 -91.446 3.6297
16.0197 -91.25 3.61813 1.40013 16.476 -91.446 3.6297
16.3326 -91.3261 3.62702 0.864345 16.476 -91.446 3.6297
16.0197 -91.25 3.61813 1.40013 16.476 -91.446 3.6297
16.3226 -91.2028 3.62815 0.711582 16.476 -91.446 3.6297
16.3326 -91.3261 3.62702 0.864345 16.476 -91.446 3.6297
16.2833 -91.1897 3.61641 0.415358 16.476 -91.446 3.6297
16.3786 -91.5655 3.62706 0.106704 16.476 -91.446 3.6297
16.0244 -91.2614 3.61583 1.26262 16.476 -91.446 3.6297
16.0244 -91.2614 3.61583 1.26262 16.476 -91.446 3.6297
16.3226 -91.2028 3.62815 0.711582 16.476 -91.446 3.6297
16.0696 -91.4698 3.62213 0.553647 16.476 -91.446 3.6297
16.3762 -91.586 3.63156 0.0218171 16.476 -91.446 3.6297
16.0244 -91.2614 3.61583 1.26262 16.476 -91.446 3.6297
16.0585 -91.135 3.6227 0.70345 16.476 -91.446 3.6297
16.3226 -91.2028 3.62815 0.711582 16.476 -91.446 3.6297
16.4698 -91.2969 3.63164 0.231434 16.476 -91.446 3.6297
16.3326 -91.3261 3.62702 0.864345 16.476 -91.446 3.6297
16.2833 -91.1897 3.61641 0.415358 16.476 -91.446 3.6297
16.4698 -91.2969 3.63164 0.231434 16.476 -91.446 3.6297
16.0197 -91.25 3.61813 1.40013 16.476 -91.446 3.6297
16.3297 -91.2323 3.61547 0.203079 16.476 -91.446 3.6297
16.0244 -91.2614 3.61583 1.26262 16.476 -91.446 3.6297
16.2833 -91.1897 3.61641 0.415358 16.476 -91.446 3.6297
16.0244 -91.2614 3.61583 1.26262 16.476 -91.446 3.6297
16.218 -91.0053 3.62492 0.294883 16.476 -91.446 3.6297
16.1583 -91.1799 3.62641 0.657465 16.476 -91.446 3.6297
16.0197 -91.25 3.61813 1.40013 16.476 -91.446 3.6297
16.4679 -91.314 3.62516 0.482009 16.476 -91.446 3.6297
16.0244 -91.2614 3.61583 1.26262 16.476 -91.446 3.6297
16.1583 -91.1799 3.62641 0.657465 16.476 -91.446 3.6297
16.5247 -91.5492 3.63023 0.0347951 16.476 -91.446 3.6297
16.3326 -91.3261 3.62702 0.864345 16.476 -91.446 3.6297
16.3326 -91.3261 3.62702 0.864345 16.476 -91.446 3.6297
16.0244 -91.2614 3.61583 1.26262 16.476 -91.446 3.6297
16.3326 -91.3261 3.62702 0.864345 16.476 -91.446 3.6297
16.218 -91.0053 3.62492 0.294883 16.476 -91.446 3.6297
16.0197 -91.25 3.61813 1.40013 16.476 -91.446 3.6297
16.3297 -91.2323 3.61547 0.203079 16.476 -91.446 3.6297
16.3827 -91.2142 3.6226 0.793256 16.476 -91.446 3.6297
16.0244 -91.2614 3.61583 1.26262 16.476 -91.446 3.6297
16.1583 -91.1799 3.62641 0.657465 16.476 -91.446 3.6297
16.3827 -91.2142 3.6226 0.793256 16.476 -91.446 3.6297
16.337 -91.5134 3.62038 0.269527 16.476 -91.446 3.6297
16.0244 -91.2614 3.61583 1.26262 16.476 -91.446 3.6297
16.0244 -91.2614 3.61583 1.26262 16.476 -91.446 3.6297
16.3827 -91.2142 3.6226 0.793256 16.476 -91.446 3.6297
16.0244 -91.2614 3.61583 1.26262 16.476 -91.446 3.6297
16.3988 -91.209 3.61399 0.0321762 16.476 -91.446 3.6297
16.218 -91.0053 3.62492 0.294883 16.476 -91.446 3.6297
16.4679 -91.314 3.62516 0.482009 16.476 -91.446 3.6297
16.3326 -91.3261 3.62702 0.864345 16.476 -91.446 3.6297
16.4656 -91.5712 3.62205 0.048876 16.476 -91.446 3.6297
16.4698 -91.2969 3.63164 0.231434 16.476 -91.446 3.6297
16.6631 -91.4144 3.62463 0.0191659 16.476 -91.446 3.6297
16.4698 -91.2969 3.63164 0.231434 16.476 -91.446 3.6297
16.0197 -91.25 3.61813 1.40013 16.476 -91.446 3.6297
16.0197 -91.25 3.61813 1.40013 16.476 -91.446 3.6297
16.2833 -91.1897 3.61641 0.415358 16.476 -91.446 3.6297
16.3743 -91.3852 3.61923 0.389214 16.476 -91.446 3.6297
16.6631 -91.4144 3.62463 0.0191659 16.476 -91.446 3.6297
16.218 -91.0053 3.62492 0.294883 16.476 -91.446 3.6297
16.3326 -91.3261 3.62702 0.864345 16.476 -91.446 3.6297
16.0585 -91.135 3.6227 0.70345 16.476 -91.446 3.6297
16.3827 -91.2142 3.6226 0.793256 16.476 -91.446 3.6297
16.2833 -91.1897 3.61641 0.415358 16.476 -91.446 3.6297
16.3226 -91.2028 3.62815 0.711582 16.476 -91.446 3.6297
16.0244 -91.2614 3.61583 1.26262 16.476 -91.446 3.6297
16.0585 -91.135 3.6227 0.70345 16.476 -91.446 3.6297
16.0585 -91.135 3.6227 0.70345 16.476 -91.446 3.6297
16.0244 -91.2614 3.61583 1.26262 16.476 -91.446 3.6297
16.4698 -91.2969 3.63164 0.231434 16.476 -91.446 3.6297
16.0244 -91.2614 3.61583 1.26262 16.476 -91.446 3.6297
16.2833 -91.1897 3.61641 0.415358 16.476 -91.446 3.6297
16.0197 -91.25 3.61813 1.40013 16.476 -91.446 3.6297
16.3827 -91.2142 3.6226 0.793256 16.476 -91.446 3.6297
16.0244 -91.2614 3.61583 1.26262 16.476 -91.446 3.6297
16.0244 -91.2614 3.61583 1.26262 16.476 -91.446 3.6297
16.3326 -91.3261 3.62702 0.864345 16.476 -91.446 3.6297
16.3226 -91.2028 3.62815 0.711582 16.476 -91.446 3.6297
16.2833 -91.1897 3.61641 0.415358 16.476 -91.446 3.6297
16.0585 -91.135 3.6227 0.70345 16.476 -91.446 3.6297
16.4679 -91.314 3.62516 0.482009 16.476 -91.446 3.6297
16.3226 -91.2028 3.62815 0.711582 16.476 -91.446 3.6297
16.0244 -91.2614 3.61583 1.26262 16.476 -91.446 3.6297
16.0244 -91.2614 3.61583 1.26262 16.476 -91.446 3.6297
16.5816 -91.5044 3.62883 0.0430267 16.476 -91.446 3.6297
16.3297 -91.2323 3.61547 0.203079 16.476 -91.446 3.6297
16.3827 -91.2142 3.6226 0.793256 16.476 -91.446 3.6297
16.1237 -91.3509 3.6298 0.117166 16.476 -91.446 3.6297
16.0585 -91.135 3.6227 0.70345 16.476 -91.446 3.6297
16.2833 -91.1897 3.61641 0.415358 16.476 -91.446 3.6297
16.0244 -91.2614 3.61583 1.26262 16.476 -91.446 3.6297
16.218 -91.0053 3.62492 0.294883 16.476 -91.446 3.6297
16.246 -91.5624 3.62714 0.117345 16.476 -91.446 3.6297
16.4679 -91.314 3.62516 0.482009 16.476 -91.446 3.6297
16.337 -91.5134 3.62038 0.269527 16.476 -91.446 3.6297
16.1583 -91.1799 3.62641 0.657465 16.476 -91.446 3.6297
16.337 -91.5134 3.62038 0.269527 16.476 -91.446 3.6297
16.3827 -91.2142 3.6226 0.793256 16.476 -91.446 3.6297
16.218 -91.0053 3.62492 0.294883 16.476 -91.446 3.6297
16.218 -91.0053 3.62492 0.294883 16.476 -91.446 3.6297
16.0585 -91.135 3.6227 0.70345 16.476 -91.446 3.6297
16.3827 -91.2142 3.6226 0.793256 16.476 -91.446 3.6297
16.3226 -91.2028 3.62815 0.711582 16.476 -91.446 3.6297
16.2833 -91.1897 3.61641 0.415358 16.476 -91.446 3.6297
16.337 -91.5134 3.62038 0.269527 16.476 -91.446 3.6297
16.5662 -91.5274 3.62042 0.0115657 16.476 -91.446 3.6297
16.0197 -91.25 3.61813 1.40013 16.476 -91.446 3.6297
16.218 -91.0053 3.62492 0.294883 16.476 -91.446 3.6297
16.1237 -91.3509 3.6298 0.117166 16.476 -91.446 3.6297
16.4679 -91.314 3.62516 0.482009 16.476 -91.446 3.6297
16.0197 -91.25 3.61813 1.40013 16.476 -91.446 3.6297
16.1237 -91.3509 3.6298 0.117166 16.476 -91.446 3.6297
16.5816 -91.5044 3.62883 0.0430267 16.476 -91.446 3.6297
16.0197 -91.25 3.61813 1.40013 16.476 -91.446 3.6297
16.0696 -91.4698 3.62213 0.553647 16.476 -91.446 3.6297
16.0197 -91.25 3.61813 1.40013 16.476 -91.446 3.6297
16.4679 -91.314 3.62516 0.482009 16.476 -91.446 3.6297
16.0197 -91.25 3.61813 1.40013 16.476 -91.446 3.6297
16.3743 -91.3852 3.61923 0.389214 16.476 -91.446 3.6297
16.3297 -91.2323 3.61547 0.203079 16.476 -91.446 3.6297
16.3297 -91.2323 3.61547 0.203079 16.476 -91.446 3.6297
16.3226 -91.2028 3.62815 0.711582 16.476 -91.446 3.6297
16.1583 -91.1799 3.62641 0.657465 16.476 -91.446 3.6297
16.3865 -91.5991 3.61841 0.0375427 16.476 -91.446 3.6297
16.337 -91.5134 3.62038 0.269527 16.476 -91.446 3.6297
16.0197 -91.25 3.61813 1.40013 16.476 -91.446 3.6297
16.3326 -91.3261 3.62702 0.864345 16.476 -91.446 3.6297
16.0197 -91.25 3.61813 1.40013 16.476 -91.446 3.6297
16.0197 -91.25 3.61813 1.40013 16.476 -91.446 3.6297
16.0197 -91.25 3.61813 1.40013 16.476 -91.446 3.6297
16.0696 -91.4698 3.62213 0.553647 16.476 -91.446 3.6297
16.0585 -91.135 3.6227 0.70345 16.476 -91.446 3.6297
16.218 -91.0053 3.62492 0.294883 16.476 -91.446 3.6297
16.3786 -91.5655 3.62706 0.106704 16.476 -91.446 3.6297
16.3326 -91.3261 3.62702 0.864345 16.476 -91.446 3.6297
16.0244 -91.2614 3.61583 1.26262 16.476 -91.446 3.6297
16.218 -91.0053 3.62492 0.294883 16.476 -91.446 3.6297
16.2833 -91.1897 3.61641 0.415358 16.476 -91.446 3.6297
16.337 -91.5134 3.62038 0.269527 16.476 -91.446 3.6297
16.0585 -91.135 3.6227 0.70345 16.476 -91.446 3.6297
16.4679 -91.314 3.62516 0.482009 16.476 -91.446 3.6297
16.3226 -91.2028 3.62815 0.711582 16.476 -91.446 3.6297
16.5834 -91.4366 3.63117 0.0623983 16.476 -91.446 3.6297
16.3827 -91.2142 3.6226 0.793256 16.476 -91.446 3.6297
16.1583 -91.1799 3.62641 0.657465 16.476 -91.446 3.6297
16.0696 -91.4698 3.62213 0.553647 16.476 -91.446 3.6297
16.3827 -91.2142 3.6226 0.793256 16.476 -91.446 3.6297
16.337 -91.5134 3.62038 0.269527 16.476 -91.446 3.6297
16.0585 -91.135 3.6227 0.70345 16.476 -91.446 3.6297
16.0585 -91.135 3.6227 0.70345 16.476 -91.446 3.6297
16.5816 -91.5044 3.62883 0.0430267 16.476 -91.446 3.6297
16.246 -91.5624 3.62714 0.117345 16.476 -91.446 3.6297
16.4698 -91.2969 3.63164 0.231434 16.476 -91.446 3.6297
16.0585 -91.135 3.6227 0.70345 16.476 -91.446 3.6297
16.3326 -91.3261 3.62702 0.864345 16.476 -91.446 3.6297
16.218 -91.0053 3.62492 0.294883 16.476 -91.446 3.6297
16.0585 -91.135 3.6227 0.70345 16.476 -91.446 3.6297
16.0197 -91.25 3.61813 1.40013 16.476 -91.446 3.6297
16.0585 -91.135 3.6227 0.70345 16.476 -91.446 3.6297
16.0197 -91.25 3.61813 1.40013 16.476 -91.446 3.6297
16.0197 -91.25 3.61813 1.40013 16.476 -91.446 3.6297
16.0585 -91.135 3.6227 0.70345 16.476 -91.446 3.6297
16.0197 -91.25 3.61813 1.40013 16.476 -91.446 3.6297
16.3827 -91.2142 3.6226 0.793256 16.476 -91.446 3.6297
16.1583 -91.1799 3.62641 0.657465 16.476 -91.446 3.6297
16.1237 -91.3509 3.6298 0.117166 16.476 -91.446 3.6297
16.0244 -91.2614 3.61583 1.26262 16.476 -91.446 3.6297
16.0197 -91.25 3.61813 1.40013 16.476 -91.446 3.6297
16.2833 -91.1897 3.61641 0.415358 16.476 -91.446 3.6297
16.1583 -91.1799 3.62641 0.657465 16.476 -91.446 3.6297
16.0585 -91.135 3.6227 0.70345 16.476 -91.446 3.6297
16.3743 -91.3852 3.61923 0.389214 16.476 -91.446 3.6297
16.3226 -91.2028 3.62815 0.711582 16.476 -91.446 3.6297
16.0197 -91.25 3.61813 1.40013 16.476 -91.446 3.6297
16.3297 -91.2323 3.61547 0.203079 16.476 -91.446 3.6297
16.1583 -91.1799 3.62641 0.657465 16.476 -91.446 3.6297
16.4679 -91.314 3.62516 0.482009 16.476 -91.446 3.6297
16.3786 -91.5655 3.62706 0.106704 16.476 -91.446 3.6297
16.0197 -91.25 3.61813 1.40013 16.476 -91.446 3.6297
16.0197 -91.25 3.61813 1.40013 16.476 -91.446 3.6297
16.5816 -91.5044 3.62883 0.0430267 16.476 -91.446 3.6297
16.0244 -91.2614 3.61583 1.26262 16.476 -91.446 3.6297
16.0197 -91.25 3.61813 1.40013 16.476 -91.446 3.6297
16.0244 -91.2614 3.61583 1.26262 16.476 -91.446 3.6297
16.0696 -91.4698 3.62213 0.553647 16.476 -91.446 3.6297
