243.949 -17.2885 2.94147 0.235546 243.94 -17.395 2.9361
243.949 -17.2885 2.94147 0.235546 243.94 -17.395 2.9361
243.928 -17.2546 2.94106 0.174511 243.94 -17.395 2.9361
243.833 -17.3704 2.94192 0.283098 243.94 -17.395 2.9361
243.914 -17.3567 2.93673 0.172985 243.94 -17.395 2.9361
243.833 -17.3704 2.94192 0.283098 243.94 -17.395 2.9361
244.103 -17.3671 2.94821 0.15486 243.94 -17.395 2.9361
243.833 -17.3704 2.94192 0.283098 243.94 -17.395 2.9361
243.949 -17.2885 2.94147 0.235546 243.94 -17.395 2.9361
243.928 -17.2546 2.94106 0.174511 243.94 -17.395 2.9361
243.949 -17.2885 2.94147 0.235546 243.94 -17.395 2.9361
243.829 -17.649 2.93635 0.0270728 243.94 -17.395 2.9361
243.833 -17.3704 2.94192 0.283098 243.94 -17.395 2.9361
243.833 -17.3704 2.94192 0.283098 243.94 -17.395 2.9361
243.949 -17.2885 2.94147 0.235546 243.94 -17.395 2.9361
243.87 -17.3085 2.93794 0.223963 243.94 -17.395 2.9361
243.87 -17.3085 2.93794 0.223963 243.94 -17.395 2.9361
243.949 -17.2885 2.94147 0.235546 243.94 -17.395 2.9361
244.064 -17.2825 2.93738 0.0461847 243.94 -17.395 2.9361
243.907 -17.2717 2.93962 0.203549 243.94 -17.395 2.9361
243.907 -17.2717 2.93962 0.203549 243.94 -17.395 2.9361
243.87 -17.3085 2.93794 0.223963 243.94 -17.395 2.9361
243.907 -17.2717 2.93962 0.203549 243.94 -17.395 2.9361
244.103 -17.3671 2.94821 0.15486 243.94 -17.395 2.9361
243.833 -17.3704 2.94192 0.283098 243.94 -17.395 2.9361
243.87 -17.3085 2.93794 0.223963 243.94 -17.395 2.9361
243.949 -17.2885 2.94147 0.235546 243.94 -17.395 2.9361
243.949 -17.2885 2.94147 0.235546 243.94 -17.395 2.9361
243.711 -17.3662 2.93372 0.079861 243.94 -17.395 2.9361
243.907 -17.2717 2.93962 0.203549 243.94 -17.395 2.9361
243.949 -17.2885 2.94147 0.235546 243.94 -17.395 2.9361
243.907 -17.2717 2.93962 0.203549 243.94 -17.395 2.9361
243.949 -17.2885 2.94147 0.235546 243.94 -17.395 2.9361
243.87 -17.3085 2.93794 0.223963 243.94 -17.395 2.9361
244.103 -17.3671 2.94821 0.15486 243.94 -17.395 2.9361
243.87 -17.3085 2.93794 0.223963 243.94 -17.395 2.9361
243.949 -17.2885 2.94147 0.235546 243.94 -17.395 2.9361
243.928 -17.2546 2.94106 0.174511 243.94 -17.395 2.9361
243.928 -17.2546 2.94106 0.174511 243.94 -17.395 2.9361
243.928 -17.2546 2.94106 0.174511 243.94 -17.395 2.9361
243.833 -17.3704 2.94192 0.283098 243.94 -17.395 2.9361
243.949 -17.2885 2.94147 0.235546 243.94 -17.395 2.9361
243.907 -17.2717 2.93962 0.203549 243.94 -17.395 2.9361
243.87 -17.3085 2.93794 0.223963 243.94 -17.395 2.9361
244.103 -17.3671 2.94821 0.15486 243.94 -17.395 2.9361
243.87 -17.3085 2.93794 0.223963 243.94 -17.395 2.9361
243.833 -17.3704 2.94192 0.283098 243.94 -17.395 2.9361
243.949 -17.2885 2.94147 0.235546 243.94 -17.395 2.9361
243.833 -17.3704 2.94192 0.283098 243.94 -17.395 2.9361
243.907 -17.2717 2.93962 0.203549 243.94 -17.395 2.9361
243.711 -17.3662 2.93372 0.079861 243.94 -17.395 2.9361
243.907 -17.2717 2.93962 0.203549 243.94 -17.395 2.9361
243.949 -17.2885 2.94147 0.235546 243.94 -17.395 2.9361
243.833 -17.3704 2.94192 0.283098 243.94 -17.395 2.9361
243.833 -17.3704 2.94192 0.283098 243.94 -17.395 2.9361
244.103 -17.3671 2.94821 0.15486 243.94 -17.395 2.9361
243.928 -17.2546 2.94106 0.174511 243.94 -17.395 2.9361
243.949 -17.2885 2.94147 0.235546 243.94 -17.395 2.9361
243.928 -17.2546 2.94106 0.174511 243.94 -17.395 2.9361
243.829 -17.649 2.93635 0.0270728 243.94 -17.395 2.9361
243.949 -17.2885 2.94147 0.235546 243.94 -17.395 2.9361
243.87 -17.3085 2.93794 0.223963 243.94 -17.395 2.9361
243.87 -17.3085 2.93794 0.223963 243.94 -17.395 2.9361
243.996 -17.431 2.93102 0.00172193 243.94 -17.395 2.9361
243.833 -17.3704 2.94192 0.283098 243.94 -17.395 2.9361
244.088 -17.4323 2.93689 0.0349526 243.94 -17.395 2.9361
243.833 -17.3704 2.94192 0.283098 243.94 -17.395 2.9361
243.833 -17.3704 2.94192 0.283098 243.94 -17.395 2.9361
243.87 -17.3085 2.93794 0.223963 243.94 -17.395 2.9361
244.064 -17.2825 2.93738 0.0461847 243.94 -17.395 2.9361
243.907 -17.2717 2.93962 0.203549 243.94 -17.395 2.9361
243.949 -17.2885 2.94147 0.235546 243.94 -17.395 2.9361
243.949 -17.2885 2.94147 0.235546 243.94 -17.395 2.9361
243.833 -17.3704 2.94192 0.283098 243.94 -17.395 2.9361
243.747 -17.5913 2.93197 0.0061751 243.94 -17.395 2.9361
243.833 -17.3704 2.94192 0.283098 243.94 -17.395 2.9361
244.004 -17.7145 2.94278 0.0776492 243.94 -17.395 2.9361
244.004 -17.7145 2.94278 0.0776492 243.94 -17.395 2.9361
243.949 -17.2885 2.94147 0.235546 243.94 -17.395 2.9361
243.87 -17.3085 2.93794 0.223963 243.94 -17.395 2.9361
244.335 -17.4901 2.9412 0.00440842 243.94 -17.395 2.9361
244.004 -17.7145 2.94278 0.0776492 243.94 -17.395 2.9361
244.103 -17.3671 2.94821 0.15486 243.94 -17.395 2.9361
243.907 -17.2717 2.93962 0.203549 243.94 -17.395 2.9361
243.87 -17.3085 2.93794 0.223963 243.94 -17.395 2.9361
243.914 -17.3567 2.93673 0.172985 243.94 -17.395 2.9361
244.103 -17.3671 2.94821 0.15486 243.94 -17.395 2.9361
243.833 -17.3704 2.94192 0.283098 243.94 -17.395 2.9361
243.914 -17.3567 2.93673 0.172985 243.94 -17.395 2.9361
244.103 -17.3671 2.94821 0.15486 243.94 -17.395 2.9361
244.088 -17.4323 2.93689 0.0349526 243.94 -17.395 2.9361
243.874 -17.3614 2.9306 0.00845324 243.94 -17.395 2.9361
244.103 -17.3671 2.94821 0.15486 243.94 -17.395 2.9361
243.833 -17.3704 2.94192 0.283098 243.94 -17.395 2.9361
243.851 -17.6695 2.94773 0.0443651 243.94 -17.395 2.9361
243.907 -17.2717 2.93962 0.203549 243.94 -17.395 2.9361
243.949 -17.2885 2.94147 0.235546 243.94 -17.395 2.9361
243.907 -17.2717 2.93962 0.203549 243.94 -17.395 2.9361
243.914 -17.3567 2.93673 0.172985 243.94 -17.395 2.9361
243.718 -17.2883 2.93686 0.119111 243.94 -17.395 2.9361
244.103 -17.3671 2.94821 0.15486 243.94 -17.395 2.9361
243.949 -17.2885 2.94147 0.235546 243.94 -17.395 2.9361
243.718 -17.2883 2.93686 0.119111 243.94 -17.395 2.9361
243.87 -17.3085 2.93794 0.223963 243.94 -17.395 2.9361
243.949 -17.2885 2.94147 0.235546 243.94 -17.395 2.9361
243.949 -17.2885 2.94147 0.235546 243.94 -17.395 2.9361
243.833 -17.3704 2.94192 0.283098 243.94 -17.395 2.9361
243.833 -17.3704 2.94192 0.283098 243.94 -17.395 2.9361
243.718 -17.2883 2.93686 0.119111 243.94 -17.395 2.9361
243.907 -17.2717 2.93962 0.203549 243.94 -17.395 2.9361
243.907 -17.2717 2.93962 0.203549 243.94 -17.395 2.9361
243.829 -17.649 2.93635 0.0270728 243.94 -17.395 2.9361
244.088 -17.4323 2.93689 0.0349526 243.94 -17.395 2.9361
243.914 -17.3567 2.93673 0.172985 243.94 -17.395 2.9361
244.064 -17.2825 2.93738 0.0461847 243.94 -17.395 2.9361
244.004 -17.7145 2.94278 0.0776492 243.94 -17.395 2.9361
243.87 -17.3085 2.93794 0.223963 243.94 -17.395 2.9361
243.928 -17.2546 2.94106 0.174511 243.94 -17.395 2.9361
243.87 -17.3085 2.93794 0.223963 243.94 -17.395 2.9361
243.949 -17.2885 2.94147 0.235546 243.94 -17.395 2.9361
243.949 -17.2885 2.94147 0.235546 243.94 -17.395 2.9361
243.907 -17.2717 2.93962 0.203549 243.94 -17.395 2.9361
243.907 -17.2717 2.93962 0.203549 243.94 -17.395 2.9361
243.914 -17.3567 2.93673 0.172985 243.94 -17.395 2.9361
243.949 -17.2885 2.94147 0.235546 243.94 -17.395 2.9361
244.088 -17.4323 2.93689 0.0349526 243.94 -17.395 2.9361
243.833 -17.3704 2.94192 0.283098 243.94 -17.395 2.9361
243.928 -17.2546 2.94106 0.174511 243.94 -17.395 2.9361
243.914 -17.3567 2.93673 0.172985 243.94 -17.395 2.9361
243.914 -17.3567 2.93673 0.172985 243.94 -17.395 2.9361
243.708 -17.4395 2.9331 0.0501662 243.94 -17.395 2.9361
244.103 -17.3671 2.94821 0.15486 243.94 -17.395 2.9361
243.949 -17.2885 2.94147 0.235546 243.94 -17.395 2.9361
243.907 -17.2717 2.93962 0.203549 243.94 -17.395 2.9361
243.87 -17.3085 2.93794 0.223963 243.94 -17.395 2.9361
243.949 -17.2885 2.94147 0.235546 243.94 -17.395 2.9361
243.949 -17.2885 2.94147 0.235546 243.94 -17.395 2.9361
243.718 -17.2883 2.93686 0.119111 243.94 -17.395 2.9361
244.088 -17.4323 2.93689 0.0349526 243.94 -17.395 2.9361
243.708 -17.4395 2.9331 0.0501662 243.94 -17.395 2.9361
243.928 -17.2546 2.94106 0.174511 243.94 -17.395 2.9361
243.928 -17.2546 2.94106 0.174511 243.94 -17.395 2.9361
244.103 -17.3671 2.94821 0.15486 243.94 -17.395 2.9361
244.004 -17.7145 2.94278 0.0776492 243.94 -17.395 2.9361
243.928 -17.2546 2.94106 0.174511 243.94 -17.395 2.9361
243.914 -17.3567 2.93673 0.172985 243.94 -17.395 2.9361
243.711 -17.3662 2.93372 0.079861 243.94 -17.395 2.9361
243.95 -17.6533 2.93547 0.00902272 243.94 -17.395 2.9361
243.949 -17.2885 2.94147 0.235546 243.94 -17.395 2.9361
243.949 -17.2885 2.94147 0.235546 243.94 -17.395 2.9361
243.833 -17.3704 2.94192 0.283098 243.94 -17.395 2.9361
243.949 -17.2885 2.94147 0.235546 243.94 -17.395 2.9361
243.928 -17.2546 2.94106 0.174511 243.94 -17.395 2.9361
243.914 -17.3567 2.93673 0.172985 243.94 -17.395 2.9361
243.833 -17.3704 2.94192 0.283098 243.94 -17.395 2.9361
243.914 -17.3567 2.93673 0.172985 243.94 -17.395 2.9361
244.004 -17.7145 2.94278 0.0776492 243.94 -17.395 2.9361
244.004 -17.7145 2.94278 0.0776492 243.94 -17.395 2.9361
243.949 -17.2885 2.94147 0.235546 243.94 -17.395 2.9361
243.914 -17.3567 2.93673 0.172985 243.94 -17.395 2.9361
243.996 -17.431 2.93102 0.00172193 243.94 -17.395 2.9361
244.004 -17.7145 2.94278 0.0776492 243.94 -17.395 2.9361
243.928 -17.2546 2.94106 0.174511 243.94 -17.395 2.9361
243.851 -17.6695 2.94773 0.0443651 243.94 -17.395 2.9361
244.103 -17.3671 2.94821 0.15486 243.94 -17.395 2.9361
243.708 -17.4395 2.9331 0.0501662 243.94 -17.395 2.9361
243.949 -17.2885 2.94147 0.235546 243.94 -17.395 2.9361
243.907 -17.2717 2.93962 0.203549 243.94 -17.395 2.9361
243.914 -17.3567 2.93673 0.172985 243.94 -17.395 2.9361
243.87 -17.3085 2.93794 0.223963 243.94 -17.395 2.9361
243.87 -17.3085 2.93794 0.223963 243.94 -17.395 2.9361
244.064 -17.2825 2.93738 0.0461847 243.94 -17.395 2.9361
243.833 -17.3704 2.94192 0.283098 243.94 -17.395 2.9361
243.907 -17.2717 2.93962 0.203549 243.94 -17.395 2.9361
243.708 -17.4395 2.9331 0.0501662 243.94 -17.395 2.9361
244.064 -17.2825 2.93738 0.0461847 243.94 -17.395 2.9361
243.907 -17.2717 2.93962 0.203549 243.94 -17.395 2.9361
243.747 -17.5913 2.93197 0.0061751 243.94 -17.395 2.9361
243.833 -17.3704 2.94192 0.283098 243.94 -17.395 2.9361
243.718 -17.2883 2.93686 0.119111 243.94 -17.395 2.9361
244.004 -17.7145 2.94278 0.0776492 243.94 -17.395 2.9361
243.718 -17.2883 2.93686 0.119111 243.94 -17.395 2.9361
243.949 -17.2885 2.94147 0.235546 243.94 -17.395 2.9361
243.928 -17.2546 2.94106 0.174511 243.94 -17.395 2.9361
244.325 -17.254 2.94906 0.00773531 243.94 -17.395 2.9361
243.87 -17.3085 2.93794 0.223963 243.94 -17.395 2.9361
243.914 -17.3567 2.93673 0.172985 243.94 -17.395 2.9361
243.949 -17.2885 2.94147 0.235546 243.94 -17.395 2.9361
244.103 -17.3671 2.94821 0.15486 243.94 -17.395 2.9361
243.87 -17.3085 2.93794 0.223963 243.94 -17.395 2.9361
244.064 -17.2825 2.93738 0.0461847 243.94 -17.395 2.9361
243.718 -17.2883 2.93686 0.119111 243.94 -17.395 2.9361
243.914 -17.3567 2.93673 0.172985 243.94 -17.395 2.9361
244.064 -17.2825 2.93738 0.0461847 243.94 -17.395 2.9361
243.87 -17.3085 2.93794 0.223963 243.94 -17.395 2.9361
244.103 -17.3671 2.94821 0.15486 243.94 -17.395 2.9361
243.833 -17.3704 2.94192 0.283098 243.94 -17.395 2.9361
243.996 -17.431 2.93102 0.00172193 243.94 -17.395 2.9361
244.088 -17.4323 2.93689 0.0349526 243.94 -17.395 2.9361
243.964 -17.1284 2.94033 0.0306153 243.94 -17.395 2.9361
