-40.9866 -48.4605 1.56781 1.14567 -41.195 -48.541 1.5635
-40.8525 -48.7102 1.57393 0.306317 -41.195 -48.541 1.5635
-41.2055 -48.3403 1.56777 0.708779 -41.195 -48.541 1.5635
-41.0496 -48.3807 1.56547 0.976509 -41.195 -48.541 1.5635
-40.9056 -48.4549 1.57009 0.713268 -41.195 -48.541 1.5635
-41.2727 -48.5856 1.5709 0.521737 -41.195 -48.541 1.5635
-40.9961 -48.6136 1.56949 1.04806 -41.195 -48.541 1.5635
-40.9866 -48.4605 1.56781 1.14567 -41.195 -48.541 1.5635
-41.2811 -48.3218 1.56148 0.32886 -41.195 -48.541 1.5635
-41.2079 -48.2789 1.56475 0.484622 -41.195 -48.541 1.5635
-41.0319 -48.3463 1.5629 0.484522 -41.195 -48.541 1.5635
-41.1892 -48.4697 1.56422 0.923404 -41.195 -48.541 1.5635
-40.8227 -48.3617 1.56296 0.0397315 -41.195 -48.541 1.5635
-41.0496 -48.3807 1.56547 0.976509 -41.195 -48.541 1.5635
-41.1892 -48.4697 1.56422 0.923404 -41.195 -48.541 1.5635
-40.9513 -48.5607 1.56291 0.14511 -41.195 -48.541 1.5635
-40.9866 -48.4605 1.56781 1.14567 -41.195 -48.541 1.5635
-41.286 -48.6557 1.57354 0.23424 -41.195 -48.541 1.5635
-41.1816 -48.781 1.57389 0.237878 -41.195 -48.541 1.5635
-41.0319 -48.3463 1.5629 0.484522 -41.195 -48.541 1.5635
-41.1892 -48.4697 1.56422 0.923404 -41.195 -48.541 1.5635
-41.3282 -48.4149 1.56261 0.31015 -41.195 -48.541 1.5635
-40.9576 -48.645 1.56566 0.219621 -41.195 -48.541 1.5635
-40.9866 -48.4605 1.56781 1.14567 -41.195 -48.541 1.5635
-41.0664 -48.74 1.57578 0.571109 -41.195 -48.541 1.5635
-41.1892 -48.4697 1.56422 0.923404 -41.195 -48.541 1.5635
-40.9961 -48.6136 1.56949 1.04806 -41.195 -48.541 1.5635
-41.1863 -48.3262 1.56738 0.722881 -41.195 -48.541 1.5635
-41.1892 -48.4697 1.56422 0.923404 -41.195 -48.541 1.5635
-41.0664 -48.74 1.57578 0.571109 -41.195 -48.541 1.5635
-41.1892 -48.4697 1.56422 0.923404 -41.195 -48.541 1.5635
-41.286 -48.6557 1.57354 0.23424 -41.195 -48.541 1.5635
-40.9612 -48.2455 1.56827 0.201268 -41.195 -48.541 1.5635
-40.8525 -48.7102 1.57393 0.306317 -41.195 -48.541 1.5635
-40.8525 -48.7102 1.57393 0.306317 -41.195 -48.541 1.5635
-40.9408 -48.7664 1.57129 0.245577 -41.195 -48.541 1.5635
-41.1863 -48.3262 1.56738 0.722881 -41.195 -48.541 1.5635
-40.9408 -48.7664 1.57129 0.245577 -41.195 -48.541 1.5635
-41.2727 -48.5856 1.5709 0.521737 -41.195 -48.541 1.5635
-41.2727 -48.5856 1.5709 0.521737 -41.195 -48.541 1.5635
-41.0299 -48.6386 1.5629 0.127001 -41.195 -48.541 1.5635
-40.7556 -48.5577 1.57204 0.129719 -41.195 -48.541 1.5635
-41.0431 -48.3961 1.56222 0.474739 -41.195 -48.541 1.5635
-40.8525 -48.7102 1.57393 0.306317 -41.195 -48.541 1.5635
-41.1816 -48.781 1.57389 0.237878 -41.195 -48.541 1.5635
-41.0431 -48.3961 1.56222 0.474739 -41.195 -48.541 1.5635
-40.8497 -48.5562 1.56917 0.341075 -41.195 -48.541 1.5635
-40.9866 -48.4605 1.56781 1.14567 -41.195 -48.541 1.5635
-40.9866 -48.4605 1.56781 1.14567 -41.195 -48.541 1.5635
-40.9056 -48.4549 1.57009 0.713268 -41.195 -48.541 1.5635
-40.9961 -48.6136 1.56949 1.04806 -41.195 -48.541 1.5635
-41.2751 -48.6472 1.56567 0.236018 -41.195 -48.541 1.5635
-40.9452 -48.1699 1.56426 0.058575 -41.195 -48.541 1.5635
-40.9961 -48.6136 1.56949 1.04806 -41.195 -48.541 1.5635
-41.286 -48.6557 1.57354 0.23424 -41.195 -48.541 1.5635
-41.1892 -48.4697 1.56422 0.923404 -41.195 -48.541 1.5635
-40.9961 -48.6136 1.56949 1.04806 -41.195 -48.541 1.5635
-41.0322 -48.6584 1.55919 0.0114118 -41.195 -48.541 1.5635
-41.0431 -48.3961 1.56222 0.474739 -41.195 -48.541 1.5635
-41.0496 -48.3807 1.56547 0.976509 -41.195 -48.541 1.5635
-40.9056 -48.4549 1.57009 0.713268 -41.195 -48.541 1.5635
-40.9056 -48.4549 1.57009 0.713268 -41.195 -48.541 1.5635
-41.0319 -48.3463 1.5629 0.484522 -41.195 -48.541 1.5635
-41.1863 -48.3262 1.56738 0.722881 -41.195 -48.541 1.5635
-41.0319 -48.3463 1.5629 0.484522 -41.195 -48.541 1.5635
-41.2055 -48.3403 1.56777 0.708779 -41.195 -48.541 1.5635
-40.9866 -48.4605 1.56781 1.14567 -41.195 -48.541 1.5635
-41.1863 -48.3262 1.56738 0.722881 -41.195 -48.541 1.5635
-41.0319 -48.3463 1.5629 0.484522 -41.195 -48.541 1.5635
-40.9866 -48.4605 1.56781 1.14567 -41.195 -48.541 1.5635
-40.9866 -48.4605 1.56781 1.14567 -41.195 -48.541 1.5635
-41.2079 -48.2789 1.56475 0.484622 -41.195 -48.541 1.5635
-41.2738 -48.6739 1.57398 0.231425 -41.195 -48.541 1.5635
-41.2727 -48.5856 1.5709 0.521737 -41.195 -48.541 1.5635
-41.0664 -48.74 1.57578 0.571109 -41.195 -48.541 1.5635
-41.0737 -48.5239 1.5609 0.20945 -41.195 -48.541 1.5635
-41.1863 -48.3262 1.56738 0.722881 -41.195 -48.541 1.5635
-41.2079 -48.2789 1.56475 0.484622 -41.195 -48.541 1.5635
-41.0664 -48.74 1.57578 0.571109 -41.195 -48.541 1.5635
-41.1956 -48.7748 1.56905 0.157862 -41.195 -48.541 1.5635
-41.1295 -48.4433 1.55658 0.0533212 -41.195 -48.541 1.5635
-41.2055 -48.3403 1.56777 0.708779 -41.195 -48.541 1.5635
-41.0431 -48.3961 1.56222 0.474739 -41.195 -48.541 1.5635
-41.2055 -48.3403 1.56777 0.708779 -41.195 -48.541 1.5635
-41.1892 -48.4697 1.56422 0.923404 -41.195 -48.541 1.5635
-41.1892 -48.4697 1.56422 0.923404 -41.195 -48.541 1.5635
-41.2738 -48.6739 1.57398 0.231425 -41.195 -48.541 1.5635
-40.9866 -48.4605 1.56781 1.14567 -41.195 -48.541 1.5635
-40.9866 -48.4605 1.56781 1.14567 -41.195 -48.541 1.5635
-40.9513 -48.5607 1.56291 0.14511 -41.195 -48.541 1.5635
-40.9056 -48.4549 1.57009 0.713268 -41.195 -48.541 1.5635
-40.8525 -48.7102 1.57393 0.306317 -41.195 -48.541 1.5635
-41.286 -48.6557 1.57354 0.23424 -41.195 -48.541 1.5635
-41.0319 -48.3463 1.5629 0.484522 -41.195 -48.541 1.5635
-40.8525 -48.7102 1.57393 0.306317 -41.195 -48.541 1.5635
-41.0319 -48.3463 1.5629 0.484522 -41.195 -48.541 1.5635
-40.9961 -48.6136 1.56949 1.04806 -41.195 -48.541 1.5635
-41.1892 -48.4697 1.56422 0.923404 -41.195 -48.541 1.5635
-40.8918 -48.3578 1.56857 0.340524 -41.195 -48.541 1.5635
-41.1956 -48.7748 1.56905 0.157862 -41.195 -48.541 1.5635
-40.9802 -48.7471 1.58375 0.0828772 -41.195 -48.541 1.5635
-41.0737 -48.5239 1.5609 0.20945 -41.195 -48.541 1.5635
-41.2727 -48.5856 1.5709 0.521737 -41.195 -48.541 1.5635
-41.1892 -48.4697 1.56422 0.923404 -41.195 -48.541 1.5635
-41.2079 -48.2789 1.56475 0.484622 -41.195 -48.541 1.5635
-41.0431 -48.3961 1.56222 0.474739 -41.195 -48.541 1.5635
-40.9961 -48.6136 1.56949 1.04806 -41.195 -48.541 1.5635
-41.0664 -48.74 1.57578 0.571109 -41.195 -48.541 1.5635
-41.2079 -48.2789 1.56475 0.484622 -41.195 -48.541 1.5635
-41.2751 -48.6472 1.56567 0.236018 -41.195 -48.541 1.5635
-40.9802 -48.7471 1.58375 0.0828772 -41.195 -48.541 1.5635
-41.3282 -48.4149 1.56261 0.31015 -41.195 -48.541 1.5635
-40.9612 -48.2455 1.56827 0.201268 -41.195 -48.541 1.5635
-41.1863 -48.3262 1.56738 0.722881 -41.195 -48.541 1.5635
-40.9513 -48.5607 1.56291 0.14511 -41.195 -48.541 1.5635
-41.0496 -48.3807 1.56547 0.976509 -41.195 -48.541 1.5635
-40.9866 -48.4605 1.56781 1.14567 -41.195 -48.541 1.5635
-41.0496 -48.3807 1.56547 0.976509 -41.195 -48.541 1.5635
-40.9961 -48.6136 1.56949 1.04806 -41.195 -48.541 1.5635
-41.2055 -48.3403 1.56777 0.708779 -41.195 -48.541 1.5635
-40.9961 -48.6136 1.56949 1.04806 -41.195 -48.541 1.5635
-41.2738 -48.6739 1.57398 0.231425 -41.195 -48.541 1.5635
-40.9802 -48.7471 1.58375 0.0828772 -41.195 -48.541 1.5635
-41.0737 -48.5239 1.5609 0.20945 -41.195 -48.541 1.5635
-40.8497 -48.5562 1.56917 0.341075 -41.195 -48.541 1.5635
-41.0355 -48.3166 1.5608 0.24863 -41.195 -48.541 1.5635
-41.0319 -48.3463 1.5629 0.484522 -41.195 -48.541 1.5635
-41.2055 -48.3403 1.56777 0.708779 -41.195 -48.541 1.5635
-40.9035 -48.2076 1.56694 0.0714054 -41.195 -48.541 1.5635
-40.9056 -48.4549 1.57009 0.713268 -41.195 -48.541 1.5635
-41.2811 -48.3218 1.56148 0.32886 -41.195 -48.541 1.5635
-41.1892 -48.4697 1.56422 0.923404 -41.195 -48.541 1.5635
-41.2751 -48.6472 1.56567 0.236018 -41.195 -48.541 1.5635
-41.0496 -48.3807 1.56547 0.976509 -41.195 -48.541 1.5635
-40.9656 -48.5802 1.56389 0.218068 -41.195 -48.541 1.5635
-40.9961 -48.6136 1.56949 1.04806 -41.195 -48.541 1.5635
-41.2055 -48.3403 1.56777 0.708779 -41.195 -48.541 1.5635
-40.9866 -48.4605 1.56781 1.14567 -41.195 -48.541 1.5635
-40.9802 -48.7471 1.58375 0.0828772 -41.195 -48.541 1.5635
-41.0496 -48.3807 1.56547 0.976509 -41.195 -48.541 1.5635
-40.8497 -48.5562 1.56917 0.341075 -41.195 -48.541 1.5635
-41.1892 -48.4697 1.56422 0.923404 -41.195 -48.541 1.5635
-40.9656 -48.5802 1.56389 0.218068 -41.195 -48.541 1.5635
-41.0319 -48.3463 1.5629 0.484522 -41.195 -48.541 1.5635
-41.0664 -48.74 1.57578 0.571109 -41.195 -48.541 1.5635
-41.0664 -48.74 1.57578 0.571109 -41.195 -48.541 1.5635
-41.2055 -48.3403 1.56777 0.708779 -41.195 -48.541 1.5635
-41.3603 -48.5508 1.56924 0.210187 -41.195 -48.541 1.5635
-40.9576 -48.645 1.56566 0.219621 -41.195 -48.541 1.5635
-41.1816 -48.781 1.57389 0.237878 -41.195 -48.541 1.5635
-40.9056 -48.4549 1.57009 0.713268 -41.195 -48.541 1.5635
-41.2811 -48.3218 1.56148 0.32886 -41.195 -48.541 1.5635
-40.9866 -48.4605 1.56781 1.14567 -41.195 -48.541 1.5635
-41.0319 -48.3463 1.5629 0.484522 -41.195 -48.541 1.5635
-41.2727 -48.5856 1.5709 0.521737 -41.195 -48.541 1.5635
-40.9961 -48.6136 1.56949 1.04806 -41.195 -48.541 1.5635
-41.0355 -48.3166 1.5608 0.24863 -41.195 -48.541 1.5635
-41.1892 -48.4697 1.56422 0.923404 -41.195 -48.541 1.5635
-40.8497 -48.5562 1.56917 0.341075 -41.195 -48.541 1.5635
-40.9612 -48.2455 1.56827 0.201268 -41.195 -48.541 1.5635
-41.0431 -48.3961 1.56222 0.474739 -41.195 -48.541 1.5635
-41.2738 -48.6739 1.57398 0.231425 -41.195 -48.541 1.5635
-41.0496 -48.3807 1.56547 0.976509 -41.195 -48.541 1.5635
-40.9866 -48.4605 1.56781 1.14567 -41.195 -48.541 1.5635
-41.0431 -48.3961 1.56222 0.474739 -41.195 -48.541 1.5635
-41.2055 -48.3403 1.56777 0.708779 -41.195 -48.541 1.5635
-40.9961 -48.6136 1.56949 1.04806 -41.195 -48.541 1.5635
-40.9576 -48.645 1.56566 0.219621 -41.195 -48.541 1.5635
-41.0319 -48.3463 1.5629 0.484522 -41.195 -48.541 1.5635
-41.2751 -48.6472 1.56567 0.236018 -41.195 -48.541 1.5635
-40.9961 -48.6136 1.56949 1.04806 -41.195 -48.541 1.5635
-40.9408 -48.7664 1.57129 0.245577 -41.195 -48.541 1.5635
-40.9576 -48.645 1.56566 0.219621 -41.195 -48.541 1.5635
-40.8525 -48.7102 1.57393 0.306317 -41.195 -48.541 1.5635
-40.8525 -48.7102 1.57393 0.306317 -41.195 -48.541 1.5635
-41.2079 -48.2789 1.56475 0.484622 -41.195 -48.541 1.5635
-40.9802 -48.7471 1.58375 0.0828772 -41.195 -48.541 1.5635
-40.8918 -48.3578 1.56857 0.340524 -41.195 -48.541 1.5635
-41.0664 -48.74 1.57578 0.571109 -41.195 -48.541 1.5635
-41.2811 -48.3218 1.56148 0.32886 -41.195 -48.541 1.5635
-41.2811 -48.3218 1.56148 0.32886 -41.195 -48.541 1.5635
-41.1956 -48.7748 1.56905 0.157862 -41.195 -48.541 1.5635
-41.3067 -48.2596 1.55513 0.039785 -41.195 -48.541 1.5635
-41.0431 -48.3961 1.56222 0.474739 -41.195 -48.541 1.5635
-41.0496 -48.3807 1.56547 0.976509 -41.195 -48.541 1.5635
-41.0496 -48.3807 1.56547 0.976509 -41.195 -48.541 1.5635
-41.3104 -48.4055 1.57534 0.0483148 -41.195 -48.541 1.5635
-41.0664 -48.74 1.57578 0.571109 -41.195 -48.541 1.5635
-40.9513 -48.5607 1.56291 0.14511 -41.195 -48.541 1.5635
-40.9035 -48.2076 1.56694 0.0714054 -41.195 -48.541 1.5635
-41.2079 -48.2789 1.56475 0.484622 -41.195 -48.541 1.5635
-41.2055 -48.3403 1.56777 0.708779 -41.195 -48.541 1.5635
-41.1892 -48.4697 1.56422 0.923404 -41.195 -48.541 1.5635
-40.9961 -48.6136 1.56949 1.04806 -41.195 -48.541 1.5635
-41.2055 -48.3403 1.56777 0.708779 -41.195 -48.541 1.5635
-41.2079 -48.2789 1.56475 0.484622 -41.195 -48.541 1.5635
-40.7556 -48.5577 1.57204 0.129719 -41.195 -48.541 1.5635
-40.9035 -48.2076 1.56694 0.0714054 -41.195 -48.541 1.5635
-40.8525 -48.7102 1.57393 0.306317 -41.195 -48.541 1.5635
-41.1892 -48.4697 1.56422 0.923404 -41.195 -48.541 1.5635
