130.523 20.4874 0.0535951 0.0165658 130.57 20.544 0.058371
130.635 20.6367 0.0598003 0.11486 130.57 20.544 0.058371
130.46 20.6225 0.0666673 0.00602722 130.57 20.544 0.058371
130.55 20.5557 0.0539514 0.0311141 130.57 20.544 0.058371
130.675 20.5974 0.061515 0.0941243 130.57 20.544 0.058371
130.517 20.6623 0.0649092 0.0163533 130.57 20.544 0.058371
130.562 20.4257 0.0557108 0.0433745 130.57 20.544 0.058371
130.684 20.5054 0.0635822 0.0540501 130.57 20.544 0.058371
130.562 20.4257 0.0557108 0.0433745 130.57 20.544 0.058371
130.635 20.6367 0.0598003 0.11486 130.57 20.544 0.058371
130.758 20.3445 0.0615396 0.0148265 130.57 20.544 0.058371
130.802 20.4299 0.0561674 0.0179295 130.57 20.544 0.058371
130.722 20.7328 0.0552771 0.015194 130.57 20.544 0.058371
130.635 20.6367 0.0598003 0.11486 130.57 20.544 0.058371
130.684 20.5054 0.0635822 0.0540501 130.57 20.544 0.058371
130.457 20.3232 0.060495 0.0165259 130.57 20.544 0.058371
130.467 20.5237 0.0576586 0.0679428 130.57 20.544 0.058371
130.688 20.4404 0.0623762 0.0655832 130.57 20.544 0.058371
130.677 20.4315 0.0567036 0.0673068 130.57 20.544 0.058371
130.55 20.5557 0.0539514 0.0311141 130.57 20.544 0.058371
130.695 20.5092 0.0648709 0.0255574 130.57 20.544 0.058371
130.562 20.4257 0.0557108 0.0433745 130.57 20.544 0.058371
130.675 20.5974 0.061515 0.0941243 130.57 20.544 0.058371
130.591 20.4615 0.056343 0.0828473 130.57 20.544 0.058371
130.706 20.7118 0.0560392 0.0277912 130.57 20.544 0.058371
130.467 20.5237 0.0576586 0.0679428 130.57 20.544 0.058371
130.684 20.5054 0.0635822 0.0540501 130.57 20.544 0.058371
130.591 20.4615 0.056343 0.0828473 130.57 20.544 0.058371
130.74 20.5591 0.05888 0.0888039 130.57 20.544 0.058371
130.695 20.5092 0.0648709 0.0255574 130.57 20.544 0.058371
130.358 20.4712 0.0613206 0.0171719 130.57 20.544 0.058371
130.635 20.6367 0.0598003 0.11486 130.57 20.544 0.058371
130.591 20.4615 0.056343 0.0828473 130.57 20.544 0.058371
130.467 20.5237 0.0576586 0.0679428 130.57 20.544 0.058371
130.675 20.5974 0.061515 0.0941243 130.57 20.544 0.058371
130.802 20.4299 0.0561674 0.0179295 130.57 20.544 0.058371
130.684 20.5054 0.0635822 0.0540501 130.57 20.544 0.058371
130.695 20.3409 0.0577332 0.0260356 130.57 20.544 0.058371
130.713 20.6428 0.0582239 0.073828 130.57 20.544 0.058371
130.675 20.5974 0.061515 0.0941243 130.57 20.544 0.058371
130.677 20.4315 0.0567036 0.0673068 130.57 20.544 0.058371
130.467 20.5237 0.0576586 0.0679428 130.57 20.544 0.058371
130.713 20.6428 0.0582239 0.073828 130.57 20.544 0.058371
130.684 20.5054 0.0635822 0.0540501 130.57 20.544 0.058371
130.677 20.4315 0.0567036 0.0673068 130.57 20.544 0.058371
130.802 20.4299 0.0561674 0.0179295 130.57 20.544 0.058371
130.467 20.5237 0.0576586 0.0679428 130.57 20.544 0.058371
130.736 20.8025 0.0560567 0.00503733 130.57 20.544 0.058371
130.635 20.6367 0.0598003 0.11486 130.57 20.544 0.058371
130.758 20.3445 0.0615396 0.0148265 130.57 20.544 0.058371
130.675 20.5974 0.061515 0.0941243 130.57 20.544 0.058371
130.591 20.4615 0.056343 0.0828473 130.57 20.544 0.058371
130.677 20.4315 0.0567036 0.0673068 130.57 20.544 0.058371
130.675 20.5974 0.061515 0.0941243 130.57 20.544 0.058371
130.562 20.4257 0.0557108 0.0433745 130.57 20.544 0.058371
130.456 20.4428 0.060452 0.0624347 130.57 20.544 0.058371
130.688 20.4404 0.0623762 0.0655832 130.57 20.544 0.058371
130.583 20.4851 0.0636579 0.0791799 130.57 20.544 0.058371
130.74 20.5591 0.05888 0.0888039 130.57 20.544 0.058371
130.591 20.4615 0.056343 0.0828473 130.57 20.544 0.058371
130.418 20.6143 0.0617299 0.0343101 130.57 20.544 0.058371
130.467 20.5237 0.0576586 0.0679428 130.57 20.544 0.058371
130.523 20.4874 0.0535951 0.0165658 130.57 20.544 0.058371
130.467 20.5237 0.0576586 0.0679428 130.57 20.544 0.058371
130.74 20.5591 0.05888 0.0888039 130.57 20.544 0.058371
130.819 20.4758 0.063065 0.0105594 130.57 20.544 0.058371
130.456 20.4428 0.060452 0.0624347 130.57 20.544 0.058371
130.467 20.5237 0.0576586 0.0679428 130.57 20.544 0.058371
130.507 20.7245 0.0553638 0.0142532 130.57 20.544 0.058371
130.358 20.4712 0.0613206 0.0171719 130.57 20.544 0.058371
130.74 20.5591 0.05888 0.0888039 130.57 20.544 0.058371
130.583 20.4851 0.0636579 0.0791799 130.57 20.544 0.058371
130.456 20.4428 0.060452 0.0624347 130.57 20.544 0.058371
130.635 20.6367 0.0598003 0.11486 130.57 20.544 0.058371
130.706 20.7118 0.0560392 0.0277912 130.57 20.544 0.058371
130.457 20.3232 0.060495 0.0165259 130.57 20.544 0.058371
130.551 20.6777 0.0533451 0.0125979 130.57 20.544 0.058371
130.675 20.5974 0.061515 0.0941243 130.57 20.544 0.058371
130.511 20.2794 0.0582442 0.0087505 130.57 20.544 0.058371
130.583 20.4851 0.0636579 0.0791799 130.57 20.544 0.058371
130.675 20.5974 0.061515 0.0941243 130.57 20.544 0.058371
130.688 20.4404 0.0623762 0.0655832 130.57 20.544 0.058371
130.635 20.6367 0.0598003 0.11486 130.57 20.544 0.058371
130.675 20.5974 0.061515 0.0941243 130.57 20.544 0.058371
130.583 20.4851 0.0636579 0.0791799 130.57 20.544 0.058371
130.684 20.5054 0.0635822 0.0540501 130.57 20.544 0.058371
130.582 20.3465 0.0655169 0.0122337 130.57 20.544 0.058371
130.467 20.5237 0.0576586 0.0679428 130.57 20.544 0.058371
130.688 20.4404 0.0623762 0.0655832 130.57 20.544 0.058371
130.635 20.6367 0.0598003 0.11486 130.57 20.544 0.058371
130.699 20.7736 0.0534101 0.0044342 130.57 20.544 0.058371
130.509 20.3554 0.0639854 0.0231308 130.57 20.544 0.058371
130.467 20.5237 0.0576586 0.0679428 130.57 20.544 0.058371
130.478 20.6974 0.0574783 0.0286849 130.57 20.544 0.058371
130.635 20.6367 0.0598003 0.11486 130.57 20.544 0.058371
130.488 20.6346 0.0552024 0.0267693 130.57 20.544 0.058371
130.467 20.5237 0.0576586 0.0679428 130.57 20.544 0.058371
130.583 20.4851 0.0636579 0.0791799 130.57 20.544 0.058371
130.55 20.5557 0.0539514 0.0311141 130.57 20.544 0.058371
130.46 20.6225 0.0666673 0.00602722 130.57 20.544 0.058371
130.713 20.6428 0.0582239 0.073828 130.57 20.544 0.058371
130.695 20.3409 0.0577332 0.0260356 130.57 20.544 0.058371
130.456 20.4428 0.060452 0.0624347 130.57 20.544 0.058371
130.677 20.4315 0.0567036 0.0673068 130.57 20.544 0.058371
130.688 20.4404 0.0623762 0.0655832 130.57 20.544 0.058371
130.562 20.4257 0.0557108 0.0433745 130.57 20.544 0.058371
130.456 20.4428 0.060452 0.0624347 130.57 20.544 0.058371
130.706 20.7118 0.0560392 0.0277912 130.57 20.544 0.058371
130.591 20.4615 0.056343 0.0828473 130.57 20.544 0.058371
130.706 20.7118 0.0560392 0.0277912 130.57 20.544 0.058371
130.713 20.6428 0.0582239 0.073828 130.57 20.544 0.058371
130.74 20.5591 0.05888 0.0888039 130.57 20.544 0.058371
130.562 20.4257 0.0557108 0.0433745 130.57 20.544 0.058371
130.591 20.4615 0.056343 0.0828473 130.57 20.544 0.058371
130.467 20.5237 0.0576586 0.0679428 130.57 20.544 0.058371
130.582 20.3465 0.0655169 0.0122337 130.57 20.544 0.058371
130.562 20.4257 0.0557108 0.0433745 130.57 20.544 0.058371
130.551 20.6777 0.0533451 0.0125979 130.57 20.544 0.058371
130.684 20.5054 0.0635822 0.0540501 130.57 20.544 0.058371
130.478 20.6974 0.0574783 0.0286849 130.57 20.544 0.058371
130.583 20.4851 0.0636579 0.0791799 130.57 20.544 0.058371
130.713 20.6428 0.0582239 0.073828 130.57 20.544 0.058371
130.478 20.6974 0.0574783 0.0286849 130.57 20.544 0.058371
130.74 20.5591 0.05888 0.0888039 130.57 20.544 0.058371
130.55 20.5557 0.0539514 0.0311141 130.57 20.544 0.058371
130.55 20.5557 0.0539514 0.0311141 130.57 20.544 0.058371
130.562 20.4257 0.0557108 0.0433745 130.57 20.544 0.058371
130.55 20.5557 0.0539514 0.0311141 130.57 20.544 0.058371
130.635 20.6367 0.0598003 0.11486 130.57 20.544 0.058371
130.688 20.4404 0.0623762 0.0655832 130.57 20.544 0.058371
130.591 20.5754 0.0652335 0.0315053 130.57 20.544 0.058371
130.358 20.4712 0.0613206 0.0171719 130.57 20.544 0.058371
130.74 20.5591 0.05888 0.0888039 130.57 20.544 0.058371
130.675 20.5974 0.061515 0.0941243 130.57 20.544 0.058371
130.507 20.7245 0.0553638 0.0142532 130.57 20.544 0.058371
130.358 20.4712 0.0613206 0.0171719 130.57 20.544 0.058371
130.635 20.6367 0.0598003 0.11486 130.57 20.544 0.058371
130.758 20.3445 0.0615396 0.0148265 130.57 20.544 0.058371
130.684 20.5054 0.0635822 0.0540501 130.57 20.544 0.058371
130.467 20.5237 0.0576586 0.0679428 130.57 20.544 0.058371
130.467 20.5237 0.0576586 0.0679428 130.57 20.544 0.058371
130.583 20.4851 0.0636579 0.0791799 130.57 20.544 0.058371
130.456 20.4428 0.060452 0.0624347 130.57 20.544 0.058371
130.507 20.7245 0.0553638 0.0142532 130.57 20.544 0.058371
130.456 20.4428 0.060452 0.0624347 130.57 20.544 0.058371
130.55 20.5557 0.0539514 0.0311141 130.57 20.544 0.058371
130.583 20.4851 0.0636579 0.0791799 130.57 20.544 0.058371
130.713 20.6428 0.0582239 0.073828 130.57 20.544 0.058371
130.635 20.6367 0.0598003 0.11486 130.57 20.544 0.058371
130.488 20.6346 0.0552024 0.0267693 130.57 20.544 0.058371
130.591 20.4615 0.056343 0.0828473 130.57 20.544 0.058371
130.675 20.5974 0.061515 0.0941243 130.57 20.544 0.058371
130.591 20.4615 0.056343 0.0828473 130.57 20.544 0.058371
130.591 20.4615 0.056343 0.0828473 130.57 20.544 0.058371
130.677 20.4315 0.0567036 0.0673068 130.57 20.544 0.058371
130.74 20.5591 0.05888 0.0888039 130.57 20.544 0.058371
130.511 20.2794 0.0582442 0.0087505 130.57 20.544 0.058371
130.582 20.3465 0.0655169 0.0122337 130.57 20.544 0.058371
130.74 20.5591 0.05888 0.0888039 130.57 20.544 0.058371
130.695 20.5092 0.0648709 0.0255574 130.57 20.544 0.058371
130.591 20.4615 0.056343 0.0828473 130.57 20.544 0.058371
130.517 20.6623 0.0649092 0.0163533 130.57 20.544 0.058371
130.488 20.6346 0.0552024 0.0267693 130.57 20.544 0.058371
130.507 20.7245 0.0553638 0.0142532 130.57 20.544 0.058371
130.819 20.4758 0.063065 0.0105594 130.57 20.544 0.058371
130.74 20.5591 0.05888 0.0888039 130.57 20.544 0.058371
130.457 20.3232 0.060495 0.0165259 130.57 20.544 0.058371
130.511 20.2794 0.0582442 0.0087505 130.57 20.544 0.058371
130.722 20.7328 0.0552771 0.015194 130.57 20.544 0.058371
130.511 20.2794 0.0582442 0.0087505 130.57 20.544 0.058371
130.758 20.3445 0.0615396 0.0148265 130.57 20.544 0.058371
130.74 20.5591 0.05888 0.0888039 130.57 20.544 0.058371
130.706 20.7118 0.0560392 0.0277912 130.57 20.544 0.058371
130.688 20.4404 0.0623762 0.0655832 130.57 20.544 0.058371
130.467 20.5237 0.0576586 0.0679428 130.57 20.544 0.058371
130.467 20.5237 0.0576586 0.0679428 130.57 20.544 0.058371
130.591 20.5754 0.0652335 0.0315053 130.57 20.544 0.058371
130.635 20.6367 0.0598003 0.11486 130.57 20.544 0.058371
130.456 20.4428 0.060452 0.0624347 130.57 20.544 0.058371
130.509 20.3554 0.0639854 0.0231308 130.57 20.544 0.058371
130.635 20.6367 0.0598003 0.11486 130.57 20.544 0.058371
130.562 20.4257 0.0557108 0.0433745 130.57 20.544 0.058371
130.635 20.6367 0.0598003 0.11486 130.57 20.544 0.058371
130.713 20.6428 0.0582239 0.073828 130.57 20.544 0.058371
130.456 20.4428 0.060452 0.0624347 130.57 20.544 0.058371
130.583 20.4851 0.0636579 0.0791799 130.57 20.544 0.058371
130.677 20.4315 0.0567036 0.0673068 130.57 20.544 0.058371
130.507 20.7245 0.0553638 0.0142532 130.57 20.544 0.058371
130.591 20.4615 0.056343 0.0828473 130.57 20.544 0.058371
130.684 20.5054 0.0635822 0.0540501 130.57 20.544 0.058371
130.675 20.5974 0.061515 0.0941243 130.57 20.544 0.058371
130.591 20.5754 0.0652335 0.0315053 130.57 20.544 0.058371
130.677 20.4315 0.0567036 0.0673068 130.57 20.544 0.058371
130.467 20.5237 0.0576586 0.0679428 130.57 20.544 0.058371
130.517 20.6623 0.0649092 0.0163533 130.57 20.544 0.058371
130.456 20.4428 0.060452 0.0624347 130.57 20.544 0.058371
130.457 20.3232 0.060495 0.0165259 130.57 20.544 0.058371
130.467 20.5237 0.0576586 0.0679428 130.57 20.544 0.058371
130.635 20.6367 0.0598003 0.11486 130.57 20.544 0.058371
130.523 20.4874 0.0535951 0.0165658 130.57 20.544 0.058371
