263.858 27.4117 5.89085 7.30859 263.82 27.387 5.885
263.845 27.0102 5.88853 0.289687 263.82 27.387 5.885
263.733 27.3096 5.88522 4.43098 263.82 27.387 5.885
263.986 27.1918 5.88888 4.10802 263.82 27.387 5.885
263.792 27.331 5.89479 4.97965 263.82 27.387 5.885
263.632 27.1037 5.88975 0.289388 263.82 27.387 5.885
263.723 27.3824 5.89633 1.80472 263.82 27.387 5.885
263.923 27.251 5.88954 10.292 263.82 27.387 5.885
263.792 27.331 5.89479 4.97965 263.82 27.387 5.885
264.035 27.2436 5.88365 4.63077 263.82 27.387 5.885
263.832 27.2122 5.89042 9.29144 263.82 27.387 5.885
263.923 27.251 5.88954 10.292 263.82 27.387 5.885
263.82 27.2978 5.88801 14.3801 263.82 27.387 5.885
263.925 27.4334 5.89234 2.71874 263.82 27.387 5.885
263.809 27.1548 5.89153 4.44547 263.82 27.387 5.885
263.925 27.4334 5.89234 2.71874 263.82 27.387 5.885
263.727 27.4322 5.88462 2.05407 263.82 27.387 5.885
263.966 27.2264 5.89431 1.60287 263.82 27.387 5.885
264.097 27.3508 5.89016 0.766953 263.82 27.387 5.885
263.869 27.1432 5.87716 0.178844 263.82 27.387 5.885
263.82 27.2978 5.88801 14.3801 263.82 27.387 5.885
263.733 27.3611 5.90085 0.290718 263.82 27.387 5.885
263.792 27.331 5.89479 4.97965 263.82 27.387 5.885
263.727 27.4322 5.88462 2.05407 263.82 27.387 5.885
263.923 27.251 5.88954 10.292 263.82 27.387 5.885
263.822 27.2981 5.87977 2.17982 263.82 27.387 5.885
264.041 27.4529 5.88702 2.10371 263.82 27.387 5.885
263.809 27.1548 5.89153 4.44547 263.82 27.387 5.885
263.832 27.2122 5.89042 9.29144 263.82 27.387 5.885
263.832 27.2122 5.89042 9.29144 263.82 27.387 5.885
263.923 27.251 5.88954 10.292 263.82 27.387 5.885
263.923 27.251 5.88954 10.292 263.82 27.387 5.885
263.923 27.251 5.88954 10.292 263.82 27.387 5.885
264.035 27.2436 5.88365 4.63077 263.82 27.387 5.885
263.914 27.5056 5.89527 0.290034 263.82 27.387 5.885
263.733 27.3096 5.88522 4.43098 263.82 27.387 5.885
263.858 27.4117 5.89085 7.30859 263.82 27.387 5.885
263.832 27.2122 5.89042 9.29144 263.82 27.387 5.885
263.986 27.1918 5.88888 4.10802 263.82 27.387 5.885
263.858 27.4117 5.89085 7.30859 263.82 27.387 5.885
263.809 27.1548 5.89153 4.44547 263.82 27.387 5.885
263.82 27.2978 5.88801 14.3801 263.82 27.387 5.885
263.914 27.5056 5.89527 0.290034 263.82 27.387 5.885
263.978 27.326 5.88016 5.38227 263.82 27.387 5.885
263.978 27.326 5.88016 5.38227 263.82 27.387 5.885
263.925 27.4334 5.89234 2.71874 263.82 27.387 5.885
263.966 27.2264 5.89431 1.60287 263.82 27.387 5.885
263.733 27.3096 5.88522 4.43098 263.82 27.387 5.885
264.189 27.3488 5.88416 0.367727 263.82 27.387 5.885
263.941 27.4745 5.87763 1.07728 263.82 27.387 5.885
263.809 27.1548 5.89153 4.44547 263.82 27.387 5.885
263.822 27.2981 5.87977 2.17982 263.82 27.387 5.885
263.82 27.2978 5.88801 14.3801 263.82 27.387 5.885
263.82 27.2978 5.88801 14.3801 263.82 27.387 5.885
264.035 27.2436 5.88365 4.63077 263.82 27.387 5.885
264.035 27.2436 5.88365 4.63077 263.82 27.387 5.885
263.636 27.3614 5.88794 1.30956 263.82 27.387 5.885
263.832 27.2122 5.89042 9.29144 263.82 27.387 5.885
263.792 27.331 5.89479 4.97965 263.82 27.387 5.885
263.986 27.1918 5.88888 4.10802 263.82 27.387 5.885
264.146 27.1216 5.88164 0.151116 263.82 27.387 5.885
263.792 27.331 5.89479 4.97965 263.82 27.387 5.885
263.82 27.2978 5.88801 14.3801 263.82 27.387 5.885
263.636 27.3614 5.88794 1.30956 263.82 27.387 5.885
263.636 27.3614 5.88794 1.30956 263.82 27.387 5.885
263.875 27.4432 5.8811 3.58606 263.82 27.387 5.885
263.82 27.2978 5.88801 14.3801 263.82 27.387 5.885
263.827 27.1572 5.88237 1.65802 263.82 27.387 5.885
263.676 27.0874 5.89496 0.453963 263.82 27.387 5.885
263.858 27.4117 5.89085 7.30859 263.82 27.387 5.885
264.035 27.2436 5.88365 4.63077 263.82 27.387 5.885
263.923 27.251 5.88954 10.292 263.82 27.387 5.885
263.822 27.2981 5.87977 2.17982 263.82 27.387 5.885
263.832 27.2122 5.89042 9.29144 263.82 27.387 5.885
263.858 27.4117 5.89085 7.30859 263.82 27.387 5.885
263.858 27.4117 5.89085 7.30859 263.82 27.387 5.885
263.733 27.3096 5.88522 4.43098 263.82 27.387 5.885
263.978 27.326 5.88016 5.38227 263.82 27.387 5.885
263.82 27.2978 5.88801 14.3801 263.82 27.387 5.885
264.073 27.1003 5.88529 0.420803 263.82 27.387 5.885
263.96 27.5136 5.87519 0.241543 263.82 27.387 5.885
263.832 27.2122 5.89042 9.29144 263.82 27.387 5.885
263.809 27.1548 5.89153 4.44547 263.82 27.387 5.885
263.96 27.5136 5.87519 0.241543 263.82 27.387 5.885
263.923 27.251 5.88954 10.292 263.82 27.387 5.885
263.9 27.473 5.89559 0.513205 263.82 27.387 5.885
263.978 27.326 5.88016 5.38227 263.82 27.387 5.885
264.096 26.9786 5.88867 0.0104828 263.82 27.387 5.885
264.077 27.3448 5.87416 0.38638 263.82 27.387 5.885
263.925 27.4334 5.89234 2.71874 263.82 27.387 5.885
263.792 27.331 5.89479 4.97965 263.82 27.387 5.885
263.986 27.1918 5.88888 4.10802 263.82 27.387 5.885
263.723 27.3824 5.89633 1.80472 263.82 27.387 5.885
263.809 27.1548 5.89153 4.44547 263.82 27.387 5.885
264.161 27.2254 5.88144 0.488809 263.82 27.387 5.885
263.923 27.251 5.88954 10.292 263.82 27.387 5.885
263.923 27.251 5.88954 10.292 263.82 27.387 5.885
263.82 27.2978 5.88801 14.3801 263.82 27.387 5.885
263.792 27.331 5.89479 4.97965 263.82 27.387 5.885
264.035 27.2436 5.88365 4.63077 263.82 27.387 5.885
263.636 27.3614 5.88794 1.30956 263.82 27.387 5.885
263.792 27.331 5.89479 4.97965 263.82 27.387 5.885
263.832 27.2122 5.89042 9.29144 263.82 27.387 5.885
263.978 27.326 5.88016 5.38227 263.82 27.387 5.885
263.986 27.1918 5.88888 4.10802 263.82 27.387 5.885
263.82 27.2978 5.88801 14.3801 263.82 27.387 5.885
263.941 27.4745 5.87763 1.07728 263.82 27.387 5.885
263.858 27.4117 5.89085 7.30859 263.82 27.387 5.885
263.816 27.2712 5.90483 0.0190078 263.82 27.387 5.885
263.82 27.2978 5.88801 14.3801 263.82 27.387 5.885
263.944 27.3196 5.89632 0.978193 263.82 27.387 5.885
263.82 27.2978 5.88801 14.3801 263.82 27.387 5.885
264.035 27.2436 5.88365 4.63077 263.82 27.387 5.885
263.82 27.2978 5.88801 14.3801 263.82 27.387 5.885
263.82 27.2978 5.88801 14.3801 263.82 27.387 5.885
263.733 27.3096 5.88522 4.43098 263.82 27.387 5.885
263.923 27.251 5.88954 10.292 263.82 27.387 5.885
263.792 27.331 5.89479 4.97965 263.82 27.387 5.885
263.953 27.0677 5.88093 0.287821 263.82 27.387 5.885
263.792 27.331 5.89479 4.97965 263.82 27.387 5.885
263.727 27.4322 5.88462 2.05407 263.82 27.387 5.885
263.82 27.2978 5.88801 14.3801 263.82 27.387 5.885
263.82 27.2978 5.88801 14.3801 263.82 27.387 5.885
263.938 27.1495 5.87493 0.0908374 263.82 27.387 5.885
263.832 27.2122 5.89042 9.29144 263.82 27.387 5.885
263.809 27.1548 5.89153 4.44547 263.82 27.387 5.885
263.733 27.3096 5.88522 4.43098 263.82 27.387 5.885
263.671 27.4596 5.89443 0.770517 263.82 27.387 5.885
263.965 27.145 5.88308 2.2751 263.82 27.387 5.885
263.832 27.2122 5.89042 9.29144 263.82 27.387 5.885
263.82 27.2978 5.88801 14.3801 263.82 27.387 5.885
263.858 27.4117 5.89085 7.30859 263.82 27.387 5.885
264.035 27.2436 5.88365 4.63077 263.82 27.387 5.885
263.82 27.2978 5.88801 14.3801 263.82 27.387 5.885
263.965 27.145 5.88308 2.2751 263.82 27.387 5.885
263.923 27.251 5.88954 10.292 263.82 27.387 5.885
263.723 27.3824 5.89633 1.80472 263.82 27.387 5.885
263.923 27.251 5.88954 10.292 263.82 27.387 5.885
263.832 27.2122 5.89042 9.29144 263.82 27.387 5.885
263.82 27.2978 5.88801 14.3801 263.82 27.387 5.885
264.041 27.4529 5.88702 2.10371 263.82 27.387 5.885
263.978 27.326 5.88016 5.38227 263.82 27.387 5.885
263.82 27.2978 5.88801 14.3801 263.82 27.387 5.885
263.82 27.2978 5.88801 14.3801 263.82 27.387 5.885
263.986 27.1918 5.88888 4.10802 263.82 27.387 5.885
263.773 27.5112 5.89674 0.2684 263.82 27.387 5.885
263.965 27.145 5.88308 2.2751 263.82 27.387 5.885
263.822 27.2981 5.87977 2.17982 263.82 27.387 5.885
264.097 27.3508 5.89016 0.766953 263.82 27.387 5.885
263.875 27.4432 5.8811 3.58606 263.82 27.387 5.885
263.82 27.2978 5.88801 14.3801 263.82 27.387 5.885
263.875 27.4432 5.8811 3.58606 263.82 27.387 5.885
263.858 27.4117 5.89085 7.30859 263.82 27.387 5.885
263.953 27.0677 5.88093 0.287821 263.82 27.387 5.885
263.858 27.4117 5.89085 7.30859 263.82 27.387 5.885
264.041 27.4529 5.88702 2.10371 263.82 27.387 5.885
263.939 27.2153 5.89864 0.260084 263.82 27.387 5.885
263.82 27.2978 5.88801 14.3801 263.82 27.387 5.885
263.809 27.1548 5.89153 4.44547 263.82 27.387 5.885
263.82 27.2978 5.88801 14.3801 263.82 27.387 5.885
263.82 27.2978 5.88801 14.3801 263.82 27.387 5.885
263.925 27.4334 5.89234 2.71874 263.82 27.387 5.885
263.82 27.2978 5.88801 14.3801 263.82 27.387 5.885
263.671 27.4596 5.89443 0.770517 263.82 27.387 5.885
263.822 27.2981 5.87977 2.17982 263.82 27.387 5.885
263.809 27.1548 5.89153 4.44547 263.82 27.387 5.885
263.82 27.2978 5.88801 14.3801 263.82 27.387 5.885
263.82 27.2978 5.88801 14.3801 263.82 27.387 5.885
263.858 27.4117 5.89085 7.30859 263.82 27.387 5.885
264.035 27.2436 5.88365 4.63077 263.82 27.387 5.885
263.914 27.5056 5.89527 0.290034 263.82 27.387 5.885
263.82 27.2978 5.88801 14.3801 263.82 27.387 5.885
263.636 27.3614 5.88794 1.30956 263.82 27.387 5.885
263.827 27.1572 5.88237 1.65802 263.82 27.387 5.885
263.923 27.251 5.88954 10.292 263.82 27.387 5.885
263.832 27.2122 5.89042 9.29144 263.82 27.387 5.885
263.792 27.331 5.89479 4.97965 263.82 27.387 5.885
263.809 27.1548 5.89153 4.44547 263.82 27.387 5.885
263.875 27.4432 5.8811 3.58606 263.82 27.387 5.885
263.986 27.1918 5.88888 4.10802 263.82 27.387 5.885
263.923 27.251 5.88954 10.292 263.82 27.387 5.885
263.923 27.251 5.88954 10.292 263.82 27.387 5.885
263.875 27.4432 5.8811 3.58606 263.82 27.387 5.885
263.82 27.2978 5.88801 14.3801 263.82 27.387 5.885
263.832 27.2122 5.89042 9.29144 263.82 27.387 5.885
263.978 27.326 5.88016 5.38227 263.82 27.387 5.885
263.82 27.2978 5.88801 14.3801 263.82 27.387 5.885
263.82 27.2978 5.88801 14.3801 263.82 27.387 5.885
263.923 27.251 5.88954 10.292 263.82 27.387 5.885
263.832 27.2122 5.89042 9.29144 263.82 27.387 5.885
263.832 27.2122 5.89042 9.29144 263.82 27.387 5.885
263.82 27.2978 5.88801 14.3801 263.82 27.387 5.885
263.858 27.4117 5.89085 7.30859 263.82 27.387 5.885
263.733 27.3096 5.88522 4.43098 263.82 27.387 5.885
263.82 27.2978 5.88801 14.3801 263.82 27.387 5.885
263.676 27.0874 5.89496 0.453963 263.82 27.387 5.885
263.986 27.1918 5.88888 4.10802 263.82 27.387 5.885
263.875 27.4432 5.8811 3.58606 263.82 27.387 5.885
263.923 27.251 5.88954 10.292 263.82 27.387 5.885
263.858 27.4117 5.89085 7.30859 263.82 27.387 5.885
