76.9003 15.846 0.0925529 0.992735 77.024 16.178 0.098066
76.9907 16.3388 0.0937102 0.160081 77.024 16.178 0.098066
76.7416 16.1157 0.101252 1.13819 77.024 16.178 0.098066
76.9985 15.9894 0.0951152 2.5668 77.024 16.178 0.098066
76.967 15.9566 0.0938778 2.41214 77.024 16.178 0.098066
76.9255 16.1857 0.0922917 1.25068 77.024 16.178 0.098066
77.0123 16.0102 0.0975594 2.41862 77.024 16.178 0.098066
77.0445 15.977 0.100436 1.16838 77.024 16.178 0.098066
77.0726 16.2073 0.10087 0.216141 77.024 16.178 0.098066
76.9907 16.3388 0.0937102 0.160081 77.024 16.178 0.098066
77.1174 16.107 0.0957253 0.639753 77.024 16.178 0.098066
76.904 16.1823 0.101327 0.84462 77.024 16.178 0.098066
76.9711 16.1965 0.0954406 1.33798 77.024 16.178 0.098066
77.0123 16.0102 0.0975594 2.41862 77.024 16.178 0.098066
76.967 15.9566 0.0938778 2.41214 77.024 16.178 0.098066
77.0123 16.0102 0.0975594 2.41862 77.024 16.178 0.098066
77.0123 16.0102 0.0975594 2.41862 77.024 16.178 0.098066
76.9528 16.1386 0.0871064 0.239753 77.024 16.178 0.098066
76.9985 15.9894 0.0951152 2.5668 77.024 16.178 0.098066
76.9255 16.1857 0.0922917 1.25068 77.024 16.178 0.098066
76.967 15.9566 0.0938778 2.41214 77.024 16.178 0.098066
77.0445 15.977 0.100436 1.16838 77.024 16.178 0.098066
76.9985 15.9894 0.0951152 2.5668 77.024 16.178 0.098066
77.0224 16.1746 0.0937027 1.02749 77.024 16.178 0.098066
76.9255 16.1857 0.0922917 1.25068 77.024 16.178 0.098066
76.7416 16.1157 0.101252 1.13819 77.024 16.178 0.098066
76.9985 15.9894 0.0951152 2.5668 77.024 16.178 0.098066
76.9255 16.1857 0.0922917 1.25068 77.024 16.178 0.098066
76.9985 15.9894 0.0951152 2.5668 77.024 16.178 0.098066
77.1534 16.0329 0.0964916 0.465178 77.024 16.178 0.098066
76.9255 16.1857 0.0922917 1.25068 77.024 16.178 0.098066
77.0224 16.1746 0.0937027 1.02749 77.024 16.178 0.098066
76.7416 16.1157 0.101252 1.13819 77.024 16.178 0.098066
77.0224 16.1746 0.0937027 1.02749 77.024 16.178 0.098066
77.0224 16.1746 0.0937027 1.02749 77.024 16.178 0.098066
76.9255 16.1857 0.0922917 1.25068 77.024 16.178 0.098066
76.9985 15.9894 0.0951152 2.5668 77.024 16.178 0.098066
76.967 15.9566 0.0938778 2.41214 77.024 16.178 0.098066
77.2254 16.1911 0.0933136 0.05288 77.024 16.178 0.098066
76.967 15.9566 0.0938778 2.41214 77.024 16.178 0.098066
77.1005 16.2092 0.092779 0.300987 77.024 16.178 0.098066
76.967 15.9566 0.0938778 2.41214 77.024 16.178 0.098066
76.9255 16.1857 0.0922917 1.25068 77.024 16.178 0.098066
76.9003 15.846 0.0925529 0.992735 77.024 16.178 0.098066
77.0123 16.0102 0.0975594 2.41862 77.024 16.178 0.098066
77.0123 16.0102 0.0975594 2.41862 77.024 16.178 0.098066
76.967 15.9566 0.0938778 2.41214 77.024 16.178 0.098066
76.904 16.1823 0.101327 0.84462 77.024 16.178 0.098066
76.967 15.9566 0.0938778 2.41214 77.024 16.178 0.098066
76.92 16.3903 0.0936058 0.0824906 77.024 16.178 0.098066
76.9255 16.1857 0.0922917 1.25068 77.024 16.178 0.098066
77.2329 16.0226 0.0998838 0.0710848 77.024 16.178 0.098066
77.0445 15.977 0.100436 1.16838 77.024 16.178 0.098066
77.1174 16.107 0.0957253 0.639753 77.024 16.178 0.098066
76.9711 16.1965 0.0954406 1.33798 77.024 16.178 0.098066
76.9985 15.9894 0.0951152 2.5668 77.024 16.178 0.098066
76.9985 15.9894 0.0951152 2.5668 77.024 16.178 0.098066
77.0224 16.1746 0.0937027 1.02749 77.024 16.178 0.098066
76.904 16.1823 0.101327 0.84462 77.024 16.178 0.098066
77.1084 15.9821 0.10168 0.386861 77.024 16.178 0.098066
76.9907 16.3388 0.0937102 0.160081 77.024 16.178 0.098066
77.0123 16.0102 0.0975594 2.41862 77.024 16.178 0.098066
76.6469 16.0258 0.101363 0.70104 77.024 16.178 0.098066
76.904 16.1823 0.101327 0.84462 77.024 16.178 0.098066
77.1174 16.107 0.0957253 0.639753 77.024 16.178 0.098066
77.0305 16.3102 0.0942861 0.197219 77.024 16.178 0.098066
76.967 15.9566 0.0938778 2.41214 77.024 16.178 0.098066
77.0445 15.977 0.100436 1.16838 77.024 16.178 0.098066
76.9985 15.9894 0.0951152 2.5668 77.024 16.178 0.098066
76.6469 16.0258 0.101363 0.70104 77.024 16.178 0.098066
76.8573 16.1562 0.0859968 0.125762 77.024 16.178 0.098066
76.9528 16.1386 0.0871064 0.239753 77.024 16.178 0.098066
76.9711 16.1965 0.0954406 1.33798 77.024 16.178 0.098066
76.967 15.9566 0.0938778 2.41214 77.024 16.178 0.098066
76.904 16.1823 0.101327 0.84462 77.024 16.178 0.098066
76.9985 15.9894 0.0951152 2.5668 77.024 16.178 0.098066
76.9255 16.1857 0.0922917 1.25068 77.024 16.178 0.098066
77.1174 16.107 0.0957253 0.639753 77.024 16.178 0.098066
76.9051 15.7648 0.0956237 0.691563 77.024 16.178 0.098066
76.7503 16.1997 0.0938595 0.974381 77.024 16.178 0.098066
76.967 15.9566 0.0938778 2.41214 77.024 16.178 0.098066
76.904 16.1823 0.101327 0.84462 77.024 16.178 0.098066
77.1174 16.107 0.0957253 0.639753 77.024 16.178 0.098066
76.904 16.1823 0.101327 0.84462 77.024 16.178 0.098066
76.7416 16.1157 0.101252 1.13819 77.024 16.178 0.098066
76.7503 16.1997 0.0938595 0.974381 77.024 16.178 0.098066
76.7503 16.1997 0.0938595 0.974381 77.024 16.178 0.098066
77.0445 15.977 0.100436 1.16838 77.024 16.178 0.098066
76.7503 16.1997 0.0938595 0.974381 77.024 16.178 0.098066
77.0545 16.4891 0.0926449 0.00357463 77.024 16.178 0.098066
77.1005 16.2092 0.092779 0.300987 77.024 16.178 0.098066
76.9255 16.1857 0.0922917 1.25068 77.024 16.178 0.098066
76.9985 15.9894 0.0951152 2.5668 77.024 16.178 0.098066
77.0123 16.0102 0.0975594 2.41862 77.024 16.178 0.098066
77.0123 16.0102 0.0975594 2.41862 77.024 16.178 0.098066
76.967 15.9566 0.0938778 2.41214 77.024 16.178 0.098066
77.0344 16.3002 0.0913525 0.152381 77.024 16.178 0.098066
76.967 15.9566 0.0938778 2.41214 77.024 16.178 0.098066
77.0026 16.391 0.090328 0.032784 77.024 16.178 0.098066
77.0445 15.977 0.100436 1.16838 77.024 16.178 0.098066
76.967 15.9566 0.0938778 2.41214 77.024 16.178 0.098066
77.158 16.1853 0.0991953 0.129709 77.024 16.178 0.098066
76.9003 15.846 0.0925529 0.992735 77.024 16.178 0.098066
76.967 15.9566 0.0938778 2.41214 77.024 16.178 0.098066
76.6469 16.0258 0.101363 0.70104 77.024 16.178 0.098066
76.9255 16.1857 0.0922917 1.25068 77.024 16.178 0.098066
76.9051 15.7648 0.0956237 0.691563 77.024 16.178 0.098066
76.9255 16.1857 0.0922917 1.25068 77.024 16.178 0.098066
77.2329 16.0226 0.0998838 0.0710848 77.024 16.178 0.098066
76.9711 16.1965 0.0954406 1.33798 77.024 16.178 0.098066
77.0445 15.977 0.100436 1.16838 77.024 16.178 0.098066
76.9985 15.9894 0.0951152 2.5668 77.024 16.178 0.098066
76.9711 16.1965 0.0954406 1.33798 77.024 16.178 0.098066
76.7503 16.1997 0.0938595 0.974381 77.024 16.178 0.098066
77.0445 15.977 0.100436 1.16838 77.024 16.178 0.098066
76.9528 16.1386 0.0871064 0.239753 77.024 16.178 0.098066
76.6469 16.0258 0.101363 0.70104 77.024 16.178 0.098066
76.9985 15.9894 0.0951152 2.5668 77.024 16.178 0.098066
76.9711 16.1965 0.0954406 1.33798 77.024 16.178 0.098066
77.1906 15.9872 0.0973412 0.237222 77.024 16.178 0.098066
76.9711 16.1965 0.0954406 1.33798 77.024 16.178 0.098066
76.7416 16.1157 0.101252 1.13819 77.024 16.178 0.098066
77.1084 15.9821 0.10168 0.386861 77.024 16.178 0.098066
76.967 15.9566 0.0938778 2.41214 77.024 16.178 0.098066
76.904 16.1823 0.101327 0.84462 77.024 16.178 0.098066
76.7399 16.275 0.0888626 0.100471 77.024 16.178 0.098066
76.9003 15.846 0.0925529 0.992735 77.024 16.178 0.098066
76.7289 16.333 0.0949469 0.152357 77.024 16.178 0.098066
76.9003 15.846 0.0925529 0.992735 77.024 16.178 0.098066
76.9711 16.1965 0.0954406 1.33798 77.024 16.178 0.098066
77.0726 16.2073 0.10087 0.216141 77.024 16.178 0.098066
76.9051 15.7648 0.0956237 0.691563 77.024 16.178 0.098066
77.0123 16.0102 0.0975594 2.41862 77.024 16.178 0.098066
76.7416 16.1157 0.101252 1.13819 77.024 16.178 0.098066
76.7503 16.1997 0.0938595 0.974381 77.024 16.178 0.098066
77.0726 16.2073 0.10087 0.216141 77.024 16.178 0.098066
76.7289 16.333 0.0949469 0.152357 77.024 16.178 0.098066
77.0224 16.1746 0.0937027 1.02749 77.024 16.178 0.098066
76.7416 16.1157 0.101252 1.13819 77.024 16.178 0.098066
77.1084 15.9821 0.10168 0.386861 77.024 16.178 0.098066
76.9985 15.9894 0.0951152 2.5668 77.024 16.178 0.098066
76.967 15.9566 0.0938778 2.41214 77.024 16.178 0.098066
77.0123 16.0102 0.0975594 2.41862 77.024 16.178 0.098066
77.0445 15.977 0.100436 1.16838 77.024 16.178 0.098066
76.9985 15.9894 0.0951152 2.5668 77.024 16.178 0.098066
76.967 15.9566 0.0938778 2.41214 77.024 16.178 0.098066
76.6731 15.9746 0.0885618 0.149491 77.024 16.178 0.098066
76.967 15.9566 0.0938778 2.41214 77.024 16.178 0.098066
77.0123 16.0102 0.0975594 2.41862 77.024 16.178 0.098066
76.9985 15.9894 0.0951152 2.5668 77.024 16.178 0.098066
76.92 16.3903 0.0936058 0.0824906 77.024 16.178 0.098066
77.0224 16.1746 0.0937027 1.02749 77.024 16.178 0.098066
76.904 16.1823 0.101327 0.84462 77.024 16.178 0.098066
76.9985 15.9894 0.0951152 2.5668 77.024 16.178 0.098066
77.0224 16.1746 0.0937027 1.02749 77.024 16.178 0.098066
77.2028 16.1563 0.0947725 0.118706 77.024 16.178 0.098066
77.0123 16.0102 0.0975594 2.41862 77.024 16.178 0.098066
76.7416 16.1157 0.101252 1.13819 77.024 16.178 0.098066
77.1534 16.0329 0.0964916 0.465178 77.024 16.178 0.098066
76.9985 15.9894 0.0951152 2.5668 77.024 16.178 0.098066
77.0123 16.0102 0.0975594 2.41862 77.024 16.178 0.098066
76.9528 16.1386 0.0871064 0.239753 77.024 16.178 0.098066
76.9528 16.1386 0.0871064 0.239753 77.024 16.178 0.098066
77.1534 16.0329 0.0964916 0.465178 77.024 16.178 0.098066
76.9711 16.1965 0.0954406 1.33798 77.024 16.178 0.098066
77.0123 16.0102 0.0975594 2.41862 77.024 16.178 0.098066
76.9711 16.1965 0.0954406 1.33798 77.024 16.178 0.098066
77.0445 15.977 0.100436 1.16838 77.024 16.178 0.098066
76.7503 16.1997 0.0938595 0.974381 77.024 16.178 0.098066
76.9003 15.846 0.0925529 0.992735 77.024 16.178 0.098066
76.967 15.9566 0.0938778 2.41214 77.024 16.178 0.098066
77.0123 16.0102 0.0975594 2.41862 77.024 16.178 0.098066
76.4739 16.4866 0.0968719 0.000113332 77.024 16.178 0.098066
77.0224 16.1746 0.0937027 1.02749 77.024 16.178 0.098066
76.9711 16.1965 0.0954406 1.33798 77.024 16.178 0.098066
76.7503 16.1997 0.0938595 0.974381 77.024 16.178 0.098066
76.967 15.9566 0.0938778 2.41214 77.024 16.178 0.098066
77.0123 16.0102 0.0975594 2.41862 77.024 16.178 0.098066
76.9003 15.846 0.0925529 0.992735 77.024 16.178 0.098066
76.9528 16.1386 0.0871064 0.239753 77.024 16.178 0.098066
76.7416 16.1157 0.101252 1.13819 77.024 16.178 0.098066
76.7416 16.1157 0.101252 1.13819 77.024 16.178 0.098066
77.0445 15.977 0.100436 1.16838 77.024 16.178 0.098066
77.1174 16.107 0.0957253 0.639753 77.024 16.178 0.098066
76.9711 16.1965 0.0954406 1.33798 77.024 16.178 0.098066
77.0123 16.0102 0.0975594 2.41862 77.024 16.178 0.098066
77.0224 16.1746 0.0937027 1.02749 77.024 16.178 0.098066
76.9985 15.9894 0.0951152 2.5668 77.024 16.178 0.098066
76.9051 15.7648 0.0956237 0.691563 77.024 16.178 0.098066
76.9003 15.846 0.0925529 0.992735 77.024 16.178 0.098066
77.174 15.8505 0.0914428 0.0695334 77.024 16.178 0.098066
76.7503 16.1997 0.0938595 0.974381 77.024 16.178 0.098066
76.5564 16.2742 0.104042 0.00801958 77.024 16.178 0.098066
77.0123 16.0102 0.0975594 2.41862 77.024 16.178 0.098066
77.1127 16.4104 0.0912619 0.00945318 77.024 16.178 0.098066
76.967 15.9566 0.0938778 2.41214 77.024 16.178 0.098066
76.9255 16.1857 0.0922917 1.25068 77.024 16.178 0.098066
77.0123 16.0102 0.0975594 2.41862 77.024 16.178 0.098066
76.904 16.1823 0.101327 0.84462 77.024 16.178 0.098066
77.1084 15.9821 0.10168 0.386861 77.024 16.178 0.098066
