20.4342 -89.8061 3.70031 0.872613 20.173 -89.816 3.6943
20.0708 -89.9144 3.69602 1.55158 20.173 -89.816 3.6943
20.216 -89.8778 3.69705 1.9877 20.173 -89.816 3.6943
20.216 -89.8778 3.69705 1.9877 20.173 -89.816 3.6943
20.1071 -89.9218 3.69622 1.61246 20.173 -89.816 3.6943
20.2118 -89.7802 3.70489 1.45244 20.173 -89.816 3.6943
20.0675 -89.8236 3.69964 2.15424 20.173 -89.816 3.6943
20.216 -89.8778 3.69705 1.9877 20.173 -89.816 3.6943
20.2349 -89.7836 3.70526 1.45049 20.173 -89.816 3.6943
20.1842 -89.6205 3.7021 1.03752 20.173 -89.816 3.6943
20.3735 -89.7861 3.69926 1.28735 20.173 -89.816 3.6943
20.3735 -89.7861 3.69926 1.28735 20.173 -89.816 3.6943
19.9714 -89.582 3.6987 0.262857 20.173 -89.816 3.6943
20.1841 -89.7851 3.70209 2.73699 20.173 -89.816 3.6943
20.3556 -89.9801 3.70295 1.05366 20.173 -89.816 3.6943
20.0141 -90.0314 3.69961 0.335331 20.173 -89.816 3.6943
20.1874 -89.8152 3.70551 0.987381 20.173 -89.816 3.6943
20.0675 -89.8236 3.69964 2.15424 20.173 -89.816 3.6943
20.1841 -89.7851 3.70209 2.73699 20.173 -89.816 3.6943
20.0987 -90.0935 3.69085 0.0282835 20.173 -89.816 3.6943
20.1071 -89.9218 3.69622 1.61246 20.173 -89.816 3.6943
20.2118 -89.7802 3.70489 1.45244 20.173 -89.816 3.6943
20.4664 -90.0174 3.71047 0.0888086 20.173 -89.816 3.6943
20.4375 -89.9665 3.71008 0.177811 20.173 -89.816 3.6943
20.1071 -89.9218 3.69622 1.61246 20.173 -89.816 3.6943
20.2344 -89.8408 3.7039 2.1874 20.173 -89.816 3.6943
20.2602 -89.7669 3.71065 0.0877999 20.173 -89.816 3.6943
20.1695 -89.935 3.6981 1.94915 20.173 -89.816 3.6943
19.9193 -89.7656 3.69544 0.801197 20.173 -89.816 3.6943
20.0675 -89.8236 3.69964 2.15424 20.173 -89.816 3.6943
20.1695 -89.935 3.6981 1.94915 20.173 -89.816 3.6943
20.2344 -89.8408 3.7039 2.1874 20.173 -89.816 3.6943
19.9656 -89.7496 3.69611 1.17287 20.173 -89.816 3.6943
20.1841 -89.7851 3.70209 2.73699 20.173 -89.816 3.6943
20.0708 -89.9144 3.69602 1.55158 20.173 -89.816 3.6943
20.216 -89.8778 3.69705 1.9877 20.173 -89.816 3.6943
19.9193 -89.7656 3.69544 0.801197 20.173 -89.816 3.6943
20.1874 -89.8152 3.70551 0.987381 20.173 -89.816 3.6943
20.0675 -89.8236 3.69964 2.15424 20.173 -89.816 3.6943
20.1695 -89.935 3.6981 1.94915 20.173 -89.816 3.6943
20.3735 -89.7861 3.69926 1.28735 20.173 -89.816 3.6943
20.4342 -89.8061 3.70031 0.872613 20.173 -89.816 3.6943
20.2118 -89.7802 3.70489 1.45244 20.173 -89.816 3.6943
20.3735 -89.7861 3.69926 1.28735 20.173 -89.816 3.6943
20.5582 -89.9113 3.6989 0.045168 20.173 -89.816 3.6943
20.4342 -89.8061 3.70031 0.872613 20.173 -89.816 3.6943
20.09 -89.8129 3.69042 0.27011 20.173 -89.816 3.6943
20.2118 -89.7802 3.70489 1.45244 20.173 -89.816 3.6943
20.2344 -89.8408 3.7039 2.1874 20.173 -89.816 3.6943
20.1071 -89.9218 3.69622 1.61246 20.173 -89.816 3.6943
20.3735 -89.7861 3.69926 1.28735 20.173 -89.816 3.6943
20.4342 -89.8061 3.70031 0.872613 20.173 -89.816 3.6943
20.0708 -89.9144 3.69602 1.55158 20.173 -89.816 3.6943
20.3337 -89.4011 3.69842 0.0163933 20.173 -89.816 3.6943
20.0708 -89.9144 3.69602 1.55158 20.173 -89.816 3.6943
19.9193 -89.7656 3.69544 0.801197 20.173 -89.816 3.6943
20.1695 -89.935 3.6981 1.94915 20.173 -89.816 3.6943
19.9656 -89.7496 3.69611 1.17287 20.173 -89.816 3.6943
20.1695 -89.935 3.6981 1.94915 20.173 -89.816 3.6943
20.1841 -89.7851 3.70209 2.73699 20.173 -89.816 3.6943
19.9656 -89.7496 3.69611 1.17287 20.173 -89.816 3.6943
20.1874 -89.8152 3.70551 0.987381 20.173 -89.816 3.6943
20.1071 -89.9218 3.69622 1.61246 20.173 -89.816 3.6943
20.3735 -89.7861 3.69926 1.28735 20.173 -89.816 3.6943
20.2344 -89.8408 3.7039 2.1874 20.173 -89.816 3.6943
20.1841 -89.7851 3.70209 2.73699 20.173 -89.816 3.6943
20.1071 -89.9218 3.69622 1.61246 20.173 -89.816 3.6943
20.216 -89.8778 3.69705 1.9877 20.173 -89.816 3.6943
20.18 -90.0147 3.69993 1.01997 20.173 -89.816 3.6943
20.0675 -89.8236 3.69964 2.15424 20.173 -89.816 3.6943
20.1874 -89.8152 3.70551 0.987381 20.173 -89.816 3.6943
20.1695 -89.935 3.6981 1.94915 20.173 -89.816 3.6943
20.1071 -89.9218 3.69622 1.61246 20.173 -89.816 3.6943
20.3556 -89.9801 3.70295 1.05366 20.173 -89.816 3.6943
20.2349 -89.7836 3.70526 1.45049 20.173 -89.816 3.6943
20.1071 -89.9218 3.69622 1.61246 20.173 -89.816 3.6943
20.4375 -89.9665 3.71008 0.177811 20.173 -89.816 3.6943
20.4375 -89.9665 3.71008 0.177811 20.173 -89.816 3.6943
20.3556 -89.9801 3.70295 1.05366 20.173 -89.816 3.6943
20.4035 -89.9139 3.69758 0.350415 20.173 -89.816 3.6943
20.0708 -89.9144 3.69602 1.55158 20.173 -89.816 3.6943
20.1695 -89.935 3.6981 1.94915 20.173 -89.816 3.6943
20.2344 -89.8408 3.7039 2.1874 20.173 -89.816 3.6943
20.1695 -89.935 3.6981 1.94915 20.173 -89.816 3.6943
20.3735 -89.7861 3.69926 1.28735 20.173 -89.816 3.6943
19.9656 -89.7496 3.69611 1.17287 20.173 -89.816 3.6943
20.0925 -89.6542 3.69131 0.254371 20.173 -89.816 3.6943
20.3735 -89.7861 3.69926 1.28735 20.173 -89.816 3.6943
20.3556 -89.9801 3.70295 1.05366 20.173 -89.816 3.6943
19.9193 -89.7656 3.69544 0.801197 20.173 -89.816 3.6943
20.3556 -89.9801 3.70295 1.05366 20.173 -89.816 3.6943
19.9714 -89.582 3.6987 0.262857 20.173 -89.816 3.6943
20.3735 -89.7861 3.69926 1.28735 20.173 -89.816 3.6943
19.9193 -89.7656 3.69544 0.801197 20.173 -89.816 3.6943
19.9714 -89.582 3.6987 0.262857 20.173 -89.816 3.6943
20.3556 -89.9801 3.70295 1.05366 20.173 -89.816 3.6943
20.09 -89.8129 3.69042 0.27011 20.173 -89.816 3.6943
20.1695 -89.935 3.6981 1.94915 20.173 -89.816 3.6943
20.09 -89.8129 3.69042 0.27011 20.173 -89.816 3.6943
19.9579 -89.8431 3.68847 0.127326 20.173 -89.816 3.6943
20.18 -90.0147 3.69993 1.01997 20.173 -89.816 3.6943
20.4342 -89.8061 3.70031 0.872613 20.173 -89.816 3.6943
20.3556 -89.9801 3.70295 1.05366 20.173 -89.816 3.6943
20.2349 -89.7836 3.70526 1.45049 20.173 -89.816 3.6943
20.3556 -89.9801 3.70295 1.05366 20.173 -89.816 3.6943
19.9579 -89.8431 3.68847 0.127326 20.173 -89.816 3.6943
20.0141 -90.0314 3.69961 0.335331 20.173 -89.816 3.6943
20.0141 -90.0314 3.69961 0.335331 20.173 -89.816 3.6943
20.2349 -89.7836 3.70526 1.45049 20.173 -89.816 3.6943
20.1841 -89.7851 3.70209 2.73699 20.173 -89.816 3.6943
20.1874 -89.8152 3.70551 0.987381 20.173 -89.816 3.6943
20.4227 -90.0419 3.70159 0.288379 20.173 -89.816 3.6943
20.0708 -89.9144 3.69602 1.55158 20.173 -89.816 3.6943
20.3556 -89.9801 3.70295 1.05366 20.173 -89.816 3.6943
20.2349 -89.7836 3.70526 1.45049 20.173 -89.816 3.6943
19.9656 -89.7496 3.69611 1.17287 20.173 -89.816 3.6943
20.4375 -89.9665 3.71008 0.177811 20.173 -89.816 3.6943
20.18 -90.0147 3.69993 1.01997 20.173 -89.816 3.6943
19.9954 -89.8524 3.68625 0.0236895 20.173 -89.816 3.6943
20.3556 -89.9801 3.70295 1.05366 20.173 -89.816 3.6943
20.0925 -89.6542 3.69131 0.254371 20.173 -89.816 3.6943
20.2349 -89.7836 3.70526 1.45049 20.173 -89.816 3.6943
20.1841 -89.7851 3.70209 2.73699 20.173 -89.816 3.6943
19.9496 -89.6063 3.69281 0.279874 20.173 -89.816 3.6943
20.1695 -89.935 3.6981 1.94915 20.173 -89.816 3.6943
20.1841 -89.7851 3.70209 2.73699 20.173 -89.816 3.6943
20.0141 -90.0314 3.69961 0.335331 20.173 -89.816 3.6943
20.216 -89.8778 3.69705 1.9877 20.173 -89.816 3.6943
20.0708 -89.9144 3.69602 1.55158 20.173 -89.816 3.6943
20.0708 -89.9144 3.69602 1.55158 20.173 -89.816 3.6943
20.2344 -89.8408 3.7039 2.1874 20.173 -89.816 3.6943
20.18 -90.0147 3.69993 1.01997 20.173 -89.816 3.6943
20.1841 -89.7851 3.70209 2.73699 20.173 -89.816 3.6943
20.1071 -89.9218 3.69622 1.61246 20.173 -89.816 3.6943
19.991 -90.1468 3.69422 0.0443887 20.173 -89.816 3.6943
20.4227 -90.0419 3.70159 0.288379 20.173 -89.816 3.6943
19.9664 -90.2651 3.69347 0.00231831 20.173 -89.816 3.6943
19.9656 -89.7496 3.69611 1.17287 20.173 -89.816 3.6943
20.216 -89.8778 3.69705 1.9877 20.173 -89.816 3.6943
20.3048 -90.1068 3.69879 0.167571 20.173 -89.816 3.6943
20.2349 -89.7836 3.70526 1.45049 20.173 -89.816 3.6943
20.1841 -89.7851 3.70209 2.73699 20.173 -89.816 3.6943
19.9173 -89.8509 3.69191 0.483188 20.173 -89.816 3.6943
20.1841 -89.7851 3.70209 2.73699 20.173 -89.816 3.6943
20.1695 -89.935 3.6981 1.94915 20.173 -89.816 3.6943
20.3556 -89.9801 3.70295 1.05366 20.173 -89.816 3.6943
20.1071 -89.9218 3.69622 1.61246 20.173 -89.816 3.6943
20.2118 -89.7802 3.70489 1.45244 20.173 -89.816 3.6943
20.1071 -89.9218 3.69622 1.61246 20.173 -89.816 3.6943
20.3735 -89.7861 3.69926 1.28735 20.173 -89.816 3.6943
20.0364 -90.0837 3.70251 0.090612 20.173 -89.816 3.6943
20.1695 -89.935 3.6981 1.94915 20.173 -89.816 3.6943
20.0654 -89.7358 3.69273 0.832585 20.173 -89.816 3.6943
20.0925 -89.6542 3.69131 0.254371 20.173 -89.816 3.6943
19.9496 -89.6063 3.69281 0.279874 20.173 -89.816 3.6943
20.5582 -89.9113 3.6989 0.045168 20.173 -89.816 3.6943
20.0708 -89.9144 3.69602 1.55158 20.173 -89.816 3.6943
20.1874 -89.8152 3.70551 0.987381 20.173 -89.816 3.6943
19.9656 -89.7496 3.69611 1.17287 20.173 -89.816 3.6943
20.2118 -89.7802 3.70489 1.45244 20.173 -89.816 3.6943
19.9932 -89.9919 3.69214 0.259095 20.173 -89.816 3.6943
20.4342 -89.8061 3.70031 0.872613 20.173 -89.816 3.6943
20.1695 -89.935 3.6981 1.94915 20.173 -89.816 3.6943
20.568 -90.0764 3.70198 0.0261564 20.173 -89.816 3.6943
20.0675 -89.8236 3.69964 2.15424 20.173 -89.816 3.6943
20.1696 -90.0049 3.69683 0.826375 20.173 -89.816 3.6943
19.9496 -89.6063 3.69281 0.279874 20.173 -89.816 3.6943
19.9656 -89.7496 3.69611 1.17287 20.173 -89.816 3.6943
19.9656 -89.7496 3.69611 1.17287 20.173 -89.816 3.6943
20.1695 -89.935 3.6981 1.94915 20.173 -89.816 3.6943
20.18 -90.0147 3.69993 1.01997 20.173 -89.816 3.6943
20.2349 -89.7836 3.70526 1.45049 20.173 -89.816 3.6943
20.2344 -89.8408 3.7039 2.1874 20.173 -89.816 3.6943
19.9656 -89.7496 3.69611 1.17287 20.173 -89.816 3.6943
20.09 -89.8129 3.69042 0.27011 20.173 -89.816 3.6943
19.9932 -89.9919 3.69214 0.259095 20.173 -89.816 3.6943
20.216 -89.8778 3.69705 1.9877 20.173 -89.816 3.6943
20.1695 -89.935 3.6981 1.94915 20.173 -89.816 3.6943
20.2344 -89.8408 3.7039 2.1874 20.173 -89.816 3.6943
20.18 -90.0147 3.69993 1.01997 20.173 -89.816 3.6943
20.0708 -89.9144 3.69602 1.55158 20.173 -89.816 3.6943
20.1841 -89.7851 3.70209 2.73699 20.173 -89.816 3.6943
19.9335 -89.9598 3.69653 0.462167 20.173 -89.816 3.6943
20.3556 -89.9801 3.70295 1.05366 20.173 -89.816 3.6943
20.1874 -89.8152 3.70551 0.987381 20.173 -89.816 3.6943
20.1695 -89.935 3.6981 1.94915 20.173 -89.816 3.6943
19.9496 -89.6063 3.69281 0.279874 20.173 -89.816 3.6943
20.3048 -90.1068 3.69879 0.167571 20.173 -89.816 3.6943
20.0675 -89.8236 3.69964 2.15424 20.173 -89.816 3.6943
19.9714 -89.582 3.6987 0.262857 20.173 -89.816 3.6943
20.0675 -89.8236 3.69964 2.15424 20.173 -89.816 3.6943
20.18 -90.0147 3.69993 1.01997 20.173 -89.816 3.6943
20.0675 -89.8236 3.69964 2.15424 20.173 -89.816 3.6943
20.2602 -89.7669 3.71065 0.0877999 20.173 -89.816 3.6943
20.0141 -90.0314 3.69961 0.335331 20.173 -89.816 3.6943
20.0708 -89.9144 3.69602 1.55158 20.173 -89.816 3.6943
20.4227 -90.0419 3.70159 0.288379 20.173 -89.816 3.6943
20.4342 -89.8061 3.70031 0.872613 20.173 -89.816 3.6943
20.1842 -89.6205 3.7021 1.03752 20.173 -89.816 3.6943
19.9714 -89.582 3.6987 0.262857 20.173 -89.816 3.6943
