32.131 -77.7795 3.90043 1.32644e-05 32.255 -78.241 3.899
32.3912 -77.9732 3.89965 3.93304e-05 32.255 -78.241 3.899
32.0381 -77.8827 3.9 3.54627e-05 32.255 -78.241 3.899
32.3358 -78.0617 3.89774 2.46347e-05 32.255 -78.241 3.899
32.0381 -77.8827 3.9 3.54627e-05 32.255 -78.241 3.899
32.2424 -78.2329 3.90157 5.04793e-05 32.255 -78.241 3.899
32.2825 -78.0594 3.89829 9.82666e-05 32.255 -78.241 3.899
32.0259 -78.1646 3.89938 2.6401e-05 32.255 -78.241 3.899
32.0259 -78.1646 3.89938 2.6401e-05 32.255 -78.241 3.899
32.3912 -77.9732 3.89965 3.93304e-05 32.255 -78.241 3.899
32.3557 -77.9227 3.9067 9.85616e-05 32.255 -78.241 3.899
32.2424 -78.2329 3.90157 5.04793e-05 32.255 -78.241 3.899
32.3358 -78.0617 3.89774 2.46347e-05 32.255 -78.241 3.899
32.0796 -78.1944 3.89676 1.44352e-05 32.255 -78.241 3.899
32.3358 -78.0617 3.89774 2.46347e-05 32.255 -78.241 3.899
32.1214 -77.8958 3.89925 0.00012235 32.255 -78.241 3.899
32.1214 -77.8958 3.89925 0.00012235 32.255 -78.241 3.899
32.2779 -78.1431 3.89872 6.37121e-05 32.255 -78.241 3.899
32.3912 -77.9732 3.89965 3.93304e-05 32.255 -78.241 3.899
32.2825 -78.0594 3.89829 9.82666e-05 32.255 -78.241 3.899
32.3557 -77.9227 3.9067 9.85616e-05 32.255 -78.241 3.899
32.3912 -77.9732 3.89965 3.93304e-05 32.255 -78.241 3.899
32.1214 -77.8958 3.89925 0.00012235 32.255 -78.241 3.899
32.1214 -77.8958 3.89925 0.00012235 32.255 -78.241 3.899
32.2362 -77.9515 3.90679 6.69503e-05 32.255 -78.241 3.899
32.2825 -78.0594 3.89829 9.82666e-05 32.255 -78.241 3.899
32.3912 -77.9732 3.89965 3.93304e-05 32.255 -78.241 3.899
32.1214 -77.8958 3.89925 0.00012235 32.255 -78.241 3.899
32.0381 -77.8827 3.9 3.54627e-05 32.255 -78.241 3.899
32.3557 -77.9227 3.9067 9.85616e-05 32.255 -78.241 3.899
32.3358 -78.0617 3.89774 2.46347e-05 32.255 -78.241 3.899
32.1718 -77.7805 3.89686 5.47887e-06 32.255 -78.241 3.899
32.3358 -78.0617 3.89774 2.46347e-05 32.255 -78.241 3.899
32.2779 -78.1431 3.89872 6.37121e-05 32.255 -78.241 3.899
31.9966 -77.9333 3.89418 8.52189e-06 32.255 -78.241 3.899
31.9678 -78.0306 3.90001 2.1545e-05 32.255 -78.241 3.899
32.2424 -78.2329 3.90157 5.04793e-05 32.255 -78.241 3.899
32.0259 -78.1646 3.89938 2.6401e-05 32.255 -78.241 3.899
32.1214 -77.8958 3.89925 0.00012235 32.255 -78.241 3.899
31.9678 -78.0306 3.90001 2.1545e-05 32.255 -78.241 3.899
32.3412 -77.9907 3.89567 2.45422e-06 32.255 -78.241 3.899
32.2779 -78.1431 3.89872 6.37121e-05 32.255 -78.241 3.899
32.0796 -78.1944 3.89676 1.44352e-05 32.255 -78.241 3.899
32.1214 -77.8958 3.89925 0.00012235 32.255 -78.241 3.899
32.2779 -78.1431 3.89872 6.37121e-05 32.255 -78.241 3.899
32.2825 -78.0594 3.89829 9.82666e-05 32.255 -78.241 3.899
32.1214 -77.8958 3.89925 0.00012235 32.255 -78.241 3.899
32.1214 -77.8958 3.89925 0.00012235 32.255 -78.241 3.899
32.3557 -77.9227 3.9067 9.85616e-05 32.255 -78.241 3.899
32.0796 -78.1944 3.89676 1.44352e-05 32.255 -78.241 3.899
32.1214 -77.8958 3.89925 0.00012235 32.255 -78.241 3.899
32.0796 -78.1944 3.89676 1.44352e-05 32.255 -78.241 3.899
32.1214 -77.8958 3.89925 0.00012235 32.255 -78.241 3.899
32.1214 -77.8958 3.89925 0.00012235 32.255 -78.241 3.899
31.9966 -77.9333 3.89418 8.52189e-06 32.255 -78.241 3.899
32.1214 -77.8958 3.89925 0.00012235 32.255 -78.241 3.899
32.3912 -77.9732 3.89965 3.93304e-05 32.255 -78.241 3.899
32.1214 -77.8958 3.89925 0.00012235 32.255 -78.241 3.899
32.3557 -77.9227 3.9067 9.85616e-05 32.255 -78.241 3.899
32.2825 -78.0594 3.89829 9.82666e-05 32.255 -78.241 3.899
32.0622 -78.2436 3.89498 1.276e-06 32.255 -78.241 3.899
32.1046 -78.248 3.89734 6.41282e-06 32.255 -78.241 3.899
32.1214 -77.8958 3.89925 0.00012235 32.255 -78.241 3.899
32.1214 -77.8958 3.89925 0.00012235 32.255 -78.241 3.899
32.1214 -77.8958 3.89925 0.00012235 32.255 -78.241 3.899
32.3557 -77.9227 3.9067 9.85616e-05 32.255 -78.241 3.899
32.2825 -78.0594 3.89829 9.82666e-05 32.255 -78.241 3.899
32.2825 -78.0594 3.89829 9.82666e-05 32.255 -78.241 3.899
32.1214 -77.8958 3.89925 0.00012235 32.255 -78.241 3.899
32.0381 -77.8827 3.9 3.54627e-05 32.255 -78.241 3.899
32.1214 -77.8958 3.89925 0.00012235 32.255 -78.241 3.899
32.1214 -77.8958 3.89925 0.00012235 32.255 -78.241 3.899
32.3557 -77.9227 3.9067 9.85616e-05 32.255 -78.241 3.899
32.3557 -77.9227 3.9067 9.85616e-05 32.255 -78.241 3.899
32.2424 -78.2329 3.90157 5.04793e-05 32.255 -78.241 3.899
32.3912 -77.9732 3.89965 3.93304e-05 32.255 -78.241 3.899
32.2424 -78.2329 3.90157 5.04793e-05 32.255 -78.241 3.899
32.2825 -78.0594 3.89829 9.82666e-05 32.255 -78.241 3.899
32.1214 -77.8958 3.89925 0.00012235 32.255 -78.241 3.899
32.2779 -78.1431 3.89872 6.37121e-05 32.255 -78.241 3.899
32.0381 -77.8827 3.9 3.54627e-05 32.255 -78.241 3.899
32.3557 -77.9227 3.9067 9.85616e-05 32.255 -78.241 3.899
32.0259 -78.1646 3.89938 2.6401e-05 32.255 -78.241 3.899
32.2362 -77.9515 3.90679 6.69503e-05 32.255 -78.241 3.899
32.2424 -78.2329 3.90157 5.04793e-05 32.255 -78.241 3.899
32.2825 -78.0594 3.89829 9.82666e-05 32.255 -78.241 3.899
32.3557 -77.9227 3.9067 9.85616e-05 32.255 -78.241 3.899
32.2825 -78.0594 3.89829 9.82666e-05 32.255 -78.241 3.899
32.0381 -77.8827 3.9 3.54627e-05 32.255 -78.241 3.899
32.3912 -77.9732 3.89965 3.93304e-05 32.255 -78.241 3.899
32.1325 -78.22 3.90494 1.09779e-05 32.255 -78.241 3.899
32.2779 -78.1431 3.89872 6.37121e-05 32.255 -78.241 3.899
32.3557 -77.9227 3.9067 9.85616e-05 32.255 -78.241 3.899
32.0259 -78.1646 3.89938 2.6401e-05 32.255 -78.241 3.899
32.0259 -78.1646 3.89938 2.6401e-05 32.255 -78.241 3.899
32.2362 -77.9515 3.90679 6.69503e-05 32.255 -78.241 3.899
32.2424 -78.2329 3.90157 5.04793e-05 32.255 -78.241 3.899
32.3557 -77.9227 3.9067 9.85616e-05 32.255 -78.241 3.899
32.3912 -77.9732 3.89965 3.93304e-05 32.255 -78.241 3.899
32.2825 -78.0594 3.89829 9.82666e-05 32.255 -78.241 3.899
32.3557 -77.9227 3.9067 9.85616e-05 32.255 -78.241 3.899
32.3912 -77.9732 3.89965 3.93304e-05 32.255 -78.241 3.899
32.2424 -78.2329 3.90157 5.04793e-05 32.255 -78.241 3.899
32.3557 -77.9227 3.9067 9.85616e-05 32.255 -78.241 3.899
31.9044 -77.8682 3.89439 1.24048e-06 32.255 -78.241 3.899
32.2424 -78.2329 3.90157 5.04793e-05 32.255 -78.241 3.899
32.0259 -78.1646 3.89938 2.6401e-05 32.255 -78.241 3.899
32.2779 -78.1431 3.89872 6.37121e-05 32.255 -78.241 3.899
32.2825 -78.0594 3.89829 9.82666e-05 32.255 -78.241 3.899
32.2779 -78.1431 3.89872 6.37121e-05 32.255 -78.241 3.899
32.3912 -77.9732 3.89965 3.93304e-05 32.255 -78.241 3.899
32.3358 -78.0617 3.89774 2.46347e-05 32.255 -78.241 3.899
31.9966 -77.9333 3.89418 8.52189e-06 32.255 -78.241 3.899
32.2825 -78.0594 3.89829 9.82666e-05 32.255 -78.241 3.899
32.2362 -77.9515 3.90679 6.69503e-05 32.255 -78.241 3.899
32.1214 -77.8958 3.89925 0.00012235 32.255 -78.241 3.899
32.3557 -77.9227 3.9067 9.85616e-05 32.255 -78.241 3.899
31.9966 -77.9333 3.89418 8.52189e-06 32.255 -78.241 3.899
31.9678 -78.0306 3.90001 2.1545e-05 32.255 -78.241 3.899
32.2825 -78.0594 3.89829 9.82666e-05 32.255 -78.241 3.899
32.1214 -77.8958 3.89925 0.00012235 32.255 -78.241 3.899
31.966 -78.1384 3.90457 5.21021e-07 32.255 -78.241 3.899
32.2424 -78.2329 3.90157 5.04793e-05 32.255 -78.241 3.899
31.9525 -78.1542 3.89881 6.74994e-06 32.255 -78.241 3.899
32.0381 -77.8827 3.9 3.54627e-05 32.255 -78.241 3.899
32.0381 -77.8827 3.9 3.54627e-05 32.255 -78.241 3.899
32.3912 -77.9732 3.89965 3.93304e-05 32.255 -78.241 3.899
32.2779 -78.1431 3.89872 6.37121e-05 32.255 -78.241 3.899
32.1214 -77.8958 3.89925 0.00012235 32.255 -78.241 3.899
32.3557 -77.9227 3.9067 9.85616e-05 32.255 -78.241 3.899
32.3557 -77.9227 3.9067 9.85616e-05 32.255 -78.241 3.899
32.0796 -78.1944 3.89676 1.44352e-05 32.255 -78.241 3.899
32.3557 -77.9227 3.9067 9.85616e-05 32.255 -78.241 3.899
32.3557 -77.9227 3.9067 9.85616e-05 32.255 -78.241 3.899
32.2754 -78.2467 3.89996 1.79226e-05 32.255 -78.241 3.899
31.9966 -77.9333 3.89418 8.52189e-06 32.255 -78.241 3.899
32.3557 -77.9227 3.9067 9.85616e-05 32.255 -78.241 3.899
32.1214 -77.8958 3.89925 0.00012235 32.255 -78.241 3.899
32.131 -77.7795 3.90043 1.32644e-05 32.255 -78.241 3.899
32.2779 -78.1431 3.89872 6.37121e-05 32.255 -78.241 3.899
32.2424 -78.2329 3.90157 5.04793e-05 32.255 -78.241 3.899
32.0381 -77.8827 3.9 3.54627e-05 32.255 -78.241 3.899
32.3912 -77.9732 3.89965 3.93304e-05 32.255 -78.241 3.899
32.2424 -78.2329 3.90157 5.04793e-05 32.255 -78.241 3.899
32.2779 -78.1431 3.89872 6.37121e-05 32.255 -78.241 3.899
32.2825 -78.0594 3.89829 9.82666e-05 32.255 -78.241 3.899
32.1214 -77.8958 3.89925 0.00012235 32.255 -78.241 3.899
32.2825 -78.0594 3.89829 9.82666e-05 32.255 -78.241 3.899
31.9216 -77.9813 3.89323 2.38262e-06 32.255 -78.241 3.899
32.2424 -78.2329 3.90157 5.04793e-05 32.255 -78.241 3.899
32.2779 -78.1431 3.89872 6.37121e-05 32.255 -78.241 3.899
31.9678 -78.0306 3.90001 2.1545e-05 32.255 -78.241 3.899
32.0381 -77.8827 3.9 3.54627e-05 32.255 -78.241 3.899
32.0381 -77.8827 3.9 3.54627e-05 32.255 -78.241 3.899
32.0381 -77.8827 3.9 3.54627e-05 32.255 -78.241 3.899
32.2754 -78.2467 3.89996 1.79226e-05 32.255 -78.241 3.899
32.2362 -77.9515 3.90679 6.69503e-05 32.255 -78.241 3.899
32.141 -77.7513 3.9031 3.28397e-06 32.255 -78.241 3.899
31.9678 -78.0306 3.90001 2.1545e-05 32.255 -78.241 3.899
31.9678 -78.0306 3.90001 2.1545e-05 32.255 -78.241 3.899
32.1214 -77.8958 3.89925 0.00012235 32.255 -78.241 3.899
32.1214 -77.8958 3.89925 0.00012235 32.255 -78.241 3.899
32.2779 -78.1431 3.89872 6.37121e-05 32.255 -78.241 3.899
32.2825 -78.0594 3.89829 9.82666e-05 32.255 -78.241 3.899
32.0259 -78.1646 3.89938 2.6401e-05 32.255 -78.241 3.899
32.1214 -77.8958 3.89925 0.00012235 32.255 -78.241 3.899
32.1214 -77.8958 3.89925 0.00012235 32.255 -78.241 3.899
32.2424 -78.2329 3.90157 5.04793e-05 32.255 -78.241 3.899
32.1214 -77.8958 3.89925 0.00012235 32.255 -78.241 3.899
32.2825 -78.0594 3.89829 9.82666e-05 32.255 -78.241 3.899
32.3557 -77.9227 3.9067 9.85616e-05 32.255 -78.241 3.899
32.1214 -77.8958 3.89925 0.00012235 32.255 -78.241 3.899
32.0381 -77.8827 3.9 3.54627e-05 32.255 -78.241 3.899
32.3358 -78.0617 3.89774 2.46347e-05 32.255 -78.241 3.899
32.1214 -77.8958 3.89925 0.00012235 32.255 -78.241 3.899
32.0796 -78.1944 3.89676 1.44352e-05 32.255 -78.241 3.899
32.3912 -77.9732 3.89965 3.93304e-05 32.255 -78.241 3.899
32.0381 -77.8827 3.9 3.54627e-05 32.255 -78.241 3.899
32.2779 -78.1431 3.89872 6.37121e-05 32.255 -78.241 3.899
32.3358 -78.0617 3.89774 2.46347e-05 32.255 -78.241 3.899
32.2754 -78.2467 3.89996 1.79226e-05 32.255 -78.241 3.899
31.9678 -78.0306 3.90001 2.1545e-05 32.255 -78.241 3.899
32.2362 -77.9515 3.90679 6.69503e-05 32.255 -78.241 3.899
32.2825 -78.0594 3.89829 9.82666e-05 32.255 -78.241 3.899
32.0861 -78.1878 3.89389 1.78771e-06 32.255 -78.241 3.899
32.0381 -77.8827 3.9 3.54627e-05 32.255 -78.241 3.899
32.1214 -77.8958 3.89925 0.00012235 32.255 -78.241 3.899
32.2825 -78.0594 3.89829 9.82666e-05 32.255 -78.241 3.899
32.3557 -77.9227 3.9067 9.85616e-05 32.255 -78.241 3.899
32.3557 -77.9227 3.9067 9.85616e-05 32.255 -78.241 3.899
32.3358 -78.0617 3.89774 2.46347e-05 32.255 -78.241 3.899
32.2362 -77.9515 3.90679 6.69503e-05 32.255 -78.241 3.899
32.3912 -77.9732 3.89965 3.93304e-05 32.255 -78.241 3.899
31.9678 -78.0306 3.90001 2.1545e-05 32.255 -78.241 3.899
32.2825 -78.0594 3.89829 9.82666e-05 32.255 -78.241 3.899
32.3557 -77.9227 3.9067 9.85616e-05 32.255 -78.241 3.899
32.1214 -77.8958 3.89925 0.00012235 32.255 -78.241 3.899
31.9966 -77.9333 3.89418 8.52189e-06 32.255 -78.241 3.899
32.3358 -78.0617 3.89774 2.46347e-05 32.255 -78.241 3.899
32.2779 -78.1431 3.89872 6.37121e-05 32.255 -78.241 3.899
