11.4754 6.94704 0.241219 0.00286585 11.331 6.8251 0.24813
11.4263 6.77423 0.242557 0.00250781 11.331 6.8251 0.24813
11.3917 6.95743 0.244728 0.00858471 11.331 6.8251 0.24813
11.2775 6.82026 0.246426 0.0142764 11.331 6.8251 0.24813
11.4263 6.77423 0.242557 0.00250781 11.331 6.8251 0.24813
11.2775 6.82026 0.246426 0.0142764 11.331 6.8251 0.24813
11.2775 6.82026 0.246426 0.0142764 11.331 6.8251 0.24813
11.4263 6.77423 0.242557 0.00250781 11.331 6.8251 0.24813
11.5391 6.93396 0.246004 0.000627879 11.331 6.8251 0.24813
11.2775 6.82026 0.246426 0.0142764 11.331 6.8251 0.24813
11.3191 6.80738 0.250384 0.00612931 11.331 6.8251 0.24813
11.2775 6.82026 0.246426 0.0142764 11.331 6.8251 0.24813
11.4263 6.77423 0.242557 0.00250781 11.331 6.8251 0.24813
11.4754 6.94704 0.241219 0.00286585 11.331 6.8251 0.24813
11.4263 6.77423 0.242557 0.00250781 11.331 6.8251 0.24813
11.3191 6.80738 0.250384 0.00612931 11.331 6.8251 0.24813
11.3772 6.89406 0.250857 0.00240134 11.331 6.8251 0.24813
11.3917 6.95743 0.244728 0.00858471 11.331 6.8251 0.24813
11.4166 6.69794 0.244527 0.00105542 11.331 6.8251 0.24813
11.2775 6.82026 0.246426 0.0142764 11.331 6.8251 0.24813
11.5391 6.93396 0.246004 0.000627879 11.331 6.8251 0.24813
11.3772 6.89406 0.250857 0.00240134 11.331 6.8251 0.24813
11.2775 6.82026 0.246426 0.0142764 11.331 6.8251 0.24813
11.5635 6.92259 0.240506 0.000868234 11.331 6.8251 0.24813
11.2775 6.82026 0.246426 0.0142764 11.331 6.8251 0.24813
11.3191 6.80738 0.250384 0.00612931 11.331 6.8251 0.24813
11.2807 6.9261 0.241384 0.00296469 11.331 6.8251 0.24813
11.2775 6.82026 0.246426 0.0142764 11.331 6.8251 0.24813
11.2775 6.82026 0.246426 0.0142764 11.331 6.8251 0.24813
11.3191 6.80738 0.250384 0.00612931 11.331 6.8251 0.24813
11.4754 6.94704 0.241219 0.00286585 11.331 6.8251 0.24813
11.2775 6.82026 0.246426 0.0142764 11.331 6.8251 0.24813
11.6258 6.8818 0.24136 0.000236424 11.331 6.8251 0.24813
11.5391 6.93396 0.246004 0.000627879 11.331 6.8251 0.24813
11.2775 6.82026 0.246426 0.0142764 11.331 6.8251 0.24813
11.3772 6.89406 0.250857 0.00240134 11.331 6.8251 0.24813
11.3191 6.80738 0.250384 0.00612931 11.331 6.8251 0.24813
11.4263 6.77423 0.242557 0.00250781 11.331 6.8251 0.24813
11.3917 6.95743 0.244728 0.00858471 11.331 6.8251 0.24813
11.4263 6.77423 0.242557 0.00250781 11.331 6.8251 0.24813
11.2775 6.82026 0.246426 0.0142764 11.331 6.8251 0.24813
11.5942 6.83268 0.241877 0.000368339 11.331 6.8251 0.24813
11.3917 6.95743 0.244728 0.00858471 11.331 6.8251 0.24813
11.2775 6.82026 0.246426 0.0142764 11.331 6.8251 0.24813
11.2775 6.82026 0.246426 0.0142764 11.331 6.8251 0.24813
11.3772 6.89406 0.250857 0.00240134 11.331 6.8251 0.24813
11.3191 6.80738 0.250384 0.00612931 11.331 6.8251 0.24813
11.3191 6.80738 0.250384 0.00612931 11.331 6.8251 0.24813
11.2775 6.82026 0.246426 0.0142764 11.331 6.8251 0.24813
11.5237 6.62776 0.245353 3.34144e-05 11.331 6.8251 0.24813
11.3191 6.80738 0.250384 0.00612931 11.331 6.8251 0.24813
11.3917 6.95743 0.244728 0.00858471 11.331 6.8251 0.24813
11.2775 6.82026 0.246426 0.0142764 11.331 6.8251 0.24813
11.3191 6.80738 0.250384 0.00612931 11.331 6.8251 0.24813
11.2775 6.82026 0.246426 0.0142764 11.331 6.8251 0.24813
11.3772 6.89406 0.250857 0.00240134 11.331 6.8251 0.24813
11.3191 6.80738 0.250384 0.00612931 11.331 6.8251 0.24813
11.2775 6.82026 0.246426 0.0142764 11.331 6.8251 0.24813
11.2775 6.82026 0.246426 0.0142764 11.331 6.8251 0.24813
11.2775 6.82026 0.246426 0.0142764 11.331 6.8251 0.24813
11.3917 6.95743 0.244728 0.00858471 11.331 6.8251 0.24813
11.3191 6.80738 0.250384 0.00612931 11.331 6.8251 0.24813
11.2775 6.82026 0.246426 0.0142764 11.331 6.8251 0.24813
11.3191 6.80738 0.250384 0.00612931 11.331 6.8251 0.24813
11.4754 6.94704 0.241219 0.00286585 11.331 6.8251 0.24813
11.3772 6.89406 0.250857 0.00240134 11.331 6.8251 0.24813
11.3191 6.80738 0.250384 0.00612931 11.331 6.8251 0.24813
11.3917 6.95743 0.244728 0.00858471 11.331 6.8251 0.24813
11.5635 6.92259 0.240506 0.000868234 11.331 6.8251 0.24813
11.4754 6.94704 0.241219 0.00286585 11.331 6.8251 0.24813
11.6008 6.96781 0.23822 0.000271068 11.331 6.8251 0.24813
11.5465 6.86811 0.240318 0.000983181 11.331 6.8251 0.24813
11.4773 6.96554 0.246981 0.00149457 11.331 6.8251 0.24813
11.4263 6.77423 0.242557 0.00250781 11.331 6.8251 0.24813
11.5635 6.92259 0.240506 0.000868234 11.331 6.8251 0.24813
11.3917 6.95743 0.244728 0.00858471 11.331 6.8251 0.24813
11.3917 6.95743 0.244728 0.00858471 11.331 6.8251 0.24813
11.2775 6.82026 0.246426 0.0142764 11.331 6.8251 0.24813
11.4166 6.69794 0.244527 0.00105542 11.331 6.8251 0.24813
11.3191 6.80738 0.250384 0.00612931 11.331 6.8251 0.24813
11.2775 6.82026 0.246426 0.0142764 11.331 6.8251 0.24813
11.2775 6.82026 0.246426 0.0142764 11.331 6.8251 0.24813
11.4263 6.77423 0.242557 0.00250781 11.331 6.8251 0.24813
11.5391 6.93396 0.246004 0.000627879 11.331 6.8251 0.24813
11.3917 6.95743 0.244728 0.00858471 11.331 6.8251 0.24813
11.3917 6.95743 0.244728 0.00858471 11.331 6.8251 0.24813
11.2775 6.82026 0.246426 0.0142764 11.331 6.8251 0.24813
11.2775 6.82026 0.246426 0.0142764 11.331 6.8251 0.24813
11.2775 6.82026 0.246426 0.0142764 11.331 6.8251 0.24813
11.3191 6.80738 0.250384 0.00612931 11.331 6.8251 0.24813
11.4773 6.96554 0.246981 0.00149457 11.331 6.8251 0.24813
11.3917 6.95743 0.244728 0.00858471 11.331 6.8251 0.24813
11.3191 6.80738 0.250384 0.00612931 11.331 6.8251 0.24813
11.2775 6.82026 0.246426 0.0142764 11.331 6.8251 0.24813
11.2775 6.82026 0.246426 0.0142764 11.331 6.8251 0.24813
11.5585 6.89544 0.244635 0.000674849 11.331 6.8251 0.24813
11.2775 6.82026 0.246426 0.0142764 11.331 6.8251 0.24813
11.3917 6.95743 0.244728 0.00858471 11.331 6.8251 0.24813
11.2775 6.82026 0.246426 0.0142764 11.331 6.8251 0.24813
11.3917 6.95743 0.244728 0.00858471 11.331 6.8251 0.24813
11.611 6.58404 0.242059 1.67367e-06 11.331 6.8251 0.24813
11.2775 6.82026 0.246426 0.0142764 11.331 6.8251 0.24813
11.4754 6.94704 0.241219 0.00286585 11.331 6.8251 0.24813
11.3191 6.80738 0.250384 0.00612931 11.331 6.8251 0.24813
11.3917 6.95743 0.244728 0.00858471 11.331 6.8251 0.24813
11.2775 6.82026 0.246426 0.0142764 11.331 6.8251 0.24813
11.6008 6.96781 0.23822 0.000271068 11.331 6.8251 0.24813
11.3191 6.80738 0.250384 0.00612931 11.331 6.8251 0.24813
11.3917 6.95743 0.244728 0.00858471 11.331 6.8251 0.24813
11.513 6.77302 0.246979 0.000435292 11.331 6.8251 0.24813
11.3772 6.89406 0.250857 0.00240134 11.331 6.8251 0.24813
11.3917 6.95743 0.244728 0.00858471 11.331 6.8251 0.24813
11.4773 6.96554 0.246981 0.00149457 11.331 6.8251 0.24813
11.4754 6.94704 0.241219 0.00286585 11.331 6.8251 0.24813
11.2775 6.82026 0.246426 0.0142764 11.331 6.8251 0.24813
11.3191 6.80738 0.250384 0.00612931 11.331 6.8251 0.24813
11.2775 6.82026 0.246426 0.0142764 11.331 6.8251 0.24813
11.2775 6.82026 0.246426 0.0142764 11.331 6.8251 0.24813
11.5465 6.86811 0.240318 0.000983181 11.331 6.8251 0.24813
11.3191 6.80738 0.250384 0.00612931 11.331 6.8251 0.24813
11.4754 6.94704 0.241219 0.00286585 11.331 6.8251 0.24813
11.4263 6.77423 0.242557 0.00250781 11.331 6.8251 0.24813
11.3917 6.95743 0.244728 0.00858471 11.331 6.8251 0.24813
11.2775 6.82026 0.246426 0.0142764 11.331 6.8251 0.24813
11.5237 6.62776 0.245353 3.34144e-05 11.331 6.8251 0.24813
11.2775 6.82026 0.246426 0.0142764 11.331 6.8251 0.24813
11.3917 6.95743 0.244728 0.00858471 11.331 6.8251 0.24813
11.3191 6.80738 0.250384 0.00612931 11.331 6.8251 0.24813
11.3917 6.95743 0.244728 0.00858471 11.331 6.8251 0.24813
11.6827 6.94248 0.237725 5.58538e-05 11.331 6.8251 0.24813
11.4263 6.77423 0.242557 0.00250781 11.331 6.8251 0.24813
11.6258 6.8818 0.24136 0.000236424 11.331 6.8251 0.24813
11.2807 6.9261 0.241384 0.00296469 11.331 6.8251 0.24813
11.3917 6.95743 0.244728 0.00858471 11.331 6.8251 0.24813
11.4166 6.69794 0.244527 0.00105542 11.331 6.8251 0.24813
11.4754 6.94704 0.241219 0.00286585 11.331 6.8251 0.24813
11.2775 6.82026 0.246426 0.0142764 11.331 6.8251 0.24813
11.2807 6.9261 0.241384 0.00296469 11.331 6.8251 0.24813
11.6008 6.96781 0.23822 0.000271068 11.331 6.8251 0.24813
11.3917 6.95743 0.244728 0.00858471 11.331 6.8251 0.24813
11.2775 6.82026 0.246426 0.0142764 11.331 6.8251 0.24813
11.2775 6.82026 0.246426 0.0142764 11.331 6.8251 0.24813
11.3917 6.95743 0.244728 0.00858471 11.331 6.8251 0.24813
11.3772 6.89406 0.250857 0.00240134 11.331 6.8251 0.24813
11.2775 6.82026 0.246426 0.0142764 11.331 6.8251 0.24813
11.5585 6.89544 0.244635 0.000674849 11.331 6.8251 0.24813
11.2775 6.82026 0.246426 0.0142764 11.331 6.8251 0.24813
11.3917 6.95743 0.244728 0.00858471 11.331 6.8251 0.24813
11.2775 6.82026 0.246426 0.0142764 11.331 6.8251 0.24813
11.2807 6.9261 0.241384 0.00296469 11.331 6.8251 0.24813
11.3917 6.95743 0.244728 0.00858471 11.331 6.8251 0.24813
11.3191 6.80738 0.250384 0.00612931 11.331 6.8251 0.24813
11.2775 6.82026 0.246426 0.0142764 11.331 6.8251 0.24813
11.3191 6.80738 0.250384 0.00612931 11.331 6.8251 0.24813
11.5942 6.83268 0.241877 0.000368339 11.331 6.8251 0.24813
11.3191 6.80738 0.250384 0.00612931 11.331 6.8251 0.24813
11.6024 6.97586 0.239646 0.000332807 11.331 6.8251 0.24813
11.2775 6.82026 0.246426 0.0142764 11.331 6.8251 0.24813
11.2775 6.82026 0.246426 0.0142764 11.331 6.8251 0.24813
11.513 6.77302 0.246979 0.000435292 11.331 6.8251 0.24813
11.513 6.77302 0.246979 0.000435292 11.331 6.8251 0.24813
11.3191 6.80738 0.250384 0.00612931 11.331 6.8251 0.24813
11.3191 6.80738 0.250384 0.00612931 11.331 6.8251 0.24813
11.2807 6.9261 0.241384 0.00296469 11.331 6.8251 0.24813
11.3917 6.95743 0.244728 0.00858471 11.331 6.8251 0.24813
11.6258 6.8818 0.24136 0.000236424 11.331 6.8251 0.24813
11.3772 6.89406 0.250857 0.00240134 11.331 6.8251 0.24813
11.2775 6.82026 0.246426 0.0142764 11.331 6.8251 0.24813
11.3772 6.89406 0.250857 0.00240134 11.331 6.8251 0.24813
11.3191 6.80738 0.250384 0.00612931 11.331 6.8251 0.24813
11.2775 6.82026 0.246426 0.0142764 11.331 6.8251 0.24813
11.3191 6.80738 0.250384 0.00612931 11.331 6.8251 0.24813
11.3191 6.80738 0.250384 0.00612931 11.331 6.8251 0.24813
11.2775 6.82026 0.246426 0.0142764 11.331 6.8251 0.24813
11.4915 7.02838 0.247511 0.000432468 11.331 6.8251 0.24813
11.3772 6.89406 0.250857 0.00240134 11.331 6.8251 0.24813
11.3917 6.95743 0.244728 0.00858471 11.331 6.8251 0.24813
11.3191 6.80738 0.250384 0.00612931 11.331 6.8251 0.24813
11.3191 6.80738 0.250384 0.00612931 11.331 6.8251 0.24813
11.4263 6.77423 0.242557 0.00250781 11.331 6.8251 0.24813
11.2775 6.82026 0.246426 0.0142764 11.331 6.8251 0.24813
11.3772 6.89406 0.250857 0.00240134 11.331 6.8251 0.24813
11.4754 6.94704 0.241219 0.00286585 11.331 6.8251 0.24813
11.2775 6.82026 0.246426 0.0142764 11.331 6.8251 0.24813
11.3191 6.80738 0.250384 0.00612931 11.331 6.8251 0.24813
11.5841 6.78643 0.240525 0.000268038 11.331 6.8251 0.24813
11.3191 6.80738 0.250384 0.00612931 11.331 6.8251 0.24813
11.3917 6.95743 0.244728 0.00858471 11.331 6.8251 0.24813
11.2807 6.9261 0.241384 0.00296469 11.331 6.8251 0.24813
11.3917 6.95743 0.244728 0.00858471 11.331 6.8251 0.24813
11.6527 6.96358 0.238879 0.000118303 11.331 6.8251 0.24813
11.2775 6.82026 0.246426 0.0142764 11.331 6.8251 0.24813
11.3191 6.80738 0.250384 0.00612931 11.331 6.8251 0.24813
11.4754 6.94704 0.241219 0.00286585 11.331 6.8251 0.24813
11.4263 6.77423 0.242557 0.00250781 11.331 6.8251 0.24813
11.3191 6.80738 0.250384 0.00612931 11.331 6.8251 0.24813
11.3772 6.89406 0.250857 0.00240134 11.331 6.8251 0.24813
11.2807 6.9261 0.241384 0.00296469 11.331 6.8251 0.24813
11.3917 6.95743 0.244728 0.00858471 11.331 6.8251 0.24813
11.2775 6.82026 0.246426 0.0142764 11.331 6.8251 0.24813
