74.3483 16.8152 0.108031 1.14505 74.401 16.567 0.1193
74.2069 16.6768 0.112446 2.14941 74.401 16.567 0.1193
74.3797 16.4866 0.103373 0.641516 74.401 16.567 0.1193
74.2069 16.6768 0.112446 2.14941 74.401 16.567 0.1193
74.4462 16.7705 0.11015 1.72919 74.401 16.567 0.1193
74.2747 16.679 0.122753 0.75519 74.401 16.567 0.1193
74.3687 16.8069 0.118636 1.17877 74.401 16.567 0.1193
74.2069 16.6768 0.112446 2.14941 74.401 16.567 0.1193
74.4017 16.8971 0.111672 0.744363 74.401 16.567 0.1193
74.2271 16.7877 0.115338 1.64476 74.401 16.567 0.1193
74.2069 16.6768 0.112446 2.14941 74.401 16.567 0.1193
74.2903 16.6954 0.116646 2.52051 74.401 16.567 0.1193
74.2314 16.282 0.116532 0.0922692 74.401 16.567 0.1193
74.2753 16.6795 0.103127 0.576812 74.401 16.567 0.1193
74.1492 16.8503 0.10785 0.277007 74.401 16.567 0.1193
74.2271 16.7877 0.115338 1.64476 74.401 16.567 0.1193
74.3477 16.4585 0.114545 1.33054 74.401 16.567 0.1193
74.7887 16.6675 0.114597 0.0293036 74.401 16.567 0.1193
74.6529 16.5889 0.110682 0.401061 74.401 16.567 0.1193
74.6098 16.4905 0.112959 0.374611 74.401 16.567 0.1193
74.3687 16.8069 0.118636 1.17877 74.401 16.567 0.1193
74.579 16.6804 0.11177 0.963139 74.401 16.567 0.1193
74.2271 16.7877 0.115338 1.64476 74.401 16.567 0.1193
74.2903 16.6954 0.116646 2.52051 74.401 16.567 0.1193
74.579 16.6804 0.11177 0.963139 74.401 16.567 0.1193
74.636 16.4014 0.112576 0.126019 74.401 16.567 0.1193
74.3687 16.8069 0.118636 1.17877 74.401 16.567 0.1193
74.561 16.7757 0.115947 0.589986 74.401 16.567 0.1193
74.5216 16.6629 0.115944 1.17136 74.401 16.567 0.1193
74.3853 16.3962 0.11174 0.797795 74.401 16.567 0.1193
74.5018 16.4046 0.10772 0.503442 74.401 16.567 0.1193
74.2055 16.713 0.11377 2.06025 74.401 16.567 0.1193
74.3089 16.5715 0.113086 2.82366 74.401 16.567 0.1193
74.1209 16.655 0.125886 0.162249 74.401 16.567 0.1193
74.2055 16.713 0.11377 2.06025 74.401 16.567 0.1193
74.4017 16.8971 0.111672 0.744363 74.401 16.567 0.1193
74.1492 16.8503 0.10785 0.277007 74.401 16.567 0.1193
74.4641 16.2981 0.105055 0.119863 74.401 16.567 0.1193
74.4462 16.7705 0.11015 1.72919 74.401 16.567 0.1193
74.4774 16.3494 0.109145 0.330127 74.401 16.567 0.1193
74.1274 16.461 0.125726 0.0566923 74.401 16.567 0.1193
74.2903 16.6954 0.116646 2.52051 74.401 16.567 0.1193
74.3089 16.5715 0.113086 2.82366 74.401 16.567 0.1193
74.579 16.6804 0.11177 0.963139 74.401 16.567 0.1193
74.3483 16.8152 0.108031 1.14505 74.401 16.567 0.1193
74.4343 16.3696 0.109931 0.518444 74.401 16.567 0.1193
74.4462 16.7705 0.11015 1.72919 74.401 16.567 0.1193
74.4774 16.3494 0.109145 0.330127 74.401 16.567 0.1193
74.7373 16.5743 0.103229 0.0670095 74.401 16.567 0.1193
74.2125 16.8975 0.107893 0.286948 74.401 16.567 0.1193
74.3138 16.6704 0.117819 2.25054 74.401 16.567 0.1193
74.3515 16.7561 0.101721 0.340933 74.401 16.567 0.1193
74.1268 16.9101 0.113563 0.278112 74.401 16.567 0.1193
74.2055 16.713 0.11377 2.06025 74.401 16.567 0.1193
74.4641 16.2981 0.105055 0.119863 74.401 16.567 0.1193
74.3961 16.521 0.11872 1.00216 74.401 16.567 0.1193
74.2747 16.679 0.122753 0.75519 74.401 16.567 0.1193
74.215 16.887 0.11062 0.531145 74.401 16.567 0.1193
74.579 16.6804 0.11177 0.963139 74.401 16.567 0.1193
74.0405 16.7438 0.119383 0.334674 74.401 16.567 0.1193
74.3138 16.6704 0.117819 2.25054 74.401 16.567 0.1193
74.3477 16.4585 0.114545 1.33054 74.401 16.567 0.1193
74.4079 16.376 0.113032 0.565146 74.401 16.567 0.1193
74.2069 16.6768 0.112446 2.14941 74.401 16.567 0.1193
74.2055 16.713 0.11377 2.06025 74.401 16.567 0.1193
74.2069 16.6768 0.112446 2.14941 74.401 16.567 0.1193
74.2055 16.713 0.11377 2.06025 74.401 16.567 0.1193
74.2274 16.6193 0.10669 1.19424 74.401 16.567 0.1193
74.2903 16.6954 0.116646 2.52051 74.401 16.567 0.1193
74.3138 16.6704 0.117819 2.25054 74.401 16.567 0.1193
74.2271 16.7877 0.115338 1.64476 74.401 16.567 0.1193
73.9984 16.4968 0.118963 0.120449 74.401 16.567 0.1193
74.0405 16.7438 0.119383 0.334674 74.401 16.567 0.1193
74.2903 16.6954 0.116646 2.52051 74.401 16.567 0.1193
74.3961 16.521 0.11872 1.00216 74.401 16.567 0.1193
74.2055 16.713 0.11377 2.06025 74.401 16.567 0.1193
74.3961 16.521 0.11872 1.00216 74.401 16.567 0.1193
74.2055 16.713 0.11377 2.06025 74.401 16.567 0.1193
74.3138 16.6704 0.117819 2.25054 74.401 16.567 0.1193
74.2271 16.7877 0.115338 1.64476 74.401 16.567 0.1193
74.2055 16.713 0.11377 2.06025 74.401 16.567 0.1193
74.579 16.6804 0.11177 0.963139 74.401 16.567 0.1193
74.3477 16.4585 0.114545 1.33054 74.401 16.567 0.1193
74.1662 16.5555 0.122915 0.377324 74.401 16.567 0.1193
74.2069 16.6768 0.112446 2.14941 74.401 16.567 0.1193
74.1209 16.655 0.125886 0.162249 74.401 16.567 0.1193
74.2109 16.319 0.110176 0.191236 74.401 16.567 0.1193
74.4462 16.7705 0.11015 1.72919 74.401 16.567 0.1193
74.3961 16.521 0.11872 1.00216 74.401 16.567 0.1193
74.0293 16.6455 0.113972 0.409801 74.401 16.567 0.1193
74.579 16.6804 0.11177 0.963139 74.401 16.567 0.1193
74.4462 16.7705 0.11015 1.72919 74.401 16.567 0.1193
74.579 16.6804 0.11177 0.963139 74.401 16.567 0.1193
74.3961 16.521 0.11872 1.00216 74.401 16.567 0.1193
74.3623 16.4259 0.116064 0.802671 74.401 16.567 0.1193
74.3345 16.5996 0.11666 2.39787 74.401 16.567 0.1193
74.3089 16.5715 0.113086 2.82366 74.401 16.567 0.1193
74.3138 16.6704 0.117819 2.25054 74.401 16.567 0.1193
74.3515 16.7561 0.101721 0.340933 74.401 16.567 0.1193
74.4585 16.7614 0.122527 0.352692 74.401 16.567 0.1193
74.4462 16.7705 0.11015 1.72919 74.401 16.567 0.1193
74.2903 16.6954 0.116646 2.52051 74.401 16.567 0.1193
74.2069 16.6768 0.112446 2.14941 74.401 16.567 0.1193
74.3138 16.6704 0.117819 2.25054 74.401 16.567 0.1193
74.3138 16.6704 0.117819 2.25054 74.401 16.567 0.1193
74.4017 16.8971 0.111672 0.744363 74.401 16.567 0.1193
74.2069 16.6768 0.112446 2.14941 74.401 16.567 0.1193
74.561 16.7757 0.115947 0.589986 74.401 16.567 0.1193
74.3089 16.5715 0.113086 2.82366 74.401 16.567 0.1193
74.3089 16.5715 0.113086 2.82366 74.401 16.567 0.1193
74.2903 16.6954 0.116646 2.52051 74.401 16.567 0.1193
74.4585 16.7614 0.122527 0.352692 74.401 16.567 0.1193
74.3345 16.5996 0.11666 2.39787 74.401 16.567 0.1193
74.4017 16.8971 0.111672 0.744363 74.401 16.567 0.1193
74.2753 16.6795 0.103127 0.576812 74.401 16.567 0.1193
74.3853 16.3962 0.11174 0.797795 74.401 16.567 0.1193
74.215 16.887 0.11062 0.531145 74.401 16.567 0.1193
74.2055 16.713 0.11377 2.06025 74.401 16.567 0.1193
74.4079 16.376 0.113032 0.565146 74.401 16.567 0.1193
74.2753 16.6795 0.103127 0.576812 74.401 16.567 0.1193
74.5971 16.7153 0.102472 0.249902 74.401 16.567 0.1193
74.5266 16.9259 0.120849 0.0922521 74.401 16.567 0.1193
74.2325 16.4864 0.101857 0.218993 74.401 16.567 0.1193
74.2274 16.6193 0.10669 1.19424 74.401 16.567 0.1193
74.4079 16.376 0.113032 0.565146 74.401 16.567 0.1193
74.3138 16.6704 0.117819 2.25054 74.401 16.567 0.1193
74.3138 16.6704 0.117819 2.25054 74.401 16.567 0.1193
74.5216 16.6629 0.115944 1.17136 74.401 16.567 0.1193
74.2274 16.6193 0.10669 1.19424 74.401 16.567 0.1193
74.561 16.7757 0.115947 0.589986 74.401 16.567 0.1193
74.5216 16.6629 0.115944 1.17136 74.401 16.567 0.1193
74.2055 16.713 0.11377 2.06025 74.401 16.567 0.1193
74.2271 16.7877 0.115338 1.64476 74.401 16.567 0.1193
74.3797 16.4866 0.103373 0.641516 74.401 16.567 0.1193
74.3089 16.5715 0.113086 2.82366 74.401 16.567 0.1193
74.5216 16.6629 0.115944 1.17136 74.401 16.567 0.1193
73.9217 16.2741 0.111077 0.00257421 74.401 16.567 0.1193
74.5768 16.6674 0.117352 0.518014 74.401 16.567 0.1193
74.215 16.887 0.11062 0.531145 74.401 16.567 0.1193
74.4462 16.7705 0.11015 1.72919 74.401 16.567 0.1193
74.3138 16.6704 0.117819 2.25054 74.401 16.567 0.1193
73.9984 16.4968 0.118963 0.120449 74.401 16.567 0.1193
74.2274 16.6193 0.10669 1.19424 74.401 16.567 0.1193
74.2274 16.6193 0.10669 1.19424 74.401 16.567 0.1193
74.2903 16.6954 0.116646 2.52051 74.401 16.567 0.1193
74.3345 16.5996 0.11666 2.39787 74.401 16.567 0.1193
74.3138 16.6704 0.117819 2.25054 74.401 16.567 0.1193
74.2903 16.6954 0.116646 2.52051 74.401 16.567 0.1193
74.3623 16.4259 0.116064 0.802671 74.401 16.567 0.1193
74.1662 16.5555 0.122915 0.377324 74.401 16.567 0.1193
74.5768 16.6674 0.117352 0.518014 74.401 16.567 0.1193
74.6782 16.6354 0.117225 0.127647 74.401 16.567 0.1193
74.2903 16.6954 0.116646 2.52051 74.401 16.567 0.1193
74.2747 16.679 0.122753 0.75519 74.401 16.567 0.1193
74.3477 16.4585 0.114545 1.33054 74.401 16.567 0.1193
74.2069 16.6768 0.112446 2.14941 74.401 16.567 0.1193
74.5018 16.4046 0.10772 0.503442 74.401 16.567 0.1193
74.6529 16.5889 0.110682 0.401061 74.401 16.567 0.1193
74.5018 16.4046 0.10772 0.503442 74.401 16.567 0.1193
74.2055 16.713 0.11377 2.06025 74.401 16.567 0.1193
74.5018 16.4046 0.10772 0.503442 74.401 16.567 0.1193
74.5768 16.6674 0.117352 0.518014 74.401 16.567 0.1193
74.2069 16.6768 0.112446 2.14941 74.401 16.567 0.1193
74.3687 16.8069 0.118636 1.17877 74.401 16.567 0.1193
74.2271 16.7877 0.115338 1.64476 74.401 16.567 0.1193
74.2753 16.6795 0.103127 0.576812 74.401 16.567 0.1193
74.6098 16.4905 0.112959 0.374611 74.401 16.567 0.1193
74.2903 16.6954 0.116646 2.52051 74.401 16.567 0.1193
74.4462 16.7705 0.11015 1.72919 74.401 16.567 0.1193
74.2069 16.6768 0.112446 2.14941 74.401 16.567 0.1193
74.4539 16.4979 0.112915 1.49363 74.401 16.567 0.1193
74.5971 16.7153 0.102472 0.249902 74.401 16.567 0.1193
74.2055 16.713 0.11377 2.06025 74.401 16.567 0.1193
74.0841 16.5882 0.100756 0.0381814 74.401 16.567 0.1193
74.3515 16.7561 0.101721 0.340933 74.401 16.567 0.1193
74.2903 16.6954 0.116646 2.52051 74.401 16.567 0.1193
74.3345 16.5996 0.11666 2.39787 74.401 16.567 0.1193
74.3477 16.4585 0.114545 1.33054 74.401 16.567 0.1193
74.3089 16.5715 0.113086 2.82366 74.401 16.567 0.1193
74.3345 16.5996 0.11666 2.39787 74.401 16.567 0.1193
74.579 16.6804 0.11177 0.963139 74.401 16.567 0.1193
74.3345 16.5996 0.11666 2.39787 74.401 16.567 0.1193
74.2271 16.7877 0.115338 1.64476 74.401 16.567 0.1193
74.5018 16.4046 0.10772 0.503442 74.401 16.567 0.1193
74.4539 16.4979 0.112915 1.49363 74.401 16.567 0.1193
74.3345 16.5996 0.11666 2.39787 74.401 16.567 0.1193
74.4539 16.4979 0.112915 1.49363 74.401 16.567 0.1193
74.3483 16.8152 0.108031 1.14505 74.401 16.567 0.1193
74.146 16.8239 0.117439 0.723131 74.401 16.567 0.1193
74.3138 16.6704 0.117819 2.25054 74.401 16.567 0.1193
74.3345 16.5996 0.11666 2.39787 74.401 16.567 0.1193
74.2055 16.713 0.11377 2.06025 74.401 16.567 0.1193
74.4017 16.8971 0.111672 0.744363 74.401 16.567 0.1193
74.0147 16.6466 0.114852 0.344154 74.401 16.567 0.1193
74.3961 16.521 0.11872 1.00216 74.401 16.567 0.1193
74.3483 16.8152 0.108031 1.14505 74.401 16.567 0.1193
74.4462 16.7705 0.11015 1.72919 74.401 16.567 0.1193
74.2314 16.282 0.116532 0.0922692 74.401 16.567 0.1193
74.3345 16.5996 0.11666 2.39787 74.401 16.567 0.1193
74.3623 16.4259 0.116064 0.802671 74.401 16.567 0.1193
