0.554414 3.32001 0.303388 0.000780296 0.3534 3.2907 0.30824
0.373625 3.34282 0.303544 0.00370963 0.3534 3.2907 0.30824
0.462904 3.13958 0.302482 0.00570047 0.3534 3.2907 0.30824
0.379658 3.17695 0.306356 0.00380677 0.3534 3.2907 0.30824
0.299762 3.26357 0.297806 0.00110743 0.3534 3.2907 0.30824
0.462904 3.13958 0.302482 0.00570047 0.3534 3.2907 0.30824
0.379658 3.17695 0.306356 0.00380677 0.3534 3.2907 0.30824
0.442211 3.25314 0.296863 0.00281412 0.3534 3.2907 0.30824
0.183896 3.20973 0.307917 0.00104364 0.3534 3.2907 0.30824
0.379658 3.17695 0.306356 0.00380677 0.3534 3.2907 0.30824
0.308771 3.45736 0.306093 0.000132077 0.3534 3.2907 0.30824
0.373625 3.34282 0.303544 0.00370963 0.3534 3.2907 0.30824
0.324176 3.1758 0.306775 0.0037878 0.3534 3.2907 0.30824
0.462904 3.13958 0.302482 0.00570047 0.3534 3.2907 0.30824
0.442211 3.25314 0.296863 0.00281412 0.3534 3.2907 0.30824
0.373625 3.34282 0.303544 0.00370963 0.3534 3.2907 0.30824
0.442211 3.25314 0.296863 0.00281412 0.3534 3.2907 0.30824
0.483106 3.2816 0.305254 0.00159344 0.3534 3.2907 0.30824
0.319523 3.18035 0.306604 0.0041291 0.3534 3.2907 0.30824
0.554414 3.32001 0.303388 0.000780296 0.3534 3.2907 0.30824
0.379658 3.17695 0.306356 0.00380677 0.3534 3.2907 0.30824
0.253426 3.17482 0.312267 8.13756e-05 0.3534 3.2907 0.30824
0.379658 3.17695 0.306356 0.00380677 0.3534 3.2907 0.30824
0.462904 3.13958 0.302482 0.00570047 0.3534 3.2907 0.30824
0.483106 3.2816 0.305254 0.00159344 0.3534 3.2907 0.30824
0.19702 3.02942 0.308657 0.000207752 0.3534 3.2907 0.30824
0.379658 3.17695 0.306356 0.00380677 0.3534 3.2907 0.30824
0.319523 3.18035 0.306604 0.0041291 0.3534 3.2907 0.30824
0.165338 3.24368 0.307876 0.000725568 0.3534 3.2907 0.30824
0.373625 3.34282 0.303544 0.00370963 0.3534 3.2907 0.30824
0.311373 3.35657 0.300635 0.00198038 0.3534 3.2907 0.30824
0.379658 3.17695 0.306356 0.00380677 0.3534 3.2907 0.30824
0.311373 3.35657 0.300635 0.00198038 0.3534 3.2907 0.30824
0.379658 3.17695 0.306356 0.00380677 0.3534 3.2907 0.30824
0.373625 3.34282 0.303544 0.00370963 0.3534 3.2907 0.30824
0.324176 3.1758 0.306775 0.0037878 0.3534 3.2907 0.30824
0.442211 3.25314 0.296863 0.00281412 0.3534 3.2907 0.30824
0.224729 3.21645 0.307028 0.00221269 0.3534 3.2907 0.30824
0.379658 3.17695 0.306356 0.00380677 0.3534 3.2907 0.30824
0.299762 3.26357 0.297806 0.00110743 0.3534 3.2907 0.30824
0.178612 3.27681 0.301214 0.000526417 0.3534 3.2907 0.30824
0.462904 3.13958 0.302482 0.00570047 0.3534 3.2907 0.30824
0.462904 3.13958 0.302482 0.00570047 0.3534 3.2907 0.30824
0.462904 3.13958 0.302482 0.00570047 0.3534 3.2907 0.30824
0.165338 3.24368 0.307876 0.000725568 0.3534 3.2907 0.30824
0.269626 3.41669 0.30331 0.000545857 0.3534 3.2907 0.30824
0.462904 3.13958 0.302482 0.00570047 0.3534 3.2907 0.30824
0.462904 3.13958 0.302482 0.00570047 0.3534 3.2907 0.30824
0.462904 3.13958 0.302482 0.00570047 0.3534 3.2907 0.30824
0.471048 3.18314 0.306766 0.00104305 0.3534 3.2907 0.30824
0.224729 3.21645 0.307028 0.00221269 0.3534 3.2907 0.30824
0.373625 3.34282 0.303544 0.00370963 0.3534 3.2907 0.30824
0.324176 3.1758 0.306775 0.0037878 0.3534 3.2907 0.30824
0.483106 3.2816 0.305254 0.00159344 0.3534 3.2907 0.30824
0.379658 3.17695 0.306356 0.00380677 0.3534 3.2907 0.30824
0.324176 3.1758 0.306775 0.0037878 0.3534 3.2907 0.30824
0.483106 3.2816 0.305254 0.00159344 0.3534 3.2907 0.30824
0.165338 3.24368 0.307876 0.000725568 0.3534 3.2907 0.30824
0.135694 3.2096 0.30166 0.00024877 0.3534 3.2907 0.30824
0.462904 3.13958 0.302482 0.00570047 0.3534 3.2907 0.30824
0.304912 3.11918 0.308698 0.00102709 0.3534 3.2907 0.30824
0.379658 3.17695 0.306356 0.00380677 0.3534 3.2907 0.30824
0.324176 3.1758 0.306775 0.0037878 0.3534 3.2907 0.30824
0.224729 3.21645 0.307028 0.00221269 0.3534 3.2907 0.30824
0.373625 3.34282 0.303544 0.00370963 0.3534 3.2907 0.30824
0.165338 3.24368 0.307876 0.000725568 0.3534 3.2907 0.30824
0.442211 3.25314 0.296863 0.00281412 0.3534 3.2907 0.30824
0.324176 3.1758 0.306775 0.0037878 0.3534 3.2907 0.30824
0.462904 3.13958 0.302482 0.00570047 0.3534 3.2907 0.30824
0.442211 3.25314 0.296863 0.00281412 0.3534 3.2907 0.30824
0.462904 3.13958 0.302482 0.00570047 0.3534 3.2907 0.30824
0.319523 3.18035 0.306604 0.0041291 0.3534 3.2907 0.30824
0.311373 3.35657 0.300635 0.00198038 0.3534 3.2907 0.30824
0.483106 3.2816 0.305254 0.00159344 0.3534 3.2907 0.30824
0.299762 3.26357 0.297806 0.00110743 0.3534 3.2907 0.30824
0.471048 3.18314 0.306766 0.00104305 0.3534 3.2907 0.30824
0.165338 3.24368 0.307876 0.000725568 0.3534 3.2907 0.30824
0.308771 3.45736 0.306093 0.000132077 0.3534 3.2907 0.30824
0.324176 3.1758 0.306775 0.0037878 0.3534 3.2907 0.30824
0.373625 3.34282 0.303544 0.00370963 0.3534 3.2907 0.30824
0.442211 3.25314 0.296863 0.00281412 0.3534 3.2907 0.30824
0.442211 3.25314 0.296863 0.00281412 0.3534 3.2907 0.30824
0.165338 3.24368 0.307876 0.000725568 0.3534 3.2907 0.30824
0.554414 3.32001 0.303388 0.000780296 0.3534 3.2907 0.30824
0.471048 3.18314 0.306766 0.00104305 0.3534 3.2907 0.30824
0.304912 3.11918 0.308698 0.00102709 0.3534 3.2907 0.30824
0.183896 3.20973 0.307917 0.00104364 0.3534 3.2907 0.30824
0.319523 3.18035 0.306604 0.0041291 0.3534 3.2907 0.30824
0.319523 3.18035 0.306604 0.0041291 0.3534 3.2907 0.30824
0.373625 3.34282 0.303544 0.00370963 0.3534 3.2907 0.30824
0.373625 3.34282 0.303544 0.00370963 0.3534 3.2907 0.30824
0.462904 3.13958 0.302482 0.00570047 0.3534 3.2907 0.30824
0.442211 3.25314 0.296863 0.00281412 0.3534 3.2907 0.30824
0.379658 3.17695 0.306356 0.00380677 0.3534 3.2907 0.30824
0.471048 3.18314 0.306766 0.00104305 0.3534 3.2907 0.30824
0.319523 3.18035 0.306604 0.0041291 0.3534 3.2907 0.30824
0.224729 3.21645 0.307028 0.00221269 0.3534 3.2907 0.30824
0.224729 3.21645 0.307028 0.00221269 0.3534 3.2907 0.30824
0.554414 3.32001 0.303388 0.000780296 0.3534 3.2907 0.30824
0.483106 3.2816 0.305254 0.00159344 0.3534 3.2907 0.30824
0.483106 3.2816 0.305254 0.00159344 0.3534 3.2907 0.30824
0.373625 3.34282 0.303544 0.00370963 0.3534 3.2907 0.30824
0.319523 3.18035 0.306604 0.0041291 0.3534 3.2907 0.30824
0.483106 3.2816 0.305254 0.00159344 0.3534 3.2907 0.30824
0.127033 3.15273 0.31113 9.57656e-05 0.3534 3.2907 0.30824
0.304912 3.11918 0.308698 0.00102709 0.3534 3.2907 0.30824
0.324176 3.1758 0.306775 0.0037878 0.3534 3.2907 0.30824
0.324176 3.1758 0.306775 0.0037878 0.3534 3.2907 0.30824
0.329235 3.01096 0.307104 0.000477049 0.3534 3.2907 0.30824
0.379658 3.17695 0.306356 0.00380677 0.3534 3.2907 0.30824
0.34763 3.22483 0.310494 0.000236468 0.3534 3.2907 0.30824
0.379658 3.17695 0.306356 0.00380677 0.3534 3.2907 0.30824
0.269626 3.41669 0.30331 0.000545857 0.3534 3.2907 0.30824
0.299762 3.26357 0.297806 0.00110743 0.3534 3.2907 0.30824
0.311373 3.35657 0.300635 0.00198038 0.3534 3.2907 0.30824
0.617246 3.18854 0.293294 0.000152392 0.3534 3.2907 0.30824
0.483106 3.2816 0.305254 0.00159344 0.3534 3.2907 0.30824
0.319523 3.18035 0.306604 0.0041291 0.3534 3.2907 0.30824
0.554414 3.32001 0.303388 0.000780296 0.3534 3.2907 0.30824
0.304912 3.11918 0.308698 0.00102709 0.3534 3.2907 0.30824
0.319523 3.18035 0.306604 0.0041291 0.3534 3.2907 0.30824
0.471048 3.18314 0.306766 0.00104305 0.3534 3.2907 0.30824
0.483106 3.2816 0.305254 0.00159344 0.3534 3.2907 0.30824
0.379658 3.17695 0.306356 0.00380677 0.3534 3.2907 0.30824
0.373625 3.34282 0.303544 0.00370963 0.3534 3.2907 0.30824
0.462904 3.13958 0.302482 0.00570047 0.3534 3.2907 0.30824
0.183896 3.20973 0.307917 0.00104364 0.3534 3.2907 0.30824
0.319523 3.18035 0.306604 0.0041291 0.3534 3.2907 0.30824
0.116256 3.05154 0.30878 8.96172e-05 0.3534 3.2907 0.30824
0.319523 3.18035 0.306604 0.0041291 0.3534 3.2907 0.30824
0.324176 3.1758 0.306775 0.0037878 0.3534 3.2907 0.30824
0.442211 3.25314 0.296863 0.00281412 0.3534 3.2907 0.30824
0.178612 3.27681 0.301214 0.000526417 0.3534 3.2907 0.30824
0.319523 3.18035 0.306604 0.0041291 0.3534 3.2907 0.30824
0.442211 3.25314 0.296863 0.00281412 0.3534 3.2907 0.30824
0.462904 3.13958 0.302482 0.00570047 0.3534 3.2907 0.30824
0.224729 3.21645 0.307028 0.00221269 0.3534 3.2907 0.30824
0.311373 3.35657 0.300635 0.00198038 0.3534 3.2907 0.30824
0.483106 3.2816 0.305254 0.00159344 0.3534 3.2907 0.30824
0.104904 3.34242 0.306955 9.90868e-05 0.3534 3.2907 0.30824
0.324176 3.1758 0.306775 0.0037878 0.3534 3.2907 0.30824
0.311373 3.35657 0.300635 0.00198038 0.3534 3.2907 0.30824
0.373625 3.34282 0.303544 0.00370963 0.3534 3.2907 0.30824
0.373625 3.34282 0.303544 0.00370963 0.3534 3.2907 0.30824
0.324176 3.1758 0.306775 0.0037878 0.3534 3.2907 0.30824
0.324176 3.1758 0.306775 0.0037878 0.3534 3.2907 0.30824
0.379658 3.17695 0.306356 0.00380677 0.3534 3.2907 0.30824
0.224729 3.21645 0.307028 0.00221269 0.3534 3.2907 0.30824
0.319523 3.18035 0.306604 0.0041291 0.3534 3.2907 0.30824
0.462904 3.13958 0.302482 0.00570047 0.3534 3.2907 0.30824
0.373625 3.34282 0.303544 0.00370963 0.3534 3.2907 0.30824
0.483106 3.2816 0.305254 0.00159344 0.3534 3.2907 0.30824
0.324176 3.1758 0.306775 0.0037878 0.3534 3.2907 0.30824
0.373625 3.34282 0.303544 0.00370963 0.3534 3.2907 0.30824
0.319523 3.18035 0.306604 0.0041291 0.3534 3.2907 0.30824
0.462904 3.13958 0.302482 0.00570047 0.3534 3.2907 0.30824
0.462904 3.13958 0.302482 0.00570047 0.3534 3.2907 0.30824
0.462904 3.13958 0.302482 0.00570047 0.3534 3.2907 0.30824
0.324176 3.1758 0.306775 0.0037878 0.3534 3.2907 0.30824
0.319523 3.18035 0.306604 0.0041291 0.3534 3.2907 0.30824
0.319523 3.18035 0.306604 0.0041291 0.3534 3.2907 0.30824
0.319523 3.18035 0.306604 0.0041291 0.3534 3.2907 0.30824
0.329235 3.01096 0.307104 0.000477049 0.3534 3.2907 0.30824
0.299762 3.26357 0.297806 0.00110743 0.3534 3.2907 0.30824
0.379658 3.17695 0.306356 0.00380677 0.3534 3.2907 0.30824
0.462904 3.13958 0.302482 0.00570047 0.3534 3.2907 0.30824
0.442211 3.25314 0.296863 0.00281412 0.3534 3.2907 0.30824
0.178612 3.27681 0.301214 0.000526417 0.3534 3.2907 0.30824
0.319523 3.18035 0.306604 0.0041291 0.3534 3.2907 0.30824
0.482127 3.46016 0.300111 0.000308074 0.3534 3.2907 0.30824
0.379658 3.17695 0.306356 0.00380677 0.3534 3.2907 0.30824
0.319523 3.18035 0.306604 0.0041291 0.3534 3.2907 0.30824
0.183896 3.20973 0.307917 0.00104364 0.3534 3.2907 0.30824
0.442211 3.25314 0.296863 0.00281412 0.3534 3.2907 0.30824
0.183896 3.20973 0.307917 0.00104364 0.3534 3.2907 0.30824
0.471048 3.18314 0.306766 0.00104305 0.3534 3.2907 0.30824
0.462904 3.13958 0.302482 0.00570047 0.3534 3.2907 0.30824
0.373625 3.34282 0.303544 0.00370963 0.3534 3.2907 0.30824
0.462904 3.13958 0.302482 0.00570047 0.3534 3.2907 0.30824
0.299762 3.26357 0.297806 0.00110743 0.3534 3.2907 0.30824
0.319523 3.18035 0.306604 0.0041291 0.3534 3.2907 0.30824
0.373625 3.34282 0.303544 0.00370963 0.3534 3.2907 0.30824
0.442211 3.25314 0.296863 0.00281412 0.3534 3.2907 0.30824
0.324176 3.1758 0.306775 0.0037878 0.3534 3.2907 0.30824
0.308771 3.45736 0.306093 0.000132077 0.3534 3.2907 0.30824
0.373625 3.34282 0.303544 0.00370963 0.3534 3.2907 0.30824
0.373625 3.34282 0.303544 0.00370963 0.3534 3.2907 0.30824
0.269626 3.41669 0.30331 0.000545857 0.3534 3.2907 0.30824
0.187524 3.14557 0.301129 0.00057387 0.3534 3.2907 0.30824
0.319523 3.18035 0.306604 0.0041291 0.3534 3.2907 0.30824
0.471048 3.18314 0.306766 0.00104305 0.3534 3.2907 0.30824
0.299762 3.26357 0.297806 0.00110743 0.3534 3.2907 0.30824
0.269626 3.41669 0.30331 0.000545857 0.3534 3.2907 0.30824
0.462904 3.13958 0.302482 0.00570047 0.3534 3.2907 0.30824
0.462904 3.13958 0.302482 0.00570047 0.3534 3.2907 0.30824
0.462904 3.13958 0.302482 0.00570047 0.3534 3.2907 0.30824
0.462904 3.13958 0.302482 0.00570047 0.3534 3.2907 0.30824
0.324176 3.1758 0.306775 0.0037878 0.3534 3.2907 0.30824
0.319523 3.18035 0.306604 0.0041291 0.3534 3.2907 0.30824
0.471048 3.18314 0.306766 0.00104305 0.3534 3.2907 0.30824
