271.09 -11.48 3.9499 1.64559 271.39 -11.412 3.9507
271.036 -11.4269 3.93754 0.0989434 271.39 -11.412 3.9507
270.896 -11.6287 3.94249 0.218212 271.39 -11.412 3.9507
271.368 -11.4066 3.95336 1.56479 271.39 -11.412 3.9507
271.398 -11.5444 3.9525 0.880435 271.39 -11.412 3.9507
271.368 -11.5339 3.95583 1.64899 271.39 -11.412 3.9507
271.368 -11.5339 3.95583 1.64899 271.39 -11.412 3.9507
271.09 -11.48 3.9499 1.64559 271.39 -11.412 3.9507
271.398 -11.5444 3.9525 0.880435 271.39 -11.412 3.9507
271.353 -11.5228 3.95386 1.77648 271.39 -11.412 3.9507
271.364 -11.542 3.95256 1.25608 271.39 -11.412 3.9507
271.102 -11.2662 3.95297 0.181711 271.39 -11.412 3.9507
271.353 -11.5228 3.95386 1.77648 271.39 -11.412 3.9507
271.364 -11.542 3.95256 1.25608 271.39 -11.412 3.9507
271.102 -11.2662 3.95297 0.181711 271.39 -11.412 3.9507
271.194 -11.2261 3.95281 0.228682 271.39 -11.412 3.9507
271.584 -11.2061 3.95575 0.015618 271.39 -11.412 3.9507
271.074 -11.2297 3.94304 0.14805 271.39 -11.412 3.9507
271.012 -11.4149 3.9488 0.934677 271.39 -11.412 3.9507
271.012 -11.4149 3.9488 0.934677 271.39 -11.412 3.9507
271.012 -11.4149 3.9488 0.934677 271.39 -11.412 3.9507
271.281 -11.219 3.95014 0.194552 271.39 -11.412 3.9507
271.253 -11.2264 3.94886 0.208105 271.39 -11.412 3.9507
271.364 -11.542 3.95256 1.25608 271.39 -11.412 3.9507
271.266 -11.3436 3.95915 0.244539 271.39 -11.412 3.9507
271.353 -11.5228 3.95386 1.77648 271.39 -11.412 3.9507
271.301 -11.5617 3.95393 1.60164 271.39 -11.412 3.9507
271.353 -11.5228 3.95386 1.77648 271.39 -11.412 3.9507
271.09 -11.48 3.9499 1.64559 271.39 -11.412 3.9507
270.97 -11.458 3.95219 0.121627 271.39 -11.412 3.9507
271.216 -11.2688 3.95035 0.593086 271.39 -11.412 3.9507
271.368 -11.5339 3.95583 1.64899 271.39 -11.412 3.9507
271.364 -11.542 3.95256 1.25608 271.39 -11.412 3.9507
271.194 -11.2261 3.95281 0.228682 271.39 -11.412 3.9507
271.056 -11.6394 3.94563 0.460872 271.39 -11.412 3.9507
271.368 -11.4066 3.95336 1.56479 271.39 -11.412 3.9507
271.353 -11.5228 3.95386 1.77648 271.39 -11.412 3.9507
271.166 -11.3646 3.9432 0.36409 271.39 -11.412 3.9507
271.368 -11.5339 3.95583 1.64899 271.39 -11.412 3.9507
271.398 -11.5444 3.9525 0.880435 271.39 -11.412 3.9507
271.353 -11.5228 3.95386 1.77648 271.39 -11.412 3.9507
270.84 -11.4559 3.94576 0.194212 271.39 -11.412 3.9507
271.12 -11.2145 3.94166 0.0448056 271.39 -11.412 3.9507
271.012 -11.4149 3.9488 0.934677 271.39 -11.412 3.9507
271.266 -11.3436 3.95915 0.244539 271.39 -11.412 3.9507
271.09 -11.48 3.9499 1.64559 271.39 -11.412 3.9507
271.216 -11.2688 3.95035 0.593086 271.39 -11.412 3.9507
271.364 -11.542 3.95256 1.25608 271.39 -11.412 3.9507
271.368 -11.4066 3.95336 1.56479 271.39 -11.412 3.9507
271.584 -11.2061 3.95575 0.015618 271.39 -11.412 3.9507
271.364 -11.542 3.95256 1.25608 271.39 -11.412 3.9507
271.012 -11.4149 3.9488 0.934677 271.39 -11.412 3.9507
271.12 -11.2145 3.94166 0.0448056 271.39 -11.412 3.9507
271.166 -11.3646 3.9432 0.36409 271.39 -11.412 3.9507
271.09 -11.48 3.9499 1.64559 271.39 -11.412 3.9507
270.854 -11.5962 3.94086 0.229858 271.39 -11.412 3.9507
271.507 -11.5181 3.96139 0.773284 271.39 -11.412 3.9507
271.353 -11.5228 3.95386 1.77648 271.39 -11.412 3.9507
271.353 -11.5228 3.95386 1.77648 271.39 -11.412 3.9507
271.368 -11.4066 3.95336 1.56479 271.39 -11.412 3.9507
271.036 -11.4269 3.93754 0.0989434 271.39 -11.412 3.9507
271.353 -11.5228 3.95386 1.77648 271.39 -11.412 3.9507
271.09 -11.48 3.9499 1.64559 271.39 -11.412 3.9507
270.9 -11.2339 3.94451 0.100687 271.39 -11.412 3.9507
271.301 -11.5617 3.95393 1.60164 271.39 -11.412 3.9507
271.364 -11.542 3.95256 1.25608 271.39 -11.412 3.9507
271.368 -11.4066 3.95336 1.56479 271.39 -11.412 3.9507
271.301 -11.5617 3.95393 1.60164 271.39 -11.412 3.9507
271.301 -11.5617 3.95393 1.60164 271.39 -11.412 3.9507
271.301 -11.5617 3.95393 1.60164 271.39 -11.412 3.9507
271.253 -11.2264 3.94886 0.208105 271.39 -11.412 3.9507
271.09 -11.48 3.9499 1.64559 271.39 -11.412 3.9507
271.012 -11.4149 3.9488 0.934677 271.39 -11.412 3.9507
271.166 -11.3646 3.9432 0.36409 271.39 -11.412 3.9507
271.301 -11.5617 3.95393 1.60164 271.39 -11.412 3.9507
271.353 -11.5228 3.95386 1.77648 271.39 -11.412 3.9507
271.368 -11.5339 3.95583 1.64899 271.39 -11.412 3.9507
271.166 -11.3646 3.9432 0.36409 271.39 -11.412 3.9507
271.215 -11.4457 3.95966 0.147109 271.39 -11.412 3.9507
271.368 -11.4066 3.95336 1.56479 271.39 -11.412 3.9507
271.056 -11.6394 3.94563 0.460872 271.39 -11.412 3.9507
271.194 -11.2261 3.95281 0.228682 271.39 -11.412 3.9507
271.057 -11.1867 3.94394 0.0865644 271.39 -11.412 3.9507
271.507 -11.5181 3.96139 0.773284 271.39 -11.412 3.9507
271.507 -11.5181 3.96139 0.773284 271.39 -11.412 3.9507
271.09 -11.48 3.9499 1.64559 271.39 -11.412 3.9507
271.09 -11.48 3.9499 1.64559 271.39 -11.412 3.9507
271.026 -11.4021 3.93767 0.115553 271.39 -11.412 3.9507
271.107 -11.2961 3.95376 0.213998 271.39 -11.412 3.9507
271.012 -11.4149 3.9488 0.934677 271.39 -11.412 3.9507
271.216 -11.2688 3.95035 0.593086 271.39 -11.412 3.9507
271.398 -11.5444 3.9525 0.880435 271.39 -11.412 3.9507
271.09 -11.48 3.9499 1.64559 271.39 -11.412 3.9507
271.398 -11.5444 3.9525 0.880435 271.39 -11.412 3.9507
271.301 -11.5617 3.95393 1.60164 271.39 -11.412 3.9507
270.619 -11.4435 3.94036 0.0134346 271.39 -11.412 3.9507
271.398 -11.5444 3.9525 0.880435 271.39 -11.412 3.9507
271.368 -11.5339 3.95583 1.64899 271.39 -11.412 3.9507
271.364 -11.542 3.95256 1.25608 271.39 -11.412 3.9507
271.368 -11.5339 3.95583 1.64899 271.39 -11.412 3.9507
271.364 -11.542 3.95256 1.25608 271.39 -11.412 3.9507
271.368 -11.5339 3.95583 1.64899 271.39 -11.412 3.9507
271.364 -11.542 3.95256 1.25608 271.39 -11.412 3.9507
271.09 -11.48 3.9499 1.64559 271.39 -11.412 3.9507
271.364 -11.542 3.95256 1.25608 271.39 -11.412 3.9507
271.301 -11.5617 3.95393 1.60164 271.39 -11.412 3.9507
271.364 -11.542 3.95256 1.25608 271.39 -11.412 3.9507
271.126 -11.252 3.94599 0.346866 271.39 -11.412 3.9507
271.09 -11.48 3.9499 1.64559 271.39 -11.412 3.9507
271.194 -11.2261 3.95281 0.228682 271.39 -11.412 3.9507
271.353 -11.5228 3.95386 1.77648 271.39 -11.412 3.9507
271.398 -11.5444 3.9525 0.880435 271.39 -11.412 3.9507
271.301 -11.5617 3.95393 1.60164 271.39 -11.412 3.9507
271.301 -11.5617 3.95393 1.60164 271.39 -11.412 3.9507
270.831 -11.4077 3.94598 0.13712 271.39 -11.412 3.9507
271.301 -11.5617 3.95393 1.60164 271.39 -11.412 3.9507
271.368 -11.4066 3.95336 1.56479 271.39 -11.412 3.9507
271.353 -11.5228 3.95386 1.77648 271.39 -11.412 3.9507
271.353 -11.5228 3.95386 1.77648 271.39 -11.412 3.9507
270.97 -11.458 3.95219 0.121627 271.39 -11.412 3.9507
271.025 -11.2922 3.9516 0.150842 271.39 -11.412 3.9507
271.368 -11.4066 3.95336 1.56479 271.39 -11.412 3.9507
271.398 -11.5444 3.9525 0.880435 271.39 -11.412 3.9507
271.09 -11.48 3.9499 1.64559 271.39 -11.412 3.9507
270.986 -11.6733 3.94469 0.202236 271.39 -11.412 3.9507
271.353 -11.5228 3.95386 1.77648 271.39 -11.412 3.9507
271.353 -11.5228 3.95386 1.77648 271.39 -11.412 3.9507
271.364 -11.542 3.95256 1.25608 271.39 -11.412 3.9507
271.301 -11.5617 3.95393 1.60164 271.39 -11.412 3.9507
271.368 -11.5339 3.95583 1.64899 271.39 -11.412 3.9507
270.847 -11.4295 3.9466 0.152915 271.39 -11.412 3.9507
271.368 -11.5339 3.95583 1.64899 271.39 -11.412 3.9507
271.368 -11.4066 3.95336 1.56479 271.39 -11.412 3.9507
271.09 -11.48 3.9499 1.64559 271.39 -11.412 3.9507
271.163 -11.3526 3.95619 0.286978 271.39 -11.412 3.9507
271.215 -11.4457 3.95966 0.147109 271.39 -11.412 3.9507
271.09 -11.48 3.9499 1.64559 271.39 -11.412 3.9507
270.993 -11.1158 3.94726 0.0123419 271.39 -11.412 3.9507
271.058 -11.7424 3.94819 0.0720178 271.39 -11.412 3.9507
271.166 -11.3646 3.9432 0.36409 271.39 -11.412 3.9507
271.266 -11.3436 3.95915 0.244539 271.39 -11.412 3.9507
271.368 -11.5339 3.95583 1.64899 271.39 -11.412 3.9507
270.84 -11.4559 3.94576 0.194212 271.39 -11.412 3.9507
271.126 -11.252 3.94599 0.346866 271.39 -11.412 3.9507
271.216 -11.2688 3.95035 0.593086 271.39 -11.412 3.9507
271.102 -11.2662 3.95297 0.181711 271.39 -11.412 3.9507
271.281 -11.219 3.95014 0.194552 271.39 -11.412 3.9507
271.163 -11.3526 3.95619 0.286978 271.39 -11.412 3.9507
271.364 -11.542 3.95256 1.25608 271.39 -11.412 3.9507
271.301 -11.5617 3.95393 1.60164 271.39 -11.412 3.9507
271.301 -11.5617 3.95393 1.60164 271.39 -11.412 3.9507
271.09 -11.48 3.9499 1.64559 271.39 -11.412 3.9507
270.896 -11.6287 3.94249 0.218212 271.39 -11.412 3.9507
271.09 -11.48 3.9499 1.64559 271.39 -11.412 3.9507
271.398 -11.5444 3.9525 0.880435 271.39 -11.412 3.9507
271.216 -11.2688 3.95035 0.593086 271.39 -11.412 3.9507
271.301 -11.5617 3.95393 1.60164 271.39 -11.412 3.9507
271.353 -11.5228 3.95386 1.77648 271.39 -11.412 3.9507
271.368 -11.5339 3.95583 1.64899 271.39 -11.412 3.9507
271.507 -11.5181 3.96139 0.773284 271.39 -11.412 3.9507
271.353 -11.5228 3.95386 1.77648 271.39 -11.412 3.9507
271.153 -11.6906 3.95341 0.167721 271.39 -11.412 3.9507
271.368 -11.4066 3.95336 1.56479 271.39 -11.412 3.9507
271.09 -11.48 3.9499 1.64559 271.39 -11.412 3.9507
271.056 -11.6394 3.94563 0.460872 271.39 -11.412 3.9507
271.056 -11.6394 3.94563 0.460872 271.39 -11.412 3.9507
271.353 -11.5228 3.95386 1.77648 271.39 -11.412 3.9507
271.253 -11.2264 3.94886 0.208105 271.39 -11.412 3.9507
271.301 -11.5617 3.95393 1.60164 271.39 -11.412 3.9507
271.353 -11.5228 3.95386 1.77648 271.39 -11.412 3.9507
271.368 -11.4066 3.95336 1.56479 271.39 -11.412 3.9507
271.216 -11.2688 3.95035 0.593086 271.39 -11.412 3.9507
271.281 -11.219 3.95014 0.194552 271.39 -11.412 3.9507
271.368 -11.4066 3.95336 1.56479 271.39 -11.412 3.9507
271.364 -11.542 3.95256 1.25608 271.39 -11.412 3.9507
271.368 -11.4066 3.95336 1.56479 271.39 -11.412 3.9507
270.831 -11.4077 3.94598 0.13712 271.39 -11.412 3.9507
270.896 -11.6287 3.94249 0.218212 271.39 -11.412 3.9507
271.368 -11.5339 3.95583 1.64899 271.39 -11.412 3.9507
271.368 -11.5339 3.95583 1.64899 271.39 -11.412 3.9507
271.368 -11.4066 3.95336 1.56479 271.39 -11.412 3.9507
271.507 -11.5181 3.96139 0.773284 271.39 -11.412 3.9507
271.321 -11.5451 3.96522 0.0147154 271.39 -11.412 3.9507
271.301 -11.5617 3.95393 1.60164 271.39 -11.412 3.9507
271.368 -11.4066 3.95336 1.56479 271.39 -11.412 3.9507
271.012 -11.4149 3.9488 0.934677 271.39 -11.412 3.9507
271.368 -11.4066 3.95336 1.56479 271.39 -11.412 3.9507
271.012 -11.4149 3.9488 0.934677 271.39 -11.412 3.9507
271.09 -11.48 3.9499 1.64559 271.39 -11.412 3.9507
271.507 -11.5181 3.96139 0.773284 271.39 -11.412 3.9507
271.368 -11.4066 3.95336 1.56479 271.39 -11.412 3.9507
270.854 -11.5962 3.94086 0.229858 271.39 -11.412 3.9507
271.398 -11.5444 3.9525 0.880435 271.39 -11.412 3.9507
271.398 -11.5444 3.9525 0.880435 271.39 -11.412 3.9507
271.194 -11.2261 3.95281 0.228682 271.39 -11.412 3.9507
271.09 -11.48 3.9499 1.64559 271.39 -11.412 3.9507
271.012 -11.4149 3.9488 0.934677 271.39 -11.412 3.9507
271.353 -11.5228 3.95386 1.77648 271.39 -11.412 3.9507
270.847 -11.4295 3.9466 0.152915 271.39 -11.412 3.9507
270.896 -11.6287 3.94249 0.218212 271.39 -11.412 3.9507
