44.3967 11.2226 0.163752 0.214126 44.307 11.319 0.1717
44.3755 11.1233 0.164184 0.0445298 44.307 11.319 0.1717
44.2065 11.2814 0.167587 1.26344 44.307 11.319 0.1717
44.4198 11.4039 0.168401 0.500257 44.307 11.319 0.1717
44.2429 11.386 0.175585 0.128217 44.307 11.319 0.1717
44.4113 11.4247 0.164728 0.487291 44.307 11.319 0.1717
44.1189 11.3208 0.168209 0.979975 44.307 11.319 0.1717
44.3143 11.5007 0.163381 0.168634 44.307 11.319 0.1717
44.1156 11.4327 0.171823 1.75003 44.307 11.319 0.1717
44.2065 11.2814 0.167587 1.26344 44.307 11.319 0.1717
44.1156 11.4327 0.171823 1.75003 44.307 11.319 0.1717
44.208 11.4523 0.174579 0.515644 44.307 11.319 0.1717
44.2711 11.197 0.168984 0.330953 44.307 11.319 0.1717
44.4198 11.4039 0.168401 0.500257 44.307 11.319 0.1717
44.1189 11.3208 0.168209 0.979975 44.307 11.319 0.1717
44.1156 11.4327 0.171823 1.75003 44.307 11.319 0.1717
44.1156 11.4327 0.171823 1.75003 44.307 11.319 0.1717
44.1757 11.141 0.169872 0.0779678 44.307 11.319 0.1717
44.1847 11.2254 0.170371 0.475259 44.307 11.319 0.1717
44.2711 11.197 0.168984 0.330953 44.307 11.319 0.1717
44.1156 11.4327 0.171823 1.75003 44.307 11.319 0.1717
44.1156 11.4327 0.171823 1.75003 44.307 11.319 0.1717
44.1391 11.4859 0.178939 0.0215103 44.307 11.319 0.1717
44.0403 11.2999 0.174169 0.224767 44.307 11.319 0.1717
44.2525 11.5339 0.165117 0.263229 44.307 11.319 0.1717
44.1156 11.4327 0.171823 1.75003 44.307 11.319 0.1717
44.2711 11.197 0.168984 0.330953 44.307 11.319 0.1717
44.2065 11.2814 0.167587 1.26344 44.307 11.319 0.1717
44.1156 11.4327 0.171823 1.75003 44.307 11.319 0.1717
44.2711 11.197 0.168984 0.330953 44.307 11.319 0.1717
44.1189 11.3208 0.168209 0.979975 44.307 11.319 0.1717
44.1189 11.3208 0.168209 0.979975 44.307 11.319 0.1717
44.2429 11.386 0.175585 0.128217 44.307 11.319 0.1717
44.4198 11.4039 0.168401 0.500257 44.307 11.319 0.1717
44.208 11.4523 0.174579 0.515644 44.307 11.319 0.1717
44.4113 11.4247 0.164728 0.487291 44.307 11.319 0.1717
44.4198 11.4039 0.168401 0.500257 44.307 11.319 0.1717
44.4819 11.5184 0.165433 0.0733876 44.307 11.319 0.1717
44.1757 11.141 0.169872 0.0779678 44.307 11.319 0.1717
44.2638 11.1144 0.165922 0.0581864 44.307 11.319 0.1717
44.2525 11.5339 0.165117 0.263229 44.307 11.319 0.1717
44.0403 11.2999 0.174169 0.224767 44.307 11.319 0.1717
44.208 11.4523 0.174579 0.515644 44.307 11.319 0.1717
44.4113 11.4247 0.164728 0.487291 44.307 11.319 0.1717
44.1156 11.4327 0.171823 1.75003 44.307 11.319 0.1717
44.1156 11.4327 0.171823 1.75003 44.307 11.319 0.1717
44.2065 11.2814 0.167587 1.26344 44.307 11.319 0.1717
43.9931 11.3411 0.169615 0.198443 44.307 11.319 0.1717
44.3736 11.3871 0.163607 0.508727 44.307 11.319 0.1717
43.9931 11.3411 0.169615 0.198443 44.307 11.319 0.1717
44.2065 11.2814 0.167587 1.26344 44.307 11.319 0.1717
44.2065 11.2814 0.167587 1.26344 44.307 11.319 0.1717
44.2065 11.2814 0.167587 1.26344 44.307 11.319 0.1717
44.1189 11.3208 0.168209 0.979975 44.307 11.319 0.1717
44.1189 11.3208 0.168209 0.979975 44.307 11.319 0.1717
44.2065 11.2814 0.167587 1.26344 44.307 11.319 0.1717
44.3143 11.5007 0.163381 0.168634 44.307 11.319 0.1717
44.1977 11.4973 0.175442 0.279718 44.307 11.319 0.1717
44.208 11.4523 0.174579 0.515644 44.307 11.319 0.1717
44.2523 11.3787 0.173266 0.645528 44.307 11.319 0.1717
44.1156 11.4327 0.171823 1.75003 44.307 11.319 0.1717
44.1189 11.3208 0.168209 0.979975 44.307 11.319 0.1717
44.2429 11.386 0.175585 0.128217 44.307 11.319 0.1717
44.4113 11.4247 0.164728 0.487291 44.307 11.319 0.1717
44.3962 11.2005 0.165223 0.19752 44.307 11.319 0.1717
44.2065 11.2814 0.167587 1.26344 44.307 11.319 0.1717
44.1189 11.3208 0.168209 0.979975 44.307 11.319 0.1717
44.4198 11.4039 0.168401 0.500257 44.307 11.319 0.1717
44.0998 11.5723 0.169659 0.353191 44.307 11.319 0.1717
44.3967 11.2226 0.163752 0.214126 44.307 11.319 0.1717
44.0624 11.5048 0.166787 0.115598 44.307 11.319 0.1717
44.3736 11.3871 0.163607 0.508727 44.307 11.319 0.1717
44.2523 11.3787 0.173266 0.645528 44.307 11.319 0.1717
44.1847 11.2254 0.170371 0.475259 44.307 11.319 0.1717
44.1977 11.4973 0.175442 0.279718 44.307 11.319 0.1717
44.0898 11.5322 0.168065 0.292021 44.307 11.319 0.1717
44.1156 11.4327 0.171823 1.75003 44.307 11.319 0.1717
44.208 11.4523 0.174579 0.515644 44.307 11.319 0.1717
44.3736 11.3871 0.163607 0.508727 44.307 11.319 0.1717
44.4198 11.4039 0.168401 0.500257 44.307 11.319 0.1717
44.1156 11.4327 0.171823 1.75003 44.307 11.319 0.1717
44.1156 11.4327 0.171823 1.75003 44.307 11.319 0.1717
44.4198 11.4039 0.168401 0.500257 44.307 11.319 0.1717
44.2429 11.386 0.175585 0.128217 44.307 11.319 0.1717
44.1568 11.6199 0.168425 0.150487 44.307 11.319 0.1717
44.1847 11.2254 0.170371 0.475259 44.307 11.319 0.1717
44.1156 11.4327 0.171823 1.75003 44.307 11.319 0.1717
44.3773 11.1352 0.16754 0.0481569 44.307 11.319 0.1717
44.1156 11.4327 0.171823 1.75003 44.307 11.319 0.1717
44.0403 11.2999 0.174169 0.224767 44.307 11.319 0.1717
44.3143 11.5007 0.163381 0.168634 44.307 11.319 0.1717
44.0403 11.2999 0.174169 0.224767 44.307 11.319 0.1717
44.1156 11.4327 0.171823 1.75003 44.307 11.319 0.1717
44.2523 11.3787 0.173266 0.645528 44.307 11.319 0.1717
44.2429 11.386 0.175585 0.128217 44.307 11.319 0.1717
44.1156 11.4327 0.171823 1.75003 44.307 11.319 0.1717
44.2638 11.1144 0.165922 0.0581864 44.307 11.319 0.1717
44.2429 11.386 0.175585 0.128217 44.307 11.319 0.1717
43.9931 11.3411 0.169615 0.198443 44.307 11.319 0.1717
44.1156 11.4327 0.171823 1.75003 44.307 11.319 0.1717
44.1189 11.3208 0.168209 0.979975 44.307 11.319 0.1717
44.3736 11.3871 0.163607 0.508727 44.307 11.319 0.1717
44.1156 11.4327 0.171823 1.75003 44.307 11.319 0.1717
44.1847 11.2254 0.170371 0.475259 44.307 11.319 0.1717
44.2523 11.3787 0.173266 0.645528 44.307 11.319 0.1717
44.1156 11.4327 0.171823 1.75003 44.307 11.319 0.1717
44.4991 11.3713 0.168023 0.0979327 44.307 11.319 0.1717
44.3736 11.3871 0.163607 0.508727 44.307 11.319 0.1717
44.2523 11.3787 0.173266 0.645528 44.307 11.319 0.1717
44.1156 11.4327 0.171823 1.75003 44.307 11.319 0.1717
44.1156 11.4327 0.171823 1.75003 44.307 11.319 0.1717
44.0898 11.5322 0.168065 0.292021 44.307 11.319 0.1717
44.4198 11.4039 0.168401 0.500257 44.307 11.319 0.1717
43.9931 11.3411 0.169615 0.198443 44.307 11.319 0.1717
44.1847 11.2254 0.170371 0.475259 44.307 11.319 0.1717
44.2065 11.2814 0.167587 1.26344 44.307 11.319 0.1717
44.208 11.4523 0.174579 0.515644 44.307 11.319 0.1717
44.0898 11.5322 0.168065 0.292021 44.307 11.319 0.1717
44.4991 11.3713 0.168023 0.0979327 44.307 11.319 0.1717
44.1156 11.4327 0.171823 1.75003 44.307 11.319 0.1717
44.208 11.4523 0.174579 0.515644 44.307 11.319 0.1717
44.0998 11.5723 0.169659 0.353191 44.307 11.319 0.1717
44.4198 11.4039 0.168401 0.500257 44.307 11.319 0.1717
44.0403 11.2999 0.174169 0.224767 44.307 11.319 0.1717
44.208 11.4523 0.174579 0.515644 44.307 11.319 0.1717
44.2711 11.197 0.168984 0.330953 44.307 11.319 0.1717
44.2523 11.3787 0.173266 0.645528 44.307 11.319 0.1717
44.1156 11.4327 0.171823 1.75003 44.307 11.319 0.1717
44.1189 11.3208 0.168209 0.979975 44.307 11.319 0.1717
44.1156 11.4327 0.171823 1.75003 44.307 11.319 0.1717
44.0998 11.5723 0.169659 0.353191 44.307 11.319 0.1717
44.4113 11.4247 0.164728 0.487291 44.307 11.319 0.1717
44.1156 11.4327 0.171823 1.75003 44.307 11.319 0.1717
44.3967 11.2226 0.163752 0.214126 44.307 11.319 0.1717
44.1156 11.4327 0.171823 1.75003 44.307 11.319 0.1717
44.0403 11.2999 0.174169 0.224767 44.307 11.319 0.1717
44.3962 11.2005 0.165223 0.19752 44.307 11.319 0.1717
44.1156 11.4327 0.171823 1.75003 44.307 11.319 0.1717
44.1189 11.3208 0.168209 0.979975 44.307 11.319 0.1717
44.1156 11.4327 0.171823 1.75003 44.307 11.319 0.1717
44.2065 11.2814 0.167587 1.26344 44.307 11.319 0.1717
44.1156 11.4327 0.171823 1.75003 44.307 11.319 0.1717
44.3736 11.3871 0.163607 0.508727 44.307 11.319 0.1717
44.1847 11.2254 0.170371 0.475259 44.307 11.319 0.1717
44.208 11.4523 0.174579 0.515644 44.307 11.319 0.1717
44.0898 11.5322 0.168065 0.292021 44.307 11.319 0.1717
44.1847 11.2254 0.170371 0.475259 44.307 11.319 0.1717
44.4198 11.4039 0.168401 0.500257 44.307 11.319 0.1717
44.0898 11.5322 0.168065 0.292021 44.307 11.319 0.1717
44.228 11.6776 0.170631 0.0720682 44.307 11.319 0.1717
44.228 11.6776 0.170631 0.0720682 44.307 11.319 0.1717
44.208 11.4523 0.174579 0.515644 44.307 11.319 0.1717
44.1189 11.3208 0.168209 0.979975 44.307 11.319 0.1717
44.2065 11.2814 0.167587 1.26344 44.307 11.319 0.1717
44.1847 11.2254 0.170371 0.475259 44.307 11.319 0.1717
44.1847 11.2254 0.170371 0.475259 44.307 11.319 0.1717
44.1847 11.2254 0.170371 0.475259 44.307 11.319 0.1717
44.2387 11.1839 0.16526 0.208942 44.307 11.319 0.1717
44.4113 11.4247 0.164728 0.487291 44.307 11.319 0.1717
44.2525 11.5339 0.165117 0.263229 44.307 11.319 0.1717
44.1156 11.4327 0.171823 1.75003 44.307 11.319 0.1717
44.0898 11.5322 0.168065 0.292021 44.307 11.319 0.1717
44.2525 11.5339 0.165117 0.263229 44.307 11.319 0.1717
44.4218 11.3732 0.173103 0.0283198 44.307 11.319 0.1717
44.2523 11.3787 0.173266 0.645528 44.307 11.319 0.1717
44.1757 11.141 0.169872 0.0779678 44.307 11.319 0.1717
44.1156 11.4327 0.171823 1.75003 44.307 11.319 0.1717
44.228 11.6776 0.170631 0.0720682 44.307 11.319 0.1717
44.1189 11.3208 0.168209 0.979975 44.307 11.319 0.1717
44.1156 11.4327 0.171823 1.75003 44.307 11.319 0.1717
44.2711 11.197 0.168984 0.330953 44.307 11.319 0.1717
44.1156 11.4327 0.171823 1.75003 44.307 11.319 0.1717
44.0403 11.2999 0.174169 0.224767 44.307 11.319 0.1717
44.4113 11.4247 0.164728 0.487291 44.307 11.319 0.1717
44.3736 11.3871 0.163607 0.508727 44.307 11.319 0.1717
44.3736 11.3871 0.163607 0.508727 44.307 11.319 0.1717
44.2065 11.2814 0.167587 1.26344 44.307 11.319 0.1717
44.1156 11.4327 0.171823 1.75003 44.307 11.319 0.1717
44.2065 11.2814 0.167587 1.26344 44.307 11.319 0.1717
44.0624 11.5048 0.166787 0.115598 44.307 11.319 0.1717
44.2711 11.197 0.168984 0.330953 44.307 11.319 0.1717
44.3736 11.3871 0.163607 0.508727 44.307 11.319 0.1717
44.3962 11.2005 0.165223 0.19752 44.307 11.319 0.1717
44.0683 11.1678 0.168414 0.051222 44.307 11.319 0.1717
44.3736 11.3871 0.163607 0.508727 44.307 11.319 0.1717
44.1847 11.2254 0.170371 0.475259 44.307 11.319 0.1717
44.2065 11.2814 0.167587 1.26344 44.307 11.319 0.1717
44.1156 11.4327 0.171823 1.75003 44.307 11.319 0.1717
44.1156 11.4327 0.171823 1.75003 44.307 11.319 0.1717
44.3143 11.5007 0.163381 0.168634 44.307 11.319 0.1717
44.208 11.4523 0.174579 0.515644 44.307 11.319 0.1717
44.0998 11.5723 0.169659 0.353191 44.307 11.319 0.1717
44.2065 11.2814 0.167587 1.26344 44.307 11.319 0.1717
44.4198 11.4039 0.168401 0.500257 44.307 11.319 0.1717
44.2065 11.2814 0.167587 1.26344 44.307 11.319 0.1717
44.1189 11.3208 0.168209 0.979975 44.307 11.319 0.1717
44.2065 11.2814 0.167587 1.26344 44.307 11.319 0.1717
44.2525 11.5339 0.165117 0.263229 44.307 11.319 0.1717
44.1156 11.4327 0.171823 1.75003 44.307 11.319 0.1717
44.2525 11.5339 0.165117 0.263229 44.307 11.319 0.1717
