58.4986 -51.9268 3.88643 0.0608076 58.609 -52.134 3.8839
58.5222 -52.0846 3.8897 0.0669097 58.609 -52.134 3.8839
58.5921 -51.8455 3.89074 0.163258 58.609 -52.134 3.8839
58.4916 -51.8969 3.88817 0.0886397 58.609 -52.134 3.8839
58.642 -51.9518 3.8909 0.210133 58.609 -52.134 3.8839
58.5006 -51.9013 3.89659 0.0566462 58.609 -52.134 3.8839
58.642 -51.9518 3.8909 0.210133 58.609 -52.134 3.8839
58.805 -51.9694 3.8954 0.0139645 58.609 -52.134 3.8839
58.5053 -51.6269 3.89106 0.00166533 58.609 -52.134 3.8839
58.4986 -51.9268 3.88643 0.0608076 58.609 -52.134 3.8839
58.6281 -52.037 3.89127 0.130466 58.609 -52.134 3.8839
58.7664 -51.9817 3.89345 0.0404347 58.609 -52.134 3.8839
58.7664 -51.9817 3.89345 0.0404347 58.609 -52.134 3.8839
58.475 -52.0193 3.88375 0.01622 58.609 -52.134 3.8839
58.7005 -51.8002 3.89131 0.0591929 58.609 -52.134 3.8839
58.642 -51.9518 3.8909 0.210133 58.609 -52.134 3.8839
58.6281 -52.037 3.89127 0.130466 58.609 -52.134 3.8839
58.4986 -51.9268 3.88643 0.0608076 58.609 -52.134 3.8839
58.4986 -51.9268 3.88643 0.0608076 58.609 -52.134 3.8839
58.642 -51.9518 3.8909 0.210133 58.609 -52.134 3.8839
58.642 -51.9518 3.8909 0.210133 58.609 -52.134 3.8839
58.363 -52.1412 3.88432 0.00142763 58.609 -52.134 3.8839
58.4916 -51.8969 3.88817 0.0886397 58.609 -52.134 3.8839
58.642 -51.9518 3.8909 0.210133 58.609 -52.134 3.8839
58.4916 -51.8969 3.88817 0.0886397 58.609 -52.134 3.8839
58.7664 -51.9817 3.89345 0.0404347 58.609 -52.134 3.8839
58.805 -51.9694 3.8954 0.0139645 58.609 -52.134 3.8839
58.5921 -51.8455 3.89074 0.163258 58.609 -52.134 3.8839
58.642 -51.9518 3.8909 0.210133 58.609 -52.134 3.8839
58.642 -51.9518 3.8909 0.210133 58.609 -52.134 3.8839
58.5006 -51.9013 3.89659 0.0566462 58.609 -52.134 3.8839
58.7005 -51.8002 3.89131 0.0591929 58.609 -52.134 3.8839
58.5921 -51.8455 3.89074 0.163258 58.609 -52.134 3.8839
58.5222 -52.0846 3.8897 0.0669097 58.609 -52.134 3.8839
58.5222 -52.0846 3.8897 0.0669097 58.609 -52.134 3.8839
58.5739 -51.9363 3.88394 0.0232625 58.609 -52.134 3.8839
58.4916 -51.8969 3.88817 0.0886397 58.609 -52.134 3.8839
58.6801 -51.9739 3.89634 0.0544844 58.609 -52.134 3.8839
58.7664 -51.9817 3.89345 0.0404347 58.609 -52.134 3.8839
58.5222 -52.0846 3.8897 0.0669097 58.609 -52.134 3.8839
58.7005 -51.8002 3.89131 0.0591929 58.609 -52.134 3.8839
58.6651 -52.0011 3.88178 0.00405909 58.609 -52.134 3.8839
58.5921 -51.8455 3.89074 0.163258 58.609 -52.134 3.8839
58.5921 -51.8455 3.89074 0.163258 58.609 -52.134 3.8839
58.4986 -51.9268 3.88643 0.0608076 58.609 -52.134 3.8839
58.6406 -52.1666 3.88807 0.0156033 58.609 -52.134 3.8839
58.6801 -51.9739 3.89634 0.0544844 58.609 -52.134 3.8839
58.4986 -51.9268 3.88643 0.0608076 58.609 -52.134 3.8839
58.5006 -51.9013 3.89659 0.0566462 58.609 -52.134 3.8839
58.67 -52.1322 3.89466 0.00889832 58.609 -52.134 3.8839
58.8426 -51.9077 3.89587 0.00729214 58.609 -52.134 3.8839
58.642 -51.9518 3.8909 0.210133 58.609 -52.134 3.8839
58.5921 -51.8455 3.89074 0.163258 58.609 -52.134 3.8839
58.5921 -51.8455 3.89074 0.163258 58.609 -52.134 3.8839
58.6281 -52.037 3.89127 0.130466 58.609 -52.134 3.8839
58.6801 -51.9739 3.89634 0.0544844 58.609 -52.134 3.8839
58.5921 -51.8455 3.89074 0.163258 58.609 -52.134 3.8839
58.642 -51.9518 3.8909 0.210133 58.609 -52.134 3.8839
58.7005 -51.8002 3.89131 0.0591929 58.609 -52.134 3.8839
58.6801 -51.9739 3.89634 0.0544844 58.609 -52.134 3.8839
58.4916 -51.8969 3.88817 0.0886397 58.609 -52.134 3.8839
58.4916 -51.8969 3.88817 0.0886397 58.609 -52.134 3.8839
58.7664 -51.9817 3.89345 0.0404347 58.609 -52.134 3.8839
58.5611 -51.6147 3.89152 0.00180392 58.609 -52.134 3.8839
58.5921 -51.8455 3.89074 0.163258 58.609 -52.134 3.8839
58.5921 -51.8455 3.89074 0.163258 58.609 -52.134 3.8839
58.5921 -51.8455 3.89074 0.163258 58.609 -52.134 3.8839
58.642 -51.9518 3.8909 0.210133 58.609 -52.134 3.8839
58.642 -51.9518 3.8909 0.210133 58.609 -52.134 3.8839
58.4916 -51.8969 3.88817 0.0886397 58.609 -52.134 3.8839
58.642 -51.9518 3.8909 0.210133 58.609 -52.134 3.8839
58.5006 -51.9013 3.89659 0.0566462 58.609 -52.134 3.8839
58.5222 -52.0846 3.8897 0.0669097 58.609 -52.134 3.8839
58.5921 -51.8455 3.89074 0.163258 58.609 -52.134 3.8839
58.4916 -51.8969 3.88817 0.0886397 58.609 -52.134 3.8839
58.642 -51.9518 3.8909 0.210133 58.609 -52.134 3.8839
58.5921 -51.8455 3.89074 0.163258 58.609 -52.134 3.8839
58.7005 -51.8002 3.89131 0.0591929 58.609 -52.134 3.8839
58.8426 -51.9077 3.89587 0.00729214 58.609 -52.134 3.8839
58.4916 -51.8969 3.88817 0.0886397 58.609 -52.134 3.8839
58.5921 -51.8455 3.89074 0.163258 58.609 -52.134 3.8839
58.5921 -51.8455 3.89074 0.163258 58.609 -52.134 3.8839
58.642 -51.9518 3.8909 0.210133 58.609 -52.134 3.8839
58.642 -51.9518 3.8909 0.210133 58.609 -52.134 3.8839
58.5479 -52.1279 3.88592 0.0245496 58.609 -52.134 3.8839
58.5921 -51.8455 3.89074 0.163258 58.609 -52.134 3.8839
58.4986 -51.9268 3.88643 0.0608076 58.609 -52.134 3.8839
58.6281 -52.037 3.89127 0.130466 58.609 -52.134 3.8839
58.5479 -52.1279 3.88592 0.0245496 58.609 -52.134 3.8839
58.5479 -52.1279 3.88592 0.0245496 58.609 -52.134 3.8839
58.6406 -52.1666 3.88807 0.0156033 58.609 -52.134 3.8839
58.6281 -52.037 3.89127 0.130466 58.609 -52.134 3.8839
58.4759 -52.2456 3.88075 0.000219616 58.609 -52.134 3.8839
58.642 -51.9518 3.8909 0.210133 58.609 -52.134 3.8839
58.642 -51.9518 3.8909 0.210133 58.609 -52.134 3.8839
58.642 -51.9518 3.8909 0.210133 58.609 -52.134 3.8839
58.5921 -51.8455 3.89074 0.163258 58.609 -52.134 3.8839
58.642 -51.9518 3.8909 0.210133 58.609 -52.134 3.8839
58.5907 -52.1348 3.88448 0.0138948 58.609 -52.134 3.8839
58.5222 -52.0846 3.8897 0.0669097 58.609 -52.134 3.8839
58.5479 -52.1279 3.88592 0.0245496 58.609 -52.134 3.8839
58.5921 -51.8455 3.89074 0.163258 58.609 -52.134 3.8839
58.6281 -52.037 3.89127 0.130466 58.609 -52.134 3.8839
58.6801 -51.9739 3.89634 0.0544844 58.609 -52.134 3.8839
58.5006 -51.9013 3.89659 0.0566462 58.609 -52.134 3.8839
58.642 -51.9518 3.8909 0.210133 58.609 -52.134 3.8839
58.6406 -52.1666 3.88807 0.0156033 58.609 -52.134 3.8839
58.6801 -51.9739 3.89634 0.0544844 58.609 -52.134 3.8839
58.6736 -51.6341 3.89306 0.00353758 58.609 -52.134 3.8839
58.5006 -51.9013 3.89659 0.0566462 58.609 -52.134 3.8839
58.642 -51.9518 3.8909 0.210133 58.609 -52.134 3.8839
58.642 -51.9518 3.8909 0.210133 58.609 -52.134 3.8839
58.5921 -51.8455 3.89074 0.163258 58.609 -52.134 3.8839
58.642 -51.9518 3.8909 0.210133 58.609 -52.134 3.8839
58.7664 -51.9817 3.89345 0.0404347 58.609 -52.134 3.8839
58.642 -51.9518 3.8909 0.210133 58.609 -52.134 3.8839
58.6801 -51.9739 3.89634 0.0544844 58.609 -52.134 3.8839
58.5222 -52.0846 3.8897 0.0669097 58.609 -52.134 3.8839
58.6281 -52.037 3.89127 0.130466 58.609 -52.134 3.8839
58.642 -51.9518 3.8909 0.210133 58.609 -52.134 3.8839
58.5006 -51.9013 3.89659 0.0566462 58.609 -52.134 3.8839
58.4986 -51.9268 3.88643 0.0608076 58.609 -52.134 3.8839
58.6281 -52.037 3.89127 0.130466 58.609 -52.134 3.8839
58.5907 -52.1348 3.88448 0.0138948 58.609 -52.134 3.8839
58.5222 -52.0846 3.8897 0.0669097 58.609 -52.134 3.8839
58.6801 -51.9739 3.89634 0.0544844 58.609 -52.134 3.8839
58.5921 -51.8455 3.89074 0.163258 58.609 -52.134 3.8839
58.7005 -51.8002 3.89131 0.0591929 58.609 -52.134 3.8839
58.475 -52.0193 3.88375 0.01622 58.609 -52.134 3.8839
58.363 -52.1412 3.88432 0.00142763 58.609 -52.134 3.8839
58.642 -51.9518 3.8909 0.210133 58.609 -52.134 3.8839
58.5921 -51.8455 3.89074 0.163258 58.609 -52.134 3.8839
58.642 -51.9518 3.8909 0.210133 58.609 -52.134 3.8839
58.4986 -51.9268 3.88643 0.0608076 58.609 -52.134 3.8839
58.5921 -51.8455 3.89074 0.163258 58.609 -52.134 3.8839
58.5006 -51.9013 3.89659 0.0566462 58.609 -52.134 3.8839
58.642 -51.9518 3.8909 0.210133 58.609 -52.134 3.8839
58.7005 -51.8002 3.89131 0.0591929 58.609 -52.134 3.8839
58.642 -51.9518 3.8909 0.210133 58.609 -52.134 3.8839
58.6281 -52.037 3.89127 0.130466 58.609 -52.134 3.8839
58.5921 -51.8455 3.89074 0.163258 58.609 -52.134 3.8839
58.363 -52.1412 3.88432 0.00142763 58.609 -52.134 3.8839
58.5921 -51.8455 3.89074 0.163258 58.609 -52.134 3.8839
58.642 -51.9518 3.8909 0.210133 58.609 -52.134 3.8839
58.5006 -51.9013 3.89659 0.0566462 58.609 -52.134 3.8839
58.642 -51.9518 3.8909 0.210133 58.609 -52.134 3.8839
58.805 -51.9694 3.8954 0.0139645 58.609 -52.134 3.8839
58.6281 -52.037 3.89127 0.130466 58.609 -52.134 3.8839
58.642 -51.9518 3.8909 0.210133 58.609 -52.134 3.8839
58.6281 -52.037 3.89127 0.130466 58.609 -52.134 3.8839
58.5921 -51.8455 3.89074 0.163258 58.609 -52.134 3.8839
58.7664 -51.9817 3.89345 0.0404347 58.609 -52.134 3.8839
58.5921 -51.8455 3.89074 0.163258 58.609 -52.134 3.8839
58.6801 -51.9739 3.89634 0.0544844 58.609 -52.134 3.8839
58.4986 -51.9268 3.88643 0.0608076 58.609 -52.134 3.8839
58.5921 -51.8455 3.89074 0.163258 58.609 -52.134 3.8839
58.642 -51.9518 3.8909 0.210133 58.609 -52.134 3.8839
58.5921 -51.8455 3.89074 0.163258 58.609 -52.134 3.8839
58.642 -51.9518 3.8909 0.210133 58.609 -52.134 3.8839
58.7005 -51.8002 3.89131 0.0591929 58.609 -52.134 3.8839
58.642 -51.9518 3.8909 0.210133 58.609 -52.134 3.8839
58.5921 -51.8455 3.89074 0.163258 58.609 -52.134 3.8839
58.6281 -52.037 3.89127 0.130466 58.609 -52.134 3.8839
58.5921 -51.8455 3.89074 0.163258 58.609 -52.134 3.8839
58.6801 -51.9739 3.89634 0.0544844 58.609 -52.134 3.8839
58.3178 -51.8682 3.89176 0.00497083 58.609 -52.134 3.8839
58.5222 -52.0846 3.8897 0.0669097 58.609 -52.134 3.8839
58.5921 -51.8455 3.89074 0.163258 58.609 -52.134 3.8839
58.5006 -51.9013 3.89659 0.0566462 58.609 -52.134 3.8839
58.642 -51.9518 3.8909 0.210133 58.609 -52.134 3.8839
58.4986 -51.9268 3.88643 0.0608076 58.609 -52.134 3.8839
58.6281 -52.037 3.89127 0.130466 58.609 -52.134 3.8839
58.805 -51.9694 3.8954 0.0139645 58.609 -52.134 3.8839
58.5921 -51.8455 3.89074 0.163258 58.609 -52.134 3.8839
58.642 -51.9518 3.8909 0.210133 58.609 -52.134 3.8839
58.642 -51.9518 3.8909 0.210133 58.609 -52.134 3.8839
58.642 -51.9518 3.8909 0.210133 58.609 -52.134 3.8839
58.642 -51.9518 3.8909 0.210133 58.609 -52.134 3.8839
58.6801 -51.9739 3.89634 0.0544844 58.609 -52.134 3.8839
58.5222 -52.0846 3.8897 0.0669097 58.609 -52.134 3.8839
58.7664 -51.9817 3.89345 0.0404347 58.609 -52.134 3.8839
58.5479 -52.1279 3.88592 0.0245496 58.609 -52.134 3.8839
58.6281 -52.037 3.89127 0.130466 58.609 -52.134 3.8839
58.7005 -51.8002 3.89131 0.0591929 58.609 -52.134 3.8839
58.5222 -52.0846 3.8897 0.0669097 58.609 -52.134 3.8839
58.642 -51.9518 3.8909 0.210133 58.609 -52.134 3.8839
58.6801 -51.9739 3.89634 0.0544844 58.609 -52.134 3.8839
58.5222 -52.0846 3.8897 0.0669097 58.609 -52.134 3.8839
58.6801 -51.9739 3.89634 0.0544844 58.609 -52.134 3.8839
58.5921 -51.8455 3.89074 0.163258 58.609 -52.134 3.8839
58.6801 -51.9739 3.89634 0.0544844 58.609 -52.134 3.8839
58.642 -51.9518 3.8909 0.210133 58.609 -52.134 3.8839
58.5739 -51.9363 3.88394 0.0232625 58.609 -52.134 3.8839
58.642 -51.9518 3.8909 0.210133 58.609 -52.134 3.8839
58.642 -51.9518 3.8909 0.210133 58.609 -52.134 3.8839
58.6281 -52.037 3.89127 0.130466 58.609 -52.134 3.8839
58.6281 -52.037 3.89127 0.130466 58.609 -52.134 3.8839
58.4916 -51.8969 3.88817 0.0886397 58.609 -52.134 3.8839
58.6281 -52.037 3.89127 0.130466 58.609 -52.134 3.8839
58.4916 -51.8969 3.88817 0.0886397 58.609 -52.134 3.8839
