-39.0864 -66.9789 1.84709 0.128947 -38.823 -66.909 1.8465
-38.9488 -66.8318 1.85015 0.414363 -38.823 -66.909 1.8465
-39.1375 -67.155 1.84379 0.00364135 -38.823 -66.909 1.8465
-38.9031 -66.7636 1.85522 0.0712433 -38.823 -66.909 1.8465
-38.9505 -66.9734 1.8471 0.326123 -38.823 -66.909 1.8465
-39.0091 -67.2747 1.85697 0.00492737 -38.823 -66.909 1.8465
-38.9554 -66.8653 1.84967 0.463777 -38.823 -66.909 1.8465
-38.9754 -66.67 1.8496 0.101739 -38.823 -66.909 1.8465
-38.5097 -67.1288 1.85863 0.00822042 -38.823 -66.909 1.8465
-38.852 -66.6971 1.84601 0.184131 -38.823 -66.909 1.8465
-38.9554 -66.8653 1.84967 0.463777 -38.823 -66.909 1.8465
-38.9554 -66.8653 1.84967 0.463777 -38.823 -66.909 1.8465
-38.9285 -66.9745 1.84755 0.368273 -38.823 -66.909 1.8465
-39.1237 -66.8685 1.84072 0.0310059 -38.823 -66.909 1.8465
-38.8563 -67.0009 1.85748 0.122241 -38.823 -66.909 1.8465
-38.9488 -66.8318 1.85015 0.414363 -38.823 -66.909 1.8465
-39.0864 -66.9789 1.84709 0.128947 -38.823 -66.909 1.8465
-38.9494 -66.7215 1.84915 0.22036 -38.823 -66.909 1.8465
-38.9549 -66.7709 1.84522 0.283824 -38.823 -66.909 1.8465
-38.7914 -66.8687 1.84617 0.277331 -38.823 -66.909 1.8465
-38.7914 -66.8687 1.84617 0.277331 -38.823 -66.909 1.8465
-38.8601 -67.0262 1.84512 0.116395 -38.823 -66.909 1.8465
-38.9494 -66.7215 1.84915 0.22036 -38.823 -66.909 1.8465
-38.9505 -66.9734 1.8471 0.326123 -38.823 -66.909 1.8465
-38.6105 -66.9141 1.85168 0.106341 -38.823 -66.909 1.8465
-38.7914 -66.8687 1.84617 0.277331 -38.823 -66.909 1.8465
-38.8575 -66.8152 1.84518 0.294354 -38.823 -66.909 1.8465
-38.7971 -67.0062 1.85115 0.405364 -38.823 -66.909 1.8465
-38.8563 -67.0009 1.85748 0.122241 -38.823 -66.909 1.8465
-38.8502 -66.7139 1.84883 0.234663 -38.823 -66.909 1.8465
-38.9488 -66.8318 1.85015 0.414363 -38.823 -66.909 1.8465
-38.7426 -66.999 1.85092 0.316858 -38.823 -66.909 1.8465
-38.7914 -66.8687 1.84617 0.277331 -38.823 -66.909 1.8465
-38.8243 -66.8674 1.8443 0.190456 -38.823 -66.909 1.8465
-38.852 -66.6971 1.84601 0.184131 -38.823 -66.909 1.8465
-38.9505 -66.9734 1.8471 0.326123 -38.823 -66.909 1.8465
-38.9488 -66.8318 1.85015 0.414363 -38.823 -66.909 1.8465
-38.9284 -67.0735 1.85742 0.070569 -38.823 -66.909 1.8465
-38.9549 -66.7709 1.84522 0.283824 -38.823 -66.909 1.8465
-38.8575 -66.8152 1.84518 0.294354 -38.823 -66.909 1.8465
-38.852 -66.6971 1.84601 0.184131 -38.823 -66.909 1.8465
-38.8601 -67.0262 1.84512 0.116395 -38.823 -66.909 1.8465
-38.9285 -66.9745 1.84755 0.368273 -38.823 -66.909 1.8465
-38.9397 -66.6515 1.84618 0.127231 -38.823 -66.909 1.8465
-39.1592 -66.8352 1.84678 0.0729625 -38.823 -66.909 1.8465
-39.1592 -66.8352 1.84678 0.0729625 -38.823 -66.909 1.8465
-38.852 -66.6971 1.84601 0.184131 -38.823 -66.909 1.8465
-38.9554 -66.8653 1.84967 0.463777 -38.823 -66.909 1.8465
-38.9817 -66.7537 1.84956 0.235343 -38.823 -66.909 1.8465
-38.7914 -66.8687 1.84617 0.277331 -38.823 -66.909 1.8465
-38.7971 -67.0062 1.85115 0.405364 -38.823 -66.909 1.8465
-38.9285 -66.9745 1.84755 0.368273 -38.823 -66.909 1.8465
-39.0928 -66.9571 1.84874 0.144034 -38.823 -66.909 1.8465
-38.8575 -66.8152 1.84518 0.294354 -38.823 -66.909 1.8465
-38.9488 -66.8318 1.85015 0.414363 -38.823 -66.909 1.8465
-38.852 -66.6971 1.84601 0.184131 -38.823 -66.909 1.8465
-39.0928 -66.9571 1.84874 0.144034 -38.823 -66.909 1.8465
-38.7914 -66.8687 1.84617 0.277331 -38.823 -66.909 1.8465
-38.9505 -66.9734 1.8471 0.326123 -38.823 -66.909 1.8465
-39.0383 -67.0196 1.84848 0.173609 -38.823 -66.909 1.8465
-38.9505 -66.9734 1.8471 0.326123 -38.823 -66.909 1.8465
-39.1592 -66.8352 1.84678 0.0729625 -38.823 -66.909 1.8465
-38.9876 -66.9675 1.84402 0.133484 -38.823 -66.909 1.8465
-38.6652 -67.2545 1.85495 0.0159286 -38.823 -66.909 1.8465
-38.9876 -66.9675 1.84402 0.133484 -38.823 -66.909 1.8465
-38.8575 -66.8152 1.84518 0.294354 -38.823 -66.909 1.8465
-38.9554 -66.8653 1.84967 0.463777 -38.823 -66.909 1.8465
-38.852 -66.6971 1.84601 0.184131 -38.823 -66.909 1.8465
-38.8575 -66.8152 1.84518 0.294354 -38.823 -66.909 1.8465
-38.8575 -66.8152 1.84518 0.294354 -38.823 -66.909 1.8465
-38.9817 -66.7537 1.84956 0.235343 -38.823 -66.909 1.8465
-38.9554 -66.8653 1.84967 0.463777 -38.823 -66.909 1.8465
-38.9284 -67.0735 1.85742 0.070569 -38.823 -66.909 1.8465
-38.9554 -66.8653 1.84967 0.463777 -38.823 -66.909 1.8465
-38.7426 -66.999 1.85092 0.316858 -38.823 -66.909 1.8465
-39.2026 -66.8555 1.84426 0.0334438 -38.823 -66.909 1.8465
-38.9285 -66.9745 1.84755 0.368273 -38.823 -66.909 1.8465
-39.0383 -67.0196 1.84848 0.173609 -38.823 -66.909 1.8465
-38.9285 -66.9745 1.84755 0.368273 -38.823 -66.909 1.8465
-39.0935 -66.9109 1.84187 0.0503349 -38.823 -66.909 1.8465
-39.0383 -67.0196 1.84848 0.173609 -38.823 -66.909 1.8465
-38.9554 -66.8653 1.84967 0.463777 -38.823 -66.909 1.8465
-39.0864 -66.9789 1.84709 0.128947 -38.823 -66.909 1.8465
-38.9549 -66.7709 1.84522 0.283824 -38.823 -66.909 1.8465
-38.7195 -67.0956 1.84436 0.0117433 -38.823 -66.909 1.8465
-38.7426 -66.999 1.85092 0.316858 -38.823 -66.909 1.8465
-38.9554 -66.8653 1.84967 0.463777 -38.823 -66.909 1.8465
-38.7426 -66.999 1.85092 0.316858 -38.823 -66.909 1.8465
-38.7612 -67.0755 1.85987 0.0458934 -38.823 -66.909 1.8465
-38.9549 -66.7709 1.84522 0.283824 -38.823 -66.909 1.8465
-38.7971 -67.0062 1.85115 0.405364 -38.823 -66.909 1.8465
-38.9488 -66.8318 1.85015 0.414363 -38.823 -66.909 1.8465
-38.9554 -66.8653 1.84967 0.463777 -38.823 -66.909 1.8465
-38.852 -66.6971 1.84601 0.184131 -38.823 -66.909 1.8465
-38.9876 -66.9675 1.84402 0.133484 -38.823 -66.909 1.8465
-38.7914 -66.8687 1.84617 0.277331 -38.823 -66.909 1.8465
-38.9876 -66.9675 1.84402 0.133484 -38.823 -66.909 1.8465
-38.9284 -67.0735 1.85742 0.070569 -38.823 -66.909 1.8465
-38.8061 -66.7485 1.84068 0.0332954 -38.823 -66.909 1.8465
-38.7426 -66.999 1.85092 0.316858 -38.823 -66.909 1.8465
-38.9554 -66.8653 1.84967 0.463777 -38.823 -66.909 1.8465
-38.7914 -66.8687 1.84617 0.277331 -38.823 -66.909 1.8465
-38.9285 -66.9745 1.84755 0.368273 -38.823 -66.909 1.8465
-38.8502 -66.7139 1.84883 0.234663 -38.823 -66.909 1.8465
-38.9554 -66.8653 1.84967 0.463777 -38.823 -66.909 1.8465
-39.0864 -66.9789 1.84709 0.128947 -38.823 -66.909 1.8465
-38.9876 -66.9675 1.84402 0.133484 -38.823 -66.909 1.8465
-39.0383 -67.0196 1.84848 0.173609 -38.823 -66.909 1.8465
-38.9549 -66.7709 1.84522 0.283824 -38.823 -66.909 1.8465
-38.9285 -66.9745 1.84755 0.368273 -38.823 -66.909 1.8465
-38.9494 -66.7215 1.84915 0.22036 -38.823 -66.909 1.8465
-38.7971 -67.0062 1.85115 0.405364 -38.823 -66.909 1.8465
-38.9505 -66.9734 1.8471 0.326123 -38.823 -66.909 1.8465
-38.9554 -66.8653 1.84967 0.463777 -38.823 -66.909 1.8465
-38.9397 -66.6515 1.84618 0.127231 -38.823 -66.909 1.8465
-38.9488 -66.8318 1.85015 0.414363 -38.823 -66.909 1.8465
-38.9817 -66.7537 1.84956 0.235343 -38.823 -66.909 1.8465
-38.9754 -66.67 1.8496 0.101739 -38.823 -66.909 1.8465
-38.9554 -66.8653 1.84967 0.463777 -38.823 -66.909 1.8465
-38.7984 -66.9281 1.84289 0.0665736 -38.823 -66.909 1.8465
-38.9505 -66.9734 1.8471 0.326123 -38.823 -66.909 1.8465
-38.9488 -66.8318 1.85015 0.414363 -38.823 -66.909 1.8465
-38.7914 -66.8687 1.84617 0.277331 -38.823 -66.909 1.8465
-38.8502 -66.7139 1.84883 0.234663 -38.823 -66.909 1.8465
-39.0928 -66.9571 1.84874 0.144034 -38.823 -66.909 1.8465
-38.8575 -66.8152 1.84518 0.294354 -38.823 -66.909 1.8465
-38.9494 -66.7215 1.84915 0.22036 -38.823 -66.909 1.8465
-39.0928 -66.9571 1.84874 0.144034 -38.823 -66.909 1.8465
-38.8575 -66.8152 1.84518 0.294354 -38.823 -66.909 1.8465
-38.9285 -66.9745 1.84755 0.368273 -38.823 -66.909 1.8465
-38.7971 -67.0062 1.85115 0.405364 -38.823 -66.909 1.8465
-38.7655 -66.9862 1.84216 0.0200956 -38.823 -66.909 1.8465
-38.9554 -66.8653 1.84967 0.463777 -38.823 -66.909 1.8465
-38.9554 -66.8653 1.84967 0.463777 -38.823 -66.909 1.8465
-38.9494 -66.7215 1.84915 0.22036 -38.823 -66.909 1.8465
-38.8061 -66.7485 1.84068 0.0332954 -38.823 -66.909 1.8465
-38.7914 -66.8687 1.84617 0.277331 -38.823 -66.909 1.8465
-38.9554 -66.8653 1.84967 0.463777 -38.823 -66.909 1.8465
-38.8502 -66.7139 1.84883 0.234663 -38.823 -66.909 1.8465
-38.635 -66.8085 1.84291 0.012169 -38.823 -66.909 1.8465
-38.5139 -66.8471 1.85588 0.0138728 -38.823 -66.909 1.8465
-38.9554 -66.8653 1.84967 0.463777 -38.823 -66.909 1.8465
-39.0383 -67.0196 1.84848 0.173609 -38.823 -66.909 1.8465
-38.9554 -66.8653 1.84967 0.463777 -38.823 -66.909 1.8465
-38.9817 -66.7537 1.84956 0.235343 -38.823 -66.909 1.8465
-38.7971 -67.0062 1.85115 0.405364 -38.823 -66.909 1.8465
-38.7426 -66.999 1.85092 0.316858 -38.823 -66.909 1.8465
-38.635 -66.8085 1.84291 0.012169 -38.823 -66.909 1.8465
-39.0928 -66.9571 1.84874 0.144034 -38.823 -66.909 1.8465
-39.0864 -66.9789 1.84709 0.128947 -38.823 -66.909 1.8465
-38.9218 -67.2497 1.85334 0.0263746 -38.823 -66.909 1.8465
-38.7426 -66.999 1.85092 0.316858 -38.823 -66.909 1.8465
-38.7971 -67.0062 1.85115 0.405364 -38.823 -66.909 1.8465
-38.9488 -66.8318 1.85015 0.414363 -38.823 -66.909 1.8465
-38.9488 -66.8318 1.85015 0.414363 -38.823 -66.909 1.8465
-39.0383 -67.0196 1.84848 0.173609 -38.823 -66.909 1.8465
-38.9494 -66.7215 1.84915 0.22036 -38.823 -66.909 1.8465
-38.9285 -66.9745 1.84755 0.368273 -38.823 -66.909 1.8465
-38.9285 -66.9745 1.84755 0.368273 -38.823 -66.909 1.8465
-38.7971 -67.0062 1.85115 0.405364 -38.823 -66.909 1.8465
-38.9284 -67.0735 1.85742 0.070569 -38.823 -66.909 1.8465
-38.8243 -66.8674 1.8443 0.190456 -38.823 -66.909 1.8465
-38.9817 -66.7537 1.84956 0.235343 -38.823 -66.909 1.8465
-38.8502 -66.7139 1.84883 0.234663 -38.823 -66.909 1.8465
-38.7426 -66.999 1.85092 0.316858 -38.823 -66.909 1.8465
-38.9397 -66.6515 1.84618 0.127231 -38.823 -66.909 1.8465
-38.852 -66.6971 1.84601 0.184131 -38.823 -66.909 1.8465
-38.8563 -67.0009 1.85748 0.122241 -38.823 -66.909 1.8465
-38.9216 -66.8675 1.85675 0.0782028 -38.823 -66.909 1.8465
-38.9285 -66.9745 1.84755 0.368273 -38.823 -66.909 1.8465
-38.8243 -66.8674 1.8443 0.190456 -38.823 -66.909 1.8465
-39.0928 -66.9571 1.84874 0.144034 -38.823 -66.909 1.8465
-38.852 -66.6971 1.84601 0.184131 -38.823 -66.909 1.8465
-38.7984 -66.9281 1.84289 0.0665736 -38.823 -66.909 1.8465
-38.9505 -66.9734 1.8471 0.326123 -38.823 -66.909 1.8465
-39.0928 -66.9571 1.84874 0.144034 -38.823 -66.909 1.8465
-38.6105 -66.9141 1.85168 0.106341 -38.823 -66.909 1.8465
-38.7914 -66.8687 1.84617 0.277331 -38.823 -66.909 1.8465
-38.9488 -66.8318 1.85015 0.414363 -38.823 -66.909 1.8465
-39.0864 -66.9789 1.84709 0.128947 -38.823 -66.909 1.8465
-38.8502 -66.7139 1.84883 0.234663 -38.823 -66.909 1.8465
-38.7971 -67.0062 1.85115 0.405364 -38.823 -66.909 1.8465
-38.9505 -66.9734 1.8471 0.326123 -38.823 -66.909 1.8465
-38.7914 -66.8687 1.84617 0.277331 -38.823 -66.909 1.8465
-38.7971 -67.0062 1.85115 0.405364 -38.823 -66.909 1.8465
-38.9817 -66.7537 1.84956 0.235343 -38.823 -66.909 1.8465
-39.1592 -66.8352 1.84678 0.0729625 -38.823 -66.909 1.8465
-38.7293 -66.8586 1.84014 0.00884466 -38.823 -66.909 1.8465
-38.8575 -66.8152 1.84518 0.294354 -38.823 -66.909 1.8465
-38.9817 -66.7537 1.84956 0.235343 -38.823 -66.909 1.8465
-38.9285 -66.9745 1.84755 0.368273 -38.823 -66.909 1.8465
-38.9922 -67.0242 1.84106 0.0183615 -38.823 -66.909 1.8465
-39.0935 -66.9109 1.84187 0.0503349 -38.823 -66.909 1.8465
-38.8243 -66.8674 1.8443 0.190456 -38.823 -66.909 1.8465
-39.0928 -66.9571 1.84874 0.144034 -38.823 -66.909 1.8465
-38.9549 -66.7709 1.84522 0.283824 -38.823 -66.909 1.8465
-38.8601 -67.0262 1.84512 0.116395 -38.823 -66.909 1.8465
-38.9285 -66.9745 1.84755 0.368273 -38.823 -66.909 1.8465
-38.9549 -66.7709 1.84522 0.283824 -38.823 -66.909 1.8465
-38.7914 -66.8687 1.84617 0.277331 -38.823 -66.909 1.8465
