209.141 25.6479 0.0625189 0.064878 208.95 25.675 0.067419
209.141 25.6479 0.0625189 0.064878 208.95 25.675 0.067419
209.074 25.6168 0.0701983 0.203244 208.95 25.675 0.067419
208.999 25.7037 0.0706235 0.160895 208.95 25.675 0.067419
209.133 25.6513 0.0708057 0.134234 208.95 25.675 0.067419
209.282 25.591 0.0607413 0.00879012 208.95 25.675 0.067419
208.999 25.7037 0.0706235 0.160895 208.95 25.675 0.067419
208.999 25.7037 0.0706235 0.160895 208.95 25.675 0.067419
209.074 25.6168 0.0701983 0.203244 208.95 25.675 0.067419
209.036 25.6451 0.0747833 0.0486925 208.95 25.675 0.067419
209.074 25.6168 0.0701983 0.203244 208.95 25.675 0.067419
209.213 25.6823 0.0721235 0.0341258 208.95 25.675 0.067419
208.999 25.7037 0.0706235 0.160895 208.95 25.675 0.067419
209.281 25.5846 0.0685365 0.0295523 208.95 25.675 0.067419
208.947 25.6569 0.0630307 0.0380249 208.95 25.675 0.067419
209.141 25.6479 0.0625189 0.064878 208.95 25.675 0.067419
208.999 25.7037 0.0706235 0.160895 208.95 25.675 0.067419
208.999 25.7037 0.0706235 0.160895 208.95 25.675 0.067419
209.196 25.5332 0.0673663 0.0809111 208.95 25.675 0.067419
209.133 25.6513 0.0708057 0.134234 208.95 25.675 0.067419
209.046 25.8739 0.0654355 0.017312 208.95 25.675 0.067419
209.344 25.3873 0.0686401 0.000815408 208.95 25.675 0.067419
208.999 25.7037 0.0706235 0.160895 208.95 25.675 0.067419
208.999 25.7037 0.0706235 0.160895 208.95 25.675 0.067419
209.044 25.7927 0.065676 0.0663167 208.95 25.675 0.067419
208.999 25.7037 0.0706235 0.160895 208.95 25.675 0.067419
208.964 25.6764 0.0665356 0.136081 208.95 25.675 0.067419
209.133 25.6513 0.0708057 0.134234 208.95 25.675 0.067419
209.196 25.5332 0.0673663 0.0809111 208.95 25.675 0.067419
209.074 25.6168 0.0701983 0.203244 208.95 25.675 0.067419
208.999 25.7037 0.0706235 0.160895 208.95 25.675 0.067419
208.964 25.6764 0.0665356 0.136081 208.95 25.675 0.067419
209.176 25.6368 0.0606451 0.0232269 208.95 25.675 0.067419
208.947 25.6569 0.0630307 0.0380249 208.95 25.675 0.067419
209.153 25.8783 0.0666278 0.0154436 208.95 25.675 0.067419
209.141 25.6479 0.0625189 0.064878 208.95 25.675 0.067419
209.074 25.6168 0.0701983 0.203244 208.95 25.675 0.067419
208.999 25.7037 0.0706235 0.160895 208.95 25.675 0.067419
208.964 25.6764 0.0665356 0.136081 208.95 25.675 0.067419
208.964 25.6764 0.0665356 0.136081 208.95 25.675 0.067419
209.074 25.6168 0.0701983 0.203244 208.95 25.675 0.067419
209.133 25.6513 0.0708057 0.134234 208.95 25.675 0.067419
208.848 25.7534 0.0778349 0.0025173 208.95 25.675 0.067419
209.044 25.7927 0.065676 0.0663167 208.95 25.675 0.067419
209.133 25.6513 0.0708057 0.134234 208.95 25.675 0.067419
209.211 25.489 0.0580405 0.00198384 208.95 25.675 0.067419
209.286 25.561 0.0634478 0.0194223 208.95 25.675 0.067419
209.133 25.6513 0.0708057 0.134234 208.95 25.675 0.067419
209.196 25.5332 0.0673663 0.0809111 208.95 25.675 0.067419
208.999 25.7037 0.0706235 0.160895 208.95 25.675 0.067419
209.133 25.6513 0.0708057 0.134234 208.95 25.675 0.067419
208.947 25.6569 0.0630307 0.0380249 208.95 25.675 0.067419
209.133 25.6513 0.0708057 0.134234 208.95 25.675 0.067419
208.964 25.6764 0.0665356 0.136081 208.95 25.675 0.067419
209.036 25.6451 0.0747833 0.0486925 208.95 25.675 0.067419
209.141 25.6479 0.0625189 0.064878 208.95 25.675 0.067419
209.074 25.6168 0.0701983 0.203244 208.95 25.675 0.067419
208.964 25.6764 0.0665356 0.136081 208.95 25.675 0.067419
208.964 25.6764 0.0665356 0.136081 208.95 25.675 0.067419
209.196 25.5332 0.0673663 0.0809111 208.95 25.675 0.067419
208.999 25.7037 0.0706235 0.160895 208.95 25.675 0.067419
208.999 25.7037 0.0706235 0.160895 208.95 25.675 0.067419
209.141 25.6479 0.0625189 0.064878 208.95 25.675 0.067419
209.196 25.5332 0.0673663 0.0809111 208.95 25.675 0.067419
208.999 25.7037 0.0706235 0.160895 208.95 25.675 0.067419
209.133 25.6513 0.0708057 0.134234 208.95 25.675 0.067419
208.964 25.6764 0.0665356 0.136081 208.95 25.675 0.067419
208.964 25.6764 0.0665356 0.136081 208.95 25.675 0.067419
208.999 25.7037 0.0706235 0.160895 208.95 25.675 0.067419
209.133 25.6513 0.0708057 0.134234 208.95 25.675 0.067419
209.141 25.6479 0.0625189 0.064878 208.95 25.675 0.067419
209.074 25.6168 0.0701983 0.203244 208.95 25.675 0.067419
209.074 25.6168 0.0701983 0.203244 208.95 25.675 0.067419
209.196 25.5332 0.0673663 0.0809111 208.95 25.675 0.067419
208.999 25.7037 0.0706235 0.160895 208.95 25.675 0.067419
209.133 25.6513 0.0708057 0.134234 208.95 25.675 0.067419
209.281 25.5846 0.0685365 0.0295523 208.95 25.675 0.067419
209.286 25.561 0.0634478 0.0194223 208.95 25.675 0.067419
209.281 25.5846 0.0685365 0.0295523 208.95 25.675 0.067419
209.133 25.6513 0.0708057 0.134234 208.95 25.675 0.067419
209.282 25.591 0.0607413 0.00879012 208.95 25.675 0.067419
209.074 25.6168 0.0701983 0.203244 208.95 25.675 0.067419
208.947 25.6569 0.0630307 0.0380249 208.95 25.675 0.067419
208.999 25.7037 0.0706235 0.160895 208.95 25.675 0.067419
209.074 25.6168 0.0701983 0.203244 208.95 25.675 0.067419
209.074 25.6168 0.0701983 0.203244 208.95 25.675 0.067419
208.999 25.7037 0.0706235 0.160895 208.95 25.675 0.067419
208.964 25.6764 0.0665356 0.136081 208.95 25.675 0.067419
209.133 25.6513 0.0708057 0.134234 208.95 25.675 0.067419
209.153 25.8783 0.0666278 0.0154436 208.95 25.675 0.067419
209.044 25.7927 0.065676 0.0663167 208.95 25.675 0.067419
209.133 25.6513 0.0708057 0.134234 208.95 25.675 0.067419
209.176 25.6368 0.0606451 0.0232269 208.95 25.675 0.067419
209.141 25.6479 0.0625189 0.064878 208.95 25.675 0.067419
209.176 25.6368 0.0606451 0.0232269 208.95 25.675 0.067419
209.196 25.5332 0.0673663 0.0809111 208.95 25.675 0.067419
208.999 25.7037 0.0706235 0.160895 208.95 25.675 0.067419
208.964 25.6764 0.0665356 0.136081 208.95 25.675 0.067419
208.964 25.6764 0.0665356 0.136081 208.95 25.675 0.067419
209.044 25.7927 0.065676 0.0663167 208.95 25.675 0.067419
208.947 25.6569 0.0630307 0.0380249 208.95 25.675 0.067419
209.281 25.5846 0.0685365 0.0295523 208.95 25.675 0.067419
209.225 25.8784 0.0703451 0.00568756 208.95 25.675 0.067419
209.036 25.6451 0.0747833 0.0486925 208.95 25.675 0.067419
208.947 25.6569 0.0630307 0.0380249 208.95 25.675 0.067419
209.047 25.7366 0.0557106 0.000251526 208.95 25.675 0.067419
209.044 25.7927 0.065676 0.0663167 208.95 25.675 0.067419
209.196 25.5332 0.0673663 0.0809111 208.95 25.675 0.067419
209.074 25.6168 0.0701983 0.203244 208.95 25.675 0.067419
209.074 25.6168 0.0701983 0.203244 208.95 25.675 0.067419
209.074 25.6168 0.0701983 0.203244 208.95 25.675 0.067419
208.964 25.6764 0.0665356 0.136081 208.95 25.675 0.067419
208.999 25.7037 0.0706235 0.160895 208.95 25.675 0.067419
209.133 25.6513 0.0708057 0.134234 208.95 25.675 0.067419
209.074 25.6168 0.0701983 0.203244 208.95 25.675 0.067419
208.999 25.7037 0.0706235 0.160895 208.95 25.675 0.067419
209.133 25.6513 0.0708057 0.134234 208.95 25.675 0.067419
209.286 25.561 0.0634478 0.0194223 208.95 25.675 0.067419
209.046 25.8739 0.0654355 0.017312 208.95 25.675 0.067419
208.999 25.7037 0.0706235 0.160895 208.95 25.675 0.067419
209.141 25.6479 0.0625189 0.064878 208.95 25.675 0.067419
209.074 25.6168 0.0701983 0.203244 208.95 25.675 0.067419
209.074 25.6168 0.0701983 0.203244 208.95 25.675 0.067419
209.176 25.6368 0.0606451 0.0232269 208.95 25.675 0.067419
209.133 25.6513 0.0708057 0.134234 208.95 25.675 0.067419
208.999 25.7037 0.0706235 0.160895 208.95 25.675 0.067419
208.964 25.6764 0.0665356 0.136081 208.95 25.675 0.067419
209.037 25.3445 0.0708873 0.00673823 208.95 25.675 0.067419
209.196 25.5332 0.0673663 0.0809111 208.95 25.675 0.067419
209.037 25.3445 0.0708873 0.00673823 208.95 25.675 0.067419
209.133 25.6513 0.0708057 0.134234 208.95 25.675 0.067419
209.133 25.6513 0.0708057 0.134234 208.95 25.675 0.067419
209.036 25.6451 0.0747833 0.0486925 208.95 25.675 0.067419
208.964 25.6764 0.0665356 0.136081 208.95 25.675 0.067419
209.044 25.7927 0.065676 0.0663167 208.95 25.675 0.067419
209.176 25.6368 0.0606451 0.0232269 208.95 25.675 0.067419
208.999 25.7037 0.0706235 0.160895 208.95 25.675 0.067419
208.947 25.6569 0.0630307 0.0380249 208.95 25.675 0.067419
209.074 25.6168 0.0701983 0.203244 208.95 25.675 0.067419
209.044 25.7927 0.065676 0.0663167 208.95 25.675 0.067419
208.964 25.6764 0.0665356 0.136081 208.95 25.675 0.067419
209.133 25.6513 0.0708057 0.134234 208.95 25.675 0.067419
209.074 25.6168 0.0701983 0.203244 208.95 25.675 0.067419
208.964 25.6764 0.0665356 0.136081 208.95 25.675 0.067419
209.036 25.6451 0.0747833 0.0486925 208.95 25.675 0.067419
209.133 25.6513 0.0708057 0.134234 208.95 25.675 0.067419
209.133 25.6513 0.0708057 0.134234 208.95 25.675 0.067419
209.196 25.5332 0.0673663 0.0809111 208.95 25.675 0.067419
209.074 25.6168 0.0701983 0.203244 208.95 25.675 0.067419
208.999 25.7037 0.0706235 0.160895 208.95 25.675 0.067419
209.294 25.6274 0.0677097 0.0280292 208.95 25.675 0.067419
208.999 25.7037 0.0706235 0.160895 208.95 25.675 0.067419
209.044 25.7927 0.065676 0.0663167 208.95 25.675 0.067419
209.213 25.6823 0.0721235 0.0341258 208.95 25.675 0.067419
208.964 25.6764 0.0665356 0.136081 208.95 25.675 0.067419
209.286 25.561 0.0634478 0.0194223 208.95 25.675 0.067419
208.999 25.7037 0.0706235 0.160895 208.95 25.675 0.067419
209.133 25.6513 0.0708057 0.134234 208.95 25.675 0.067419
209.294 25.6274 0.0677097 0.0280292 208.95 25.675 0.067419
209.093 25.8557 0.0588164 0.00092384 208.95 25.675 0.067419
208.947 25.6569 0.0630307 0.0380249 208.95 25.675 0.067419
209.082 26.0515 0.0707376 0.0002337 208.95 25.675 0.067419
209.196 25.5332 0.0673663 0.0809111 208.95 25.675 0.067419
208.964 25.6764 0.0665356 0.136081 208.95 25.675 0.067419
209.196 25.5332 0.0673663 0.0809111 208.95 25.675 0.067419
208.999 25.7037 0.0706235 0.160895 208.95 25.675 0.067419
209.037 25.3445 0.0708873 0.00673823 208.95 25.675 0.067419
209.133 25.6513 0.0708057 0.134234 208.95 25.675 0.067419
209.074 25.6168 0.0701983 0.203244 208.95 25.675 0.067419
209.133 25.6513 0.0708057 0.134234 208.95 25.675 0.067419
209.141 25.6479 0.0625189 0.064878 208.95 25.675 0.067419
209.036 25.6451 0.0747833 0.0486925 208.95 25.675 0.067419
208.999 25.7037 0.0706235 0.160895 208.95 25.675 0.067419
208.964 25.6764 0.0665356 0.136081 208.95 25.675 0.067419
209.141 25.6479 0.0625189 0.064878 208.95 25.675 0.067419
209.133 25.6513 0.0708057 0.134234 208.95 25.675 0.067419
208.999 25.7037 0.0706235 0.160895 208.95 25.675 0.067419
209.133 25.6513 0.0708057 0.134234 208.95 25.675 0.067419
208.999 25.7037 0.0706235 0.160895 208.95 25.675 0.067419
209.153 25.8783 0.0666278 0.0154436 208.95 25.675 0.067419
209.036 25.6451 0.0747833 0.0486925 208.95 25.675 0.067419
208.964 25.6764 0.0665356 0.136081 208.95 25.675 0.067419
209.074 25.6168 0.0701983 0.203244 208.95 25.675 0.067419
209.074 25.6168 0.0701983 0.203244 208.95 25.675 0.067419
209.133 25.6513 0.0708057 0.134234 208.95 25.675 0.067419
208.964 25.6764 0.0665356 0.136081 208.95 25.675 0.067419
209.367 25.8134 0.0681298 0.00159945 208.95 25.675 0.067419
208.947 25.6569 0.0630307 0.0380249 208.95 25.675 0.067419
209.046 25.8739 0.0654355 0.017312 208.95 25.675 0.067419
209.133 25.6513 0.0708057 0.134234 208.95 25.675 0.067419
209.074 25.6168 0.0701983 0.203244 208.95 25.675 0.067419
209.349 25.8354 0.0636806 0.00141765 208.95 25.675 0.067419
209.044 25.7927 0.065676 0.0663167 208.95 25.675 0.067419
209.074 25.6168 0.0701983 0.203244 208.95 25.675 0.067419
209.344 25.3873 0.0686401 0.000815408 208.95 25.675 0.067419
209.286 25.561 0.0634478 0.0194223 208.95 25.675 0.067419
208.964 25.6764 0.0665356 0.136081 208.95 25.675 0.067419
209.044 25.7927 0.065676 0.0663167 208.95 25.675 0.067419
209.294 25.6274 0.0677097 0.0280292 208.95 25.675 0.067419
209.281 25.5846 0.0685365 0.0295523 208.95 25.675 0.067419
