58.6278 14.5726 0.143677 0.164977 58.781 14.516 0.14406
58.6003 14.4832 0.139563 0.0551257 58.781 14.516 0.14406
58.6384 14.5787 0.14385 0.16069 58.781 14.516 0.14406
58.6278 14.5726 0.143677 0.164977 58.781 14.516 0.14406
58.6278 14.5726 0.143677 0.164977 58.781 14.516 0.14406
58.2236 14.511 0.150518 0.00403571 58.781 14.516 0.14406
58.6384 14.5787 0.14385 0.16069 58.781 14.516 0.14406
58.6384 14.5787 0.14385 0.16069 58.781 14.516 0.14406
58.6424 14.637 0.145443 0.111046 58.781 14.516 0.14406
58.6424 14.637 0.145443 0.111046 58.781 14.516 0.14406
58.6316 14.3562 0.147116 0.0801021 58.781 14.516 0.14406
58.614 14.6108 0.148794 0.0877524 58.781 14.516 0.14406
58.7956 14.3731 0.144916 0.0334798 58.781 14.516 0.14406
58.6384 14.5787 0.14385 0.16069 58.781 14.516 0.14406
58.6316 14.3562 0.147116 0.0801021 58.781 14.516 0.14406
58.4283 14.4432 0.145277 0.0797746 58.781 14.516 0.14406
58.6424 14.637 0.145443 0.111046 58.781 14.516 0.14406
58.6195 14.5602 0.143298 0.166117 58.781 14.516 0.14406
58.6363 14.2277 0.147072 0.0125235 58.781 14.516 0.14406
58.7149 14.5754 0.139769 0.050157 58.781 14.516 0.14406
58.7347 14.7513 0.143654 0.0146462 58.781 14.516 0.14406
58.6424 14.637 0.145443 0.111046 58.781 14.516 0.14406
58.7959 14.5498 0.139136 0.027921 58.781 14.516 0.14406
58.4283 14.4432 0.145277 0.0797746 58.781 14.516 0.14406
58.614 14.6108 0.148794 0.0877524 58.781 14.516 0.14406
58.6278 14.5726 0.143677 0.164977 58.781 14.516 0.14406
58.7149 14.5754 0.139769 0.050157 58.781 14.516 0.14406
58.6195 14.5602 0.143298 0.166117 58.781 14.516 0.14406
58.8829 14.4583 0.139691 0.0132311 58.781 14.516 0.14406
58.6316 14.3562 0.147116 0.0801021 58.781 14.516 0.14406
58.6278 14.5726 0.143677 0.164977 58.781 14.516 0.14406
58.6278 14.5726 0.143677 0.164977 58.781 14.516 0.14406
58.6424 14.637 0.145443 0.111046 58.781 14.516 0.14406
58.5066 14.7051 0.152324 0.011494 58.781 14.516 0.14406
58.6195 14.5602 0.143298 0.166117 58.781 14.516 0.14406
58.6003 14.4832 0.139563 0.0551257 58.781 14.516 0.14406
58.7959 14.5498 0.139136 0.027921 58.781 14.516 0.14406
58.6424 14.637 0.145443 0.111046 58.781 14.516 0.14406
58.8503 14.6167 0.145299 0.0154812 58.781 14.516 0.14406
58.3653 14.4316 0.143401 0.0200861 58.781 14.516 0.14406
58.3928 14.2505 0.151522 0.00316986 58.781 14.516 0.14406
58.7149 14.5754 0.139769 0.050157 58.781 14.516 0.14406
58.4681 14.205 0.146402 0.00693438 58.781 14.516 0.14406
58.4726 14.2287 0.147016 0.0109476 58.781 14.516 0.14406
58.6384 14.5787 0.14385 0.16069 58.781 14.516 0.14406
58.6384 14.5787 0.14385 0.16069 58.781 14.516 0.14406
58.6278 14.5726 0.143677 0.164977 58.781 14.516 0.14406
58.7956 14.3731 0.144916 0.0334798 58.781 14.516 0.14406
58.6195 14.5602 0.143298 0.166117 58.781 14.516 0.14406
58.614 14.6108 0.148794 0.0877524 58.781 14.516 0.14406
58.9233 14.1178 0.146397 2.60211e-05 58.781 14.516 0.14406
58.6384 14.5787 0.14385 0.16069 58.781 14.516 0.14406
58.6195 14.5602 0.143298 0.166117 58.781 14.516 0.14406
58.7959 14.5498 0.139136 0.027921 58.781 14.516 0.14406
58.8225 14.5321 0.151243 0.0025857 58.781 14.516 0.14406
58.8052 14.6163 0.141685 0.032556 58.781 14.516 0.14406
58.5097 14.2121 0.152885 0.00114089 58.781 14.516 0.14406
58.6278 14.5726 0.143677 0.164977 58.781 14.516 0.14406
58.6316 14.3562 0.147116 0.0801021 58.781 14.516 0.14406
58.4283 14.4432 0.145277 0.0797746 58.781 14.516 0.14406
58.6384 14.5787 0.14385 0.16069 58.781 14.516 0.14406
58.6278 14.5726 0.143677 0.164977 58.781 14.516 0.14406
58.6384 14.5787 0.14385 0.16069 58.781 14.516 0.14406
58.6285 14.2355 0.136363 0.00117407 58.781 14.516 0.14406
58.8052 14.6163 0.141685 0.032556 58.781 14.516 0.14406
58.6278 14.5726 0.143677 0.164977 58.781 14.516 0.14406
58.6384 14.5787 0.14385 0.16069 58.781 14.516 0.14406
58.4283 14.4432 0.145277 0.0797746 58.781 14.516 0.14406
58.4283 14.4432 0.145277 0.0797746 58.781 14.516 0.14406
58.7149 14.5754 0.139769 0.050157 58.781 14.516 0.14406
58.6195 14.5602 0.143298 0.166117 58.781 14.516 0.14406
58.6384 14.5787 0.14385 0.16069 58.781 14.516 0.14406
58.614 14.6108 0.148794 0.0877524 58.781 14.516 0.14406
58.6384 14.5787 0.14385 0.16069 58.781 14.516 0.14406
58.614 14.6108 0.148794 0.0877524 58.781 14.516 0.14406
58.4283 14.4432 0.145277 0.0797746 58.781 14.516 0.14406
58.6278 14.5726 0.143677 0.164977 58.781 14.516 0.14406
58.614 14.6108 0.148794 0.0877524 58.781 14.516 0.14406
58.614 14.6108 0.148794 0.0877524 58.781 14.516 0.14406
58.6195 14.5602 0.143298 0.166117 58.781 14.516 0.14406
58.6195 14.5602 0.143298 0.166117 58.781 14.516 0.14406
58.6424 14.637 0.145443 0.111046 58.781 14.516 0.14406
58.4902 14.408 0.152568 0.0212646 58.781 14.516 0.14406
58.7149 14.5754 0.139769 0.050157 58.781 14.516 0.14406
58.2236 14.511 0.150518 0.00403571 58.781 14.516 0.14406
58.8829 14.4583 0.139691 0.0132311 58.781 14.516 0.14406
58.7956 14.3731 0.144916 0.0334798 58.781 14.516 0.14406
58.6195 14.5602 0.143298 0.166117 58.781 14.516 0.14406
58.6316 14.3562 0.147116 0.0801021 58.781 14.516 0.14406
58.6384 14.5787 0.14385 0.16069 58.781 14.516 0.14406
58.7149 14.5754 0.139769 0.050157 58.781 14.516 0.14406
58.6316 14.3562 0.147116 0.0801021 58.781 14.516 0.14406
58.4283 14.4432 0.145277 0.0797746 58.781 14.516 0.14406
58.6278 14.5726 0.143677 0.164977 58.781 14.516 0.14406
58.6195 14.5602 0.143298 0.166117 58.781 14.516 0.14406
58.8052 14.6163 0.141685 0.032556 58.781 14.516 0.14406
58.6278 14.5726 0.143677 0.164977 58.781 14.516 0.14406
58.6195 14.5602 0.143298 0.166117 58.781 14.516 0.14406
58.6195 14.5602 0.143298 0.166117 58.781 14.516 0.14406
58.614 14.6108 0.148794 0.0877524 58.781 14.516 0.14406
58.6195 14.5602 0.143298 0.166117 58.781 14.516 0.14406
58.3653 14.4316 0.143401 0.0200861 58.781 14.516 0.14406
58.6424 14.637 0.145443 0.111046 58.781 14.516 0.14406
58.4283 14.4432 0.145277 0.0797746 58.781 14.516 0.14406
58.6384 14.5787 0.14385 0.16069 58.781 14.516 0.14406
58.4192 14.6271 0.155761 0.00273957 58.781 14.516 0.14406
58.614 14.6108 0.148794 0.0877524 58.781 14.516 0.14406
58.6278 14.5726 0.143677 0.164977 58.781 14.516 0.14406
58.5066 14.7051 0.152324 0.011494 58.781 14.516 0.14406
58.6195 14.5602 0.143298 0.166117 58.781 14.516 0.14406
58.614 14.6108 0.148794 0.0877524 58.781 14.516 0.14406
58.6195 14.5602 0.143298 0.166117 58.781 14.516 0.14406
58.6195 14.5602 0.143298 0.166117 58.781 14.516 0.14406
58.4283 14.4432 0.145277 0.0797746 58.781 14.516 0.14406
58.7149 14.5754 0.139769 0.050157 58.781 14.516 0.14406
58.6278 14.5726 0.143677 0.164977 58.781 14.516 0.14406
58.6424 14.637 0.145443 0.111046 58.781 14.516 0.14406
58.7956 14.3731 0.144916 0.0334798 58.781 14.516 0.14406
58.8052 14.6163 0.141685 0.032556 58.781 14.516 0.14406
58.8829 14.4583 0.139691 0.0132311 58.781 14.516 0.14406
58.6384 14.5787 0.14385 0.16069 58.781 14.516 0.14406
58.7149 14.5754 0.139769 0.050157 58.781 14.516 0.14406
58.614 14.6108 0.148794 0.0877524 58.781 14.516 0.14406
58.6278 14.5726 0.143677 0.164977 58.781 14.516 0.14406
58.6195 14.5602 0.143298 0.166117 58.781 14.516 0.14406
58.6384 14.5787 0.14385 0.16069 58.781 14.516 0.14406
58.6278 14.5726 0.143677 0.164977 58.781 14.516 0.14406
58.6003 14.4832 0.139563 0.0551257 58.781 14.516 0.14406
58.6363 14.2277 0.147072 0.0125235 58.781 14.516 0.14406
58.4192 14.6271 0.155761 0.00273957 58.781 14.516 0.14406
58.6384 14.5787 0.14385 0.16069 58.781 14.516 0.14406
58.6278 14.5726 0.143677 0.164977 58.781 14.516 0.14406
58.6195 14.5602 0.143298 0.166117 58.781 14.516 0.14406
58.7959 14.5498 0.139136 0.027921 58.781 14.516 0.14406
58.6384 14.5787 0.14385 0.16069 58.781 14.516 0.14406
58.6316 14.3562 0.147116 0.0801021 58.781 14.516 0.14406
58.5323 14.1868 0.141399 0.00351166 58.781 14.516 0.14406
58.6424 14.637 0.145443 0.111046 58.781 14.516 0.14406
58.6316 14.3562 0.147116 0.0801021 58.781 14.516 0.14406
58.6424 14.637 0.145443 0.111046 58.781 14.516 0.14406
58.614 14.6108 0.148794 0.0877524 58.781 14.516 0.14406
58.6195 14.5602 0.143298 0.166117 58.781 14.516 0.14406
58.6702 14.2469 0.147184 0.0141967 58.781 14.516 0.14406
58.6195 14.5602 0.143298 0.166117 58.781 14.516 0.14406
58.6424 14.637 0.145443 0.111046 58.781 14.516 0.14406
58.6195 14.5602 0.143298 0.166117 58.781 14.516 0.14406
58.6424 14.637 0.145443 0.111046 58.781 14.516 0.14406
58.6384 14.5787 0.14385 0.16069 58.781 14.516 0.14406
58.7956 14.3731 0.144916 0.0334798 58.781 14.516 0.14406
58.614 14.6108 0.148794 0.0877524 58.781 14.516 0.14406
58.6384 14.5787 0.14385 0.16069 58.781 14.516 0.14406
58.7959 14.5498 0.139136 0.027921 58.781 14.516 0.14406
58.4283 14.4432 0.145277 0.0797746 58.781 14.516 0.14406
58.6384 14.5787 0.14385 0.16069 58.781 14.516 0.14406
58.6195 14.5602 0.143298 0.166117 58.781 14.516 0.14406
58.6316 14.3562 0.147116 0.0801021 58.781 14.516 0.14406
58.6278 14.5726 0.143677 0.164977 58.781 14.516 0.14406
58.4902 14.408 0.152568 0.0212646 58.781 14.516 0.14406
58.6003 14.4832 0.139563 0.0551257 58.781 14.516 0.14406
58.6384 14.5787 0.14385 0.16069 58.781 14.516 0.14406
58.6316 14.3562 0.147116 0.0801021 58.781 14.516 0.14406
58.6424 14.637 0.145443 0.111046 58.781 14.516 0.14406
58.6384 14.5787 0.14385 0.16069 58.781 14.516 0.14406
58.7149 14.5754 0.139769 0.050157 58.781 14.516 0.14406
58.6195 14.5602 0.143298 0.166117 58.781 14.516 0.14406
58.6384 14.5787 0.14385 0.16069 58.781 14.516 0.14406
58.6195 14.5602 0.143298 0.166117 58.781 14.516 0.14406
58.6195 14.5602 0.143298 0.166117 58.781 14.516 0.14406
58.614 14.6108 0.148794 0.0877524 58.781 14.516 0.14406
58.6195 14.5602 0.143298 0.166117 58.781 14.516 0.14406
58.4902 14.408 0.152568 0.0212646 58.781 14.516 0.14406
58.6278 14.5726 0.143677 0.164977 58.781 14.516 0.14406
58.6278 14.5726 0.143677 0.164977 58.781 14.516 0.14406
58.6316 14.3562 0.147116 0.0801021 58.781 14.516 0.14406
58.7149 14.5754 0.139769 0.050157 58.781 14.516 0.14406
58.9727 14.5274 0.143797 0.00252352 58.781 14.516 0.14406
58.6278 14.5726 0.143677 0.164977 58.781 14.516 0.14406
58.6278 14.5726 0.143677 0.164977 58.781 14.516 0.14406
58.6424 14.637 0.145443 0.111046 58.781 14.516 0.14406
58.6003 14.4832 0.139563 0.0551257 58.781 14.516 0.14406
58.6195 14.5602 0.143298 0.166117 58.781 14.516 0.14406
58.6195 14.5602 0.143298 0.166117 58.781 14.516 0.14406
58.6316 14.3562 0.147116 0.0801021 58.781 14.516 0.14406
58.4283 14.4432 0.145277 0.0797746 58.781 14.516 0.14406
58.614 14.6108 0.148794 0.0877524 58.781 14.516 0.14406
58.4283 14.4432 0.145277 0.0797746 58.781 14.516 0.14406
58.6384 14.5787 0.14385 0.16069 58.781 14.516 0.14406
58.6424 14.637 0.145443 0.111046 58.781 14.516 0.14406
58.2364 14.5039 0.146263 0.00423406 58.781 14.516 0.14406
58.4283 14.4432 0.145277 0.0797746 58.781 14.516 0.14406
58.6278 14.5726 0.143677 0.164977 58.781 14.516 0.14406
58.6003 14.4832 0.139563 0.0551257 58.781 14.516 0.14406
58.6278 14.5726 0.143677 0.164977 58.781 14.516 0.14406
58.6195 14.5602 0.143298 0.166117 58.781 14.516 0.14406
58.6384 14.5787 0.14385 0.16069 58.781 14.516 0.14406
58.6316 14.3562 0.147116 0.0801021 58.781 14.516 0.14406
58.6384 14.5787 0.14385 0.16069 58.781 14.516 0.14406
58.6316 14.3562 0.147116 0.0801021 58.781 14.516 0.14406
58.6195 14.5602 0.143298 0.166117 58.781 14.516 0.14406
58.4283 14.4432 0.145277 0.0797746 58.781 14.516 0.14406
