277.148 14.6327 5.14079 0.0884875 277.22 14.703 5.1405
277.214 14.6451 5.1404 0.0888474 277.22 14.703 5.1405
277.131 14.7543 5.13641 0.0950674 277.22 14.703 5.1405
277.25 14.4439 5.14007 0.00395115 277.22 14.703 5.1405
277.148 14.6327 5.14079 0.0884875 277.22 14.703 5.1405
277.275 14.7575 5.139 0.0594976 277.22 14.703 5.1405
277.059 14.9283 5.14365 0.00989218 277.22 14.703 5.1405
277.148 14.6327 5.14079 0.0884875 277.22 14.703 5.1405
277.178 14.807 5.13997 0.0802836 277.22 14.703 5.1405
277.243 14.665 5.14395 0.039566 277.22 14.703 5.1405
277.203 14.7916 5.14205 0.0772293 277.22 14.703 5.1405
277.045 14.5552 5.13748 0.0415244 277.22 14.703 5.1405
277.131 14.7543 5.13641 0.0950674 277.22 14.703 5.1405
276.975 14.5287 5.12909 0.00770506 277.22 14.703 5.1405
277.343 14.5912 5.14126 0.0121504 277.22 14.703 5.1405
277.178 14.807 5.13997 0.0802836 277.22 14.703 5.1405
277.243 14.665 5.14395 0.039566 277.22 14.703 5.1405
277.275 14.7575 5.139 0.0594976 277.22 14.703 5.1405
277.214 14.6451 5.1404 0.0888474 277.22 14.703 5.1405
277.326 14.8577 5.14178 0.0140637 277.22 14.703 5.1405
277.231 14.778 5.14435 0.0505106 277.22 14.703 5.1405
277.131 14.7543 5.13641 0.0950674 277.22 14.703 5.1405
277.214 14.6451 5.1404 0.0888474 277.22 14.703 5.1405
277.203 14.7916 5.14205 0.0772293 277.22 14.703 5.1405
277.178 14.807 5.13997 0.0802836 277.22 14.703 5.1405
277.214 14.6451 5.1404 0.0888474 277.22 14.703 5.1405
277.131 14.7543 5.13641 0.0950674 277.22 14.703 5.1405
277.349 14.6996 5.13658 0.0209403 277.22 14.703 5.1405
277.243 14.665 5.14395 0.039566 277.22 14.703 5.1405
277.113 14.6956 5.13018 0.0282077 277.22 14.703 5.1405
277.214 14.6451 5.1404 0.0888474 277.22 14.703 5.1405
277.31 14.8861 5.14217 0.0120518 277.22 14.703 5.1405
277.231 14.778 5.14435 0.0505106 277.22 14.703 5.1405
277.215 14.7665 5.13476 0.0507575 277.22 14.703 5.1405
277.261 14.6524 5.14038 0.0657925 277.22 14.703 5.1405
277.131 14.7543 5.13641 0.0950674 277.22 14.703 5.1405
277.131 14.7543 5.13641 0.0950674 277.22 14.703 5.1405
277.326 14.7853 5.14422 0.0196764 277.22 14.703 5.1405
277.42 14.661 5.13827 0.0054462 277.22 14.703 5.1405
277.178 14.807 5.13997 0.0802836 277.22 14.703 5.1405
277.261 14.6524 5.14038 0.0657925 277.22 14.703 5.1405
277.148 14.6327 5.14079 0.0884875 277.22 14.703 5.1405
277.203 14.7916 5.14205 0.0772293 277.22 14.703 5.1405
277.113 14.6956 5.13018 0.0282077 277.22 14.703 5.1405
277.231 14.778 5.14435 0.0505106 277.22 14.703 5.1405
277.215 14.7665 5.13476 0.0507575 277.22 14.703 5.1405
277.231 14.778 5.14435 0.0505106 277.22 14.703 5.1405
276.993 14.6913 5.1395 0.0416531 277.22 14.703 5.1405
277.242 15.0051 5.14837 0.00173979 277.22 14.703 5.1405
276.927 14.6691 5.14055 0.010824 277.22 14.703 5.1405
276.944 14.8536 5.13534 0.00381076 277.22 14.703 5.1405
277.045 14.5552 5.13748 0.0415244 277.22 14.703 5.1405
277.178 14.807 5.13997 0.0802836 277.22 14.703 5.1405
276.927 14.6691 5.14055 0.010824 277.22 14.703 5.1405
277.261 14.6524 5.14038 0.0657925 277.22 14.703 5.1405
277.178 14.807 5.13997 0.0802836 277.22 14.703 5.1405
277.275 14.7575 5.139 0.0594976 277.22 14.703 5.1405
277.37 14.8376 5.14493 0.00644998 277.22 14.703 5.1405
277.126 14.5084 5.1387 0.0289107 277.22 14.703 5.1405
277.203 14.7916 5.14205 0.0772293 277.22 14.703 5.1405
276.848 14.77 5.13286 0.000849462 277.22 14.703 5.1405
277.148 14.6327 5.14079 0.0884875 277.22 14.703 5.1405
277.178 14.807 5.13997 0.0802836 277.22 14.703 5.1405
277.178 14.807 5.13997 0.0802836 277.22 14.703 5.1405
276.993 14.6913 5.1395 0.0416531 277.22 14.703 5.1405
277.178 14.807 5.13997 0.0802836 277.22 14.703 5.1405
277.214 14.6451 5.1404 0.0888474 277.22 14.703 5.1405
277.31 14.8861 5.14217 0.0120518 277.22 14.703 5.1405
277.131 14.7543 5.13641 0.0950674 277.22 14.703 5.1405
277.178 14.807 5.13997 0.0802836 277.22 14.703 5.1405
277.42 14.661 5.13827 0.0054462 277.22 14.703 5.1405
277.214 14.6451 5.1404 0.0888474 277.22 14.703 5.1405
277.349 14.6996 5.13658 0.0209403 277.22 14.703 5.1405
277.261 14.6524 5.14038 0.0657925 277.22 14.703 5.1405
276.993 14.6913 5.1395 0.0416531 277.22 14.703 5.1405
277.214 14.6451 5.1404 0.0888474 277.22 14.703 5.1405
277.353 14.6972 5.13255 0.00803013 277.22 14.703 5.1405
277.231 14.778 5.14435 0.0505106 277.22 14.703 5.1405
277.231 14.778 5.14435 0.0505106 277.22 14.703 5.1405
277.261 14.6524 5.14038 0.0657925 277.22 14.703 5.1405
277.148 14.6327 5.14079 0.0884875 277.22 14.703 5.1405
277.126 14.5084 5.1387 0.0289107 277.22 14.703 5.1405
277.148 14.6327 5.14079 0.0884875 277.22 14.703 5.1405
277.214 14.6451 5.1404 0.0888474 277.22 14.703 5.1405
277.131 14.7543 5.13641 0.0950674 277.22 14.703 5.1405
277.131 14.7543 5.13641 0.0950674 277.22 14.703 5.1405
277.203 14.7916 5.14205 0.0772293 277.22 14.703 5.1405
277.214 14.6451 5.1404 0.0888474 277.22 14.703 5.1405
277.203 14.7916 5.14205 0.0772293 277.22 14.703 5.1405
277.349 14.6996 5.13658 0.0209403 277.22 14.703 5.1405
277.203 14.7916 5.14205 0.0772293 277.22 14.703 5.1405
277.131 14.7543 5.13641 0.0950674 277.22 14.703 5.1405
277.113 14.6956 5.13018 0.0282077 277.22 14.703 5.1405
277.094 14.8667 5.14721 0.0140425 277.22 14.703 5.1405
277.178 14.807 5.13997 0.0802836 277.22 14.703 5.1405
277.215 14.7665 5.13476 0.0507575 277.22 14.703 5.1405
277.261 14.6524 5.14038 0.0657925 277.22 14.703 5.1405
277.178 14.807 5.13997 0.0802836 277.22 14.703 5.1405
277.113 14.6956 5.13018 0.0282077 277.22 14.703 5.1405
276.927 14.6691 5.14055 0.010824 277.22 14.703 5.1405
277.329 14.6764 5.14232 0.0244634 277.22 14.703 5.1405
277.261 14.6524 5.14038 0.0657925 277.22 14.703 5.1405
277.059 14.9283 5.14365 0.00989218 277.22 14.703 5.1405
276.927 14.6691 5.14055 0.010824 277.22 14.703 5.1405
277.203 14.7916 5.14205 0.0772293 277.22 14.703 5.1405
277.31 14.8861 5.14217 0.0120518 277.22 14.703 5.1405
277.069 14.6474 5.14533 0.0179639 277.22 14.703 5.1405
277.203 14.7916 5.14205 0.0772293 277.22 14.703 5.1405
277.215 14.7665 5.13476 0.0507575 277.22 14.703 5.1405
277.045 14.5552 5.13748 0.0415244 277.22 14.703 5.1405
277.343 14.473 5.14127 0.00169657 277.22 14.703 5.1405
277.203 14.7916 5.14205 0.0772293 277.22 14.703 5.1405
277.045 14.5552 5.13748 0.0415244 277.22 14.703 5.1405
277.231 14.778 5.14435 0.0505106 277.22 14.703 5.1405
277.214 14.6451 5.1404 0.0888474 277.22 14.703 5.1405
277.214 14.6451 5.1404 0.0888474 277.22 14.703 5.1405
277.275 14.7575 5.139 0.0594976 277.22 14.703 5.1405
277.045 14.5552 5.13748 0.0415244 277.22 14.703 5.1405
276.993 14.6913 5.1395 0.0416531 277.22 14.703 5.1405
277.126 14.5084 5.1387 0.0289107 277.22 14.703 5.1405
277.178 14.807 5.13997 0.0802836 277.22 14.703 5.1405
276.993 14.6913 5.1395 0.0416531 277.22 14.703 5.1405
277.148 14.6327 5.14079 0.0884875 277.22 14.703 5.1405
277.131 14.7543 5.13641 0.0950674 277.22 14.703 5.1405
277.243 14.665 5.14395 0.039566 277.22 14.703 5.1405
277.148 14.6327 5.14079 0.0884875 277.22 14.703 5.1405
277.275 14.7575 5.139 0.0594976 277.22 14.703 5.1405
277.178 14.807 5.13997 0.0802836 277.22 14.703 5.1405
277.231 14.778 5.14435 0.0505106 277.22 14.703 5.1405
277.214 14.6451 5.1404 0.0888474 277.22 14.703 5.1405
277.045 14.5552 5.13748 0.0415244 277.22 14.703 5.1405
277.215 14.7665 5.13476 0.0507575 277.22 14.703 5.1405
277.094 14.8667 5.14721 0.0140425 277.22 14.703 5.1405
277.178 14.807 5.13997 0.0802836 277.22 14.703 5.1405
277.214 14.6451 5.1404 0.0888474 277.22 14.703 5.1405
277.349 14.6996 5.13658 0.0209403 277.22 14.703 5.1405
277.045 14.5552 5.13748 0.0415244 277.22 14.703 5.1405
277.348 14.6505 5.13121 0.00678318 277.22 14.703 5.1405
277.045 14.5552 5.13748 0.0415244 277.22 14.703 5.1405
277.131 14.7543 5.13641 0.0950674 277.22 14.703 5.1405
277.243 14.665 5.14395 0.039566 277.22 14.703 5.1405
276.993 14.6913 5.1395 0.0416531 277.22 14.703 5.1405
277.214 14.6451 5.1404 0.0888474 277.22 14.703 5.1405
277.326 14.8577 5.14178 0.0140637 277.22 14.703 5.1405
277.214 14.6451 5.1404 0.0888474 277.22 14.703 5.1405
277.203 14.7916 5.14205 0.0772293 277.22 14.703 5.1405
277.148 14.6327 5.14079 0.0884875 277.22 14.703 5.1405
277.203 14.7916 5.14205 0.0772293 277.22 14.703 5.1405
277.148 14.6327 5.14079 0.0884875 277.22 14.703 5.1405
277.261 14.6524 5.14038 0.0657925 277.22 14.703 5.1405
277.069 14.6474 5.14533 0.0179639 277.22 14.703 5.1405
277.243 14.665 5.14395 0.039566 277.22 14.703 5.1405
277.126 14.5084 5.1387 0.0289107 277.22 14.703 5.1405
277.131 14.7543 5.13641 0.0950674 277.22 14.703 5.1405
276.997 14.4629 5.13376 0.00871062 277.22 14.703 5.1405
277.148 14.6327 5.14079 0.0884875 277.22 14.703 5.1405
277.045 14.5552 5.13748 0.0415244 277.22 14.703 5.1405
277.203 14.7916 5.14205 0.0772293 277.22 14.703 5.1405
277.148 14.6327 5.14079 0.0884875 277.22 14.703 5.1405
277.059 14.9283 5.14365 0.00989218 277.22 14.703 5.1405
277.131 14.7543 5.13641 0.0950674 277.22 14.703 5.1405
277.275 14.7575 5.139 0.0594976 277.22 14.703 5.1405
277.178 14.807 5.13997 0.0802836 277.22 14.703 5.1405
277.203 14.7916 5.14205 0.0772293 277.22 14.703 5.1405
277.31 14.8861 5.14217 0.0120518 277.22 14.703 5.1405
277.214 14.6451 5.1404 0.0888474 277.22 14.703 5.1405
277.349 14.6996 5.13658 0.0209403 277.22 14.703 5.1405
277.131 14.7543 5.13641 0.0950674 277.22 14.703 5.1405
277.203 14.7916 5.14205 0.0772293 277.22 14.703 5.1405
276.927 14.6691 5.14055 0.010824 277.22 14.703 5.1405
277.203 14.7916 5.14205 0.0772293 277.22 14.703 5.1405
277.231 14.778 5.14435 0.0505106 277.22 14.703 5.1405
277.243 14.7107 5.14665 0.0214059 277.22 14.703 5.1405
277.231 14.778 5.14435 0.0505106 277.22 14.703 5.1405
277.178 14.807 5.13997 0.0802836 277.22 14.703 5.1405
277.126 14.5084 5.1387 0.0289107 277.22 14.703 5.1405
277.045 14.5552 5.13748 0.0415244 277.22 14.703 5.1405
277.131 14.7543 5.13641 0.0950674 277.22 14.703 5.1405
276.993 14.6913 5.1395 0.0416531 277.22 14.703 5.1405
277.343 14.5912 5.14126 0.0121504 277.22 14.703 5.1405
277.093 14.6758 5.12886 0.0180837 277.22 14.703 5.1405
277.203 14.7916 5.14205 0.0772293 277.22 14.703 5.1405
277.045 14.5552 5.13748 0.0415244 277.22 14.703 5.1405
277.275 14.7575 5.139 0.0594976 277.22 14.703 5.1405
277.131 14.7543 5.13641 0.0950674 277.22 14.703 5.1405
277.203 14.7916 5.14205 0.0772293 277.22 14.703 5.1405
277.231 14.778 5.14435 0.0505106 277.22 14.703 5.1405
277.148 14.6327 5.14079 0.0884875 277.22 14.703 5.1405
277.148 14.6327 5.14079 0.0884875 277.22 14.703 5.1405
277.261 14.6524 5.14038 0.0657925 277.22 14.703 5.1405
277.045 14.5552 5.13748 0.0415244 277.22 14.703 5.1405
277.353 14.6972 5.13255 0.00803013 277.22 14.703 5.1405
277.148 14.6327 5.14079 0.0884875 277.22 14.703 5.1405
277.148 14.6327 5.14079 0.0884875 277.22 14.703 5.1405
276.944 14.8536 5.13534 0.00381076 277.22 14.703 5.1405
277.326 14.7853 5.14422 0.0196764 277.22 14.703 5.1405
277.326 14.8577 5.14178 0.0140637 277.22 14.703 5.1405
277.231 14.778 5.14435 0.0505106 277.22 14.703 5.1405
277.215 14.7665 5.13476 0.0507575 277.22 14.703 5.1405
277.093 14.6758 5.12886 0.0180837 277.22 14.703 5.1405
