165.302 22.7668 0.0746905 0.554139 165.56 22.742 0.072965
165.478 22.6825 0.0652699 0.832457 165.56 22.742 0.072965
165.331 22.603 0.0667074 0.342445 165.56 22.742 0.072965
165.486 22.6426 0.0704441 1.07975 165.56 22.742 0.072965
165.252 22.7094 0.0676576 0.38627 165.56 22.742 0.072965
165.478 22.8855 0.0758841 0.0696232 165.56 22.742 0.072965
165.364 22.7093 0.0713614 1.73994 165.56 22.742 0.072965
165.344 22.8861 0.0655347 0.261332 165.56 22.742 0.072965
165.555 22.5248 0.0730113 0.0465429 165.56 22.742 0.072965
165.647 22.7656 0.0664404 0.267374 165.56 22.742 0.072965
165.344 22.8861 0.0655347 0.261332 165.56 22.742 0.072965
165.678 22.7099 0.0706226 0.079835 165.56 22.742 0.072965
165.364 22.7093 0.0713614 1.73994 165.56 22.742 0.072965
165.478 22.6825 0.0652699 0.832457 165.56 22.742 0.072965
165.202 22.7942 0.0766712 0.0807928 165.56 22.742 0.072965
165.645 22.6408 0.0684168 0.172181 165.56 22.742 0.072965
165.364 22.7093 0.0713614 1.73994 165.56 22.742 0.072965
165.63 22.7921 0.0674797 0.345128 165.56 22.742 0.072965
165.181 22.777 0.0758229 0.0942343 165.56 22.742 0.072965
165.344 22.8861 0.0655347 0.261332 165.56 22.742 0.072965
165.645 22.6408 0.0684168 0.172181 165.56 22.742 0.072965
165.364 22.7093 0.0713614 1.73994 165.56 22.742 0.072965
165.331 22.603 0.0667074 0.342445 165.56 22.742 0.072965
165.478 22.6825 0.0652699 0.832457 165.56 22.742 0.072965
165.486 22.6426 0.0704441 1.07975 165.56 22.742 0.072965
165.4 22.9084 0.0754243 0.118247 165.56 22.742 0.072965
165.615 22.8058 0.059074 0.0122377 165.56 22.742 0.072965
165.364 22.7093 0.0713614 1.73994 165.56 22.742 0.072965
165.307 22.8291 0.0694929 0.916885 165.56 22.742 0.072965
165.307 22.8291 0.0694929 0.916885 165.56 22.742 0.072965
165.486 22.6426 0.0704441 1.07975 165.56 22.742 0.072965
165.63 22.7921 0.0674797 0.345128 165.56 22.742 0.072965
165.486 22.6426 0.0704441 1.07975 165.56 22.742 0.072965
165.478 22.6825 0.0652699 0.832457 165.56 22.742 0.072965
165.486 22.6426 0.0704441 1.07975 165.56 22.742 0.072965
165.678 22.7099 0.0706226 0.079835 165.56 22.742 0.072965
165.647 22.7656 0.0664404 0.267374 165.56 22.742 0.072965
165.252 22.7094 0.0676576 0.38627 165.56 22.742 0.072965
165.465 22.6218 0.0728651 0.564125 165.56 22.742 0.072965
165.486 22.6426 0.0704441 1.07975 165.56 22.742 0.072965
165.302 22.7668 0.0746905 0.554139 165.56 22.742 0.072965
165.331 22.603 0.0667074 0.342445 165.56 22.742 0.072965
165.364 22.7093 0.0713614 1.73994 165.56 22.742 0.072965
165.331 22.603 0.0667074 0.342445 165.56 22.742 0.072965
165.364 22.7093 0.0713614 1.73994 165.56 22.742 0.072965
165.307 22.8291 0.0694929 0.916885 165.56 22.742 0.072965
165.567 22.7165 0.0718944 0.45986 165.56 22.742 0.072965
165.252 22.7094 0.0676576 0.38627 165.56 22.742 0.072965
165.302 22.7668 0.0746905 0.554139 165.56 22.742 0.072965
165.465 22.6218 0.0728651 0.564125 165.56 22.742 0.072965
165.575 22.6009 0.0641687 0.154316 165.56 22.742 0.072965
165.647 22.7656 0.0664404 0.267374 165.56 22.742 0.072965
165.478 22.6825 0.0652699 0.832457 165.56 22.742 0.072965
165.486 22.6426 0.0704441 1.07975 165.56 22.742 0.072965
165.404 23.008 0.0652686 0.0436073 165.56 22.742 0.072965
165.364 22.7093 0.0713614 1.73994 165.56 22.742 0.072965
165.331 22.603 0.0667074 0.342445 165.56 22.742 0.072965
165.486 22.6426 0.0704441 1.07975 165.56 22.742 0.072965
165.647 22.7656 0.0664404 0.267374 165.56 22.742 0.072965
165.63 22.7921 0.0674797 0.345128 165.56 22.742 0.072965
165.307 22.8291 0.0694929 0.916885 165.56 22.742 0.072965
165.298 22.966 0.0657217 0.0456489 165.56 22.742 0.072965
165.645 22.6408 0.0684168 0.172181 165.56 22.742 0.072965
165.181 22.777 0.0758229 0.0942343 165.56 22.742 0.072965
165.567 22.7165 0.0718944 0.45986 165.56 22.742 0.072965
165.307 22.8291 0.0694929 0.916885 165.56 22.742 0.072965
165.665 22.8725 0.0692332 0.0778071 165.56 22.742 0.072965
165.486 22.6426 0.0704441 1.07975 165.56 22.742 0.072965
165.252 22.7094 0.0676576 0.38627 165.56 22.742 0.072965
165.307 22.8291 0.0694929 0.916885 165.56 22.742 0.072965
165.302 22.7668 0.0746905 0.554139 165.56 22.742 0.072965
165.364 22.7093 0.0713614 1.73994 165.56 22.742 0.072965
165.307 22.8291 0.0694929 0.916885 165.56 22.742 0.072965
165.465 22.6218 0.0728651 0.564125 165.56 22.742 0.072965
165.331 22.603 0.0667074 0.342445 165.56 22.742 0.072965
165.478 22.8855 0.0758841 0.0696232 165.56 22.742 0.072965
165.307 22.8291 0.0694929 0.916885 165.56 22.742 0.072965
165.645 22.6408 0.0684168 0.172181 165.56 22.742 0.072965
165.364 22.7093 0.0713614 1.73994 165.56 22.742 0.072965
165.5 22.8398 0.0746564 0.197331 165.56 22.742 0.072965
165.63 22.7921 0.0674797 0.345128 165.56 22.742 0.072965
165.486 22.6426 0.0704441 1.07975 165.56 22.742 0.072965
165.364 22.7093 0.0713614 1.73994 165.56 22.742 0.072965
165.364 22.7093 0.0713614 1.73994 165.56 22.742 0.072965
165.478 22.6825 0.0652699 0.832457 165.56 22.742 0.072965
165.302 22.7668 0.0746905 0.554139 165.56 22.742 0.072965
165.645 22.6408 0.0684168 0.172181 165.56 22.742 0.072965
165.575 22.6009 0.0641687 0.154316 165.56 22.742 0.072965
165.696 22.5653 0.0725244 0.0059555 165.56 22.742 0.072965
165.486 22.6426 0.0704441 1.07975 165.56 22.742 0.072965
165.486 22.6426 0.0704441 1.07975 165.56 22.742 0.072965
165.478 22.6825 0.0652699 0.832457 165.56 22.742 0.072965
165.291 22.6644 0.0778738 0.0791539 165.56 22.742 0.072965
165.486 22.6426 0.0704441 1.07975 165.56 22.742 0.072965
165.486 22.6426 0.0704441 1.07975 165.56 22.742 0.072965
165.575 22.6009 0.0641687 0.154316 165.56 22.742 0.072965
165.665 22.8725 0.0692332 0.0778071 165.56 22.742 0.072965
165.567 22.7165 0.0718944 0.45986 165.56 22.742 0.072965
165.307 22.8291 0.0694929 0.916885 165.56 22.742 0.072965
165.204 22.4862 0.0678748 0.00909933 165.56 22.742 0.072965
165.331 22.603 0.0667074 0.342445 165.56 22.742 0.072965
165.364 22.7093 0.0713614 1.73994 165.56 22.742 0.072965
165.486 22.6426 0.0704441 1.07975 165.56 22.742 0.072965
165.364 22.7093 0.0713614 1.73994 165.56 22.742 0.072965
165.364 22.7093 0.0713614 1.73994 165.56 22.742 0.072965
165.525 22.7099 0.0606173 0.0639313 165.56 22.742 0.072965
165.567 22.7165 0.0718944 0.45986 165.56 22.742 0.072965
165.696 22.5653 0.0725244 0.0059555 165.56 22.742 0.072965
165.364 22.7093 0.0713614 1.73994 165.56 22.742 0.072965
165.465 22.6218 0.0728651 0.564125 165.56 22.742 0.072965
165.465 22.6218 0.0728651 0.564125 165.56 22.742 0.072965
165.307 22.8291 0.0694929 0.916885 165.56 22.742 0.072965
165.567 22.7165 0.0718944 0.45986 165.56 22.742 0.072965
165.364 22.7093 0.0713614 1.73994 165.56 22.742 0.072965
165.575 22.6009 0.0641687 0.154316 165.56 22.742 0.072965
165.307 22.8291 0.0694929 0.916885 165.56 22.742 0.072965
165.279 22.8907 0.0658758 0.123627 165.56 22.742 0.072965
165.298 22.966 0.0657217 0.0456489 165.56 22.742 0.072965
165.567 22.7165 0.0718944 0.45986 165.56 22.742 0.072965
165.331 22.603 0.0667074 0.342445 165.56 22.742 0.072965
165.364 22.7093 0.0713614 1.73994 165.56 22.742 0.072965
165.465 22.6218 0.0728651 0.564125 165.56 22.742 0.072965
165.307 22.8291 0.0694929 0.916885 165.56 22.742 0.072965
165.465 22.6218 0.0728651 0.564125 165.56 22.742 0.072965
165.331 22.603 0.0667074 0.342445 165.56 22.742 0.072965
165.364 22.7093 0.0713614 1.73994 165.56 22.742 0.072965
165.465 22.6218 0.0728651 0.564125 165.56 22.742 0.072965
165.302 22.7668 0.0746905 0.554139 165.56 22.742 0.072965
165.252 22.7094 0.0676576 0.38627 165.56 22.742 0.072965
165.567 22.7165 0.0718944 0.45986 165.56 22.742 0.072965
165.331 22.603 0.0667074 0.342445 165.56 22.742 0.072965
165.686 22.6551 0.0664815 0.0890328 165.56 22.742 0.072965
165.567 22.7165 0.0718944 0.45986 165.56 22.742 0.072965
165.331 22.603 0.0667074 0.342445 165.56 22.742 0.072965
165.364 22.7093 0.0713614 1.73994 165.56 22.742 0.072965
165.307 22.8291 0.0694929 0.916885 165.56 22.742 0.072965
165.486 22.6426 0.0704441 1.07975 165.56 22.742 0.072965
165.567 22.7165 0.0718944 0.45986 165.56 22.742 0.072965
165.575 22.6009 0.0641687 0.154316 165.56 22.742 0.072965
165.204 22.8506 0.0758798 0.0765579 165.56 22.742 0.072965
165.478 22.6825 0.0652699 0.832457 165.56 22.742 0.072965
165.364 22.7093 0.0713614 1.73994 165.56 22.742 0.072965
165.486 22.6426 0.0704441 1.07975 165.56 22.742 0.072965
165.204 22.8506 0.0758798 0.0765579 165.56 22.742 0.072965
165.364 22.7093 0.0713614 1.73994 165.56 22.742 0.072965
165.344 22.8861 0.0655347 0.261332 165.56 22.742 0.072965
165.486 22.6426 0.0704441 1.07975 165.56 22.742 0.072965
165.307 22.8291 0.0694929 0.916885 165.56 22.742 0.072965
165.364 22.7093 0.0713614 1.73994 165.56 22.742 0.072965
165.302 22.7668 0.0746905 0.554139 165.56 22.742 0.072965
165.486 22.6426 0.0704441 1.07975 165.56 22.742 0.072965
165.331 22.603 0.0667074 0.342445 165.56 22.742 0.072965
165.678 22.7099 0.0706226 0.079835 165.56 22.742 0.072965
165.302 22.7668 0.0746905 0.554139 165.56 22.742 0.072965
165.302 22.7668 0.0746905 0.554139 165.56 22.742 0.072965
165.252 22.7094 0.0676576 0.38627 165.56 22.742 0.072965
165.364 22.7093 0.0713614 1.73994 165.56 22.742 0.072965
165.364 22.7093 0.0713614 1.73994 165.56 22.742 0.072965
165.486 22.6426 0.0704441 1.07975 165.56 22.742 0.072965
165.486 22.6426 0.0704441 1.07975 165.56 22.742 0.072965
165.364 22.7093 0.0713614 1.73994 165.56 22.742 0.072965
165.465 22.6218 0.0728651 0.564125 165.56 22.742 0.072965
165.486 22.6426 0.0704441 1.07975 165.56 22.742 0.072965
165.181 22.777 0.0758229 0.0942343 165.56 22.742 0.072965
165.486 22.6426 0.0704441 1.07975 165.56 22.742 0.072965
165.465 22.6218 0.0728651 0.564125 165.56 22.742 0.072965
165.465 22.6218 0.0728651 0.564125 165.56 22.742 0.072965
165.364 22.7093 0.0713614 1.73994 165.56 22.742 0.072965
165.465 22.6218 0.0728651 0.564125 165.56 22.742 0.072965
165.364 22.7093 0.0713614 1.73994 165.56 22.742 0.072965
165.307 22.8291 0.0694929 0.916885 165.56 22.742 0.072965
165.486 22.6426 0.0704441 1.07975 165.56 22.742 0.072965
165.5 22.8398 0.0746564 0.197331 165.56 22.742 0.072965
165.302 22.7668 0.0746905 0.554139 165.56 22.742 0.072965
165.486 22.6426 0.0704441 1.07975 165.56 22.742 0.072965
165.331 22.603 0.0667074 0.342445 165.56 22.742 0.072965
165.364 22.7093 0.0713614 1.73994 165.56 22.742 0.072965
165.302 22.7668 0.0746905 0.554139 165.56 22.742 0.072965
165.465 22.6218 0.0728651 0.564125 165.56 22.742 0.072965
165.364 22.7093 0.0713614 1.73994 165.56 22.742 0.072965
165.364 22.7093 0.0713614 1.73994 165.56 22.742 0.072965
165.4 22.9084 0.0754243 0.118247 165.56 22.742 0.072965
165.364 22.7093 0.0713614 1.73994 165.56 22.742 0.072965
165.252 22.7094 0.0676576 0.38627 165.56 22.742 0.072965
165.202 22.7942 0.0766712 0.0807928 165.56 22.742 0.072965
165.364 22.7093 0.0713614 1.73994 165.56 22.742 0.072965
165.344 22.8861 0.0655347 0.261332 165.56 22.742 0.072965
165.302 22.7668 0.0746905 0.554139 165.56 22.742 0.072965
165.486 22.6426 0.0704441 1.07975 165.56 22.742 0.072965
165.494 22.9737 0.0626083 0.0312666 165.56 22.742 0.072965
165.404 23.008 0.0652686 0.0436073 165.56 22.742 0.072965
165.486 22.6426 0.0704441 1.07975 165.56 22.742 0.072965
165.307 22.8291 0.0694929 0.916885 165.56 22.742 0.072965
165.575 22.6009 0.0641687 0.154316 165.56 22.742 0.072965
165.615 22.8058 0.059074 0.0122377 165.56 22.742 0.072965
165.331 22.603 0.0667074 0.342445 165.56 22.742 0.072965
165.307 22.8291 0.0694929 0.916885 165.56 22.742 0.072965
165.331 22.603 0.0667074 0.342445 165.56 22.742 0.072965
165.364 22.7093 0.0713614 1.73994 165.56 22.742 0.072965
165.478 22.6825 0.0652699 0.832457 165.56 22.742 0.072965
