161.271 22.4283 0.0764673 0.480909 161.24 22.427 0.073716
161.145 22.3808 0.0707448 0.0718152 161.24 22.427 0.073716
161.33 22.3096 0.0759579 1.0436 161.24 22.427 0.073716
161.389 22.454 0.0698254 0.0693129 161.24 22.427 0.073716
161.33 22.3096 0.0759579 1.0436 161.24 22.427 0.073716
161.33 22.3096 0.0759579 1.0436 161.24 22.427 0.073716
161.33 22.3096 0.0759579 1.0436 161.24 22.427 0.073716
161.252 22.4191 0.0727273 0.351886 161.24 22.427 0.073716
161.33 22.3096 0.0759579 1.0436 161.24 22.427 0.073716
161.33 22.3096 0.0759579 1.0436 161.24 22.427 0.073716
161.073 22.2826 0.0778578 0.325214 161.24 22.427 0.073716
161.33 22.3096 0.0759579 1.0436 161.24 22.427 0.073716
161.073 22.2826 0.0778578 0.325214 161.24 22.427 0.073716
161.275 22.0301 0.0754718 0.0747683 161.24 22.427 0.073716
161.33 22.3096 0.0759579 1.0436 161.24 22.427 0.073716
161.252 22.4191 0.0727273 0.351886 161.24 22.427 0.073716
161.387 22.3639 0.0791995 0.207712 161.24 22.427 0.073716
161.271 22.4283 0.0764673 0.480909 161.24 22.427 0.073716
161.464 22.4301 0.0773519 0.0551293 161.24 22.427 0.073716
161.33 22.3096 0.0759579 1.0436 161.24 22.427 0.073716
161.338 22.3571 0.0738584 0.728139 161.24 22.427 0.073716
161.338 22.3571 0.0738584 0.728139 161.24 22.427 0.073716
161.252 22.4191 0.0727273 0.351886 161.24 22.427 0.073716
161.252 22.4191 0.0727273 0.351886 161.24 22.427 0.073716
161.338 22.3571 0.0738584 0.728139 161.24 22.427 0.073716
161.338 22.3571 0.0738584 0.728139 161.24 22.427 0.073716
161.33 22.3096 0.0759579 1.0436 161.24 22.427 0.073716
161.301 22.335 0.0688737 0.105346 161.24 22.427 0.073716
161.33 22.3096 0.0759579 1.0436 161.24 22.427 0.073716
161.301 22.335 0.0688737 0.105346 161.24 22.427 0.073716
161.275 22.0301 0.0754718 0.0747683 161.24 22.427 0.073716
161.252 22.4191 0.0727273 0.351886 161.24 22.427 0.073716
161.301 22.335 0.0688737 0.105346 161.24 22.427 0.073716
161.389 22.4733 0.0713218 0.09294 161.24 22.427 0.073716
161.252 22.4191 0.0727273 0.351886 161.24 22.427 0.073716
161.389 22.454 0.0698254 0.0693129 161.24 22.427 0.073716
161.389 22.4733 0.0713218 0.09294 161.24 22.427 0.073716
161.275 22.0301 0.0754718 0.0747683 161.24 22.427 0.073716
161.38 22.5175 0.066522 0.00393584 161.24 22.427 0.073716
161.33 22.3096 0.0759579 1.0436 161.24 22.427 0.073716
161.387 22.3639 0.0791995 0.207712 161.24 22.427 0.073716
161.33 22.3096 0.0759579 1.0436 161.24 22.427 0.073716
161.073 22.2826 0.0778578 0.325214 161.24 22.427 0.073716
161.464 22.4301 0.0773519 0.0551293 161.24 22.427 0.073716
161.33 22.3096 0.0759579 1.0436 161.24 22.427 0.073716
161.073 22.2826 0.0778578 0.325214 161.24 22.427 0.073716
161.28 22.612 0.0766408 0.00871195 161.24 22.427 0.073716
161.464 22.4301 0.0773519 0.0551293 161.24 22.427 0.073716
161.33 22.3096 0.0759579 1.0436 161.24 22.427 0.073716
161.145 22.3808 0.0707448 0.0718152 161.24 22.427 0.073716
161.275 22.0301 0.0754718 0.0747683 161.24 22.427 0.073716
161.389 22.4733 0.0713218 0.09294 161.24 22.427 0.073716
161.33 22.3096 0.0759579 1.0436 161.24 22.427 0.073716
161.252 22.4191 0.0727273 0.351886 161.24 22.427 0.073716
161.33 22.3096 0.0759579 1.0436 161.24 22.427 0.073716
161.33 22.3096 0.0759579 1.0436 161.24 22.427 0.073716
161.271 22.4283 0.0764673 0.480909 161.24 22.427 0.073716
161.461 22.3718 0.0749576 0.183143 161.24 22.427 0.073716
161.33 22.3096 0.0759579 1.0436 161.24 22.427 0.073716
161.33 22.3096 0.0759579 1.0436 161.24 22.427 0.073716
161.275 22.0301 0.0754718 0.0747683 161.24 22.427 0.073716
161.33 22.3096 0.0759579 1.0436 161.24 22.427 0.073716
161.387 22.3639 0.0791995 0.207712 161.24 22.427 0.073716
161.338 22.3571 0.0738584 0.728139 161.24 22.427 0.073716
161.301 22.335 0.0688737 0.105346 161.24 22.427 0.073716
161.33 22.3096 0.0759579 1.0436 161.24 22.427 0.073716
161.387 22.3639 0.0791995 0.207712 161.24 22.427 0.073716
161.33 22.3096 0.0759579 1.0436 161.24 22.427 0.073716
161.33 22.3096 0.0759579 1.0436 161.24 22.427 0.073716
161.467 22.4449 0.0670845 0.00914223 161.24 22.427 0.073716
161.252 22.4191 0.0727273 0.351886 161.24 22.427 0.073716
161.388 22.5475 0.0809876 0.00295483 161.24 22.427 0.073716
161.252 22.4191 0.0727273 0.351886 161.24 22.427 0.073716
161.33 22.3096 0.0759579 1.0436 161.24 22.427 0.073716
161.271 22.4283 0.0764673 0.480909 161.24 22.427 0.073716
161.464 22.4301 0.0773519 0.0551293 161.24 22.427 0.073716
161.33 22.3096 0.0759579 1.0436 161.24 22.427 0.073716
161.33 22.3096 0.0759579 1.0436 161.24 22.427 0.073716
161.33 22.3096 0.0759579 1.0436 161.24 22.427 0.073716
161.387 22.3639 0.0791995 0.207712 161.24 22.427 0.073716
161.145 22.3808 0.0707448 0.0718152 161.24 22.427 0.073716
161.28 22.612 0.0766408 0.00871195 161.24 22.427 0.073716
161.387 22.3639 0.0791995 0.207712 161.24 22.427 0.073716
161.338 22.3571 0.0738584 0.728139 161.24 22.427 0.073716
161.271 22.4283 0.0764673 0.480909 161.24 22.427 0.073716
161.073 22.2826 0.0778578 0.325214 161.24 22.427 0.073716
161.145 22.3808 0.0707448 0.0718152 161.24 22.427 0.073716
161.33 22.3096 0.0759579 1.0436 161.24 22.427 0.073716
161.33 22.3096 0.0759579 1.0436 161.24 22.427 0.073716
161.338 22.3571 0.0738584 0.728139 161.24 22.427 0.073716
161.338 22.3571 0.0738584 0.728139 161.24 22.427 0.073716
161.387 22.3639 0.0791995 0.207712 161.24 22.427 0.073716
161.271 22.4283 0.0764673 0.480909 161.24 22.427 0.073716
161.271 22.4283 0.0764673 0.480909 161.24 22.427 0.073716
161.338 22.3571 0.0738584 0.728139 161.24 22.427 0.073716
161.464 22.4301 0.0773519 0.0551293 161.24 22.427 0.073716
161.073 22.2826 0.0778578 0.325214 161.24 22.427 0.073716
161.389 22.4733 0.0713218 0.09294 161.24 22.427 0.073716
161.338 22.3571 0.0738584 0.728139 161.24 22.427 0.073716
161.33 22.3096 0.0759579 1.0436 161.24 22.427 0.073716
161.073 22.2826 0.0778578 0.325214 161.24 22.427 0.073716
161.33 22.3096 0.0759579 1.0436 161.24 22.427 0.073716
161.338 22.3571 0.0738584 0.728139 161.24 22.427 0.073716
161.338 22.3571 0.0738584 0.728139 161.24 22.427 0.073716
161.33 22.3096 0.0759579 1.0436 161.24 22.427 0.073716
161.338 22.3571 0.0738584 0.728139 161.24 22.427 0.073716
161.252 22.4191 0.0727273 0.351886 161.24 22.427 0.073716
161.33 22.3096 0.0759579 1.0436 161.24 22.427 0.073716
161.338 22.3571 0.0738584 0.728139 161.24 22.427 0.073716
161.338 22.3571 0.0738584 0.728139 161.24 22.427 0.073716
160.905 22.2784 0.0794693 0.00816068 161.24 22.427 0.073716
161.252 22.4191 0.0727273 0.351886 161.24 22.427 0.073716
161.461 22.3718 0.0749576 0.183143 161.24 22.427 0.073716
161.271 22.4283 0.0764673 0.480909 161.24 22.427 0.073716
161.33 22.3096 0.0759579 1.0436 161.24 22.427 0.073716
161.073 22.2826 0.0778578 0.325214 161.24 22.427 0.073716
161.338 22.3571 0.0738584 0.728139 161.24 22.427 0.073716
161.271 22.4283 0.0764673 0.480909 161.24 22.427 0.073716
161.389 22.454 0.0698254 0.0693129 161.24 22.427 0.073716
161.33 22.3096 0.0759579 1.0436 161.24 22.427 0.073716
161.33 22.3096 0.0759579 1.0436 161.24 22.427 0.073716
161.271 22.4283 0.0764673 0.480909 161.24 22.427 0.073716
161.271 22.4283 0.0764673 0.480909 161.24 22.427 0.073716
161.073 22.2826 0.0778578 0.325214 161.24 22.427 0.073716
161.275 22.0301 0.0754718 0.0747683 161.24 22.427 0.073716
161.33 22.3096 0.0759579 1.0436 161.24 22.427 0.073716
161.33 22.3096 0.0759579 1.0436 161.24 22.427 0.073716
161.33 22.3096 0.0759579 1.0436 161.24 22.427 0.073716
161.252 22.4191 0.0727273 0.351886 161.24 22.427 0.073716
161.338 22.3571 0.0738584 0.728139 161.24 22.427 0.073716
161.338 22.3571 0.0738584 0.728139 161.24 22.427 0.073716
161.252 22.4191 0.0727273 0.351886 161.24 22.427 0.073716
161.461 22.3718 0.0749576 0.183143 161.24 22.427 0.073716
161.33 22.3096 0.0759579 1.0436 161.24 22.427 0.073716
161.33 22.3096 0.0759579 1.0436 161.24 22.427 0.073716
161.252 22.4191 0.0727273 0.351886 161.24 22.427 0.073716
161.33 22.3096 0.0759579 1.0436 161.24 22.427 0.073716
161.073 22.2826 0.0778578 0.325214 161.24 22.427 0.073716
161.33 22.3096 0.0759579 1.0436 161.24 22.427 0.073716
161.275 22.0301 0.0754718 0.0747683 161.24 22.427 0.073716
161.461 22.3718 0.0749576 0.183143 161.24 22.427 0.073716
161.33 22.3096 0.0759579 1.0436 161.24 22.427 0.073716
161.252 22.4191 0.0727273 0.351886 161.24 22.427 0.073716
161.33 22.3096 0.0759579 1.0436 161.24 22.427 0.073716
161.33 22.3096 0.0759579 1.0436 161.24 22.427 0.073716
161.389 22.454 0.0698254 0.0693129 161.24 22.427 0.073716
161.389 22.4733 0.0713218 0.09294 161.24 22.427 0.073716
161.338 22.3571 0.0738584 0.728139 161.24 22.427 0.073716
161.389 22.4733 0.0713218 0.09294 161.24 22.427 0.073716
161.271 22.4283 0.0764673 0.480909 161.24 22.427 0.073716
161.338 22.3571 0.0738584 0.728139 161.24 22.427 0.073716
161.271 22.4283 0.0764673 0.480909 161.24 22.427 0.073716
161.252 22.4191 0.0727273 0.351886 161.24 22.427 0.073716
161.338 22.3571 0.0738584 0.728139 161.24 22.427 0.073716
161.33 22.3096 0.0759579 1.0436 161.24 22.427 0.073716
161.33 22.3096 0.0759579 1.0436 161.24 22.427 0.073716
161.275 22.0301 0.0754718 0.0747683 161.24 22.427 0.073716
161.338 22.3571 0.0738584 0.728139 161.24 22.427 0.073716
161.33 22.3096 0.0759579 1.0436 161.24 22.427 0.073716
161.338 22.3571 0.0738584 0.728139 161.24 22.427 0.073716
161.33 22.3096 0.0759579 1.0436 161.24 22.427 0.073716
161.389 22.4733 0.0713218 0.09294 161.24 22.427 0.073716
161.33 22.3096 0.0759579 1.0436 161.24 22.427 0.073716
161.461 22.3718 0.0749576 0.183143 161.24 22.427 0.073716
161.252 22.4191 0.0727273 0.351886 161.24 22.427 0.073716
161.461 22.3718 0.0749576 0.183143 161.24 22.427 0.073716
161.073 22.2826 0.0778578 0.325214 161.24 22.427 0.073716
161.073 22.2826 0.0778578 0.325214 161.24 22.427 0.073716
161.338 22.3571 0.0738584 0.728139 161.24 22.427 0.073716
161.271 22.4283 0.0764673 0.480909 161.24 22.427 0.073716
161.271 22.4283 0.0764673 0.480909 161.24 22.427 0.073716
161.338 22.3571 0.0738584 0.728139 161.24 22.427 0.073716
161.387 22.3639 0.0791995 0.207712 161.24 22.427 0.073716
161.271 22.4283 0.0764673 0.480909 161.24 22.427 0.073716
161.252 22.4191 0.0727273 0.351886 161.24 22.427 0.073716
161.275 22.0301 0.0754718 0.0747683 161.24 22.427 0.073716
161.338 22.3571 0.0738584 0.728139 161.24 22.427 0.073716
161.252 22.4191 0.0727273 0.351886 161.24 22.427 0.073716
161.33 22.3096 0.0759579 1.0436 161.24 22.427 0.073716
161.33 22.3096 0.0759579 1.0436 161.24 22.427 0.073716
161.33 22.3096 0.0759579 1.0436 161.24 22.427 0.073716
161.33 22.3096 0.0759579 1.0436 161.24 22.427 0.073716
161.073 22.2826 0.0778578 0.325214 161.24 22.427 0.073716
161.073 22.2826 0.0778578 0.325214 161.24 22.427 0.073716
161.338 22.3571 0.0738584 0.728139 161.24 22.427 0.073716
161.33 22.3096 0.0759579 1.0436 161.24 22.427 0.073716
161.33 22.3096 0.0759579 1.0436 161.24 22.427 0.073716
161.467 22.4449 0.0670845 0.00914223 161.24 22.427 0.073716
161.271 22.4283 0.0764673 0.480909 161.24 22.427 0.073716
161.252 22.4191 0.0727273 0.351886 161.24 22.427 0.073716
161.073 22.2826 0.0778578 0.325214 161.24 22.427 0.073716
161.33 22.3096 0.0759579 1.0436 161.24 22.427 0.073716
161.365 22.2577 0.0663849 0.0130193 161.24 22.427 0.073716
161.145 22.3808 0.0707448 0.0718152 161.24 22.427 0.073716
161.338 22.3571 0.0738584 0.728139 161.24 22.427 0.073716
161.271 22.4283 0.0764673 0.480909 161.24 22.427 0.073716
161.33 22.3096 0.0759579 1.0436 161.24 22.427 0.073716
161.33 22.3096 0.0759579 1.0436 161.24 22.427 0.073716
161.338 22.3571 0.0738584 0.728139 161.24 22.427 0.073716
161.252 22.4191 0.0727273 0.351886 161.24 22.427 0.073716
