-8.5527 -94.3502 3.00298 0.366089 -8.5358 -94.074 3.0049
-8.55138 -93.9576 3.01361 0.373869 -8.5358 -94.074 3.0049
-8.4445 -94.1677 3.0107 2.03099 -8.5358 -94.074 3.0049
-8.697 -94.2892 3.00722 0.400036 -8.5358 -94.074 3.0049
-8.44786 -94.0775 3.00793 1.94186 -8.5358 -94.074 3.0049
-8.4445 -94.1677 3.0107 2.03099 -8.5358 -94.074 3.0049
-8.45521 -94.1088 3.003 0.65684 -8.5358 -94.074 3.0049
-8.77181 -93.9733 3.00406 0.129412 -8.5358 -94.074 3.0049
-8.55138 -93.9576 3.01361 0.373869 -8.5358 -94.074 3.0049
-8.24189 -94.1066 3.00304 0.0509317 -8.5358 -94.074 3.0049
-8.26915 -94.0406 3.00707 0.353023 -8.5358 -94.074 3.0049
-8.44786 -94.0775 3.00793 1.94186 -8.5358 -94.074 3.0049
-8.4445 -94.1677 3.0107 2.03099 -8.5358 -94.074 3.0049
-8.697 -94.2892 3.00722 0.400036 -8.5358 -94.074 3.0049
-8.39819 -93.8399 3.01443 0.151008 -8.5358 -94.074 3.0049
-8.51944 -94.3004 2.99839 0.0737643 -8.5358 -94.074 3.0049
-8.55138 -93.9576 3.01361 0.373869 -8.5358 -94.074 3.0049
-8.44786 -94.0775 3.00793 1.94186 -8.5358 -94.074 3.0049
-8.48064 -93.9667 3.0061 0.745731 -8.5358 -94.074 3.0049
-8.37549 -94.3651 3.00673 0.326858 -8.5358 -94.074 3.0049
-8.44786 -94.0775 3.00793 1.94186 -8.5358 -94.074 3.0049
-8.4445 -94.1677 3.0107 2.03099 -8.5358 -94.074 3.0049
-8.4445 -94.1677 3.0107 2.03099 -8.5358 -94.074 3.0049
-8.44786 -94.0775 3.00793 1.94186 -8.5358 -94.074 3.0049
-8.48064 -93.9667 3.0061 0.745731 -8.5358 -94.074 3.0049
-8.44786 -94.0775 3.00793 1.94186 -8.5358 -94.074 3.0049
-8.697 -94.2892 3.00722 0.400036 -8.5358 -94.074 3.0049
-8.60184 -94.0434 2.99789 0.0664463 -8.5358 -94.074 3.0049
-8.26915 -94.0406 3.00707 0.353023 -8.5358 -94.074 3.0049
-8.7437 -94.2698 3.0097 0.144139 -8.5358 -94.074 3.0049
-8.61752 -94.1015 3.00367 0.973905 -8.5358 -94.074 3.0049
-8.53956 -94.2792 2.99902 0.132992 -8.5358 -94.074 3.0049
-8.697 -94.2892 3.00722 0.400036 -8.5358 -94.074 3.0049
-8.24189 -94.1066 3.00304 0.0509317 -8.5358 -94.074 3.0049
-8.4445 -94.1677 3.0107 2.03099 -8.5358 -94.074 3.0049
-8.61752 -94.1015 3.00367 0.973905 -8.5358 -94.074 3.0049
-8.4445 -94.1677 3.0107 2.03099 -8.5358 -94.074 3.0049
-8.4445 -94.1677 3.0107 2.03099 -8.5358 -94.074 3.0049
-8.4445 -94.1677 3.0107 2.03099 -8.5358 -94.074 3.0049
-8.44786 -94.0775 3.00793 1.94186 -8.5358 -94.074 3.0049
-8.44786 -94.0775 3.00793 1.94186 -8.5358 -94.074 3.0049
-8.45521 -94.1088 3.003 0.65684 -8.5358 -94.074 3.0049
-8.33945 -93.9594 3.00281 0.0697516 -8.5358 -94.074 3.0049
-8.44786 -94.0775 3.00793 1.94186 -8.5358 -94.074 3.0049
-8.53956 -94.2792 2.99902 0.132992 -8.5358 -94.074 3.0049
-8.48064 -93.9667 3.0061 0.745731 -8.5358 -94.074 3.0049
-8.5527 -94.3502 3.00298 0.366089 -8.5358 -94.074 3.0049
-8.55138 -93.9576 3.01361 0.373869 -8.5358 -94.074 3.0049
-8.41782 -93.9801 3.00177 0.117725 -8.5358 -94.074 3.0049
-8.697 -94.2892 3.00722 0.400036 -8.5358 -94.074 3.0049
-8.44786 -94.0775 3.00793 1.94186 -8.5358 -94.074 3.0049
-8.55138 -93.9576 3.01361 0.373869 -8.5358 -94.074 3.0049
-8.45521 -94.1088 3.003 0.65684 -8.5358 -94.074 3.0049
-8.4445 -94.1677 3.0107 2.03099 -8.5358 -94.074 3.0049
-8.4445 -94.1677 3.0107 2.03099 -8.5358 -94.074 3.0049
-8.5527 -94.3502 3.00298 0.366089 -8.5358 -94.074 3.0049
-8.44786 -94.0775 3.00793 1.94186 -8.5358 -94.074 3.0049
-8.41782 -93.9801 3.00177 0.117725 -8.5358 -94.074 3.0049
-8.51944 -94.3004 2.99839 0.0737643 -8.5358 -94.074 3.0049
-8.48064 -93.9667 3.0061 0.745731 -8.5358 -94.074 3.0049
-8.44786 -94.0775 3.00793 1.94186 -8.5358 -94.074 3.0049
-8.61752 -94.1015 3.00367 0.973905 -8.5358 -94.074 3.0049
-8.44786 -94.0775 3.00793 1.94186 -8.5358 -94.074 3.0049
-8.5527 -94.3502 3.00298 0.366089 -8.5358 -94.074 3.0049
-8.61752 -94.1015 3.00367 0.973905 -8.5358 -94.074 3.0049
-8.53956 -94.2792 2.99902 0.132992 -8.5358 -94.074 3.0049
-8.62018 -93.9298 3.00542 0.352066 -8.5358 -94.074 3.0049
-8.4445 -94.1677 3.0107 2.03099 -8.5358 -94.074 3.0049
-8.4445 -94.1677 3.0107 2.03099 -8.5358 -94.074 3.0049
-8.41782 -93.9801 3.00177 0.117725 -8.5358 -94.074 3.0049
-8.73596 -94.2488 2.9942 0.011216 -8.5358 -94.074 3.0049
-8.61752 -94.1015 3.00367 0.973905 -8.5358 -94.074 3.0049
-8.60184 -94.0434 2.99789 0.0664463 -8.5358 -94.074 3.0049
-8.44786 -94.0775 3.00793 1.94186 -8.5358 -94.074 3.0049
-8.8115 -94.3539 2.99798 0.0265005 -8.5358 -94.074 3.0049
-8.697 -94.2892 3.00722 0.400036 -8.5358 -94.074 3.0049
-8.35469 -94.2546 3.00253 0.183593 -8.5358 -94.074 3.0049
-8.62018 -93.9298 3.00542 0.352066 -8.5358 -94.074 3.0049
-8.61752 -94.1015 3.00367 0.973905 -8.5358 -94.074 3.0049
-8.44786 -94.0775 3.00793 1.94186 -8.5358 -94.074 3.0049
-8.61752 -94.1015 3.00367 0.973905 -8.5358 -94.074 3.0049
-8.44786 -94.0775 3.00793 1.94186 -8.5358 -94.074 3.0049
-8.4445 -94.1677 3.0107 2.03099 -8.5358 -94.074 3.0049
-8.41782 -93.9801 3.00177 0.117725 -8.5358 -94.074 3.0049
-8.697 -94.2892 3.00722 0.400036 -8.5358 -94.074 3.0049
-8.45521 -94.1088 3.003 0.65684 -8.5358 -94.074 3.0049
-8.48064 -93.9667 3.0061 0.745731 -8.5358 -94.074 3.0049
-8.44786 -94.0775 3.00793 1.94186 -8.5358 -94.074 3.0049
-8.44786 -94.0775 3.00793 1.94186 -8.5358 -94.074 3.0049
-8.7136 -94.206 3.0123 0.130459 -8.5358 -94.074 3.0049
-8.4445 -94.1677 3.0107 2.03099 -8.5358 -94.074 3.0049
-8.7437 -94.2698 3.0097 0.144139 -8.5358 -94.074 3.0049
-8.4445 -94.1677 3.0107 2.03099 -8.5358 -94.074 3.0049
-8.61752 -94.1015 3.00367 0.973905 -8.5358 -94.074 3.0049
-8.61752 -94.1015 3.00367 0.973905 -8.5358 -94.074 3.0049
-8.48064 -93.9667 3.0061 0.745731 -8.5358 -94.074 3.0049
-8.55138 -93.9576 3.01361 0.373869 -8.5358 -94.074 3.0049
-8.60184 -94.0434 2.99789 0.0664463 -8.5358 -94.074 3.0049
-8.53956 -94.2792 2.99902 0.132992 -8.5358 -94.074 3.0049
-8.48064 -93.9667 3.0061 0.745731 -8.5358 -94.074 3.0049
-8.4445 -94.1677 3.0107 2.03099 -8.5358 -94.074 3.0049
-8.60184 -94.0434 2.99789 0.0664463 -8.5358 -94.074 3.0049
-8.26915 -94.0406 3.00707 0.353023 -8.5358 -94.074 3.0049
-8.61752 -94.1015 3.00367 0.973905 -8.5358 -94.074 3.0049
-8.4445 -94.1677 3.0107 2.03099 -8.5358 -94.074 3.0049
-8.44786 -94.0775 3.00793 1.94186 -8.5358 -94.074 3.0049
-8.45521 -94.1088 3.003 0.65684 -8.5358 -94.074 3.0049
-8.70437 -93.9935 3.0048 0.34897 -8.5358 -94.074 3.0049
-8.41782 -93.9801 3.00177 0.117725 -8.5358 -94.074 3.0049
-8.44786 -94.0775 3.00793 1.94186 -8.5358 -94.074 3.0049
-8.4445 -94.1677 3.0107 2.03099 -8.5358 -94.074 3.0049
-8.4445 -94.1677 3.0107 2.03099 -8.5358 -94.074 3.0049
-8.54022 -94.0021 2.99738 0.0250557 -8.5358 -94.074 3.0049
-8.4445 -94.1677 3.0107 2.03099 -8.5358 -94.074 3.0049
-8.44786 -94.0775 3.00793 1.94186 -8.5358 -94.074 3.0049
-8.4445 -94.1677 3.0107 2.03099 -8.5358 -94.074 3.0049
-8.39819 -93.8399 3.01443 0.151008 -8.5358 -94.074 3.0049
-8.35469 -94.2546 3.00253 0.183593 -8.5358 -94.074 3.0049
-8.45521 -94.1088 3.003 0.65684 -8.5358 -94.074 3.0049
-8.61752 -94.1015 3.00367 0.973905 -8.5358 -94.074 3.0049
-8.48064 -93.9667 3.0061 0.745731 -8.5358 -94.074 3.0049
-8.44786 -94.0775 3.00793 1.94186 -8.5358 -94.074 3.0049
-8.61752 -94.1015 3.00367 0.973905 -8.5358 -94.074 3.0049
-8.4445 -94.1677 3.0107 2.03099 -8.5358 -94.074 3.0049
-8.44786 -94.0775 3.00793 1.94186 -8.5358 -94.074 3.0049
-8.44786 -94.0775 3.00793 1.94186 -8.5358 -94.074 3.0049
-8.60184 -94.0434 2.99789 0.0664463 -8.5358 -94.074 3.0049
-8.4445 -94.1677 3.0107 2.03099 -8.5358 -94.074 3.0049
-8.70437 -93.9935 3.0048 0.34897 -8.5358 -94.074 3.0049
-8.4445 -94.1677 3.0107 2.03099 -8.5358 -94.074 3.0049
-8.4445 -94.1677 3.0107 2.03099 -8.5358 -94.074 3.0049
-8.44786 -94.0775 3.00793 1.94186 -8.5358 -94.074 3.0049
-8.61752 -94.1015 3.00367 0.973905 -8.5358 -94.074 3.0049
-8.4445 -94.1677 3.0107 2.03099 -8.5358 -94.074 3.0049
-8.4445 -94.1677 3.0107 2.03099 -8.5358 -94.074 3.0049
-8.43265 -94.0484 3.0008 0.142091 -8.5358 -94.074 3.0049
-8.45521 -94.1088 3.003 0.65684 -8.5358 -94.074 3.0049
-8.44458 -94.124 2.99835 0.0501556 -8.5358 -94.074 3.0049
-8.48064 -93.9667 3.0061 0.745731 -8.5358 -94.074 3.0049
-8.44786 -94.0775 3.00793 1.94186 -8.5358 -94.074 3.0049
-8.45521 -94.1088 3.003 0.65684 -8.5358 -94.074 3.0049
-8.48403 -93.8112 3.00374 0.0374635 -8.5358 -94.074 3.0049
-8.44786 -94.0775 3.00793 1.94186 -8.5358 -94.074 3.0049
-8.4445 -94.1677 3.0107 2.03099 -8.5358 -94.074 3.0049
-8.61752 -94.1015 3.00367 0.973905 -8.5358 -94.074 3.0049
-8.44786 -94.0775 3.00793 1.94186 -8.5358 -94.074 3.0049
-8.55138 -93.9576 3.01361 0.373869 -8.5358 -94.074 3.0049
-8.61752 -94.1015 3.00367 0.973905 -8.5358 -94.074 3.0049
-8.4445 -94.1677 3.0107 2.03099 -8.5358 -94.074 3.0049
-8.61752 -94.1015 3.00367 0.973905 -8.5358 -94.074 3.0049
-8.62018 -93.9298 3.00542 0.352066 -8.5358 -94.074 3.0049
-8.68 -94.2672 3.01491 0.0384253 -8.5358 -94.074 3.0049
-8.4445 -94.1677 3.0107 2.03099 -8.5358 -94.074 3.0049
-8.61752 -94.1015 3.00367 0.973905 -8.5358 -94.074 3.0049
-8.45521 -94.1088 3.003 0.65684 -8.5358 -94.074 3.0049
-8.62018 -93.9298 3.00542 0.352066 -8.5358 -94.074 3.0049
-8.61752 -94.1015 3.00367 0.973905 -8.5358 -94.074 3.0049
-8.44786 -94.0775 3.00793 1.94186 -8.5358 -94.074 3.0049
-8.73596 -94.2488 2.9942 0.011216 -8.5358 -94.074 3.0049
-8.44786 -94.0775 3.00793 1.94186 -8.5358 -94.074 3.0049
-8.48064 -93.9667 3.0061 0.745731 -8.5358 -94.074 3.0049
-8.22002 -94.3513 3.00787 0.0849602 -8.5358 -94.074 3.0049
-8.26915 -94.0406 3.00707 0.353023 -8.5358 -94.074 3.0049
-8.772 -94.2591 3.00028 0.147235 -8.5358 -94.074 3.0049
-8.37549 -94.3651 3.00673 0.326858 -8.5358 -94.074 3.0049
-8.55138 -93.9576 3.01361 0.373869 -8.5358 -94.074 3.0049
-8.61752 -94.1015 3.00367 0.973905 -8.5358 -94.074 3.0049
-8.4445 -94.1677 3.0107 2.03099 -8.5358 -94.074 3.0049
-8.4445 -94.1677 3.0107 2.03099 -8.5358 -94.074 3.0049
-8.26915 -94.0406 3.00707 0.353023 -8.5358 -94.074 3.0049
-8.45975 -94.2502 2.99729 0.0276748 -8.5358 -94.074 3.0049
-8.44786 -94.0775 3.00793 1.94186 -8.5358 -94.074 3.0049
-8.48064 -93.9667 3.0061 0.745731 -8.5358 -94.074 3.0049
-8.48064 -93.9667 3.0061 0.745731 -8.5358 -94.074 3.0049
-8.61752 -94.1015 3.00367 0.973905 -8.5358 -94.074 3.0049
-8.61752 -94.1015 3.00367 0.973905 -8.5358 -94.074 3.0049
-8.5562 -94.4652 3.01273 0.0310316 -8.5358 -94.074 3.0049
-8.39819 -93.8399 3.01443 0.151008 -8.5358 -94.074 3.0049
-8.5527 -94.3502 3.00298 0.366089 -8.5358 -94.074 3.0049
-8.83742 -94.0749 3.00217 0.0949465 -8.5358 -94.074 3.0049
-8.697 -94.2892 3.00722 0.400036 -8.5358 -94.074 3.0049
-8.53956 -94.2792 2.99902 0.132992 -8.5358 -94.074 3.0049
-8.61752 -94.1015 3.00367 0.973905 -8.5358 -94.074 3.0049
-8.772 -94.2591 3.00028 0.147235 -8.5358 -94.074 3.0049
-8.5527 -94.3502 3.00298 0.366089 -8.5358 -94.074 3.0049
-8.29572 -94.1322 2.99895 0.00908688 -8.5358 -94.074 3.0049
-8.39819 -93.8399 3.01443 0.151008 -8.5358 -94.074 3.0049
-8.76534 -94.0544 3.00083 0.151257 -8.5358 -94.074 3.0049
-8.4445 -94.1677 3.0107 2.03099 -8.5358 -94.074 3.0049
-8.61752 -94.1015 3.00367 0.973905 -8.5358 -94.074 3.0049
-8.70437 -93.9935 3.0048 0.34897 -8.5358 -94.074 3.0049
-8.44458 -94.124 2.99835 0.0501556 -8.5358 -94.074 3.0049
-8.4445 -94.1677 3.0107 2.03099 -8.5358 -94.074 3.0049
-8.48064 -93.9667 3.0061 0.745731 -8.5358 -94.074 3.0049
-8.70437 -93.9935 3.0048 0.34897 -8.5358 -94.074 3.0049
-8.43265 -94.0484 3.0008 0.142091 -8.5358 -94.074 3.0049
-8.61752 -94.1015 3.00367 0.973905 -8.5358 -94.074 3.0049
-8.48064 -93.9667 3.0061 0.745731 -8.5358 -94.074 3.0049
-8.55138 -93.9576 3.01361 0.373869 -8.5358 -94.074 3.0049
-8.16847 -93.7353 3.01391 0.00606854 -8.5358 -94.074 3.0049
