277.668 11.1338 4.957 0.0679924 277.77 11.508 4.9633
277.642 11.3417 4.95264 0.284673 277.77 11.508 4.9633
277.819 11.4833 4.96023 0.787626 277.77 11.508 4.9633
277.783 11.5045 4.96512 0.388313 277.77 11.508 4.9633
277.721 11.4197 4.95447 0.518118 277.77 11.508 4.9633
277.772 11.5468 4.95603 0.172446 277.77 11.508 4.9633
277.832 11.4538 4.96463 0.594381 277.77 11.508 4.9633
277.706 11.1913 4.96119 0.0943713 277.77 11.508 4.9633
277.721 11.4197 4.95447 0.518118 277.77 11.508 4.9633
277.819 11.4833 4.96023 0.787626 277.77 11.508 4.9633
277.783 11.5045 4.96512 0.388313 277.77 11.508 4.9633
277.81 11.3438 4.95633 1.08792 277.77 11.508 4.9633
277.819 11.4833 4.96023 0.787626 277.77 11.508 4.9633
277.819 11.4833 4.96023 0.787626 277.77 11.508 4.9633
277.706 11.1913 4.96119 0.0943713 277.77 11.508 4.9633
277.642 11.3417 4.95264 0.284673 277.77 11.508 4.9633
277.703 11.2117 4.95465 0.373636 277.77 11.508 4.9633
277.81 11.3438 4.95633 1.08792 277.77 11.508 4.9633
277.628 11.18 4.95359 0.124787 277.77 11.508 4.9633
277.819 11.4833 4.96023 0.787626 277.77 11.508 4.9633
277.81 11.3438 4.95633 1.08792 277.77 11.508 4.9633
277.832 11.4538 4.96463 0.594381 277.77 11.508 4.9633
277.678 11.4113 4.95076 0.137731 277.77 11.508 4.9633
277.817 11.4975 4.96067 0.70293 277.77 11.508 4.9633
277.783 11.5045 4.96512 0.388313 277.77 11.508 4.9633
277.642 11.3417 4.95264 0.284673 277.77 11.508 4.9633
277.703 11.2117 4.95465 0.373636 277.77 11.508 4.9633
277.703 11.2117 4.95465 0.373636 277.77 11.508 4.9633
277.819 11.4833 4.96023 0.787626 277.77 11.508 4.9633
277.721 11.4197 4.95447 0.518118 277.77 11.508 4.9633
277.81 11.3438 4.95633 1.08792 277.77 11.508 4.9633
277.703 11.2117 4.95465 0.373636 277.77 11.508 4.9633
277.81 11.3438 4.95633 1.08792 277.77 11.508 4.9633
277.642 11.3417 4.95264 0.284673 277.77 11.508 4.9633
277.817 11.4975 4.96067 0.70293 277.77 11.508 4.9633
277.707 11.1868 4.95174 0.237063 277.77 11.508 4.9633
277.819 11.4833 4.96023 0.787626 277.77 11.508 4.9633
277.707 11.1868 4.95174 0.237063 277.77 11.508 4.9633
277.615 11.297 4.94874 0.0779842 277.77 11.508 4.9633
277.707 11.1868 4.95174 0.237063 277.77 11.508 4.9633
277.817 11.4975 4.96067 0.70293 277.77 11.508 4.9633
277.678 11.4113 4.95076 0.137731 277.77 11.508 4.9633
277.779 11.2657 4.96321 0.255956 277.77 11.508 4.9633
277.832 11.4538 4.96463 0.594381 277.77 11.508 4.9633
277.817 11.4975 4.96067 0.70293 277.77 11.508 4.9633
277.817 11.4975 4.96067 0.70293 277.77 11.508 4.9633
277.819 11.4833 4.96023 0.787626 277.77 11.508 4.9633
277.81 11.3438 4.95633 1.08792 277.77 11.508 4.9633
277.819 11.4833 4.96023 0.787626 277.77 11.508 4.9633
277.666 11.1651 4.95487 0.151827 277.77 11.508 4.9633
277.832 11.4538 4.96463 0.594381 277.77 11.508 4.9633
277.81 11.3438 4.95633 1.08792 277.77 11.508 4.9633
277.678 11.4113 4.95076 0.137731 277.77 11.508 4.9633
277.721 11.4197 4.95447 0.518118 277.77 11.508 4.9633
277.628 11.18 4.95359 0.124787 277.77 11.508 4.9633
277.721 11.4197 4.95447 0.518118 277.77 11.508 4.9633
277.706 11.1913 4.96119 0.0943713 277.77 11.508 4.9633
277.677 11.2416 4.95902 0.272522 277.77 11.508 4.9633
277.783 11.5045 4.96512 0.388313 277.77 11.508 4.9633
277.666 11.1651 4.95487 0.151827 277.77 11.508 4.9633
277.817 11.4975 4.96067 0.70293 277.77 11.508 4.9633
277.817 11.4975 4.96067 0.70293 277.77 11.508 4.9633
277.832 11.4538 4.96463 0.594381 277.77 11.508 4.9633
277.783 11.5045 4.96512 0.388313 277.77 11.508 4.9633
277.779 11.2657 4.96321 0.255956 277.77 11.508 4.9633
277.707 11.1868 4.95174 0.237063 277.77 11.508 4.9633
277.81 11.3438 4.95633 1.08792 277.77 11.508 4.9633
277.721 11.4197 4.95447 0.518118 277.77 11.508 4.9633
277.677 11.2416 4.95902 0.272522 277.77 11.508 4.9633
277.677 11.2416 4.95902 0.272522 277.77 11.508 4.9633
277.819 11.4833 4.96023 0.787626 277.77 11.508 4.9633
277.707 11.1868 4.95174 0.237063 277.77 11.508 4.9633
277.519 11.5419 4.95485 0.00632392 277.77 11.508 4.9633
277.832 11.4538 4.96463 0.594381 277.77 11.508 4.9633
277.81 11.3438 4.95633 1.08792 277.77 11.508 4.9633
277.832 11.4538 4.96463 0.594381 277.77 11.508 4.9633
277.706 11.1913 4.96119 0.0943713 277.77 11.508 4.9633
277.817 11.4975 4.96067 0.70293 277.77 11.508 4.9633
277.703 11.2117 4.95465 0.373636 277.77 11.508 4.9633
277.642 11.3417 4.95264 0.284673 277.77 11.508 4.9633
277.81 11.3438 4.95633 1.08792 277.77 11.508 4.9633
277.707 11.1868 4.95174 0.237063 277.77 11.508 4.9633
277.678 11.4113 4.95076 0.137731 277.77 11.508 4.9633
277.439 11.2164 4.95311 0.00336927 277.77 11.508 4.9633
277.642 11.3417 4.95264 0.284673 277.77 11.508 4.9633
277.707 11.1868 4.95174 0.237063 277.77 11.508 4.9633
277.703 11.2117 4.95465 0.373636 277.77 11.508 4.9633
277.832 11.4538 4.96463 0.594381 277.77 11.508 4.9633
277.817 11.4975 4.96067 0.70293 277.77 11.508 4.9633
277.642 11.3417 4.95264 0.284673 277.77 11.508 4.9633
277.81 11.3438 4.95633 1.08792 277.77 11.508 4.9633
277.819 11.4833 4.96023 0.787626 277.77 11.508 4.9633
277.81 11.3438 4.95633 1.08792 277.77 11.508 4.9633
277.819 11.4833 4.96023 0.787626 277.77 11.508 4.9633
277.677 11.2416 4.95902 0.272522 277.77 11.508 4.9633
277.819 11.4833 4.96023 0.787626 277.77 11.508 4.9633
277.817 11.4975 4.96067 0.70293 277.77 11.508 4.9633
277.832 11.4538 4.96463 0.594381 277.77 11.508 4.9633
277.779 11.2657 4.96321 0.255956 277.77 11.508 4.9633
277.615 11.297 4.94874 0.0779842 277.77 11.508 4.9633
277.628 11.18 4.95359 0.124787 277.77 11.508 4.9633
277.642 11.3417 4.95264 0.284673 277.77 11.508 4.9633
277.703 11.2117 4.95465 0.373636 277.77 11.508 4.9633
277.706 11.1913 4.96119 0.0943713 277.77 11.508 4.9633
277.819 11.4833 4.96023 0.787626 277.77 11.508 4.9633
277.642 11.3417 4.95264 0.284673 277.77 11.508 4.9633
277.81 11.3438 4.95633 1.08792 277.77 11.508 4.9633
277.772 11.5468 4.95603 0.172446 277.77 11.508 4.9633
277.721 11.4197 4.95447 0.518118 277.77 11.508 4.9633
277.783 11.5045 4.96512 0.388313 277.77 11.508 4.9633
277.783 11.5045 4.96512 0.388313 277.77 11.508 4.9633
277.783 11.5045 4.96512 0.388313 277.77 11.508 4.9633
277.817 11.4975 4.96067 0.70293 277.77 11.508 4.9633
277.783 11.5045 4.96512 0.388313 277.77 11.508 4.9633
277.779 11.2657 4.96321 0.255956 277.77 11.508 4.9633
277.707 11.1868 4.95174 0.237063 277.77 11.508 4.9633
277.81 11.3438 4.95633 1.08792 277.77 11.508 4.9633
277.832 11.4538 4.96463 0.594381 277.77 11.508 4.9633
277.606 11.503 4.95836 0.104309 277.77 11.508 4.9633
277.81 11.3438 4.95633 1.08792 277.77 11.508 4.9633
277.81 11.3438 4.95633 1.08792 277.77 11.508 4.9633
277.721 11.4197 4.95447 0.518118 277.77 11.508 4.9633
277.819 11.4833 4.96023 0.787626 277.77 11.508 4.9633
277.721 11.4197 4.95447 0.518118 277.77 11.508 4.9633
277.678 11.4113 4.95076 0.137731 277.77 11.508 4.9633
277.721 11.4197 4.95447 0.518118 277.77 11.508 4.9633
277.628 11.18 4.95359 0.124787 277.77 11.508 4.9633
277.817 11.4975 4.96067 0.70293 277.77 11.508 4.9633
277.595 11.1794 4.94712 0.0284687 277.77 11.508 4.9633
277.722 11.1969 4.95918 0.21392 277.77 11.508 4.9633
277.832 11.4538 4.96463 0.594381 277.77 11.508 4.9633
277.488 11.1299 4.95891 0.00105831 277.77 11.508 4.9633
277.81 11.3438 4.95633 1.08792 277.77 11.508 4.9633
277.819 11.4833 4.96023 0.787626 277.77 11.508 4.9633
277.628 11.18 4.95359 0.124787 277.77 11.508 4.9633
277.81 11.3438 4.95633 1.08792 277.77 11.508 4.9633
277.817 11.4975 4.96067 0.70293 277.77 11.508 4.9633
277.628 11.18 4.95359 0.124787 277.77 11.508 4.9633
277.81 11.3438 4.95633 1.08792 277.77 11.508 4.9633
277.81 11.3438 4.95633 1.08792 277.77 11.508 4.9633
277.706 11.1913 4.96119 0.0943713 277.77 11.508 4.9633
277.832 11.4538 4.96463 0.594381 277.77 11.508 4.9633
277.706 11.1913 4.96119 0.0943713 277.77 11.508 4.9633
277.703 11.2117 4.95465 0.373636 277.77 11.508 4.9633
277.677 11.5222 4.96789 0.0491335 277.77 11.508 4.9633
277.721 11.4197 4.95447 0.518118 277.77 11.508 4.9633
277.707 11.1868 4.95174 0.237063 277.77 11.508 4.9633
277.832 11.4538 4.96463 0.594381 277.77 11.508 4.9633
277.721 11.4197 4.95447 0.518118 277.77 11.508 4.9633
277.819 11.4833 4.96023 0.787626 277.77 11.508 4.9633
277.772 11.5468 4.95603 0.172446 277.77 11.508 4.9633
277.783 11.5045 4.96512 0.388313 277.77 11.508 4.9633
277.677 11.2416 4.95902 0.272522 277.77 11.508 4.9633
277.707 11.1868 4.95174 0.237063 277.77 11.508 4.9633
277.606 11.503 4.95836 0.104309 277.77 11.508 4.9633
277.783 11.5045 4.96512 0.388313 277.77 11.508 4.9633
277.817 11.4975 4.96067 0.70293 277.77 11.508 4.9633
277.703 11.2117 4.95465 0.373636 277.77 11.508 4.9633
277.772 11.5468 4.95603 0.172446 277.77 11.508 4.9633
277.677 11.2416 4.95902 0.272522 277.77 11.508 4.9633
277.832 11.4538 4.96463 0.594381 277.77 11.508 4.9633
277.721 11.4197 4.95447 0.518118 277.77 11.508 4.9633
277.817 11.4975 4.96067 0.70293 277.77 11.508 4.9633
277.524 11.4951 4.9576 0.0204808 277.77 11.508 4.9633
277.81 11.3438 4.95633 1.08792 277.77 11.508 4.9633
277.707 11.1868 4.95174 0.237063 277.77 11.508 4.9633
277.628 11.18 4.95359 0.124787 277.77 11.508 4.9633
277.606 11.503 4.95836 0.104309 277.77 11.508 4.9633
277.779 11.2657 4.96321 0.255956 277.77 11.508 4.9633
277.832 11.4538 4.96463 0.594381 277.77 11.508 4.9633
277.783 11.5045 4.96512 0.388313 277.77 11.508 4.9633
277.615 11.297 4.94874 0.0779842 277.77 11.508 4.9633
277.81 11.3438 4.95633 1.08792 277.77 11.508 4.9633
277.81 11.3438 4.95633 1.08792 277.77 11.508 4.9633
277.819 11.4833 4.96023 0.787626 277.77 11.508 4.9633
277.817 11.4975 4.96067 0.70293 277.77 11.508 4.9633
277.81 11.3438 4.95633 1.08792 277.77 11.508 4.9633
277.817 11.4975 4.96067 0.70293 277.77 11.508 4.9633
277.819 11.4833 4.96023 0.787626 277.77 11.508 4.9633
277.772 11.5468 4.95603 0.172446 277.77 11.508 4.9633
277.81 11.3438 4.95633 1.08792 277.77 11.508 4.9633
277.707 11.1868 4.95174 0.237063 277.77 11.508 4.9633
277.832 11.4538 4.96463 0.594381 277.77 11.508 4.9633
277.721 11.4197 4.95447 0.518118 277.77 11.508 4.9633
277.819 11.4833 4.96023 0.787626 277.77 11.508 4.9633
277.779 11.2657 4.96321 0.255956 277.77 11.508 4.9633
277.832 11.4538 4.96463 0.594381 277.77 11.508 4.9633
277.783 11.5045 4.96512 0.388313 277.77 11.508 4.9633
277.832 11.4538 4.96463 0.594381 277.77 11.508 4.9633
277.772 11.5468 4.95603 0.172446 277.77 11.508 4.9633
277.721 11.4197 4.95447 0.518118 277.77 11.508 4.9633
277.832 11.4538 4.96463 0.594381 277.77 11.508 4.9633
277.817 11.4975 4.96067 0.70293 277.77 11.508 4.9633
277.721 11.4197 4.95447 0.518118 277.77 11.508 4.9633
277.783 11.5045 4.96512 0.388313 277.77 11.508 4.9633
277.567 11.4838 4.965 0.0193749 277.77 11.508 4.9633
277.819 11.4833 4.96023 0.787626 277.77 11.508 4.9633
277.722 11.1969 4.95918 0.21392 277.77 11.508 4.9633
277.817 11.4975 4.96067 0.70293 277.77 11.508 4.9633
277.779 11.2657 4.96321 0.255956 277.77 11.508 4.9633
