-22.0389 -7.48183 0.727614 0.197042 -22.033 -7.5601 0.73271
-22.1187 -7.52573 0.726615 0.258003 -22.033 -7.5601 0.73271
-22.0389 -7.48183 0.727614 0.197042 -22.033 -7.5601 0.73271
-22.0321 -7.37198 0.722659 0.0470143 -22.033 -7.5601 0.73271
-22.3524 -7.4571 0.732271 0.0209643 -22.033 -7.5601 0.73271
-22.0296 -7.49998 0.724265 0.101429 -22.033 -7.5601 0.73271
-22.2648 -7.41485 0.727585 0.0697556 -22.033 -7.5601 0.73271
-22.1187 -7.52573 0.726615 0.258003 -22.033 -7.5601 0.73271
-22.0389 -7.48183 0.727614 0.197042 -22.033 -7.5601 0.73271
-22.0296 -7.49998 0.724265 0.101429 -22.033 -7.5601 0.73271
-22.1206 -7.66713 0.733783 0.282781 -22.033 -7.5601 0.73271
-22.1713 -7.7554 0.735715 0.159025 -22.033 -7.5601 0.73271
-22.0386 -7.60176 0.725011 0.0774971 -22.033 -7.5601 0.73271
-22.1187 -7.52573 0.726615 0.258003 -22.033 -7.5601 0.73271
-22.1206 -7.66713 0.733783 0.282781 -22.033 -7.5601 0.73271
-22.0389 -7.48183 0.727614 0.197042 -22.033 -7.5601 0.73271
-22.0321 -7.37198 0.722659 0.0470143 -22.033 -7.5601 0.73271
-22.0413 -7.76195 0.735624 0.0703555 -22.033 -7.5601 0.73271
-22.1713 -7.7554 0.735715 0.159025 -22.033 -7.5601 0.73271
-22.3042 -7.39149 0.731464 0.018634 -22.033 -7.5601 0.73271
-22.3192 -7.52485 0.732013 0.0792323 -22.033 -7.5601 0.73271
-22.1187 -7.52573 0.726615 0.258003 -22.033 -7.5601 0.73271
-22.3192 -7.52485 0.732013 0.0792323 -22.033 -7.5601 0.73271
-22.1713 -7.7554 0.735715 0.159025 -22.033 -7.5601 0.73271
-22.3192 -7.52485 0.732013 0.0792323 -22.033 -7.5601 0.73271
-22.3192 -7.52485 0.732013 0.0792323 -22.033 -7.5601 0.73271
-22.2648 -7.41485 0.727585 0.0697556 -22.033 -7.5601 0.73271
-21.9884 -7.36814 0.724314 0.0437894 -22.033 -7.5601 0.73271
-22.1187 -7.52573 0.726615 0.258003 -22.033 -7.5601 0.73271
-22.1187 -7.52573 0.726615 0.258003 -22.033 -7.5601 0.73271
-22.1713 -7.7554 0.735715 0.159025 -22.033 -7.5601 0.73271
-22.0834 -7.38136 0.728443 0.0903358 -22.033 -7.5601 0.73271
-22.0413 -7.76195 0.735624 0.0703555 -22.033 -7.5601 0.73271
-22.1441 -7.84792 0.739297 0.0307488 -22.033 -7.5601 0.73271
-22.1187 -7.52573 0.726615 0.258003 -22.033 -7.5601 0.73271
-22.0389 -7.48183 0.727614 0.197042 -22.033 -7.5601 0.73271
-22.0834 -7.38136 0.728443 0.0903358 -22.033 -7.5601 0.73271
-22.0269 -7.72058 0.730953 0.105027 -22.033 -7.5601 0.73271
-22.0413 -7.76195 0.735624 0.0703555 -22.033 -7.5601 0.73271
-22.1713 -7.7554 0.735715 0.159025 -22.033 -7.5601 0.73271
-22.1206 -7.66713 0.733783 0.282781 -22.033 -7.5601 0.73271
-22.1713 -7.7554 0.735715 0.159025 -22.033 -7.5601 0.73271
-22.261 -7.7914 0.731741 0.0511022 -22.033 -7.5601 0.73271
-22.0834 -7.38136 0.728443 0.0903358 -22.033 -7.5601 0.73271
-22.1187 -7.52573 0.726615 0.258003 -22.033 -7.5601 0.73271
-22.1713 -7.7554 0.735715 0.159025 -22.033 -7.5601 0.73271
-22.3526 -7.70575 0.731199 0.0369993 -22.033 -7.5601 0.73271
-22.0834 -7.38136 0.728443 0.0903358 -22.033 -7.5601 0.73271
-21.9884 -7.36814 0.724314 0.0437894 -22.033 -7.5601 0.73271
-22.1187 -7.52573 0.726615 0.258003 -22.033 -7.5601 0.73271
-22.3042 -7.39149 0.731464 0.018634 -22.033 -7.5601 0.73271
-22.1187 -7.52573 0.726615 0.258003 -22.033 -7.5601 0.73271
-22.2374 -7.37371 0.731341 0.0282809 -22.033 -7.5601 0.73271
-22.1441 -7.84792 0.739297 0.0307488 -22.033 -7.5601 0.73271
-22.3192 -7.52485 0.732013 0.0792323 -22.033 -7.5601 0.73271
-22.0296 -7.49998 0.724265 0.101429 -22.033 -7.5601 0.73271
-22.2648 -7.41485 0.727585 0.0697556 -22.033 -7.5601 0.73271
-22.1187 -7.52573 0.726615 0.258003 -22.033 -7.5601 0.73271
-22.1713 -7.7554 0.735715 0.159025 -22.033 -7.5601 0.73271
-22.0296 -7.49998 0.724265 0.101429 -22.033 -7.5601 0.73271
-22.3526 -7.70575 0.731199 0.0369993 -22.033 -7.5601 0.73271
-22.0321 -7.37198 0.722659 0.0470143 -22.033 -7.5601 0.73271
-22.2141 -7.51549 0.721239 0.0125186 -22.033 -7.5601 0.73271
-22.0296 -7.49998 0.724265 0.101429 -22.033 -7.5601 0.73271
-22.1713 -7.7554 0.735715 0.159025 -22.033 -7.5601 0.73271
-22.1713 -7.7554 0.735715 0.159025 -22.033 -7.5601 0.73271
-22.0389 -7.48183 0.727614 0.197042 -22.033 -7.5601 0.73271
-22.183 -7.38056 0.734171 0.0112356 -22.033 -7.5601 0.73271
-22.1206 -7.66713 0.733783 0.282781 -22.033 -7.5601 0.73271
-22.0269 -7.72058 0.730953 0.105027 -22.033 -7.5601 0.73271
-22.0413 -7.76195 0.735624 0.0703555 -22.033 -7.5601 0.73271
-22.2374 -7.37371 0.731341 0.0282809 -22.033 -7.5601 0.73271
-21.9884 -7.36814 0.724314 0.0437894 -22.033 -7.5601 0.73271
-21.9207 -7.5801 0.735645 0.0080517 -22.033 -7.5601 0.73271
-22.0269 -7.72058 0.730953 0.105027 -22.033 -7.5601 0.73271
-22.317 -7.51707 0.732942 0.0655691 -22.033 -7.5601 0.73271
-22.1206 -7.66713 0.733783 0.282781 -22.033 -7.5601 0.73271
-21.9346 -7.41496 0.723142 0.0248422 -22.033 -7.5601 0.73271
-22.0834 -7.38136 0.728443 0.0903358 -22.033 -7.5601 0.73271
-22.0306 -7.46157 0.717537 0.0024125 -22.033 -7.5601 0.73271
-22.1441 -7.84792 0.739297 0.0307488 -22.033 -7.5601 0.73271
-22.0834 -7.38136 0.728443 0.0903358 -22.033 -7.5601 0.73271
-22.317 -7.51707 0.732942 0.0655691 -22.033 -7.5601 0.73271
-22.1713 -7.7554 0.735715 0.159025 -22.033 -7.5601 0.73271
-22.1187 -7.52573 0.726615 0.258003 -22.033 -7.5601 0.73271
-22.2648 -7.41485 0.727585 0.0697556 -22.033 -7.5601 0.73271
-22.1187 -7.52573 0.726615 0.258003 -22.033 -7.5601 0.73271
-22.0413 -7.76195 0.735624 0.0703555 -22.033 -7.5601 0.73271
-22.1187 -7.52573 0.726615 0.258003 -22.033 -7.5601 0.73271
-22.1206 -7.66713 0.733783 0.282781 -22.033 -7.5601 0.73271
-22.1187 -7.52573 0.726615 0.258003 -22.033 -7.5601 0.73271
-22.0834 -7.38136 0.728443 0.0903358 -22.033 -7.5601 0.73271
-22.1187 -7.52573 0.726615 0.258003 -22.033 -7.5601 0.73271
-22.1187 -7.52573 0.726615 0.258003 -22.033 -7.5601 0.73271
-22.0386 -7.60176 0.725011 0.0774971 -22.033 -7.5601 0.73271
-22.0269 -7.72058 0.730953 0.105027 -22.033 -7.5601 0.73271
-22.3042 -7.39149 0.731464 0.018634 -22.033 -7.5601 0.73271
-22.0413 -7.76195 0.735624 0.0703555 -22.033 -7.5601 0.73271
-22.1206 -7.66713 0.733783 0.282781 -22.033 -7.5601 0.73271
-22.2141 -7.51549 0.721239 0.0125186 -22.033 -7.5601 0.73271
-22.0389 -7.48183 0.727614 0.197042 -22.033 -7.5601 0.73271
-22.2141 -7.51549 0.721239 0.0125186 -22.033 -7.5601 0.73271
-22.1713 -7.7554 0.735715 0.159025 -22.033 -7.5601 0.73271
-22.1206 -7.66713 0.733783 0.282781 -22.033 -7.5601 0.73271
-22.0296 -7.49998 0.724265 0.101429 -22.033 -7.5601 0.73271
-22.1187 -7.52573 0.726615 0.258003 -22.033 -7.5601 0.73271
-22.1441 -7.84792 0.739297 0.0307488 -22.033 -7.5601 0.73271
-22.0389 -7.48183 0.727614 0.197042 -22.033 -7.5601 0.73271
-22.2141 -7.51549 0.721239 0.0125186 -22.033 -7.5601 0.73271
-21.8834 -7.65776 0.735784 0.00458544 -22.033 -7.5601 0.73271
-22.317 -7.51707 0.732942 0.0655691 -22.033 -7.5601 0.73271
-22.3526 -7.70575 0.731199 0.0369993 -22.033 -7.5601 0.73271
-22.261 -7.7914 0.731741 0.0511022 -22.033 -7.5601 0.73271
-22.0389 -7.48183 0.727614 0.197042 -22.033 -7.5601 0.73271
-22.2648 -7.41485 0.727585 0.0697556 -22.033 -7.5601 0.73271
-22.0834 -7.38136 0.728443 0.0903358 -22.033 -7.5601 0.73271
-21.9819 -7.83027 0.728236 0.00358305 -22.033 -7.5601 0.73271
-22.0269 -7.72058 0.730953 0.105027 -22.033 -7.5601 0.73271
-22.1371 -7.90684 0.73511 0.01797 -22.033 -7.5601 0.73271
-21.8834 -7.65776 0.735784 0.00458544 -22.033 -7.5601 0.73271
-22.3526 -7.70575 0.731199 0.0369993 -22.033 -7.5601 0.73271
-22.0834 -7.38136 0.728443 0.0903358 -22.033 -7.5601 0.73271
-22.1187 -7.52573 0.726615 0.258003 -22.033 -7.5601 0.73271
-22.1713 -7.7554 0.735715 0.159025 -22.033 -7.5601 0.73271
-22.3192 -7.52485 0.732013 0.0792323 -22.033 -7.5601 0.73271
-22.1441 -7.84792 0.739297 0.0307488 -22.033 -7.5601 0.73271
-22.1187 -7.52573 0.726615 0.258003 -22.033 -7.5601 0.73271
-22.2141 -7.51549 0.721239 0.0125186 -22.033 -7.5601 0.73271
-22.1713 -7.7554 0.735715 0.159025 -22.033 -7.5601 0.73271
-22.1713 -7.7554 0.735715 0.159025 -22.033 -7.5601 0.73271
-22.0296 -7.49998 0.724265 0.101429 -22.033 -7.5601 0.73271
-22.3524 -7.4571 0.732271 0.0209643 -22.033 -7.5601 0.73271
-21.9068 -7.46249 0.731657 0.0112372 -22.033 -7.5601 0.73271
-22.1713 -7.7554 0.735715 0.159025 -22.033 -7.5601 0.73271
-21.9346 -7.41496 0.723142 0.0248422 -22.033 -7.5601 0.73271
-21.9438 -7.70171 0.726278 0.0125059 -22.033 -7.5601 0.73271
-22.2648 -7.41485 0.727585 0.0697556 -22.033 -7.5601 0.73271
-22.1713 -7.7554 0.735715 0.159025 -22.033 -7.5601 0.73271
-22.0389 -7.48183 0.727614 0.197042 -22.033 -7.5601 0.73271
-22.2607 -7.66921 0.738887 0.0463077 -22.033 -7.5601 0.73271
-22.1206 -7.66713 0.733783 0.282781 -22.033 -7.5601 0.73271
-22.317 -7.51707 0.732942 0.0655691 -22.033 -7.5601 0.73271
-22.2607 -7.66921 0.738887 0.0463077 -22.033 -7.5601 0.73271
-22.1713 -7.7554 0.735715 0.159025 -22.033 -7.5601 0.73271
-22.1206 -7.66713 0.733783 0.282781 -22.033 -7.5601 0.73271
-22.0389 -7.48183 0.727614 0.197042 -22.033 -7.5601 0.73271
-22.2607 -7.66921 0.738887 0.0463077 -22.033 -7.5601 0.73271
-22.261 -7.7914 0.731741 0.0511022 -22.033 -7.5601 0.73271
-22.261 -7.7914 0.731741 0.0511022 -22.033 -7.5601 0.73271
-22.0389 -7.48183 0.727614 0.197042 -22.033 -7.5601 0.73271
-22.261 -7.7914 0.731741 0.0511022 -22.033 -7.5601 0.73271
-22.0389 -7.48183 0.727614 0.197042 -22.033 -7.5601 0.73271
-22.1206 -7.66713 0.733783 0.282781 -22.033 -7.5601 0.73271
-22.1713 -7.7554 0.735715 0.159025 -22.033 -7.5601 0.73271
-22.0321 -7.37198 0.722659 0.0470143 -22.033 -7.5601 0.73271
-22.3042 -7.39149 0.731464 0.018634 -22.033 -7.5601 0.73271
-22.0386 -7.60176 0.725011 0.0774971 -22.033 -7.5601 0.73271
-21.9604 -7.58223 0.737902 0.0046458 -22.033 -7.5601 0.73271
-22.1206 -7.66713 0.733783 0.282781 -22.033 -7.5601 0.73271
-22.0321 -7.37198 0.722659 0.0470143 -22.033 -7.5601 0.73271
-22.3192 -7.52485 0.732013 0.0792323 -22.033 -7.5601 0.73271
-22.2607 -7.66921 0.738887 0.0463077 -22.033 -7.5601 0.73271
-22.0834 -7.38136 0.728443 0.0903358 -22.033 -7.5601 0.73271
-22.0389 -7.48183 0.727614 0.197042 -22.033 -7.5601 0.73271
-21.9438 -7.70171 0.726278 0.0125059 -22.033 -7.5601 0.73271
-22.1187 -7.52573 0.726615 0.258003 -22.033 -7.5601 0.73271
-22.3524 -7.4571 0.732271 0.0209643 -22.033 -7.5601 0.73271
-22.0296 -7.49998 0.724265 0.101429 -22.033 -7.5601 0.73271
-22.0296 -7.49998 0.724265 0.101429 -22.033 -7.5601 0.73271
-22.0386 -7.60176 0.725011 0.0774971 -22.033 -7.5601 0.73271
-22.0389 -7.48183 0.727614 0.197042 -22.033 -7.5601 0.73271
-22.1206 -7.66713 0.733783 0.282781 -22.033 -7.5601 0.73271
-22.0389 -7.48183 0.727614 0.197042 -22.033 -7.5601 0.73271
-22.2607 -7.66921 0.738887 0.0463077 -22.033 -7.5601 0.73271
-22.1713 -7.7554 0.735715 0.159025 -22.033 -7.5601 0.73271
-22.261 -7.7914 0.731741 0.0511022 -22.033 -7.5601 0.73271
-21.996 -7.39014 0.715807 0.000822147 -22.033 -7.5601 0.73271
-22.1441 -7.84792 0.739297 0.0307488 -22.033 -7.5601 0.73271
-22.2648 -7.41485 0.727585 0.0697556 -22.033 -7.5601 0.73271
-22.1187 -7.52573 0.726615 0.258003 -22.033 -7.5601 0.73271
-22.0296 -7.49998 0.724265 0.101429 -22.033 -7.5601 0.73271
-22.317 -7.51707 0.732942 0.0655691 -22.033 -7.5601 0.73271
-22.0269 -7.72058 0.730953 0.105027 -22.033 -7.5601 0.73271
-22.3192 -7.52485 0.732013 0.0792323 -22.033 -7.5601 0.73271
-22.0413 -7.76195 0.735624 0.0703555 -22.033 -7.5601 0.73271
-22.1206 -7.66713 0.733783 0.282781 -22.033 -7.5601 0.73271
-22.2648 -7.41485 0.727585 0.0697556 -22.033 -7.5601 0.73271
-22.1206 -7.66713 0.733783 0.282781 -22.033 -7.5601 0.73271
-22.1206 -7.66713 0.733783 0.282781 -22.033 -7.5601 0.73271
-22.0269 -7.72058 0.730953 0.105027 -22.033 -7.5601 0.73271
-22.0389 -7.48183 0.727614 0.197042 -22.033 -7.5601 0.73271
-22.0269 -7.72058 0.730953 0.105027 -22.033 -7.5601 0.73271
-22.3526 -7.70575 0.731199 0.0369993 -22.033 -7.5601 0.73271
-22.1187 -7.52573 0.726615 0.258003 -22.033 -7.5601 0.73271
-22.1713 -7.7554 0.735715 0.159025 -22.033 -7.5601 0.73271
-22.2648 -7.41485 0.727585 0.0697556 -22.033 -7.5601 0.73271
-22.1713 -7.7554 0.735715 0.159025 -22.033 -7.5601 0.73271
-22.0269 -7.72058 0.730953 0.105027 -22.033 -7.5601 0.73271
-22.1206 -7.66713 0.733783 0.282781 -22.033 -7.5601 0.73271
-22.1206 -7.66713 0.733783 0.282781 -22.033 -7.5601 0.73271
