9.6349 3.02924 0.309444 0.00131356 9.6031 3.0188 0.30605
9.70846 2.96576 0.307615 0.00128062 9.6031 3.0188 0.30605
9.80801 2.91611 0.305544 0.000434365 9.6031 3.0188 0.30605
9.6349 3.02924 0.309444 0.00131356 9.6031 3.0188 0.30605
9.6349 3.02924 0.309444 0.00131356 9.6031 3.0188 0.30605
9.84519 3.07597 0.307822 0.000167227 9.6031 3.0188 0.30605
9.95174 2.97274 0.302926 5.79438e-05 9.6031 3.0188 0.30605
9.7279 3.10985 0.304313 0.000593683 9.6031 3.0188 0.30605
9.80801 2.91611 0.305544 0.000434365 9.6031 3.0188 0.30605
9.50373 3.11239 0.312437 0.000225339 9.6031 3.0188 0.30605
9.62105 3.09602 0.313632 0.000157099 9.6031 3.0188 0.30605
9.71521 2.97256 0.305715 0.00127599 9.6031 3.0188 0.30605
9.61688 2.88268 0.309401 0.000600199 9.6031 3.0188 0.30605
9.71521 2.97256 0.305715 0.00127599 9.6031 3.0188 0.30605
9.41744 3.13784 0.311578 5.64227e-05 9.6031 3.0188 0.30605
9.61688 2.88268 0.309401 0.000600199 9.6031 3.0188 0.30605
9.50373 3.11239 0.312437 0.000225339 9.6031 3.0188 0.30605
9.71521 2.97256 0.305715 0.00127599 9.6031 3.0188 0.30605
9.6349 3.02924 0.309444 0.00131356 9.6031 3.0188 0.30605
9.42529 3.23049 0.310751 9.8852e-06 9.6031 3.0188 0.30605
9.71521 2.97256 0.305715 0.00127599 9.6031 3.0188 0.30605
9.6349 3.02924 0.309444 0.00131356 9.6031 3.0188 0.30605
9.70846 2.96576 0.307615 0.00128062 9.6031 3.0188 0.30605
9.7279 3.10985 0.304313 0.000593683 9.6031 3.0188 0.30605
9.71521 2.97256 0.305715 0.00127599 9.6031 3.0188 0.30605
9.7279 3.10985 0.304313 0.000593683 9.6031 3.0188 0.30605
9.7279 3.10985 0.304313 0.000593683 9.6031 3.0188 0.30605
9.71521 2.97256 0.305715 0.00127599 9.6031 3.0188 0.30605
9.7279 3.10985 0.304313 0.000593683 9.6031 3.0188 0.30605
9.70846 2.96576 0.307615 0.00128062 9.6031 3.0188 0.30605
9.84519 3.07597 0.307822 0.000167227 9.6031 3.0188 0.30605
9.70846 2.96576 0.307615 0.00128062 9.6031 3.0188 0.30605
9.77665 2.8965 0.304004 0.000412977 9.6031 3.0188 0.30605
9.70846 2.96576 0.307615 0.00128062 9.6031 3.0188 0.30605
9.77409 3.07104 0.30908 0.000377932 9.6031 3.0188 0.30605
9.50373 3.11239 0.312437 0.000225339 9.6031 3.0188 0.30605
9.70846 2.96576 0.307615 0.00128062 9.6031 3.0188 0.30605
9.61688 2.88268 0.309401 0.000600199 9.6031 3.0188 0.30605
9.53967 2.94515 0.306785 0.000455407 9.6031 3.0188 0.30605
9.70846 2.96576 0.307615 0.00128062 9.6031 3.0188 0.30605
9.6349 3.02924 0.309444 0.00131356 9.6031 3.0188 0.30605
9.70846 2.96576 0.307615 0.00128062 9.6031 3.0188 0.30605
9.70846 2.96576 0.307615 0.00128062 9.6031 3.0188 0.30605
9.71521 2.97256 0.305715 0.00127599 9.6031 3.0188 0.30605
9.77975 2.84777 0.306439 0.000217945 9.6031 3.0188 0.30605
9.7279 3.10985 0.304313 0.000593683 9.6031 3.0188 0.30605
9.77665 2.8965 0.304004 0.000412977 9.6031 3.0188 0.30605
9.70846 2.96576 0.307615 0.00128062 9.6031 3.0188 0.30605
9.70846 2.96576 0.307615 0.00128062 9.6031 3.0188 0.30605
9.70846 2.96576 0.307615 0.00128062 9.6031 3.0188 0.30605
9.4489 2.82395 0.307688 2.17965e-05 9.6031 3.0188 0.30605
9.77975 2.84777 0.306439 0.000217945 9.6031 3.0188 0.30605
9.61688 2.88268 0.309401 0.000600199 9.6031 3.0188 0.30605
9.6349 3.02924 0.309444 0.00131356 9.6031 3.0188 0.30605
9.7279 3.10985 0.304313 0.000593683 9.6031 3.0188 0.30605
9.6349 3.02924 0.309444 0.00131356 9.6031 3.0188 0.30605
9.90172 3.00505 0.303986 0.000171584 9.6031 3.0188 0.30605
9.71521 2.97256 0.305715 0.00127599 9.6031 3.0188 0.30605
9.6349 3.02924 0.309444 0.00131356 9.6031 3.0188 0.30605
9.61967 2.83873 0.307682 0.000309415 9.6031 3.0188 0.30605
9.48231 2.72973 0.309082 6.03853e-06 9.6031 3.0188 0.30605
9.71521 2.97256 0.305715 0.00127599 9.6031 3.0188 0.30605
9.77975 2.84777 0.306439 0.000217945 9.6031 3.0188 0.30605
9.77665 2.8965 0.304004 0.000412977 9.6031 3.0188 0.30605
9.70846 2.96576 0.307615 0.00128062 9.6031 3.0188 0.30605
9.80801 2.91611 0.305544 0.000434365 9.6031 3.0188 0.30605
9.6349 3.02924 0.309444 0.00131356 9.6031 3.0188 0.30605
9.70846 2.96576 0.307615 0.00128062 9.6031 3.0188 0.30605
9.6349 3.02924 0.309444 0.00131356 9.6031 3.0188 0.30605
9.73383 2.99436 0.301588 0.000350304 9.6031 3.0188 0.30605
9.70846 2.96576 0.307615 0.00128062 9.6031 3.0188 0.30605
9.67472 3.07937 0.312858 0.000180896 9.6031 3.0188 0.30605
9.77975 2.84777 0.306439 0.000217945 9.6031 3.0188 0.30605
9.84519 3.07597 0.307822 0.000167227 9.6031 3.0188 0.30605
9.67472 3.07937 0.312858 0.000180896 9.6031 3.0188 0.30605
9.6349 3.02924 0.309444 0.00131356 9.6031 3.0188 0.30605
9.73383 2.99436 0.301588 0.000350304 9.6031 3.0188 0.30605
9.80801 2.91611 0.305544 0.000434365 9.6031 3.0188 0.30605
9.71521 2.97256 0.305715 0.00127599 9.6031 3.0188 0.30605
9.77409 3.07104 0.30908 0.000377932 9.6031 3.0188 0.30605
9.7279 3.10985 0.304313 0.000593683 9.6031 3.0188 0.30605
9.67413 3.03243 0.302553 0.000408112 9.6031 3.0188 0.30605
9.77659 3.14482 0.311586 3.66292e-05 9.6031 3.0188 0.30605
9.71521 2.97256 0.305715 0.00127599 9.6031 3.0188 0.30605
9.71521 2.97256 0.305715 0.00127599 9.6031 3.0188 0.30605
9.77975 2.84777 0.306439 0.000217945 9.6031 3.0188 0.30605
9.71521 2.97256 0.305715 0.00127599 9.6031 3.0188 0.30605
9.6349 3.02924 0.309444 0.00131356 9.6031 3.0188 0.30605
9.59187 2.91798 0.312913 0.000314413 9.6031 3.0188 0.30605
9.6349 3.02924 0.309444 0.00131356 9.6031 3.0188 0.30605
9.6349 3.02924 0.309444 0.00131356 9.6031 3.0188 0.30605
9.71521 2.97256 0.305715 0.00127599 9.6031 3.0188 0.30605
9.95174 2.97274 0.302926 5.79438e-05 9.6031 3.0188 0.30605
9.70846 2.96576 0.307615 0.00128062 9.6031 3.0188 0.30605
9.61688 2.88268 0.309401 0.000600199 9.6031 3.0188 0.30605
9.6349 3.02924 0.309444 0.00131356 9.6031 3.0188 0.30605
9.71521 2.97256 0.305715 0.00127599 9.6031 3.0188 0.30605
9.71521 2.97256 0.305715 0.00127599 9.6031 3.0188 0.30605
9.90172 3.00505 0.303986 0.000171584 9.6031 3.0188 0.30605
9.7279 3.10985 0.304313 0.000593683 9.6031 3.0188 0.30605
9.6349 3.02924 0.309444 0.00131356 9.6031 3.0188 0.30605
9.59187 2.91798 0.312913 0.000314413 9.6031 3.0188 0.30605
9.53967 2.94515 0.306785 0.000455407 9.6031 3.0188 0.30605
9.45213 3.02169 0.313283 0.000210721 9.6031 3.0188 0.30605
9.50373 3.11239 0.312437 0.000225339 9.6031 3.0188 0.30605
9.7279 3.10985 0.304313 0.000593683 9.6031 3.0188 0.30605
9.80801 2.91611 0.305544 0.000434365 9.6031 3.0188 0.30605
9.59187 2.91798 0.312913 0.000314413 9.6031 3.0188 0.30605
9.6349 3.02924 0.309444 0.00131356 9.6031 3.0188 0.30605
9.6349 3.02924 0.309444 0.00131356 9.6031 3.0188 0.30605
9.53967 2.94515 0.306785 0.000455407 9.6031 3.0188 0.30605
9.90172 3.00505 0.303986 0.000171584 9.6031 3.0188 0.30605
9.6349 3.02924 0.309444 0.00131356 9.6031 3.0188 0.30605
9.61688 2.88268 0.309401 0.000600199 9.6031 3.0188 0.30605
9.70846 2.96576 0.307615 0.00128062 9.6031 3.0188 0.30605
9.77665 2.8965 0.304004 0.000412977 9.6031 3.0188 0.30605
9.77409 3.07104 0.30908 0.000377932 9.6031 3.0188 0.30605
9.77665 2.8965 0.304004 0.000412977 9.6031 3.0188 0.30605
9.71521 2.97256 0.305715 0.00127599 9.6031 3.0188 0.30605
9.70846 2.96576 0.307615 0.00128062 9.6031 3.0188 0.30605
9.80801 2.91611 0.305544 0.000434365 9.6031 3.0188 0.30605
9.6349 3.02924 0.309444 0.00131356 9.6031 3.0188 0.30605
9.7279 3.10985 0.304313 0.000593683 9.6031 3.0188 0.30605
9.45213 3.02169 0.313283 0.000210721 9.6031 3.0188 0.30605
9.6349 3.02924 0.309444 0.00131356 9.6031 3.0188 0.30605
9.67413 3.03243 0.302553 0.000408112 9.6031 3.0188 0.30605
9.80801 2.91611 0.305544 0.000434365 9.6031 3.0188 0.30605
9.7279 3.10985 0.304313 0.000593683 9.6031 3.0188 0.30605
9.77665 2.8965 0.304004 0.000412977 9.6031 3.0188 0.30605
9.62105 3.09602 0.313632 0.000157099 9.6031 3.0188 0.30605
9.70846 2.96576 0.307615 0.00128062 9.6031 3.0188 0.30605
9.50852 3.19347 0.31327 4.47076e-05 9.6031 3.0188 0.30605
9.73383 2.99436 0.301588 0.000350304 9.6031 3.0188 0.30605
9.67413 3.03243 0.302553 0.000408112 9.6031 3.0188 0.30605
9.53967 2.94515 0.306785 0.000455407 9.6031 3.0188 0.30605
9.6349 3.02924 0.309444 0.00131356 9.6031 3.0188 0.30605
9.71521 2.97256 0.305715 0.00127599 9.6031 3.0188 0.30605
9.90172 3.00505 0.303986 0.000171584 9.6031 3.0188 0.30605
9.62105 3.09602 0.313632 0.000157099 9.6031 3.0188 0.30605
9.71521 2.97256 0.305715 0.00127599 9.6031 3.0188 0.30605
9.53967 2.94515 0.306785 0.000455407 9.6031 3.0188 0.30605
9.67413 3.03243 0.302553 0.000408112 9.6031 3.0188 0.30605
9.67413 3.03243 0.302553 0.000408112 9.6031 3.0188 0.30605
9.71521 2.97256 0.305715 0.00127599 9.6031 3.0188 0.30605
9.70846 2.96576 0.307615 0.00128062 9.6031 3.0188 0.30605
9.53967 2.94515 0.306785 0.000455407 9.6031 3.0188 0.30605
9.53967 2.94515 0.306785 0.000455407 9.6031 3.0188 0.30605
9.61688 2.88268 0.309401 0.000600199 9.6031 3.0188 0.30605
9.70846 2.96576 0.307615 0.00128062 9.6031 3.0188 0.30605
9.70846 2.96576 0.307615 0.00128062 9.6031 3.0188 0.30605
9.61967 2.83873 0.307682 0.000309415 9.6031 3.0188 0.30605
9.6349 3.02924 0.309444 0.00131356 9.6031 3.0188 0.30605
9.70846 2.96576 0.307615 0.00128062 9.6031 3.0188 0.30605
9.70846 2.96576 0.307615 0.00128062 9.6031 3.0188 0.30605
9.70846 2.96576 0.307615 0.00128062 9.6031 3.0188 0.30605
9.45213 3.02169 0.313283 0.000210721 9.6031 3.0188 0.30605
9.73383 2.99436 0.301588 0.000350304 9.6031 3.0188 0.30605
9.80801 2.91611 0.305544 0.000434365 9.6031 3.0188 0.30605
9.71521 2.97256 0.305715 0.00127599 9.6031 3.0188 0.30605
9.77975 2.84777 0.306439 0.000217945 9.6031 3.0188 0.30605
9.67413 3.03243 0.302553 0.000408112 9.6031 3.0188 0.30605
9.67472 3.07937 0.312858 0.000180896 9.6031 3.0188 0.30605
9.45213 3.02169 0.313283 0.000210721 9.6031 3.0188 0.30605
9.80413 2.96231 0.312497 2.67135e-05 9.6031 3.0188 0.30605
9.67413 3.03243 0.302553 0.000408112 9.6031 3.0188 0.30605
9.84519 3.07597 0.307822 0.000167227 9.6031 3.0188 0.30605
9.70846 2.96576 0.307615 0.00128062 9.6031 3.0188 0.30605
9.70846 2.96576 0.307615 0.00128062 9.6031 3.0188 0.30605
9.73383 2.99436 0.301588 0.000350304 9.6031 3.0188 0.30605
9.77665 2.8965 0.304004 0.000412977 9.6031 3.0188 0.30605
9.70846 2.96576 0.307615 0.00128062 9.6031 3.0188 0.30605
9.6349 3.02924 0.309444 0.00131356 9.6031 3.0188 0.30605
9.84519 3.07597 0.307822 0.000167227 9.6031 3.0188 0.30605
9.61688 2.88268 0.309401 0.000600199 9.6031 3.0188 0.30605
9.77409 3.07104 0.30908 0.000377932 9.6031 3.0188 0.30605
9.67413 3.03243 0.302553 0.000408112 9.6031 3.0188 0.30605
9.62105 3.09602 0.313632 0.000157099 9.6031 3.0188 0.30605
9.90172 3.00505 0.303986 0.000171584 9.6031 3.0188 0.30605
9.77409 3.07104 0.30908 0.000377932 9.6031 3.0188 0.30605
9.6349 3.02924 0.309444 0.00131356 9.6031 3.0188 0.30605
9.71521 2.97256 0.305715 0.00127599 9.6031 3.0188 0.30605
9.71521 2.97256 0.305715 0.00127599 9.6031 3.0188 0.30605
9.70846 2.96576 0.307615 0.00128062 9.6031 3.0188 0.30605
9.71521 2.97256 0.305715 0.00127599 9.6031 3.0188 0.30605
9.73383 2.99436 0.301588 0.000350304 9.6031 3.0188 0.30605
9.61967 2.83873 0.307682 0.000309415 9.6031 3.0188 0.30605
9.59662 2.75818 0.3117 2.82551e-05 9.6031 3.0188 0.30605
9.70846 2.96576 0.307615 0.00128062 9.6031 3.0188 0.30605
9.61688 2.88268 0.309401 0.000600199 9.6031 3.0188 0.30605
9.53641 3.28039 0.311352 9.89893e-06 9.6031 3.0188 0.30605
9.80801 2.91611 0.305544 0.000434365 9.6031 3.0188 0.30605
9.70846 2.96576 0.307615 0.00128062 9.6031 3.0188 0.30605
9.45213 3.02169 0.313283 0.000210721 9.6031 3.0188 0.30605
9.45213 3.02169 0.313283 0.000210721 9.6031 3.0188 0.30605
9.71521 2.97256 0.305715 0.00127599 9.6031 3.0188 0.30605
9.70846 2.96576 0.307615 0.00128062 9.6031 3.0188 0.30605
9.70846 2.96576 0.307615 0.00128062 9.6031 3.0188 0.30605
9.37669 2.9766 0.309633 4.23738e-05 9.6031 3.0188 0.30605
9.67413 3.03243 0.302553 0.000408112 9.6031 3.0188 0.30605
9.77665 2.8965 0.304004 0.000412977 9.6031 3.0188 0.30605
