146.762 -14.7895 3.35437 3.57938 146.3 -14.982 3.3389
146.404 -14.9881 3.34949 5.63249 146.3 -14.982 3.3389
146.65 -14.982 3.35215 4.6262 146.3 -14.982 3.3389
146.766 -14.7934 3.35054 2.16918 146.3 -14.982 3.3389
146.65 -14.982 3.35215 4.6262 146.3 -14.982 3.3389
146.402 -14.792 3.34839 7.89484 146.3 -14.982 3.3389
146.337 -14.8834 3.34208 2.45951 146.3 -14.982 3.3389
146.766 -14.7934 3.35054 2.16918 146.3 -14.982 3.3389
146.404 -14.9881 3.34949 5.63249 146.3 -14.982 3.3389
146.489 -14.9128 3.34966 10.9389 146.3 -14.982 3.3389
146.274 -15.0059 3.34967 1.40631 146.3 -14.982 3.3389
146.762 -14.7895 3.35437 3.57938 146.3 -14.982 3.3389
146.489 -14.9128 3.34966 10.9389 146.3 -14.982 3.3389
146.24 -14.9829 3.34104 1.11524 146.3 -14.982 3.3389
146.65 -14.982 3.35215 4.6262 146.3 -14.982 3.3389
146.489 -14.9128 3.34966 10.9389 146.3 -14.982 3.3389
146.24 -14.9829 3.34104 1.11524 146.3 -14.982 3.3389
146.402 -14.792 3.34839 7.89484 146.3 -14.982 3.3389
146.402 -14.792 3.34839 7.89484 146.3 -14.982 3.3389
146.766 -14.7934 3.35054 2.16918 146.3 -14.982 3.3389
146.65 -14.982 3.35215 4.6262 146.3 -14.982 3.3389
146.402 -14.792 3.34839 7.89484 146.3 -14.982 3.3389
146.355 -15.1268 3.33797 0.188529 146.3 -14.982 3.3389
146.355 -15.1268 3.33797 0.188529 146.3 -14.982 3.3389
146.489 -14.9128 3.34966 10.9389 146.3 -14.982 3.3389
146.255 -14.8535 3.3439 2.28861 146.3 -14.982 3.3389
146.337 -14.8834 3.34208 2.45951 146.3 -14.982 3.3389
146.641 -14.7313 3.34659 1.82524 146.3 -14.982 3.3389
146.489 -14.9128 3.34966 10.9389 146.3 -14.982 3.3389
146.404 -14.9881 3.34949 5.63249 146.3 -14.982 3.3389
146.65 -14.982 3.35215 4.6262 146.3 -14.982 3.3389
146.489 -14.9128 3.34966 10.9389 146.3 -14.982 3.3389
146.402 -14.792 3.34839 7.89484 146.3 -14.982 3.3389
146.489 -14.9128 3.34966 10.9389 146.3 -14.982 3.3389
146.4 -15.0455 3.34498 3.45553 146.3 -14.982 3.3389
146.402 -14.792 3.34839 7.89484 146.3 -14.982 3.3389
146.402 -14.792 3.34839 7.89484 146.3 -14.982 3.3389
146.65 -14.982 3.35215 4.6262 146.3 -14.982 3.3389
146.404 -14.9881 3.34949 5.63249 146.3 -14.982 3.3389
146.404 -14.9881 3.34949 5.63249 146.3 -14.982 3.3389
146.641 -14.7313 3.34659 1.82524 146.3 -14.982 3.3389
146.402 -14.792 3.34839 7.89484 146.3 -14.982 3.3389
146.242 -14.7697 3.34133 0.639871 146.3 -14.982 3.3389
146.168 -14.7256 3.3473 0.433732 146.3 -14.982 3.3389
146.65 -14.982 3.35215 4.6262 146.3 -14.982 3.3389
146.489 -14.9128 3.34966 10.9389 146.3 -14.982 3.3389
146.677 -15.3286 3.34294 0.00361871 146.3 -14.982 3.3389
146.489 -14.9128 3.34966 10.9389 146.3 -14.982 3.3389
146.497 -14.9964 3.35423 2.83746 146.3 -14.982 3.3389
146.65 -14.982 3.35215 4.6262 146.3 -14.982 3.3389
146.24 -14.9829 3.34104 1.11524 146.3 -14.982 3.3389
146.415 -15.0475 3.34017 0.819124 146.3 -14.982 3.3389
146.274 -15.0059 3.34967 1.40631 146.3 -14.982 3.3389
146.404 -14.9881 3.34949 5.63249 146.3 -14.982 3.3389
146.762 -14.7895 3.35437 3.57938 146.3 -14.982 3.3389
146.766 -14.7934 3.35054 2.16918 146.3 -14.982 3.3389
146.274 -15.0059 3.34967 1.40631 146.3 -14.982 3.3389
146.65 -14.982 3.35215 4.6262 146.3 -14.982 3.3389
146.23 -15.0272 3.34404 1.33192 146.3 -14.982 3.3389
146.65 -14.982 3.35215 4.6262 146.3 -14.982 3.3389
146.65 -14.982 3.35215 4.6262 146.3 -14.982 3.3389
146.762 -14.7895 3.35437 3.57938 146.3 -14.982 3.3389
146.242 -14.7697 3.34133 0.639871 146.3 -14.982 3.3389
146.489 -14.9128 3.34966 10.9389 146.3 -14.982 3.3389
146.762 -14.7895 3.35437 3.57938 146.3 -14.982 3.3389
146.337 -14.8834 3.34208 2.45951 146.3 -14.982 3.3389
146.24 -14.9829 3.34104 1.11524 146.3 -14.982 3.3389
146.402 -14.792 3.34839 7.89484 146.3 -14.982 3.3389
146.65 -14.982 3.35215 4.6262 146.3 -14.982 3.3389
146.497 -14.9964 3.35423 2.83746 146.3 -14.982 3.3389
146.766 -14.7934 3.35054 2.16918 146.3 -14.982 3.3389
146.489 -14.9128 3.34966 10.9389 146.3 -14.982 3.3389
146.497 -14.9964 3.35423 2.83746 146.3 -14.982 3.3389
146.497 -14.9964 3.35423 2.83746 146.3 -14.982 3.3389
146.402 -14.792 3.34839 7.89484 146.3 -14.982 3.3389
146.402 -14.792 3.34839 7.89484 146.3 -14.982 3.3389
146.24 -14.9829 3.34104 1.11524 146.3 -14.982 3.3389
146.402 -14.792 3.34839 7.89484 146.3 -14.982 3.3389
146.255 -14.8535 3.3439 2.28861 146.3 -14.982 3.3389
146.402 -14.792 3.34839 7.89484 146.3 -14.982 3.3389
146.255 -14.8535 3.3439 2.28861 146.3 -14.982 3.3389
146.242 -14.7697 3.34133 0.639871 146.3 -14.982 3.3389
146.4 -15.0455 3.34498 3.45553 146.3 -14.982 3.3389
146.404 -14.9881 3.34949 5.63249 146.3 -14.982 3.3389
146.65 -14.982 3.35215 4.6262 146.3 -14.982 3.3389
146.255 -14.8535 3.3439 2.28861 146.3 -14.982 3.3389
146.402 -14.792 3.34839 7.89484 146.3 -14.982 3.3389
146.489 -14.9128 3.34966 10.9389 146.3 -14.982 3.3389
146.489 -14.9128 3.34966 10.9389 146.3 -14.982 3.3389
146.402 -14.792 3.34839 7.89484 146.3 -14.982 3.3389
146.65 -14.982 3.35215 4.6262 146.3 -14.982 3.3389
146.255 -14.8535 3.3439 2.28861 146.3 -14.982 3.3389
146.255 -14.8535 3.3439 2.28861 146.3 -14.982 3.3389
146.274 -15.0059 3.34967 1.40631 146.3 -14.982 3.3389
146.489 -14.9128 3.34966 10.9389 146.3 -14.982 3.3389
146.489 -14.9128 3.34966 10.9389 146.3 -14.982 3.3389
146.402 -14.792 3.34839 7.89484 146.3 -14.982 3.3389
146.242 -14.7697 3.34133 0.639871 146.3 -14.982 3.3389
146.641 -14.7313 3.34659 1.82524 146.3 -14.982 3.3389
146.4 -15.0455 3.34498 3.45553 146.3 -14.982 3.3389
146.274 -15.0059 3.34967 1.40631 146.3 -14.982 3.3389
146.404 -14.9881 3.34949 5.63249 146.3 -14.982 3.3389
146.4 -15.0455 3.34498 3.45553 146.3 -14.982 3.3389
146.242 -14.7697 3.34133 0.639871 146.3 -14.982 3.3389
146.37 -15.0975 3.34813 1.82461 146.3 -14.982 3.3389
146.641 -14.7313 3.34659 1.82524 146.3 -14.982 3.3389
146.762 -14.7895 3.35437 3.57938 146.3 -14.982 3.3389
146.65 -14.982 3.35215 4.6262 146.3 -14.982 3.3389
146.274 -15.0059 3.34967 1.40631 146.3 -14.982 3.3389
146.415 -15.0475 3.34017 0.819124 146.3 -14.982 3.3389
146.274 -15.0059 3.34967 1.40631 146.3 -14.982 3.3389
146.489 -14.9128 3.34966 10.9389 146.3 -14.982 3.3389
146.766 -14.7934 3.35054 2.16918 146.3 -14.982 3.3389
146.402 -14.792 3.34839 7.89484 146.3 -14.982 3.3389
146.4 -15.0455 3.34498 3.45553 146.3 -14.982 3.3389
146.404 -14.9881 3.34949 5.63249 146.3 -14.982 3.3389
146.489 -14.9128 3.34966 10.9389 146.3 -14.982 3.3389
146.497 -14.9964 3.35423 2.83746 146.3 -14.982 3.3389
146.766 -14.7934 3.35054 2.16918 146.3 -14.982 3.3389
146.489 -14.9128 3.34966 10.9389 146.3 -14.982 3.3389
146.497 -14.9964 3.35423 2.83746 146.3 -14.982 3.3389
146.489 -14.9128 3.34966 10.9389 146.3 -14.982 3.3389
146.489 -14.9128 3.34966 10.9389 146.3 -14.982 3.3389
146.4 -15.0455 3.34498 3.45553 146.3 -14.982 3.3389
146.255 -14.8535 3.3439 2.28861 146.3 -14.982 3.3389
146.766 -14.7934 3.35054 2.16918 146.3 -14.982 3.3389
146.404 -14.9881 3.34949 5.63249 146.3 -14.982 3.3389
146.37 -15.0975 3.34813 1.82461 146.3 -14.982 3.3389
146.404 -14.9881 3.34949 5.63249 146.3 -14.982 3.3389
146.4 -15.0455 3.34498 3.45553 146.3 -14.982 3.3389
146.637 -14.8844 3.33949 0.0690845 146.3 -14.982 3.3389
146.274 -15.0059 3.34967 1.40631 146.3 -14.982 3.3389
146.489 -14.9128 3.34966 10.9389 146.3 -14.982 3.3389
146.402 -14.792 3.34839 7.89484 146.3 -14.982 3.3389
146.641 -14.7313 3.34659 1.82524 146.3 -14.982 3.3389
146.497 -14.9964 3.35423 2.83746 146.3 -14.982 3.3389
146.489 -14.9128 3.34966 10.9389 146.3 -14.982 3.3389
146.404 -14.9881 3.34949 5.63249 146.3 -14.982 3.3389
146.402 -14.792 3.34839 7.89484 146.3 -14.982 3.3389
146.402 -14.792 3.34839 7.89484 146.3 -14.982 3.3389
146.23 -15.0272 3.34404 1.33192 146.3 -14.982 3.3389
146.402 -14.792 3.34839 7.89484 146.3 -14.982 3.3389
146.641 -14.7313 3.34659 1.82524 146.3 -14.982 3.3389
146.402 -14.792 3.34839 7.89484 146.3 -14.982 3.3389
146.355 -15.1268 3.33797 0.188529 146.3 -14.982 3.3389
146.402 -14.792 3.34839 7.89484 146.3 -14.982 3.3389
146.402 -14.792 3.34839 7.89484 146.3 -14.982 3.3389
146.209 -14.8807 3.33721 0.179715 146.3 -14.982 3.3389
146.404 -14.9881 3.34949 5.63249 146.3 -14.982 3.3389
146.404 -14.9881 3.34949 5.63249 146.3 -14.982 3.3389
146.489 -14.9128 3.34966 10.9389 146.3 -14.982 3.3389
146.489 -14.9128 3.34966 10.9389 146.3 -14.982 3.3389
146.489 -14.9128 3.34966 10.9389 146.3 -14.982 3.3389
146.337 -14.8834 3.34208 2.45951 146.3 -14.982 3.3389
146.415 -15.0628 3.33759 0.189216 146.3 -14.982 3.3389
146.65 -14.982 3.35215 4.6262 146.3 -14.982 3.3389
146.489 -14.9128 3.34966 10.9389 146.3 -14.982 3.3389
146.65 -14.982 3.35215 4.6262 146.3 -14.982 3.3389
146.274 -15.0059 3.34967 1.40631 146.3 -14.982 3.3389
146.402 -14.792 3.34839 7.89484 146.3 -14.982 3.3389
146.489 -14.9128 3.34966 10.9389 146.3 -14.982 3.3389
146.148 -15.0841 3.34539 0.259338 146.3 -14.982 3.3389
146.404 -14.9881 3.34949 5.63249 146.3 -14.982 3.3389
146.489 -14.9128 3.34966 10.9389 146.3 -14.982 3.3389
146.255 -14.8535 3.3439 2.28861 146.3 -14.982 3.3389
146.337 -14.8834 3.34208 2.45951 146.3 -14.982 3.3389
146.65 -14.982 3.35215 4.6262 146.3 -14.982 3.3389
146.242 -14.7697 3.34133 0.639871 146.3 -14.982 3.3389
146.489 -14.9128 3.34966 10.9389 146.3 -14.982 3.3389
146.404 -14.9881 3.34949 5.63249 146.3 -14.982 3.3389
146.404 -14.9881 3.34949 5.63249 146.3 -14.982 3.3389
146.337 -14.8834 3.34208 2.45951 146.3 -14.982 3.3389
146.489 -14.9128 3.34966 10.9389 146.3 -14.982 3.3389
146.337 -14.8834 3.34208 2.45951 146.3 -14.982 3.3389
146.489 -14.9128 3.34966 10.9389 146.3 -14.982 3.3389
146.65 -14.982 3.35215 4.6262 146.3 -14.982 3.3389
146.762 -14.7895 3.35437 3.57938 146.3 -14.982 3.3389
146.497 -14.9964 3.35423 2.83746 146.3 -14.982 3.3389
146.766 -14.7934 3.35054 2.16918 146.3 -14.982 3.3389
146.37 -15.0975 3.34813 1.82461 146.3 -14.982 3.3389
146.762 -14.7895 3.35437 3.57938 146.3 -14.982 3.3389
146.337 -14.8834 3.34208 2.45951 146.3 -14.982 3.3389
146.274 -15.0059 3.34967 1.40631 146.3 -14.982 3.3389
146.489 -14.9128 3.34966 10.9389 146.3 -14.982 3.3389
146.65 -14.982 3.35215 4.6262 146.3 -14.982 3.3389
146.762 -14.7895 3.35437 3.57938 146.3 -14.982 3.3389
146.766 -14.7934 3.35054 2.16918 146.3 -14.982 3.3389
146.404 -14.9881 3.34949 5.63249 146.3 -14.982 3.3389
146.4 -15.0455 3.34498 3.45553 146.3 -14.982 3.3389
146.402 -14.792 3.34839 7.89484 146.3 -14.982 3.3389
146.489 -14.9128 3.34966 10.9389 146.3 -14.982 3.3389
146.65 -14.982 3.35215 4.6262 146.3 -14.982 3.3389
146.337 -14.8834 3.34208 2.45951 146.3 -14.982 3.3389
146.402 -14.792 3.34839 7.89484 146.3 -14.982 3.3389
146.627 -15.1539 3.34023 0.0434464 146.3 -14.982 3.3389
146.337 -14.8834 3.34208 2.45951 146.3 -14.982 3.3389
146.766 -14.7934 3.35054 2.16918 146.3 -14.982 3.3389
146.497 -14.9964 3.35423 2.83746 146.3 -14.982 3.3389
146.341 -14.5224 3.35026 0.261231 146.3 -14.982 3.3389
146.337 -14.8834 3.34208 2.45951 146.3 -14.982 3.3389
