-15.3723 -93.2022 2.79623 0.00345561 -15.732 -92.829 2.8004
-15.2988 -93.1394 2.80654 0.00995118 -15.732 -92.829 2.8004
-15.2967 -92.8854 2.79632 0.00465208 -15.732 -92.829 2.8004
-15.3723 -93.2022 2.79623 0.00345561 -15.732 -92.829 2.8004
-15.6777 -92.8879 2.79121 0.00029666 -15.732 -92.829 2.8004
-15.3825 -92.9971 2.80966 0.00246369 -15.732 -92.829 2.8004
-15.2988 -93.1394 2.80654 0.00995118 -15.732 -92.829 2.8004
-15.2988 -93.1394 2.80654 0.00995118 -15.732 -92.829 2.8004
-15.3825 -92.9971 2.80966 0.00246369 -15.732 -92.829 2.8004
-15.5016 -93.0252 2.80317 0.00777339 -15.732 -92.829 2.8004
-15.4141 -93.1195 2.80183 0.0142652 -15.732 -92.829 2.8004
-15.4686 -93.2146 2.80885 0.000614345 -15.732 -92.829 2.8004
-15.2967 -92.8854 2.79632 0.00465208 -15.732 -92.829 2.8004
-15.4141 -93.1195 2.80183 0.0142652 -15.732 -92.829 2.8004
-15.2988 -93.1394 2.80654 0.00995118 -15.732 -92.829 2.8004
-15.4209 -93.1525 2.79879 0.0097518 -15.732 -92.829 2.8004
-15.7406 -93.1606 2.80061 0.000158385 -15.732 -92.829 2.8004
-15.5016 -93.0252 2.80317 0.00777339 -15.732 -92.829 2.8004
-15.6193 -93.0062 2.79498 0.00230651 -15.732 -92.829 2.8004
-15.5016 -93.0252 2.80317 0.00777339 -15.732 -92.829 2.8004
-15.4141 -93.1195 2.80183 0.0142652 -15.732 -92.829 2.8004
-15.2988 -93.1394 2.80654 0.00995118 -15.732 -92.829 2.8004
-15.4209 -93.1525 2.79879 0.0097518 -15.732 -92.829 2.8004
-15.4141 -93.1195 2.80183 0.0142652 -15.732 -92.829 2.8004
-15.4686 -93.2146 2.80885 0.000614345 -15.732 -92.829 2.8004
-15.4141 -93.1195 2.80183 0.0142652 -15.732 -92.829 2.8004
-14.9364 -92.944 2.8007 0.000188937 -15.732 -92.829 2.8004
-15.2397 -92.9944 2.80077 0.0160658 -15.732 -92.829 2.8004
-15.3286 -93.1089 2.79821 0.0115442 -15.732 -92.829 2.8004
-15.4141 -93.1195 2.80183 0.0142652 -15.732 -92.829 2.8004
-15.2397 -92.9944 2.80077 0.0160658 -15.732 -92.829 2.8004
-15.6457 -92.8742 2.79526 0.00107268 -15.732 -92.829 2.8004
-15.2397 -92.9944 2.80077 0.0160658 -15.732 -92.829 2.8004
-15.4209 -93.1525 2.79879 0.0097518 -15.732 -92.829 2.8004
-15.6072 -93.093 2.79974 0.00298018 -15.732 -92.829 2.8004
-15.3825 -92.9971 2.80966 0.00246369 -15.732 -92.829 2.8004
-15.586 -93.1043 2.79642 0.00326224 -15.732 -92.829 2.8004
-15.6777 -92.8879 2.79121 0.00029666 -15.732 -92.829 2.8004
-15.2967 -92.8854 2.79632 0.00465208 -15.732 -92.829 2.8004
-14.9813 -93.2138 2.80143 0.000268579 -15.732 -92.829 2.8004
-15.2397 -92.9944 2.80077 0.0160658 -15.732 -92.829 2.8004
-15.2967 -92.8854 2.79632 0.00465208 -15.732 -92.829 2.8004
-15.2397 -92.9944 2.80077 0.0160658 -15.732 -92.829 2.8004
-15.6777 -92.8879 2.79121 0.00029666 -15.732 -92.829 2.8004
-15.4597 -93.2749 2.80257 0.00225812 -15.732 -92.829 2.8004
-15.4141 -93.1195 2.80183 0.0142652 -15.732 -92.829 2.8004
-15.2988 -93.1394 2.80654 0.00995118 -15.732 -92.829 2.8004
-15.4703 -93.1978 2.79711 0.0041035 -15.732 -92.829 2.8004
-15.2988 -93.1394 2.80654 0.00995118 -15.732 -92.829 2.8004
-15.6457 -92.8742 2.79526 0.00107268 -15.732 -92.829 2.8004
-15.4703 -93.1978 2.79711 0.0041035 -15.732 -92.829 2.8004
-15.4141 -93.1195 2.80183 0.0142652 -15.732 -92.829 2.8004
-15.4141 -93.1195 2.80183 0.0142652 -15.732 -92.829 2.8004
-15.3891 -92.8171 2.8075 0.00169502 -15.732 -92.829 2.8004
-15.4209 -93.1525 2.79879 0.0097518 -15.732 -92.829 2.8004
-15.4347 -93.2471 2.80845 0.000801503 -15.732 -92.829 2.8004
-15.5024 -93.0993 2.80849 0.000981264 -15.732 -92.829 2.8004
-15.3757 -92.706 2.80407 0.000969631 -15.732 -92.829 2.8004
-15.2988 -93.1394 2.80654 0.00995118 -15.732 -92.829 2.8004
-15.6911 -92.9083 2.79568 0.000747228 -15.732 -92.829 2.8004
-15.5016 -93.0252 2.80317 0.00777339 -15.732 -92.829 2.8004
-15.4141 -93.1195 2.80183 0.0142652 -15.732 -92.829 2.8004
-15.4209 -93.1525 2.79879 0.0097518 -15.732 -92.829 2.8004
-15.4922 -93.1584 2.80369 0.00476756 -15.732 -92.829 2.8004
-15.5089 -93.0226 2.80673 0.00229185 -15.732 -92.829 2.8004
-15.2397 -92.9944 2.80077 0.0160658 -15.732 -92.829 2.8004
-15.586 -93.1043 2.79642 0.00326224 -15.732 -92.829 2.8004
-15.6072 -93.093 2.79974 0.00298018 -15.732 -92.829 2.8004
-15.3286 -93.1089 2.79821 0.0115442 -15.732 -92.829 2.8004
-15.7667 -93.0825 2.79416 0.000202372 -15.732 -92.829 2.8004
-15.2967 -92.8854 2.79632 0.00465208 -15.732 -92.829 2.8004
-15.2397 -92.9944 2.80077 0.0160658 -15.732 -92.829 2.8004
-15.6072 -93.093 2.79974 0.00298018 -15.732 -92.829 2.8004
-15.5024 -93.0993 2.80849 0.000981264 -15.732 -92.829 2.8004
-15.3723 -93.2022 2.79623 0.00345561 -15.732 -92.829 2.8004
-15.2397 -92.9944 2.80077 0.0160658 -15.732 -92.829 2.8004
-15.2397 -92.9944 2.80077 0.0160658 -15.732 -92.829 2.8004
-15.4209 -93.1525 2.79879 0.0097518 -15.732 -92.829 2.8004
-15.3723 -93.2022 2.79623 0.00345561 -15.732 -92.829 2.8004
-15.5024 -93.0993 2.80849 0.000981264 -15.732 -92.829 2.8004
-15.2988 -93.1394 2.80654 0.00995118 -15.732 -92.829 2.8004
-15.4703 -93.1978 2.79711 0.0041035 -15.732 -92.829 2.8004
-15.5016 -93.0252 2.80317 0.00777339 -15.732 -92.829 2.8004
-15.2397 -92.9944 2.80077 0.0160658 -15.732 -92.829 2.8004
-15.3825 -92.9971 2.80966 0.00246369 -15.732 -92.829 2.8004
-15.3891 -92.8171 2.8075 0.00169502 -15.732 -92.829 2.8004
-15.3825 -92.9971 2.80966 0.00246369 -15.732 -92.829 2.8004
-15.6847 -93.0206 2.80274 0.000488982 -15.732 -92.829 2.8004
-15.4922 -93.1584 2.80369 0.00476756 -15.732 -92.829 2.8004
-15.4209 -93.1525 2.79879 0.0097518 -15.732 -92.829 2.8004
-15.2397 -92.9944 2.80077 0.0160658 -15.732 -92.829 2.8004
-15.3825 -92.9971 2.80966 0.00246369 -15.732 -92.829 2.8004
-15.4141 -93.1195 2.80183 0.0142652 -15.732 -92.829 2.8004
-15.6072 -93.093 2.79974 0.00298018 -15.732 -92.829 2.8004
-15.6911 -92.9083 2.79568 0.000747228 -15.732 -92.829 2.8004
-15.4703 -93.1978 2.79711 0.0041035 -15.732 -92.829 2.8004
-15.2397 -92.9944 2.80077 0.0160658 -15.732 -92.829 2.8004
-15.2397 -92.9944 2.80077 0.0160658 -15.732 -92.829 2.8004
-15.5024 -93.0993 2.80849 0.000981264 -15.732 -92.829 2.8004
-15.3286 -93.1089 2.79821 0.0115442 -15.732 -92.829 2.8004
-15.3286 -93.1089 2.79821 0.0115442 -15.732 -92.829 2.8004
-15.2397 -92.9944 2.80077 0.0160658 -15.732 -92.829 2.8004
-15.4703 -93.1978 2.79711 0.0041035 -15.732 -92.829 2.8004
-15.4141 -93.1195 2.80183 0.0142652 -15.732 -92.829 2.8004
-15.2397 -92.9944 2.80077 0.0160658 -15.732 -92.829 2.8004
-15.6193 -93.0062 2.79498 0.00230651 -15.732 -92.829 2.8004
-15.2967 -92.8854 2.79632 0.00465208 -15.732 -92.829 2.8004
-15.3286 -93.1089 2.79821 0.0115442 -15.732 -92.829 2.8004
-15.4141 -93.1195 2.80183 0.0142652 -15.732 -92.829 2.8004
-15.2988 -93.1394 2.80654 0.00995118 -15.732 -92.829 2.8004
-15.6457 -92.8742 2.79526 0.00107268 -15.732 -92.829 2.8004
-15.3891 -92.8171 2.8075 0.00169502 -15.732 -92.829 2.8004
-15.6193 -93.0062 2.79498 0.00230651 -15.732 -92.829 2.8004
-15.2967 -92.8854 2.79632 0.00465208 -15.732 -92.829 2.8004
-15.4922 -93.1584 2.80369 0.00476756 -15.732 -92.829 2.8004
-15.3286 -93.1089 2.79821 0.0115442 -15.732 -92.829 2.8004
-15.4686 -93.2146 2.80885 0.000614345 -15.732 -92.829 2.8004
-15.3286 -93.1089 2.79821 0.0115442 -15.732 -92.829 2.8004
-15.3723 -93.2022 2.79623 0.00345561 -15.732 -92.829 2.8004
-15.2967 -92.8854 2.79632 0.00465208 -15.732 -92.829 2.8004
-15.2988 -93.1394 2.80654 0.00995118 -15.732 -92.829 2.8004
-15.586 -93.1043 2.79642 0.00326224 -15.732 -92.829 2.8004
-15.4141 -93.1195 2.80183 0.0142652 -15.732 -92.829 2.8004
-15.3723 -93.2022 2.79623 0.00345561 -15.732 -92.829 2.8004
-15.4141 -93.1195 2.80183 0.0142652 -15.732 -92.829 2.8004
-15.4141 -93.1195 2.80183 0.0142652 -15.732 -92.829 2.8004
-15.4141 -93.1195 2.80183 0.0142652 -15.732 -92.829 2.8004
-15.4141 -93.1195 2.80183 0.0142652 -15.732 -92.829 2.8004
-15.5089 -93.0226 2.80673 0.00229185 -15.732 -92.829 2.8004
-15.2988 -93.1394 2.80654 0.00995118 -15.732 -92.829 2.8004
-15.3286 -93.1089 2.79821 0.0115442 -15.732 -92.829 2.8004
-15.3286 -93.1089 2.79821 0.0115442 -15.732 -92.829 2.8004
-15.3286 -93.1089 2.79821 0.0115442 -15.732 -92.829 2.8004
-15.2411 -93.2304 2.79663 0.00143628 -15.732 -92.829 2.8004
-15.2397 -92.9944 2.80077 0.0160658 -15.732 -92.829 2.8004
-15.4141 -93.1195 2.80183 0.0142652 -15.732 -92.829 2.8004
-15.6072 -93.093 2.79974 0.00298018 -15.732 -92.829 2.8004
-15.2397 -92.9944 2.80077 0.0160658 -15.732 -92.829 2.8004
-15.4141 -93.1195 2.80183 0.0142652 -15.732 -92.829 2.8004
-15.4209 -93.1525 2.79879 0.0097518 -15.732 -92.829 2.8004
-15.586 -93.1043 2.79642 0.00326224 -15.732 -92.829 2.8004
-15.6609 -92.9512 2.79102 0.000436587 -15.732 -92.829 2.8004
-15.3286 -93.1089 2.79821 0.0115442 -15.732 -92.829 2.8004
-15.3723 -93.2022 2.79623 0.00345561 -15.732 -92.829 2.8004
-15.4141 -93.1195 2.80183 0.0142652 -15.732 -92.829 2.8004
-15.2988 -93.1394 2.80654 0.00995118 -15.732 -92.829 2.8004
-15.5016 -93.0252 2.80317 0.00777339 -15.732 -92.829 2.8004
-14.9813 -93.2138 2.80143 0.000268579 -15.732 -92.829 2.8004
-15.5016 -93.0252 2.80317 0.00777339 -15.732 -92.829 2.8004
-15.3891 -92.8171 2.8075 0.00169502 -15.732 -92.829 2.8004
-15.4141 -93.1195 2.80183 0.0142652 -15.732 -92.829 2.8004
-15.4703 -93.1978 2.79711 0.0041035 -15.732 -92.829 2.8004
-15.3757 -92.706 2.80407 0.000969631 -15.732 -92.829 2.8004
-15.4141 -93.1195 2.80183 0.0142652 -15.732 -92.829 2.8004
-15.4209 -93.1525 2.79879 0.0097518 -15.732 -92.829 2.8004
-15.4922 -93.1584 2.80369 0.00476756 -15.732 -92.829 2.8004
-15.4347 -93.2471 2.80845 0.000801503 -15.732 -92.829 2.8004
-15.2988 -93.1394 2.80654 0.00995118 -15.732 -92.829 2.8004
-15.4703 -93.1978 2.79711 0.0041035 -15.732 -92.829 2.8004
-15.2397 -92.9944 2.80077 0.0160658 -15.732 -92.829 2.8004
-15.2988 -93.1394 2.80654 0.00995118 -15.732 -92.829 2.8004
-15.4141 -93.1195 2.80183 0.0142652 -15.732 -92.829 2.8004
-15.2988 -93.1394 2.80654 0.00995118 -15.732 -92.829 2.8004
-15.4141 -93.1195 2.80183 0.0142652 -15.732 -92.829 2.8004
-15.3286 -93.1089 2.79821 0.0115442 -15.732 -92.829 2.8004
-15.4347 -93.2471 2.80845 0.000801503 -15.732 -92.829 2.8004
-15.6072 -93.093 2.79974 0.00298018 -15.732 -92.829 2.8004
-15.2988 -93.1394 2.80654 0.00995118 -15.732 -92.829 2.8004
-15.4686 -93.2146 2.80885 0.000614345 -15.732 -92.829 2.8004
-15.5016 -93.0252 2.80317 0.00777339 -15.732 -92.829 2.8004
-15.4209 -93.1525 2.79879 0.0097518 -15.732 -92.829 2.8004
-15.4141 -93.1195 2.80183 0.0142652 -15.732 -92.829 2.8004
-15.4141 -93.1195 2.80183 0.0142652 -15.732 -92.829 2.8004
-15.6193 -93.0062 2.79498 0.00230651 -15.732 -92.829 2.8004
-15.4209 -93.1525 2.79879 0.0097518 -15.732 -92.829 2.8004
-15.4209 -93.1525 2.79879 0.0097518 -15.732 -92.829 2.8004
-15.3891 -92.8171 2.8075 0.00169502 -15.732 -92.829 2.8004
-15.2397 -92.9944 2.80077 0.0160658 -15.732 -92.829 2.8004
-15.3286 -93.1089 2.79821 0.0115442 -15.732 -92.829 2.8004
-15.6072 -93.093 2.79974 0.00298018 -15.732 -92.829 2.8004
-15.4141 -93.1195 2.80183 0.0142652 -15.732 -92.829 2.8004
-15.2967 -92.8854 2.79632 0.00465208 -15.732 -92.829 2.8004
-15.2397 -92.9944 2.80077 0.0160658 -15.732 -92.829 2.8004
-15.3286 -93.1089 2.79821 0.0115442 -15.732 -92.829 2.8004
-15.2397 -92.9944 2.80077 0.0160658 -15.732 -92.829 2.8004
-15.4141 -93.1195 2.80183 0.0142652 -15.732 -92.829 2.8004
-15.2988 -93.1394 2.80654 0.00995118 -15.732 -92.829 2.8004
-15.4922 -93.1584 2.80369 0.00476756 -15.732 -92.829 2.8004
-15.4209 -93.1525 2.79879 0.0097518 -15.732 -92.829 2.8004
-15.4922 -93.1584 2.80369 0.00476756 -15.732 -92.829 2.8004
-15.2397 -92.9944 2.80077 0.0160658 -15.732 -92.829 2.8004
-15.4209 -93.1525 2.79879 0.0097518 -15.732 -92.829 2.8004
-15.2988 -93.1394 2.80654 0.00995118 -15.732 -92.829 2.8004
-15.4347 -93.2471 2.80845 0.000801503 -15.732 -92.829 2.8004
-15.3757 -92.706 2.80407 0.000969631 -15.732 -92.829 2.8004
-15.5016 -93.0252 2.80317 0.00777339 -15.732 -92.829 2.8004
-15.5016 -93.0252 2.80317 0.00777339 -15.732 -92.829 2.8004
-15.4141 -93.1195 2.80183 0.0142652 -15.732 -92.829 2.8004
-15.4209 -93.1525 2.79879 0.0097518 -15.732 -92.829 2.8004
-15.6457 -92.8742 2.79526 0.00107268 -15.732 -92.829 2.8004
