55.4668 14.0117 0.14239 0.660972 55.612 14.057 0.14617
55.4668 14.0117 0.14239 0.660972 55.612 14.057 0.14617
55.6262 14.0274 0.141045 0.377784 55.612 14.057 0.14617
55.5722 13.7623 0.139603 0.0381587 55.612 14.057 0.14617
55.6408 13.9286 0.142211 0.284882 55.612 14.057 0.14617
55.6214 14.0269 0.14484 0.309581 55.612 14.057 0.14617
55.5321 14.1065 0.138888 0.105726 55.612 14.057 0.14617
55.6687 13.9962 0.141573 0.269328 55.612 14.057 0.14617
55.4668 14.0117 0.14239 0.660972 55.612 14.057 0.14617
55.6262 14.0274 0.141045 0.377784 55.612 14.057 0.14617
55.4105 14.0085 0.144049 0.575891 55.612 14.057 0.14617
55.6408 13.9286 0.142211 0.284882 55.612 14.057 0.14617
55.7188 13.7517 0.139926 0.0098285 55.612 14.057 0.14617
55.5282 13.9038 0.141017 0.37909 55.612 14.057 0.14617
55.4612 14.0125 0.146118 0.537059 55.612 14.057 0.14617
55.6262 14.0274 0.141045 0.377784 55.612 14.057 0.14617
55.4668 14.0117 0.14239 0.660972 55.612 14.057 0.14617
55.4612 14.0125 0.146118 0.537059 55.612 14.057 0.14617
55.4105 14.0085 0.144049 0.575891 55.612 14.057 0.14617
55.4668 14.0117 0.14239 0.660972 55.612 14.057 0.14617
55.4629 14.1239 0.138956 0.0582972 55.612 14.057 0.14617
55.4836 14.1059 0.148218 0.205528 55.612 14.057 0.14617
55.5282 13.9038 0.141017 0.37909 55.612 14.057 0.14617
55.4668 14.0117 0.14239 0.660972 55.612 14.057 0.14617
55.4612 14.0125 0.146118 0.537059 55.612 14.057 0.14617
55.4668 14.0117 0.14239 0.660972 55.612 14.057 0.14617
55.6262 14.0274 0.141045 0.377784 55.612 14.057 0.14617
55.6097 14.1238 0.145721 0.192946 55.612 14.057 0.14617
55.4642 13.991 0.139398 0.201825 55.612 14.057 0.14617
55.4391 14.0045 0.137259 0.029178 55.612 14.057 0.14617
55.4612 14.0125 0.146118 0.537059 55.612 14.057 0.14617
55.6687 13.9962 0.141573 0.269328 55.612 14.057 0.14617
55.4105 14.0085 0.144049 0.575891 55.612 14.057 0.14617
55.5321 14.1065 0.138888 0.105726 55.612 14.057 0.14617
55.4105 14.0085 0.144049 0.575891 55.612 14.057 0.14617
55.4105 14.0085 0.144049 0.575891 55.612 14.057 0.14617
55.4836 14.1059 0.148218 0.205528 55.612 14.057 0.14617
55.4668 14.0117 0.14239 0.660972 55.612 14.057 0.14617
55.6408 13.9286 0.142211 0.284882 55.612 14.057 0.14617
55.4612 14.0125 0.146118 0.537059 55.612 14.057 0.14617
55.4105 14.0085 0.144049 0.575891 55.612 14.057 0.14617
55.7048 13.9113 0.145166 0.0349038 55.612 14.057 0.14617
55.6214 14.0269 0.14484 0.309581 55.612 14.057 0.14617
55.4612 14.0125 0.146118 0.537059 55.612 14.057 0.14617
55.5282 13.9038 0.141017 0.37909 55.612 14.057 0.14617
55.4836 14.1059 0.148218 0.205528 55.612 14.057 0.14617
55.4642 13.991 0.139398 0.201825 55.612 14.057 0.14617
55.4629 14.1239 0.138956 0.0582972 55.612 14.057 0.14617
55.6262 14.0274 0.141045 0.377784 55.612 14.057 0.14617
55.6408 13.9286 0.142211 0.284882 55.612 14.057 0.14617
55.5282 13.9038 0.141017 0.37909 55.612 14.057 0.14617
55.5282 13.9038 0.141017 0.37909 55.612 14.057 0.14617
55.4668 14.0117 0.14239 0.660972 55.612 14.057 0.14617
55.4668 14.0117 0.14239 0.660972 55.612 14.057 0.14617
55.4668 14.0117 0.14239 0.660972 55.612 14.057 0.14617
55.4612 14.0125 0.146118 0.537059 55.612 14.057 0.14617
55.4612 14.0125 0.146118 0.537059 55.612 14.057 0.14617
55.4612 14.0125 0.146118 0.537059 55.612 14.057 0.14617
55.4105 14.0085 0.144049 0.575891 55.612 14.057 0.14617
55.6214 14.0269 0.14484 0.309581 55.612 14.057 0.14617
55.6335 14.3078 0.143812 0.00960854 55.612 14.057 0.14617
55.6097 14.1238 0.145721 0.192946 55.612 14.057 0.14617
55.4105 14.0085 0.144049 0.575891 55.612 14.057 0.14617
55.6687 13.9962 0.141573 0.269328 55.612 14.057 0.14617
55.4105 14.0085 0.144049 0.575891 55.612 14.057 0.14617
55.4668 14.0117 0.14239 0.660972 55.612 14.057 0.14617
55.4105 14.0085 0.144049 0.575891 55.612 14.057 0.14617
55.4668 14.0117 0.14239 0.660972 55.612 14.057 0.14617
55.6262 14.0274 0.141045 0.377784 55.612 14.057 0.14617
55.459 13.8797 0.141147 0.239964 55.612 14.057 0.14617
55.4642 13.991 0.139398 0.201825 55.612 14.057 0.14617
55.7105 13.9074 0.144059 0.0520667 55.612 14.057 0.14617
55.5321 14.1065 0.138888 0.105726 55.612 14.057 0.14617
55.4694 14.306 0.144747 0.0265363 55.612 14.057 0.14617
55.4668 14.0117 0.14239 0.660972 55.612 14.057 0.14617
55.6687 13.9962 0.141573 0.269328 55.612 14.057 0.14617
55.4668 14.0117 0.14239 0.660972 55.612 14.057 0.14617
55.6408 13.9286 0.142211 0.284882 55.612 14.057 0.14617
55.4668 14.0117 0.14239 0.660972 55.612 14.057 0.14617
55.4642 13.991 0.139398 0.201825 55.612 14.057 0.14617
55.4612 14.0125 0.146118 0.537059 55.612 14.057 0.14617
55.4668 14.0117 0.14239 0.660972 55.612 14.057 0.14617
55.6408 13.9286 0.142211 0.284882 55.612 14.057 0.14617
55.5282 13.9038 0.141017 0.37909 55.612 14.057 0.14617
55.4391 14.0045 0.137259 0.029178 55.612 14.057 0.14617
55.4694 14.306 0.144747 0.0265363 55.612 14.057 0.14617
55.5321 14.1065 0.138888 0.105726 55.612 14.057 0.14617
55.6214 14.0269 0.14484 0.309581 55.612 14.057 0.14617
55.459 13.8797 0.141147 0.239964 55.612 14.057 0.14617
55.6687 13.9962 0.141573 0.269328 55.612 14.057 0.14617
55.4836 14.1059 0.148218 0.205528 55.612 14.057 0.14617
55.4105 14.0085 0.144049 0.575891 55.612 14.057 0.14617
55.4105 14.0085 0.144049 0.575891 55.612 14.057 0.14617
55.6262 14.0274 0.141045 0.377784 55.612 14.057 0.14617
55.6262 14.0274 0.141045 0.377784 55.612 14.057 0.14617
55.4836 14.1059 0.148218 0.205528 55.612 14.057 0.14617
55.5282 13.9038 0.141017 0.37909 55.612 14.057 0.14617
55.6262 14.0274 0.141045 0.377784 55.612 14.057 0.14617
55.4668 14.0117 0.14239 0.660972 55.612 14.057 0.14617
55.4668 14.0117 0.14239 0.660972 55.612 14.057 0.14617
55.6687 13.9962 0.141573 0.269328 55.612 14.057 0.14617
55.4668 14.0117 0.14239 0.660972 55.612 14.057 0.14617
55.6687 13.9962 0.141573 0.269328 55.612 14.057 0.14617
55.6687 13.9962 0.141573 0.269328 55.612 14.057 0.14617
55.5282 13.9038 0.141017 0.37909 55.612 14.057 0.14617
55.6097 14.1238 0.145721 0.192946 55.612 14.057 0.14617
55.4612 14.0125 0.146118 0.537059 55.612 14.057 0.14617
55.1804 14.1109 0.14865 0.0122349 55.612 14.057 0.14617
55.4105 14.0085 0.144049 0.575891 55.612 14.057 0.14617
55.4668 14.0117 0.14239 0.660972 55.612 14.057 0.14617
55.6408 13.9286 0.142211 0.284882 55.612 14.057 0.14617
55.6214 14.0269 0.14484 0.309581 55.612 14.057 0.14617
55.4836 14.1059 0.148218 0.205528 55.612 14.057 0.14617
55.5233 13.9228 0.148272 0.0667208 55.612 14.057 0.14617
55.6262 14.0274 0.141045 0.377784 55.612 14.057 0.14617
55.4668 14.0117 0.14239 0.660972 55.612 14.057 0.14617
55.4105 14.0085 0.144049 0.575891 55.612 14.057 0.14617
55.459 13.8797 0.141147 0.239964 55.612 14.057 0.14617
55.7105 13.9074 0.144059 0.0520667 55.612 14.057 0.14617
55.6335 14.3078 0.143812 0.00960854 55.612 14.057 0.14617
55.4612 14.0125 0.146118 0.537059 55.612 14.057 0.14617
55.4642 13.991 0.139398 0.201825 55.612 14.057 0.14617
55.4629 14.1239 0.138956 0.0582972 55.612 14.057 0.14617
55.6262 14.0274 0.141045 0.377784 55.612 14.057 0.14617
55.4629 14.1239 0.138956 0.0582972 55.612 14.057 0.14617
55.4612 14.0125 0.146118 0.537059 55.612 14.057 0.14617
55.4612 14.0125 0.146118 0.537059 55.612 14.057 0.14617
55.4836 14.1059 0.148218 0.205528 55.612 14.057 0.14617
55.6097 14.1238 0.145721 0.192946 55.612 14.057 0.14617
55.4668 14.0117 0.14239 0.660972 55.612 14.057 0.14617
55.4668 14.0117 0.14239 0.660972 55.612 14.057 0.14617
55.4105 14.0085 0.144049 0.575891 55.612 14.057 0.14617
55.459 13.8797 0.141147 0.239964 55.612 14.057 0.14617
55.6214 14.0269 0.14484 0.309581 55.612 14.057 0.14617
55.4642 13.991 0.139398 0.201825 55.612 14.057 0.14617
55.5321 14.1065 0.138888 0.105726 55.612 14.057 0.14617
55.6214 14.0269 0.14484 0.309581 55.612 14.057 0.14617
55.5321 14.1065 0.138888 0.105726 55.612 14.057 0.14617
55.7719 14.1501 0.143452 0.0148337 55.612 14.057 0.14617
55.4668 14.0117 0.14239 0.660972 55.612 14.057 0.14617
55.6097 14.1238 0.145721 0.192946 55.612 14.057 0.14617
55.7632 14.0648 0.144753 0.021807 55.612 14.057 0.14617
55.4668 14.0117 0.14239 0.660972 55.612 14.057 0.14617
55.5282 13.9038 0.141017 0.37909 55.612 14.057 0.14617
55.4612 14.0125 0.146118 0.537059 55.612 14.057 0.14617
55.4105 14.0085 0.144049 0.575891 55.612 14.057 0.14617
55.6408 13.9286 0.142211 0.284882 55.612 14.057 0.14617
55.7506 13.9079 0.143079 0.0337907 55.612 14.057 0.14617
55.5282 13.9038 0.141017 0.37909 55.612 14.057 0.14617
55.4612 14.0125 0.146118 0.537059 55.612 14.057 0.14617
55.4668 14.0117 0.14239 0.660972 55.612 14.057 0.14617
55.6214 14.0269 0.14484 0.309581 55.612 14.057 0.14617
55.4105 14.0085 0.144049 0.575891 55.612 14.057 0.14617
55.6262 14.0274 0.141045 0.377784 55.612 14.057 0.14617
55.6408 13.9286 0.142211 0.284882 55.612 14.057 0.14617
55.4612 14.0125 0.146118 0.537059 55.612 14.057 0.14617
55.4105 14.0085 0.144049 0.575891 55.612 14.057 0.14617
55.7719 14.1501 0.143452 0.0148337 55.612 14.057 0.14617
55.5282 13.9038 0.141017 0.37909 55.612 14.057 0.14617
55.4668 14.0117 0.14239 0.660972 55.612 14.057 0.14617
55.6687 13.9962 0.141573 0.269328 55.612 14.057 0.14617
55.4836 14.1059 0.148218 0.205528 55.612 14.057 0.14617
55.6687 13.9962 0.141573 0.269328 55.612 14.057 0.14617
55.6408 13.9286 0.142211 0.284882 55.612 14.057 0.14617
55.4612 14.0125 0.146118 0.537059 55.612 14.057 0.14617
55.4105 14.0085 0.144049 0.575891 55.612 14.057 0.14617
55.6408 13.9286 0.142211 0.284882 55.612 14.057 0.14617
55.5282 13.9038 0.141017 0.37909 55.612 14.057 0.14617
55.4668 14.0117 0.14239 0.660972 55.612 14.057 0.14617
55.4668 14.0117 0.14239 0.660972 55.612 14.057 0.14617
55.6687 13.9962 0.141573 0.269328 55.612 14.057 0.14617
55.6687 13.9962 0.141573 0.269328 55.612 14.057 0.14617
55.6408 13.9286 0.142211 0.284882 55.612 14.057 0.14617
55.4668 14.0117 0.14239 0.660972 55.612 14.057 0.14617
55.6262 14.0274 0.141045 0.377784 55.612 14.057 0.14617
55.6262 14.0274 0.141045 0.377784 55.612 14.057 0.14617
55.459 13.8797 0.141147 0.239964 55.612 14.057 0.14617
55.6408 13.9286 0.142211 0.284882 55.612 14.057 0.14617
55.4105 14.0085 0.144049 0.575891 55.612 14.057 0.14617
55.574 14.0246 0.149443 0.0352973 55.612 14.057 0.14617
55.4668 14.0117 0.14239 0.660972 55.612 14.057 0.14617
55.4105 14.0085 0.144049 0.575891 55.612 14.057 0.14617
55.4612 14.0125 0.146118 0.537059 55.612 14.057 0.14617
55.4836 14.1059 0.148218 0.205528 55.612 14.057 0.14617
55.6687 13.9962 0.141573 0.269328 55.612 14.057 0.14617
55.4668 14.0117 0.14239 0.660972 55.612 14.057 0.14617
55.6262 14.0274 0.141045 0.377784 55.612 14.057 0.14617
55.6408 13.9286 0.142211 0.284882 55.612 14.057 0.14617
55.6097 14.1238 0.145721 0.192946 55.612 14.057 0.14617
55.4391 14.0045 0.137259 0.029178 55.612 14.057 0.14617
55.6408 13.9286 0.142211 0.284882 55.612 14.057 0.14617
55.4836 14.1059 0.148218 0.205528 55.612 14.057 0.14617
55.4668 14.0117 0.14239 0.660972 55.612 14.057 0.14617
55.6097 14.1238 0.145721 0.192946 55.612 14.057 0.14617
55.5282 13.9038 0.141017 0.37909 55.612 14.057 0.14617
55.6408 13.9286 0.142211 0.284882 55.612 14.057 0.14617
55.4836 14.1059 0.148218 0.205528 55.612 14.057 0.14617
55.6687 13.9962 0.141573 0.269328 55.612 14.057 0.14617
55.6214 14.0269 0.14484 0.309581 55.612 14.057 0.14617
55.4105 14.0085 0.144049 0.575891 55.612 14.057 0.14617
