151.131 22.188 0.0724355 0.0252641 151.36 21.903 0.077817
151.094 22.044 0.0760454 0.0294143 151.36 21.903 0.077817
150.901 21.9711 0.071949 0.0025237 151.36 21.903 0.077817
151.094 22.044 0.0760454 0.0294143 151.36 21.903 0.077817
151.337 22.1188 0.0699784 0.0184236 151.36 21.903 0.077817
151.355 21.8244 0.0702838 0.00128809 151.36 21.903 0.077817
151.225 21.8921 0.0794149 0.00263805 151.36 21.903 0.077817
151.282 21.9983 0.0724732 0.0252174 151.36 21.903 0.077817
151.208 21.8214 0.0725878 0.00569534 151.36 21.903 0.077817
151.094 22.044 0.0760454 0.0294143 151.36 21.903 0.077817
151.131 22.188 0.0724355 0.0252641 151.36 21.903 0.077817
151.208 21.8214 0.0725878 0.00569534 151.36 21.903 0.077817
151.094 22.044 0.0760454 0.0294143 151.36 21.903 0.077817
150.901 21.9711 0.071949 0.0025237 151.36 21.903 0.077817
151.337 22.1188 0.0699784 0.0184236 151.36 21.903 0.077817
151.337 22.1188 0.0699784 0.0184236 151.36 21.903 0.077817
151.318 21.9073 0.0686054 0.00571805 151.36 21.903 0.077817
151.094 22.044 0.0760454 0.0294143 151.36 21.903 0.077817
151.208 21.8214 0.0725878 0.00569534 151.36 21.903 0.077817
151.343 21.9636 0.0653512 0.00309575 151.36 21.903 0.077817
151.131 22.188 0.0724355 0.0252641 151.36 21.903 0.077817
151.337 22.1188 0.0699784 0.0184236 151.36 21.903 0.077817
151.282 21.9983 0.0724732 0.0252174 151.36 21.903 0.077817
151.337 22.1188 0.0699784 0.0184236 151.36 21.903 0.077817
151.094 22.044 0.0760454 0.0294143 151.36 21.903 0.077817
151.113 21.8798 0.0782415 0.00851005 151.36 21.903 0.077817
151.094 22.044 0.0760454 0.0294143 151.36 21.903 0.077817
151.282 21.9983 0.0724732 0.0252174 151.36 21.903 0.077817
151.282 21.9983 0.0724732 0.0252174 151.36 21.903 0.077817
151.318 21.9073 0.0686054 0.00571805 151.36 21.903 0.077817
151.238 21.8233 0.068226 0.00170801 151.36 21.903 0.077817
151.146 22.0423 0.0813708 0.00172754 151.36 21.903 0.077817
151.113 21.8798 0.0782415 0.00851005 151.36 21.903 0.077817
151.287 21.7788 0.0725657 0.00140828 151.36 21.903 0.077817
151.131 22.188 0.0724355 0.0252641 151.36 21.903 0.077817
151.183 22.1637 0.0749126 0.0177182 151.36 21.903 0.077817
151.282 21.9983 0.0724732 0.0252174 151.36 21.903 0.077817
151.131 22.188 0.0724355 0.0252641 151.36 21.903 0.077817
151.183 22.1637 0.0749126 0.0177182 151.36 21.903 0.077817
151.094 22.044 0.0760454 0.0294143 151.36 21.903 0.077817
151.337 22.1188 0.0699784 0.0184236 151.36 21.903 0.077817
151.208 21.8214 0.0725878 0.00569534 151.36 21.903 0.077817
151.094 22.044 0.0760454 0.0294143 151.36 21.903 0.077817
151.281 22.205 0.0726524 0.0115397 151.36 21.903 0.077817
151.381 22.1472 0.0722504 0.00578895 151.36 21.903 0.077817
151.225 21.8921 0.0794149 0.00263805 151.36 21.903 0.077817
151.337 22.1188 0.0699784 0.0184236 151.36 21.903 0.077817
151.412 21.9853 0.0711143 0.00438419 151.36 21.903 0.077817
151.287 21.7788 0.0725657 0.00140828 151.36 21.903 0.077817
151.377 22.274 0.065286 0.00271837 151.36 21.903 0.077817
151.094 22.044 0.0760454 0.0294143 151.36 21.903 0.077817
151.131 22.188 0.0724355 0.0252641 151.36 21.903 0.077817
151.381 22.1472 0.0722504 0.00578895 151.36 21.903 0.077817
151.281 22.205 0.0726524 0.0115397 151.36 21.903 0.077817
151.208 21.8214 0.0725878 0.00569534 151.36 21.903 0.077817
151.337 22.1188 0.0699784 0.0184236 151.36 21.903 0.077817
151.131 22.188 0.0724355 0.0252641 151.36 21.903 0.077817
151.131 22.188 0.0724355 0.0252641 151.36 21.903 0.077817
151.364 21.9971 0.0796404 0.000288093 151.36 21.903 0.077817
151.131 22.188 0.0724355 0.0252641 151.36 21.903 0.077817
151.377 22.274 0.065286 0.00271837 151.36 21.903 0.077817
151.094 22.044 0.0760454 0.0294143 151.36 21.903 0.077817
151.302 22.3594 0.0685681 0.00161381 151.36 21.903 0.077817
151.094 22.044 0.0760454 0.0294143 151.36 21.903 0.077817
151.381 22.1472 0.0722504 0.00578895 151.36 21.903 0.077817
150.901 21.9711 0.071949 0.0025237 151.36 21.903 0.077817
151.337 22.1188 0.0699784 0.0184236 151.36 21.903 0.077817
151.337 22.1188 0.0699784 0.0184236 151.36 21.903 0.077817
151.282 21.9983 0.0724732 0.0252174 151.36 21.903 0.077817
151.183 22.1637 0.0749126 0.0177182 151.36 21.903 0.077817
151.208 21.8214 0.0725878 0.00569534 151.36 21.903 0.077817
151.094 22.044 0.0760454 0.0294143 151.36 21.903 0.077817
151.337 22.1188 0.0699784 0.0184236 151.36 21.903 0.077817
151.131 22.188 0.0724355 0.0252641 151.36 21.903 0.077817
151.094 22.044 0.0760454 0.0294143 151.36 21.903 0.077817
151.248 22.0438 0.0624115 0.00157969 151.36 21.903 0.077817
151.206 21.7346 0.0759557 0.000968384 151.36 21.903 0.077817
151.183 22.1637 0.0749126 0.0177182 151.36 21.903 0.077817
151.131 22.188 0.0724355 0.0252641 151.36 21.903 0.077817
151.282 21.9983 0.0724732 0.0252174 151.36 21.903 0.077817
151.337 22.1188 0.0699784 0.0184236 151.36 21.903 0.077817
151.094 22.044 0.0760454 0.0294143 151.36 21.903 0.077817
151.282 21.9983 0.0724732 0.0252174 151.36 21.903 0.077817
150.901 21.9711 0.071949 0.0025237 151.36 21.903 0.077817
151.131 22.188 0.0724355 0.0252641 151.36 21.903 0.077817
151.094 22.044 0.0760454 0.0294143 151.36 21.903 0.077817
150.892 22.1088 0.0733466 0.00328773 151.36 21.903 0.077817
151.281 22.205 0.0726524 0.0115397 151.36 21.903 0.077817
151.004 21.8434 0.0785011 0.00423849 151.36 21.903 0.077817
151.183 22.1637 0.0749126 0.0177182 151.36 21.903 0.077817
151.337 22.1188 0.0699784 0.0184236 151.36 21.903 0.077817
151.281 22.205 0.0726524 0.0115397 151.36 21.903 0.077817
151.094 22.044 0.0760454 0.0294143 151.36 21.903 0.077817
151.318 21.9073 0.0686054 0.00571805 151.36 21.903 0.077817
151.412 21.9853 0.0711143 0.00438419 151.36 21.903 0.077817
151.337 22.1188 0.0699784 0.0184236 151.36 21.903 0.077817
151.337 22.1188 0.0699784 0.0184236 151.36 21.903 0.077817
151.225 21.8921 0.0794149 0.00263805 151.36 21.903 0.077817
151.337 22.1188 0.0699784 0.0184236 151.36 21.903 0.077817
151.094 22.044 0.0760454 0.0294143 151.36 21.903 0.077817
151.131 22.188 0.0724355 0.0252641 151.36 21.903 0.077817
151.282 21.9983 0.0724732 0.0252174 151.36 21.903 0.077817
151.044 21.9595 0.0836968 0.000615839 151.36 21.903 0.077817
151.412 21.9853 0.0711143 0.00438419 151.36 21.903 0.077817
151.281 22.205 0.0726524 0.0115397 151.36 21.903 0.077817
151.094 22.044 0.0760454 0.0294143 151.36 21.903 0.077817
151.282 21.9983 0.0724732 0.0252174 151.36 21.903 0.077817
151.094 22.044 0.0760454 0.0294143 151.36 21.903 0.077817
151.131 22.188 0.0724355 0.0252641 151.36 21.903 0.077817
151.094 22.044 0.0760454 0.0294143 151.36 21.903 0.077817
151.282 21.9983 0.0724732 0.0252174 151.36 21.903 0.077817
151.337 22.1188 0.0699784 0.0184236 151.36 21.903 0.077817
151.208 21.8214 0.0725878 0.00569534 151.36 21.903 0.077817
151.131 22.188 0.0724355 0.0252641 151.36 21.903 0.077817
151.337 22.1188 0.0699784 0.0184236 151.36 21.903 0.077817
151.131 22.188 0.0724355 0.0252641 151.36 21.903 0.077817
151.381 22.1472 0.0722504 0.00578895 151.36 21.903 0.077817
151.183 22.1637 0.0749126 0.0177182 151.36 21.903 0.077817
151.094 22.044 0.0760454 0.0294143 151.36 21.903 0.077817
151.318 21.9073 0.0686054 0.00571805 151.36 21.903 0.077817
151.287 21.7788 0.0725657 0.00140828 151.36 21.903 0.077817
151.318 21.9073 0.0686054 0.00571805 151.36 21.903 0.077817
151.131 22.188 0.0724355 0.0252641 151.36 21.903 0.077817
151.208 21.8214 0.0725878 0.00569534 151.36 21.903 0.077817
151.337 22.1188 0.0699784 0.0184236 151.36 21.903 0.077817
151.318 21.9073 0.0686054 0.00571805 151.36 21.903 0.077817
151.094 22.044 0.0760454 0.0294143 151.36 21.903 0.077817
151.183 22.1637 0.0749126 0.0177182 151.36 21.903 0.077817
151.183 22.1637 0.0749126 0.0177182 151.36 21.903 0.077817
151.094 22.044 0.0760454 0.0294143 151.36 21.903 0.077817
151.063 21.9816 0.0822657 0.00166968 151.36 21.903 0.077817
151.131 22.188 0.0724355 0.0252641 151.36 21.903 0.077817
151.131 22.188 0.0724355 0.0252641 151.36 21.903 0.077817
150.901 21.9711 0.071949 0.0025237 151.36 21.903 0.077817
151.337 22.1188 0.0699784 0.0184236 151.36 21.903 0.077817
151.337 22.1188 0.0699784 0.0184236 151.36 21.903 0.077817
151.343 21.9636 0.0653512 0.00309575 151.36 21.903 0.077817
151.281 22.205 0.0726524 0.0115397 151.36 21.903 0.077817
151.282 21.9983 0.0724732 0.0252174 151.36 21.903 0.077817
151.287 21.7788 0.0725657 0.00140828 151.36 21.903 0.077817
151.302 22.3594 0.0685681 0.00161381 151.36 21.903 0.077817
151.113 21.8798 0.0782415 0.00851005 151.36 21.903 0.077817
151.094 22.044 0.0760454 0.0294143 151.36 21.903 0.077817
151.337 22.1188 0.0699784 0.0184236 151.36 21.903 0.077817
151.337 22.1188 0.0699784 0.0184236 151.36 21.903 0.077817
151.094 22.044 0.0760454 0.0294143 151.36 21.903 0.077817
151.282 21.9983 0.0724732 0.0252174 151.36 21.903 0.077817
151.094 22.044 0.0760454 0.0294143 151.36 21.903 0.077817
151.381 22.1472 0.0722504 0.00578895 151.36 21.903 0.077817
151.238 21.8233 0.068226 0.00170801 151.36 21.903 0.077817
151.318 21.9073 0.0686054 0.00571805 151.36 21.903 0.077817
151.337 22.1188 0.0699784 0.0184236 151.36 21.903 0.077817
151.282 21.9983 0.0724732 0.0252174 151.36 21.903 0.077817
151.282 21.9983 0.0724732 0.0252174 151.36 21.903 0.077817
151.206 21.7346 0.0759557 0.000968384 151.36 21.903 0.077817
151.282 21.9983 0.0724732 0.0252174 151.36 21.903 0.077817
151.113 21.8798 0.0782415 0.00851005 151.36 21.903 0.077817
151.318 21.9073 0.0686054 0.00571805 151.36 21.903 0.077817
151.282 21.9983 0.0724732 0.0252174 151.36 21.903 0.077817
151.131 22.188 0.0724355 0.0252641 151.36 21.903 0.077817
151.281 22.205 0.0726524 0.0115397 151.36 21.903 0.077817
151.094 22.044 0.0760454 0.0294143 151.36 21.903 0.077817
151.337 22.1188 0.0699784 0.0184236 151.36 21.903 0.077817
151.094 22.044 0.0760454 0.0294143 151.36 21.903 0.077817
151.225 21.8921 0.0794149 0.00263805 151.36 21.903 0.077817
151.318 21.9073 0.0686054 0.00571805 151.36 21.903 0.077817
151.281 22.205 0.0726524 0.0115397 151.36 21.903 0.077817
151.094 22.044 0.0760454 0.0294143 151.36 21.903 0.077817
151.131 22.188 0.0724355 0.0252641 151.36 21.903 0.077817
151.282 21.9983 0.0724732 0.0252174 151.36 21.903 0.077817
151.281 22.205 0.0726524 0.0115397 151.36 21.903 0.077817
151.337 22.1188 0.0699784 0.0184236 151.36 21.903 0.077817
151.337 22.1188 0.0699784 0.0184236 151.36 21.903 0.077817
151.282 21.9983 0.0724732 0.0252174 151.36 21.903 0.077817
150.901 21.9711 0.071949 0.0025237 151.36 21.903 0.077817
151.302 22.3594 0.0685681 0.00161381 151.36 21.903 0.077817
151.343 21.9636 0.0653512 0.00309575 151.36 21.903 0.077817
151.355 21.8244 0.0702838 0.00128809 151.36 21.903 0.077817
151.412 21.9853 0.0711143 0.00438419 151.36 21.903 0.077817
151.183 22.1637 0.0749126 0.0177182 151.36 21.903 0.077817
151.094 22.044 0.0760454 0.0294143 151.36 21.903 0.077817
151.131 22.188 0.0724355 0.0252641 151.36 21.903 0.077817
151.094 22.044 0.0760454 0.0294143 151.36 21.903 0.077817
151.225 21.8921 0.0794149 0.00263805 151.36 21.903 0.077817
151.131 22.188 0.0724355 0.0252641 151.36 21.903 0.077817
151.287 21.7788 0.0725657 0.00140828 151.36 21.903 0.077817
151.337 22.1188 0.0699784 0.0184236 151.36 21.903 0.077817
151.094 22.044 0.0760454 0.0294143 151.36 21.903 0.077817
151.248 22.0438 0.0624115 0.00157969 151.36 21.903 0.077817
151.113 21.8798 0.0782415 0.00851005 151.36 21.903 0.077817
151.094 22.044 0.0760454 0.0294143 151.36 21.903 0.077817
151.188 21.7612 0.0767448 0.00169626 151.36 21.903 0.077817
151.146 22.0423 0.0813708 0.00172754 151.36 21.903 0.077817
151.377 22.274 0.065286 0.00271837 151.36 21.903 0.077817
151.146 22.0423 0.0813708 0.00172754 151.36 21.903 0.077817
151.188 21.7612 0.0767448 0.00169626 151.36 21.903 0.077817
151.318 21.9073 0.0686054 0.00571805 151.36 21.903 0.077817
151.094 22.044 0.0760454 0.0294143 151.36 21.903 0.077817
151.377 22.274 0.065286 0.00271837 151.36 21.903 0.077817
151.225 21.8921 0.0794149 0.00263805 151.36 21.903 0.077817
