226.884 27.5732 0.0750014 0.0130897 226.85 27.565 0.072627
226.77 27.5139 0.0727866 0.0222296 226.85 27.565 0.072627
226.842 27.3768 0.070317 0.0155888 226.85 27.565 0.072627
226.91 27.441 0.0745034 0.0185618 226.85 27.565 0.072627
226.91 27.441 0.0745034 0.0185618 226.85 27.565 0.072627
226.771 27.4349 0.0718479 0.0202401 226.85 27.565 0.072627
226.733 27.4991 0.0702832 0.0107973 226.85 27.565 0.072627
226.984 27.574 0.0748625 0.00585799 226.85 27.565 0.072627
226.729 27.4219 0.071927 0.012624 226.85 27.565 0.072627
226.984 27.574 0.0748625 0.00585799 226.85 27.565 0.072627
226.771 27.4349 0.0718479 0.0202401 226.85 27.565 0.072627
226.771 27.4349 0.0718479 0.0202401 226.85 27.565 0.072627
226.771 27.4349 0.0718479 0.0202401 226.85 27.565 0.072627
226.77 27.5139 0.0727866 0.0222296 226.85 27.565 0.072627
226.842 27.3768 0.070317 0.0155888 226.85 27.565 0.072627
226.842 27.3768 0.070317 0.0155888 226.85 27.565 0.072627
226.771 27.4349 0.0718479 0.0202401 226.85 27.565 0.072627
226.767 27.6491 0.0735074 0.00627732 226.85 27.565 0.072627
226.733 27.4991 0.0702832 0.0107973 226.85 27.565 0.072627
226.91 27.441 0.0745034 0.0185618 226.85 27.565 0.072627
226.898 27.7691 0.0695048 0.000573553 226.85 27.565 0.072627
226.771 27.4349 0.0718479 0.0202401 226.85 27.565 0.072627
226.733 27.4991 0.0702832 0.0107973 226.85 27.565 0.072627
226.923 27.2939 0.0751555 0.00313117 226.85 27.565 0.072627
226.91 27.441 0.0745034 0.0185618 226.85 27.565 0.072627
226.767 27.6491 0.0735074 0.00627732 226.85 27.565 0.072627
226.842 27.3768 0.070317 0.0155888 226.85 27.565 0.072627
226.842 27.3768 0.070317 0.0155888 226.85 27.565 0.072627
226.842 27.3768 0.070317 0.0155888 226.85 27.565 0.072627
226.77 27.5139 0.0727866 0.0222296 226.85 27.565 0.072627
226.896 27.4303 0.0769466 0.00666891 226.85 27.565 0.072627
226.884 27.5732 0.0750014 0.0130897 226.85 27.565 0.072627
226.729 27.4219 0.071927 0.012624 226.85 27.565 0.072627
226.733 27.4991 0.0702832 0.0107973 226.85 27.565 0.072627
226.771 27.4349 0.0718479 0.0202401 226.85 27.565 0.072627
226.923 27.2939 0.0751555 0.00313117 226.85 27.565 0.072627
226.77 27.5139 0.0727866 0.0222296 226.85 27.565 0.072627
226.733 27.4991 0.0702832 0.0107973 226.85 27.565 0.072627
226.884 27.5732 0.0750014 0.0130897 226.85 27.565 0.072627
227.099 27.61 0.0736513 0.000859348 226.85 27.565 0.072627
226.984 27.574 0.0748625 0.00585799 226.85 27.565 0.072627
227.112 27.4181 0.0690501 0.00158572 226.85 27.565 0.072627
226.91 27.441 0.0745034 0.0185618 226.85 27.565 0.072627
226.771 27.4349 0.0718479 0.0202401 226.85 27.565 0.072627
226.729 27.4219 0.071927 0.012624 226.85 27.565 0.072627
226.842 27.3768 0.070317 0.0155888 226.85 27.565 0.072627
227.135 27.3671 0.0754616 0.000185329 226.85 27.565 0.072627
226.77 27.5139 0.0727866 0.0222296 226.85 27.565 0.072627
226.786 27.3195 0.0687455 0.00321307 226.85 27.565 0.072627
227.112 27.4181 0.0690501 0.00158572 226.85 27.565 0.072627
226.77 27.5139 0.0727866 0.0222296 226.85 27.565 0.072627
226.786 27.3195 0.0687455 0.00321307 226.85 27.565 0.072627
226.77 27.5139 0.0727866 0.0222296 226.85 27.565 0.072627
226.729 27.4219 0.071927 0.012624 226.85 27.565 0.072627
226.77 27.5139 0.0727866 0.0222296 226.85 27.565 0.072627
226.729 27.4219 0.071927 0.012624 226.85 27.565 0.072627
226.771 27.4349 0.0718479 0.0202401 226.85 27.565 0.072627
226.77 27.5139 0.0727866 0.0222296 226.85 27.565 0.072627
226.652 27.5741 0.0722075 0.00330765 226.85 27.565 0.072627
226.896 27.4303 0.0769466 0.00666891 226.85 27.565 0.072627
227.051 27.5365 0.065761 0.00122382 226.85 27.565 0.072627
226.987 27.2023 0.0756051 0.000197811 226.85 27.565 0.072627
226.884 27.5732 0.0750014 0.0130897 226.85 27.565 0.072627
226.77 27.5139 0.0727866 0.0222296 226.85 27.565 0.072627
226.91 27.441 0.0745034 0.0185618 226.85 27.565 0.072627
226.771 27.4349 0.0718479 0.0202401 226.85 27.565 0.072627
226.771 27.4349 0.0718479 0.0202401 226.85 27.565 0.072627
226.884 27.5732 0.0750014 0.0130897 226.85 27.565 0.072627
226.821 27.2547 0.073356 0.00301324 226.85 27.565 0.072627
226.884 27.5732 0.0750014 0.0130897 226.85 27.565 0.072627
226.984 27.574 0.0748625 0.00585799 226.85 27.565 0.072627
226.729 27.4219 0.071927 0.012624 226.85 27.565 0.072627
226.77 27.5139 0.0727866 0.0222296 226.85 27.565 0.072627
227.051 27.5365 0.065761 0.00122382 226.85 27.565 0.072627
226.842 27.3768 0.070317 0.0155888 226.85 27.565 0.072627
226.91 27.441 0.0745034 0.0185618 226.85 27.565 0.072627
226.896 27.4303 0.0769466 0.00666891 226.85 27.565 0.072627
226.842 27.3768 0.070317 0.0155888 226.85 27.565 0.072627
226.77 27.5139 0.0727866 0.0222296 226.85 27.565 0.072627
226.733 27.4991 0.0702832 0.0107973 226.85 27.565 0.072627
226.767 27.6491 0.0735074 0.00627732 226.85 27.565 0.072627
226.842 27.3768 0.070317 0.0155888 226.85 27.565 0.072627
226.91 27.441 0.0745034 0.0185618 226.85 27.565 0.072627
226.729 27.4219 0.071927 0.012624 226.85 27.565 0.072627
226.77 27.5139 0.0727866 0.0222296 226.85 27.565 0.072627
226.98 27.6745 0.0681277 0.00185453 226.85 27.565 0.072627
226.842 27.3768 0.070317 0.0155888 226.85 27.565 0.072627
226.771 27.4349 0.0718479 0.0202401 226.85 27.565 0.072627
226.987 27.2023 0.0756051 0.000197811 226.85 27.565 0.072627
226.884 27.5732 0.0750014 0.0130897 226.85 27.565 0.072627
226.729 27.4219 0.071927 0.012624 226.85 27.565 0.072627
226.98 27.6745 0.0681277 0.00185453 226.85 27.565 0.072627
226.923 27.2939 0.0751555 0.00313117 226.85 27.565 0.072627
226.67 27.4088 0.0750259 0.00483634 226.85 27.565 0.072627
226.767 27.6491 0.0735074 0.00627732 226.85 27.565 0.072627
226.77 27.5139 0.0727866 0.0222296 226.85 27.565 0.072627
226.98 27.6745 0.0681277 0.00185453 226.85 27.565 0.072627
226.984 27.574 0.0748625 0.00585799 226.85 27.565 0.072627
226.729 27.4219 0.071927 0.012624 226.85 27.565 0.072627
226.987 27.2023 0.0756051 0.000197811 226.85 27.565 0.072627
226.67 27.4088 0.0750259 0.00483634 226.85 27.565 0.072627
226.786 27.3195 0.0687455 0.00321307 226.85 27.565 0.072627
226.91 27.441 0.0745034 0.0185618 226.85 27.565 0.072627
227.051 27.5365 0.065761 0.00122382 226.85 27.565 0.072627
227.051 27.5365 0.065761 0.00122382 226.85 27.565 0.072627
226.842 27.3768 0.070317 0.0155888 226.85 27.565 0.072627
226.884 27.5732 0.0750014 0.0130897 226.85 27.565 0.072627
226.884 27.5732 0.0750014 0.0130897 226.85 27.565 0.072627
226.842 27.3768 0.070317 0.0155888 226.85 27.565 0.072627
226.984 27.574 0.0748625 0.00585799 226.85 27.565 0.072627
226.729 27.4219 0.071927 0.012624 226.85 27.565 0.072627
226.77 27.5139 0.0727866 0.0222296 226.85 27.565 0.072627
226.771 27.4349 0.0718479 0.0202401 226.85 27.565 0.072627
226.884 27.5732 0.0750014 0.0130897 226.85 27.565 0.072627
226.771 27.4349 0.0718479 0.0202401 226.85 27.565 0.072627
226.771 27.4349 0.0718479 0.0202401 226.85 27.565 0.072627
226.729 27.4219 0.071927 0.012624 226.85 27.565 0.072627
226.91 27.441 0.0745034 0.0185618 226.85 27.565 0.072627
226.77 27.5139 0.0727866 0.0222296 226.85 27.565 0.072627
226.884 27.5732 0.0750014 0.0130897 226.85 27.565 0.072627
226.771 27.4349 0.0718479 0.0202401 226.85 27.565 0.072627
226.917 27.6192 0.0771098 0.0023611 226.85 27.565 0.072627
226.91 27.441 0.0745034 0.0185618 226.85 27.565 0.072627
226.786 27.3195 0.0687455 0.00321307 226.85 27.565 0.072627
226.767 27.6491 0.0735074 0.00627732 226.85 27.565 0.072627
226.984 27.574 0.0748625 0.00585799 226.85 27.565 0.072627
226.98 27.6745 0.0681277 0.00185453 226.85 27.565 0.072627
226.896 27.4303 0.0769466 0.00666891 226.85 27.565 0.072627
226.771 27.4349 0.0718479 0.0202401 226.85 27.565 0.072627
226.884 27.5732 0.0750014 0.0130897 226.85 27.565 0.072627
226.771 27.4349 0.0718479 0.0202401 226.85 27.565 0.072627
226.884 27.5732 0.0750014 0.0130897 226.85 27.565 0.072627
226.771 27.4349 0.0718479 0.0202401 226.85 27.565 0.072627
226.78 27.3423 0.0655828 0.000523057 226.85 27.565 0.072627
226.771 27.4349 0.0718479 0.0202401 226.85 27.565 0.072627
226.917 27.6192 0.0771098 0.0023611 226.85 27.565 0.072627
226.767 27.6491 0.0735074 0.00627732 226.85 27.565 0.072627
226.771 27.4349 0.0718479 0.0202401 226.85 27.565 0.072627
226.984 27.574 0.0748625 0.00585799 226.85 27.565 0.072627
226.923 27.2939 0.0751555 0.00313117 226.85 27.565 0.072627
226.652 27.5741 0.0722075 0.00330765 226.85 27.565 0.072627
226.771 27.4349 0.0718479 0.0202401 226.85 27.565 0.072627
226.77 27.5139 0.0727866 0.0222296 226.85 27.565 0.072627
226.652 27.5741 0.0722075 0.00330765 226.85 27.565 0.072627
226.771 27.4349 0.0718479 0.0202401 226.85 27.565 0.072627
226.91 27.441 0.0745034 0.0185618 226.85 27.565 0.072627
226.729 27.4219 0.071927 0.012624 226.85 27.565 0.072627
226.77 27.5139 0.0727866 0.0222296 226.85 27.565 0.072627
226.91 27.441 0.0745034 0.0185618 226.85 27.565 0.072627
227.099 27.61 0.0736513 0.000859348 226.85 27.565 0.072627
226.771 27.4349 0.0718479 0.0202401 226.85 27.565 0.072627
226.896 27.4303 0.0769466 0.00666891 226.85 27.565 0.072627
226.771 27.4349 0.0718479 0.0202401 226.85 27.565 0.072627
226.729 27.4219 0.071927 0.012624 226.85 27.565 0.072627
226.767 27.6491 0.0735074 0.00627732 226.85 27.565 0.072627
226.884 27.5732 0.0750014 0.0130897 226.85 27.565 0.072627
227.051 27.5365 0.065761 0.00122382 226.85 27.565 0.072627
226.984 27.574 0.0748625 0.00585799 226.85 27.565 0.072627
226.884 27.5732 0.0750014 0.0130897 226.85 27.565 0.072627
226.77 27.5139 0.0727866 0.0222296 226.85 27.565 0.072627
226.923 27.2939 0.0751555 0.00313117 226.85 27.565 0.072627
226.669 27.6843 0.0699768 0.000595133 226.85 27.565 0.072627
226.884 27.5732 0.0750014 0.0130897 226.85 27.565 0.072627
226.842 27.3768 0.070317 0.0155888 226.85 27.565 0.072627
226.896 27.4303 0.0769466 0.00666891 226.85 27.565 0.072627
226.842 27.3768 0.070317 0.0155888 226.85 27.565 0.072627
227.058 27.5964 0.0662451 0.000957604 226.85 27.565 0.072627
226.771 27.4349 0.0718479 0.0202401 226.85 27.565 0.072627
226.733 27.4991 0.0702832 0.0107973 226.85 27.565 0.072627
226.842 27.3768 0.070317 0.0155888 226.85 27.565 0.072627
226.771 27.4349 0.0718479 0.0202401 226.85 27.565 0.072627
226.884 27.5732 0.0750014 0.0130897 226.85 27.565 0.072627
226.767 27.6491 0.0735074 0.00627732 226.85 27.565 0.072627
226.617 27.6557 0.0803396 4.79317e-05 226.85 27.565 0.072627
226.842 27.3768 0.070317 0.0155888 226.85 27.565 0.072627
226.842 27.3768 0.070317 0.0155888 226.85 27.565 0.072627
226.884 27.5732 0.0750014 0.0130897 226.85 27.565 0.072627
226.771 27.4349 0.0718479 0.0202401 226.85 27.565 0.072627
226.77 27.5139 0.0727866 0.0222296 226.85 27.565 0.072627
226.923 27.2939 0.0751555 0.00313117 226.85 27.565 0.072627
226.842 27.3768 0.070317 0.0155888 226.85 27.565 0.072627
226.896 27.4303 0.0769466 0.00666891 226.85 27.565 0.072627
226.622 27.4232 0.0734499 0.00256659 226.85 27.565 0.072627
226.77 27.5139 0.0727866 0.0222296 226.85 27.565 0.072627
226.917 27.6192 0.0771098 0.0023611 226.85 27.565 0.072627
226.91 27.441 0.0745034 0.0185618 226.85 27.565 0.072627
227.083 27.3995 0.070841 0.00297744 226.85 27.565 0.072627
226.729 27.4219 0.071927 0.012624 226.85 27.565 0.072627
226.842 27.3768 0.070317 0.0155888 226.85 27.565 0.072627
226.729 27.4219 0.071927 0.012624 226.85 27.565 0.072627
226.842 27.3768 0.070317 0.0155888 226.85 27.565 0.072627
226.77 27.5139 0.0727866 0.0222296 226.85 27.565 0.072627
226.652 27.5741 0.0722075 0.00330765 226.85 27.565 0.072627
226.842 27.3768 0.070317 0.0155888 226.85 27.565 0.072627
226.771 27.4349 0.0718479 0.0202401 226.85 27.565 0.072627
226.842 27.3768 0.070317 0.0155888 226.85 27.565 0.072627
226.678 27.3762 0.0806452 0.000223355 226.85 27.565 0.072627
226.771 27.4349 0.0718479 0.0202401 226.85 27.565 0.072627
226.771 27.4349 0.0718479 0.0202401 226.85 27.565 0.072627
226.67 27.4088 0.0750259 0.00483634 226.85 27.565 0.072627
