271.994 -9.97533 4.02279 0.163358 271.68 -9.9395 4.0176
271.806 -9.86215 4.01381 1.0488 271.68 -9.9395 4.0176
271.972 -9.7008 4.00944 0.129407 271.68 -9.9395 4.0176
272.043 -9.86188 4.01463 0.4512 271.68 -9.9395 4.0176
271.806 -9.86215 4.01381 1.0488 271.68 -9.9395 4.0176
271.424 -9.62247 4.00134 0.0350145 271.68 -9.9395 4.0176
271.942 -9.90538 4.01501 0.804541 271.68 -9.9395 4.0176
271.806 -9.86215 4.01381 1.0488 271.68 -9.9395 4.0176
272.203 -10.0113 4.0174 0.0177996 271.68 -9.9395 4.0176
271.664 -9.69307 4.0037 0.228666 271.68 -9.9395 4.0176
271.942 -9.90538 4.01501 0.804541 271.68 -9.9395 4.0176
271.806 -9.86215 4.01381 1.0488 271.68 -9.9395 4.0176
272.003 -9.93871 4.01147 0.109888 271.68 -9.9395 4.0176
272.043 -9.86188 4.01463 0.4512 271.68 -9.9395 4.0176
271.915 -9.84786 4.01236 0.880498 271.68 -9.9395 4.0176
271.806 -9.86215 4.01381 1.0488 271.68 -9.9395 4.0176
272.136 -9.97734 4.02837 0.0500233 271.68 -9.9395 4.0176
271.942 -9.90538 4.01501 0.804541 271.68 -9.9395 4.0176
271.915 -9.84786 4.01236 0.880498 271.68 -9.9395 4.0176
271.942 -9.90538 4.01501 0.804541 271.68 -9.9395 4.0176
271.806 -9.86215 4.01381 1.0488 271.68 -9.9395 4.0176
271.942 -9.90538 4.01501 0.804541 271.68 -9.9395 4.0176
271.915 -9.84786 4.01236 0.880498 271.68 -9.9395 4.0176
271.942 -9.90538 4.01501 0.804541 271.68 -9.9395 4.0176
271.806 -9.86215 4.01381 1.0488 271.68 -9.9395 4.0176
271.728 -9.95982 4.01027 0.309671 271.68 -9.9395 4.0176
271.664 -9.69307 4.0037 0.228666 271.68 -9.9395 4.0176
272.157 -9.6095 4.02499 0.179256 271.68 -9.9395 4.0176
272.021 -9.89942 4.01643 0.668931 271.68 -9.9395 4.0176
271.942 -9.90538 4.01501 0.804541 271.68 -9.9395 4.0176
272.025 -9.89405 4.02688 0.0941205 271.68 -9.9395 4.0176
272.136 -9.97734 4.02837 0.0500233 271.68 -9.9395 4.0176
271.915 -9.84786 4.01236 0.880498 271.68 -9.9395 4.0176
272.114 -10.0378 4.01972 0.072151 271.68 -9.9395 4.0176
271.915 -9.84786 4.01236 0.880498 271.68 -9.9395 4.0176
271.728 -9.95982 4.01027 0.309671 271.68 -9.9395 4.0176
272.157 -9.98354 4.01973 0.121636 271.68 -9.9395 4.0176
272.083 -9.65257 4.02396 0.358882 271.68 -9.9395 4.0176
271.752 -10.0006 4.01459 0.129619 271.68 -9.9395 4.0176
271.806 -9.86215 4.01381 1.0488 271.68 -9.9395 4.0176
271.877 -9.94845 4.01604 0.516677 271.68 -9.9395 4.0176
272.043 -9.86188 4.01463 0.4512 271.68 -9.9395 4.0176
271.863 -9.91914 4.02309 0.0564764 271.68 -9.9395 4.0176
271.729 -9.88892 4.0179 0.113624 271.68 -9.9395 4.0176
271.915 -9.84786 4.01236 0.880498 271.68 -9.9395 4.0176
272.021 -9.89942 4.01643 0.668931 271.68 -9.9395 4.0176
271.942 -9.90538 4.01501 0.804541 271.68 -9.9395 4.0176
271.942 -9.90538 4.01501 0.804541 271.68 -9.9395 4.0176
271.728 -9.95982 4.01027 0.309671 271.68 -9.9395 4.0176
271.806 -9.86215 4.01381 1.0488 271.68 -9.9395 4.0176
272.021 -9.89942 4.01643 0.668931 271.68 -9.9395 4.0176
272.083 -9.65257 4.02396 0.358882 271.68 -9.9395 4.0176
271.942 -9.90538 4.01501 0.804541 271.68 -9.9395 4.0176
271.877 -9.94845 4.01604 0.516677 271.68 -9.9395 4.0176
271.915 -9.84786 4.01236 0.880498 271.68 -9.9395 4.0176
271.806 -9.86215 4.01381 1.0488 271.68 -9.9395 4.0176
271.943 -9.83763 4.02427 0.185232 271.68 -9.9395 4.0176
271.728 -9.95982 4.01027 0.309671 271.68 -9.9395 4.0176
271.664 -9.69307 4.0037 0.228666 271.68 -9.9395 4.0176
271.789 -9.8708 4.01876 0.237856 271.68 -9.9395 4.0176
272.114 -10.0378 4.01972 0.072151 271.68 -9.9395 4.0176
272.043 -9.86188 4.01463 0.4512 271.68 -9.9395 4.0176
272.198 -10.0527 4.0205 0.0249649 271.68 -9.9395 4.0176
271.972 -9.7008 4.00944 0.129407 271.68 -9.9395 4.0176
271.806 -9.86215 4.01381 1.0488 271.68 -9.9395 4.0176
271.942 -9.90538 4.01501 0.804541 271.68 -9.9395 4.0176
272.043 -9.86188 4.01463 0.4512 271.68 -9.9395 4.0176
271.915 -9.84786 4.01236 0.880498 271.68 -9.9395 4.0176
271.806 -9.86215 4.01381 1.0488 271.68 -9.9395 4.0176
271.806 -9.86215 4.01381 1.0488 271.68 -9.9395 4.0176
271.501 -10.0464 4.00794 0.00862922 271.68 -9.9395 4.0176
272.002 -10.0438 4.02698 0.00784346 271.68 -9.9395 4.0176
272.021 -9.89942 4.01643 0.668931 271.68 -9.9395 4.0176
271.972 -9.7008 4.00944 0.129407 271.68 -9.9395 4.0176
272.074 -10.0789 4.02186 0.0367247 271.68 -9.9395 4.0176
271.863 -9.91914 4.02309 0.0564764 271.68 -9.9395 4.0176
272.021 -9.89942 4.01643 0.668931 271.68 -9.9395 4.0176
272.074 -10.0789 4.02186 0.0367247 271.68 -9.9395 4.0176
271.994 -9.97533 4.02279 0.163358 271.68 -9.9395 4.0176
271.664 -9.87646 4.02007 0.0070911 271.68 -9.9395 4.0176
271.806 -9.86215 4.01381 1.0488 271.68 -9.9395 4.0176
272.114 -10.0378 4.01972 0.072151 271.68 -9.9395 4.0176
272.157 -9.6095 4.02499 0.179256 271.68 -9.9395 4.0176
271.877 -9.94845 4.01604 0.516677 271.68 -9.9395 4.0176
272.021 -9.89942 4.01643 0.668931 271.68 -9.9395 4.0176
271.942 -9.90538 4.01501 0.804541 271.68 -9.9395 4.0176
272.157 -9.6095 4.02499 0.179256 271.68 -9.9395 4.0176
271.915 -9.84786 4.01236 0.880498 271.68 -9.9395 4.0176
272.083 -9.65257 4.02396 0.358882 271.68 -9.9395 4.0176
272.157 -9.6095 4.02499 0.179256 271.68 -9.9395 4.0176
272.043 -9.86188 4.01463 0.4512 271.68 -9.9395 4.0176
271.877 -9.94845 4.01604 0.516677 271.68 -9.9395 4.0176
271.664 -9.69307 4.0037 0.228666 271.68 -9.9395 4.0176
271.806 -9.86215 4.01381 1.0488 271.68 -9.9395 4.0176
271.942 -9.90538 4.01501 0.804541 271.68 -9.9395 4.0176
271.942 -9.90538 4.01501 0.804541 271.68 -9.9395 4.0176
271.728 -9.95982 4.01027 0.309671 271.68 -9.9395 4.0176
271.915 -9.84786 4.01236 0.880498 271.68 -9.9395 4.0176
271.664 -9.69307 4.0037 0.228666 271.68 -9.9395 4.0176
271.915 -9.84786 4.01236 0.880498 271.68 -9.9395 4.0176
272.021 -9.89942 4.01643 0.668931 271.68 -9.9395 4.0176
272.157 -9.98354 4.01973 0.121636 271.68 -9.9395 4.0176
271.877 -9.94845 4.01604 0.516677 271.68 -9.9395 4.0176
272.136 -9.97734 4.02837 0.0500233 271.68 -9.9395 4.0176
271.943 -9.83763 4.02427 0.185232 271.68 -9.9395 4.0176
272.021 -9.89942 4.01643 0.668931 271.68 -9.9395 4.0176
271.877 -9.94845 4.01604 0.516677 271.68 -9.9395 4.0176
271.915 -9.84786 4.01236 0.880498 271.68 -9.9395 4.0176
272.003 -9.93871 4.01147 0.109888 271.68 -9.9395 4.0176
271.664 -9.69307 4.0037 0.228666 271.68 -9.9395 4.0176
271.806 -9.86215 4.01381 1.0488 271.68 -9.9395 4.0176
271.942 -9.90538 4.01501 0.804541 271.68 -9.9395 4.0176
272.021 -9.89942 4.01643 0.668931 271.68 -9.9395 4.0176
272.025 -9.89405 4.02688 0.0941205 271.68 -9.9395 4.0176
272.003 -9.93871 4.01147 0.109888 271.68 -9.9395 4.0176
271.877 -9.94845 4.01604 0.516677 271.68 -9.9395 4.0176
271.806 -9.86215 4.01381 1.0488 271.68 -9.9395 4.0176
271.789 -9.8708 4.01876 0.237856 271.68 -9.9395 4.0176
272.021 -9.89942 4.01643 0.668931 271.68 -9.9395 4.0176
271.877 -9.94845 4.01604 0.516677 271.68 -9.9395 4.0176
272.083 -9.65257 4.02396 0.358882 271.68 -9.9395 4.0176
272.043 -9.86188 4.01463 0.4512 271.68 -9.9395 4.0176
271.915 -9.84786 4.01236 0.880498 271.68 -9.9395 4.0176
271.877 -9.94845 4.01604 0.516677 271.68 -9.9395 4.0176
272.114 -10.0378 4.01972 0.072151 271.68 -9.9395 4.0176
271.552 -10.0832 4.01075 0.0041751 271.68 -9.9395 4.0176
271.915 -9.84786 4.01236 0.880498 271.68 -9.9395 4.0176
271.915 -9.84786 4.01236 0.880498 271.68 -9.9395 4.0176
271.806 -9.86215 4.01381 1.0488 271.68 -9.9395 4.0176
272.083 -9.65257 4.02396 0.358882 271.68 -9.9395 4.0176
272.043 -9.86188 4.01463 0.4512 271.68 -9.9395 4.0176
271.915 -9.84786 4.01236 0.880498 271.68 -9.9395 4.0176
271.942 -9.90538 4.01501 0.804541 271.68 -9.9395 4.0176
271.863 -9.91914 4.02309 0.0564764 271.68 -9.9395 4.0176
272.025 -9.89405 4.02688 0.0941205 271.68 -9.9395 4.0176
272.083 -9.65257 4.02396 0.358882 271.68 -9.9395 4.0176
271.806 -9.86215 4.01381 1.0488 271.68 -9.9395 4.0176
271.728 -9.95982 4.01027 0.309671 271.68 -9.9395 4.0176
271.752 -10.0006 4.01459 0.129619 271.68 -9.9395 4.0176
272.021 -9.89942 4.01643 0.668931 271.68 -9.9395 4.0176
271.728 -9.95982 4.01027 0.309671 271.68 -9.9395 4.0176
271.729 -9.88892 4.0179 0.113624 271.68 -9.9395 4.0176
271.942 -9.90538 4.01501 0.804541 271.68 -9.9395 4.0176
272.021 -9.89942 4.01643 0.668931 271.68 -9.9395 4.0176
271.877 -9.94845 4.01604 0.516677 271.68 -9.9395 4.0176
271.818 -10.0234 4.01209 0.144896 271.68 -9.9395 4.0176
271.806 -9.86215 4.01381 1.0488 271.68 -9.9395 4.0176
272.021 -9.89942 4.01643 0.668931 271.68 -9.9395 4.0176
272.025 -9.89405 4.02688 0.0941205 271.68 -9.9395 4.0176
272.083 -9.65257 4.02396 0.358882 271.68 -9.9395 4.0176
271.804 -10.1071 4.01988 0.00430214 271.68 -9.9395 4.0176
271.877 -9.94845 4.01604 0.516677 271.68 -9.9395 4.0176
272.025 -9.89405 4.02688 0.0941205 271.68 -9.9395 4.0176
272.043 -9.86188 4.01463 0.4512 271.68 -9.9395 4.0176
272.074 -10.0789 4.02186 0.0367247 271.68 -9.9395 4.0176
271.915 -9.84786 4.01236 0.880498 271.68 -9.9395 4.0176
271.877 -9.94845 4.01604 0.516677 271.68 -9.9395 4.0176
272.043 -9.86188 4.01463 0.4512 271.68 -9.9395 4.0176
271.994 -9.97533 4.02279 0.163358 271.68 -9.9395 4.0176
271.728 -9.95982 4.01027 0.309671 271.68 -9.9395 4.0176
271.806 -9.86215 4.01381 1.0488 271.68 -9.9395 4.0176
272.083 -9.65257 4.02396 0.358882 271.68 -9.9395 4.0176
272.043 -9.86188 4.01463 0.4512 271.68 -9.9395 4.0176
271.863 -9.91914 4.02309 0.0564764 271.68 -9.9395 4.0176
271.915 -9.84786 4.01236 0.880498 271.68 -9.9395 4.0176
271.915 -9.84786 4.01236 0.880498 271.68 -9.9395 4.0176
271.943 -9.83763 4.02427 0.185232 271.68 -9.9395 4.0176
271.942 -9.90538 4.01501 0.804541 271.68 -9.9395 4.0176
272.043 -9.86188 4.01463 0.4512 271.68 -9.9395 4.0176
271.728 -9.95982 4.01027 0.309671 271.68 -9.9395 4.0176
271.994 -9.97533 4.02279 0.163358 271.68 -9.9395 4.0176
272.157 -9.98354 4.01973 0.121636 271.68 -9.9395 4.0176
271.664 -9.69307 4.0037 0.228666 271.68 -9.9395 4.0176
271.915 -9.84786 4.01236 0.880498 271.68 -9.9395 4.0176
272.157 -9.98354 4.01973 0.121636 271.68 -9.9395 4.0176
271.915 -9.84786 4.01236 0.880498 271.68 -9.9395 4.0176
271.806 -9.86215 4.01381 1.0488 271.68 -9.9395 4.0176
271.942 -9.90538 4.01501 0.804541 271.68 -9.9395 4.0176
272.021 -9.89942 4.01643 0.668931 271.68 -9.9395 4.0176
271.877 -9.94845 4.01604 0.516677 271.68 -9.9395 4.0176
272.025 -9.89405 4.02688 0.0941205 271.68 -9.9395 4.0176
271.818 -10.0234 4.01209 0.144896 271.68 -9.9395 4.0176
271.915 -9.84786 4.01236 0.880498 271.68 -9.9395 4.0176
272.021 -9.89942 4.01643 0.668931 271.68 -9.9395 4.0176
271.877 -9.94845 4.01604 0.516677 271.68 -9.9395 4.0176
272.136 -9.97734 4.02837 0.0500233 271.68 -9.9395 4.0176
271.942 -9.90538 4.01501 0.804541 271.68 -9.9395 4.0176
271.806 -9.86215 4.01381 1.0488 271.68 -9.9395 4.0176
272.021 -9.89942 4.01643 0.668931 271.68 -9.9395 4.0176
272.021 -9.89942 4.01643 0.668931 271.68 -9.9395 4.0176
271.942 -9.90538 4.01501 0.804541 271.68 -9.9395 4.0176
271.877 -9.94845 4.01604 0.516677 271.68 -9.9395 4.0176
272.043 -9.86188 4.01463 0.4512 271.68 -9.9395 4.0176
271.915 -9.84786 4.01236 0.880498 271.68 -9.9395 4.0176
271.806 -9.86215 4.01381 1.0488 271.68 -9.9395 4.0176
272.021 -9.89942 4.01643 0.668931 271.68 -9.9395 4.0176
271.806 -9.86215 4.01381 1.0488 271.68 -9.9395 4.0176
271.942 -9.90538 4.01501 0.804541 271.68 -9.9395 4.0176
271.942 -9.90538 4.01501 0.804541 271.68 -9.9395 4.0176
272.002 -10.0438 4.02698 0.00784346 271.68 -9.9395 4.0176
