271.53 -13.0226 3.94037 0.150478 271.28 -13.262 3.9304
271.422 -12.9985 3.93685 0.114254 271.28 -13.262 3.9304
271.53 -13.0226 3.94037 0.150478 271.28 -13.262 3.9304
271.422 -12.9985 3.93685 0.114254 271.28 -13.262 3.9304
271.674 -12.8781 3.93884 0.161223 271.28 -13.262 3.9304
271.466 -13.0626 3.93411 0.168578 271.28 -13.262 3.9304
271.163 -13.073 3.92841 0.0150286 271.28 -13.262 3.9304
271.422 -12.9985 3.93685 0.114254 271.28 -13.262 3.9304
271.674 -12.8781 3.93884 0.161223 271.28 -13.262 3.9304
271.402 -12.8653 3.93507 0.0637012 271.28 -13.262 3.9304
271.466 -12.9919 3.93547 0.201869 271.28 -13.262 3.9304
271.422 -12.9985 3.93685 0.114254 271.28 -13.262 3.9304
271.476 -13.1715 3.93771 0.0560091 271.28 -13.262 3.9304
271.674 -12.8781 3.93884 0.161223 271.28 -13.262 3.9304
271.422 -12.9985 3.93685 0.114254 271.28 -13.262 3.9304
271.809 -12.97 3.93489 0.00829676 271.28 -13.262 3.9304
271.408 -12.906 3.93153 0.0923853 271.28 -13.262 3.9304
271.53 -13.0226 3.94037 0.150478 271.28 -13.262 3.9304
271.321 -13.0114 3.92824 0.058667 271.28 -13.262 3.9304
271.466 -12.9919 3.93547 0.201869 271.28 -13.262 3.9304
271.466 -13.0626 3.93411 0.168578 271.28 -13.262 3.9304
271.466 -12.9919 3.93547 0.201869 271.28 -13.262 3.9304
271.408 -12.906 3.93153 0.0923853 271.28 -13.262 3.9304
271.466 -12.9919 3.93547 0.201869 271.28 -13.262 3.9304
271.674 -12.8781 3.93884 0.161223 271.28 -13.262 3.9304
271.402 -12.8653 3.93507 0.0637012 271.28 -13.262 3.9304
271.422 -12.9985 3.93685 0.114254 271.28 -13.262 3.9304
271.53 -13.0226 3.94037 0.150478 271.28 -13.262 3.9304
271.53 -13.0226 3.94037 0.150478 271.28 -13.262 3.9304
271.352 -13.0484 3.93396 0.0843626 271.28 -13.262 3.9304
271.466 -12.9919 3.93547 0.201869 271.28 -13.262 3.9304
271.53 -13.0226 3.94037 0.150478 271.28 -13.262 3.9304
271.53 -13.0226 3.94037 0.150478 271.28 -13.262 3.9304
271.422 -12.9985 3.93685 0.114254 271.28 -13.262 3.9304
271.402 -12.8653 3.93507 0.0637012 271.28 -13.262 3.9304
271.422 -12.9985 3.93685 0.114254 271.28 -13.262 3.9304
271.408 -12.906 3.93153 0.0923853 271.28 -13.262 3.9304
271.408 -12.906 3.93153 0.0923853 271.28 -13.262 3.9304
271.53 -13.0226 3.94037 0.150478 271.28 -13.262 3.9304
271.255 -13.0155 3.93137 0.0429 271.28 -13.262 3.9304
271.408 -12.906 3.93153 0.0923853 271.28 -13.262 3.9304
271.466 -12.9919 3.93547 0.201869 271.28 -13.262 3.9304
271.53 -13.0226 3.94037 0.150478 271.28 -13.262 3.9304
271.321 -13.0114 3.92824 0.058667 271.28 -13.262 3.9304
271.355 -13.1207 3.93302 0.0596526 271.28 -13.262 3.9304
271.422 -12.9985 3.93685 0.114254 271.28 -13.262 3.9304
271.466 -12.9919 3.93547 0.201869 271.28 -13.262 3.9304
271.674 -12.8781 3.93884 0.161223 271.28 -13.262 3.9304
271.295 -13.0214 3.93663 0.01521 271.28 -13.262 3.9304
271.53 -13.0226 3.94037 0.150478 271.28 -13.262 3.9304
271.325 -13.0001 3.92743 0.0469906 271.28 -13.262 3.9304
271.163 -13.073 3.92841 0.0150286 271.28 -13.262 3.9304
271.402 -12.8653 3.93507 0.0637012 271.28 -13.262 3.9304
271.53 -13.0226 3.94037 0.150478 271.28 -13.262 3.9304
271.466 -12.9919 3.93547 0.201869 271.28 -13.262 3.9304
271.408 -12.906 3.93153 0.0923853 271.28 -13.262 3.9304
271.53 -13.0226 3.94037 0.150478 271.28 -13.262 3.9304
271.163 -13.073 3.92841 0.0150286 271.28 -13.262 3.9304
271.218 -12.9338 3.92602 0.024044 271.28 -13.262 3.9304
271.674 -12.8781 3.93884 0.161223 271.28 -13.262 3.9304
271.466 -12.9919 3.93547 0.201869 271.28 -13.262 3.9304
271.466 -13.0626 3.93411 0.168578 271.28 -13.262 3.9304
271.466 -12.9919 3.93547 0.201869 271.28 -13.262 3.9304
271.408 -12.906 3.93153 0.0923853 271.28 -13.262 3.9304
271.466 -12.9919 3.93547 0.201869 271.28 -13.262 3.9304
271.53 -13.0226 3.94037 0.150478 271.28 -13.262 3.9304
271.402 -12.8653 3.93507 0.0637012 271.28 -13.262 3.9304
271.253 -12.9504 3.93052 0.04296 271.28 -13.262 3.9304
271.352 -13.0484 3.93396 0.0843626 271.28 -13.262 3.9304
271.674 -12.8781 3.93884 0.161223 271.28 -13.262 3.9304
271.466 -12.9919 3.93547 0.201869 271.28 -13.262 3.9304
271.476 -13.1715 3.93771 0.0560091 271.28 -13.262 3.9304
271.352 -13.0484 3.93396 0.0843626 271.28 -13.262 3.9304
271.352 -13.0484 3.93396 0.0843626 271.28 -13.262 3.9304
271.466 -12.9919 3.93547 0.201869 271.28 -13.262 3.9304
271.352 -13.0484 3.93396 0.0843626 271.28 -13.262 3.9304
271.352 -13.0484 3.93396 0.0843626 271.28 -13.262 3.9304
271.352 -13.0484 3.93396 0.0843626 271.28 -13.262 3.9304
271.476 -13.1715 3.93771 0.0560091 271.28 -13.262 3.9304
271.674 -12.8781 3.93884 0.161223 271.28 -13.262 3.9304
271.422 -12.9985 3.93685 0.114254 271.28 -13.262 3.9304
271.321 -13.0114 3.92824 0.058667 271.28 -13.262 3.9304
271.325 -13.0001 3.92743 0.0469906 271.28 -13.262 3.9304
271.352 -13.0484 3.93396 0.0843626 271.28 -13.262 3.9304
271.463 -13.2169 3.92845 0.00514663 271.28 -13.262 3.9304
271.674 -12.8781 3.93884 0.161223 271.28 -13.262 3.9304
271.476 -13.1715 3.93771 0.0560091 271.28 -13.262 3.9304
271.809 -12.97 3.93489 0.00829676 271.28 -13.262 3.9304
271.408 -12.906 3.93153 0.0923853 271.28 -13.262 3.9304
271.422 -12.9985 3.93685 0.114254 271.28 -13.262 3.9304
271.402 -12.8653 3.93507 0.0637012 271.28 -13.262 3.9304
271.098 -13.1499 3.92708 0.00338729 271.28 -13.262 3.9304
271.674 -12.8781 3.93884 0.161223 271.28 -13.262 3.9304
271.466 -13.0626 3.93411 0.168578 271.28 -13.262 3.9304
271.466 -12.9919 3.93547 0.201869 271.28 -13.262 3.9304
271.674 -12.8781 3.93884 0.161223 271.28 -13.262 3.9304
271.253 -12.9504 3.93052 0.04296 271.28 -13.262 3.9304
271.53 -13.0226 3.94037 0.150478 271.28 -13.262 3.9304
271.255 -13.0155 3.93137 0.0429 271.28 -13.262 3.9304
271.266 -12.9972 3.92642 0.0345672 271.28 -13.262 3.9304
271.53 -13.0226 3.94037 0.150478 271.28 -13.262 3.9304
271.6 -13.1034 3.93345 0.0682163 271.28 -13.262 3.9304
271.321 -13.0114 3.92824 0.058667 271.28 -13.262 3.9304
271.355 -13.1207 3.93302 0.0596526 271.28 -13.262 3.9304
271.408 -12.906 3.93153 0.0923853 271.28 -13.262 3.9304
271.674 -12.8781 3.93884 0.161223 271.28 -13.262 3.9304
271.355 -13.1207 3.93302 0.0596526 271.28 -13.262 3.9304
271.097 -13.2323 3.92664 0.000980349 271.28 -13.262 3.9304
271.321 -13.0114 3.92824 0.058667 271.28 -13.262 3.9304
271.355 -13.1207 3.93302 0.0596526 271.28 -13.262 3.9304
271.466 -13.0626 3.93411 0.168578 271.28 -13.262 3.9304
271.497 -13.2722 3.93218 0.00719825 271.28 -13.262 3.9304
271.466 -13.0626 3.93411 0.168578 271.28 -13.262 3.9304
271.504 -13.1098 3.93208 0.0764692 271.28 -13.262 3.9304
271.234 -13.0372 3.92837 0.0382564 271.28 -13.262 3.9304
271.466 -13.0626 3.93411 0.168578 271.28 -13.262 3.9304
271.253 -12.9504 3.93052 0.04296 271.28 -13.262 3.9304
271.674 -12.8781 3.93884 0.161223 271.28 -13.262 3.9304
271.352 -13.0484 3.93396 0.0843626 271.28 -13.262 3.9304
271.674 -12.8781 3.93884 0.161223 271.28 -13.262 3.9304
271.355 -13.1207 3.93302 0.0596526 271.28 -13.262 3.9304
271.504 -13.1098 3.93208 0.0764692 271.28 -13.262 3.9304
271.529 -12.9618 3.92777 0.00924283 271.28 -13.262 3.9304
271.674 -12.8781 3.93884 0.161223 271.28 -13.262 3.9304
271.466 -13.0626 3.93411 0.168578 271.28 -13.262 3.9304
271.466 -13.0626 3.93411 0.168578 271.28 -13.262 3.9304
271.295 -13.0214 3.93663 0.01521 271.28 -13.262 3.9304
271.466 -12.9919 3.93547 0.201869 271.28 -13.262 3.9304
271.234 -13.0372 3.92837 0.0382564 271.28 -13.262 3.9304
271.355 -13.1207 3.93302 0.0596526 271.28 -13.262 3.9304
271.325 -13.0001 3.92743 0.0469906 271.28 -13.262 3.9304
271.6 -13.1034 3.93345 0.0682163 271.28 -13.262 3.9304
271.325 -13.0001 3.92743 0.0469906 271.28 -13.262 3.9304
271.422 -12.9985 3.93685 0.114254 271.28 -13.262 3.9304
271.142 -12.9486 3.93199 0.0042656 271.28 -13.262 3.9304
271.466 -13.0626 3.93411 0.168578 271.28 -13.262 3.9304
271.674 -12.8781 3.93884 0.161223 271.28 -13.262 3.9304
271.466 -12.9919 3.93547 0.201869 271.28 -13.262 3.9304
271.313 -13.1995 3.92858 0.0125006 271.28 -13.262 3.9304
271.504 -13.1098 3.93208 0.0764692 271.28 -13.262 3.9304
271.466 -13.0626 3.93411 0.168578 271.28 -13.262 3.9304
271.253 -12.9504 3.93052 0.04296 271.28 -13.262 3.9304
271.504 -13.1098 3.93208 0.0764692 271.28 -13.262 3.9304
271.253 -12.9504 3.93052 0.04296 271.28 -13.262 3.9304
271.466 -12.9919 3.93547 0.201869 271.28 -13.262 3.9304
271.355 -13.1207 3.93302 0.0596526 271.28 -13.262 3.9304
271.466 -12.9919 3.93547 0.201869 271.28 -13.262 3.9304
271.352 -13.0484 3.93396 0.0843626 271.28 -13.262 3.9304
271.352 -13.0484 3.93396 0.0843626 271.28 -13.262 3.9304
271.234 -13.0372 3.92837 0.0382564 271.28 -13.262 3.9304
271.328 -12.92 3.92506 0.013966 271.28 -13.262 3.9304
271.408 -12.906 3.93153 0.0923853 271.28 -13.262 3.9304
271.6 -13.1034 3.93345 0.0682163 271.28 -13.262 3.9304
271.476 -13.1715 3.93771 0.0560091 271.28 -13.262 3.9304
271.674 -12.8781 3.93884 0.161223 271.28 -13.262 3.9304
271.422 -12.9985 3.93685 0.114254 271.28 -13.262 3.9304
271.352 -13.0484 3.93396 0.0843626 271.28 -13.262 3.9304
271.328 -12.92 3.92506 0.013966 271.28 -13.262 3.9304
271.466 -13.0626 3.93411 0.168578 271.28 -13.262 3.9304
271.352 -13.0484 3.93396 0.0843626 271.28 -13.262 3.9304
271.422 -12.9985 3.93685 0.114254 271.28 -13.262 3.9304
271.53 -13.0226 3.94037 0.150478 271.28 -13.262 3.9304
271.03 -13.1781 3.91955 0.000513914 271.28 -13.262 3.9304
271.422 -12.9985 3.93685 0.114254 271.28 -13.262 3.9304
271.674 -12.8781 3.93884 0.161223 271.28 -13.262 3.9304
271.466 -12.9919 3.93547 0.201869 271.28 -13.262 3.9304
271.53 -13.0226 3.94037 0.150478 271.28 -13.262 3.9304
271.53 -13.0226 3.94037 0.150478 271.28 -13.262 3.9304
271.163 -13.073 3.92841 0.0150286 271.28 -13.262 3.9304
271.422 -12.9985 3.93685 0.114254 271.28 -13.262 3.9304
271.466 -12.9919 3.93547 0.201869 271.28 -13.262 3.9304
272.052 -13.2672 3.94903 0.00576686 271.28 -13.262 3.9304
271.466 -13.0626 3.93411 0.168578 271.28 -13.262 3.9304
271.53 -13.0226 3.94037 0.150478 271.28 -13.262 3.9304
271.674 -12.8781 3.93884 0.161223 271.28 -13.262 3.9304
271.402 -12.8653 3.93507 0.0637012 271.28 -13.262 3.9304
271.408 -12.906 3.93153 0.0923853 271.28 -13.262 3.9304
271.476 -13.1715 3.93771 0.0560091 271.28 -13.262 3.9304
271.253 -12.9504 3.93052 0.04296 271.28 -13.262 3.9304
271.53 -13.0226 3.94037 0.150478 271.28 -13.262 3.9304
271.466 -13.0626 3.93411 0.168578 271.28 -13.262 3.9304
271.408 -12.906 3.93153 0.0923853 271.28 -13.262 3.9304
271.53 -13.0226 3.94037 0.150478 271.28 -13.262 3.9304
271.255 -13.0155 3.93137 0.0429 271.28 -13.262 3.9304
271.328 -12.92 3.92506 0.013966 271.28 -13.262 3.9304
271.466 -12.9919 3.93547 0.201869 271.28 -13.262 3.9304
271.422 -12.9985 3.93685 0.114254 271.28 -13.262 3.9304
271.402 -12.8653 3.93507 0.0637012 271.28 -13.262 3.9304
271.463 -13.2169 3.92845 0.00514663 271.28 -13.262 3.9304
271.504 -13.1098 3.93208 0.0764692 271.28 -13.262 3.9304
271.504 -13.1098 3.93208 0.0764692 271.28 -13.262 3.9304
271.466 -12.9919 3.93547 0.201869 271.28 -13.262 3.9304
271.466 -12.9919 3.93547 0.201869 271.28 -13.262 3.9304
271.234 -13.0372 3.92837 0.0382564 271.28 -13.262 3.9304
271.504 -13.1098 3.93208 0.0764692 271.28 -13.262 3.9304
271.466 -12.9919 3.93547 0.201869 271.28 -13.262 3.9304
271.325 -13.0001 3.92743 0.0469906 271.28 -13.262 3.9304
271.253 -12.9504 3.93052 0.04296 271.28 -13.262 3.9304
271.466 -13.0626 3.93411 0.168578 271.28 -13.262 3.9304
271.529 -12.9618 3.92777 0.00924283 271.28 -13.262 3.9304
