-33.4388 -24.3572 1.16309 0.245702 -33.384 -24.218 1.1572
-33.3362 -24.3206 1.15676 0.373173 -33.384 -24.218 1.1572
-33.4388 -24.3572 1.16309 0.245702 -33.384 -24.218 1.1572
-33.4452 -24.5424 1.16313 0.0784234 -33.384 -24.218 1.1572
-33.565 -24.2084 1.15176 0.0186597 -33.384 -24.218 1.1572
-33.1473 -24.3025 1.15876 0.0446445 -33.384 -24.218 1.1572
-33.4067 -24.4138 1.15399 0.079688 -33.384 -24.218 1.1572
-33.2387 -24.2885 1.15875 0.180652 -33.384 -24.218 1.1572
-33.3362 -24.3206 1.15676 0.373173 -33.384 -24.218 1.1572
-33.1294 -24.4336 1.15943 0.0173885 -33.384 -24.218 1.1572
-33.4388 -24.3572 1.16309 0.245702 -33.384 -24.218 1.1572
-33.4703 -24.1772 1.16194 0.0831044 -33.384 -24.218 1.1572
-33.266 -24.3645 1.16245 0.123596 -33.384 -24.218 1.1572
-33.2693 -24.5303 1.15788 0.0345358 -33.384 -24.218 1.1572
-33.3362 -24.3206 1.15676 0.373173 -33.384 -24.218 1.1572
-33.5379 -24.2641 1.16175 0.133929 -33.384 -24.218 1.1572
-33.3362 -24.3206 1.15676 0.373173 -33.384 -24.218 1.1572
-33.4388 -24.3572 1.16309 0.245702 -33.384 -24.218 1.1572
-33.2508 -24.2551 1.15387 0.150929 -33.384 -24.218 1.1572
-33.5379 -24.2641 1.16175 0.133929 -33.384 -24.218 1.1572
-33.4388 -24.3572 1.16309 0.245702 -33.384 -24.218 1.1572
-33.2764 -24.1826 1.15756 0.172119 -33.384 -24.218 1.1572
-33.2642 -24.0454 1.15218 0.0304568 -33.384 -24.218 1.1572
-33.4949 -24.2856 1.15749 0.276074 -33.384 -24.218 1.1572
-33.5379 -24.2641 1.16175 0.133929 -33.384 -24.218 1.1572
-33.4795 -24.192 1.16065 0.141075 -33.384 -24.218 1.1572
-33.4947 -24.0547 1.16202 0.00711855 -33.384 -24.218 1.1572
-33.266 -24.3645 1.16245 0.123596 -33.384 -24.218 1.1572
-33.5379 -24.2641 1.16175 0.133929 -33.384 -24.218 1.1572
-33.4703 -24.1772 1.16194 0.0831044 -33.384 -24.218 1.1572
-33.4703 -24.1772 1.16194 0.0831044 -33.384 -24.218 1.1572
-33.3362 -24.3206 1.15676 0.373173 -33.384 -24.218 1.1572
-33.4067 -24.4138 1.15399 0.079688 -33.384 -24.218 1.1572
-33.3362 -24.3206 1.15676 0.373173 -33.384 -24.218 1.1572
-33.3898 -24.3355 1.15113 0.0451517 -33.384 -24.218 1.1572
-33.4949 -24.2856 1.15749 0.276074 -33.384 -24.218 1.1572
-33.5529 -24.1905 1.15275 0.03421 -33.384 -24.218 1.1572
-33.4949 -24.2856 1.15749 0.276074 -33.384 -24.218 1.1572
-33.4388 -24.3572 1.16309 0.245702 -33.384 -24.218 1.1572
-33.3757 -24.6577 1.1596 0.00580877 -33.384 -24.218 1.1572
-33.5395 -24.2045 1.15671 0.119326 -33.384 -24.218 1.1572
-33.5379 -24.2641 1.16175 0.133929 -33.384 -24.218 1.1572
-33.4977 -24.0833 1.15577 0.0500787 -33.384 -24.218 1.1572
-33.4067 -24.4138 1.15399 0.079688 -33.384 -24.218 1.1572
-33.3714 -24.3753 1.15374 0.119617 -33.384 -24.218 1.1572
-33.4703 -24.1772 1.16194 0.0831044 -33.384 -24.218 1.1572
-33.2387 -24.2885 1.15875 0.180652 -33.384 -24.218 1.1572
-33.2387 -24.2885 1.15875 0.180652 -33.384 -24.218 1.1572
-33.4949 -24.2856 1.15749 0.276074 -33.384 -24.218 1.1572
-33.4949 -24.2856 1.15749 0.276074 -33.384 -24.218 1.1572
-33.2387 -24.2885 1.15875 0.180652 -33.384 -24.218 1.1572
-33.1473 -24.3025 1.15876 0.0446445 -33.384 -24.218 1.1572
-33.1473 -24.3025 1.15876 0.0446445 -33.384 -24.218 1.1572
-33.2387 -24.2885 1.15875 0.180652 -33.384 -24.218 1.1572
-33.2764 -24.1826 1.15756 0.172119 -33.384 -24.218 1.1572
-33.3362 -24.3206 1.15676 0.373173 -33.384 -24.218 1.1572
-33.266 -24.3645 1.16245 0.123596 -33.384 -24.218 1.1572
-33.4388 -24.3572 1.16309 0.245702 -33.384 -24.218 1.1572
-33.2387 -24.2885 1.15875 0.180652 -33.384 -24.218 1.1572
-33.2675 -24.4194 1.15769 0.149117 -33.384 -24.218 1.1572
-33.4949 -24.2856 1.15749 0.276074 -33.384 -24.218 1.1572
-33.5379 -24.2641 1.16175 0.133929 -33.384 -24.218 1.1572
-33.6314 -24.2534 1.15451 0.0180086 -33.384 -24.218 1.1572
-33.3362 -24.3206 1.15676 0.373173 -33.384 -24.218 1.1572
-33.3714 -24.3753 1.15374 0.119617 -33.384 -24.218 1.1572
-33.4977 -24.0833 1.15577 0.0500787 -33.384 -24.218 1.1572
-33.1294 -24.4336 1.15943 0.0173885 -33.384 -24.218 1.1572
-33.4853 -24.1869 1.15227 0.0672562 -33.384 -24.218 1.1572
-33.4608 -24.6738 1.16409 0.00696462 -33.384 -24.218 1.1572
-33.1473 -24.3025 1.15876 0.0446445 -33.384 -24.218 1.1572
-33.4388 -24.3572 1.16309 0.245702 -33.384 -24.218 1.1572
-33.4853 -24.1869 1.15227 0.0672562 -33.384 -24.218 1.1572
-33.4402 -24.0975 1.16345 0.0108931 -33.384 -24.218 1.1572
-33.5722 -24.1761 1.15604 0.0572037 -33.384 -24.218 1.1572
-33.5379 -24.2641 1.16175 0.133929 -33.384 -24.218 1.1572
-33.4388 -24.3572 1.16309 0.245702 -33.384 -24.218 1.1572
-33.2387 -24.2885 1.15875 0.180652 -33.384 -24.218 1.1572
-33.1294 -24.4336 1.15943 0.0173885 -33.384 -24.218 1.1572
-33.4453 -24.3273 1.16654 0.0504417 -33.384 -24.218 1.1572
-33.565 -24.2084 1.15176 0.0186597 -33.384 -24.218 1.1572
-33.2642 -24.0454 1.15218 0.0304568 -33.384 -24.218 1.1572
-33.5379 -24.2641 1.16175 0.133929 -33.384 -24.218 1.1572
-33.4949 -24.2856 1.15749 0.276074 -33.384 -24.218 1.1572
-33.2387 -24.2885 1.15875 0.180652 -33.384 -24.218 1.1572
-33.4388 -24.3572 1.16309 0.245702 -33.384 -24.218 1.1572
-33.2642 -24.0454 1.15218 0.0304568 -33.384 -24.218 1.1572
-33.3362 -24.3206 1.15676 0.373173 -33.384 -24.218 1.1572
-33.2387 -24.2885 1.15875 0.180652 -33.384 -24.218 1.1572
-33.3168 -24.3347 1.16666 0.0271303 -33.384 -24.218 1.1572
-33.3362 -24.3206 1.15676 0.373173 -33.384 -24.218 1.1572
-33.4795 -24.192 1.16065 0.141075 -33.384 -24.218 1.1572
-33.2508 -24.2551 1.15387 0.150929 -33.384 -24.218 1.1572
-33.1922 -24.195 1.15127 0.0389535 -33.384 -24.218 1.1572
-33.5379 -24.2641 1.16175 0.133929 -33.384 -24.218 1.1572
-33.2426 -24.1674 1.15432 0.116113 -33.384 -24.218 1.1572
-33.3468 -24.1681 1.16187 0.0728113 -33.384 -24.218 1.1572
-33.2675 -24.4194 1.15769 0.149117 -33.384 -24.218 1.1572
-33.266 -24.3645 1.16245 0.123596 -33.384 -24.218 1.1572
-33.6314 -24.2534 1.15451 0.0180086 -33.384 -24.218 1.1572
-33.2369 -24.1181 1.15671 0.0645019 -33.384 -24.218 1.1572
-33.3714 -24.3753 1.15374 0.119617 -33.384 -24.218 1.1572
-33.5379 -24.2641 1.16175 0.133929 -33.384 -24.218 1.1572
-33.2426 -24.1674 1.15432 0.116113 -33.384 -24.218 1.1572
-33.4949 -24.2856 1.15749 0.276074 -33.384 -24.218 1.1572
-33.4949 -24.2856 1.15749 0.276074 -33.384 -24.218 1.1572
-33.6314 -24.2534 1.15451 0.0180086 -33.384 -24.218 1.1572
-33.2135 -24.2335 1.1503 0.0323838 -33.384 -24.218 1.1572
-33.3362 -24.3206 1.15676 0.373173 -33.384 -24.218 1.1572
-33.4949 -24.2856 1.15749 0.276074 -33.384 -24.218 1.1572
-33.4853 -24.1869 1.15227 0.0672562 -33.384 -24.218 1.1572
-33.3362 -24.3206 1.15676 0.373173 -33.384 -24.218 1.1572
-33.2426 -24.1674 1.15432 0.116113 -33.384 -24.218 1.1572
-33.2764 -24.1826 1.15756 0.172119 -33.384 -24.218 1.1572
-33.3362 -24.3206 1.15676 0.373173 -33.384 -24.218 1.1572
-33.4388 -24.3572 1.16309 0.245702 -33.384 -24.218 1.1572
-33.4977 -24.0833 1.15577 0.0500787 -33.384 -24.218 1.1572
-33.2387 -24.2885 1.15875 0.180652 -33.384 -24.218 1.1572
-33.2675 -24.4194 1.15769 0.149117 -33.384 -24.218 1.1572
-33.266 -24.3645 1.16245 0.123596 -33.384 -24.218 1.1572
-33.4795 -24.192 1.16065 0.141075 -33.384 -24.218 1.1572
-33.4388 -24.3572 1.16309 0.245702 -33.384 -24.218 1.1572
-33.2508 -24.2551 1.15387 0.150929 -33.384 -24.218 1.1572
-33.3362 -24.3206 1.15676 0.373173 -33.384 -24.218 1.1572
-33.3168 -24.3347 1.16666 0.0271303 -33.384 -24.218 1.1572
-33.2865 -24.4091 1.15424 0.081 -33.384 -24.218 1.1572
-33.2675 -24.4194 1.15769 0.149117 -33.384 -24.218 1.1572
-33.2693 -24.5303 1.15788 0.0345358 -33.384 -24.218 1.1572
-33.5379 -24.2641 1.16175 0.133929 -33.384 -24.218 1.1572
-33.4949 -24.2856 1.15749 0.276074 -33.384 -24.218 1.1572
-33.2387 -24.2885 1.15875 0.180652 -33.384 -24.218 1.1572
-33.4949 -24.2856 1.15749 0.276074 -33.384 -24.218 1.1572
-33.3362 -24.3206 1.15676 0.373173 -33.384 -24.218 1.1572
-33.4795 -24.192 1.16065 0.141075 -33.384 -24.218 1.1572
-33.4452 -24.5424 1.16313 0.0784234 -33.384 -24.218 1.1572
-33.5379 -24.2641 1.16175 0.133929 -33.384 -24.218 1.1572
-33.2356 -24.0493 1.14537 0.00173337 -33.384 -24.218 1.1572
-33.4795 -24.192 1.16065 0.141075 -33.384 -24.218 1.1572
-33.2693 -24.5303 1.15788 0.0345358 -33.384 -24.218 1.1572
-33.4375 -24.031 1.15419 0.0323996 -33.384 -24.218 1.1572
-33.4605 -24.3707 1.14851 0.00260374 -33.384 -24.218 1.1572
-33.3362 -24.3206 1.15676 0.373173 -33.384 -24.218 1.1572
-33.6314 -24.2534 1.15451 0.0180086 -33.384 -24.218 1.1572
-33.4795 -24.192 1.16065 0.141075 -33.384 -24.218 1.1572
-33.368 -24.0024 1.15562 0.0220188 -33.384 -24.218 1.1572
-33.2508 -24.2551 1.15387 0.150929 -33.384 -24.218 1.1572
-33.3362 -24.3206 1.15676 0.373173 -33.384 -24.218 1.1572
-33.4388 -24.3572 1.16309 0.245702 -33.384 -24.218 1.1572
-33.4388 -24.3572 1.16309 0.245702 -33.384 -24.218 1.1572
-33.2508 -24.2551 1.15387 0.150929 -33.384 -24.218 1.1572
-33.5379 -24.2641 1.16175 0.133929 -33.384 -24.218 1.1572
-33.4388 -24.3572 1.16309 0.245702 -33.384 -24.218 1.1572
-33.4453 -24.3273 1.16654 0.0504417 -33.384 -24.218 1.1572
-33.3468 -24.1681 1.16187 0.0728113 -33.384 -24.218 1.1572
-33.2508 -24.2551 1.15387 0.150929 -33.384 -24.218 1.1572
-33.2642 -24.0454 1.15218 0.0304568 -33.384 -24.218 1.1572
-33.4949 -24.2856 1.15749 0.276074 -33.384 -24.218 1.1572
-33.4375 -24.031 1.15419 0.0323996 -33.384 -24.218 1.1572
-33.1932 -23.882 1.14846 0.000422528 -33.384 -24.218 1.1572
-33.4452 -24.5424 1.16313 0.0784234 -33.384 -24.218 1.1572
-33.4388 -24.3572 1.16309 0.245702 -33.384 -24.218 1.1572
-33.2508 -24.2551 1.15387 0.150929 -33.384 -24.218 1.1572
-33.4453 -24.3273 1.16654 0.0504417 -33.384 -24.218 1.1572
-33.4795 -24.192 1.16065 0.141075 -33.384 -24.218 1.1572
-33.2369 -24.1181 1.15671 0.0645019 -33.384 -24.218 1.1572
-33.5722 -24.1761 1.15604 0.0572037 -33.384 -24.218 1.1572
-33.4452 -24.5424 1.16313 0.0784234 -33.384 -24.218 1.1572
-33.3362 -24.3206 1.15676 0.373173 -33.384 -24.218 1.1572
-33.3898 -24.3355 1.15113 0.0451517 -33.384 -24.218 1.1572
-33.4949 -24.2856 1.15749 0.276074 -33.384 -24.218 1.1572
-33.4795 -24.192 1.16065 0.141075 -33.384 -24.218 1.1572
-33.4949 -24.2856 1.15749 0.276074 -33.384 -24.218 1.1572
-33.4949 -24.2856 1.15749 0.276074 -33.384 -24.218 1.1572
-33.2387 -24.2885 1.15875 0.180652 -33.384 -24.218 1.1572
-33.2369 -24.1181 1.15671 0.0645019 -33.384 -24.218 1.1572
-33.3362 -24.3206 1.15676 0.373173 -33.384 -24.218 1.1572
-33.2675 -24.4194 1.15769 0.149117 -33.384 -24.218 1.1572
-33.4388 -24.3572 1.16309 0.245702 -33.384 -24.218 1.1572
-33.4452 -24.5424 1.16313 0.0784234 -33.384 -24.218 1.1572
-33.5722 -24.1761 1.15604 0.0572037 -33.384 -24.218 1.1572
-33.4949 -24.2856 1.15749 0.276074 -33.384 -24.218 1.1572
-33.2508 -24.2551 1.15387 0.150929 -33.384 -24.218 1.1572
-33.4452 -24.5424 1.16313 0.0784234 -33.384 -24.218 1.1572
-33.4067 -24.4138 1.15399 0.079688 -33.384 -24.218 1.1572
-33.2387 -24.2885 1.15875 0.180652 -33.384 -24.218 1.1572
-33.3362 -24.3206 1.15676 0.373173 -33.384 -24.218 1.1572
-33.3362 -24.3206 1.15676 0.373173 -33.384 -24.218 1.1572
-33.2744 -23.9995 1.15115 0.0136379 -33.384 -24.218 1.1572
-33.5395 -24.2045 1.15671 0.119326 -33.384 -24.218 1.1572
-33.2642 -24.0454 1.15218 0.0304568 -33.384 -24.218 1.1572
-33.1294 -24.4336 1.15943 0.0173885 -33.384 -24.218 1.1572
-33.5379 -24.2641 1.16175 0.133929 -33.384 -24.218 1.1572
-33.4949 -24.2856 1.15749 0.276074 -33.384 -24.218 1.1572
-33.3116 -24.0282 1.16368 0.00107281 -33.384 -24.218 1.1572
-33.5379 -24.2641 1.16175 0.133929 -33.384 -24.218 1.1572
-33.5507 -24.3054 1.16583 0.0383172 -33.384 -24.218 1.1572
-33.4949 -24.2856 1.15749 0.276074 -33.384 -24.218 1.1572
-33.4453 -24.3273 1.16654 0.0504417 -33.384 -24.218 1.1572
-33.4452 -24.5424 1.16313 0.0784234 -33.384 -24.218 1.1572
-33.4388 -24.3572 1.16309 0.245702 -33.384 -24.218 1.1572
-33.4452 -24.5424 1.16313 0.0784234 -33.384 -24.218 1.1572
