74.8713 -38.9848 3.75925 0.00230578 74.87 -39.07 3.7536
74.8713 -38.9848 3.75925 0.00230578 74.87 -39.07 3.7536
75.0451 -39.3311 3.75197 0.00131959 74.87 -39.07 3.7536
74.9944 -39.1448 3.75491 0.00457325 74.87 -39.07 3.7536
74.7634 -39.0172 3.75381 0.00437368 74.87 -39.07 3.7536
74.9853 -39.231 3.75521 0.00362164 74.87 -39.07 3.7536
74.8124 -39.2201 3.75434 0.0166721 74.87 -39.07 3.7536
74.8244 -39.1313 3.74895 0.00513419 74.87 -39.07 3.7536
74.6154 -39.1527 3.75663 0.001104 74.87 -39.07 3.7536
75.0464 -39.0686 3.75617 0.000990736 74.87 -39.07 3.7536
75.0747 -39.2747 3.75479 0.000478006 74.87 -39.07 3.7536
74.8124 -39.2201 3.75434 0.0166721 74.87 -39.07 3.7536
74.8124 -39.2201 3.75434 0.0166721 74.87 -39.07 3.7536
74.9618 -39.1643 3.7555 0.00634016 74.87 -39.07 3.7536
74.8669 -39.3193 3.7451 0.00317788 74.87 -39.07 3.7536
74.7115 -39.157 3.7587 0.0019106 74.87 -39.07 3.7536
74.6503 -38.9942 3.75659 0.0010049 74.87 -39.07 3.7536
74.973 -39.1895 3.74807 0.00285017 74.87 -39.07 3.7536
74.8124 -39.2201 3.75434 0.0166721 74.87 -39.07 3.7536
74.6384 -39.1575 3.75414 0.00302012 74.87 -39.07 3.7536
74.51 -39.2042 3.74994 7.39477e-05 74.87 -39.07 3.7536
74.8244 -39.1313 3.74895 0.00513419 74.87 -39.07 3.7536
74.8124 -39.2201 3.75434 0.0166721 74.87 -39.07 3.7536
74.7261 -39.1068 3.7556 0.00818154 74.87 -39.07 3.7536
74.9853 -39.231 3.75521 0.00362164 74.87 -39.07 3.7536
74.9618 -39.1643 3.7555 0.00634016 74.87 -39.07 3.7536
74.6384 -39.1575 3.75414 0.00302012 74.87 -39.07 3.7536
74.9853 -39.231 3.75521 0.00362164 74.87 -39.07 3.7536
74.6154 -39.1527 3.75663 0.001104 74.87 -39.07 3.7536
74.6503 -38.9942 3.75659 0.0010049 74.87 -39.07 3.7536
74.7117 -39.0716 3.75751 0.00397458 74.87 -39.07 3.7536
74.9231 -39.1071 3.74918 0.00285826 74.87 -39.07 3.7536
74.9944 -39.1448 3.75491 0.00457325 74.87 -39.07 3.7536
74.8124 -39.2201 3.75434 0.0166721 74.87 -39.07 3.7536
74.9618 -39.1643 3.7555 0.00634016 74.87 -39.07 3.7536
74.6154 -39.1527 3.75663 0.001104 74.87 -39.07 3.7536
74.8713 -38.9848 3.75925 0.00230578 74.87 -39.07 3.7536
74.9231 -39.1071 3.74918 0.00285826 74.87 -39.07 3.7536
74.7634 -39.0172 3.75381 0.00437368 74.87 -39.07 3.7536
74.8124 -39.2201 3.75434 0.0166721 74.87 -39.07 3.7536
74.9944 -39.1448 3.75491 0.00457325 74.87 -39.07 3.7536
74.809 -38.8989 3.74746 2.11044e-06 74.87 -39.07 3.7536
74.8124 -39.2201 3.75434 0.0166721 74.87 -39.07 3.7536
74.8124 -39.2201 3.75434 0.0166721 74.87 -39.07 3.7536
74.8124 -39.2201 3.75434 0.0166721 74.87 -39.07 3.7536
74.9853 -39.231 3.75521 0.00362164 74.87 -39.07 3.7536
75.0451 -39.3311 3.75197 0.00131959 74.87 -39.07 3.7536
74.8244 -39.1313 3.74895 0.00513419 74.87 -39.07 3.7536
74.6384 -39.1575 3.75414 0.00302012 74.87 -39.07 3.7536
74.8124 -39.2201 3.75434 0.0166721 74.87 -39.07 3.7536
75.0454 -39.1946 3.74697 0.000486449 74.87 -39.07 3.7536
74.9667 -39.1067 3.75755 0.00301814 74.87 -39.07 3.7536
74.7261 -39.1068 3.7556 0.00818154 74.87 -39.07 3.7536
74.8124 -39.2201 3.75434 0.0166721 74.87 -39.07 3.7536
74.9618 -39.1643 3.7555 0.00634016 74.87 -39.07 3.7536
74.973 -39.1895 3.74807 0.00285017 74.87 -39.07 3.7536
74.9667 -39.1067 3.75755 0.00301814 74.87 -39.07 3.7536
74.9853 -39.231 3.75521 0.00362164 74.87 -39.07 3.7536
74.9231 -39.1071 3.74918 0.00285826 74.87 -39.07 3.7536
75.0746 -39.2554 3.74866 0.000875215 74.87 -39.07 3.7536
74.9853 -39.231 3.75521 0.00362164 74.87 -39.07 3.7536
74.8124 -39.2201 3.75434 0.0166721 74.87 -39.07 3.7536
74.6796 -39.2718 3.74779 0.00284304 74.87 -39.07 3.7536
74.8244 -39.1313 3.74895 0.00513419 74.87 -39.07 3.7536
75.0464 -39.0686 3.75617 0.000990736 74.87 -39.07 3.7536
74.9667 -39.1067 3.75755 0.00301814 74.87 -39.07 3.7536
74.6796 -39.2718 3.74779 0.00284304 74.87 -39.07 3.7536
74.8124 -39.2201 3.75434 0.0166721 74.87 -39.07 3.7536
74.8124 -39.2201 3.75434 0.0166721 74.87 -39.07 3.7536
74.9944 -39.1448 3.75491 0.00457325 74.87 -39.07 3.7536
74.8124 -39.2201 3.75434 0.0166721 74.87 -39.07 3.7536
74.973 -39.1895 3.74807 0.00285017 74.87 -39.07 3.7536
74.8124 -39.2201 3.75434 0.0166721 74.87 -39.07 3.7536
74.8244 -39.1313 3.74895 0.00513419 74.87 -39.07 3.7536
74.7634 -39.0172 3.75381 0.00437368 74.87 -39.07 3.7536
74.8713 -38.9848 3.75925 0.00230578 74.87 -39.07 3.7536
74.8669 -39.3193 3.7451 0.00317788 74.87 -39.07 3.7536
74.8251 -39.2249 3.74503 0.00136008 74.87 -39.07 3.7536
74.8124 -39.2201 3.75434 0.0166721 74.87 -39.07 3.7536
74.9944 -39.1448 3.75491 0.00457325 74.87 -39.07 3.7536
74.7634 -39.0172 3.75381 0.00437368 74.87 -39.07 3.7536
74.7634 -39.0172 3.75381 0.00437368 74.87 -39.07 3.7536
74.8669 -39.3193 3.7451 0.00317788 74.87 -39.07 3.7536
74.8124 -39.2201 3.75434 0.0166721 74.87 -39.07 3.7536
74.7261 -39.1068 3.7556 0.00818154 74.87 -39.07 3.7536
74.8124 -39.2201 3.75434 0.0166721 74.87 -39.07 3.7536
74.6154 -39.1527 3.75663 0.001104 74.87 -39.07 3.7536
74.8251 -39.2249 3.74503 0.00136008 74.87 -39.07 3.7536
74.8244 -39.1313 3.74895 0.00513419 74.87 -39.07 3.7536
74.8244 -39.1313 3.74895 0.00513419 74.87 -39.07 3.7536
74.8124 -39.2201 3.75434 0.0166721 74.87 -39.07 3.7536
74.9231 -39.1071 3.74918 0.00285826 74.87 -39.07 3.7536
74.8124 -39.2201 3.75434 0.0166721 74.87 -39.07 3.7536
74.8124 -39.2201 3.75434 0.0166721 74.87 -39.07 3.7536
74.9618 -39.1643 3.7555 0.00634016 74.87 -39.07 3.7536
74.7115 -39.157 3.7587 0.0019106 74.87 -39.07 3.7536
74.9618 -39.1643 3.7555 0.00634016 74.87 -39.07 3.7536
75.0746 -39.2554 3.74866 0.000875215 74.87 -39.07 3.7536
74.9944 -39.1448 3.75491 0.00457325 74.87 -39.07 3.7536
74.9231 -39.1071 3.74918 0.00285826 74.87 -39.07 3.7536
74.9853 -39.231 3.75521 0.00362164 74.87 -39.07 3.7536
74.7261 -39.1068 3.7556 0.00818154 74.87 -39.07 3.7536
74.8713 -38.9848 3.75925 0.00230578 74.87 -39.07 3.7536
74.7634 -39.0172 3.75381 0.00437368 74.87 -39.07 3.7536
74.8244 -39.1313 3.74895 0.00513419 74.87 -39.07 3.7536
74.8124 -39.2201 3.75434 0.0166721 74.87 -39.07 3.7536
74.7261 -39.1068 3.7556 0.00818154 74.87 -39.07 3.7536
74.7261 -39.1068 3.7556 0.00818154 74.87 -39.07 3.7536
74.8124 -39.2201 3.75434 0.0166721 74.87 -39.07 3.7536
74.9944 -39.1448 3.75491 0.00457325 74.87 -39.07 3.7536
74.9853 -39.231 3.75521 0.00362164 74.87 -39.07 3.7536
75.0044 -39.286 3.74649 0.00168432 74.87 -39.07 3.7536
74.9667 -39.1067 3.75755 0.00301814 74.87 -39.07 3.7536
74.8669 -39.3193 3.7451 0.00317788 74.87 -39.07 3.7536
74.8124 -39.2201 3.75434 0.0166721 74.87 -39.07 3.7536
74.7117 -39.0716 3.75751 0.00397458 74.87 -39.07 3.7536
74.9667 -39.1067 3.75755 0.00301814 74.87 -39.07 3.7536
74.9853 -39.231 3.75521 0.00362164 74.87 -39.07 3.7536
74.9618 -39.1643 3.7555 0.00634016 74.87 -39.07 3.7536
74.9853 -39.231 3.75521 0.00362164 74.87 -39.07 3.7536
74.9944 -39.1448 3.75491 0.00457325 74.87 -39.07 3.7536
74.6503 -38.9942 3.75659 0.0010049 74.87 -39.07 3.7536
74.7261 -39.1068 3.7556 0.00818154 74.87 -39.07 3.7536
74.9944 -39.1448 3.75491 0.00457325 74.87 -39.07 3.7536
74.8669 -39.3193 3.7451 0.00317788 74.87 -39.07 3.7536
74.8669 -39.3193 3.7451 0.00317788 74.87 -39.07 3.7536
74.8124 -39.2201 3.75434 0.0166721 74.87 -39.07 3.7536
74.8124 -39.2201 3.75434 0.0166721 74.87 -39.07 3.7536
74.973 -39.1895 3.74807 0.00285017 74.87 -39.07 3.7536
74.7117 -39.0716 3.75751 0.00397458 74.87 -39.07 3.7536
74.8244 -39.1313 3.74895 0.00513419 74.87 -39.07 3.7536
75.0451 -39.3311 3.75197 0.00131959 74.87 -39.07 3.7536
74.7261 -39.1068 3.7556 0.00818154 74.87 -39.07 3.7536
74.6384 -39.1575 3.75414 0.00302012 74.87 -39.07 3.7536
74.973 -39.1895 3.74807 0.00285017 74.87 -39.07 3.7536
74.8251 -39.2249 3.74503 0.00136008 74.87 -39.07 3.7536
74.9618 -39.1643 3.7555 0.00634016 74.87 -39.07 3.7536
74.6796 -39.2718 3.74779 0.00284304 74.87 -39.07 3.7536
74.7117 -39.0716 3.75751 0.00397458 74.87 -39.07 3.7536
74.6796 -39.2718 3.74779 0.00284304 74.87 -39.07 3.7536
74.9944 -39.1448 3.75491 0.00457325 74.87 -39.07 3.7536
74.8124 -39.2201 3.75434 0.0166721 74.87 -39.07 3.7536
74.9667 -39.1067 3.75755 0.00301814 74.87 -39.07 3.7536
74.7261 -39.1068 3.7556 0.00818154 74.87 -39.07 3.7536
74.8636 -39.0653 3.74576 0.000100657 74.87 -39.07 3.7536
74.8124 -39.2201 3.75434 0.0166721 74.87 -39.07 3.7536
74.8124 -39.2201 3.75434 0.0166721 74.87 -39.07 3.7536
74.8124 -39.2201 3.75434 0.0166721 74.87 -39.07 3.7536
74.9944 -39.1448 3.75491 0.00457325 74.87 -39.07 3.7536
74.8669 -39.3193 3.7451 0.00317788 74.87 -39.07 3.7536
74.7117 -39.0716 3.75751 0.00397458 74.87 -39.07 3.7536
74.7117 -39.0716 3.75751 0.00397458 74.87 -39.07 3.7536
74.9618 -39.1643 3.7555 0.00634016 74.87 -39.07 3.7536
74.8124 -39.2201 3.75434 0.0166721 74.87 -39.07 3.7536
74.9618 -39.1643 3.7555 0.00634016 74.87 -39.07 3.7536
74.9667 -39.1067 3.75755 0.00301814 74.87 -39.07 3.7536
74.8124 -39.2201 3.75434 0.0166721 74.87 -39.07 3.7536
74.9667 -39.1067 3.75755 0.00301814 74.87 -39.07 3.7536
74.7261 -39.1068 3.7556 0.00818154 74.87 -39.07 3.7536
74.8124 -39.2201 3.75434 0.0166721 74.87 -39.07 3.7536
74.8713 -38.9848 3.75925 0.00230578 74.87 -39.07 3.7536
75.0464 -39.0686 3.75617 0.000990736 74.87 -39.07 3.7536
74.9231 -39.1071 3.74918 0.00285826 74.87 -39.07 3.7536
74.7261 -39.1068 3.7556 0.00818154 74.87 -39.07 3.7536
74.6154 -39.1527 3.75663 0.001104 74.87 -39.07 3.7536
74.973 -39.1895 3.74807 0.00285017 74.87 -39.07 3.7536
74.9944 -39.1448 3.75491 0.00457325 74.87 -39.07 3.7536
74.9944 -39.1448 3.75491 0.00457325 74.87 -39.07 3.7536
74.7634 -39.0172 3.75381 0.00437368 74.87 -39.07 3.7536
74.8244 -39.1313 3.74895 0.00513419 74.87 -39.07 3.7536
74.9853 -39.231 3.75521 0.00362164 74.87 -39.07 3.7536
74.8669 -39.3193 3.7451 0.00317788 74.87 -39.07 3.7536
75.0464 -39.0686 3.75617 0.000990736 74.87 -39.07 3.7536
74.7117 -39.0716 3.75751 0.00397458 74.87 -39.07 3.7536
75.0367 -38.9972 3.75506 0.000592832 74.87 -39.07 3.7536
74.8124 -39.2201 3.75434 0.0166721 74.87 -39.07 3.7536
75.0044 -39.286 3.74649 0.00168432 74.87 -39.07 3.7536
75.0585 -39.2029 3.75606 0.000758896 74.87 -39.07 3.7536
74.973 -39.1895 3.74807 0.00285017 74.87 -39.07 3.7536
75.0454 -39.1946 3.74697 0.000486449 74.87 -39.07 3.7536
74.6796 -39.2718 3.74779 0.00284304 74.87 -39.07 3.7536
74.8244 -39.1313 3.74895 0.00513419 74.87 -39.07 3.7536
74.7261 -39.1068 3.7556 0.00818154 74.87 -39.07 3.7536
74.7261 -39.1068 3.7556 0.00818154 74.87 -39.07 3.7536
74.8124 -39.2201 3.75434 0.0166721 74.87 -39.07 3.7536
74.6796 -39.2718 3.74779 0.00284304 74.87 -39.07 3.7536
74.7634 -39.0172 3.75381 0.00437368 74.87 -39.07 3.7536
74.7634 -39.0172 3.75381 0.00437368 74.87 -39.07 3.7536
74.9944 -39.1448 3.75491 0.00457325 74.87 -39.07 3.7536
74.6796 -39.2718 3.74779 0.00284304 74.87 -39.07 3.7536
74.8244 -39.1313 3.74895 0.00513419 74.87 -39.07 3.7536
74.8713 -38.9848 3.75925 0.00230578 74.87 -39.07 3.7536
74.7117 -39.0716 3.75751 0.00397458 74.87 -39.07 3.7536
74.6503 -38.9942 3.75659 0.0010049 74.87 -39.07 3.7536
74.9944 -39.1448 3.75491 0.00457325 74.87 -39.07 3.7536
74.7117 -39.0716 3.75751 0.00397458 74.87 -39.07 3.7536
74.7261 -39.1068 3.7556 0.00818154 74.87 -39.07 3.7536
74.9618 -39.1643 3.7555 0.00634016 74.87 -39.07 3.7536
74.8124 -39.2201 3.75434 0.0166721 74.87 -39.07 3.7536
74.8244 -39.1313 3.74895 0.00513419 74.87 -39.07 3.7536
