24.6135 -87.069 3.76976 0.000237257 24.264 -87.184 3.7694
24.2706 -87.4013 3.77309 0.00220264 24.264 -87.184 3.7694
24.3962 -87.1881 3.77588 0.019144 24.264 -87.184 3.7694
24.4388 -87.2815 3.77097 0.00724756 24.264 -87.184 3.7694
24.18 -87.3241 3.7675 0.00123826 24.264 -87.184 3.7694
24.2706 -87.4013 3.77309 0.00220264 24.264 -87.184 3.7694
24.436 -87.3022 3.77375 0.0136599 24.264 -87.184 3.7694
24.4388 -87.2815 3.77097 0.00724756 24.264 -87.184 3.7694
24.18 -87.3241 3.7675 0.00123826 24.264 -87.184 3.7694
24.2061 -87.0611 3.76843 0.0041662 24.264 -87.184 3.7694
24.3786 -87.1987 3.77508 0.021072 24.264 -87.184 3.7694
24.3786 -87.1987 3.77508 0.021072 24.264 -87.184 3.7694
24.5885 -87.0912 3.77218 0.00231449 24.264 -87.184 3.7694
24.2061 -87.0611 3.76843 0.0041662 24.264 -87.184 3.7694
24.3751 -87.163 3.77381 0.0234606 24.264 -87.184 3.7694
24.3786 -87.1987 3.77508 0.021072 24.264 -87.184 3.7694
24.2061 -87.0611 3.76843 0.0041662 24.264 -87.184 3.7694
24.2706 -87.4013 3.77309 0.00220264 24.264 -87.184 3.7694
24.1254 -87.3386 3.7706 0.00104436 24.264 -87.184 3.7694
24.3962 -87.1881 3.77588 0.019144 24.264 -87.184 3.7694
24.3786 -87.1987 3.77508 0.021072 24.264 -87.184 3.7694
24.5894 -87.2506 3.78168 0.00233084 24.264 -87.184 3.7694
24.28 -87.1071 3.77071 0.0125999 24.264 -87.184 3.7694
24.3786 -87.1987 3.77508 0.021072 24.264 -87.184 3.7694
24.5289 -87.1323 3.7727 0.00853638 24.264 -87.184 3.7694
24.5445 -87.2456 3.77301 0.00732321 24.264 -87.184 3.7694
24.4589 -87.2181 3.7788 0.00875101 24.264 -87.184 3.7694
24.553 -87.351 3.77493 0.00467176 24.264 -87.184 3.7694
24.3786 -87.1987 3.77508 0.021072 24.264 -87.184 3.7694
24.3962 -87.1881 3.77588 0.019144 24.264 -87.184 3.7694
24.5017 -87.3582 3.77659 0.00659227 24.264 -87.184 3.7694
24.28 -87.1071 3.77071 0.0125999 24.264 -87.184 3.7694
24.2706 -87.4013 3.77309 0.00220264 24.264 -87.184 3.7694
24.2706 -87.4013 3.77309 0.00220264 24.264 -87.184 3.7694
24.3786 -87.1987 3.77508 0.021072 24.264 -87.184 3.7694
24.4589 -87.2181 3.7788 0.00875101 24.264 -87.184 3.7694
24.5445 -87.2456 3.77301 0.00732321 24.264 -87.184 3.7694
24.3751 -87.163 3.77381 0.0234606 24.264 -87.184 3.7694
24.3786 -87.1987 3.77508 0.021072 24.264 -87.184 3.7694
24.3962 -87.1881 3.77588 0.019144 24.264 -87.184 3.7694
24.5017 -87.3582 3.77659 0.00659227 24.264 -87.184 3.7694
24.3786 -87.1987 3.77508 0.021072 24.264 -87.184 3.7694
24.5445 -87.2456 3.77301 0.00732321 24.264 -87.184 3.7694
24.4589 -87.2181 3.7788 0.00875101 24.264 -87.184 3.7694
24.4403 -87.2749 3.76947 0.00334888 24.264 -87.184 3.7694
24.28 -87.1071 3.77071 0.0125999 24.264 -87.184 3.7694
24.3786 -87.1987 3.77508 0.021072 24.264 -87.184 3.7694
24.3786 -87.1987 3.77508 0.021072 24.264 -87.184 3.7694
24.1485 -87.13 3.77052 0.00422996 24.264 -87.184 3.7694
24.5445 -87.2456 3.77301 0.00732321 24.264 -87.184 3.7694
24.5289 -87.1323 3.7727 0.00853638 24.264 -87.184 3.7694
24.3751 -87.163 3.77381 0.0234606 24.264 -87.184 3.7694
24.5885 -87.0912 3.77218 0.00231449 24.264 -87.184 3.7694
24.436 -87.3022 3.77375 0.0136599 24.264 -87.184 3.7694
24.4589 -87.2181 3.7788 0.00875101 24.264 -87.184 3.7694
24.28 -87.1071 3.77071 0.0125999 24.264 -87.184 3.7694
24.4589 -87.2181 3.7788 0.00875101 24.264 -87.184 3.7694
24.5289 -87.1323 3.7727 0.00853638 24.264 -87.184 3.7694
24.5289 -87.1323 3.7727 0.00853638 24.264 -87.184 3.7694
24.436 -87.3022 3.77375 0.0136599 24.264 -87.184 3.7694
24.3786 -87.1987 3.77508 0.021072 24.264 -87.184 3.7694
24.3962 -87.1881 3.77588 0.019144 24.264 -87.184 3.7694
24.2061 -87.0611 3.76843 0.0041662 24.264 -87.184 3.7694
24.28 -87.1071 3.77071 0.0125999 24.264 -87.184 3.7694
24.3786 -87.1987 3.77508 0.021072 24.264 -87.184 3.7694
24.3962 -87.1881 3.77588 0.019144 24.264 -87.184 3.7694
24.1443 -87.2137 3.77095 0.00382386 24.264 -87.184 3.7694
24.28 -87.1071 3.77071 0.0125999 24.264 -87.184 3.7694
24.5289 -87.1323 3.7727 0.00853638 24.264 -87.184 3.7694
24.5445 -87.2456 3.77301 0.00732321 24.264 -87.184 3.7694
24.553 -87.351 3.77493 0.00467176 24.264 -87.184 3.7694
24.5017 -87.3582 3.77659 0.00659227 24.264 -87.184 3.7694
24.5894 -87.2506 3.78168 0.00233084 24.264 -87.184 3.7694
24.3962 -87.1881 3.77588 0.019144 24.264 -87.184 3.7694
24.3962 -87.1881 3.77588 0.019144 24.264 -87.184 3.7694
24.2061 -87.0611 3.76843 0.0041662 24.264 -87.184 3.7694
24.4403 -87.2749 3.76947 0.00334888 24.264 -87.184 3.7694
24.2061 -87.0611 3.76843 0.0041662 24.264 -87.184 3.7694
24.3751 -87.163 3.77381 0.0234606 24.264 -87.184 3.7694
24.3962 -87.1881 3.77588 0.019144 24.264 -87.184 3.7694
24.4388 -87.2815 3.77097 0.00724756 24.264 -87.184 3.7694
24.436 -87.3022 3.77375 0.0136599 24.264 -87.184 3.7694
24.4388 -87.2815 3.77097 0.00724756 24.264 -87.184 3.7694
24.3751 -87.163 3.77381 0.0234606 24.264 -87.184 3.7694
24.3751 -87.163 3.77381 0.0234606 24.264 -87.184 3.7694
24.3751 -87.163 3.77381 0.0234606 24.264 -87.184 3.7694
24.3786 -87.1987 3.77508 0.021072 24.264 -87.184 3.7694
24.2843 -87.3503 3.77283 0.00537117 24.264 -87.184 3.7694
24.2843 -87.3503 3.77283 0.00537117 24.264 -87.184 3.7694
24.1485 -87.13 3.77052 0.00422996 24.264 -87.184 3.7694
24.1443 -87.2137 3.77095 0.00382386 24.264 -87.184 3.7694
24.4589 -87.2181 3.7788 0.00875101 24.264 -87.184 3.7694
24.436 -87.3022 3.77375 0.0136599 24.264 -87.184 3.7694
24.4589 -87.2181 3.7788 0.00875101 24.264 -87.184 3.7694
24.2843 -87.3503 3.77283 0.00537117 24.264 -87.184 3.7694
24.3786 -87.1987 3.77508 0.021072 24.264 -87.184 3.7694
24.3786 -87.1987 3.77508 0.021072 24.264 -87.184 3.7694
24.4388 -87.2815 3.77097 0.00724756 24.264 -87.184 3.7694
24.4589 -87.2181 3.7788 0.00875101 24.264 -87.184 3.7694
24.3751 -87.163 3.77381 0.0234606 24.264 -87.184 3.7694
24.2706 -87.4013 3.77309 0.00220264 24.264 -87.184 3.7694
24.3751 -87.163 3.77381 0.0234606 24.264 -87.184 3.7694
24.3786 -87.1987 3.77508 0.021072 24.264 -87.184 3.7694
24.28 -87.1071 3.77071 0.0125999 24.264 -87.184 3.7694
24.436 -87.3022 3.77375 0.0136599 24.264 -87.184 3.7694
24.3962 -87.1881 3.77588 0.019144 24.264 -87.184 3.7694
24.2843 -87.3503 3.77283 0.00537117 24.264 -87.184 3.7694
24.3786 -87.1987 3.77508 0.021072 24.264 -87.184 3.7694
24.3751 -87.163 3.77381 0.0234606 24.264 -87.184 3.7694
24.4388 -87.2815 3.77097 0.00724756 24.264 -87.184 3.7694
24.5445 -87.2456 3.77301 0.00732321 24.264 -87.184 3.7694
24.3962 -87.1881 3.77588 0.019144 24.264 -87.184 3.7694
24.3962 -87.1881 3.77588 0.019144 24.264 -87.184 3.7694
24.2843 -87.3503 3.77283 0.00537117 24.264 -87.184 3.7694
24.3751 -87.163 3.77381 0.0234606 24.264 -87.184 3.7694
24.3962 -87.1881 3.77588 0.019144 24.264 -87.184 3.7694
24.436 -87.3022 3.77375 0.0136599 24.264 -87.184 3.7694
24.5289 -87.1323 3.7727 0.00853638 24.264 -87.184 3.7694
24.3786 -87.1987 3.77508 0.021072 24.264 -87.184 3.7694
24.3751 -87.163 3.77381 0.0234606 24.264 -87.184 3.7694
24.3751 -87.163 3.77381 0.0234606 24.264 -87.184 3.7694
24.4388 -87.2815 3.77097 0.00724756 24.264 -87.184 3.7694
24.3786 -87.1987 3.77508 0.021072 24.264 -87.184 3.7694
24.3751 -87.163 3.77381 0.0234606 24.264 -87.184 3.7694
24.4388 -87.2815 3.77097 0.00724756 24.264 -87.184 3.7694
24.5017 -87.3582 3.77659 0.00659227 24.264 -87.184 3.7694
24.5289 -87.1323 3.7727 0.00853638 24.264 -87.184 3.7694
24.5885 -87.0912 3.77218 0.00231449 24.264 -87.184 3.7694
24.4589 -87.2181 3.7788 0.00875101 24.264 -87.184 3.7694
24.436 -87.3022 3.77375 0.0136599 24.264 -87.184 3.7694
24.3751 -87.163 3.77381 0.0234606 24.264 -87.184 3.7694
24.2749 -87.3338 3.78016 0.000189708 24.264 -87.184 3.7694
24.0091 -87.182 3.76906 0.000404248 24.264 -87.184 3.7694
24.3786 -87.1987 3.77508 0.021072 24.264 -87.184 3.7694
24.3751 -87.163 3.77381 0.0234606 24.264 -87.184 3.7694
24.5289 -87.1323 3.7727 0.00853638 24.264 -87.184 3.7694
23.9414 -87.0962 3.76809 7.88186e-05 24.264 -87.184 3.7694
24.5289 -87.1323 3.7727 0.00853638 24.264 -87.184 3.7694
24.4589 -87.2181 3.7788 0.00875101 24.264 -87.184 3.7694
24.5289 -87.1323 3.7727 0.00853638 24.264 -87.184 3.7694
24.4388 -87.2815 3.77097 0.00724756 24.264 -87.184 3.7694
24.5289 -87.1323 3.7727 0.00853638 24.264 -87.184 3.7694
24.3962 -87.1881 3.77588 0.019144 24.264 -87.184 3.7694
24.3786 -87.1987 3.77508 0.021072 24.264 -87.184 3.7694
24.3786 -87.1987 3.77508 0.021072 24.264 -87.184 3.7694
24.3786 -87.1987 3.77508 0.021072 24.264 -87.184 3.7694
24.2843 -87.3503 3.77283 0.00537117 24.264 -87.184 3.7694
24.3751 -87.163 3.77381 0.0234606 24.264 -87.184 3.7694
24.265 -87.414 3.77454 0.00136273 24.264 -87.184 3.7694
24.553 -87.351 3.77493 0.00467176 24.264 -87.184 3.7694
24.4388 -87.2815 3.77097 0.00724756 24.264 -87.184 3.7694
24.3962 -87.1881 3.77588 0.019144 24.264 -87.184 3.7694
24.2061 -87.0611 3.76843 0.0041662 24.264 -87.184 3.7694
24.4388 -87.2815 3.77097 0.00724756 24.264 -87.184 3.7694
24.3751 -87.163 3.77381 0.0234606 24.264 -87.184 3.7694
24.3962 -87.1881 3.77588 0.019144 24.264 -87.184 3.7694
24.3786 -87.1987 3.77508 0.021072 24.264 -87.184 3.7694
24.3751 -87.163 3.77381 0.0234606 24.264 -87.184 3.7694
24.3962 -87.1881 3.77588 0.019144 24.264 -87.184 3.7694
24.436 -87.3022 3.77375 0.0136599 24.264 -87.184 3.7694
24.5894 -87.2506 3.78168 0.00233084 24.264 -87.184 3.7694
24.5289 -87.1323 3.7727 0.00853638 24.264 -87.184 3.7694
24.1485 -87.13 3.77052 0.00422996 24.264 -87.184 3.7694
24.4388 -87.2815 3.77097 0.00724756 24.264 -87.184 3.7694
24.553 -87.351 3.77493 0.00467176 24.264 -87.184 3.7694
24.3751 -87.163 3.77381 0.0234606 24.264 -87.184 3.7694
24.4388 -87.2815 3.77097 0.00724756 24.264 -87.184 3.7694
24.3751 -87.163 3.77381 0.0234606 24.264 -87.184 3.7694
24.4388 -87.2815 3.77097 0.00724756 24.264 -87.184 3.7694
24.4589 -87.2181 3.7788 0.00875101 24.264 -87.184 3.7694
24.3962 -87.1881 3.77588 0.019144 24.264 -87.184 3.7694
24.4708 -86.8282 3.78319 7.77275e-07 24.264 -87.184 3.7694
24.3751 -87.163 3.77381 0.0234606 24.264 -87.184 3.7694
24.436 -87.3022 3.77375 0.0136599 24.264 -87.184 3.7694
24.3962 -87.1881 3.77588 0.019144 24.264 -87.184 3.7694
24.3751 -87.163 3.77381 0.0234606 24.264 -87.184 3.7694
24.3751 -87.163 3.77381 0.0234606 24.264 -87.184 3.7694
24.3751 -87.163 3.77381 0.0234606 24.264 -87.184 3.7694
24.5445 -87.2456 3.77301 0.00732321 24.264 -87.184 3.7694
24.28 -87.1071 3.77071 0.0125999 24.264 -87.184 3.7694
24.265 -87.414 3.77454 0.00136273 24.264 -87.184 3.7694
24.3962 -87.1881 3.77588 0.019144 24.264 -87.184 3.7694
24.3962 -87.1881 3.77588 0.019144 24.264 -87.184 3.7694
24.3962 -87.1881 3.77588 0.019144 24.264 -87.184 3.7694
24.2061 -87.0611 3.76843 0.0041662 24.264 -87.184 3.7694
24.3751 -87.163 3.77381 0.0234606 24.264 -87.184 3.7694
24.1254 -87.3386 3.7706 0.00104436 24.264 -87.184 3.7694
24.3786 -87.1987 3.77508 0.021072 24.264 -87.184 3.7694
24.1924 -87.2035 3.76548 0.00127663 24.264 -87.184 3.7694
24.1924 -87.2035 3.76548 0.00127663 24.264 -87.184 3.7694
24.3962 -87.1881 3.77588 0.019144 24.264 -87.184 3.7694
24.4589 -87.2181 3.7788 0.00875101 24.264 -87.184 3.7694
24.2843 -87.3503 3.77283 0.00537117 24.264 -87.184 3.7694
24.436 -87.3022 3.77375 0.0136599 24.264 -87.184 3.7694
24.3751 -87.163 3.77381 0.0234606 24.264 -87.184 3.7694
24.28 -87.1071 3.77071 0.0125999 24.264 -87.184 3.7694
24.3751 -87.163 3.77381 0.0234606 24.264 -87.184 3.7694
24.5445 -87.2456 3.77301 0.00732321 24.264 -87.184 3.7694
24.1443 -87.2137 3.77095 0.00382386 24.264 -87.184 3.7694
24.3217 -86.9362 3.76597 0.000253351 24.264 -87.184 3.7694
