142.255 20.7572 0.0796133 0.644518 142.48 21.057 0.07065
142.334 20.8756 0.0874018 0.0306183 142.48 21.057 0.07065
142.343 21.0417 0.074523 1.85374 142.48 21.057 0.07065
142.343 21.0417 0.074523 1.85374 142.48 21.057 0.07065
142.255 20.7572 0.0796133 0.644518 142.48 21.057 0.07065
142.356 20.9861 0.074254 2.07076 142.48 21.057 0.07065
142.269 20.9853 0.0796309 2.4024 142.48 21.057 0.07065
142.269 20.9853 0.0796309 2.4024 142.48 21.057 0.07065
142.343 21.0417 0.074523 1.85374 142.48 21.057 0.07065
142.174 20.9125 0.0791482 1.6184 142.48 21.057 0.07065
142.253 20.846 0.0817369 1.14169 142.48 21.057 0.07065
142.333 21.0048 0.0797743 1.93709 142.48 21.057 0.07065
142.333 21.0048 0.0797743 1.93709 142.48 21.057 0.07065
142.198 20.6751 0.0833452 0.0694886 142.48 21.057 0.07065
142.488 20.8136 0.077753 0.369644 142.48 21.057 0.07065
142.275 21.1886 0.0724006 0.169428 142.48 21.057 0.07065
142.174 20.9125 0.0791482 1.6184 142.48 21.057 0.07065
142.236 20.7235 0.0783504 0.345957 142.48 21.057 0.07065
142.343 21.0417 0.074523 1.85374 142.48 21.057 0.07065
142.14 21.068 0.0778017 0.671668 142.48 21.057 0.07065
142.14 21.068 0.0778017 0.671668 142.48 21.057 0.07065
142.236 20.7235 0.0783504 0.345957 142.48 21.057 0.07065
142.253 20.846 0.0817369 1.14169 142.48 21.057 0.07065
142.337 21.0734 0.0783478 1.57415 142.48 21.057 0.07065
142.174 20.9125 0.0791482 1.6184 142.48 21.057 0.07065
142.333 21.0048 0.0797743 1.93709 142.48 21.057 0.07065
142.253 20.846 0.0817369 1.14169 142.48 21.057 0.07065
142.269 20.9853 0.0796309 2.4024 142.48 21.057 0.07065
142.208 20.9986 0.0760942 1.66418 142.48 21.057 0.07065
142.198 20.6977 0.0843376 0.0736696 142.48 21.057 0.07065
142.333 21.0048 0.0797743 1.93709 142.48 21.057 0.07065
142.449 21.0453 0.0797918 0.53995 142.48 21.057 0.07065
142.333 21.0048 0.0797743 1.93709 142.48 21.057 0.07065
142.333 21.0048 0.0797743 1.93709 142.48 21.057 0.07065
142.174 20.9125 0.0791482 1.6184 142.48 21.057 0.07065
142.333 21.0048 0.0797743 1.93709 142.48 21.057 0.07065
142.333 21.0048 0.0797743 1.93709 142.48 21.057 0.07065
142.333 21.0048 0.0797743 1.93709 142.48 21.057 0.07065
142.269 20.9853 0.0796309 2.4024 142.48 21.057 0.07065
142.253 20.846 0.0817369 1.14169 142.48 21.057 0.07065
142.356 20.9861 0.074254 2.07076 142.48 21.057 0.07065
142.333 21.0048 0.0797743 1.93709 142.48 21.057 0.07065
142.333 21.0048 0.0797743 1.93709 142.48 21.057 0.07065
142.193 20.7666 0.0757302 0.298649 142.48 21.057 0.07065
142.174 20.9125 0.0791482 1.6184 142.48 21.057 0.07065
142.269 20.9853 0.0796309 2.4024 142.48 21.057 0.07065
142.269 20.9853 0.0796309 2.4024 142.48 21.057 0.07065
142.356 20.9861 0.074254 2.07076 142.48 21.057 0.07065
142.269 20.9853 0.0796309 2.4024 142.48 21.057 0.07065
142.269 20.9853 0.0796309 2.4024 142.48 21.057 0.07065
142.269 20.9853 0.0796309 2.4024 142.48 21.057 0.07065
142.269 20.9853 0.0796309 2.4024 142.48 21.057 0.07065
142.269 20.9853 0.0796309 2.4024 142.48 21.057 0.07065
142.343 21.0417 0.074523 1.85374 142.48 21.057 0.07065
142.255 20.7572 0.0796133 0.644518 142.48 21.057 0.07065
142.427 21.0928 0.0722468 0.607708 142.48 21.057 0.07065
142.024 21.0732 0.0814366 0.0916056 142.48 21.057 0.07065
142.333 21.0048 0.0797743 1.93709 142.48 21.057 0.07065
142.024 21.0732 0.0814366 0.0916056 142.48 21.057 0.07065
142.297 21.1606 0.0697479 0.079733 142.48 21.057 0.07065
142.293 21.163 0.0780604 0.548261 142.48 21.057 0.07065
142.253 20.846 0.0817369 1.14169 142.48 21.057 0.07065
142.269 20.9853 0.0796309 2.4024 142.48 21.057 0.07065
142.253 20.846 0.0817369 1.14169 142.48 21.057 0.07065
142.193 20.7666 0.0757302 0.298649 142.48 21.057 0.07065
142.174 20.9125 0.0791482 1.6184 142.48 21.057 0.07065
142.488 20.8136 0.077753 0.369644 142.48 21.057 0.07065
142.269 20.9853 0.0796309 2.4024 142.48 21.057 0.07065
142.215 21.159 0.071811 0.113905 142.48 21.057 0.07065
142.269 20.9853 0.0796309 2.4024 142.48 21.057 0.07065
142.174 20.9125 0.0791482 1.6184 142.48 21.057 0.07065
142.293 21.163 0.0780604 0.548261 142.48 21.057 0.07065
142.174 20.9125 0.0791482 1.6184 142.48 21.057 0.07065
142.269 20.9853 0.0796309 2.4024 142.48 21.057 0.07065
142.174 20.9125 0.0791482 1.6184 142.48 21.057 0.07065
142.14 21.068 0.0778017 0.671668 142.48 21.057 0.07065
142.208 20.9986 0.0760942 1.66418 142.48 21.057 0.07065
142.253 20.846 0.0817369 1.14169 142.48 21.057 0.07065
142.098 21.044 0.0740204 0.153152 142.48 21.057 0.07065
142.666 20.9317 0.072705 0.0313912 142.48 21.057 0.07065
142.174 20.9125 0.0791482 1.6184 142.48 21.057 0.07065
142.174 20.9125 0.0791482 1.6184 142.48 21.057 0.07065
142.269 20.9853 0.0796309 2.4024 142.48 21.057 0.07065
142.174 20.9125 0.0791482 1.6184 142.48 21.057 0.07065
142.193 20.7666 0.0757302 0.298649 142.48 21.057 0.07065
142.397 20.8436 0.0804215 0.835818 142.48 21.057 0.07065
142.397 20.8436 0.0804215 0.835818 142.48 21.057 0.07065
142.269 20.9853 0.0796309 2.4024 142.48 21.057 0.07065
142.269 21.0572 0.0827127 0.542263 142.48 21.057 0.07065
142.275 21.1886 0.0724006 0.169428 142.48 21.057 0.07065
142.269 20.9853 0.0796309 2.4024 142.48 21.057 0.07065
142.397 20.8436 0.0804215 0.835818 142.48 21.057 0.07065
142.174 20.9125 0.0791482 1.6184 142.48 21.057 0.07065
142.269 20.9853 0.0796309 2.4024 142.48 21.057 0.07065
142.208 20.9986 0.0760942 1.66418 142.48 21.057 0.07065
142.269 20.9853 0.0796309 2.4024 142.48 21.057 0.07065
142.333 21.0048 0.0797743 1.93709 142.48 21.057 0.07065
142.236 20.7235 0.0783504 0.345957 142.48 21.057 0.07065
142.269 20.9853 0.0796309 2.4024 142.48 21.057 0.07065
142.293 21.163 0.0780604 0.548261 142.48 21.057 0.07065
142.343 21.0417 0.074523 1.85374 142.48 21.057 0.07065
142.496 20.8212 0.0793657 0.254996 142.48 21.057 0.07065
142.269 20.9853 0.0796309 2.4024 142.48 21.057 0.07065
142.496 20.8212 0.0793657 0.254996 142.48 21.057 0.07065
142.449 21.0453 0.0797918 0.53995 142.48 21.057 0.07065
142.496 20.8212 0.0793657 0.254996 142.48 21.057 0.07065
142.488 20.8136 0.077753 0.369644 142.48 21.057 0.07065
142.236 20.7235 0.0783504 0.345957 142.48 21.057 0.07065
142.636 20.8833 0.0705147 0.0271349 142.48 21.057 0.07065
142.333 21.0048 0.0797743 1.93709 142.48 21.057 0.07065
142.269 20.9853 0.0796309 2.4024 142.48 21.057 0.07065
142.427 21.0928 0.0722468 0.607708 142.48 21.057 0.07065
142.397 20.8436 0.0804215 0.835818 142.48 21.057 0.07065
142.296 20.9297 0.067061 0.0198605 142.48 21.057 0.07065
142.337 21.0734 0.0783478 1.57415 142.48 21.057 0.07065
142.253 20.846 0.0817369 1.14169 142.48 21.057 0.07065
142.356 20.9861 0.074254 2.07076 142.48 21.057 0.07065
142.356 20.9861 0.074254 2.07076 142.48 21.057 0.07065
142.255 20.7572 0.0796133 0.644518 142.48 21.057 0.07065
142.356 20.9861 0.074254 2.07076 142.48 21.057 0.07065
142.337 21.0734 0.0783478 1.57415 142.48 21.057 0.07065
142.333 21.0048 0.0797743 1.93709 142.48 21.057 0.07065
142.255 20.7572 0.0796133 0.644518 142.48 21.057 0.07065
142.269 20.9853 0.0796309 2.4024 142.48 21.057 0.07065
142.449 21.0453 0.0797918 0.53995 142.48 21.057 0.07065
142.356 20.9861 0.074254 2.07076 142.48 21.057 0.07065
142.333 21.0048 0.0797743 1.93709 142.48 21.057 0.07065
142.253 20.846 0.0817369 1.14169 142.48 21.057 0.07065
142.269 20.9853 0.0796309 2.4024 142.48 21.057 0.07065
142.356 20.9861 0.074254 2.07076 142.48 21.057 0.07065
142.193 20.7666 0.0757302 0.298649 142.48 21.057 0.07065
142.269 20.9853 0.0796309 2.4024 142.48 21.057 0.07065
142.174 20.9125 0.0791482 1.6184 142.48 21.057 0.07065
142.343 21.0417 0.074523 1.85374 142.48 21.057 0.07065
142.174 20.9125 0.0791482 1.6184 142.48 21.057 0.07065
142.333 21.0048 0.0797743 1.93709 142.48 21.057 0.07065
142.198 20.6751 0.0833452 0.0694886 142.48 21.057 0.07065
142.343 21.0417 0.074523 1.85374 142.48 21.057 0.07065
142.397 20.8436 0.0804215 0.835818 142.48 21.057 0.07065
142.343 21.0417 0.074523 1.85374 142.48 21.057 0.07065
142.253 20.846 0.0817369 1.14169 142.48 21.057 0.07065
142.253 20.846 0.0817369 1.14169 142.48 21.057 0.07065
142.343 21.0417 0.074523 1.85374 142.48 21.057 0.07065
142.215 21.159 0.071811 0.113905 142.48 21.057 0.07065
142.255 20.7572 0.0796133 0.644518 142.48 21.057 0.07065
142.542 21.1098 0.081045 0.0292371 142.48 21.057 0.07065
142.343 21.0417 0.074523 1.85374 142.48 21.057 0.07065
142.255 20.7572 0.0796133 0.644518 142.48 21.057 0.07065
142.14 21.068 0.0778017 0.671668 142.48 21.057 0.07065
142.14 21.068 0.0778017 0.671668 142.48 21.057 0.07065
142.333 21.0048 0.0797743 1.93709 142.48 21.057 0.07065
142.269 20.9853 0.0796309 2.4024 142.48 21.057 0.07065
142.269 20.9853 0.0796309 2.4024 142.48 21.057 0.07065
142.332 21.1166 0.0697368 0.159413 142.48 21.057 0.07065
142.333 21.0048 0.0797743 1.93709 142.48 21.057 0.07065
142.356 20.9861 0.074254 2.07076 142.48 21.057 0.07065
142.333 21.0048 0.0797743 1.93709 142.48 21.057 0.07065
142.343 21.0417 0.074523 1.85374 142.48 21.057 0.07065
142.215 21.159 0.071811 0.113905 142.48 21.057 0.07065
142.174 20.9125 0.0791482 1.6184 142.48 21.057 0.07065
142.356 20.9861 0.074254 2.07076 142.48 21.057 0.07065
142.174 20.9125 0.0791482 1.6184 142.48 21.057 0.07065
142.255 20.7572 0.0796133 0.644518 142.48 21.057 0.07065
142.356 20.9861 0.074254 2.07076 142.48 21.057 0.07065
142.208 20.9986 0.0760942 1.66418 142.48 21.057 0.07065
142.174 20.9125 0.0791482 1.6184 142.48 21.057 0.07065
142.337 21.0734 0.0783478 1.57415 142.48 21.057 0.07065
142.337 21.0734 0.0783478 1.57415 142.48 21.057 0.07065
142.269 20.9853 0.0796309 2.4024 142.48 21.057 0.07065
142.193 20.7666 0.0757302 0.298649 142.48 21.057 0.07065
142.159 20.9293 0.0715182 0.115008 142.48 21.057 0.07065
142.343 21.0417 0.074523 1.85374 142.48 21.057 0.07065
142.174 20.9125 0.0791482 1.6184 142.48 21.057 0.07065
142.427 21.0928 0.0722468 0.607708 142.48 21.057 0.07065
142.337 21.0734 0.0783478 1.57415 142.48 21.057 0.07065
142.208 20.9986 0.0760942 1.66418 142.48 21.057 0.07065
142.343 21.0417 0.074523 1.85374 142.48 21.057 0.07065
142.14 21.068 0.0778017 0.671668 142.48 21.057 0.07065
141.952 20.9584 0.0726391 0.00184843 142.48 21.057 0.07065
142.343 21.0417 0.074523 1.85374 142.48 21.057 0.07065
142.208 20.9986 0.0760942 1.66418 142.48 21.057 0.07065
142.269 20.9853 0.0796309 2.4024 142.48 21.057 0.07065
142.356 20.9861 0.074254 2.07076 142.48 21.057 0.07065
142.253 20.846 0.0817369 1.14169 142.48 21.057 0.07065
142.496 20.8212 0.0793657 0.254996 142.48 21.057 0.07065
142.48 21.1675 0.0724675 0.190109 142.48 21.057 0.07065
142.427 21.0928 0.0722468 0.607708 142.48 21.057 0.07065
142.333 21.0048 0.0797743 1.93709 142.48 21.057 0.07065
142.427 21.0928 0.0722468 0.607708 142.48 21.057 0.07065
142.293 21.163 0.0780604 0.548261 142.48 21.057 0.07065
142.269 20.9853 0.0796309 2.4024 142.48 21.057 0.07065
142.269 20.9853 0.0796309 2.4024 142.48 21.057 0.07065
142.496 20.8212 0.0793657 0.254996 142.48 21.057 0.07065
142.255 20.7572 0.0796133 0.644518 142.48 21.057 0.07065
142.343 21.0417 0.074523 1.85374 142.48 21.057 0.07065
142.337 21.0734 0.0783478 1.57415 142.48 21.057 0.07065
142.333 21.0048 0.0797743 1.93709 142.48 21.057 0.07065
142.333 21.0048 0.0797743 1.93709 142.48 21.057 0.07065
142.333 21.0048 0.0797743 1.93709 142.48 21.057 0.07065
142.356 20.9861 0.074254 2.07076 142.48 21.057 0.07065
