-37.0221 -68.9246 1.90683 0.622474 -37.238 -68.87 1.906
-37.0221 -68.9246 1.90683 0.622474 -37.238 -68.87 1.906
-37.2527 -69.1099 1.90195 0.0341284 -37.238 -68.87 1.906
-37.2285 -68.9275 1.90472 0.197104 -37.238 -68.87 1.906
-36.9705 -69.1993 1.91241 0.0676137 -37.238 -68.87 1.906
-37.0221 -68.9246 1.90683 0.622474 -37.238 -68.87 1.906
-36.9705 -69.1993 1.91241 0.0676137 -37.238 -68.87 1.906
-37.0221 -68.9246 1.90683 0.622474 -37.238 -68.87 1.906
-37.1948 -68.6924 1.899 0.0744529 -37.238 -68.87 1.906
-37.2727 -68.7512 1.90317 0.0738371 -37.238 -68.87 1.906
-37.2237 -68.9159 1.89968 0.126824 -37.238 -68.87 1.906
-37.0221 -68.9246 1.90683 0.622474 -37.238 -68.87 1.906
-36.8828 -68.9585 1.91462 0.099319 -37.238 -68.87 1.906
-37.093 -68.824 1.90047 0.278596 -37.238 -68.87 1.906
-37.0221 -68.9246 1.90683 0.622474 -37.238 -68.87 1.906
-36.9795 -69.0719 1.91328 0.14093 -37.238 -68.87 1.906
-37.0857 -68.989 1.90955 0.314989 -37.238 -68.87 1.906
-37.0221 -68.9246 1.90683 0.622474 -37.238 -68.87 1.906
-37.0815 -69.0148 1.90216 0.257079 -37.238 -68.87 1.906
-37.0815 -69.0148 1.90216 0.257079 -37.238 -68.87 1.906
-37.093 -68.824 1.90047 0.278596 -37.238 -68.87 1.906
-37.1188 -68.7733 1.90782 0.171653 -37.238 -68.87 1.906
-37.0894 -68.6583 1.89606 0.0252856 -37.238 -68.87 1.906
-36.8731 -69.166 1.90856 0.107685 -37.238 -68.87 1.906
-37.2032 -68.715 1.89672 0.0455276 -37.238 -68.87 1.906
-36.9722 -69.25 1.90935 0.0450926 -37.238 -68.87 1.906
-37.0221 -68.9246 1.90683 0.622474 -37.238 -68.87 1.906
-37.0815 -69.0148 1.90216 0.257079 -37.238 -68.87 1.906
-37.0221 -68.9246 1.90683 0.622474 -37.238 -68.87 1.906
-37.2915 -68.778 1.91103 0.00455519 -37.238 -68.87 1.906
-37.1819 -68.9213 1.90432 0.315647 -37.238 -68.87 1.906
-37.093 -68.824 1.90047 0.278596 -37.238 -68.87 1.906
-36.8828 -68.9585 1.91462 0.099319 -37.238 -68.87 1.906
-37.0815 -69.0148 1.90216 0.257079 -37.238 -68.87 1.906
-36.8828 -68.9585 1.91462 0.099319 -37.238 -68.87 1.906
-37.0857 -68.989 1.90955 0.314989 -37.238 -68.87 1.906
-37.0221 -68.9246 1.90683 0.622474 -37.238 -68.87 1.906
-37.0221 -68.9246 1.90683 0.622474 -37.238 -68.87 1.906
-36.8429 -69.1386 1.90752 0.10533 -37.238 -68.87 1.906
-37.1948 -68.6924 1.899 0.0744529 -37.238 -68.87 1.906
-37.2124 -68.8159 1.90619 0.148257 -37.238 -68.87 1.906
-37.0221 -68.9246 1.90683 0.622474 -37.238 -68.87 1.906
-37.2237 -68.9159 1.89968 0.126824 -37.238 -68.87 1.906
-37.2727 -68.7512 1.90317 0.0738371 -37.238 -68.87 1.906
-36.9705 -69.1993 1.91241 0.0676137 -37.238 -68.87 1.906
-37.1819 -68.9213 1.90432 0.315647 -37.238 -68.87 1.906
-36.9795 -69.0719 1.91328 0.14093 -37.238 -68.87 1.906
-37.1948 -68.6924 1.899 0.0744529 -37.238 -68.87 1.906
-37.0221 -68.9246 1.90683 0.622474 -37.238 -68.87 1.906
-37.1188 -68.7733 1.90782 0.171653 -37.238 -68.87 1.906
-37.0221 -68.9246 1.90683 0.622474 -37.238 -68.87 1.906
-37.0081 -68.7924 1.91171 0.0965601 -37.238 -68.87 1.906
-37.0221 -68.9246 1.90683 0.622474 -37.238 -68.87 1.906
-37.0221 -68.9246 1.90683 0.622474 -37.238 -68.87 1.906
-37.2727 -68.7512 1.90317 0.0738371 -37.238 -68.87 1.906
-37.0815 -69.0148 1.90216 0.257079 -37.238 -68.87 1.906
-37.0857 -68.989 1.90955 0.314989 -37.238 -68.87 1.906
-37.2637 -68.7207 1.89949 0.060872 -37.238 -68.87 1.906
-37.0697 -69.238 1.91182 0.0290061 -37.238 -68.87 1.906
-37.0857 -68.989 1.90955 0.314989 -37.238 -68.87 1.906
-36.9722 -69.25 1.90935 0.0450926 -37.238 -68.87 1.906
-36.8731 -69.166 1.90856 0.107685 -37.238 -68.87 1.906
-37.1948 -68.6924 1.899 0.0744529 -37.238 -68.87 1.906
-37.0221 -68.9246 1.90683 0.622474 -37.238 -68.87 1.906
-37.1188 -68.7733 1.90782 0.171653 -37.238 -68.87 1.906
-37.1188 -68.7733 1.90782 0.171653 -37.238 -68.87 1.906
-37.0221 -68.9246 1.90683 0.622474 -37.238 -68.87 1.906
-36.9722 -69.25 1.90935 0.0450926 -37.238 -68.87 1.906
-37.3719 -68.8718 1.89607 0.0105143 -37.238 -68.87 1.906
-37.0815 -69.0148 1.90216 0.257079 -37.238 -68.87 1.906
-37.093 -68.824 1.90047 0.278596 -37.238 -68.87 1.906
-37.0857 -68.989 1.90955 0.314989 -37.238 -68.87 1.906
-37.3395 -68.7413 1.89977 0.0298529 -37.238 -68.87 1.906
-37.2527 -69.1099 1.90195 0.0341284 -37.238 -68.87 1.906
-37.0815 -69.0148 1.90216 0.257079 -37.238 -68.87 1.906
-37.2237 -68.9159 1.89968 0.126824 -37.238 -68.87 1.906
-37.2237 -68.9159 1.89968 0.126824 -37.238 -68.87 1.906
-37.2124 -68.8159 1.90619 0.148257 -37.238 -68.87 1.906
-37.1188 -68.7733 1.90782 0.171653 -37.238 -68.87 1.906
-37.0221 -68.9246 1.90683 0.622474 -37.238 -68.87 1.906
-37.0815 -69.0148 1.90216 0.257079 -37.238 -68.87 1.906
-37.2124 -68.8159 1.90619 0.148257 -37.238 -68.87 1.906
-37.0221 -68.9246 1.90683 0.622474 -37.238 -68.87 1.906
-36.9795 -69.0719 1.91328 0.14093 -37.238 -68.87 1.906
-37.1819 -68.9213 1.90432 0.315647 -37.238 -68.87 1.906
-37.0857 -68.989 1.90955 0.314989 -37.238 -68.87 1.906
-37.0815 -69.0148 1.90216 0.257079 -37.238 -68.87 1.906
-36.9722 -69.25 1.90935 0.0450926 -37.238 -68.87 1.906
-36.8731 -69.166 1.90856 0.107685 -37.238 -68.87 1.906
-37.0857 -68.989 1.90955 0.314989 -37.238 -68.87 1.906
-37.1819 -68.9213 1.90432 0.315647 -37.238 -68.87 1.906
-37.093 -68.824 1.90047 0.278596 -37.238 -68.87 1.906
-37.0857 -68.989 1.90955 0.314989 -37.238 -68.87 1.906
-37.093 -68.824 1.90047 0.278596 -37.238 -68.87 1.906
-37.093 -68.824 1.90047 0.278596 -37.238 -68.87 1.906
-37.0857 -68.989 1.90955 0.314989 -37.238 -68.87 1.906
-36.9795 -69.0719 1.91328 0.14093 -37.238 -68.87 1.906
-37.0281 -68.648 1.90972 0.0276115 -37.238 -68.87 1.906
-37.1819 -68.9213 1.90432 0.315647 -37.238 -68.87 1.906
-37.093 -68.824 1.90047 0.278596 -37.238 -68.87 1.906
-37.0815 -69.0148 1.90216 0.257079 -37.238 -68.87 1.906
-37.0815 -69.0148 1.90216 0.257079 -37.238 -68.87 1.906
-37.0857 -68.989 1.90955 0.314989 -37.238 -68.87 1.906
-36.8731 -69.166 1.90856 0.107685 -37.238 -68.87 1.906
-37.1188 -68.7733 1.90782 0.171653 -37.238 -68.87 1.906
-36.8731 -69.166 1.90856 0.107685 -37.238 -68.87 1.906
-37.093 -68.824 1.90047 0.278596 -37.238 -68.87 1.906
-36.8731 -69.166 1.90856 0.107685 -37.238 -68.87 1.906
-37.2727 -68.7512 1.90317 0.0738371 -37.238 -68.87 1.906
-37.3395 -68.7413 1.89977 0.0298529 -37.238 -68.87 1.906
-37.0221 -68.9246 1.90683 0.622474 -37.238 -68.87 1.906
-37.0221 -68.9246 1.90683 0.622474 -37.238 -68.87 1.906
-37.1819 -68.9213 1.90432 0.315647 -37.238 -68.87 1.906
-36.8429 -69.1386 1.90752 0.10533 -37.238 -68.87 1.906
-37.093 -68.824 1.90047 0.278596 -37.238 -68.87 1.906
-37.1819 -68.9213 1.90432 0.315647 -37.238 -68.87 1.906
-36.9795 -69.0719 1.91328 0.14093 -37.238 -68.87 1.906
-37.0221 -68.9246 1.90683 0.622474 -37.238 -68.87 1.906
-37.0221 -68.9246 1.90683 0.622474 -37.238 -68.87 1.906
-37.093 -68.824 1.90047 0.278596 -37.238 -68.87 1.906
-37.0815 -69.0148 1.90216 0.257079 -37.238 -68.87 1.906
-37.0221 -68.9246 1.90683 0.622474 -37.238 -68.87 1.906
-37.1188 -68.7733 1.90782 0.171653 -37.238 -68.87 1.906
-37.0697 -69.238 1.91182 0.0290061 -37.238 -68.87 1.906
-37.093 -68.824 1.90047 0.278596 -37.238 -68.87 1.906
-37.093 -68.824 1.90047 0.278596 -37.238 -68.87 1.906
-37.1188 -68.7733 1.90782 0.171653 -37.238 -68.87 1.906
-37.0221 -68.9246 1.90683 0.622474 -37.238 -68.87 1.906
-37.3395 -68.7413 1.89977 0.0298529 -37.238 -68.87 1.906
-37.0221 -68.9246 1.90683 0.622474 -37.238 -68.87 1.906
-37.0815 -69.0148 1.90216 0.257079 -37.238 -68.87 1.906
-37.1188 -68.7733 1.90782 0.171653 -37.238 -68.87 1.906
-37.0221 -68.9246 1.90683 0.622474 -37.238 -68.87 1.906
-37.0894 -68.6583 1.89606 0.0252856 -37.238 -68.87 1.906
-36.8879 -68.7881 1.8955 0.00625509 -37.238 -68.87 1.906
-37.4008 -68.8773 1.89749 0.0106575 -37.238 -68.87 1.906
-36.8731 -69.166 1.90856 0.107685 -37.238 -68.87 1.906
-37.1981 -68.7114 1.90661 0.0613373 -37.238 -68.87 1.906
-37.0221 -68.9246 1.90683 0.622474 -37.238 -68.87 1.906
-36.8828 -68.9585 1.91462 0.099319 -37.238 -68.87 1.906
-37.0221 -68.9246 1.90683 0.622474 -37.238 -68.87 1.906
-37.0081 -68.7924 1.91171 0.0965601 -37.238 -68.87 1.906
-37.1819 -68.9213 1.90432 0.315647 -37.238 -68.87 1.906
-37.1188 -68.7733 1.90782 0.171653 -37.238 -68.87 1.906
-36.9795 -69.0719 1.91328 0.14093 -37.238 -68.87 1.906
-37.0221 -68.9246 1.90683 0.622474 -37.238 -68.87 1.906
-37.0221 -68.9246 1.90683 0.622474 -37.238 -68.87 1.906
-37.2285 -68.9275 1.90472 0.197104 -37.238 -68.87 1.906
-37.1188 -68.7733 1.90782 0.171653 -37.238 -68.87 1.906
-36.9795 -69.0719 1.91328 0.14093 -37.238 -68.87 1.906
-37.0857 -68.989 1.90955 0.314989 -37.238 -68.87 1.906
-37.0221 -68.9246 1.90683 0.622474 -37.238 -68.87 1.906
-37.0081 -68.7924 1.91171 0.0965601 -37.238 -68.87 1.906
-37.2727 -68.7512 1.90317 0.0738371 -37.238 -68.87 1.906
-37.0815 -69.0148 1.90216 0.257079 -37.238 -68.87 1.906
-37.0857 -68.989 1.90955 0.314989 -37.238 -68.87 1.906
-36.8429 -69.1386 1.90752 0.10533 -37.238 -68.87 1.906
-37.0857 -68.989 1.90955 0.314989 -37.238 -68.87 1.906
-37.093 -68.824 1.90047 0.278596 -37.238 -68.87 1.906
-37.093 -68.824 1.90047 0.278596 -37.238 -68.87 1.906
-37.0857 -68.989 1.90955 0.314989 -37.238 -68.87 1.906
-36.8731 -69.166 1.90856 0.107685 -37.238 -68.87 1.906
-37.1819 -68.9213 1.90432 0.315647 -37.238 -68.87 1.906
-37.1903 -68.6756 1.89619 0.0301708 -37.238 -68.87 1.906
-37.0221 -68.9246 1.90683 0.622474 -37.238 -68.87 1.906
-37.2285 -68.9275 1.90472 0.197104 -37.238 -68.87 1.906
-37.0857 -68.989 1.90955 0.314989 -37.238 -68.87 1.906
-37.1903 -68.6756 1.89619 0.0301708 -37.238 -68.87 1.906
-37.0697 -69.238 1.91182 0.0290061 -37.238 -68.87 1.906
-37.1188 -68.7733 1.90782 0.171653 -37.238 -68.87 1.906
-37.2285 -68.9275 1.90472 0.197104 -37.238 -68.87 1.906
-37.1948 -68.6924 1.899 0.0744529 -37.238 -68.87 1.906
-36.8828 -68.9585 1.91462 0.099319 -37.238 -68.87 1.906
-37.1819 -68.9213 1.90432 0.315647 -37.238 -68.87 1.906
-37.2032 -68.715 1.89672 0.0455276 -37.238 -68.87 1.906
-37.0857 -68.989 1.90955 0.314989 -37.238 -68.87 1.906
-37.0221 -68.9246 1.90683 0.622474 -37.238 -68.87 1.906
-37.093 -68.824 1.90047 0.278596 -37.238 -68.87 1.906
-37.2915 -68.778 1.91103 0.00455519 -37.238 -68.87 1.906
-37.2527 -69.1099 1.90195 0.0341284 -37.238 -68.87 1.906
-37.0857 -68.989 1.90955 0.314989 -37.238 -68.87 1.906
-37.1903 -68.6756 1.89619 0.0301708 -37.238 -68.87 1.906
-37.1948 -68.6924 1.899 0.0744529 -37.238 -68.87 1.906
-37.0815 -69.0148 1.90216 0.257079 -37.238 -68.87 1.906
-36.9795 -69.0719 1.91328 0.14093 -37.238 -68.87 1.906
-37.0221 -68.9246 1.90683 0.622474 -37.238 -68.87 1.906
-37.0815 -69.0148 1.90216 0.257079 -37.238 -68.87 1.906
-36.9795 -69.0719 1.91328 0.14093 -37.238 -68.87 1.906
-36.8429 -69.1386 1.90752 0.10533 -37.238 -68.87 1.906
-37.1188 -68.7733 1.90782 0.171653 -37.238 -68.87 1.906
-37.0815 -69.0148 1.90216 0.257079 -37.238 -68.87 1.906
-37.0221 -68.9246 1.90683 0.622474 -37.238 -68.87 1.906
-37.0221 -68.9246 1.90683 0.622474 -37.238 -68.87 1.906
-37.0081 -68.7924 1.91171 0.0965601 -37.238 -68.87 1.906
-37.0221 -68.9246 1.90683 0.622474 -37.238 -68.87 1.906
-37.093 -68.824 1.90047 0.278596 -37.238 -68.87 1.906
-37.0815 -69.0148 1.90216 0.257079 -37.238 -68.87 1.906
-36.9795 -69.0719 1.91328 0.14093 -37.238 -68.87 1.906
-37.1188 -68.7733 1.90782 0.171653 -37.238 -68.87 1.906
-37.0815 -69.0148 1.90216 0.257079 -37.238 -68.87 1.906
