263.984 -15.6581 3.66498 0.691716 264.11 -15.846 3.6672
264.08 -15.6291 3.66024 0.099235 264.11 -15.846 3.6672
264.11 -15.876 3.66336 0.176909 264.11 -15.846 3.6672
263.875 -15.8384 3.66176 0.332292 264.11 -15.846 3.6672
263.984 -15.6581 3.66498 0.691716 264.11 -15.846 3.6672
264.194 -15.7492 3.66435 0.240764 264.11 -15.846 3.6672
264.406 -15.7338 3.66954 0.107695 264.11 -15.846 3.6672
263.984 -15.6581 3.66498 0.691716 264.11 -15.846 3.6672
264.194 -15.7492 3.66435 0.240764 264.11 -15.846 3.6672
264.194 -15.7492 3.66435 0.240764 264.11 -15.846 3.6672
264.047 -15.6008 3.66339 0.382957 264.11 -15.846 3.6672
264.241 -15.6173 3.6684 0.284612 264.11 -15.846 3.6672
264.11 -15.876 3.66336 0.176909 264.11 -15.846 3.6672
263.984 -15.6581 3.66498 0.691716 264.11 -15.846 3.6672
264.194 -15.7492 3.66435 0.240764 264.11 -15.846 3.6672
263.984 -15.6581 3.66498 0.691716 264.11 -15.846 3.6672
264.241 -15.6173 3.6684 0.284612 264.11 -15.846 3.6672
264.189 -15.5976 3.66481 0.151937 264.11 -15.846 3.6672
264.194 -15.7492 3.66435 0.240764 264.11 -15.846 3.6672
263.828 -15.5406 3.65551 0.0811438 264.11 -15.846 3.6672
263.916 -15.9367 3.66341 0.127599 264.11 -15.846 3.6672
264.047 -15.6008 3.66339 0.382957 264.11 -15.846 3.6672
263.984 -15.6581 3.66498 0.691716 264.11 -15.846 3.6672
264.138 -16.0835 3.66592 0.00947515 264.11 -15.846 3.6672
263.984 -15.6581 3.66498 0.691716 264.11 -15.846 3.6672
264.296 -15.6611 3.6745 0.265846 264.11 -15.846 3.6672
264.241 -15.6173 3.6684 0.284612 264.11 -15.846 3.6672
263.87 -15.606 3.65983 0.372435 264.11 -15.846 3.6672
264.047 -15.6008 3.66339 0.382957 264.11 -15.846 3.6672
264.241 -15.6173 3.6684 0.284612 264.11 -15.846 3.6672
263.984 -15.6581 3.66498 0.691716 264.11 -15.846 3.6672
264.406 -15.7338 3.66954 0.107695 264.11 -15.846 3.6672
263.729 -15.7228 3.6537 0.0824977 264.11 -15.846 3.6672
264.11 -15.876 3.66336 0.176909 264.11 -15.846 3.6672
264.11 -15.876 3.66336 0.176909 264.11 -15.846 3.6672
263.984 -15.6581 3.66498 0.691716 264.11 -15.846 3.6672
263.743 -15.5639 3.66204 0.0677594 264.11 -15.846 3.6672
264.296 -15.6611 3.6745 0.265846 264.11 -15.846 3.6672
263.875 -15.8384 3.66176 0.332292 264.11 -15.846 3.6672
263.72 -15.6414 3.66323 0.0512017 264.11 -15.846 3.6672
263.591 -15.8065 3.6588 0.02223 264.11 -15.846 3.6672
264.047 -15.6008 3.66339 0.382957 264.11 -15.846 3.6672
263.725 -15.9008 3.66197 0.0327884 264.11 -15.846 3.6672
264.047 -15.6008 3.66339 0.382957 264.11 -15.846 3.6672
264.047 -15.6008 3.66339 0.382957 264.11 -15.846 3.6672
264.11 -15.876 3.66336 0.176909 264.11 -15.846 3.6672
263.984 -15.6581 3.66498 0.691716 264.11 -15.846 3.6672
263.875 -15.8384 3.66176 0.332292 264.11 -15.846 3.6672
264.047 -15.6008 3.66339 0.382957 264.11 -15.846 3.6672
264.241 -15.6173 3.6684 0.284612 264.11 -15.846 3.6672
264.194 -15.7492 3.66435 0.240764 264.11 -15.846 3.6672
263.875 -15.8384 3.66176 0.332292 264.11 -15.846 3.6672
264.11 -15.876 3.66336 0.176909 264.11 -15.846 3.6672
263.984 -15.6581 3.66498 0.691716 264.11 -15.846 3.6672
264.047 -15.6008 3.66339 0.382957 264.11 -15.846 3.6672
263.984 -15.6581 3.66498 0.691716 264.11 -15.846 3.6672
264.241 -15.6173 3.6684 0.284612 264.11 -15.846 3.6672
263.875 -15.8384 3.66176 0.332292 264.11 -15.846 3.6672
264.047 -15.6008 3.66339 0.382957 264.11 -15.846 3.6672
264.194 -15.7492 3.66435 0.240764 264.11 -15.846 3.6672
263.984 -15.6581 3.66498 0.691716 264.11 -15.846 3.6672
263.984 -15.6581 3.66498 0.691716 264.11 -15.846 3.6672
263.852 -15.7238 3.66689 0.120252 264.11 -15.846 3.6672
263.875 -15.8384 3.66176 0.332292 264.11 -15.846 3.6672
263.874 -15.6734 3.66577 0.239183 264.11 -15.846 3.6672
264.11 -15.876 3.66336 0.176909 264.11 -15.846 3.6672
264.296 -15.6611 3.6745 0.265846 264.11 -15.846 3.6672
264.194 -15.7492 3.66435 0.240764 264.11 -15.846 3.6672
264.047 -15.6008 3.66339 0.382957 264.11 -15.846 3.6672
264.189 -15.5976 3.66481 0.151937 264.11 -15.846 3.6672
263.874 -15.6734 3.66577 0.239183 264.11 -15.846 3.6672
263.591 -15.8065 3.6588 0.02223 264.11 -15.846 3.6672
264.112 -15.5229 3.6693 0.0825542 264.11 -15.846 3.6672
264.194 -15.7492 3.66435 0.240764 264.11 -15.846 3.6672
263.874 -15.6734 3.66577 0.239183 264.11 -15.846 3.6672
264.047 -15.6008 3.66339 0.382957 264.11 -15.846 3.6672
264.189 -15.5976 3.66481 0.151937 264.11 -15.846 3.6672
263.828 -15.5406 3.65551 0.0811438 264.11 -15.846 3.6672
263.767 -15.475 3.6567 0.0600059 264.11 -15.846 3.6672
263.875 -15.8384 3.66176 0.332292 264.11 -15.846 3.6672
264.296 -15.6611 3.6745 0.265846 264.11 -15.846 3.6672
264.339 -15.6748 3.66706 0.076173 264.11 -15.846 3.6672
263.874 -15.6734 3.66577 0.239183 264.11 -15.846 3.6672
263.87 -15.606 3.65983 0.372435 264.11 -15.846 3.6672
263.72 -15.6414 3.66323 0.0512017 264.11 -15.846 3.6672
264.11 -15.876 3.66336 0.176909 264.11 -15.846 3.6672
264.047 -15.6008 3.66339 0.382957 264.11 -15.846 3.6672
263.984 -15.6581 3.66498 0.691716 264.11 -15.846 3.6672
263.87 -15.606 3.65983 0.372435 264.11 -15.846 3.6672
263.729 -15.7228 3.6537 0.0824977 264.11 -15.846 3.6672
263.874 -15.6734 3.66577 0.239183 264.11 -15.846 3.6672
264.08 -15.6291 3.66024 0.099235 264.11 -15.846 3.6672
263.984 -15.6581 3.66498 0.691716 264.11 -15.846 3.6672
263.995 -15.8083 3.65804 0.0540433 264.11 -15.846 3.6672
264.296 -15.6611 3.6745 0.265846 264.11 -15.846 3.6672
263.984 -15.6581 3.66498 0.691716 264.11 -15.846 3.6672
264.189 -15.5976 3.66481 0.151937 264.11 -15.846 3.6672
264.08 -15.6291 3.66024 0.099235 264.11 -15.846 3.6672
263.87 -15.606 3.65983 0.372435 264.11 -15.846 3.6672
264.047 -15.6008 3.66339 0.382957 264.11 -15.846 3.6672
263.729 -15.7228 3.6537 0.0824977 264.11 -15.846 3.6672
264.047 -15.6008 3.66339 0.382957 264.11 -15.846 3.6672
263.835 -15.6016 3.66444 0.138531 264.11 -15.846 3.6672
264.197 -15.4954 3.67478 0.00590961 264.11 -15.846 3.6672
264.047 -15.6008 3.66339 0.382957 264.11 -15.846 3.6672
263.87 -15.606 3.65983 0.372435 264.11 -15.846 3.6672
264.241 -15.6173 3.6684 0.284612 264.11 -15.846 3.6672
263.835 -15.6016 3.66444 0.138531 264.11 -15.846 3.6672
264.406 -15.7338 3.66954 0.107695 264.11 -15.846 3.6672
263.984 -15.6581 3.66498 0.691716 264.11 -15.846 3.6672
264.194 -15.7492 3.66435 0.240764 264.11 -15.846 3.6672
264.148 -16.0104 3.6711 0.119379 264.11 -15.846 3.6672
264.241 -15.6173 3.6684 0.284612 264.11 -15.846 3.6672
264.406 -15.7338 3.66954 0.107695 264.11 -15.846 3.6672
264.339 -15.6748 3.66706 0.076173 264.11 -15.846 3.6672
263.875 -15.8384 3.66176 0.332292 264.11 -15.846 3.6672
263.984 -15.6581 3.66498 0.691716 264.11 -15.846 3.6672
263.874 -15.6734 3.66577 0.239183 264.11 -15.846 3.6672
264.296 -15.6611 3.6745 0.265846 264.11 -15.846 3.6672
264.296 -15.6611 3.6745 0.265846 264.11 -15.846 3.6672
263.875 -15.8384 3.66176 0.332292 264.11 -15.846 3.6672
263.554 -15.6335 3.65777 0.0257974 264.11 -15.846 3.6672
264.189 -15.5976 3.66481 0.151937 264.11 -15.846 3.6672
263.984 -15.6581 3.66498 0.691716 264.11 -15.846 3.6672
264.189 -15.5976 3.66481 0.151937 264.11 -15.846 3.6672
263.698 -15.6616 3.65336 0.0983736 264.11 -15.846 3.6672
264.296 -15.6611 3.6745 0.265846 264.11 -15.846 3.6672
264.296 -15.6611 3.6745 0.265846 264.11 -15.846 3.6672
263.828 -15.5406 3.65551 0.0811438 264.11 -15.846 3.6672
263.835 -15.6016 3.66444 0.138531 264.11 -15.846 3.6672
263.875 -15.8384 3.66176 0.332292 264.11 -15.846 3.6672
264.26 -15.6849 3.66231 0.0154418 264.11 -15.846 3.6672
263.696 -15.8791 3.65926 0.0448595 264.11 -15.846 3.6672
263.828 -15.5406 3.65551 0.0811438 264.11 -15.846 3.6672
263.67 -15.6149 3.65179 0.0554431 264.11 -15.846 3.6672
263.87 -15.606 3.65983 0.372435 264.11 -15.846 3.6672
264.194 -15.7492 3.66435 0.240764 264.11 -15.846 3.6672
263.984 -15.6581 3.66498 0.691716 264.11 -15.846 3.6672
264.241 -15.6173 3.6684 0.284612 264.11 -15.846 3.6672
263.984 -15.6581 3.66498 0.691716 264.11 -15.846 3.6672
263.554 -15.6335 3.65777 0.0257974 264.11 -15.846 3.6672
263.874 -15.6734 3.66577 0.239183 264.11 -15.846 3.6672
263.984 -15.6581 3.66498 0.691716 264.11 -15.846 3.6672
264.296 -15.6611 3.6745 0.265846 264.11 -15.846 3.6672
263.875 -15.8384 3.66176 0.332292 264.11 -15.846 3.6672
263.725 -15.9008 3.66197 0.0327884 264.11 -15.846 3.6672
264.241 -15.6173 3.6684 0.284612 264.11 -15.846 3.6672
263.995 -15.8083 3.65804 0.0540433 264.11 -15.846 3.6672
264.194 -15.7492 3.66435 0.240764 264.11 -15.846 3.6672
263.87 -15.606 3.65983 0.372435 264.11 -15.846 3.6672
263.984 -15.6581 3.66498 0.691716 264.11 -15.846 3.6672
263.961 -15.9483 3.66189 0.0797351 264.11 -15.846 3.6672
263.984 -15.6581 3.66498 0.691716 264.11 -15.846 3.6672
263.984 -15.6581 3.66498 0.691716 264.11 -15.846 3.6672
264.11 -15.876 3.66336 0.176909 264.11 -15.846 3.6672
263.715 -15.6359 3.65162 0.0395908 264.11 -15.846 3.6672
263.835 -15.6016 3.66444 0.138531 264.11 -15.846 3.6672
263.984 -15.6581 3.66498 0.691716 264.11 -15.846 3.6672
263.591 -15.8065 3.6588 0.02223 264.11 -15.846 3.6672
263.835 -15.6016 3.66444 0.138531 264.11 -15.846 3.6672
264.194 -15.7492 3.66435 0.240764 264.11 -15.846 3.6672
263.984 -15.6581 3.66498 0.691716 264.11 -15.846 3.6672
263.87 -15.606 3.65983 0.372435 264.11 -15.846 3.6672
263.87 -15.606 3.65983 0.372435 264.11 -15.846 3.6672
263.984 -15.6581 3.66498 0.691716 264.11 -15.846 3.6672
263.767 -15.475 3.6567 0.0600059 264.11 -15.846 3.6672
263.984 -15.6581 3.66498 0.691716 264.11 -15.846 3.6672
264.296 -15.6611 3.6745 0.265846 264.11 -15.846 3.6672
264.241 -15.6173 3.6684 0.284612 264.11 -15.846 3.6672
263.67 -15.6149 3.65179 0.0554431 264.11 -15.846 3.6672
264.189 -15.5976 3.66481 0.151937 264.11 -15.846 3.6672
264.047 -15.6008 3.66339 0.382957 264.11 -15.846 3.6672
263.984 -15.6581 3.66498 0.691716 264.11 -15.846 3.6672
263.875 -15.8384 3.66176 0.332292 264.11 -15.846 3.6672
264.406 -15.7338 3.66954 0.107695 264.11 -15.846 3.6672
263.729 -15.7228 3.6537 0.0824977 264.11 -15.846 3.6672
264.11 -15.876 3.66336 0.176909 264.11 -15.846 3.6672
264.189 -15.5976 3.66481 0.151937 264.11 -15.846 3.6672
263.591 -15.8065 3.6588 0.02223 264.11 -15.846 3.6672
264.148 -16.0104 3.6711 0.119379 264.11 -15.846 3.6672
264.241 -15.6173 3.6684 0.284612 264.11 -15.846 3.6672
263.767 -15.475 3.6567 0.0600059 264.11 -15.846 3.6672
264.148 -16.0104 3.6711 0.119379 264.11 -15.846 3.6672
263.875 -15.8384 3.66176 0.332292 264.11 -15.846 3.6672
263.875 -15.8384 3.66176 0.332292 264.11 -15.846 3.6672
263.984 -15.6581 3.66498 0.691716 264.11 -15.846 3.6672
264.229 -16.094 3.67545 0.0194541 264.11 -15.846 3.6672
263.696 -15.8791 3.65926 0.0448595 264.11 -15.846 3.6672
263.875 -15.8384 3.66176 0.332292 264.11 -15.846 3.6672
264.047 -15.6008 3.66339 0.382957 264.11 -15.846 3.6672
263.72 -15.6414 3.66323 0.0512017 264.11 -15.846 3.6672
264.406 -15.7338 3.66954 0.107695 264.11 -15.846 3.6672
263.984 -15.6581 3.66498 0.691716 264.11 -15.846 3.6672
263.874 -15.6734 3.66577 0.239183 264.11 -15.846 3.6672
264.241 -15.6173 3.6684 0.284612 264.11 -15.846 3.6672
263.875 -15.8384 3.66176 0.332292 264.11 -15.846 3.6672
263.984 -15.6581 3.66498 0.691716 264.11 -15.846 3.6672
264.339 -15.6748 3.66706 0.076173 264.11 -15.846 3.6672
264.071 -15.8983 3.65941 0.0153695 264.11 -15.846 3.6672
263.852 -15.7238 3.66689 0.120252 264.11 -15.846 3.6672
