56.472 13.2388 0.139814 0.00298472 56.429 13.164 0.13979
56.3287 13.096 0.145296 0.000201732 56.429 13.164 0.13979
56.3655 13.1248 0.139783 0.00387629 56.429 13.164 0.13979
56.5802 13.2008 0.136676 0.00415605 56.429 13.164 0.13979
56.5447 13.0518 0.137059 0.0114431 56.429 13.164 0.13979
56.5447 13.0518 0.137059 0.0114431 56.429 13.164 0.13979
56.2837 13.1559 0.137102 0.000586835 56.429 13.164 0.13979
56.5447 13.0518 0.137059 0.0114431 56.429 13.164 0.13979
56.6489 13.0972 0.135517 0.00558987 56.429 13.164 0.13979
56.2837 13.1559 0.137102 0.000586835 56.429 13.164 0.13979
56.472 13.2388 0.139814 0.00298472 56.429 13.164 0.13979
56.6243 13.2384 0.134394 0.000983834 56.429 13.164 0.13979
56.6489 13.0972 0.135517 0.00558987 56.429 13.164 0.13979
56.4498 12.9812 0.134207 0.00358068 56.429 13.164 0.13979
56.0755 13.004 0.143606 1.74972e-06 56.429 13.164 0.13979
56.472 13.2388 0.139814 0.00298472 56.429 13.164 0.13979
56.3655 13.1248 0.139783 0.00387629 56.429 13.164 0.13979
56.6935 13.1578 0.135065 0.00205112 56.429 13.164 0.13979
56.6243 13.2384 0.134394 0.000983834 56.429 13.164 0.13979
56.3655 13.1248 0.139783 0.00387629 56.429 13.164 0.13979
56.6654 13.1409 0.137809 0.00337966 56.429 13.164 0.13979
56.5987 13.2282 0.136516 0.00251184 56.429 13.164 0.13979
56.415 13.0078 0.136081 0.00505838 56.429 13.164 0.13979
56.6138 13.1104 0.130604 0.000584514 56.429 13.164 0.13979
56.5802 13.2008 0.136676 0.00415605 56.429 13.164 0.13979
56.5447 13.0518 0.137059 0.0114431 56.429 13.164 0.13979
56.4691 13.1312 0.135878 0.00621591 56.429 13.164 0.13979
56.5447 13.0518 0.137059 0.0114431 56.429 13.164 0.13979
56.5447 13.0518 0.137059 0.0114431 56.429 13.164 0.13979
56.6935 13.1578 0.135065 0.00205112 56.429 13.164 0.13979
56.3655 13.1248 0.139783 0.00387629 56.429 13.164 0.13979
56.5447 13.0518 0.137059 0.0114431 56.429 13.164 0.13979
56.5447 13.0518 0.137059 0.0114431 56.429 13.164 0.13979
56.5802 13.2008 0.136676 0.00415605 56.429 13.164 0.13979
56.5987 13.2282 0.136516 0.00251184 56.429 13.164 0.13979
56.5447 13.0518 0.137059 0.0114431 56.429 13.164 0.13979
56.2943 13.1209 0.137297 0.000990804 56.429 13.164 0.13979
56.6935 13.1578 0.135065 0.00205112 56.429 13.164 0.13979
56.6654 13.1409 0.137809 0.00337966 56.429 13.164 0.13979
56.4498 12.9812 0.134207 0.00358068 56.429 13.164 0.13979
56.542 12.965 0.129834 0.000442015 56.429 13.164 0.13979
56.472 13.2388 0.139814 0.00298472 56.429 13.164 0.13979
56.542 12.965 0.129834 0.000442015 56.429 13.164 0.13979
56.415 13.0078 0.136081 0.00505838 56.429 13.164 0.13979
56.6243 13.2384 0.134394 0.000983834 56.429 13.164 0.13979
56.5447 13.0518 0.137059 0.0114431 56.429 13.164 0.13979
56.6102 12.6729 0.134991 1.98225e-05 56.429 13.164 0.13979
56.6489 13.0972 0.135517 0.00558987 56.429 13.164 0.13979
56.5447 13.0518 0.137059 0.0114431 56.429 13.164 0.13979
56.6489 13.0972 0.135517 0.00558987 56.429 13.164 0.13979
56.415 13.0078 0.136081 0.00505838 56.429 13.164 0.13979
56.415 13.0078 0.136081 0.00505838 56.429 13.164 0.13979
56.542 12.965 0.129834 0.000442015 56.429 13.164 0.13979
56.6489 13.0972 0.135517 0.00558987 56.429 13.164 0.13979
56.3655 13.1248 0.139783 0.00387629 56.429 13.164 0.13979
56.4498 12.9812 0.134207 0.00358068 56.429 13.164 0.13979
56.415 13.0078 0.136081 0.00505838 56.429 13.164 0.13979
56.6489 13.0972 0.135517 0.00558987 56.429 13.164 0.13979
56.4691 13.1312 0.135878 0.00621591 56.429 13.164 0.13979
56.4691 13.1312 0.135878 0.00621591 56.429 13.164 0.13979
56.6654 13.1409 0.137809 0.00337966 56.429 13.164 0.13979
56.6935 13.1578 0.135065 0.00205112 56.429 13.164 0.13979
56.5987 13.2282 0.136516 0.00251184 56.429 13.164 0.13979
56.5447 13.0518 0.137059 0.0114431 56.429 13.164 0.13979
56.4498 12.9812 0.134207 0.00358068 56.429 13.164 0.13979
56.5447 13.0518 0.137059 0.0114431 56.429 13.164 0.13979
56.6654 13.1409 0.137809 0.00337966 56.429 13.164 0.13979
56.5447 13.0518 0.137059 0.0114431 56.429 13.164 0.13979
56.4498 12.9812 0.134207 0.00358068 56.429 13.164 0.13979
56.5447 13.0518 0.137059 0.0114431 56.429 13.164 0.13979
56.4691 13.1312 0.135878 0.00621591 56.429 13.164 0.13979
56.5447 13.0518 0.137059 0.0114431 56.429 13.164 0.13979
56.485 13.1704 0.145287 0.000252235 56.429 13.164 0.13979
56.6489 13.0972 0.135517 0.00558987 56.429 13.164 0.13979
56.5447 13.0518 0.137059 0.0114431 56.429 13.164 0.13979
56.5447 13.0518 0.137059 0.0114431 56.429 13.164 0.13979
56.4498 12.9812 0.134207 0.00358068 56.429 13.164 0.13979
56.415 13.0078 0.136081 0.00505838 56.429 13.164 0.13979
56.3655 13.1248 0.139783 0.00387629 56.429 13.164 0.13979
56.415 13.0078 0.136081 0.00505838 56.429 13.164 0.13979
56.6243 13.2384 0.134394 0.000983834 56.429 13.164 0.13979
56.4498 12.9812 0.134207 0.00358068 56.429 13.164 0.13979
56.6489 13.0972 0.135517 0.00558987 56.429 13.164 0.13979
56.3655 13.1248 0.139783 0.00387629 56.429 13.164 0.13979
56.4498 12.9812 0.134207 0.00358068 56.429 13.164 0.13979
56.6654 13.1409 0.137809 0.00337966 56.429 13.164 0.13979
56.5447 13.0518 0.137059 0.0114431 56.429 13.164 0.13979
56.5447 13.0518 0.137059 0.0114431 56.429 13.164 0.13979
56.3655 13.1248 0.139783 0.00387629 56.429 13.164 0.13979
56.6489 13.0972 0.135517 0.00558987 56.429 13.164 0.13979
56.472 13.2388 0.139814 0.00298472 56.429 13.164 0.13979
56.5802 13.2008 0.136676 0.00415605 56.429 13.164 0.13979
56.4691 13.1312 0.135878 0.00621591 56.429 13.164 0.13979
56.3655 13.1248 0.139783 0.00387629 56.429 13.164 0.13979
56.2943 13.1209 0.137297 0.000990804 56.429 13.164 0.13979
56.415 13.0078 0.136081 0.00505838 56.429 13.164 0.13979
56.415 13.0078 0.136081 0.00505838 56.429 13.164 0.13979
56.5987 13.2282 0.136516 0.00251184 56.429 13.164 0.13979
56.5987 13.2282 0.136516 0.00251184 56.429 13.164 0.13979
56.472 13.2388 0.139814 0.00298472 56.429 13.164 0.13979
56.6821 13.2909 0.135398 0.000293691 56.429 13.164 0.13979
56.5447 13.0518 0.137059 0.0114431 56.429 13.164 0.13979
56.5323 13.1896 0.129253 3.2852e-05 56.429 13.164 0.13979
56.6654 13.1409 0.137809 0.00337966 56.429 13.164 0.13979
56.4691 13.1312 0.135878 0.00621591 56.429 13.164 0.13979
56.6243 13.2384 0.134394 0.000983834 56.429 13.164 0.13979
56.5447 13.0518 0.137059 0.0114431 56.429 13.164 0.13979
56.6935 13.1578 0.135065 0.00205112 56.429 13.164 0.13979
56.4498 12.9812 0.134207 0.00358068 56.429 13.164 0.13979
56.4691 13.1312 0.135878 0.00621591 56.429 13.164 0.13979
56.5802 13.2008 0.136676 0.00415605 56.429 13.164 0.13979
56.3655 13.1248 0.139783 0.00387629 56.429 13.164 0.13979
56.3655 13.1248 0.139783 0.00387629 56.429 13.164 0.13979
56.5447 13.0518 0.137059 0.0114431 56.429 13.164 0.13979
56.5987 13.2282 0.136516 0.00251184 56.429 13.164 0.13979
56.3655 13.1248 0.139783 0.00387629 56.429 13.164 0.13979
56.5987 13.2282 0.136516 0.00251184 56.429 13.164 0.13979
56.4691 13.1312 0.135878 0.00621591 56.429 13.164 0.13979
56.415 13.0078 0.136081 0.00505838 56.429 13.164 0.13979
56.4691 13.1312 0.135878 0.00621591 56.429 13.164 0.13979
56.6489 13.0972 0.135517 0.00558987 56.429 13.164 0.13979
56.6935 13.1578 0.135065 0.00205112 56.429 13.164 0.13979
56.4498 12.9812 0.134207 0.00358068 56.429 13.164 0.13979
56.6935 13.1578 0.135065 0.00205112 56.429 13.164 0.13979
56.6489 13.0972 0.135517 0.00558987 56.429 13.164 0.13979
56.6654 13.1409 0.137809 0.00337966 56.429 13.164 0.13979
56.5447 13.0518 0.137059 0.0114431 56.429 13.164 0.13979
56.5987 13.2282 0.136516 0.00251184 56.429 13.164 0.13979
56.4691 13.1312 0.135878 0.00621591 56.429 13.164 0.13979
56.472 13.2388 0.139814 0.00298472 56.429 13.164 0.13979
56.5447 13.0518 0.137059 0.0114431 56.429 13.164 0.13979
56.4691 13.1312 0.135878 0.00621591 56.429 13.164 0.13979
56.3655 13.1248 0.139783 0.00387629 56.429 13.164 0.13979
56.6654 13.1409 0.137809 0.00337966 56.429 13.164 0.13979
56.6654 13.1409 0.137809 0.00337966 56.429 13.164 0.13979
56.4691 13.1312 0.135878 0.00621591 56.429 13.164 0.13979
56.5987 13.2282 0.136516 0.00251184 56.429 13.164 0.13979
56.472 13.2388 0.139814 0.00298472 56.429 13.164 0.13979
56.472 13.2388 0.139814 0.00298472 56.429 13.164 0.13979
56.5447 13.0518 0.137059 0.0114431 56.429 13.164 0.13979
56.6935 13.1578 0.135065 0.00205112 56.429 13.164 0.13979
56.415 13.0078 0.136081 0.00505838 56.429 13.164 0.13979
56.5447 13.0518 0.137059 0.0114431 56.429 13.164 0.13979
56.472 13.2388 0.139814 0.00298472 56.429 13.164 0.13979
56.6654 13.1409 0.137809 0.00337966 56.429 13.164 0.13979
56.6243 13.2384 0.134394 0.000983834 56.429 13.164 0.13979
56.6489 13.0972 0.135517 0.00558987 56.429 13.164 0.13979
56.5447 13.0518 0.137059 0.0114431 56.429 13.164 0.13979
56.6935 13.1578 0.135065 0.00205112 56.429 13.164 0.13979
56.472 13.2388 0.139814 0.00298472 56.429 13.164 0.13979
56.6489 13.0972 0.135517 0.00558987 56.429 13.164 0.13979
56.5447 13.0518 0.137059 0.0114431 56.429 13.164 0.13979
56.5802 13.2008 0.136676 0.00415605 56.429 13.164 0.13979
56.415 13.0078 0.136081 0.00505838 56.429 13.164 0.13979
56.472 13.2388 0.139814 0.00298472 56.429 13.164 0.13979
56.4691 13.1312 0.135878 0.00621591 56.429 13.164 0.13979
56.5447 13.0518 0.137059 0.0114431 56.429 13.164 0.13979
56.6935 13.1578 0.135065 0.00205112 56.429 13.164 0.13979
56.5447 13.0518 0.137059 0.0114431 56.429 13.164 0.13979
56.5802 13.2008 0.136676 0.00415605 56.429 13.164 0.13979
56.2313 13.0718 0.135464 0.000112538 56.429 13.164 0.13979
56.5447 13.0518 0.137059 0.0114431 56.429 13.164 0.13979
56.5447 13.0518 0.137059 0.0114431 56.429 13.164 0.13979
56.472 13.2388 0.139814 0.00298472 56.429 13.164 0.13979
56.6489 13.0972 0.135517 0.00558987 56.429 13.164 0.13979
56.5447 13.0518 0.137059 0.0114431 56.429 13.164 0.13979
56.6489 13.0972 0.135517 0.00558987 56.429 13.164 0.13979
56.5447 13.0518 0.137059 0.0114431 56.429 13.164 0.13979
56.3287 13.096 0.145296 0.000201732 56.429 13.164 0.13979
56.6654 13.1409 0.137809 0.00337966 56.429 13.164 0.13979
56.5447 13.0518 0.137059 0.0114431 56.429 13.164 0.13979
56.415 13.0078 0.136081 0.00505838 56.429 13.164 0.13979
56.6138 13.1104 0.130604 0.000584514 56.429 13.164 0.13979
56.4691 13.1312 0.135878 0.00621591 56.429 13.164 0.13979
56.6489 13.0972 0.135517 0.00558987 56.429 13.164 0.13979
56.6489 13.0972 0.135517 0.00558987 56.429 13.164 0.13979
56.6243 13.2384 0.134394 0.000983834 56.429 13.164 0.13979
56.5447 13.0518 0.137059 0.0114431 56.429 13.164 0.13979
56.6654 13.1409 0.137809 0.00337966 56.429 13.164 0.13979
56.3992 12.8661 0.137481 0.00102438 56.429 13.164 0.13979
56.4691 13.1312 0.135878 0.00621591 56.429 13.164 0.13979
56.5447 13.0518 0.137059 0.0114431 56.429 13.164 0.13979
56.472 13.2388 0.139814 0.00298472 56.429 13.164 0.13979
56.3655 13.1248 0.139783 0.00387629 56.429 13.164 0.13979
56.5987 13.2282 0.136516 0.00251184 56.429 13.164 0.13979
56.6489 13.0972 0.135517 0.00558987 56.429 13.164 0.13979
56.5447 13.0518 0.137059 0.0114431 56.429 13.164 0.13979
56.4498 12.9812 0.134207 0.00358068 56.429 13.164 0.13979
56.3992 12.8661 0.137481 0.00102438 56.429 13.164 0.13979
56.5802 13.2008 0.136676 0.00415605 56.429 13.164 0.13979
56.5447 13.0518 0.137059 0.0114431 56.429 13.164 0.13979
56.5802 13.2008 0.136676 0.00415605 56.429 13.164 0.13979
56.4691 13.1312 0.135878 0.00621591 56.429 13.164 0.13979
56.5987 13.2282 0.136516 0.00251184 56.429 13.164 0.13979
56.4498 12.9812 0.134207 0.00358068 56.429 13.164 0.13979
56.6489 13.0972 0.135517 0.00558987 56.429 13.164 0.13979
56.4691 13.1312 0.135878 0.00621591 56.429 13.164 0.13979
56.6489 13.0972 0.135517 0.00558987 56.429 13.164 0.13979
56.5802 13.2008 0.136676 0.00415605 56.429 13.164 0.13979
56.472 13.2388 0.139814 0.00298472 56.429 13.164 0.13979
