103.499 -25.734 3.41801 0.506432 103.28 -25.719 3.4146
103.571 -25.8382 3.40918 0.619578 103.28 -25.719 3.4146
103.721 -25.674 3.42024 0.242821 103.28 -25.719 3.4146
103.497 -25.6376 3.41142 0.589013 103.28 -25.719 3.4146
103.721 -25.674 3.42024 0.242821 103.28 -25.719 3.4146
103.424 -25.6067 3.41401 0.420836 103.28 -25.719 3.4146
103.497 -25.6376 3.41142 0.589013 103.28 -25.719 3.4146
103.571 -25.8382 3.40918 0.619578 103.28 -25.719 3.4146
103.499 -25.734 3.41801 0.506432 103.28 -25.719 3.4146
103.457 -25.6797 3.41851 0.328579 103.28 -25.719 3.4146
103.279 -25.572 3.41358 0.0530347 103.28 -25.719 3.4146
103.577 -25.8083 3.41004 0.804939 103.28 -25.719 3.4146
103.577 -25.8083 3.41004 0.804939 103.28 -25.719 3.4146
103.571 -25.8382 3.40918 0.619578 103.28 -25.719 3.4146
103.497 -25.6376 3.41142 0.589013 103.28 -25.719 3.4146
103.832 -25.4609 3.41569 0.0309635 103.28 -25.719 3.4146
103.171 -25.7442 3.41081 0.0190983 103.28 -25.719 3.4146
103.424 -25.6067 3.41401 0.420836 103.28 -25.719 3.4146
103.548 -25.4273 3.42248 0.0238837 103.28 -25.719 3.4146
103.209 -25.8402 3.40788 0.0270622 103.28 -25.719 3.4146
103.301 -25.5844 3.41358 0.0839673 103.28 -25.719 3.4146
103.499 -25.734 3.41801 0.506432 103.28 -25.719 3.4146
103.64 -25.8261 3.40948 0.527015 103.28 -25.719 3.4146
103.389 -25.5868 3.41374 0.258075 103.28 -25.719 3.4146
103.389 -25.5868 3.41374 0.258075 103.28 -25.719 3.4146
103.308 -25.5638 3.41751 0.0461296 103.28 -25.719 3.4146
103.481 -26.1384 3.41143 0.0259517 103.28 -25.719 3.4146
103.481 -26.1384 3.41143 0.0259517 103.28 -25.719 3.4146
103.497 -25.6376 3.41142 0.589013 103.28 -25.719 3.4146
103.424 -25.6067 3.41401 0.420836 103.28 -25.719 3.4146
103.497 -25.6376 3.41142 0.589013 103.28 -25.719 3.4146
103.577 -25.8083 3.41004 0.804939 103.28 -25.719 3.4146
103.619 -25.7777 3.40795 0.320255 103.28 -25.719 3.4146
103.451 -25.6206 3.41017 0.301042 103.28 -25.719 3.4146
103.499 -25.734 3.41801 0.506432 103.28 -25.719 3.4146
103.64 -25.8261 3.40948 0.527015 103.28 -25.719 3.4146
103.62 -25.4756 3.41445 0.176692 103.28 -25.719 3.4146
103.497 -25.6376 3.41142 0.589013 103.28 -25.719 3.4146
103.497 -25.6376 3.41142 0.589013 103.28 -25.719 3.4146
103.577 -25.8083 3.41004 0.804939 103.28 -25.719 3.4146
103.499 -25.734 3.41801 0.506432 103.28 -25.719 3.4146
103.389 -25.5868 3.41374 0.258075 103.28 -25.719 3.4146
103.577 -25.8083 3.41004 0.804939 103.28 -25.719 3.4146
103.619 -25.7777 3.40795 0.320255 103.28 -25.719 3.4146
103.577 -25.8083 3.41004 0.804939 103.28 -25.719 3.4146
103.571 -25.8382 3.40918 0.619578 103.28 -25.719 3.4146
103.389 -25.5868 3.41374 0.258075 103.28 -25.719 3.4146
103.619 -25.7777 3.40795 0.320255 103.28 -25.719 3.4146
103.424 -25.6067 3.41401 0.420836 103.28 -25.719 3.4146
103.497 -25.6376 3.41142 0.589013 103.28 -25.719 3.4146
103.497 -25.6376 3.41142 0.589013 103.28 -25.719 3.4146
103.629 -25.6118 3.42241 0.105238 103.28 -25.719 3.4146
103.64 -25.8261 3.40948 0.527015 103.28 -25.719 3.4146
103.457 -25.6797 3.41851 0.328579 103.28 -25.719 3.4146
103.64 -25.8261 3.40948 0.527015 103.28 -25.719 3.4146
103.301 -25.5844 3.41358 0.0839673 103.28 -25.719 3.4146
103.619 -25.7777 3.40795 0.320255 103.28 -25.719 3.4146
103.301 -25.5844 3.41358 0.0839673 103.28 -25.719 3.4146
103.457 -25.6797 3.41851 0.328579 103.28 -25.719 3.4146
103.64 -25.8261 3.40948 0.527015 103.28 -25.719 3.4146
103.577 -25.8083 3.41004 0.804939 103.28 -25.719 3.4146
103.497 -25.6376 3.41142 0.589013 103.28 -25.719 3.4146
103.577 -25.8083 3.41004 0.804939 103.28 -25.719 3.4146
103.451 -25.6206 3.41017 0.301042 103.28 -25.719 3.4146
103.457 -25.6797 3.41851 0.328579 103.28 -25.719 3.4146
103.499 -25.734 3.41801 0.506432 103.28 -25.719 3.4146
103.499 -25.734 3.41801 0.506432 103.28 -25.719 3.4146
103.64 -25.8261 3.40948 0.527015 103.28 -25.719 3.4146
103.62 -25.4756 3.41445 0.176692 103.28 -25.719 3.4146
103.577 -25.8083 3.41004 0.804939 103.28 -25.719 3.4146
103.368 -25.5137 3.42248 0.00878519 103.28 -25.719 3.4146
103.64 -25.8261 3.40948 0.527015 103.28 -25.719 3.4146
103.62 -25.4756 3.41445 0.176692 103.28 -25.719 3.4146
103.577 -25.8083 3.41004 0.804939 103.28 -25.719 3.4146
103.577 -25.8083 3.41004 0.804939 103.28 -25.719 3.4146
103.64 -25.8261 3.40948 0.527015 103.28 -25.719 3.4146
103.548 -25.4273 3.42248 0.0238837 103.28 -25.719 3.4146
103.497 -25.6376 3.41142 0.589013 103.28 -25.719 3.4146
103.619 -25.7777 3.40795 0.320255 103.28 -25.719 3.4146
103.499 -25.734 3.41801 0.506432 103.28 -25.719 3.4146
103.389 -25.5868 3.41374 0.258075 103.28 -25.719 3.4146
103.497 -25.6376 3.41142 0.589013 103.28 -25.719 3.4146
103.577 -25.8083 3.41004 0.804939 103.28 -25.719 3.4146
103.64 -25.8261 3.40948 0.527015 103.28 -25.719 3.4146
103.56 -25.7206 3.41903 0.46134 103.28 -25.719 3.4146
103.457 -25.6797 3.41851 0.328579 103.28 -25.719 3.4146
103.64 -25.8261 3.40948 0.527015 103.28 -25.719 3.4146
103.497 -25.6376 3.41142 0.589013 103.28 -25.719 3.4146
103.308 -25.5638 3.41751 0.0461296 103.28 -25.719 3.4146
103.499 -25.734 3.41801 0.506432 103.28 -25.719 3.4146
103.571 -25.8382 3.40918 0.619578 103.28 -25.719 3.4146
103.246 -25.7389 3.40747 0.0363301 103.28 -25.719 3.4146
103.481 -26.1384 3.41143 0.0259517 103.28 -25.719 3.4146
103.321 -25.6422 3.4133 0.174259 103.28 -25.719 3.4146
103.424 -25.6067 3.41401 0.420836 103.28 -25.719 3.4146
103.56 -25.7206 3.41903 0.46134 103.28 -25.719 3.4146
103.497 -25.6376 3.41142 0.589013 103.28 -25.719 3.4146
103.577 -25.8083 3.41004 0.804939 103.28 -25.719 3.4146
103.64 -25.8261 3.40948 0.527015 103.28 -25.719 3.4146
103.424 -25.6067 3.41401 0.420836 103.28 -25.719 3.4146
103.56 -25.7206 3.41903 0.46134 103.28 -25.719 3.4146
103.577 -25.8083 3.41004 0.804939 103.28 -25.719 3.4146
103.436 -25.9128 3.40609 0.14438 103.28 -25.719 3.4146
103.451 -25.6206 3.41017 0.301042 103.28 -25.719 3.4146
103.457 -25.6797 3.41851 0.328579 103.28 -25.719 3.4146
103.577 -25.8083 3.41004 0.804939 103.28 -25.719 3.4146
103.577 -25.8083 3.41004 0.804939 103.28 -25.719 3.4146
103.872 -25.8174 3.41077 0.0501891 103.28 -25.719 3.4146
103.571 -25.8382 3.40918 0.619578 103.28 -25.719 3.4146
103.577 -25.8083 3.41004 0.804939 103.28 -25.719 3.4146
103.424 -25.6067 3.41401 0.420836 103.28 -25.719 3.4146
103.383 -25.6186 3.42315 0.0103758 103.28 -25.719 3.4146
103.571 -25.8382 3.40918 0.619578 103.28 -25.719 3.4146
103.64 -25.8261 3.40948 0.527015 103.28 -25.719 3.4146
103.424 -25.6067 3.41401 0.420836 103.28 -25.719 3.4146
103.64 -25.8261 3.40948 0.527015 103.28 -25.719 3.4146
103.209 -25.8402 3.40788 0.0270622 103.28 -25.719 3.4146
103.246 -25.7389 3.40747 0.0363301 103.28 -25.719 3.4146
103.424 -25.6067 3.41401 0.420836 103.28 -25.719 3.4146
103.64 -25.8261 3.40948 0.527015 103.28 -25.719 3.4146
103.577 -25.8083 3.41004 0.804939 103.28 -25.719 3.4146
103.389 -25.5868 3.41374 0.258075 103.28 -25.719 3.4146
103.56 -25.7206 3.41903 0.46134 103.28 -25.719 3.4146
103.424 -25.6067 3.41401 0.420836 103.28 -25.719 3.4146
103.629 -25.6118 3.42241 0.105238 103.28 -25.719 3.4146
103.321 -25.6422 3.4133 0.174259 103.28 -25.719 3.4146
103.497 -25.6376 3.41142 0.589013 103.28 -25.719 3.4146
103.499 -25.734 3.41801 0.506432 103.28 -25.719 3.4146
103.497 -25.6376 3.41142 0.589013 103.28 -25.719 3.4146
103.64 -25.8261 3.40948 0.527015 103.28 -25.719 3.4146
103.64 -25.8261 3.40948 0.527015 103.28 -25.719 3.4146
103.564 -25.9974 3.4156 0.148208 103.28 -25.719 3.4146
103.577 -25.8083 3.41004 0.804939 103.28 -25.719 3.4146
103.657 -26.0566 3.40794 0.0566021 103.28 -25.719 3.4146
103.577 -25.8083 3.41004 0.804939 103.28 -25.719 3.4146
103.56 -25.7206 3.41903 0.46134 103.28 -25.719 3.4146
103.321 -25.6422 3.4133 0.174259 103.28 -25.719 3.4146
103.497 -25.6376 3.41142 0.589013 103.28 -25.719 3.4146
103.308 -25.5638 3.41751 0.0461296 103.28 -25.719 3.4146
103.571 -25.8382 3.40918 0.619578 103.28 -25.719 3.4146
103.571 -25.8382 3.40918 0.619578 103.28 -25.719 3.4146
103.56 -25.7206 3.41903 0.46134 103.28 -25.719 3.4146
103.571 -25.8382 3.40918 0.619578 103.28 -25.719 3.4146
103.619 -25.7777 3.40795 0.320255 103.28 -25.719 3.4146
103.577 -25.8083 3.41004 0.804939 103.28 -25.719 3.4146
103.571 -25.8382 3.40918 0.619578 103.28 -25.719 3.4146
103.457 -25.6797 3.41851 0.328579 103.28 -25.719 3.4146
103.571 -25.8382 3.40918 0.619578 103.28 -25.719 3.4146
103.457 -25.6797 3.41851 0.328579 103.28 -25.719 3.4146
103.424 -25.6067 3.41401 0.420836 103.28 -25.719 3.4146
103.571 -25.8382 3.40918 0.619578 103.28 -25.719 3.4146
103.571 -25.8382 3.40918 0.619578 103.28 -25.719 3.4146
103.457 -25.6797 3.41851 0.328579 103.28 -25.719 3.4146
103.577 -25.8083 3.41004 0.804939 103.28 -25.719 3.4146
103.571 -25.8382 3.40918 0.619578 103.28 -25.719 3.4146
103.571 -25.8382 3.40918 0.619578 103.28 -25.719 3.4146
103.301 -25.5844 3.41358 0.0839673 103.28 -25.719 3.4146
103.314 -25.8606 3.418 0.0327668 103.28 -25.719 3.4146
103.64 -25.8261 3.40948 0.527015 103.28 -25.719 3.4146
103.577 -25.8083 3.41004 0.804939 103.28 -25.719 3.4146
103.619 -25.7777 3.40795 0.320255 103.28 -25.719 3.4146
103.571 -25.8382 3.40918 0.619578 103.28 -25.719 3.4146
103.44 -25.9294 3.40652 0.162524 103.28 -25.719 3.4146
103.301 -25.5844 3.41358 0.0839673 103.28 -25.719 3.4146
103.619 -25.7777 3.40795 0.320255 103.28 -25.719 3.4146
103.64 -25.8261 3.40948 0.527015 103.28 -25.719 3.4146
103.497 -25.6376 3.41142 0.589013 103.28 -25.719 3.4146
103.64 -25.8261 3.40948 0.527015 103.28 -25.719 3.4146
103.619 -25.7777 3.40795 0.320255 103.28 -25.719 3.4146
103.457 -25.6797 3.41851 0.328579 103.28 -25.719 3.4146
103.424 -25.6067 3.41401 0.420836 103.28 -25.719 3.4146
103.577 -25.8083 3.41004 0.804939 103.28 -25.719 3.4146
103.577 -25.8083 3.41004 0.804939 103.28 -25.719 3.4146
103.64 -25.8261 3.40948 0.527015 103.28 -25.719 3.4146
103.577 -25.8083 3.41004 0.804939 103.28 -25.719 3.4146
103.301 -25.5844 3.41358 0.0839673 103.28 -25.719 3.4146
103.389 -25.5868 3.41374 0.258075 103.28 -25.719 3.4146
103.451 -25.6206 3.41017 0.301042 103.28 -25.719 3.4146
103.314 -25.8606 3.418 0.0327668 103.28 -25.719 3.4146
103.577 -25.8083 3.41004 0.804939 103.28 -25.719 3.4146
103.564 -25.9974 3.4156 0.148208 103.28 -25.719 3.4146
103.826 -26.1746 3.4038 0.000173336 103.28 -25.719 3.4146
103.564 -25.9974 3.4156 0.148208 103.28 -25.719 3.4146
103.436 -25.9128 3.40609 0.14438 103.28 -25.719 3.4146
103.499 -25.734 3.41801 0.506432 103.28 -25.719 3.4146
103.64 -25.8261 3.40948 0.527015 103.28 -25.719 3.4146
103.451 -25.6206 3.41017 0.301042 103.28 -25.719 3.4146
103.629 -25.6118 3.42241 0.105238 103.28 -25.719 3.4146
103.56 -25.7206 3.41903 0.46134 103.28 -25.719 3.4146
103.424 -25.6067 3.41401 0.420836 103.28 -25.719 3.4146
103.56 -25.7206 3.41903 0.46134 103.28 -25.719 3.4146
103.424 -25.6067 3.41401 0.420836 103.28 -25.719 3.4146
103.577 -25.8083 3.41004 0.804939 103.28 -25.719 3.4146
103.571 -25.8382 3.40918 0.619578 103.28 -25.719 3.4146
103.64 -25.8261 3.40948 0.527015 103.28 -25.719 3.4146
103.499 -25.734 3.41801 0.506432 103.28 -25.719 3.4146
103.577 -25.8083 3.41004 0.804939 103.28 -25.719 3.4146
103.571 -25.8382 3.40918 0.619578 103.28 -25.719 3.4146
103.457 -25.6797 3.41851 0.328579 103.28 -25.719 3.4146
103.721 -25.674 3.42024 0.242821 103.28 -25.719 3.4146
