80.482 16.9949 0.102229 0.113163 80.617 17.241 0.10453
80.5542 16.9972 0.0982153 0.0276831 80.617 17.241 0.10453
80.5744 17.2674 0.10544 0.378343 80.617 17.241 0.10453
80.2999 17.2907 0.100366 0.0745018 80.617 17.241 0.10453
80.4713 17.0978 0.106384 0.426059 80.617 17.241 0.10453
80.4468 17.183 0.0987564 0.125032 80.617 17.241 0.10453
80.4506 17.2701 0.109591 0.342067 80.617 17.241 0.10453
80.2999 17.2907 0.100366 0.0745018 80.617 17.241 0.10453
80.5744 17.2674 0.10544 0.378343 80.617 17.241 0.10453
80.4506 17.2701 0.109591 0.342067 80.617 17.241 0.10453
80.4506 17.2701 0.109591 0.342067 80.617 17.241 0.10453
80.5466 17.2662 0.106613 0.423154 80.617 17.241 0.10453
80.3959 17.035 0.0997893 0.0666238 80.617 17.241 0.10453
80.5714 16.8778 0.110552 0.0126551 80.617 17.241 0.10453
80.4713 17.0978 0.106384 0.426059 80.617 17.241 0.10453
80.3322 17.2849 0.102791 0.200981 80.617 17.241 0.10453
80.4713 17.0978 0.106384 0.426059 80.617 17.241 0.10453
80.5667 17.065 0.105158 0.260127 80.617 17.241 0.10453
80.4713 17.0978 0.106384 0.426059 80.617 17.241 0.10453
80.4506 17.2701 0.109591 0.342067 80.617 17.241 0.10453
80.3322 17.2849 0.102791 0.200981 80.617 17.241 0.10453
80.482 16.9949 0.102229 0.113163 80.617 17.241 0.10453
80.3043 16.9747 0.10244 0.0386625 80.617 17.241 0.10453
80.3678 17.268 0.102415 0.257152 80.617 17.241 0.10453
80.5744 17.2674 0.10544 0.378343 80.617 17.241 0.10453
80.5744 17.2674 0.10544 0.378343 80.617 17.241 0.10453
80.5667 17.065 0.105158 0.260127 80.617 17.241 0.10453
80.4096 17.269 0.111997 0.16938 80.617 17.241 0.10453
80.5626 17.2109 0.0988425 0.124438 80.617 17.241 0.10453
80.5466 17.2662 0.106613 0.423154 80.617 17.241 0.10453
80.5744 17.2674 0.10544 0.378343 80.617 17.241 0.10453
80.5466 17.2662 0.106613 0.423154 80.617 17.241 0.10453
80.4713 17.0978 0.106384 0.426059 80.617 17.241 0.10453
80.4096 17.269 0.111997 0.16938 80.617 17.241 0.10453
80.5667 17.065 0.105158 0.260127 80.617 17.241 0.10453
80.5626 17.2109 0.0988425 0.124438 80.617 17.241 0.10453
80.5744 17.2674 0.10544 0.378343 80.617 17.241 0.10453
80.5466 17.2662 0.106613 0.423154 80.617 17.241 0.10453
80.5006 17.4383 0.10973 0.0720948 80.617 17.241 0.10453
80.4506 17.2701 0.109591 0.342067 80.617 17.241 0.10453
80.5626 17.2109 0.0988425 0.124438 80.617 17.241 0.10453
80.3409 16.9596 0.110228 0.0511608 80.617 17.241 0.10453
80.5466 17.2662 0.106613 0.423154 80.617 17.241 0.10453
80.3409 16.9596 0.110228 0.0511608 80.617 17.241 0.10453
80.3678 17.268 0.102415 0.257152 80.617 17.241 0.10453
80.3678 17.268 0.102415 0.257152 80.617 17.241 0.10453
80.7451 17.2139 0.105423 0.0701484 80.617 17.241 0.10453
80.4713 17.0978 0.106384 0.426059 80.617 17.241 0.10453
80.3678 17.268 0.102415 0.257152 80.617 17.241 0.10453
80.5626 17.2109 0.0988425 0.124438 80.617 17.241 0.10453
80.3678 17.268 0.102415 0.257152 80.617 17.241 0.10453
80.5466 17.2662 0.106613 0.423154 80.617 17.241 0.10453
80.3699 17.4977 0.113977 0.00609339 80.617 17.241 0.10453
80.5466 17.2662 0.106613 0.423154 80.617 17.241 0.10453
80.621 16.9247 0.101247 0.020266 80.617 17.241 0.10453
79.9422 17.0745 0.103208 9.85921e-05 80.617 17.241 0.10453
80.5667 17.065 0.105158 0.260127 80.617 17.241 0.10453
80.7451 17.2139 0.105423 0.0701484 80.617 17.241 0.10453
80.7451 17.2139 0.105423 0.0701484 80.617 17.241 0.10453
80.5466 17.2662 0.106613 0.423154 80.617 17.241 0.10453
80.2714 16.936 0.103208 0.0189562 80.617 17.241 0.10453
80.5744 17.2674 0.10544 0.378343 80.617 17.241 0.10453
80.6084 17.4329 0.10008 0.0375857 80.617 17.241 0.10453
80.5466 17.2662 0.106613 0.423154 80.617 17.241 0.10453
80.5626 17.2109 0.0988425 0.124438 80.617 17.241 0.10453
80.4506 17.2701 0.109591 0.342067 80.617 17.241 0.10453
80.5466 17.2662 0.106613 0.423154 80.617 17.241 0.10453
80.4713 17.0978 0.106384 0.426059 80.617 17.241 0.10453
80.5466 17.2662 0.106613 0.423154 80.617 17.241 0.10453
80.3678 17.268 0.102415 0.257152 80.617 17.241 0.10453
80.5466 17.2662 0.106613 0.423154 80.617 17.241 0.10453
80.3678 17.268 0.102415 0.257152 80.617 17.241 0.10453
80.4713 17.0978 0.106384 0.426059 80.617 17.241 0.10453
80.5744 17.2674 0.10544 0.378343 80.617 17.241 0.10453
80.5006 17.4383 0.10973 0.0720948 80.617 17.241 0.10453
80.4468 17.183 0.0987564 0.125032 80.617 17.241 0.10453
80.5466 17.2662 0.106613 0.423154 80.617 17.241 0.10453
80.3043 16.9747 0.10244 0.0386625 80.617 17.241 0.10453
80.193 17.2314 0.104911 0.0630866 80.617 17.241 0.10453
80.5006 17.4383 0.10973 0.0720948 80.617 17.241 0.10453
80.4506 17.2701 0.109591 0.342067 80.617 17.241 0.10453
80.5466 17.2662 0.106613 0.423154 80.617 17.241 0.10453
80.5744 17.2674 0.10544 0.378343 80.617 17.241 0.10453
80.3409 16.9596 0.110228 0.0511608 80.617 17.241 0.10453
80.4506 17.2701 0.109591 0.342067 80.617 17.241 0.10453
80.5466 17.2662 0.106613 0.423154 80.617 17.241 0.10453
80.5744 17.2674 0.10544 0.378343 80.617 17.241 0.10453
80.4096 17.269 0.111997 0.16938 80.617 17.241 0.10453
80.6084 17.4329 0.10008 0.0375857 80.617 17.241 0.10453
80.5907 17.1928 0.100053 0.164805 80.617 17.241 0.10453
80.5466 17.2662 0.106613 0.423154 80.617 17.241 0.10453
80.4713 17.0978 0.106384 0.426059 80.617 17.241 0.10453
80.3322 17.2849 0.102791 0.200981 80.617 17.241 0.10453
80.193 17.2314 0.104911 0.0630866 80.617 17.241 0.10453
80.5744 17.2674 0.10544 0.378343 80.617 17.241 0.10453
80.4468 17.183 0.0987564 0.125032 80.617 17.241 0.10453
80.5466 17.2662 0.106613 0.423154 80.617 17.241 0.10453
80.2999 17.2907 0.100366 0.0745018 80.617 17.241 0.10453
80.3322 17.2849 0.102791 0.200981 80.617 17.241 0.10453
80.482 16.9949 0.102229 0.113163 80.617 17.241 0.10453
80.5466 17.2662 0.106613 0.423154 80.617 17.241 0.10453
80.4713 17.0978 0.106384 0.426059 80.617 17.241 0.10453
80.5466 17.2662 0.106613 0.423154 80.617 17.241 0.10453
80.5744 17.2674 0.10544 0.378343 80.617 17.241 0.10453
80.5667 17.065 0.105158 0.260127 80.617 17.241 0.10453
80.3678 17.268 0.102415 0.257152 80.617 17.241 0.10453
80.5744 17.2674 0.10544 0.378343 80.617 17.241 0.10453
80.4468 17.183 0.0987564 0.125032 80.617 17.241 0.10453
80.5907 17.1928 0.100053 0.164805 80.617 17.241 0.10453
80.3218 17.1138 0.0979737 0.0314664 80.617 17.241 0.10453
80.4506 17.2701 0.109591 0.342067 80.617 17.241 0.10453
80.3678 17.268 0.102415 0.257152 80.617 17.241 0.10453
80.4713 17.0978 0.106384 0.426059 80.617 17.241 0.10453
80.5466 17.2662 0.106613 0.423154 80.617 17.241 0.10453
80.6632 17.3628 0.0997398 0.0455572 80.617 17.241 0.10453
80.5667 17.065 0.105158 0.260127 80.617 17.241 0.10453
80.5466 17.2662 0.106613 0.423154 80.617 17.241 0.10453
80.4713 17.0978 0.106384 0.426059 80.617 17.241 0.10453
80.5466 17.2662 0.106613 0.423154 80.617 17.241 0.10453
80.7451 17.2139 0.105423 0.0701484 80.617 17.241 0.10453
80.5466 17.2662 0.106613 0.423154 80.617 17.241 0.10453
80.4096 17.269 0.111997 0.16938 80.617 17.241 0.10453
80.7675 17.3422 0.106495 0.0265201 80.617 17.241 0.10453
80.5626 17.2109 0.0988425 0.124438 80.617 17.241 0.10453
80.5907 17.1928 0.100053 0.164805 80.617 17.241 0.10453
80.4713 17.0978 0.106384 0.426059 80.617 17.241 0.10453
80.4506 17.2701 0.109591 0.342067 80.617 17.241 0.10453
80.3959 17.035 0.0997893 0.0666238 80.617 17.241 0.10453
80.5006 17.4383 0.10973 0.0720948 80.617 17.241 0.10453
80.3959 17.035 0.0997893 0.0666238 80.617 17.241 0.10453
80.5466 17.2662 0.106613 0.423154 80.617 17.241 0.10453
80.5907 17.1928 0.100053 0.164805 80.617 17.241 0.10453
80.4512 16.9374 0.114647 0.011344 80.617 17.241 0.10453
80.482 16.9949 0.102229 0.113163 80.617 17.241 0.10453
80.4713 17.0978 0.106384 0.426059 80.617 17.241 0.10453
80.4713 17.0978 0.106384 0.426059 80.617 17.241 0.10453
80.4506 17.2701 0.109591 0.342067 80.617 17.241 0.10453
80.4096 17.269 0.111997 0.16938 80.617 17.241 0.10453
80.5466 17.2662 0.106613 0.423154 80.617 17.241 0.10453
80.4713 17.0978 0.106384 0.426059 80.617 17.241 0.10453
80.4506 17.2701 0.109591 0.342067 80.617 17.241 0.10453
80.4713 17.0978 0.106384 0.426059 80.617 17.241 0.10453
80.3678 17.268 0.102415 0.257152 80.617 17.241 0.10453
80.5667 17.065 0.105158 0.260127 80.617 17.241 0.10453
80.4713 17.0978 0.106384 0.426059 80.617 17.241 0.10453
80.4713 17.0978 0.106384 0.426059 80.617 17.241 0.10453
80.5466 17.2662 0.106613 0.423154 80.617 17.241 0.10453
80.4713 17.0978 0.106384 0.426059 80.617 17.241 0.10453
80.5466 17.2662 0.106613 0.423154 80.617 17.241 0.10453
80.4713 17.0978 0.106384 0.426059 80.617 17.241 0.10453
80.4506 17.2701 0.109591 0.342067 80.617 17.241 0.10453
80.4332 17.5078 0.097441 0.00600917 80.617 17.241 0.10453
80.4506 17.2701 0.109591 0.342067 80.617 17.241 0.10453
80.4096 17.269 0.111997 0.16938 80.617 17.241 0.10453
80.5744 17.2674 0.10544 0.378343 80.617 17.241 0.10453
80.5667 17.065 0.105158 0.260127 80.617 17.241 0.10453
80.5466 17.2662 0.106613 0.423154 80.617 17.241 0.10453
80.5466 17.2662 0.106613 0.423154 80.617 17.241 0.10453
80.7775 17.0544 0.108658 0.0154536 80.617 17.241 0.10453
80.3043 16.9747 0.10244 0.0386625 80.617 17.241 0.10453
80.4506 17.2701 0.109591 0.342067 80.617 17.241 0.10453
80.4713 17.0978 0.106384 0.426059 80.617 17.241 0.10453
80.4506 17.2701 0.109591 0.342067 80.617 17.241 0.10453
80.2284 17.4846 0.10416 0.0110428 80.617 17.241 0.10453
80.4506 17.2701 0.109591 0.342067 80.617 17.241 0.10453
80.3678 17.268 0.102415 0.257152 80.617 17.241 0.10453
80.5466 17.2662 0.106613 0.423154 80.617 17.241 0.10453
80.5626 17.2109 0.0988425 0.124438 80.617 17.241 0.10453
80.5667 17.065 0.105158 0.260127 80.617 17.241 0.10453
80.2284 17.4846 0.10416 0.0110428 80.617 17.241 0.10453
80.4506 17.2701 0.109591 0.342067 80.617 17.241 0.10453
80.4506 17.2701 0.109591 0.342067 80.617 17.241 0.10453
80.3043 16.9747 0.10244 0.0386625 80.617 17.241 0.10453
80.2999 17.2907 0.100366 0.0745018 80.617 17.241 0.10453
80.4096 17.269 0.111997 0.16938 80.617 17.241 0.10453
80.5466 17.2662 0.106613 0.423154 80.617 17.241 0.10453
80.3322 17.2849 0.102791 0.200981 80.617 17.241 0.10453
80.2999 17.2907 0.100366 0.0745018 80.617 17.241 0.10453
80.5466 17.2662 0.106613 0.423154 80.617 17.241 0.10453
80.482 16.9949 0.102229 0.113163 80.617 17.241 0.10453
80.3322 17.2849 0.102791 0.200981 80.617 17.241 0.10453
80.4506 17.2701 0.109591 0.342067 80.617 17.241 0.10453
80.4713 17.0978 0.106384 0.426059 80.617 17.241 0.10453
80.5626 17.2109 0.0988425 0.124438 80.617 17.241 0.10453
80.5466 17.2662 0.106613 0.423154 80.617 17.241 0.10453
80.5466 17.2662 0.106613 0.423154 80.617 17.241 0.10453
80.4506 17.2701 0.109591 0.342067 80.617 17.241 0.10453
80.3959 17.035 0.0997893 0.0666238 80.617 17.241 0.10453
80.5744 17.2674 0.10544 0.378343 80.617 17.241 0.10453
80.4713 17.0978 0.106384 0.426059 80.617 17.241 0.10453
80.4468 17.183 0.0987564 0.125032 80.617 17.241 0.10453
80.5466 17.2662 0.106613 0.423154 80.617 17.241 0.10453
80.4713 17.0978 0.106384 0.426059 80.617 17.241 0.10453
80.5466 17.2662 0.106613 0.423154 80.617 17.241 0.10453
80.2517 17.5508 0.110996 0.00285185 80.617 17.241 0.10453
80.4506 17.2701 0.109591 0.342067 80.617 17.241 0.10453
80.4468 17.183 0.0987564 0.125032 80.617 17.241 0.10453
80.5466 17.2662 0.106613 0.423154 80.617 17.241 0.10453
80.5466 17.2662 0.106613 0.423154 80.617 17.241 0.10453
80.4506 17.2701 0.109591 0.342067 80.617 17.241 0.10453
