188.792 -9.39233 3.16076 0.080439 189.02 -9.4427 3.1644
189.024 -9.34087 3.1648 0.147773 189.02 -9.4427 3.1644
188.553 -9.43642 3.16298 0.00273408 189.02 -9.4427 3.1644
189.032 -9.28589 3.16179 0.018359 189.02 -9.4427 3.1644
189.076 -9.16573 3.16792 0.0302144 189.02 -9.4427 3.1644
188.792 -9.39233 3.16076 0.080439 189.02 -9.4427 3.1644
188.993 -9.55329 3.16327 0.068492 189.02 -9.4427 3.1644
189.159 -9.35353 3.1674 0.085091 189.02 -9.4427 3.1644
188.902 -9.42813 3.16233 0.151719 189.02 -9.4427 3.1644
189.19 -9.36892 3.17061 0.114466 189.02 -9.4427 3.1644
188.993 -9.55329 3.16327 0.068492 189.02 -9.4427 3.1644
189.131 -9.2297 3.17103 0.0788165 189.02 -9.4427 3.1644
188.833 -9.25395 3.16478 0.0744286 189.02 -9.4427 3.1644
188.747 -9.52792 3.16046 0.0458982 189.02 -9.4427 3.1644
189.024 -9.34087 3.1648 0.147773 189.02 -9.4427 3.1644
189.024 -9.34087 3.1648 0.147773 189.02 -9.4427 3.1644
189.19 -9.36892 3.17061 0.114466 189.02 -9.4427 3.1644
189.13 -9.35058 3.16928 0.178659 189.02 -9.4427 3.1644
189.258 -9.29586 3.17253 0.0425581 189.02 -9.4427 3.1644
189.19 -9.36892 3.17061 0.114466 189.02 -9.4427 3.1644
188.747 -9.52792 3.16046 0.0458982 189.02 -9.4427 3.1644
189.233 -9.52981 3.17126 0.0301925 189.02 -9.4427 3.1644
189.131 -9.2297 3.17103 0.0788165 189.02 -9.4427 3.1644
189.061 -9.40019 3.16619 0.200196 189.02 -9.4427 3.1644
189.159 -9.35353 3.1674 0.085091 189.02 -9.4427 3.1644
189.19 -9.36892 3.17061 0.114466 189.02 -9.4427 3.1644
189.024 -9.34087 3.1648 0.147773 189.02 -9.4427 3.1644
189.19 -9.36892 3.17061 0.114466 189.02 -9.4427 3.1644
189.19 -9.36892 3.17061 0.114466 189.02 -9.4427 3.1644
189.181 -9.16615 3.17166 0.0222196 189.02 -9.4427 3.1644
188.833 -9.25395 3.16478 0.0744286 189.02 -9.4427 3.1644
189.061 -9.40019 3.16619 0.200196 189.02 -9.4427 3.1644
188.831 -9.6199 3.17052 0.00579378 189.02 -9.4427 3.1644
188.905 -9.24654 3.17169 0.0402112 189.02 -9.4427 3.1644
189.061 -9.40019 3.16619 0.200196 189.02 -9.4427 3.1644
188.833 -9.25395 3.16478 0.0744286 189.02 -9.4427 3.1644
189.061 -9.40019 3.16619 0.200196 189.02 -9.4427 3.1644
188.759 -9.27943 3.158 0.00853149 189.02 -9.4427 3.1644
188.807 -9.27923 3.16516 0.0818406 189.02 -9.4427 3.1644
188.892 -9.69405 3.16421 0.0126829 189.02 -9.4427 3.1644
188.807 -9.27923 3.16516 0.0818406 189.02 -9.4427 3.1644
189.061 -9.40019 3.16619 0.200196 189.02 -9.4427 3.1644
189.258 -9.29586 3.17253 0.0425581 189.02 -9.4427 3.1644
188.718 -9.41094 3.15829 0.0246828 189.02 -9.4427 3.1644
189.061 -9.40019 3.16619 0.200196 189.02 -9.4427 3.1644
188.905 -9.24654 3.17169 0.0402112 189.02 -9.4427 3.1644
189.061 -9.40019 3.16619 0.200196 189.02 -9.4427 3.1644
189.061 -9.40019 3.16619 0.200196 189.02 -9.4427 3.1644
188.718 -9.41094 3.15829 0.0246828 189.02 -9.4427 3.1644
188.993 -9.55329 3.16327 0.068492 189.02 -9.4427 3.1644
189.13 -9.35058 3.16928 0.178659 189.02 -9.4427 3.1644
189.139 -9.33 3.17496 0.0750393 189.02 -9.4427 3.1644
189.061 -9.40019 3.16619 0.200196 189.02 -9.4427 3.1644
189.007 -9.08334 3.16481 0.002881 189.02 -9.4427 3.1644
188.724 -9.34752 3.15776 0.0140876 189.02 -9.4427 3.1644
188.902 -9.42813 3.16233 0.151719 189.02 -9.4427 3.1644
189.19 -9.36892 3.17061 0.114466 189.02 -9.4427 3.1644
189.159 -9.35353 3.1674 0.085091 189.02 -9.4427 3.1644
189.061 -9.40019 3.16619 0.200196 189.02 -9.4427 3.1644
189.131 -9.2297 3.17103 0.0788165 189.02 -9.4427 3.1644
188.792 -9.39233 3.16076 0.080439 189.02 -9.4427 3.1644
189.024 -9.34087 3.1648 0.147773 189.02 -9.4427 3.1644
188.984 -9.3429 3.17373 0.0658739 189.02 -9.4427 3.1644
189.233 -9.52981 3.17126 0.0301925 189.02 -9.4427 3.1644
189.19 -9.36892 3.17061 0.114466 189.02 -9.4427 3.1644
189.159 -9.35353 3.1674 0.085091 189.02 -9.4427 3.1644
189.354 -9.4611 3.1708 0.00530386 189.02 -9.4427 3.1644
189.13 -9.35058 3.16928 0.178659 189.02 -9.4427 3.1644
188.833 -9.25395 3.16478 0.0744286 189.02 -9.4427 3.1644
189.18 -9.31789 3.17556 0.0545979 189.02 -9.4427 3.1644
188.792 -9.39233 3.16076 0.080439 189.02 -9.4427 3.1644
188.993 -9.55329 3.16327 0.068492 189.02 -9.4427 3.1644
189.131 -9.2297 3.17103 0.0788165 189.02 -9.4427 3.1644
189.13 -9.35058 3.16928 0.178659 189.02 -9.4427 3.1644
188.902 -9.42813 3.16233 0.151719 189.02 -9.4427 3.1644
188.878 -9.54025 3.17191 0.0177983 189.02 -9.4427 3.1644
189.195 -9.2739 3.17101 0.0711333 189.02 -9.4427 3.1644
188.807 -9.27923 3.16516 0.0818406 189.02 -9.4427 3.1644
188.792 -9.39233 3.16076 0.080439 189.02 -9.4427 3.1644
189.061 -9.40019 3.16619 0.200196 189.02 -9.4427 3.1644
189.024 -9.34087 3.1648 0.147773 189.02 -9.4427 3.1644
189.061 -9.40019 3.16619 0.200196 189.02 -9.4427 3.1644
189.005 -9.10771 3.16378 0.00333819 189.02 -9.4427 3.1644
188.833 -9.25395 3.16478 0.0744286 189.02 -9.4427 3.1644
189.139 -9.33 3.17496 0.0750393 189.02 -9.4427 3.1644
189.061 -9.40019 3.16619 0.200196 189.02 -9.4427 3.1644
188.902 -9.42813 3.16233 0.151719 189.02 -9.4427 3.1644
189.131 -9.2297 3.17103 0.0788165 189.02 -9.4427 3.1644
189.13 -9.35058 3.16928 0.178659 189.02 -9.4427 3.1644
189.139 -9.33 3.17496 0.0750393 189.02 -9.4427 3.1644
189.024 -9.34087 3.1648 0.147773 189.02 -9.4427 3.1644
189.159 -9.35353 3.1674 0.085091 189.02 -9.4427 3.1644
188.7 -9.32096 3.16695 0.0167223 189.02 -9.4427 3.1644
189.18 -9.31789 3.17556 0.0545979 189.02 -9.4427 3.1644
188.902 -9.42813 3.16233 0.151719 189.02 -9.4427 3.1644
189.18 -9.31789 3.17556 0.0545979 189.02 -9.4427 3.1644
189.18 -9.31789 3.17556 0.0545979 189.02 -9.4427 3.1644
189.159 -9.35353 3.1674 0.085091 189.02 -9.4427 3.1644
189.13 -9.35058 3.16928 0.178659 189.02 -9.4427 3.1644
189.195 -9.2739 3.17101 0.0711333 189.02 -9.4427 3.1644
188.902 -9.42813 3.16233 0.151719 189.02 -9.4427 3.1644
188.902 -9.42813 3.16233 0.151719 189.02 -9.4427 3.1644
189.258 -9.29586 3.17253 0.0425581 189.02 -9.4427 3.1644
189.13 -9.35058 3.16928 0.178659 189.02 -9.4427 3.1644
189.032 -9.28589 3.16179 0.018359 189.02 -9.4427 3.1644
189.195 -9.2739 3.17101 0.0711333 189.02 -9.4427 3.1644
188.902 -9.42813 3.16233 0.151719 189.02 -9.4427 3.1644
188.833 -9.25395 3.16478 0.0744286 189.02 -9.4427 3.1644
188.792 -9.39233 3.16076 0.080439 189.02 -9.4427 3.1644
189.032 -9.28589 3.16179 0.018359 189.02 -9.4427 3.1644
189.19 -9.36892 3.17061 0.114466 189.02 -9.4427 3.1644
188.881 -9.07029 3.16008 0.000316423 189.02 -9.4427 3.1644
189.159 -9.35353 3.1674 0.085091 189.02 -9.4427 3.1644
189.159 -9.35353 3.1674 0.085091 189.02 -9.4427 3.1644
189.024 -9.34087 3.1648 0.147773 189.02 -9.4427 3.1644
189.22 -9.32319 3.17592 0.0418729 189.02 -9.4427 3.1644
188.7 -9.32096 3.16695 0.0167223 189.02 -9.4427 3.1644
188.695 -9.41043 3.16717 0.017845 189.02 -9.4427 3.1644
188.984 -9.3429 3.17373 0.0658739 189.02 -9.4427 3.1644
189.22 -9.32319 3.17592 0.0418729 189.02 -9.4427 3.1644
189.024 -9.34087 3.1648 0.147773 189.02 -9.4427 3.1644
189.024 -9.34087 3.1648 0.147773 189.02 -9.4427 3.1644
188.878 -9.54025 3.17191 0.0177983 189.02 -9.4427 3.1644
188.902 -9.42813 3.16233 0.151719 189.02 -9.4427 3.1644
189.024 -9.34087 3.1648 0.147773 189.02 -9.4427 3.1644
188.984 -9.3429 3.17373 0.0658739 189.02 -9.4427 3.1644
189.233 -9.52981 3.17126 0.0301925 189.02 -9.4427 3.1644
189.139 -9.33 3.17496 0.0750393 189.02 -9.4427 3.1644
188.984 -9.3429 3.17373 0.0658739 189.02 -9.4427 3.1644
189.131 -9.2297 3.17103 0.0788165 189.02 -9.4427 3.1644
188.902 -9.42813 3.16233 0.151719 189.02 -9.4427 3.1644
189.195 -9.2739 3.17101 0.0711333 189.02 -9.4427 3.1644
189.131 -9.2297 3.17103 0.0788165 189.02 -9.4427 3.1644
189.13 -9.35058 3.16928 0.178659 189.02 -9.4427 3.1644
189.024 -9.34087 3.1648 0.147773 189.02 -9.4427 3.1644
189.19 -9.36892 3.17061 0.114466 189.02 -9.4427 3.1644
188.902 -9.42813 3.16233 0.151719 189.02 -9.4427 3.1644
188.807 -9.27923 3.16516 0.0818406 189.02 -9.4427 3.1644
189.061 -9.40019 3.16619 0.200196 189.02 -9.4427 3.1644
189.19 -9.36892 3.17061 0.114466 189.02 -9.4427 3.1644
189.139 -9.33 3.17496 0.0750393 189.02 -9.4427 3.1644
189.024 -9.34087 3.1648 0.147773 189.02 -9.4427 3.1644
189.159 -9.35353 3.1674 0.085091 189.02 -9.4427 3.1644
189.061 -9.40019 3.16619 0.200196 189.02 -9.4427 3.1644
189.25 -9.49121 3.17435 0.0278945 189.02 -9.4427 3.1644
189.139 -9.33 3.17496 0.0750393 189.02 -9.4427 3.1644
188.833 -9.25395 3.16478 0.0744286 189.02 -9.4427 3.1644
188.7 -9.32096 3.16695 0.0167223 189.02 -9.4427 3.1644
189.25 -9.49121 3.17435 0.0278945 189.02 -9.4427 3.1644
188.902 -9.42813 3.16233 0.151719 189.02 -9.4427 3.1644
188.902 -9.42813 3.16233 0.151719 189.02 -9.4427 3.1644
189.139 -9.33 3.17496 0.0750393 189.02 -9.4427 3.1644
188.984 -9.3429 3.17373 0.0658739 189.02 -9.4427 3.1644
188.902 -9.42813 3.16233 0.151719 189.02 -9.4427 3.1644
188.902 -9.42813 3.16233 0.151719 189.02 -9.4427 3.1644
189.19 -9.36892 3.17061 0.114466 189.02 -9.4427 3.1644
188.807 -9.27923 3.16516 0.0818406 189.02 -9.4427 3.1644
188.902 -9.42813 3.16233 0.151719 189.02 -9.4427 3.1644
188.878 -9.54025 3.17191 0.0177983 189.02 -9.4427 3.1644
189.195 -9.2739 3.17101 0.0711333 189.02 -9.4427 3.1644
189.18 -9.31789 3.17556 0.0545979 189.02 -9.4427 3.1644
188.878 -9.54025 3.17191 0.0177983 189.02 -9.4427 3.1644
189.179 -9.61774 3.1742 0.00771881 189.02 -9.4427 3.1644
188.993 -9.55329 3.16327 0.068492 189.02 -9.4427 3.1644
189.139 -9.33 3.17496 0.0750393 189.02 -9.4427 3.1644
189.19 -9.36892 3.17061 0.114466 189.02 -9.4427 3.1644
189.13 -9.35058 3.16928 0.178659 189.02 -9.4427 3.1644
189.13 -9.35058 3.16928 0.178659 189.02 -9.4427 3.1644
189.024 -9.34087 3.1648 0.147773 189.02 -9.4427 3.1644
189.264 -9.25801 3.16978 0.0169165 189.02 -9.4427 3.1644
189.139 -9.33 3.17496 0.0750393 189.02 -9.4427 3.1644
189.19 -9.36892 3.17061 0.114466 189.02 -9.4427 3.1644
188.747 -9.52792 3.16046 0.0458982 189.02 -9.4427 3.1644
189.13 -9.35058 3.16928 0.178659 189.02 -9.4427 3.1644
189.19 -9.36892 3.17061 0.114466 189.02 -9.4427 3.1644
189.258 -9.29586 3.17253 0.0425581 189.02 -9.4427 3.1644
189.076 -9.16573 3.16792 0.0302144 189.02 -9.4427 3.1644
188.831 -9.6199 3.17052 0.00579378 189.02 -9.4427 3.1644
189.22 -9.32319 3.17592 0.0418729 189.02 -9.4427 3.1644
189.061 -9.40019 3.16619 0.200196 189.02 -9.4427 3.1644
189.195 -9.2739 3.17101 0.0711333 189.02 -9.4427 3.1644
189.061 -9.40019 3.16619 0.200196 189.02 -9.4427 3.1644
189.159 -9.35353 3.1674 0.085091 189.02 -9.4427 3.1644
189.19 -9.36892 3.17061 0.114466 189.02 -9.4427 3.1644
188.807 -9.27923 3.16516 0.0818406 189.02 -9.4427 3.1644
189.061 -9.40019 3.16619 0.200196 189.02 -9.4427 3.1644
189.032 -9.28589 3.16179 0.018359 189.02 -9.4427 3.1644
188.792 -9.39233 3.16076 0.080439 189.02 -9.4427 3.1644
189.258 -9.29586 3.17253 0.0425581 189.02 -9.4427 3.1644
189.13 -9.35058 3.16928 0.178659 189.02 -9.4427 3.1644
188.993 -9.55329 3.16327 0.068492 189.02 -9.4427 3.1644
189.25 -9.49121 3.17435 0.0278945 189.02 -9.4427 3.1644
189.201 -9.11777 3.16824 0.00303494 189.02 -9.4427 3.1644
188.747 -9.52792 3.16046 0.0458982 189.02 -9.4427 3.1644
188.902 -9.42813 3.16233 0.151719 189.02 -9.4427 3.1644
189.159 -9.35353 3.1674 0.085091 189.02 -9.4427 3.1644
189.061 -9.40019 3.16619 0.200196 189.02 -9.4427 3.1644
189.131 -9.2297 3.17103 0.0788165 189.02 -9.4427 3.1644
189.061 -9.40019 3.16619 0.200196 189.02 -9.4427 3.1644
188.902 -9.42813 3.16233 0.151719 189.02 -9.4427 3.1644
