278.072 -4.77054 4.31369 0.00203498 277.56 -4.8423 4.3068
277.552 -4.93725 4.30322 0.0551592 277.56 -4.8423 4.3068
277.552 -4.87907 4.30003 0.0686497 277.56 -4.8423 4.3068
277.598 -4.85136 4.30709 0.0243225 277.56 -4.8423 4.3068
277.86 -4.8624 4.3051 0.0240543 277.56 -4.8423 4.3068
277.86 -4.8624 4.3051 0.0240543 277.56 -4.8423 4.3068
277.417 -5.08032 4.30115 0.00949252 277.56 -4.8423 4.3068
277.581 -4.84764 4.30554 0.0314988 277.56 -4.8423 4.3068
277.639 -4.74426 4.30916 0.00753685 277.56 -4.8423 4.3068
277.597 -4.84816 4.30398 0.0497429 277.56 -4.8423 4.3068
277.73 -4.77346 4.30866 0.0227148 277.56 -4.8423 4.3068
277.367 -5.07932 4.28585 0.00680285 277.56 -4.8423 4.3068
277.674 -4.88343 4.30032 0.0637906 277.56 -4.8423 4.3068
277.597 -4.84816 4.30398 0.0497429 277.56 -4.8423 4.3068
277.934 -5.12646 4.31013 0.00246087 277.56 -4.8423 4.3068
277.743 -4.81942 4.29952 0.0172809 277.56 -4.8423 4.3068
277.73 -4.77346 4.30866 0.0227148 277.56 -4.8423 4.3068
277.332 -4.97233 4.29652 0.0171473 277.56 -4.8423 4.3068
277.552 -4.87907 4.30003 0.0686497 277.56 -4.8423 4.3068
277.646 -4.89339 4.30766 0.0367706 277.56 -4.8423 4.3068
277.646 -4.89339 4.30766 0.0367706 277.56 -4.8423 4.3068
277.552 -4.87907 4.30003 0.0686497 277.56 -4.8423 4.3068
277.581 -4.84764 4.30554 0.0314988 277.56 -4.8423 4.3068
277.725 -5.13729 4.3083 0.00652404 277.56 -4.8423 4.3068
277.674 -4.88343 4.30032 0.0637906 277.56 -4.8423 4.3068
277.633 -5.1011 4.29911 0.0372821 277.56 -4.8423 4.3068
277.391 -4.92984 4.29201 0.0310193 277.56 -4.8423 4.3068
277.303 -5.01825 4.3004 0.00225735 277.56 -4.8423 4.3068
277.646 -4.89339 4.30766 0.0367706 277.56 -4.8423 4.3068
277.815 -4.89789 4.3108 0.0323106 277.56 -4.8423 4.3068
277.385 -4.92887 4.30273 0.00557546 277.56 -4.8423 4.3068
277.86 -4.8624 4.3051 0.0240543 277.56 -4.8423 4.3068
277.552 -4.93725 4.30322 0.0551592 277.56 -4.8423 4.3068
277.552 -4.87907 4.30003 0.0686497 277.56 -4.8423 4.3068
277.743 -4.81942 4.29952 0.0172809 277.56 -4.8423 4.3068
277.598 -4.85136 4.30709 0.0243225 277.56 -4.8423 4.3068
277.552 -4.93725 4.30322 0.0551592 277.56 -4.8423 4.3068
277.598 -4.85136 4.30709 0.0243225 277.56 -4.8423 4.3068
277.552 -4.93725 4.30322 0.0551592 277.56 -4.8423 4.3068
277.391 -4.92984 4.29201 0.0310193 277.56 -4.8423 4.3068
277.633 -5.1011 4.29911 0.0372821 277.56 -4.8423 4.3068
277.281 -4.949 4.30064 0.00138698 277.56 -4.8423 4.3068
277.719 -5.011 4.31221 0.00738507 277.56 -4.8423 4.3068
277.934 -5.12646 4.31013 0.00246087 277.56 -4.8423 4.3068
277.303 -5.01825 4.3004 0.00225735 277.56 -4.8423 4.3068
277.775 -4.87046 4.31433 0.00851693 277.56 -4.8423 4.3068
277.775 -4.87046 4.31433 0.00851693 277.56 -4.8423 4.3068
277.646 -4.89339 4.30766 0.0367706 277.56 -4.8423 4.3068
277.552 -4.87907 4.30003 0.0686497 277.56 -4.8423 4.3068
277.597 -4.84816 4.30398 0.0497429 277.56 -4.8423 4.3068
277.646 -4.89339 4.30766 0.0367706 277.56 -4.8423 4.3068
277.367 -5.07932 4.28585 0.00680285 277.56 -4.8423 4.3068
277.385 -4.92887 4.30273 0.00557546 277.56 -4.8423 4.3068
277.815 -4.89789 4.3108 0.0323106 277.56 -4.8423 4.3068
277.303 -5.01825 4.3004 0.00225735 277.56 -4.8423 4.3068
277.598 -4.85136 4.30709 0.0243225 277.56 -4.8423 4.3068
277.674 -4.88343 4.30032 0.0637906 277.56 -4.8423 4.3068
277.581 -4.84764 4.30554 0.0314988 277.56 -4.8423 4.3068
277.552 -4.87907 4.30003 0.0686497 277.56 -4.8423 4.3068
277.289 -4.80745 4.2937 0.00408288 277.56 -4.8423 4.3068
277.743 -4.81942 4.29952 0.0172809 277.56 -4.8423 4.3068
277.332 -4.97233 4.29652 0.0171473 277.56 -4.8423 4.3068
277.552 -4.93725 4.30322 0.0551592 277.56 -4.8423 4.3068
277.552 -4.87907 4.30003 0.0686497 277.56 -4.8423 4.3068
277.552 -4.87907 4.30003 0.0686497 277.56 -4.8423 4.3068
277.552 -4.87907 4.30003 0.0686497 277.56 -4.8423 4.3068
277.581 -4.84764 4.30554 0.0314988 277.56 -4.8423 4.3068
277.417 -5.08032 4.30115 0.00949252 277.56 -4.8423 4.3068
277.73 -4.77346 4.30866 0.0227148 277.56 -4.8423 4.3068
277.552 -4.87907 4.30003 0.0686497 277.56 -4.8423 4.3068
277.646 -4.89339 4.30766 0.0367706 277.56 -4.8423 4.3068
277.832 -5.02424 4.30809 0.0261646 277.56 -4.8423 4.3068
277.581 -4.84764 4.30554 0.0314988 277.56 -4.8423 4.3068
277.552 -4.93725 4.30322 0.0551592 277.56 -4.8423 4.3068
277.639 -4.74426 4.30916 0.00753685 277.56 -4.8423 4.3068
277.367 -5.07932 4.28585 0.00680285 277.56 -4.8423 4.3068
277.639 -4.74426 4.30916 0.00753685 277.56 -4.8423 4.3068
277.597 -4.84816 4.30398 0.0497429 277.56 -4.8423 4.3068
277.674 -4.88343 4.30032 0.0637906 277.56 -4.8423 4.3068
277.367 -5.07932 4.28585 0.00680285 277.56 -4.8423 4.3068
277.552 -4.87907 4.30003 0.0686497 277.56 -4.8423 4.3068
277.552 -4.87907 4.30003 0.0686497 277.56 -4.8423 4.3068
277.545 -4.8003 4.29472 0.015379 277.56 -4.8423 4.3068
277.73 -4.77346 4.30866 0.0227148 277.56 -4.8423 4.3068
277.774 -4.75104 4.313 0.00744592 277.56 -4.8423 4.3068
277.832 -5.02424 4.30809 0.0261646 277.56 -4.8423 4.3068
277.725 -5.13729 4.3083 0.00652404 277.56 -4.8423 4.3068
277.552 -4.93725 4.30322 0.0551592 277.56 -4.8423 4.3068
277.815 -4.89789 4.3108 0.0323106 277.56 -4.8423 4.3068
277.633 -5.1011 4.29911 0.0372821 277.56 -4.8423 4.3068
277.552 -4.87907 4.30003 0.0686497 277.56 -4.8423 4.3068
277.089 -5.11874 4.28532 0.000845908 277.56 -4.8423 4.3068
277.674 -4.88343 4.30032 0.0637906 277.56 -4.8423 4.3068
277.832 -5.02424 4.30809 0.0261646 277.56 -4.8423 4.3068
277.716 -4.83555 4.29668 0.0100126 277.56 -4.8423 4.3068
277.774 -4.95281 4.29897 0.0200903 277.56 -4.8423 4.3068
277.633 -5.1011 4.29911 0.0372821 277.56 -4.8423 4.3068
277.545 -4.8003 4.29472 0.015379 277.56 -4.8423 4.3068
277.633 -5.1011 4.29911 0.0372821 277.56 -4.8423 4.3068
277.86 -4.8624 4.3051 0.0240543 277.56 -4.8423 4.3068
277.674 -4.88343 4.30032 0.0637906 277.56 -4.8423 4.3068
277.832 -5.02424 4.30809 0.0261646 277.56 -4.8423 4.3068
277.807 -4.59967 4.30871 0.00115171 277.56 -4.8423 4.3068
277.581 -4.84764 4.30554 0.0314988 277.56 -4.8423 4.3068
277.396 -5.19173 4.29552 0.00719194 277.56 -4.8423 4.3068
277.391 -4.92984 4.29201 0.0310193 277.56 -4.8423 4.3068
277.597 -4.84816 4.30398 0.0497429 277.56 -4.8423 4.3068
277.597 -4.84816 4.30398 0.0497429 277.56 -4.8423 4.3068
277.581 -4.84764 4.30554 0.0314988 277.56 -4.8423 4.3068
277.581 -4.84764 4.30554 0.0314988 277.56 -4.8423 4.3068
277.385 -4.92887 4.30273 0.00557546 277.56 -4.8423 4.3068
277.552 -4.93725 4.30322 0.0551592 277.56 -4.8423 4.3068
277.597 -4.84816 4.30398 0.0497429 277.56 -4.8423 4.3068
277.73 -4.77346 4.30866 0.0227148 277.56 -4.8423 4.3068
277.552 -4.93725 4.30322 0.0551592 277.56 -4.8423 4.3068
277.597 -4.84816 4.30398 0.0497429 277.56 -4.8423 4.3068
277.775 -4.87046 4.31433 0.00851693 277.56 -4.8423 4.3068
277.581 -4.84764 4.30554 0.0314988 277.56 -4.8423 4.3068
277.633 -5.1011 4.29911 0.0372821 277.56 -4.8423 4.3068
277.633 -5.1011 4.29911 0.0372821 277.56 -4.8423 4.3068
277.815 -4.89789 4.3108 0.0323106 277.56 -4.8423 4.3068
277.633 -5.1011 4.29911 0.0372821 277.56 -4.8423 4.3068
277.633 -5.1011 4.29911 0.0372821 277.56 -4.8423 4.3068
277.598 -4.85136 4.30709 0.0243225 277.56 -4.8423 4.3068
277.754 -5.00374 4.29226 0.00100577 277.56 -4.8423 4.3068
277.646 -4.89339 4.30766 0.0367706 277.56 -4.8423 4.3068
277.417 -5.08032 4.30115 0.00949252 277.56 -4.8423 4.3068
277.367 -5.07932 4.28585 0.00680285 277.56 -4.8423 4.3068
277.552 -4.93725 4.30322 0.0551592 277.56 -4.8423 4.3068
277.86 -4.8624 4.3051 0.0240543 277.56 -4.8423 4.3068
277.654 -4.67888 4.30992 0.00263994 277.56 -4.8423 4.3068
277.35 -4.83161 4.29672 0.00994282 277.56 -4.8423 4.3068
277.35 -4.83161 4.29672 0.00994282 277.56 -4.8423 4.3068
277.289 -4.80745 4.2937 0.00408288 277.56 -4.8423 4.3068
277.597 -4.84816 4.30398 0.0497429 277.56 -4.8423 4.3068
277.73 -4.77346 4.30866 0.0227148 277.56 -4.8423 4.3068
277.934 -5.12646 4.31013 0.00246087 277.56 -4.8423 4.3068
277.646 -4.89339 4.30766 0.0367706 277.56 -4.8423 4.3068
277.552 -4.93725 4.30322 0.0551592 277.56 -4.8423 4.3068
277.633 -5.1011 4.29911 0.0372821 277.56 -4.8423 4.3068
277.552 -4.93725 4.30322 0.0551592 277.56 -4.8423 4.3068
277.633 -5.1011 4.29911 0.0372821 277.56 -4.8423 4.3068
277.552 -4.87907 4.30003 0.0686497 277.56 -4.8423 4.3068
277.633 -5.1011 4.29911 0.0372821 277.56 -4.8423 4.3068
277.633 -5.1011 4.29911 0.0372821 277.56 -4.8423 4.3068
277.832 -5.02424 4.30809 0.0261646 277.56 -4.8423 4.3068
277.674 -4.88343 4.30032 0.0637906 277.56 -4.8423 4.3068
277.666 -5.11133 4.3121 0.0011048 277.56 -4.8423 4.3068
277.396 -5.19173 4.29552 0.00719194 277.56 -4.8423 4.3068
277.35 -4.83161 4.29672 0.00994282 277.56 -4.8423 4.3068
277.598 -4.85136 4.30709 0.0243225 277.56 -4.8423 4.3068
277.73 -4.77346 4.30866 0.0227148 277.56 -4.8423 4.3068
277.598 -4.85136 4.30709 0.0243225 277.56 -4.8423 4.3068
277.598 -4.85136 4.30709 0.0243225 277.56 -4.8423 4.3068
277.332 -4.97233 4.29652 0.0171473 277.56 -4.8423 4.3068
277.633 -5.1011 4.29911 0.0372821 277.56 -4.8423 4.3068
277.832 -5.02424 4.30809 0.0261646 277.56 -4.8423 4.3068
277.545 -4.8003 4.29472 0.015379 277.56 -4.8423 4.3068
277.633 -5.1011 4.29911 0.0372821 277.56 -4.8423 4.3068
277.639 -4.74426 4.30916 0.00753685 277.56 -4.8423 4.3068
277.545 -4.8003 4.29472 0.015379 277.56 -4.8423 4.3068
277.35 -4.83161 4.29672 0.00994282 277.56 -4.8423 4.3068
277.674 -4.88343 4.30032 0.0637906 277.56 -4.8423 4.3068
277.597 -4.84816 4.30398 0.0497429 277.56 -4.8423 4.3068
277.391 -4.92984 4.29201 0.0310193 277.56 -4.8423 4.3068
277.73 -4.77346 4.30866 0.0227148 277.56 -4.8423 4.3068
277.597 -4.84816 4.30398 0.0497429 277.56 -4.8423 4.3068
277.552 -4.93725 4.30322 0.0551592 277.56 -4.8423 4.3068
277.281 -4.949 4.30064 0.00138698 277.56 -4.8423 4.3068
277.86 -4.8624 4.3051 0.0240543 277.56 -4.8423 4.3068
277.743 -4.81942 4.29952 0.0172809 277.56 -4.8423 4.3068
277.674 -4.88343 4.30032 0.0637906 277.56 -4.8423 4.3068
277.674 -4.88343 4.30032 0.0637906 277.56 -4.8423 4.3068
277.403 -5.14138 4.29545 0.0160596 277.56 -4.8423 4.3068
277.646 -4.89339 4.30766 0.0367706 277.56 -4.8423 4.3068
277.633 -5.1011 4.29911 0.0372821 277.56 -4.8423 4.3068
277.775 -4.87046 4.31433 0.00851693 277.56 -4.8423 4.3068
277.763 -5.09873 4.31231 0.00316516 277.56 -4.8423 4.3068
277.552 -4.93725 4.30322 0.0551592 277.56 -4.8423 4.3068
277.367 -5.07932 4.28585 0.00680285 277.56 -4.8423 4.3068
277.674 -4.88343 4.30032 0.0637906 277.56 -4.8423 4.3068
277.754 -5.00374 4.29226 0.00100577 277.56 -4.8423 4.3068
277.545 -4.8003 4.29472 0.015379 277.56 -4.8423 4.3068
277.674 -4.88343 4.30032 0.0637906 277.56 -4.8423 4.3068
277.597 -4.84816 4.30398 0.0497429 277.56 -4.8423 4.3068
277.552 -4.87907 4.30003 0.0686497 277.56 -4.8423 4.3068
277.716 -4.83555 4.29668 0.0100126 277.56 -4.8423 4.3068
277.597 -4.84816 4.30398 0.0497429 277.56 -4.8423 4.3068
277.597 -4.84816 4.30398 0.0497429 277.56 -4.8423 4.3068
277.73 -4.77346 4.30866 0.0227148 277.56 -4.8423 4.3068
277.552 -4.93725 4.30322 0.0551592 277.56 -4.8423 4.3068
277.552 -4.87907 4.30003 0.0686497 277.56 -4.8423 4.3068
277.674 -4.88343 4.30032 0.0637906 277.56 -4.8423 4.3068
277.552 -4.87907 4.30003 0.0686497 277.56 -4.8423 4.3068
277.774 -4.75104 4.313 0.00744592 277.56 -4.8423 4.3068
277.552 -4.87907 4.30003 0.0686497 277.56 -4.8423 4.3068
277.832 -5.02424 4.30809 0.0261646 277.56 -4.8423 4.3068
277.86 -4.8624 4.3051 0.0240543 277.56 -4.8423 4.3068
277.815 -4.89789 4.3108 0.0323106 277.56 -4.8423 4.3068
277.298 -4.75831 4.30286 0.000180245 277.56 -4.8423 4.3068
