64.1703 -49.1447 3.87551 0.109945 64.239 -49.336 3.8782
64.129 -49.1332 3.87697 0.110552 64.239 -49.336 3.8782
64.236 -49.3591 3.87307 0.0816586 64.239 -49.336 3.8782
64.0333 -49.1125 3.87781 0.0349833 64.239 -49.336 3.8782
64.0815 -49.4634 3.8799 0.00643096 64.239 -49.336 3.8782
64.1715 -49.2124 3.88117 0.194538 64.239 -49.336 3.8782
64.411 -49.2013 3.8874 0.0074577 64.239 -49.336 3.8782
64.1703 -49.1447 3.87551 0.109945 64.239 -49.336 3.8782
64.236 -49.3591 3.87307 0.0816586 64.239 -49.336 3.8782
64.2839 -49.221 3.88328 0.113223 64.239 -49.336 3.8782
64.1568 -49.3035 3.88235 0.0784724 64.239 -49.336 3.8782
64.1568 -49.3035 3.88235 0.0784724 64.239 -49.336 3.8782
64.1715 -49.2124 3.88117 0.194538 64.239 -49.336 3.8782
64.2989 -49.4432 3.87155 0.0159797 64.239 -49.336 3.8782
64.1715 -49.2124 3.88117 0.194538 64.239 -49.336 3.8782
64.1121 -49.3175 3.88079 0.0756432 64.239 -49.336 3.8782
64.0815 -49.4634 3.8799 0.00643096 64.239 -49.336 3.8782
64.125 -49.468 3.88306 0.0022522 64.239 -49.336 3.8782
64.2411 -49.0706 3.8777 0.0730539 64.239 -49.336 3.8782
64.2659 -49.3262 3.88405 0.0354701 64.239 -49.336 3.8782
64.1703 -49.1447 3.87551 0.109945 64.239 -49.336 3.8782
64.0009 -49.3408 3.87172 0.0149381 64.239 -49.336 3.8782
64.2411 -49.0706 3.8777 0.0730539 64.239 -49.336 3.8782
64.3567 -49.3425 3.88281 0.0221115 64.239 -49.336 3.8782
64.1715 -49.2124 3.88117 0.194538 64.239 -49.336 3.8782
64.1715 -49.2124 3.88117 0.194538 64.239 -49.336 3.8782
64.3098 -49.375 3.87729 0.0642048 64.239 -49.336 3.8782
64.2839 -49.221 3.88328 0.113223 64.239 -49.336 3.8782
64.1715 -49.2124 3.88117 0.194538 64.239 -49.336 3.8782
64.1065 -49.1171 3.87215 0.0166901 64.239 -49.336 3.8782
64.1715 -49.2124 3.88117 0.194538 64.239 -49.336 3.8782
64.2411 -49.0706 3.8777 0.0730539 64.239 -49.336 3.8782
64.1065 -49.1171 3.87215 0.0166901 64.239 -49.336 3.8782
63.9889 -49.2188 3.87852 0.0296052 64.239 -49.336 3.8782
64.1121 -49.3175 3.88079 0.0756432 64.239 -49.336 3.8782
64.3098 -49.375 3.87729 0.0642048 64.239 -49.336 3.8782
64.1715 -49.2124 3.88117 0.194538 64.239 -49.336 3.8782
63.9398 -49.0842 3.87851 0.00426392 64.239 -49.336 3.8782
64.236 -49.3591 3.87307 0.0816586 64.239 -49.336 3.8782
64.0558 -49.4894 3.87212 0.00711463 64.239 -49.336 3.8782
64.2411 -49.0706 3.8777 0.0730539 64.239 -49.336 3.8782
64.1824 -49.3629 3.86929 0.0258659 64.239 -49.336 3.8782
64.1715 -49.2124 3.88117 0.194538 64.239 -49.336 3.8782
64.1121 -49.3175 3.88079 0.0756432 64.239 -49.336 3.8782
64.1715 -49.2124 3.88117 0.194538 64.239 -49.336 3.8782
64.2839 -49.221 3.88328 0.113223 64.239 -49.336 3.8782
64.129 -49.1332 3.87697 0.110552 64.239 -49.336 3.8782
64.1568 -49.3035 3.88235 0.0784724 64.239 -49.336 3.8782
64.236 -49.3591 3.87307 0.0816586 64.239 -49.336 3.8782
64.2839 -49.221 3.88328 0.113223 64.239 -49.336 3.8782
64.1568 -49.3035 3.88235 0.0784724 64.239 -49.336 3.8782
64.129 -49.1332 3.87697 0.110552 64.239 -49.336 3.8782
64.1568 -49.3035 3.88235 0.0784724 64.239 -49.336 3.8782
64.2839 -49.221 3.88328 0.113223 64.239 -49.336 3.8782
64.129 -49.1332 3.87697 0.110552 64.239 -49.336 3.8782
63.9889 -49.2188 3.87852 0.0296052 64.239 -49.336 3.8782
64.1568 -49.3035 3.88235 0.0784724 64.239 -49.336 3.8782
64.0879 -49.4993 3.87356 0.0090499 64.239 -49.336 3.8782
64.129 -49.1332 3.87697 0.110552 64.239 -49.336 3.8782
64.1178 -48.9784 3.87997 0.0153178 64.239 -49.336 3.8782
64.0275 -49.3245 3.86646 0.00232935 64.239 -49.336 3.8782
64.2258 -49.2619 3.86809 0.0106357 64.239 -49.336 3.8782
64.1568 -49.3035 3.88235 0.0784724 64.239 -49.336 3.8782
64.1715 -49.2124 3.88117 0.194538 64.239 -49.336 3.8782
64.2411 -49.0706 3.8777 0.0730539 64.239 -49.336 3.8782
64.2839 -49.221 3.88328 0.113223 64.239 -49.336 3.8782
64.1121 -49.3175 3.88079 0.0756432 64.239 -49.336 3.8782
64.2236 -49.2773 3.88662 0.0210568 64.239 -49.336 3.8782
64.3321 -48.9997 3.88796 0.00961781 64.239 -49.336 3.8782
64.2839 -49.221 3.88328 0.113223 64.239 -49.336 3.8782
64.1121 -49.3175 3.88079 0.0756432 64.239 -49.336 3.8782
64.2411 -49.0706 3.8777 0.0730539 64.239 -49.336 3.8782
64.1121 -49.3175 3.88079 0.0756432 64.239 -49.336 3.8782
64.1715 -49.2124 3.88117 0.194538 64.239 -49.336 3.8782
64.2839 -49.221 3.88328 0.113223 64.239 -49.336 3.8782
64.236 -49.3591 3.87307 0.0816586 64.239 -49.336 3.8782
64.1121 -49.3175 3.88079 0.0756432 64.239 -49.336 3.8782
64.1568 -49.3035 3.88235 0.0784724 64.239 -49.336 3.8782
64.129 -49.1332 3.87697 0.110552 64.239 -49.336 3.8782
64.236 -49.3591 3.87307 0.0816586 64.239 -49.336 3.8782
64.1737 -49.2495 3.88749 0.0150907 64.239 -49.336 3.8782
64.2839 -49.221 3.88328 0.113223 64.239 -49.336 3.8782
64.2839 -49.221 3.88328 0.113223 64.239 -49.336 3.8782
64.3098 -49.375 3.87729 0.0642048 64.239 -49.336 3.8782
64.0333 -49.1125 3.87781 0.0349833 64.239 -49.336 3.8782
64.1715 -49.2124 3.88117 0.194538 64.239 -49.336 3.8782
64.129 -49.1332 3.87697 0.110552 64.239 -49.336 3.8782
64.236 -49.3591 3.87307 0.0816586 64.239 -49.336 3.8782
64.1715 -49.2124 3.88117 0.194538 64.239 -49.336 3.8782
64.1715 -49.2124 3.88117 0.194538 64.239 -49.336 3.8782
64.0815 -49.4634 3.8799 0.00643096 64.239 -49.336 3.8782
64.129 -49.1332 3.87697 0.110552 64.239 -49.336 3.8782
64.1715 -49.2124 3.88117 0.194538 64.239 -49.336 3.8782
64.1715 -49.2124 3.88117 0.194538 64.239 -49.336 3.8782
64.3098 -49.375 3.87729 0.0642048 64.239 -49.336 3.8782
63.9398 -49.0842 3.87851 0.00426392 64.239 -49.336 3.8782
64.1824 -49.3629 3.86929 0.0258659 64.239 -49.336 3.8782
64.1703 -49.1447 3.87551 0.109945 64.239 -49.336 3.8782
64.0009 -49.3408 3.87172 0.0149381 64.239 -49.336 3.8782
64.2839 -49.221 3.88328 0.113223 64.239 -49.336 3.8782
64.42 -49.306 3.88274 0.0142561 64.239 -49.336 3.8782
64.1121 -49.3175 3.88079 0.0756432 64.239 -49.336 3.8782
64.129 -49.1332 3.87697 0.110552 64.239 -49.336 3.8782
64.1121 -49.3175 3.88079 0.0756432 64.239 -49.336 3.8782
64.3986 -49.0589 3.89071 0.00214533 64.239 -49.336 3.8782
64.1715 -49.2124 3.88117 0.194538 64.239 -49.336 3.8782
64.0333 -49.1125 3.87781 0.0349833 64.239 -49.336 3.8782
64.1715 -49.2124 3.88117 0.194538 64.239 -49.336 3.8782
64.1715 -49.2124 3.88117 0.194538 64.239 -49.336 3.8782
64.1715 -49.2124 3.88117 0.194538 64.239 -49.336 3.8782
64.2839 -49.221 3.88328 0.113223 64.239 -49.336 3.8782
64.1178 -48.9784 3.87997 0.0153178 64.239 -49.336 3.8782
64.1715 -49.2124 3.88117 0.194538 64.239 -49.336 3.8782
64.1121 -49.3175 3.88079 0.0756432 64.239 -49.336 3.8782
64.1715 -49.2124 3.88117 0.194538 64.239 -49.336 3.8782
64.3098 -49.375 3.87729 0.0642048 64.239 -49.336 3.8782
64.0879 -49.4993 3.87356 0.0090499 64.239 -49.336 3.8782
64.1737 -49.2495 3.88749 0.0150907 64.239 -49.336 3.8782
64.1715 -49.2124 3.88117 0.194538 64.239 -49.336 3.8782
64.1715 -49.2124 3.88117 0.194538 64.239 -49.336 3.8782
64.1703 -49.1447 3.87551 0.109945 64.239 -49.336 3.8782
64.1737 -49.2495 3.88749 0.0150907 64.239 -49.336 3.8782
64.1703 -49.1447 3.87551 0.109945 64.239 -49.336 3.8782
64.1715 -49.2124 3.88117 0.194538 64.239 -49.336 3.8782
64.1715 -49.2124 3.88117 0.194538 64.239 -49.336 3.8782
64.1715 -49.2124 3.88117 0.194538 64.239 -49.336 3.8782
64.1121 -49.3175 3.88079 0.0756432 64.239 -49.336 3.8782
64.1703 -49.1447 3.87551 0.109945 64.239 -49.336 3.8782
64.1703 -49.1447 3.87551 0.109945 64.239 -49.336 3.8782
64.129 -49.1332 3.87697 0.110552 64.239 -49.336 3.8782
64.1824 -49.3629 3.86929 0.0258659 64.239 -49.336 3.8782
64.2659 -49.3262 3.88405 0.0354701 64.239 -49.336 3.8782
64.1715 -49.2124 3.88117 0.194538 64.239 -49.336 3.8782
64.1703 -49.1447 3.87551 0.109945 64.239 -49.336 3.8782
64.1715 -49.2124 3.88117 0.194538 64.239 -49.336 3.8782
64.2839 -49.221 3.88328 0.113223 64.239 -49.336 3.8782
64.2989 -49.4432 3.87155 0.0159797 64.239 -49.336 3.8782
64.2839 -49.221 3.88328 0.113223 64.239 -49.336 3.8782
64.2028 -49.5029 3.88282 0.00147936 64.239 -49.336 3.8782
64.2659 -49.3262 3.88405 0.0354701 64.239 -49.336 3.8782
64.2236 -49.2773 3.88662 0.0210568 64.239 -49.336 3.8782
64.1715 -49.2124 3.88117 0.194538 64.239 -49.336 3.8782
64.1568 -49.3035 3.88235 0.0784724 64.239 -49.336 3.8782
64.129 -49.1332 3.87697 0.110552 64.239 -49.336 3.8782
64.236 -49.3591 3.87307 0.0816586 64.239 -49.336 3.8782
64.129 -49.1332 3.87697 0.110552 64.239 -49.336 3.8782
64.1715 -49.2124 3.88117 0.194538 64.239 -49.336 3.8782
64.2839 -49.221 3.88328 0.113223 64.239 -49.336 3.8782
64.3098 -49.375 3.87729 0.0642048 64.239 -49.336 3.8782
64.1715 -49.2124 3.88117 0.194538 64.239 -49.336 3.8782
63.9889 -49.2188 3.87852 0.0296052 64.239 -49.336 3.8782
64.1715 -49.2124 3.88117 0.194538 64.239 -49.336 3.8782
64.1568 -49.3035 3.88235 0.0784724 64.239 -49.336 3.8782
64.1325 -49.4869 3.87777 0.0109516 64.239 -49.336 3.8782
64.2411 -49.0706 3.8777 0.0730539 64.239 -49.336 3.8782
64.3098 -49.375 3.87729 0.0642048 64.239 -49.336 3.8782
64.3098 -49.375 3.87729 0.0642048 64.239 -49.336 3.8782
64.1065 -49.1171 3.87215 0.0166901 64.239 -49.336 3.8782
64.236 -49.3591 3.87307 0.0816586 64.239 -49.336 3.8782
64.2411 -49.0706 3.8777 0.0730539 64.239 -49.336 3.8782
64.1568 -49.3035 3.88235 0.0784724 64.239 -49.336 3.8782
64.1824 -49.3629 3.86929 0.0258659 64.239 -49.336 3.8782
64.1824 -49.3629 3.86929 0.0258659 64.239 -49.336 3.8782
64.129 -49.1332 3.87697 0.110552 64.239 -49.336 3.8782
64.1715 -49.2124 3.88117 0.194538 64.239 -49.336 3.8782
64.1715 -49.2124 3.88117 0.194538 64.239 -49.336 3.8782
64.129 -49.1332 3.87697 0.110552 64.239 -49.336 3.8782
64.1703 -49.1447 3.87551 0.109945 64.239 -49.336 3.8782
64.129 -49.1332 3.87697 0.110552 64.239 -49.336 3.8782
64.411 -49.2013 3.8874 0.0074577 64.239 -49.336 3.8782
64.1568 -49.3035 3.88235 0.0784724 64.239 -49.336 3.8782
64.236 -49.3591 3.87307 0.0816586 64.239 -49.336 3.8782
64.129 -49.1332 3.87697 0.110552 64.239 -49.336 3.8782
64.2659 -49.3262 3.88405 0.0354701 64.239 -49.336 3.8782
64.1715 -49.2124 3.88117 0.194538 64.239 -49.336 3.8782
64.1715 -49.2124 3.88117 0.194538 64.239 -49.336 3.8782
64.1121 -49.3175 3.88079 0.0756432 64.239 -49.336 3.8782
64.1703 -49.1447 3.87551 0.109945 64.239 -49.336 3.8782
64.1178 -48.9784 3.87997 0.0153178 64.239 -49.336 3.8782
64.2839 -49.221 3.88328 0.113223 64.239 -49.336 3.8782
64.1715 -49.2124 3.88117 0.194538 64.239 -49.336 3.8782
64.129 -49.1332 3.87697 0.110552 64.239 -49.336 3.8782
64.1715 -49.2124 3.88117 0.194538 64.239 -49.336 3.8782
64.1703 -49.1447 3.87551 0.109945 64.239 -49.336 3.8782
64.1703 -49.1447 3.87551 0.109945 64.239 -49.336 3.8782
64.2411 -49.0706 3.8777 0.0730539 64.239 -49.336 3.8782
64.2839 -49.221 3.88328 0.113223 64.239 -49.336 3.8782
64.2989 -49.4432 3.87155 0.0159797 64.239 -49.336 3.8782
64.129 -49.1332 3.87697 0.110552 64.239 -49.336 3.8782
64.129 -49.1332 3.87697 0.110552 64.239 -49.336 3.8782
64.411 -49.2013 3.8874 0.0074577 64.239 -49.336 3.8782
64.3098 -49.375 3.87729 0.0642048 64.239 -49.336 3.8782
64.2236 -49.2773 3.88662 0.0210568 64.239 -49.336 3.8782
64.129 -49.1332 3.87697 0.110552 64.239 -49.336 3.8782
64.4479 -49.1879 3.874 0.00615996 64.239 -49.336 3.8782
64.236 -49.3591 3.87307 0.0816586 64.239 -49.336 3.8782
64.129 -49.1332 3.87697 0.110552 64.239 -49.336 3.8782
64.3098 -49.375 3.87729 0.0642048 64.239 -49.336 3.8782
64.1715 -49.2124 3.88117 0.194538 64.239 -49.336 3.8782
64.2659 -49.3262 3.88405 0.0354701 64.239 -49.336 3.8782
