278.552 14.2587 5.13068 0.480128 278.53 14.31 5.1378
278.489 14.3279 5.13086 0.467163 278.53 14.31 5.1378
278.623 14.2665 5.14086 0.378808 278.53 14.31 5.1378
278.391 14.1485 5.13724 0.246923 278.53 14.31 5.1378
278.694 14.2507 5.13152 0.0989312 278.53 14.31 5.1378
278.747 14.1809 5.13235 0.0298748 278.53 14.31 5.1378
278.431 14.3814 5.14123 0.706408 278.53 14.31 5.1378
278.499 14.4557 5.14246 0.532217 278.53 14.31 5.1378
278.513 14.2154 5.1383 0.752682 278.53 14.31 5.1378
278.48 14.4372 5.14048 0.728419 278.53 14.31 5.1378
278.591 14.3258 5.14157 0.605484 278.53 14.31 5.1378
278.348 14.4269 5.14609 0.0669096 278.53 14.31 5.1378
278.48 14.4372 5.14048 0.728419 278.53 14.31 5.1378
278.749 14.2575 5.14128 0.0426363 278.53 14.31 5.1378
278.431 14.3814 5.14123 0.706408 278.53 14.31 5.1378
278.43 14.3569 5.14135 0.699199 278.53 14.31 5.1378
278.489 14.3279 5.13086 0.467163 278.53 14.31 5.1378
278.545 14.2373 5.13174 0.652123 278.53 14.31 5.1378
278.664 14.3388 5.13537 0.309215 278.53 14.31 5.1378
278.616 14.3487 5.13727 0.669282 278.53 14.31 5.1378
278.431 14.3814 5.14123 0.706408 278.53 14.31 5.1378
278.43 14.3569 5.14135 0.699199 278.53 14.31 5.1378
278.572 14.2713 5.12966 0.286752 278.53 14.31 5.1378
278.552 14.2587 5.13068 0.480128 278.53 14.31 5.1378
278.545 14.2373 5.13174 0.652123 278.53 14.31 5.1378
278.424 14.4697 5.14511 0.194061 278.53 14.31 5.1378
278.552 14.2587 5.13068 0.480128 278.53 14.31 5.1378
278.466 14.2018 5.13402 0.873807 278.53 14.31 5.1378
278.591 14.3258 5.14157 0.605484 278.53 14.31 5.1378
278.454 14.5005 5.15105 0.0177489 278.53 14.31 5.1378
278.431 14.3814 5.14123 0.706408 278.53 14.31 5.1378
278.43 14.3569 5.14135 0.699199 278.53 14.31 5.1378
278.391 14.1485 5.13724 0.246923 278.53 14.31 5.1378
278.48 14.4372 5.14048 0.728419 278.53 14.31 5.1378
278.747 14.1809 5.13235 0.0298748 278.53 14.31 5.1378
278.391 14.1485 5.13724 0.246923 278.53 14.31 5.1378
278.552 14.2587 5.13068 0.480128 278.53 14.31 5.1378
278.391 14.1485 5.13724 0.246923 278.53 14.31 5.1378
278.499 14.4557 5.14246 0.532217 278.53 14.31 5.1378
278.48 14.4372 5.14048 0.728419 278.53 14.31 5.1378
278.513 14.2154 5.1383 0.752682 278.53 14.31 5.1378
278.271 13.9796 5.12735 0.00428663 278.53 14.31 5.1378
278.48 14.4372 5.14048 0.728419 278.53 14.31 5.1378
278.424 14.4697 5.14511 0.194061 278.53 14.31 5.1378
278.616 14.3487 5.13727 0.669282 278.53 14.31 5.1378
278.572 14.2713 5.12966 0.286752 278.53 14.31 5.1378
278.513 14.2154 5.1383 0.752682 278.53 14.31 5.1378
278.545 14.5061 5.14265 0.305539 278.53 14.31 5.1378
278.591 14.3258 5.14157 0.605484 278.53 14.31 5.1378
278.488 14.2887 5.144 0.304221 278.53 14.31 5.1378
278.545 14.2373 5.13174 0.652123 278.53 14.31 5.1378
278.489 14.3279 5.13086 0.467163 278.53 14.31 5.1378
278.616 14.3487 5.13727 0.669282 278.53 14.31 5.1378
278.513 14.2154 5.1383 0.752682 278.53 14.31 5.1378
278.499 14.4557 5.14246 0.532217 278.53 14.31 5.1378
278.499 14.4557 5.14246 0.532217 278.53 14.31 5.1378
278.616 14.3487 5.13727 0.669282 278.53 14.31 5.1378
278.48 14.4372 5.14048 0.728419 278.53 14.31 5.1378
278.466 14.2018 5.13402 0.873807 278.53 14.31 5.1378
278.591 14.3258 5.14157 0.605484 278.53 14.31 5.1378
278.48 14.4372 5.14048 0.728419 278.53 14.31 5.1378
278.466 14.2018 5.13402 0.873807 278.53 14.31 5.1378
278.43 14.3569 5.14135 0.699199 278.53 14.31 5.1378
278.48 14.4372 5.14048 0.728419 278.53 14.31 5.1378
278.545 14.2373 5.13174 0.652123 278.53 14.31 5.1378
278.545 14.2373 5.13174 0.652123 278.53 14.31 5.1378
278.545 14.2373 5.13174 0.652123 278.53 14.31 5.1378
278.488 14.2887 5.144 0.304221 278.53 14.31 5.1378
278.489 14.3279 5.13086 0.467163 278.53 14.31 5.1378
278.664 14.3388 5.13537 0.309215 278.53 14.31 5.1378
278.424 14.4697 5.14511 0.194061 278.53 14.31 5.1378
278.431 14.3814 5.14123 0.706408 278.53 14.31 5.1378
278.499 14.4557 5.14246 0.532217 278.53 14.31 5.1378
278.572 14.2713 5.12966 0.286752 278.53 14.31 5.1378
278.522 14.5423 5.13593 0.0919205 278.53 14.31 5.1378
278.616 14.3487 5.13727 0.669282 278.53 14.31 5.1378
278.466 14.2018 5.13402 0.873807 278.53 14.31 5.1378
278.424 14.4697 5.14511 0.194061 278.53 14.31 5.1378
278.616 14.3487 5.13727 0.669282 278.53 14.31 5.1378
278.43 14.3569 5.14135 0.699199 278.53 14.31 5.1378
278.489 14.3279 5.13086 0.467163 278.53 14.31 5.1378
278.552 14.2587 5.13068 0.480128 278.53 14.31 5.1378
278.43 14.3569 5.14135 0.699199 278.53 14.31 5.1378
278.513 14.2154 5.1383 0.752682 278.53 14.31 5.1378
278.488 14.2887 5.144 0.304221 278.53 14.31 5.1378
278.616 14.3487 5.13727 0.669282 278.53 14.31 5.1378
278.48 14.4372 5.14048 0.728419 278.53 14.31 5.1378
278.552 14.2587 5.13068 0.480128 278.53 14.31 5.1378
278.623 14.2665 5.14086 0.378808 278.53 14.31 5.1378
278.499 14.4557 5.14246 0.532217 278.53 14.31 5.1378
278.43 14.3569 5.14135 0.699199 278.53 14.31 5.1378
278.513 14.2154 5.1383 0.752682 278.53 14.31 5.1378
278.623 14.2665 5.14086 0.378808 278.53 14.31 5.1378
278.35 14.3743 5.12756 0.0353785 278.53 14.31 5.1378
278.513 14.2154 5.1383 0.752682 278.53 14.31 5.1378
278.431 14.3814 5.14123 0.706408 278.53 14.31 5.1378
278.616 14.3487 5.13727 0.669282 278.53 14.31 5.1378
278.623 14.2665 5.14086 0.378808 278.53 14.31 5.1378
278.591 14.3258 5.14157 0.605484 278.53 14.31 5.1378
278.466 14.2018 5.13402 0.873807 278.53 14.31 5.1378
278.545 14.2373 5.13174 0.652123 278.53 14.31 5.1378
278.545 14.5061 5.14265 0.305539 278.53 14.31 5.1378
278.488 14.2887 5.144 0.304221 278.53 14.31 5.1378
278.616 14.3487 5.13727 0.669282 278.53 14.31 5.1378
278.513 14.2154 5.1383 0.752682 278.53 14.31 5.1378
278.591 14.3258 5.14157 0.605484 278.53 14.31 5.1378
278.591 14.3258 5.14157 0.605484 278.53 14.31 5.1378
278.572 14.2713 5.12966 0.286752 278.53 14.31 5.1378
278.493 14 5.12719 0.0332154 278.53 14.31 5.1378
278.545 14.2373 5.13174 0.652123 278.53 14.31 5.1378
278.545 14.2373 5.13174 0.652123 278.53 14.31 5.1378
278.488 14.2887 5.144 0.304221 278.53 14.31 5.1378
278.513 14.2154 5.1383 0.752682 278.53 14.31 5.1378
278.545 14.5061 5.14265 0.305539 278.53 14.31 5.1378
278.513 14.2154 5.1383 0.752682 278.53 14.31 5.1378
278.513 14.2154 5.1383 0.752682 278.53 14.31 5.1378
278.499 14.4557 5.14246 0.532217 278.53 14.31 5.1378
278.616 14.4801 5.14696 0.103033 278.53 14.31 5.1378
278.48 14.4372 5.14048 0.728419 278.53 14.31 5.1378
278.424 14.4697 5.14511 0.194061 278.53 14.31 5.1378
278.431 14.3814 5.14123 0.706408 278.53 14.31 5.1378
278.431 14.3814 5.14123 0.706408 278.53 14.31 5.1378
278.499 14.4557 5.14246 0.532217 278.53 14.31 5.1378
278.466 14.2018 5.13402 0.873807 278.53 14.31 5.1378
278.572 14.2713 5.12966 0.286752 278.53 14.31 5.1378
278.499 14.4557 5.14246 0.532217 278.53 14.31 5.1378
278.552 14.2587 5.13068 0.480128 278.53 14.31 5.1378
278.591 14.3258 5.14157 0.605484 278.53 14.31 5.1378
278.591 14.3258 5.14157 0.605484 278.53 14.31 5.1378
278.466 14.2018 5.13402 0.873807 278.53 14.31 5.1378
278.545 14.2373 5.13174 0.652123 278.53 14.31 5.1378
278.513 14.2154 5.1383 0.752682 278.53 14.31 5.1378
278.48 14.4372 5.14048 0.728419 278.53 14.31 5.1378
278.43 14.3569 5.14135 0.699199 278.53 14.31 5.1378
278.499 14.4557 5.14246 0.532217 278.53 14.31 5.1378
278.466 14.2018 5.13402 0.873807 278.53 14.31 5.1378
278.466 14.2018 5.13402 0.873807 278.53 14.31 5.1378
278.623 14.2665 5.14086 0.378808 278.53 14.31 5.1378
278.391 14.1485 5.13724 0.246923 278.53 14.31 5.1378
278.616 14.3487 5.13727 0.669282 278.53 14.31 5.1378
278.466 14.2018 5.13402 0.873807 278.53 14.31 5.1378
278.488 14.2887 5.144 0.304221 278.53 14.31 5.1378
278.545 14.2373 5.13174 0.652123 278.53 14.31 5.1378
278.572 14.2713 5.12966 0.286752 278.53 14.31 5.1378
278.488 14.2887 5.144 0.304221 278.53 14.31 5.1378
278.616 14.3487 5.13727 0.669282 278.53 14.31 5.1378
278.552 14.2587 5.13068 0.480128 278.53 14.31 5.1378
278.466 14.2018 5.13402 0.873807 278.53 14.31 5.1378
278.448 14.1723 5.12536 0.0926989 278.53 14.31 5.1378
278.43 14.3569 5.14135 0.699199 278.53 14.31 5.1378
278.552 14.2587 5.13068 0.480128 278.53 14.31 5.1378
278.545 14.2373 5.13174 0.652123 278.53 14.31 5.1378
278.431 14.3814 5.14123 0.706408 278.53 14.31 5.1378
278.263 14.2749 5.12672 0.0205963 278.53 14.31 5.1378
278.552 14.2587 5.13068 0.480128 278.53 14.31 5.1378
278.499 14.4557 5.14246 0.532217 278.53 14.31 5.1378
278.513 14.2154 5.1383 0.752682 278.53 14.31 5.1378
278.43 14.3569 5.14135 0.699199 278.53 14.31 5.1378
278.552 14.2587 5.13068 0.480128 278.53 14.31 5.1378
278.545 14.2373 5.13174 0.652123 278.53 14.31 5.1378
278.43 14.3569 5.14135 0.699199 278.53 14.31 5.1378
278.513 14.2154 5.1383 0.752682 278.53 14.31 5.1378
278.27 14.228 5.14177 0.0296743 278.53 14.31 5.1378
278.43 14.3569 5.14135 0.699199 278.53 14.31 5.1378
278.545 14.2373 5.13174 0.652123 278.53 14.31 5.1378
278.623 14.2665 5.14086 0.378808 278.53 14.31 5.1378
278.263 14.2749 5.12672 0.0205963 278.53 14.31 5.1378
278.335 14.022 5.13285 0.0270536 278.53 14.31 5.1378
278.545 14.2373 5.13174 0.652123 278.53 14.31 5.1378
278.623 14.2665 5.14086 0.378808 278.53 14.31 5.1378
278.466 14.2018 5.13402 0.873807 278.53 14.31 5.1378
278.664 14.3388 5.13537 0.309215 278.53 14.31 5.1378
278.499 14.4557 5.14246 0.532217 278.53 14.31 5.1378
278.545 14.2373 5.13174 0.652123 278.53 14.31 5.1378
278.391 14.1485 5.13724 0.246923 278.53 14.31 5.1378
278.431 14.3814 5.14123 0.706408 278.53 14.31 5.1378
278.545 14.2373 5.13174 0.652123 278.53 14.31 5.1378
278.489 14.3279 5.13086 0.467163 278.53 14.31 5.1378
278.623 14.2665 5.14086 0.378808 278.53 14.31 5.1378
278.43 14.3569 5.14135 0.699199 278.53 14.31 5.1378
278.424 14.4697 5.14511 0.194061 278.53 14.31 5.1378
278.616 14.3487 5.13727 0.669282 278.53 14.31 5.1378
278.48 14.4372 5.14048 0.728419 278.53 14.31 5.1378
278.489 14.3279 5.13086 0.467163 278.53 14.31 5.1378
278.466 14.2018 5.13402 0.873807 278.53 14.31 5.1378
278.499 14.4557 5.14246 0.532217 278.53 14.31 5.1378
278.48 14.4372 5.14048 0.728419 278.53 14.31 5.1378
278.48 14.4372 5.14048 0.728419 278.53 14.31 5.1378
278.499 14.4557 5.14246 0.532217 278.53 14.31 5.1378
278.616 14.3487 5.13727 0.669282 278.53 14.31 5.1378
278.616 14.4801 5.14696 0.103033 278.53 14.31 5.1378
278.448 14.1723 5.12536 0.0926989 278.53 14.31 5.1378
278.664 14.3388 5.13537 0.309215 278.53 14.31 5.1378
278.552 14.2587 5.13068 0.480128 278.53 14.31 5.1378
278.431 14.3814 5.14123 0.706408 278.53 14.31 5.1378
278.513 14.2154 5.1383 0.752682 278.53 14.31 5.1378
278.552 14.2587 5.13068 0.480128 278.53 14.31 5.1378
278.263 14.2749 5.12672 0.0205963 278.53 14.31 5.1378
278.431 14.3814 5.14123 0.706408 278.53 14.31 5.1378
278.466 14.2018 5.13402 0.873807 278.53 14.31 5.1378
