19.2779 8.59955 0.19493 0.125102 19.329 8.5275 0.19138
19.2779 8.59955 0.19493 0.125102 19.329 8.5275 0.19138
19.1892 8.62521 0.195084 0.164578 19.329 8.5275 0.19138
19.1272 8.58628 0.193795 0.132574 19.329 8.5275 0.19138
19.1342 8.38731 0.195324 0.01213 19.329 8.5275 0.19138
19.174 8.50237 0.191901 0.0855615 19.329 8.5275 0.19138
19.1272 8.58628 0.193795 0.132574 19.329 8.5275 0.19138
19.0721 8.54914 0.189404 0.00977702 19.329 8.5275 0.19138
19.0721 8.54914 0.189404 0.00977702 19.329 8.5275 0.19138
19.1688 8.56935 0.195625 0.135875 19.329 8.5275 0.19138
19.1688 8.56935 0.195625 0.135875 19.329 8.5275 0.19138
19.1635 8.74937 0.193532 0.0713078 19.329 8.5275 0.19138
19.2779 8.59955 0.19493 0.125102 19.329 8.5275 0.19138
19.3175 8.84325 0.188361 0.0154436 19.329 8.5275 0.19138
19.174 8.50237 0.191901 0.0855615 19.329 8.5275 0.19138
19.4868 8.53468 0.185025 0.0129944 19.329 8.5275 0.19138
19.2779 8.59955 0.19493 0.125102 19.329 8.5275 0.19138
19.174 8.50237 0.191901 0.0855615 19.329 8.5275 0.19138
19.1635 8.74937 0.193532 0.0713078 19.329 8.5275 0.19138
19.1635 8.74937 0.193532 0.0713078 19.329 8.5275 0.19138
19.2162 8.49668 0.188874 0.0431162 19.329 8.5275 0.19138
19.2779 8.59955 0.19493 0.125102 19.329 8.5275 0.19138
19.2779 8.59955 0.19493 0.125102 19.329 8.5275 0.19138
19.2779 8.59955 0.19493 0.125102 19.329 8.5275 0.19138
19.1688 8.56935 0.195625 0.135875 19.329 8.5275 0.19138
19.0721 8.54914 0.189404 0.00977702 19.329 8.5275 0.19138
19.1635 8.74937 0.193532 0.0713078 19.329 8.5275 0.19138
19.2162 8.49668 0.188874 0.0431162 19.329 8.5275 0.19138
19.2779 8.59955 0.19493 0.125102 19.329 8.5275 0.19138
19.174 8.50237 0.191901 0.0855615 19.329 8.5275 0.19138
19.174 8.50237 0.191901 0.0855615 19.329 8.5275 0.19138
19.1892 8.62521 0.195084 0.164578 19.329 8.5275 0.19138
19.4574 8.4896 0.185312 0.0104965 19.329 8.5275 0.19138
19.2162 8.49668 0.188874 0.0431162 19.329 8.5275 0.19138
19.1892 8.62521 0.195084 0.164578 19.329 8.5275 0.19138
19.1688 8.56935 0.195625 0.135875 19.329 8.5275 0.19138
19.1635 8.74937 0.193532 0.0713078 19.329 8.5275 0.19138
19.1892 8.62521 0.195084 0.164578 19.329 8.5275 0.19138
19.1892 8.62521 0.195084 0.164578 19.329 8.5275 0.19138
19.1892 8.62521 0.195084 0.164578 19.329 8.5275 0.19138
19.2779 8.59955 0.19493 0.125102 19.329 8.5275 0.19138
19.1635 8.74937 0.193532 0.0713078 19.329 8.5275 0.19138
19.1272 8.58628 0.193795 0.132574 19.329 8.5275 0.19138
19.1688 8.56935 0.195625 0.135875 19.329 8.5275 0.19138
19.1892 8.62521 0.195084 0.164578 19.329 8.5275 0.19138
19.1688 8.56935 0.195625 0.135875 19.329 8.5275 0.19138
19.1892 8.62521 0.195084 0.164578 19.329 8.5275 0.19138
19.1272 8.58628 0.193795 0.132574 19.329 8.5275 0.19138
19.3927 8.68687 0.194913 0.0192301 19.329 8.5275 0.19138
19.1892 8.62521 0.195084 0.164578 19.329 8.5275 0.19138
19.1892 8.62521 0.195084 0.164578 19.329 8.5275 0.19138
19.0139 8.43489 0.19826 0.00752955 19.329 8.5275 0.19138
19.2945 8.41486 0.190924 0.0252074 19.329 8.5275 0.19138
19.174 8.50237 0.191901 0.0855615 19.329 8.5275 0.19138
19.1892 8.62521 0.195084 0.164578 19.329 8.5275 0.19138
19.1688 8.56935 0.195625 0.135875 19.329 8.5275 0.19138
19.1892 8.62521 0.195084 0.164578 19.329 8.5275 0.19138
19.1272 8.58628 0.193795 0.132574 19.329 8.5275 0.19138
19.4401 8.79723 0.191421 0.0102201 19.329 8.5275 0.19138
19.1635 8.74937 0.193532 0.0713078 19.329 8.5275 0.19138
19.1688 8.56935 0.195625 0.135875 19.329 8.5275 0.19138
19.2779 8.59955 0.19493 0.125102 19.329 8.5275 0.19138
19.3423 8.51785 0.198897 0.00298359 19.329 8.5275 0.19138
19.1272 8.58628 0.193795 0.132574 19.329 8.5275 0.19138
19.1892 8.62521 0.195084 0.164578 19.329 8.5275 0.19138
19.174 8.50237 0.191901 0.0855615 19.329 8.5275 0.19138
19.1272 8.58628 0.193795 0.132574 19.329 8.5275 0.19138
19.1635 8.74937 0.193532 0.0713078 19.329 8.5275 0.19138
19.1342 8.38731 0.195324 0.01213 19.329 8.5275 0.19138
19.174 8.50237 0.191901 0.0855615 19.329 8.5275 0.19138
19.1892 8.62521 0.195084 0.164578 19.329 8.5275 0.19138
19.4696 8.45414 0.186376 0.00722841 19.329 8.5275 0.19138
19.0897 8.67872 0.189377 0.0170499 19.329 8.5275 0.19138
19.2162 8.49668 0.188874 0.0431162 19.329 8.5275 0.19138
19.1272 8.58628 0.193795 0.132574 19.329 8.5275 0.19138
19.1688 8.56935 0.195625 0.135875 19.329 8.5275 0.19138
19.1272 8.58628 0.193795 0.132574 19.329 8.5275 0.19138
19.1272 8.58628 0.193795 0.132574 19.329 8.5275 0.19138
19.2162 8.49668 0.188874 0.0431162 19.329 8.5275 0.19138
19.2162 8.49668 0.188874 0.0431162 19.329 8.5275 0.19138
19.2779 8.59955 0.19493 0.125102 19.329 8.5275 0.19138
19.0721 8.54914 0.189404 0.00977702 19.329 8.5275 0.19138
19.1272 8.58628 0.193795 0.132574 19.329 8.5275 0.19138
19.1272 8.58628 0.193795 0.132574 19.329 8.5275 0.19138
19.1272 8.58628 0.193795 0.132574 19.329 8.5275 0.19138
19.0897 8.67872 0.189377 0.0170499 19.329 8.5275 0.19138
19.4401 8.79723 0.191421 0.0102201 19.329 8.5275 0.19138
19.2779 8.59955 0.19493 0.125102 19.329 8.5275 0.19138
19.1272 8.58628 0.193795 0.132574 19.329 8.5275 0.19138
19.1892 8.62521 0.195084 0.164578 19.329 8.5275 0.19138
19.2779 8.59955 0.19493 0.125102 19.329 8.5275 0.19138
19.174 8.50237 0.191901 0.0855615 19.329 8.5275 0.19138
19.1635 8.74937 0.193532 0.0713078 19.329 8.5275 0.19138
19.2779 8.59955 0.19493 0.125102 19.329 8.5275 0.19138
19.174 8.50237 0.191901 0.0855615 19.329 8.5275 0.19138
19.1635 8.74937 0.193532 0.0713078 19.329 8.5275 0.19138
19.174 8.50237 0.191901 0.0855615 19.329 8.5275 0.19138
19.1688 8.56935 0.195625 0.135875 19.329 8.5275 0.19138
19.1688 8.56935 0.195625 0.135875 19.329 8.5275 0.19138
19.1688 8.56935 0.195625 0.135875 19.329 8.5275 0.19138
19.174 8.50237 0.191901 0.0855615 19.329 8.5275 0.19138
19.1635 8.74937 0.193532 0.0713078 19.329 8.5275 0.19138
19.174 8.50237 0.191901 0.0855615 19.329 8.5275 0.19138
19.174 8.50237 0.191901 0.0855615 19.329 8.5275 0.19138
19.1272 8.58628 0.193795 0.132574 19.329 8.5275 0.19138
19.174 8.50237 0.191901 0.0855615 19.329 8.5275 0.19138
19.2779 8.59955 0.19493 0.125102 19.329 8.5275 0.19138
19.1785 8.30643 0.194272 0.00181303 19.329 8.5275 0.19138
19.2779 8.59955 0.19493 0.125102 19.329 8.5275 0.19138
19.1892 8.62521 0.195084 0.164578 19.329 8.5275 0.19138
19.3973 8.37057 0.190913 0.00428199 19.329 8.5275 0.19138
19.2162 8.49668 0.188874 0.0431162 19.329 8.5275 0.19138
19.1892 8.62521 0.195084 0.164578 19.329 8.5275 0.19138
19.1688 8.56935 0.195625 0.135875 19.329 8.5275 0.19138
19.3927 8.68687 0.194913 0.0192301 19.329 8.5275 0.19138
19.1892 8.62521 0.195084 0.164578 19.329 8.5275 0.19138
19.2779 8.59955 0.19493 0.125102 19.329 8.5275 0.19138
18.935 8.50236 0.193959 0.00217344 19.329 8.5275 0.19138
19.0897 8.67872 0.189377 0.0170499 19.329 8.5275 0.19138
19.1272 8.58628 0.193795 0.132574 19.329 8.5275 0.19138
19.2779 8.59955 0.19493 0.125102 19.329 8.5275 0.19138
19.2779 8.59955 0.19493 0.125102 19.329 8.5275 0.19138
19.1688 8.56935 0.195625 0.135875 19.329 8.5275 0.19138
19.1688 8.56935 0.195625 0.135875 19.329 8.5275 0.19138
19.1688 8.56935 0.195625 0.135875 19.329 8.5275 0.19138
19.1272 8.58628 0.193795 0.132574 19.329 8.5275 0.19138
19.2162 8.49668 0.188874 0.0431162 19.329 8.5275 0.19138
19.2779 8.59955 0.19493 0.125102 19.329 8.5275 0.19138
19.1635 8.74937 0.193532 0.0713078 19.329 8.5275 0.19138
19.1892 8.62521 0.195084 0.164578 19.329 8.5275 0.19138
19.3071 8.86499 0.185437 0.00326064 19.329 8.5275 0.19138
19.1635 8.74937 0.193532 0.0713078 19.329 8.5275 0.19138
19.2162 8.49668 0.188874 0.0431162 19.329 8.5275 0.19138
19.3927 8.68687 0.194913 0.0192301 19.329 8.5275 0.19138
19.3175 8.84325 0.188361 0.0154436 19.329 8.5275 0.19138
19.1892 8.62521 0.195084 0.164578 19.329 8.5275 0.19138
19.1272 8.58628 0.193795 0.132574 19.329 8.5275 0.19138
19.1272 8.58628 0.193795 0.132574 19.329 8.5275 0.19138
19.1635 8.74937 0.193532 0.0713078 19.329 8.5275 0.19138
19.1688 8.56935 0.195625 0.135875 19.329 8.5275 0.19138
19.1728 8.4799 0.201277 0.00406893 19.329 8.5275 0.19138
19.1272 8.58628 0.193795 0.132574 19.329 8.5275 0.19138
19.2162 8.49668 0.188874 0.0431162 19.329 8.5275 0.19138
19.1892 8.62521 0.195084 0.164578 19.329 8.5275 0.19138
19.174 8.50237 0.191901 0.0855615 19.329 8.5275 0.19138
19.2945 8.41486 0.190924 0.0252074 19.329 8.5275 0.19138
19.2779 8.59955 0.19493 0.125102 19.329 8.5275 0.19138
19.1688 8.56935 0.195625 0.135875 19.329 8.5275 0.19138
19.1994 8.34413 0.188023 0.000905419 19.329 8.5275 0.19138
19.2162 8.49668 0.188874 0.0431162 19.329 8.5275 0.19138
19.3927 8.68687 0.194913 0.0192301 19.329 8.5275 0.19138
19.1688 8.56935 0.195625 0.135875 19.329 8.5275 0.19138
19.2945 8.41486 0.190924 0.0252074 19.329 8.5275 0.19138
19.4574 8.4896 0.185312 0.0104965 19.329 8.5275 0.19138
19.1635 8.74937 0.193532 0.0713078 19.329 8.5275 0.19138
19.2779 8.59955 0.19493 0.125102 19.329 8.5275 0.19138
19.2779 8.59955 0.19493 0.125102 19.329 8.5275 0.19138
19.1635 8.74937 0.193532 0.0713078 19.329 8.5275 0.19138
19.3927 8.68687 0.194913 0.0192301 19.329 8.5275 0.19138
19.4696 8.45414 0.186376 0.00722841 19.329 8.5275 0.19138
19.2178 8.76355 0.185995 0.0101095 19.329 8.5275 0.19138
19.174 8.50237 0.191901 0.0855615 19.329 8.5275 0.19138
19.1688 8.56935 0.195625 0.135875 19.329 8.5275 0.19138
19.1688 8.56935 0.195625 0.135875 19.329 8.5275 0.19138
19.1892 8.62521 0.195084 0.164578 19.329 8.5275 0.19138
19.1688 8.56935 0.195625 0.135875 19.329 8.5275 0.19138
19.2779 8.59955 0.19493 0.125102 19.329 8.5275 0.19138
19.1892 8.62521 0.195084 0.164578 19.329 8.5275 0.19138
19.2779 8.59955 0.19493 0.125102 19.329 8.5275 0.19138
19.2945 8.41486 0.190924 0.0252074 19.329 8.5275 0.19138
19.1272 8.58628 0.193795 0.132574 19.329 8.5275 0.19138
19.2779 8.59955 0.19493 0.125102 19.329 8.5275 0.19138
19.1892 8.62521 0.195084 0.164578 19.329 8.5275 0.19138
19.1688 8.56935 0.195625 0.135875 19.329 8.5275 0.19138
19.2779 8.59955 0.19493 0.125102 19.329 8.5275 0.19138
19.1892 8.62521 0.195084 0.164578 19.329 8.5275 0.19138
19.174 8.50237 0.191901 0.0855615 19.329 8.5275 0.19138
19.1272 8.58628 0.193795 0.132574 19.329 8.5275 0.19138
19.2779 8.59955 0.19493 0.125102 19.329 8.5275 0.19138
19.1688 8.56935 0.195625 0.135875 19.329 8.5275 0.19138
19.2779 8.59955 0.19493 0.125102 19.329 8.5275 0.19138
19.3927 8.68687 0.194913 0.0192301 19.329 8.5275 0.19138
19.1892 8.62521 0.195084 0.164578 19.329 8.5275 0.19138
19.2178 8.76355 0.185995 0.0101095 19.329 8.5275 0.19138
19.2162 8.49668 0.188874 0.0431162 19.329 8.5275 0.19138
19.174 8.50237 0.191901 0.0855615 19.329 8.5275 0.19138
19.0897 8.67872 0.189377 0.0170499 19.329 8.5275 0.19138
19.1892 8.62521 0.195084 0.164578 19.329 8.5275 0.19138
19.0721 8.54914 0.189404 0.00977702 19.329 8.5275 0.19138
19.2779 8.59955 0.19493 0.125102 19.329 8.5275 0.19138
19.1892 8.62521 0.195084 0.164578 19.329 8.5275 0.19138
19.1272 8.58628 0.193795 0.132574 19.329 8.5275 0.19138
19.1635 8.74937 0.193532 0.0713078 19.329 8.5275 0.19138
19.0897 8.67872 0.189377 0.0170499 19.329 8.5275 0.19138
19.1892 8.62521 0.195084 0.164578 19.329 8.5275 0.19138
19.1272 8.58628 0.193795 0.132574 19.329 8.5275 0.19138
19.2779 8.59955 0.19493 0.125102 19.329 8.5275 0.19138
19.1635 8.74937 0.193532 0.0713078 19.329 8.5275 0.19138
19.4868 8.53468 0.185025 0.0129944 19.329 8.5275 0.19138
19.1892 8.62521 0.195084 0.164578 19.329 8.5275 0.19138
