201.162 -9.2869 3.09642 0.454357 201.18 -9.4733 3.0974
201.358 -9.52104 3.09484 0.503387 201.18 -9.4733 3.0974
201.162 -9.2869 3.09642 0.454357 201.18 -9.4733 3.0974
201.092 -9.49101 3.09057 1.04257 201.18 -9.4733 3.0974
201.353 -9.54663 3.09248 0.345084 201.18 -9.4733 3.0974
201.04 -9.43493 3.09119 0.762543 201.18 -9.4733 3.0974
201.196 -9.40461 3.09577 0.99715 201.18 -9.4733 3.0974
201.08 -9.61498 3.09035 0.527467 201.18 -9.4733 3.0974
201.08 -9.61498 3.09035 0.527467 201.18 -9.4733 3.0974
201.196 -9.40461 3.09577 0.99715 201.18 -9.4733 3.0974
201.092 -9.49101 3.09057 1.04257 201.18 -9.4733 3.0974
201.358 -9.52104 3.09484 0.503387 201.18 -9.4733 3.0974
201.086 -9.46259 3.09857 0.101409 201.18 -9.4733 3.0974
201.162 -9.48059 3.08303 0.0402874 201.18 -9.4733 3.0974
201.34 -9.23634 3.10243 0.140047 201.18 -9.4733 3.0974
201.358 -9.52104 3.09484 0.503387 201.18 -9.4733 3.0974
201.144 -9.58067 3.09804 0.0959458 201.18 -9.4733 3.0974
201.162 -9.2869 3.09642 0.454357 201.18 -9.4733 3.0974
201.111 -9.30106 3.09752 0.2309 201.18 -9.4733 3.0974
201.392 -9.5859 3.09545 0.205797 201.18 -9.4733 3.0974
201.196 -9.40461 3.09577 0.99715 201.18 -9.4733 3.0974
201.418 -9.46585 3.09953 0.300039 201.18 -9.4733 3.0974
201.196 -9.40461 3.09577 0.99715 201.18 -9.4733 3.0974
201.347 -9.58147 3.09788 0.203311 201.18 -9.4733 3.0974
201.347 -9.58147 3.09788 0.203311 201.18 -9.4733 3.0974
201.092 -9.49101 3.09057 1.04257 201.18 -9.4733 3.0974
201.196 -9.40461 3.09577 0.99715 201.18 -9.4733 3.0974
201.045 -9.56782 3.09303 0.377391 201.18 -9.4733 3.0974
201.205 -9.42056 3.08753 0.293282 201.18 -9.4733 3.0974
201.04 -9.43493 3.09119 0.762543 201.18 -9.4733 3.0974
201.02 -9.29874 3.08605 0.0810342 201.18 -9.4733 3.0974
200.924 -9.52418 3.08737 0.324713 201.18 -9.4733 3.0974
201.111 -9.30106 3.09752 0.2309 201.18 -9.4733 3.0974
201.353 -9.54663 3.09248 0.345084 201.18 -9.4733 3.0974
201.353 -9.54663 3.09248 0.345084 201.18 -9.4733 3.0974
201.04 -9.43493 3.09119 0.762543 201.18 -9.4733 3.0974
201.239 -9.2232 3.10162 0.0952253 201.18 -9.4733 3.0974
201.358 -9.52104 3.09484 0.503387 201.18 -9.4733 3.0974
201.092 -9.49101 3.09057 1.04257 201.18 -9.4733 3.0974
201.196 -9.40461 3.09577 0.99715 201.18 -9.4733 3.0974
201.162 -9.2869 3.09642 0.454357 201.18 -9.4733 3.0974
201.092 -9.49101 3.09057 1.04257 201.18 -9.4733 3.0974
201.196 -9.40461 3.09577 0.99715 201.18 -9.4733 3.0974
201.196 -9.40461 3.09577 0.99715 201.18 -9.4733 3.0974
201.144 -9.58067 3.09804 0.0959458 201.18 -9.4733 3.0974
201.196 -9.40461 3.09577 0.99715 201.18 -9.4733 3.0974
201.162 -9.2869 3.09642 0.454357 201.18 -9.4733 3.0974
201.092 -9.49101 3.09057 1.04257 201.18 -9.4733 3.0974
201.321 -9.63258 3.09826 0.0892175 201.18 -9.4733 3.0974
201.162 -9.2869 3.09642 0.454357 201.18 -9.4733 3.0974
201.47 -9.30864 3.10155 0.202919 201.18 -9.4733 3.0974
201.04 -9.43493 3.09119 0.762543 201.18 -9.4733 3.0974
200.924 -9.52418 3.08737 0.324713 201.18 -9.4733 3.0974
201.353 -9.54663 3.09248 0.345084 201.18 -9.4733 3.0974
201.358 -9.52104 3.09484 0.503387 201.18 -9.4733 3.0974
201.111 -9.30106 3.09752 0.2309 201.18 -9.4733 3.0974
201.423 -9.40885 3.0918 0.123563 201.18 -9.4733 3.0974
201.299 -9.58034 3.08439 0.0146383 201.18 -9.4733 3.0974
201.418 -9.46585 3.09953 0.300039 201.18 -9.4733 3.0974
201.196 -9.40461 3.09577 0.99715 201.18 -9.4733 3.0974
201.092 -9.49101 3.09057 1.04257 201.18 -9.4733 3.0974
201.196 -9.40461 3.09577 0.99715 201.18 -9.4733 3.0974
201.423 -9.40885 3.0918 0.123563 201.18 -9.4733 3.0974
201.08 -9.61498 3.09035 0.527467 201.18 -9.4733 3.0974
201.08 -9.61498 3.09035 0.527467 201.18 -9.4733 3.0974
201.348 -9.547 3.10148 0.0723767 201.18 -9.4733 3.0974
201.092 -9.49101 3.09057 1.04257 201.18 -9.4733 3.0974
201.47 -9.30864 3.10155 0.202919 201.18 -9.4733 3.0974
201.065 -9.72122 3.09013 0.132097 201.18 -9.4733 3.0974
200.924 -9.52418 3.08737 0.324713 201.18 -9.4733 3.0974
201.358 -9.52104 3.09484 0.503387 201.18 -9.4733 3.0974
201.441 -9.20122 3.09583 0.0758513 201.18 -9.4733 3.0974
201.04 -9.43493 3.09119 0.762543 201.18 -9.4733 3.0974
201.47 -9.30864 3.10155 0.202919 201.18 -9.4733 3.0974
201.092 -9.49101 3.09057 1.04257 201.18 -9.4733 3.0974
201.045 -9.56782 3.09303 0.377391 201.18 -9.4733 3.0974
201.358 -9.52104 3.09484 0.503387 201.18 -9.4733 3.0974
201.353 -9.54663 3.09248 0.345084 201.18 -9.4733 3.0974
201.196 -9.27383 3.10099 0.11492 201.18 -9.4733 3.0974
201.418 -9.46585 3.09953 0.300039 201.18 -9.4733 3.0974
200.924 -9.52418 3.08737 0.324713 201.18 -9.4733 3.0974
201.196 -9.40461 3.09577 0.99715 201.18 -9.4733 3.0974
201.02 -9.29874 3.08605 0.0810342 201.18 -9.4733 3.0974
201.358 -9.52104 3.09484 0.503387 201.18 -9.4733 3.0974
201.065 -9.72122 3.09013 0.132097 201.18 -9.4733 3.0974
201.08 -9.61498 3.09035 0.527467 201.18 -9.4733 3.0974
201.415 -9.08203 3.09752 0.0205303 201.18 -9.4733 3.0974
201.501 -9.50833 3.09881 0.112735 201.18 -9.4733 3.0974
201.347 -9.58147 3.09788 0.203311 201.18 -9.4733 3.0974
201.04 -9.43493 3.09119 0.762543 201.18 -9.4733 3.0974
201.04 -9.43493 3.09119 0.762543 201.18 -9.4733 3.0974
201.418 -9.46585 3.09953 0.300039 201.18 -9.4733 3.0974
201.04 -9.43493 3.09119 0.762543 201.18 -9.4733 3.0974
201.04 -9.43493 3.09119 0.762543 201.18 -9.4733 3.0974
201.347 -9.58147 3.09788 0.203311 201.18 -9.4733 3.0974
201.08 -9.61498 3.09035 0.527467 201.18 -9.4733 3.0974
201.196 -9.40461 3.09577 0.99715 201.18 -9.4733 3.0974
200.924 -9.52418 3.08737 0.324713 201.18 -9.4733 3.0974
201.196 -9.40461 3.09577 0.99715 201.18 -9.4733 3.0974
201.162 -9.2869 3.09642 0.454357 201.18 -9.4733 3.0974
201.392 -9.5859 3.09545 0.205797 201.18 -9.4733 3.0974
201.423 -9.40885 3.0918 0.123563 201.18 -9.4733 3.0974
201.08 -9.61498 3.09035 0.527467 201.18 -9.4733 3.0974
201.162 -9.48059 3.08303 0.0402874 201.18 -9.4733 3.0974
201.392 -9.5859 3.09545 0.205797 201.18 -9.4733 3.0974
201.196 -9.40461 3.09577 0.99715 201.18 -9.4733 3.0974
201.196 -9.40461 3.09577 0.99715 201.18 -9.4733 3.0974
201.196 -9.40461 3.09577 0.99715 201.18 -9.4733 3.0974
200.924 -9.52418 3.08737 0.324713 201.18 -9.4733 3.0974
201.353 -9.54663 3.09248 0.345084 201.18 -9.4733 3.0974
201.045 -9.56782 3.09303 0.377391 201.18 -9.4733 3.0974
201.392 -9.5859 3.09545 0.205797 201.18 -9.4733 3.0974
201.117 -9.69025 3.09589 0.043165 201.18 -9.4733 3.0974
201.092 -9.49101 3.09057 1.04257 201.18 -9.4733 3.0974
201.194 -9.5575 3.08287 0.0292329 201.18 -9.4733 3.0974
201.196 -9.40461 3.09577 0.99715 201.18 -9.4733 3.0974
201.347 -9.58147 3.09788 0.203311 201.18 -9.4733 3.0974
201.162 -9.2869 3.09642 0.454357 201.18 -9.4733 3.0974
201.353 -9.54663 3.09248 0.345084 201.18 -9.4733 3.0974
201.04 -9.43493 3.09119 0.762543 201.18 -9.4733 3.0974
201.347 -9.58147 3.09788 0.203311 201.18 -9.4733 3.0974
201.065 -9.72122 3.09013 0.132097 201.18 -9.4733 3.0974
201.411 -9.45572 3.10176 0.164457 201.18 -9.4733 3.0974
201.558 -9.7698 3.09703 0.000638251 201.18 -9.4733 3.0974
201.196 -9.40461 3.09577 0.99715 201.18 -9.4733 3.0974
201.086 -9.46259 3.09857 0.101409 201.18 -9.4733 3.0974
201.205 -9.42056 3.08753 0.293282 201.18 -9.4733 3.0974
201.092 -9.49101 3.09057 1.04257 201.18 -9.4733 3.0974
201.196 -9.40461 3.09577 0.99715 201.18 -9.4733 3.0974
201.092 -9.49101 3.09057 1.04257 201.18 -9.4733 3.0974
201.196 -9.40461 3.09577 0.99715 201.18 -9.4733 3.0974
201.065 -9.72122 3.09013 0.132097 201.18 -9.4733 3.0974
201.092 -9.49101 3.09057 1.04257 201.18 -9.4733 3.0974
201.479 -9.2101 3.10311 0.0864669 201.18 -9.4733 3.0974
201.045 -9.56782 3.09303 0.377391 201.18 -9.4733 3.0974
201.045 -9.56782 3.09303 0.377391 201.18 -9.4733 3.0974
201.34 -9.23634 3.10243 0.140047 201.18 -9.4733 3.0974
201.358 -9.52104 3.09484 0.503387 201.18 -9.4733 3.0974
200.768 -9.35163 3.09402 0.00140113 201.18 -9.4733 3.0974
201.358 -9.52104 3.09484 0.503387 201.18 -9.4733 3.0974
201.111 -9.30106 3.09752 0.2309 201.18 -9.4733 3.0974
201.348 -9.547 3.10148 0.0723767 201.18 -9.4733 3.0974
201.092 -9.49101 3.09057 1.04257 201.18 -9.4733 3.0974
201.358 -9.52104 3.09484 0.503387 201.18 -9.4733 3.0974
201.08 -9.61498 3.09035 0.527467 201.18 -9.4733 3.0974
200.924 -9.52418 3.08737 0.324713 201.18 -9.4733 3.0974
201.196 -9.40461 3.09577 0.99715 201.18 -9.4733 3.0974
201.111 -9.30106 3.09752 0.2309 201.18 -9.4733 3.0974
201.092 -9.49101 3.09057 1.04257 201.18 -9.4733 3.0974
200.924 -9.52418 3.08737 0.324713 201.18 -9.4733 3.0974
201.479 -9.2101 3.10311 0.0864669 201.18 -9.4733 3.0974
201.358 -9.52104 3.09484 0.503387 201.18 -9.4733 3.0974
201.162 -9.2869 3.09642 0.454357 201.18 -9.4733 3.0974
201.08 -9.61498 3.09035 0.527467 201.18 -9.4733 3.0974
201.02 -9.29874 3.08605 0.0810342 201.18 -9.4733 3.0974
201.411 -9.45572 3.10176 0.164457 201.18 -9.4733 3.0974
201.411 -9.45572 3.10176 0.164457 201.18 -9.4733 3.0974
201.196 -9.40461 3.09577 0.99715 201.18 -9.4733 3.0974
201.196 -9.27383 3.10099 0.11492 201.18 -9.4733 3.0974
201.358 -9.52104 3.09484 0.503387 201.18 -9.4733 3.0974
201.092 -9.49101 3.09057 1.04257 201.18 -9.4733 3.0974
201.671 -9.35751 3.09626 0.00343105 201.18 -9.4733 3.0974
201.347 -9.58147 3.09788 0.203311 201.18 -9.4733 3.0974
201.08 -9.61498 3.09035 0.527467 201.18 -9.4733 3.0974
201.045 -9.56782 3.09303 0.377391 201.18 -9.4733 3.0974
201.196 -9.27383 3.10099 0.11492 201.18 -9.4733 3.0974
201.045 -9.56782 3.09303 0.377391 201.18 -9.4733 3.0974
201.092 -9.49101 3.09057 1.04257 201.18 -9.4733 3.0974
201.092 -9.49101 3.09057 1.04257 201.18 -9.4733 3.0974
201.04 -9.43493 3.09119 0.762543 201.18 -9.4733 3.0974
201.08 -9.61498 3.09035 0.527467 201.18 -9.4733 3.0974
201.205 -9.42056 3.08753 0.293282 201.18 -9.4733 3.0974
201.358 -9.52104 3.09484 0.503387 201.18 -9.4733 3.0974
201.08 -9.61498 3.09035 0.527467 201.18 -9.4733 3.0974
201.353 -9.54663 3.09248 0.345084 201.18 -9.4733 3.0974
201.092 -9.49101 3.09057 1.04257 201.18 -9.4733 3.0974
201.086 -9.46259 3.09857 0.101409 201.18 -9.4733 3.0974
201.04 -9.43493 3.09119 0.762543 201.18 -9.4733 3.0974
201.045 -9.56782 3.09303 0.377391 201.18 -9.4733 3.0974
201.04 -9.43493 3.09119 0.762543 201.18 -9.4733 3.0974
201.144 -9.58067 3.09804 0.0959458 201.18 -9.4733 3.0974
201.3 -9.64166 3.09887 0.0584854 201.18 -9.4733 3.0974
201.092 -9.48872 3.09726 0.199101 201.18 -9.4733 3.0974
201.162 -9.2869 3.09642 0.454357 201.18 -9.4733 3.0974
201.162 -9.2869 3.09642 0.454357 201.18 -9.4733 3.0974
201.092 -9.48872 3.09726 0.199101 201.18 -9.4733 3.0974
201.358 -9.52104 3.09484 0.503387 201.18 -9.4733 3.0974
201.264 -9.72079 3.09551 0.0493358 201.18 -9.4733 3.0974
201.086 -9.46259 3.09857 0.101409 201.18 -9.4733 3.0974
201.418 -9.46585 3.09953 0.300039 201.18 -9.4733 3.0974
201.47 -9.30864 3.10155 0.202919 201.18 -9.4733 3.0974
201.086 -9.46259 3.09857 0.101409 201.18 -9.4733 3.0974
201.117 -9.69025 3.09589 0.043165 201.18 -9.4733 3.0974
201.04 -9.43493 3.09119 0.762543 201.18 -9.4733 3.0974
201.092 -9.48872 3.09726 0.199101 201.18 -9.4733 3.0974
201.04 -9.43493 3.09119 0.762543 201.18 -9.4733 3.0974
201.045 -9.56782 3.09303 0.377391 201.18 -9.4733 3.0974
201.04 -9.43493 3.09119 0.762543 201.18 -9.4733 3.0974
201.34 -9.23634 3.10243 0.140047 201.18 -9.4733 3.0974
201.092 -9.49101 3.09057 1.04257 201.18 -9.4733 3.0974
