39.0744 10.3525 0.194002 0.00125455 39.098 10.392 0.18802
39.0744 10.3525 0.194002 0.00125455 39.098 10.392 0.18802
39.1578 10.4348 0.185061 0.0249018 39.098 10.392 0.18802
39.2826 10.6145 0.185286 0.00423876 39.098 10.392 0.18802
39.0675 10.4338 0.191441 0.0105221 39.098 10.392 0.18802
39.0675 10.4338 0.191441 0.0105221 39.098 10.392 0.18802
39.1781 10.3936 0.187088 0.0266237 39.098 10.392 0.18802
38.968 10.4764 0.19091 0.00604834 39.098 10.392 0.18802
39.3091 10.6523 0.185797 0.00155193 39.098 10.392 0.18802
39.1781 10.3936 0.187088 0.0266237 39.098 10.392 0.18802
39.1781 10.3936 0.187088 0.0266237 39.098 10.392 0.18802
39.1781 10.3936 0.187088 0.0266237 39.098 10.392 0.18802
39.1781 10.3936 0.187088 0.0266237 39.098 10.392 0.18802
39.2826 10.6145 0.185286 0.00423876 39.098 10.392 0.18802
39.0675 10.4338 0.191441 0.0105221 39.098 10.392 0.18802
39.1781 10.3936 0.187088 0.0266237 39.098 10.392 0.18802
39.1781 10.3936 0.187088 0.0266237 39.098 10.392 0.18802
39.1781 10.3936 0.187088 0.0266237 39.098 10.392 0.18802
39.1119 10.6144 0.186639 0.00620424 39.098 10.392 0.18802
39.1781 10.3936 0.187088 0.0266237 39.098 10.392 0.18802
39.0542 10.3905 0.192216 0.00576509 39.098 10.392 0.18802
39.0542 10.3905 0.192216 0.00576509 39.098 10.392 0.18802
38.968 10.4764 0.19091 0.00604834 39.098 10.392 0.18802
39.1578 10.4348 0.185061 0.0249018 39.098 10.392 0.18802
39.0542 10.3905 0.192216 0.00576509 39.098 10.392 0.18802
39.072 10.4599 0.186248 0.0171624 39.098 10.392 0.18802
39.0939 10.5955 0.190722 0.00589804 39.098 10.392 0.18802
39.0756 10.6331 0.18725 0.00380439 39.098 10.392 0.18802
39.1781 10.3936 0.187088 0.0266237 39.098 10.392 0.18802
39.1781 10.3936 0.187088 0.0266237 39.098 10.392 0.18802
39.3476 10.4659 0.1839 0.00906891 39.098 10.392 0.18802
39.1578 10.4348 0.185061 0.0249018 39.098 10.392 0.18802
39.1578 10.4348 0.185061 0.0249018 39.098 10.392 0.18802
39.0122 10.3214 0.193042 0.00152207 39.098 10.392 0.18802
39.072 10.4599 0.186248 0.0171624 39.098 10.392 0.18802
39.1578 10.4348 0.185061 0.0249018 39.098 10.392 0.18802
39.3476 10.4659 0.1839 0.00906891 39.098 10.392 0.18802
39.072 10.4599 0.186248 0.0171624 39.098 10.392 0.18802
39.0514 10.5614 0.191323 0.00664609 39.098 10.392 0.18802
38.968 10.4764 0.19091 0.00604834 39.098 10.392 0.18802
39.3134 10.3984 0.17928 0.00223088 39.098 10.392 0.18802
39.2519 10.3741 0.192763 0.000629001 39.098 10.392 0.18802
39.072 10.4599 0.186248 0.0171624 39.098 10.392 0.18802
39.072 10.4599 0.186248 0.0171624 39.098 10.392 0.18802
39.1578 10.4348 0.185061 0.0249018 39.098 10.392 0.18802
39.1119 10.6144 0.186639 0.00620424 39.098 10.392 0.18802
39.0939 10.5955 0.190722 0.00589804 39.098 10.392 0.18802
39.0675 10.4338 0.191441 0.0105221 39.098 10.392 0.18802
39.0939 10.5955 0.190722 0.00589804 39.098 10.392 0.18802
39.1578 10.4348 0.185061 0.0249018 39.098 10.392 0.18802
39.072 10.4599 0.186248 0.0171624 39.098 10.392 0.18802
39.072 10.4599 0.186248 0.0171624 39.098 10.392 0.18802
39.072 10.4599 0.186248 0.0171624 39.098 10.392 0.18802
39.3845 10.5681 0.191832 5.1232e-05 39.098 10.392 0.18802
39.0939 10.5955 0.190722 0.00589804 39.098 10.392 0.18802
39.1578 10.4348 0.185061 0.0249018 39.098 10.392 0.18802
39.1578 10.4348 0.185061 0.0249018 39.098 10.392 0.18802
39.1781 10.3936 0.187088 0.0266237 39.098 10.392 0.18802
39.0939 10.5955 0.190722 0.00589804 39.098 10.392 0.18802
39.0542 10.3905 0.192216 0.00576509 39.098 10.392 0.18802
39.1578 10.4348 0.185061 0.0249018 39.098 10.392 0.18802
39.3476 10.4659 0.1839 0.00906891 39.098 10.392 0.18802
39.072 10.4599 0.186248 0.0171624 39.098 10.392 0.18802
39.359 10.3928 0.188768 0.00171284 39.098 10.392 0.18802
39.0536 10.3812 0.185573 0.0094986 39.098 10.392 0.18802
39.2826 10.6145 0.185286 0.00423876 39.098 10.392 0.18802
39.0514 10.5614 0.191323 0.00664609 39.098 10.392 0.18802
39.3476 10.4659 0.1839 0.00906891 39.098 10.392 0.18802
39.0756 10.6331 0.18725 0.00380439 39.098 10.392 0.18802
39.126 10.5381 0.181035 0.00123658 39.098 10.392 0.18802
38.968 10.4764 0.19091 0.00604834 39.098 10.392 0.18802
39.1781 10.3936 0.187088 0.0266237 39.098 10.392 0.18802
38.968 10.4764 0.19091 0.00604834 39.098 10.392 0.18802
39.0536 10.3812 0.185573 0.0094986 39.098 10.392 0.18802
39.0514 10.5614 0.191323 0.00664609 39.098 10.392 0.18802
39.1781 10.3936 0.187088 0.0266237 39.098 10.392 0.18802
38.968 10.4764 0.19091 0.00604834 39.098 10.392 0.18802
39.0536 10.3812 0.185573 0.0094986 39.098 10.392 0.18802
39.0542 10.3905 0.192216 0.00576509 39.098 10.392 0.18802
39.0756 10.6331 0.18725 0.00380439 39.098 10.392 0.18802
39.0536 10.3812 0.185573 0.0094986 39.098 10.392 0.18802
39.0542 10.3905 0.192216 0.00576509 39.098 10.392 0.18802
39.0675 10.4338 0.191441 0.0105221 39.098 10.392 0.18802
39.1781 10.3936 0.187088 0.0266237 39.098 10.392 0.18802
39.1578 10.4348 0.185061 0.0249018 39.098 10.392 0.18802
39.1781 10.3936 0.187088 0.0266237 39.098 10.392 0.18802
39.1119 10.6144 0.186639 0.00620424 39.098 10.392 0.18802
39.1578 10.4348 0.185061 0.0249018 39.098 10.392 0.18802
39.072 10.4599 0.186248 0.0171624 39.098 10.392 0.18802
39.0536 10.3812 0.185573 0.0094986 39.098 10.392 0.18802
39.0536 10.3812 0.185573 0.0094986 39.098 10.392 0.18802
39.0536 10.3812 0.185573 0.0094986 39.098 10.392 0.18802
39.3134 10.3984 0.17928 0.00223088 39.098 10.392 0.18802
39.1119 10.6144 0.186639 0.00620424 39.098 10.392 0.18802
39.0536 10.3812 0.185573 0.0094986 39.098 10.392 0.18802
39.1578 10.4348 0.185061 0.0249018 39.098 10.392 0.18802
39.0675 10.4338 0.191441 0.0105221 39.098 10.392 0.18802
39.3091 10.6523 0.185797 0.00155193 39.098 10.392 0.18802
39.072 10.4599 0.186248 0.0171624 39.098 10.392 0.18802
39.0675 10.4338 0.191441 0.0105221 39.098 10.392 0.18802
39.1781 10.3936 0.187088 0.0266237 39.098 10.392 0.18802
39.1781 10.3936 0.187088 0.0266237 39.098 10.392 0.18802
39.1119 10.6144 0.186639 0.00620424 39.098 10.392 0.18802
39.1781 10.3936 0.187088 0.0266237 39.098 10.392 0.18802
39.4549 10.3262 0.183261 0.000829518 39.098 10.392 0.18802
39.072 10.4599 0.186248 0.0171624 39.098 10.392 0.18802
39.1781 10.3936 0.187088 0.0266237 39.098 10.392 0.18802
39.1119 10.6144 0.186639 0.00620424 39.098 10.392 0.18802
39.0536 10.3812 0.185573 0.0094986 39.098 10.392 0.18802
39.0536 10.3812 0.185573 0.0094986 39.098 10.392 0.18802
39.2826 10.6145 0.185286 0.00423876 39.098 10.392 0.18802
39.0675 10.4338 0.191441 0.0105221 39.098 10.392 0.18802
39.0536 10.3812 0.185573 0.0094986 39.098 10.392 0.18802
39.0542 10.3905 0.192216 0.00576509 39.098 10.392 0.18802
39.1781 10.3936 0.187088 0.0266237 39.098 10.392 0.18802
39.126 10.5381 0.181035 0.00123658 39.098 10.392 0.18802
39.0514 10.5614 0.191323 0.00664609 39.098 10.392 0.18802
39.1781 10.3936 0.187088 0.0266237 39.098 10.392 0.18802
39.072 10.4599 0.186248 0.0171624 39.098 10.392 0.18802
39.0542 10.3905 0.192216 0.00576509 39.098 10.392 0.18802
39.3134 10.3984 0.17928 0.00223088 39.098 10.392 0.18802
39.1578 10.4348 0.185061 0.0249018 39.098 10.392 0.18802
39.072 10.4599 0.186248 0.0171624 39.098 10.392 0.18802
39.1781 10.3936 0.187088 0.0266237 39.098 10.392 0.18802
39.0542 10.3905 0.192216 0.00576509 39.098 10.392 0.18802
39.0939 10.5955 0.190722 0.00589804 39.098 10.392 0.18802
39.4237 10.6039 0.183997 0.000651396 39.098 10.392 0.18802
39.2826 10.6145 0.185286 0.00423876 39.098 10.392 0.18802
39.1781 10.3936 0.187088 0.0266237 39.098 10.392 0.18802
39.1119 10.6144 0.186639 0.00620424 39.098 10.392 0.18802
39.1781 10.3936 0.187088 0.0266237 39.098 10.392 0.18802
39.2826 10.6145 0.185286 0.00423876 39.098 10.392 0.18802
39.072 10.4599 0.186248 0.0171624 39.098 10.392 0.18802
38.8675 10.2734 0.191501 0.00017087 39.098 10.392 0.18802
39.0514 10.5614 0.191323 0.00664609 39.098 10.392 0.18802
39.1781 10.3936 0.187088 0.0266237 39.098 10.392 0.18802
39.1578 10.4348 0.185061 0.0249018 39.098 10.392 0.18802
39.1781 10.3936 0.187088 0.0266237 39.098 10.392 0.18802
39.3091 10.6523 0.185797 0.00155193 39.098 10.392 0.18802
39.1781 10.3936 0.187088 0.0266237 39.098 10.392 0.18802
39.1578 10.4348 0.185061 0.0249018 39.098 10.392 0.18802
39.1781 10.3936 0.187088 0.0266237 39.098 10.392 0.18802
39.3134 10.3984 0.17928 0.00223088 39.098 10.392 0.18802
39.1578 10.4348 0.185061 0.0249018 39.098 10.392 0.18802
38.968 10.4764 0.19091 0.00604834 39.098 10.392 0.18802
39.1781 10.3936 0.187088 0.0266237 39.098 10.392 0.18802
39.1781 10.3936 0.187088 0.0266237 39.098 10.392 0.18802
39.072 10.4599 0.186248 0.0171624 39.098 10.392 0.18802
39.0536 10.3812 0.185573 0.0094986 39.098 10.392 0.18802
39.0939 10.5955 0.190722 0.00589804 39.098 10.392 0.18802
39.072 10.4599 0.186248 0.0171624 39.098 10.392 0.18802
39.0756 10.6331 0.18725 0.00380439 39.098 10.392 0.18802
39.1781 10.3936 0.187088 0.0266237 39.098 10.392 0.18802
39.3476 10.4659 0.1839 0.00906891 39.098 10.392 0.18802
39.1781 10.3936 0.187088 0.0266237 39.098 10.392 0.18802
39.1781 10.3936 0.187088 0.0266237 39.098 10.392 0.18802
39.1781 10.3936 0.187088 0.0266237 39.098 10.392 0.18802
39.1578 10.4348 0.185061 0.0249018 39.098 10.392 0.18802
39.4237 10.6039 0.183997 0.000651396 39.098 10.392 0.18802
39.0542 10.3905 0.192216 0.00576509 39.098 10.392 0.18802
39.4237 10.6039 0.183997 0.000651396 39.098 10.392 0.18802
39.0542 10.3905 0.192216 0.00576509 39.098 10.392 0.18802
38.968 10.4764 0.19091 0.00604834 39.098 10.392 0.18802
39.0542 10.3905 0.192216 0.00576509 39.098 10.392 0.18802
39.0756 10.6331 0.18725 0.00380439 39.098 10.392 0.18802
39.1578 10.4348 0.185061 0.0249018 39.098 10.392 0.18802
39.1781 10.3936 0.187088 0.0266237 39.098 10.392 0.18802
39.0939 10.5955 0.190722 0.00589804 39.098 10.392 0.18802
39.1781 10.3936 0.187088 0.0266237 39.098 10.392 0.18802
39.1119 10.6144 0.186639 0.00620424 39.098 10.392 0.18802
39.0122 10.3214 0.193042 0.00152207 39.098 10.392 0.18802
39.1781 10.3936 0.187088 0.0266237 39.098 10.392 0.18802
39.3134 10.3984 0.17928 0.00223088 39.098 10.392 0.18802
39.1781 10.3936 0.187088 0.0266237 39.098 10.392 0.18802
39.1781 10.3936 0.187088 0.0266237 39.098 10.392 0.18802
38.968 10.4764 0.19091 0.00604834 39.098 10.392 0.18802
39.1781 10.3936 0.187088 0.0266237 39.098 10.392 0.18802
39.072 10.4599 0.186248 0.0171624 39.098 10.392 0.18802
39.1119 10.6144 0.186639 0.00620424 39.098 10.392 0.18802
39.0542 10.3905 0.192216 0.00576509 39.098 10.392 0.18802
39.0939 10.5955 0.190722 0.00589804 39.098 10.392 0.18802
39.072 10.4599 0.186248 0.0171624 39.098 10.392 0.18802
39.1578 10.4348 0.185061 0.0249018 39.098 10.392 0.18802
39.1578 10.4348 0.185061 0.0249018 39.098 10.392 0.18802
39.3476 10.4659 0.1839 0.00906891 39.098 10.392 0.18802
39.1781 10.3936 0.187088 0.0266237 39.098 10.392 0.18802
39.0939 10.5955 0.190722 0.00589804 39.098 10.392 0.18802
39.072 10.4599 0.186248 0.0171624 39.098 10.392 0.18802
39.1781 10.3936 0.187088 0.0266237 39.098 10.392 0.18802
39.0675 10.4338 0.191441 0.0105221 39.098 10.392 0.18802
39.0756 10.6331 0.18725 0.00380439 39.098 10.392 0.18802
39.0122 10.3214 0.193042 0.00152207 39.098 10.392 0.18802
39.1578 10.4348 0.185061 0.0249018 39.098 10.392 0.18802
39.4549 10.3262 0.183261 0.000829518 39.098 10.392 0.18802
39.1578 10.4348 0.185061 0.0249018 39.098 10.392 0.18802
39.072 10.4599 0.186248 0.0171624 39.098 10.392 0.18802
39.072 10.4599 0.186248 0.0171624 39.098 10.392 0.18802
39.1578 10.4348 0.185061 0.0249018 39.098 10.392 0.18802
39.1578 10.4348 0.185061 0.0249018 39.098 10.392 0.18802
39.1781 10.3936 0.187088 0.0266237 39.098 10.392 0.18802
