121.331 -20.7008 3.40994 0.0442843 121.43 -20.636 3.4106
121.536 -20.6565 3.41373 0.0443377 121.43 -20.636 3.4106
121.323 -20.6842 3.40868 0.0527489 121.43 -20.636 3.4106
121.386 -20.6388 3.40323 0.0291782 121.43 -20.636 3.4106
121.331 -20.7008 3.40994 0.0442843 121.43 -20.636 3.4106
121.682 -20.6456 3.41136 0.0193512 121.43 -20.636 3.4106
121.386 -20.6388 3.40323 0.0291782 121.43 -20.636 3.4106
121.949 -20.7791 3.41901 0.000131394 121.43 -20.636 3.4106
121.386 -20.6388 3.40323 0.0291782 121.43 -20.636 3.4106
121.439 -20.4777 3.41464 0.0195506 121.43 -20.636 3.4106
121.407 -20.3244 3.41128 0.00725853 121.43 -20.636 3.4106
121.475 -20.6965 3.40268 0.0106115 121.43 -20.636 3.4106
121.386 -20.6388 3.40323 0.0291782 121.43 -20.636 3.4106
121.602 -20.7807 3.41363 0.0167849 121.43 -20.636 3.4106
121.496 -20.6314 3.41365 0.048107 121.43 -20.636 3.4106
121.314 -20.7529 3.41267 0.0134949 121.43 -20.636 3.4106
121.536 -20.6565 3.41373 0.0443377 121.43 -20.636 3.4106
121.496 -20.6314 3.41365 0.048107 121.43 -20.636 3.4106
121.439 -20.4777 3.41464 0.0195506 121.43 -20.636 3.4106
121.386 -20.6388 3.40323 0.0291782 121.43 -20.636 3.4106
121.331 -20.7008 3.40994 0.0442843 121.43 -20.636 3.4106
121.326 -20.8413 3.40841 0.013953 121.43 -20.636 3.4106
121.536 -20.6565 3.41373 0.0443377 121.43 -20.636 3.4106
121.249 -20.5733 3.40965 0.0292349 121.43 -20.636 3.4106
121.674 -20.9308 3.40985 0.000948957 121.43 -20.636 3.4106
121.338 -20.5883 3.41384 0.0196794 121.43 -20.636 3.4106
121.323 -20.6842 3.40868 0.0527489 121.43 -20.636 3.4106
121.475 -20.6965 3.40268 0.0106115 121.43 -20.636 3.4106
121.485 -20.5476 3.40779 0.0582927 121.43 -20.636 3.4106
121.539 -20.7557 3.40523 0.0116857 121.43 -20.636 3.4106
121.43 -20.3074 3.41435 0.00276003 121.43 -20.636 3.4106
121.346 -20.6975 3.40157 0.0142191 121.43 -20.636 3.4106
121.552 -20.5018 3.41932 0.00423496 121.43 -20.636 3.4106
121.553 -20.3631 3.40761 0.00767891 121.43 -20.636 3.4106
121.386 -20.6388 3.40323 0.0291782 121.43 -20.636 3.4106
121.496 -20.6314 3.41365 0.048107 121.43 -20.636 3.4106
121.63 -20.5895 3.41223 0.0353538 121.43 -20.636 3.4106
121.485 -20.5476 3.40779 0.0582927 121.43 -20.636 3.4106
121.331 -20.7008 3.40994 0.0442843 121.43 -20.636 3.4106
121.249 -20.5733 3.40965 0.0292349 121.43 -20.636 3.4106
121.539 -20.7557 3.40523 0.0116857 121.43 -20.636 3.4106
121.439 -20.4777 3.41464 0.0195506 121.43 -20.636 3.4106
121.455 -20.8295 3.41143 0.0177181 121.43 -20.636 3.4106
121.439 -20.4777 3.41464 0.0195506 121.43 -20.636 3.4106
121.475 -20.6965 3.40268 0.0106115 121.43 -20.636 3.4106
121.496 -20.6314 3.41365 0.048107 121.43 -20.636 3.4106
121.44 -20.4913 3.40793 0.0522999 121.43 -20.636 3.4106
121.599 -20.4002 3.40749 0.00748567 121.43 -20.636 3.4106
121.496 -20.6314 3.41365 0.048107 121.43 -20.636 3.4106
121.331 -20.7008 3.40994 0.0442843 121.43 -20.636 3.4106
121.496 -20.6314 3.41365 0.048107 121.43 -20.636 3.4106
121.338 -20.5883 3.41384 0.0196794 121.43 -20.636 3.4106
121.338 -20.5883 3.41384 0.0196794 121.43 -20.636 3.4106
121.338 -20.5883 3.41384 0.0196794 121.43 -20.636 3.4106
121.594 -20.8105 3.41122 0.0144892 121.43 -20.636 3.4106
121.643 -20.6208 3.41515 0.0246314 121.43 -20.636 3.4106
121.602 -20.7807 3.41363 0.0167849 121.43 -20.636 3.4106
121.44 -20.4913 3.40793 0.0522999 121.43 -20.636 3.4106
121.496 -20.6314 3.41365 0.048107 121.43 -20.636 3.4106
121.643 -20.6208 3.41515 0.0246314 121.43 -20.636 3.4106
121.496 -20.6314 3.41365 0.048107 121.43 -20.636 3.4106
121.485 -20.5476 3.40779 0.0582927 121.43 -20.636 3.4106
121.249 -20.5733 3.40965 0.0292349 121.43 -20.636 3.4106
121.496 -20.6314 3.41365 0.048107 121.43 -20.636 3.4106
121.602 -20.7807 3.41363 0.0167849 121.43 -20.636 3.4106
121.338 -20.5883 3.41384 0.0196794 121.43 -20.636 3.4106
121.63 -20.5895 3.41223 0.0353538 121.43 -20.636 3.4106
121.496 -20.6314 3.41365 0.048107 121.43 -20.636 3.4106
121.485 -20.5476 3.40779 0.0582927 121.43 -20.636 3.4106
121.485 -20.5476 3.40779 0.0582927 121.43 -20.636 3.4106
121.496 -20.6314 3.41365 0.048107 121.43 -20.636 3.4106
121.44 -20.4913 3.40793 0.0522999 121.43 -20.636 3.4106
121.496 -20.6314 3.41365 0.048107 121.43 -20.636 3.4106
121.44 -20.4913 3.40793 0.0522999 121.43 -20.636 3.4106
121.734 -20.5257 3.41418 0.010267 121.43 -20.636 3.4106
121.594 -20.8105 3.41122 0.0144892 121.43 -20.636 3.4106
121.331 -20.7008 3.40994 0.0442843 121.43 -20.636 3.4106
121.331 -20.7008 3.40994 0.0442843 121.43 -20.636 3.4106
121.314 -20.7529 3.41267 0.0134949 121.43 -20.636 3.4106
121.331 -20.7008 3.40994 0.0442843 121.43 -20.636 3.4106
121.407 -20.3244 3.41128 0.00725853 121.43 -20.636 3.4106
121.195 -20.7154 3.40379 0.0175416 121.43 -20.636 3.4106
121.323 -20.6842 3.40868 0.0527489 121.43 -20.636 3.4106
121.5 -20.5577 3.42104 0.0012876 121.43 -20.636 3.4106
121.643 -20.6208 3.41515 0.0246314 121.43 -20.636 3.4106
121.386 -20.6388 3.40323 0.0291782 121.43 -20.636 3.4106
121.63 -20.5895 3.41223 0.0353538 121.43 -20.636 3.4106
121.345 -20.4094 3.41327 0.00905186 121.43 -20.636 3.4106
121.331 -20.7008 3.40994 0.0442843 121.43 -20.636 3.4106
121.734 -20.5257 3.41418 0.010267 121.43 -20.636 3.4106
121.485 -20.5476 3.40779 0.0582927 121.43 -20.636 3.4106
121.496 -20.6314 3.41365 0.048107 121.43 -20.636 3.4106
121.63 -20.5895 3.41223 0.0353538 121.43 -20.636 3.4106
121.346 -20.6975 3.40157 0.0142191 121.43 -20.636 3.4106
121.338 -20.5883 3.41384 0.0196794 121.43 -20.636 3.4106
121.734 -20.5257 3.41418 0.010267 121.43 -20.636 3.4106
121.44 -20.4913 3.40793 0.0522999 121.43 -20.636 3.4106
121.485 -20.5476 3.40779 0.0582927 121.43 -20.636 3.4106
121.455 -20.8295 3.41143 0.0177181 121.43 -20.636 3.4106
121.386 -20.6388 3.40323 0.0291782 121.43 -20.636 3.4106
121.439 -20.4777 3.41464 0.0195506 121.43 -20.636 3.4106
121.439 -20.4777 3.41464 0.0195506 121.43 -20.636 3.4106
121.249 -20.5733 3.40965 0.0292349 121.43 -20.636 3.4106
121.682 -20.6456 3.41136 0.0193512 121.43 -20.636 3.4106
121.323 -20.6842 3.40868 0.0527489 121.43 -20.636 3.4106
121.594 -20.8105 3.41122 0.0144892 121.43 -20.636 3.4106
121.331 -20.7008 3.40994 0.0442843 121.43 -20.636 3.4106
121.594 -20.8105 3.41122 0.0144892 121.43 -20.636 3.4106
121.323 -20.6842 3.40868 0.0527489 121.43 -20.636 3.4106
121.455 -20.4615 3.41487 0.017234 121.43 -20.636 3.4106
121.338 -20.5883 3.41384 0.0196794 121.43 -20.636 3.4106
121.44 -20.4913 3.40793 0.0522999 121.43 -20.636 3.4106
121.539 -20.7557 3.40523 0.0116857 121.43 -20.636 3.4106
121.44 -20.4913 3.40793 0.0522999 121.43 -20.636 3.4106
121.552 -20.429 3.40425 0.00519986 121.43 -20.636 3.4106
121.485 -20.5476 3.40779 0.0582927 121.43 -20.636 3.4106
121.323 -20.6842 3.40868 0.0527489 121.43 -20.636 3.4106
121.386 -20.6388 3.40323 0.0291782 121.43 -20.636 3.4106
121.323 -20.6842 3.40868 0.0527489 121.43 -20.636 3.4106
121.594 -20.8105 3.41122 0.0144892 121.43 -20.636 3.4106
121.326 -20.8413 3.40841 0.013953 121.43 -20.636 3.4106
121.407 -20.3244 3.41128 0.00725853 121.43 -20.636 3.4106
121.536 -20.6565 3.41373 0.0443377 121.43 -20.636 3.4106
121.386 -20.6388 3.40323 0.0291782 121.43 -20.636 3.4106
121.338 -20.5883 3.41384 0.0196794 121.43 -20.636 3.4106
121.496 -20.6314 3.41365 0.048107 121.43 -20.636 3.4106
121.345 -20.4094 3.41327 0.00905186 121.43 -20.636 3.4106
121.331 -20.7008 3.40994 0.0442843 121.43 -20.636 3.4106
121.552 -20.429 3.40425 0.00519986 121.43 -20.636 3.4106
121.682 -20.6456 3.41136 0.0193512 121.43 -20.636 3.4106
121.455 -20.4615 3.41487 0.017234 121.43 -20.636 3.4106
121.536 -20.6565 3.41373 0.0443377 121.43 -20.636 3.4106
121.338 -20.5883 3.41384 0.0196794 121.43 -20.636 3.4106
121.899 -20.585 3.41434 0.000818923 121.43 -20.636 3.4106
121.485 -20.5476 3.40779 0.0582927 121.43 -20.636 3.4106
121.536 -20.6565 3.41373 0.0443377 121.43 -20.636 3.4106
121.323 -20.6842 3.40868 0.0527489 121.43 -20.636 3.4106
121.44 -20.4913 3.40793 0.0522999 121.43 -20.636 3.4106
121.386 -20.6388 3.40323 0.0291782 121.43 -20.636 3.4106
121.345 -20.4094 3.41327 0.00905186 121.43 -20.636 3.4106
121.249 -20.5733 3.40965 0.0292349 121.43 -20.636 3.4106
121.496 -20.6314 3.41365 0.048107 121.43 -20.636 3.4106
121.629 -20.912 3.41116 0.00259204 121.43 -20.636 3.4106
121.63 -20.5895 3.41223 0.0353538 121.43 -20.636 3.4106
121.331 -20.7008 3.40994 0.0442843 121.43 -20.636 3.4106
121.485 -20.5476 3.40779 0.0582927 121.43 -20.636 3.4106
121.314 -20.7529 3.41267 0.0134949 121.43 -20.636 3.4106
121.642 -20.6136 3.4043 0.00347149 121.43 -20.636 3.4106
121.552 -20.5018 3.41932 0.00423496 121.43 -20.636 3.4106
121.249 -20.5733 3.40965 0.0292349 121.43 -20.636 3.4106
121.323 -20.6842 3.40868 0.0527489 121.43 -20.636 3.4106
121.485 -20.5476 3.40779 0.0582927 121.43 -20.636 3.4106
121.485 -20.5476 3.40779 0.0582927 121.43 -20.636 3.4106
121.477 -20.4002 3.41354 0.0151912 121.43 -20.636 3.4106
121.643 -20.6208 3.41515 0.0246314 121.43 -20.636 3.4106
121.338 -20.5883 3.41384 0.0196794 121.43 -20.636 3.4106
121.492 -20.8078 3.40827 0.0215411 121.43 -20.636 3.4106
121.455 -20.8295 3.41143 0.0177181 121.43 -20.636 3.4106
121.44 -20.4913 3.40793 0.0522999 121.43 -20.636 3.4106
121.629 -20.912 3.41116 0.00259204 121.43 -20.636 3.4106
121.734 -20.5257 3.41418 0.010267 121.43 -20.636 3.4106
121.496 -20.6314 3.41365 0.048107 121.43 -20.636 3.4106
121.602 -20.7807 3.41363 0.0167849 121.43 -20.636 3.4106
121.331 -20.7008 3.40994 0.0442843 121.43 -20.636 3.4106
121.097 -20.9204 3.40515 0.000566521 121.43 -20.636 3.4106
121.492 -20.8078 3.40827 0.0215411 121.43 -20.636 3.4106
121.496 -20.6314 3.41365 0.048107 121.43 -20.636 3.4106
121.252 -20.8177 3.40432 0.0107231 121.43 -20.636 3.4106
121.477 -20.4002 3.41354 0.0151912 121.43 -20.636 3.4106
121.485 -20.5476 3.40779 0.0582927 121.43 -20.636 3.4106
121.496 -20.6314 3.41365 0.048107 121.43 -20.636 3.4106
121.485 -20.5476 3.40779 0.0582927 121.43 -20.636 3.4106
121.553 -20.3631 3.40761 0.00767891 121.43 -20.636 3.4106
121.323 -20.6842 3.40868 0.0527489 121.43 -20.636 3.4106
121.539 -20.7557 3.40523 0.0116857 121.43 -20.636 3.4106
121.44 -20.4913 3.40793 0.0522999 121.43 -20.636 3.4106
121.599 -20.4002 3.40749 0.00748567 121.43 -20.636 3.4106
121.331 -20.7008 3.40994 0.0442843 121.43 -20.636 3.4106
121.338 -20.5883 3.41384 0.0196794 121.43 -20.636 3.4106
121.323 -20.6842 3.40868 0.0527489 121.43 -20.636 3.4106
121.326 -20.8413 3.40841 0.013953 121.43 -20.636 3.4106
121.734 -20.5257 3.41418 0.010267 121.43 -20.636 3.4106
121.386 -20.6388 3.40323 0.0291782 121.43 -20.636 3.4106
121.44 -20.4913 3.40793 0.0522999 121.43 -20.636 3.4106
121.097 -20.9204 3.40515 0.000566521 121.43 -20.636 3.4106
121.44 -20.4913 3.40793 0.0522999 121.43 -20.636 3.4106
121.496 -20.6314 3.41365 0.048107 121.43 -20.636 3.4106
121.455 -20.8295 3.41143 0.0177181 121.43 -20.636 3.4106
121.485 -20.5476 3.40779 0.0582927 121.43 -20.636 3.4106
121.331 -20.7008 3.40994 0.0442843 121.43 -20.636 3.4106
121.539 -20.7557 3.40523 0.0116857 121.43 -20.636 3.4106
121.331 -20.7008 3.40994 0.0442843 121.43 -20.636 3.4106
121.466 -20.6696 3.42005 0.00184488 121.43 -20.636 3.4106
121.323 -20.6842 3.40868 0.0527489 121.43 -20.636 3.4106
121.323 -20.6842 3.40868 0.0527489 121.43 -20.636 3.4106
121.553 -20.3631 3.40761 0.00767891 121.43 -20.636 3.4106
121.496 -20.6314 3.41365 0.048107 121.43 -20.636 3.4106
121.455 -20.4615 3.41487 0.017234 121.43 -20.636 3.4106
121.536 -20.6565 3.41373 0.0443377 121.43 -20.636 3.4106
121.447 -20.9167 3.40545 0.00322819 121.43 -20.636 3.4106
