114.955 -22.5348 3.39512 0.00075149 114.98 -22.533 3.3999
115.404 -22.5683 3.40631 0.000612023 114.98 -22.533 3.3999
115.04 -22.7367 3.40175 0.000154361 114.98 -22.533 3.3999
115.444 -22.5706 3.40513 0.000673764 114.98 -22.533 3.3999
115.334 -22.5088 3.4021 0.0017575 114.98 -22.533 3.3999
115.082 -22.7063 3.39754 0.000581286 114.98 -22.533 3.3999
115.262 -22.4169 3.40019 0.00185076 114.98 -22.533 3.3999
115.217 -22.5595 3.40328 0.00134857 114.98 -22.533 3.3999
115.217 -22.5595 3.40328 0.00134857 114.98 -22.533 3.3999
115.088 -22.588 3.39844 0.00155655 114.98 -22.533 3.3999
115.334 -22.5088 3.4021 0.0017575 114.98 -22.533 3.3999
115.185 -22.3464 3.39846 0.0012953 114.98 -22.533 3.3999
115.262 -22.4169 3.40019 0.00185076 114.98 -22.533 3.3999
115.138 -22.5975 3.39694 0.00171927 114.98 -22.533 3.3999
114.917 -22.3668 3.39628 0.00032231 114.98 -22.533 3.3999
115.122 -22.6944 3.39668 0.000713241 114.98 -22.533 3.3999
115.334 -22.5088 3.4021 0.0017575 114.98 -22.533 3.3999
115.467 -22.4217 3.40757 0.000192772 114.98 -22.533 3.3999
114.955 -22.5348 3.39512 0.00075149 114.98 -22.533 3.3999
115.404 -22.5683 3.40631 0.000612023 114.98 -22.533 3.3999
115.334 -22.5088 3.4021 0.0017575 114.98 -22.533 3.3999
115.484 -22.2562 3.40623 3.80296e-05 114.98 -22.533 3.3999
115.302 -22.3695 3.40594 0.000293677 114.98 -22.533 3.3999
115.185 -22.3464 3.39846 0.0012953 114.98 -22.533 3.3999
115.334 -22.5088 3.4021 0.0017575 114.98 -22.533 3.3999
115.18 -22.2715 3.39823 0.000583451 114.98 -22.533 3.3999
115.217 -22.5595 3.40328 0.00134857 114.98 -22.533 3.3999
115.302 -22.3695 3.40594 0.000293677 114.98 -22.533 3.3999
115.334 -22.5088 3.4021 0.0017575 114.98 -22.533 3.3999
115.185 -22.3464 3.39846 0.0012953 114.98 -22.533 3.3999
115.185 -22.3464 3.39846 0.0012953 114.98 -22.533 3.3999
115.467 -22.4217 3.40757 0.000192772 114.98 -22.533 3.3999
115.27 -22.6245 3.40773 0.000234316 114.98 -22.533 3.3999
114.696 -22.626 3.39605 4.69373e-06 114.98 -22.533 3.3999
115.138 -22.5975 3.39694 0.00171927 114.98 -22.533 3.3999
115.088 -22.588 3.39844 0.00155655 114.98 -22.533 3.3999
115.289 -22.6385 3.40345 0.00113864 114.98 -22.533 3.3999
115.289 -22.6385 3.40345 0.00113864 114.98 -22.533 3.3999
115.088 -22.588 3.39844 0.00155655 114.98 -22.533 3.3999
115.138 -22.5975 3.39694 0.00171927 114.98 -22.533 3.3999
115.082 -22.7063 3.39754 0.000581286 114.98 -22.533 3.3999
115.175 -22.4608 3.40299 0.00105955 114.98 -22.533 3.3999
115.302 -22.3695 3.40594 0.000293677 114.98 -22.533 3.3999
115.175 -22.4608 3.40299 0.00105955 114.98 -22.533 3.3999
115.217 -22.5595 3.40328 0.00134857 114.98 -22.533 3.3999
114.917 -22.3668 3.39628 0.00032231 114.98 -22.533 3.3999
115.302 -22.3695 3.40594 0.000293677 114.98 -22.533 3.3999
115.444 -22.5706 3.40513 0.000673764 114.98 -22.533 3.3999
115.088 -22.588 3.39844 0.00155655 114.98 -22.533 3.3999
115.123 -22.7142 3.39349 0.000241672 114.98 -22.533 3.3999
115.138 -22.5975 3.39694 0.00171927 114.98 -22.533 3.3999
115.123 -22.7142 3.39349 0.000241672 114.98 -22.533 3.3999
115.167 -22.4173 3.39472 0.00140544 114.98 -22.533 3.3999
115.175 -22.4608 3.40299 0.00105955 114.98 -22.533 3.3999
115.123 -22.7142 3.39349 0.000241672 114.98 -22.533 3.3999
115.185 -22.3464 3.39846 0.0012953 114.98 -22.533 3.3999
115.185 -22.3464 3.39846 0.0012953 114.98 -22.533 3.3999
115.289 -22.6385 3.40345 0.00113864 114.98 -22.533 3.3999
115.175 -22.4608 3.40299 0.00105955 114.98 -22.533 3.3999
115.289 -22.6385 3.40345 0.00113864 114.98 -22.533 3.3999
115.444 -22.5706 3.40513 0.000673764 114.98 -22.533 3.3999
115.151 -22.632 3.40166 0.00111272 114.98 -22.533 3.3999
115.444 -22.5706 3.40513 0.000673764 114.98 -22.533 3.3999
115.138 -22.5975 3.39694 0.00171927 114.98 -22.533 3.3999
115.505 -22.4421 3.40847 0.000128389 114.98 -22.533 3.3999
114.96 -22.4733 3.40028 0.000309768 114.98 -22.533 3.3999
115.185 -22.3464 3.39846 0.0012953 114.98 -22.533 3.3999
115.185 -22.3464 3.39846 0.0012953 114.98 -22.533 3.3999
115.138 -22.5975 3.39694 0.00171927 114.98 -22.533 3.3999
115.175 -22.4608 3.40299 0.00105955 114.98 -22.533 3.3999
115.167 -22.4173 3.39472 0.00140544 114.98 -22.533 3.3999
115.111 -22.6684 3.39392 0.000497359 114.98 -22.533 3.3999
115.082 -22.7063 3.39754 0.000581286 114.98 -22.533 3.3999
115.467 -22.4217 3.40757 0.000192772 114.98 -22.533 3.3999
115.248 -22.2264 3.40124 0.000204009 114.98 -22.533 3.3999
115.262 -22.4169 3.40019 0.00185076 114.98 -22.533 3.3999
115.167 -22.4173 3.39472 0.00140544 114.98 -22.533 3.3999
115.404 -22.5683 3.40631 0.000612023 114.98 -22.533 3.3999
115.151 -22.632 3.40166 0.00111272 114.98 -22.533 3.3999
115.111 -22.6684 3.39392 0.000497359 114.98 -22.533 3.3999
115.262 -22.4169 3.40019 0.00185076 114.98 -22.533 3.3999
115.334 -22.5088 3.4021 0.0017575 114.98 -22.533 3.3999
115.088 -22.588 3.39844 0.00155655 114.98 -22.533 3.3999
115.289 -22.6385 3.40345 0.00113864 114.98 -22.533 3.3999
115.217 -22.5595 3.40328 0.00134857 114.98 -22.533 3.3999
115.334 -22.5088 3.4021 0.0017575 114.98 -22.533 3.3999
115.355 -22.4053 3.39404 0.000215369 114.98 -22.533 3.3999
115.444 -22.5706 3.40513 0.000673764 114.98 -22.533 3.3999
115.526 -22.7792 3.40818 5.02029e-05 114.98 -22.533 3.3999
114.961 -22.5616 3.40284 9.71041e-05 114.98 -22.533 3.3999
115.289 -22.6385 3.40345 0.00113864 114.98 -22.533 3.3999
115.167 -22.4173 3.39472 0.00140544 114.98 -22.533 3.3999
115.334 -22.5088 3.4021 0.0017575 114.98 -22.533 3.3999
115.302 -22.3695 3.40594 0.000293677 114.98 -22.533 3.3999
114.96 -22.4733 3.40028 0.000309768 114.98 -22.533 3.3999
115.262 -22.4169 3.40019 0.00185076 114.98 -22.533 3.3999
115.334 -22.5088 3.4021 0.0017575 114.98 -22.533 3.3999
115.27 -22.6245 3.40773 0.000234316 114.98 -22.533 3.3999
115.467 -22.4217 3.40757 0.000192772 114.98 -22.533 3.3999
115.167 -22.4173 3.39472 0.00140544 114.98 -22.533 3.3999
115.138 -22.5975 3.39694 0.00171927 114.98 -22.533 3.3999
115.334 -22.5088 3.4021 0.0017575 114.98 -22.533 3.3999
114.944 -22.4259 3.40071 0.00016884 114.98 -22.533 3.3999
115.151 -22.632 3.40166 0.00111272 114.98 -22.533 3.3999
114.955 -22.5348 3.39512 0.00075149 114.98 -22.533 3.3999
115.326 -22.7432 3.40879 8.02907e-05 114.98 -22.533 3.3999
114.955 -22.5348 3.39512 0.00075149 114.98 -22.533 3.3999
115.444 -22.5706 3.40513 0.000673764 114.98 -22.533 3.3999
114.955 -22.5348 3.39512 0.00075149 114.98 -22.533 3.3999
115.408 -22.2063 3.39857 6.23106e-05 114.98 -22.533 3.3999
115.123 -22.7142 3.39349 0.000241672 114.98 -22.533 3.3999
115.185 -22.3464 3.39846 0.0012953 114.98 -22.533 3.3999
115.138 -22.5975 3.39694 0.00171927 114.98 -22.533 3.3999
115.111 -22.6684 3.39392 0.000497359 114.98 -22.533 3.3999
115.151 -22.632 3.40166 0.00111272 114.98 -22.533 3.3999
115.185 -22.3464 3.39846 0.0012953 114.98 -22.533 3.3999
115.167 -22.4173 3.39472 0.00140544 114.98 -22.533 3.3999
115.088 -22.588 3.39844 0.00155655 114.98 -22.533 3.3999
115.18 -22.2715 3.39823 0.000583451 114.98 -22.533 3.3999
115.167 -22.4173 3.39472 0.00140544 114.98 -22.533 3.3999
115.082 -22.7063 3.39754 0.000581286 114.98 -22.533 3.3999
115.123 -22.7142 3.39349 0.000241672 114.98 -22.533 3.3999
115.151 -22.632 3.40166 0.00111272 114.98 -22.533 3.3999
115.138 -22.5975 3.39694 0.00171927 114.98 -22.533 3.3999
114.96 -22.4733 3.40028 0.000309768 114.98 -22.533 3.3999
115.262 -22.4169 3.40019 0.00185076 114.98 -22.533 3.3999
115.334 -22.5088 3.4021 0.0017575 114.98 -22.533 3.3999
115.175 -22.4608 3.40299 0.00105955 114.98 -22.533 3.3999
115.444 -22.5706 3.40513 0.000673764 114.98 -22.533 3.3999
115.082 -22.7063 3.39754 0.000581286 114.98 -22.533 3.3999
115.18 -22.2715 3.39823 0.000583451 114.98 -22.533 3.3999
115.138 -22.5975 3.39694 0.00171927 114.98 -22.533 3.3999
114.955 -22.5348 3.39512 0.00075149 114.98 -22.533 3.3999
115.148 -22.2038 3.39708 0.000224633 114.98 -22.533 3.3999
115.289 -22.6385 3.40345 0.00113864 114.98 -22.533 3.3999
115.167 -22.4173 3.39472 0.00140544 114.98 -22.533 3.3999
115.262 -22.4169 3.40019 0.00185076 114.98 -22.533 3.3999
115.138 -22.5975 3.39694 0.00171927 114.98 -22.533 3.3999
115.217 -22.5595 3.40328 0.00134857 114.98 -22.533 3.3999
115.355 -22.4053 3.39404 0.000215369 114.98 -22.533 3.3999
115.334 -22.5088 3.4021 0.0017575 114.98 -22.533 3.3999
115.185 -22.3464 3.39846 0.0012953 114.98 -22.533 3.3999
115.122 -22.6944 3.39668 0.000713241 114.98 -22.533 3.3999
115.334 -22.5088 3.4021 0.0017575 114.98 -22.533 3.3999
115.151 -22.632 3.40166 0.00111272 114.98 -22.533 3.3999
115.151 -22.632 3.40166 0.00111272 114.98 -22.533 3.3999
115.404 -22.5683 3.40631 0.000612023 114.98 -22.533 3.3999
115.082 -22.7063 3.39754 0.000581286 114.98 -22.533 3.3999
115.18 -22.2715 3.39823 0.000583451 114.98 -22.533 3.3999
114.917 -22.3668 3.39628 0.00032231 114.98 -22.533 3.3999
115.262 -22.4169 3.40019 0.00185076 114.98 -22.533 3.3999
115.151 -22.632 3.40166 0.00111272 114.98 -22.533 3.3999
115.131 -22.5145 3.40548 0.000266881 114.98 -22.533 3.3999
115.111 -22.6684 3.39392 0.000497359 114.98 -22.533 3.3999
115.334 -22.5088 3.4021 0.0017575 114.98 -22.533 3.3999
115.185 -22.3464 3.39846 0.0012953 114.98 -22.533 3.3999
115.122 -22.6944 3.39668 0.000713241 114.98 -22.533 3.3999
115.334 -22.5088 3.4021 0.0017575 114.98 -22.533 3.3999
115.151 -22.632 3.40166 0.00111272 114.98 -22.533 3.3999
115.471 -22.3147 3.40872 3.62523e-05 114.98 -22.533 3.3999
115.404 -22.5683 3.40631 0.000612023 114.98 -22.533 3.3999
115.284 -22.1513 3.39746 6.29301e-05 114.98 -22.533 3.3999
115.138 -22.5975 3.39694 0.00171927 114.98 -22.533 3.3999
115.175 -22.4608 3.40299 0.00105955 114.98 -22.533 3.3999
115.471 -22.3147 3.40872 3.62523e-05 114.98 -22.533 3.3999
115.217 -22.5595 3.40328 0.00134857 114.98 -22.533 3.3999
114.955 -22.5348 3.39512 0.00075149 114.98 -22.533 3.3999
115.185 -22.3464 3.39846 0.0012953 114.98 -22.533 3.3999
115.334 -22.5088 3.4021 0.0017575 114.98 -22.533 3.3999
115.404 -22.5683 3.40631 0.000612023 114.98 -22.533 3.3999
115.289 -22.6385 3.40345 0.00113864 114.98 -22.533 3.3999
115.18 -22.2715 3.39823 0.000583451 114.98 -22.533 3.3999
115.217 -22.5595 3.40328 0.00134857 114.98 -22.533 3.3999
115.266 -22.8684 3.40539 4.41071e-05 114.98 -22.533 3.3999
115.185 -22.3464 3.39846 0.0012953 114.98 -22.533 3.3999
115.151 -22.632 3.40166 0.00111272 114.98 -22.533 3.3999
115.082 -22.7063 3.39754 0.000581286 114.98 -22.533 3.3999
115.467 -22.4217 3.40757 0.000192772 114.98 -22.533 3.3999
115.18 -22.6143 3.40764 0.000117387 114.98 -22.533 3.3999
115.289 -22.6385 3.40345 0.00113864 114.98 -22.533 3.3999
115.175 -22.4608 3.40299 0.00105955 114.98 -22.533 3.3999
115.262 -22.4169 3.40019 0.00185076 114.98 -22.533 3.3999
115.138 -22.5975 3.39694 0.00171927 114.98 -22.533 3.3999
115.167 -22.4173 3.39472 0.00140544 114.98 -22.533 3.3999
115.138 -22.5975 3.39694 0.00171927 114.98 -22.533 3.3999
115.289 -22.6385 3.40345 0.00113864 114.98 -22.533 3.3999
115.334 -22.5088 3.4021 0.0017575 114.98 -22.533 3.3999
115.27 -22.6245 3.40773 0.000234316 114.98 -22.533 3.3999
115.138 -22.5975 3.39694 0.00171927 114.98 -22.533 3.3999
115.334 -22.5088 3.4021 0.0017575 114.98 -22.533 3.3999
115.185 -22.3464 3.39846 0.0012953 114.98 -22.533 3.3999
115.185 -22.3464 3.39846 0.0012953 114.98 -22.533 3.3999
115.444 -22.5706 3.40513 0.000673764 114.98 -22.533 3.3999
115.185 -22.3464 3.39846 0.0012953 114.98 -22.533 3.3999
115.185 -22.3464 3.39846 0.0012953 114.98 -22.533 3.3999
115.185 -22.3464 3.39846 0.0012953 114.98 -22.533 3.3999
115.262 -22.4169 3.40019 0.00185076 114.98 -22.533 3.3999
115.088 -22.588 3.39844 0.00155655 114.98 -22.533 3.3999
114.917 -22.3668 3.39628 0.00032231 114.98 -22.533 3.3999
115.444 -22.5706 3.40513 0.000673764 114.98 -22.533 3.3999
