129.383 20.3947 0.0548799 0.0150828 129.54 20.483 0.057974
129.612 20.4789 0.0599686 0.0329622 129.54 20.483 0.057974
129.612 20.4789 0.0599686 0.0329622 129.54 20.483 0.057974
129.425 20.5742 0.0568186 0.0506408 129.54 20.483 0.057974
129.425 20.5742 0.0568186 0.0506408 129.54 20.483 0.057974
129.428 20.5593 0.0538635 0.0267343 129.54 20.483 0.057974
129.721 20.5231 0.0597921 0.00720855 129.54 20.483 0.057974
129.422 20.3904 0.0577934 0.0386217 129.54 20.483 0.057974
129.495 20.5817 0.0545379 0.0419127 129.54 20.483 0.057974
129.574 20.2835 0.0544986 0.00482423 129.54 20.483 0.057974
129.495 20.5817 0.0545379 0.0419127 129.54 20.483 0.057974
129.422 20.3904 0.0577934 0.0386217 129.54 20.483 0.057974
129.425 20.5742 0.0568186 0.0506408 129.54 20.483 0.057974
129.612 20.4789 0.0599686 0.0329622 129.54 20.483 0.057974
129.425 20.5742 0.0568186 0.0506408 129.54 20.483 0.057974
129.612 20.4789 0.0599686 0.0329622 129.54 20.483 0.057974
129.612 20.4789 0.0599686 0.0329622 129.54 20.483 0.057974
129.632 20.6578 0.0601673 0.00829596 129.54 20.483 0.057974
129.495 20.5817 0.0545379 0.0419127 129.54 20.483 0.057974
129.425 20.5742 0.0568186 0.0506408 129.54 20.483 0.057974
129.719 20.4773 0.0516478 0.0032054 129.54 20.483 0.057974
129.495 20.5817 0.0545379 0.0419127 129.54 20.483 0.057974
129.422 20.3904 0.0577934 0.0386217 129.54 20.483 0.057974
129.695 20.2112 0.0573561 0.000635391 129.54 20.483 0.057974
129.574 20.2835 0.0544986 0.00482423 129.54 20.483 0.057974
129.495 20.5817 0.0545379 0.0419127 129.54 20.483 0.057974
129.71 20.55 0.0572788 0.0135482 129.54 20.483 0.057974
129.633 20.627 0.05491 0.0203215 129.54 20.483 0.057974
129.422 20.3904 0.0577934 0.0386217 129.54 20.483 0.057974
129.695 20.6495 0.0600605 0.00405754 129.54 20.483 0.057974
129.425 20.5742 0.0568186 0.0506408 129.54 20.483 0.057974
129.557 20.434 0.0640917 0.0071807 129.54 20.483 0.057974
129.394 20.7916 0.0583122 0.0018974 129.54 20.483 0.057974
129.612 20.4789 0.0599686 0.0329622 129.54 20.483 0.057974
129.422 20.3904 0.0577934 0.0386217 129.54 20.483 0.057974
129.495 20.5817 0.0545379 0.0419127 129.54 20.483 0.057974
129.425 20.5742 0.0568186 0.0506408 129.54 20.483 0.057974
129.729 20.2799 0.0614236 0.00069023 129.54 20.483 0.057974
129.383 20.3947 0.0548799 0.0150828 129.54 20.483 0.057974
129.495 20.5817 0.0545379 0.0419127 129.54 20.483 0.057974
129.495 20.5817 0.0545379 0.0419127 129.54 20.483 0.057974
129.422 20.3904 0.0577934 0.0386217 129.54 20.483 0.057974
129.574 20.2835 0.0544986 0.00482423 129.54 20.483 0.057974
129.65 20.6774 0.0535656 0.00780137 129.54 20.483 0.057974
129.557 20.434 0.0640917 0.0071807 129.54 20.483 0.057974
129.472 20.3839 0.0665084 0.00144753 129.54 20.483 0.057974
129.425 20.5742 0.0568186 0.0506408 129.54 20.483 0.057974
129.495 20.5817 0.0545379 0.0419127 129.54 20.483 0.057974
129.565 20.6571 0.0616171 0.00821154 129.54 20.483 0.057974
129.594 20.3927 0.0530002 0.0112358 129.54 20.483 0.057974
129.422 20.3904 0.0577934 0.0386217 129.54 20.483 0.057974
129.495 20.5817 0.0545379 0.0419127 129.54 20.483 0.057974
129.633 20.627 0.05491 0.0203215 129.54 20.483 0.057974
129.612 20.4789 0.0599686 0.0329622 129.54 20.483 0.057974
129.633 20.627 0.05491 0.0203215 129.54 20.483 0.057974
129.425 20.5742 0.0568186 0.0506408 129.54 20.483 0.057974
129.633 20.627 0.05491 0.0203215 129.54 20.483 0.057974
129.577 20.4026 0.0636629 0.00707752 129.54 20.483 0.057974
129.383 20.3947 0.0548799 0.0150828 129.54 20.483 0.057974
129.636 20.8045 0.0602696 0.000478141 129.54 20.483 0.057974
129.425 20.5742 0.0568186 0.0506408 129.54 20.483 0.057974
129.425 20.5742 0.0568186 0.0506408 129.54 20.483 0.057974
129.612 20.4789 0.0599686 0.0329622 129.54 20.483 0.057974
129.425 20.5742 0.0568186 0.0506408 129.54 20.483 0.057974
129.612 20.4789 0.0599686 0.0329622 129.54 20.483 0.057974
129.425 20.5742 0.0568186 0.0506408 129.54 20.483 0.057974
129.425 20.5742 0.0568186 0.0506408 129.54 20.483 0.057974
129.633 20.627 0.05491 0.0203215 129.54 20.483 0.057974
129.342 20.7373 0.0586992 0.00331264 129.54 20.483 0.057974
129.422 20.3904 0.0577934 0.0386217 129.54 20.483 0.057974
129.383 20.3947 0.0548799 0.0150828 129.54 20.483 0.057974
129.612 20.4789 0.0599686 0.0329622 129.54 20.483 0.057974
129.422 20.3904 0.0577934 0.0386217 129.54 20.483 0.057974
129.425 20.5742 0.0568186 0.0506408 129.54 20.483 0.057974
129.557 20.434 0.0640917 0.0071807 129.54 20.483 0.057974
129.699 20.3858 0.0529158 0.00379829 129.54 20.483 0.057974
129.495 20.5817 0.0545379 0.0419127 129.54 20.483 0.057974
129.428 20.5593 0.0538635 0.0267343 129.54 20.483 0.057974
129.612 20.4789 0.0599686 0.0329622 129.54 20.483 0.057974
129.574 20.2835 0.0544986 0.00482423 129.54 20.483 0.057974
129.394 20.7916 0.0583122 0.0018974 129.54 20.483 0.057974
129.612 20.4789 0.0599686 0.0329622 129.54 20.483 0.057974
129.495 20.5817 0.0545379 0.0419127 129.54 20.483 0.057974
129.696 20.4044 0.0530973 0.00515636 129.54 20.483 0.057974
129.428 20.5593 0.0538635 0.0267343 129.54 20.483 0.057974
129.586 20.3927 0.0503781 0.00231834 129.54 20.483 0.057974
129.422 20.3904 0.0577934 0.0386217 129.54 20.483 0.057974
129.612 20.4789 0.0599686 0.0329622 129.54 20.483 0.057974
129.422 20.3904 0.0577934 0.0386217 129.54 20.483 0.057974
129.633 20.627 0.05491 0.0203215 129.54 20.483 0.057974
129.495 20.5817 0.0545379 0.0419127 129.54 20.483 0.057974
129.612 20.4789 0.0599686 0.0329622 129.54 20.483 0.057974
129.577 20.4026 0.0636629 0.00707752 129.54 20.483 0.057974
129.422 20.3904 0.0577934 0.0386217 129.54 20.483 0.057974
129.422 20.3904 0.0577934 0.0386217 129.54 20.483 0.057974
129.425 20.5742 0.0568186 0.0506408 129.54 20.483 0.057974
129.425 20.5742 0.0568186 0.0506408 129.54 20.483 0.057974
129.422 20.3904 0.0577934 0.0386217 129.54 20.483 0.057974
129.495 20.5817 0.0545379 0.0419127 129.54 20.483 0.057974
129.557 20.434 0.0640917 0.0071807 129.54 20.483 0.057974
129.612 20.4789 0.0599686 0.0329622 129.54 20.483 0.057974
129.383 20.3947 0.0548799 0.0150828 129.54 20.483 0.057974
129.422 20.3904 0.0577934 0.0386217 129.54 20.483 0.057974
129.612 20.4789 0.0599686 0.0329622 129.54 20.483 0.057974
129.594 20.3927 0.0530002 0.0112358 129.54 20.483 0.057974
129.633 20.627 0.05491 0.0203215 129.54 20.483 0.057974
129.383 20.3947 0.0548799 0.0150828 129.54 20.483 0.057974
129.422 20.3904 0.0577934 0.0386217 129.54 20.483 0.057974
129.422 20.3904 0.0577934 0.0386217 129.54 20.483 0.057974
129.696 20.4044 0.0530973 0.00515636 129.54 20.483 0.057974
129.422 20.3904 0.0577934 0.0386217 129.54 20.483 0.057974
129.577 20.4026 0.0636629 0.00707752 129.54 20.483 0.057974
129.612 20.4789 0.0599686 0.0329622 129.54 20.483 0.057974
129.633 20.627 0.05491 0.0203215 129.54 20.483 0.057974
129.776 20.4778 0.0523903 0.00177429 129.54 20.483 0.057974
129.422 20.3904 0.0577934 0.0386217 129.54 20.483 0.057974
129.633 20.627 0.05491 0.0203215 129.54 20.483 0.057974
129.632 20.6578 0.0601673 0.00829596 129.54 20.483 0.057974
129.695 20.6495 0.0600605 0.00405754 129.54 20.483 0.057974
129.557 20.434 0.0640917 0.0071807 129.54 20.483 0.057974
129.695 20.6495 0.0600605 0.00405754 129.54 20.483 0.057974
129.425 20.5742 0.0568186 0.0506408 129.54 20.483 0.057974
129.612 20.4789 0.0599686 0.0329622 129.54 20.483 0.057974
129.612 20.4789 0.0599686 0.0329622 129.54 20.483 0.057974
129.428 20.5593 0.0538635 0.0267343 129.54 20.483 0.057974
129.383 20.3947 0.0548799 0.0150828 129.54 20.483 0.057974
129.612 20.4789 0.0599686 0.0329622 129.54 20.483 0.057974
129.425 20.5742 0.0568186 0.0506408 129.54 20.483 0.057974
129.425 20.5742 0.0568186 0.0506408 129.54 20.483 0.057974
129.71 20.55 0.0572788 0.0135482 129.54 20.483 0.057974
129.495 20.5817 0.0545379 0.0419127 129.54 20.483 0.057974
129.495 20.5817 0.0545379 0.0419127 129.54 20.483 0.057974
129.383 20.3947 0.0548799 0.0150828 129.54 20.483 0.057974
129.425 20.5742 0.0568186 0.0506408 129.54 20.483 0.057974
129.633 20.627 0.05491 0.0203215 129.54 20.483 0.057974
129.695 20.6495 0.0600605 0.00405754 129.54 20.483 0.057974
129.612 20.4789 0.0599686 0.0329622 129.54 20.483 0.057974
129.425 20.5742 0.0568186 0.0506408 129.54 20.483 0.057974
129.422 20.3904 0.0577934 0.0386217 129.54 20.483 0.057974
129.425 20.5742 0.0568186 0.0506408 129.54 20.483 0.057974
129.383 20.3947 0.0548799 0.0150828 129.54 20.483 0.057974
129.633 20.627 0.05491 0.0203215 129.54 20.483 0.057974
129.577 20.4026 0.0636629 0.00707752 129.54 20.483 0.057974
129.632 20.6578 0.0601673 0.00829596 129.54 20.483 0.057974
129.612 20.4789 0.0599686 0.0329622 129.54 20.483 0.057974
129.425 20.5742 0.0568186 0.0506408 129.54 20.483 0.057974
129.696 20.4044 0.0530973 0.00515636 129.54 20.483 0.057974
129.422 20.3904 0.0577934 0.0386217 129.54 20.483 0.057974
129.65 20.6774 0.0535656 0.00780137 129.54 20.483 0.057974
129.586 20.3927 0.0503781 0.00231834 129.54 20.483 0.057974
129.495 20.5817 0.0545379 0.0419127 129.54 20.483 0.057974
129.422 20.3904 0.0577934 0.0386217 129.54 20.483 0.057974
129.394 20.7916 0.0583122 0.0018974 129.54 20.483 0.057974
129.422 20.3904 0.0577934 0.0386217 129.54 20.483 0.057974
129.729 20.2799 0.0614236 0.00069023 129.54 20.483 0.057974
129.425 20.5742 0.0568186 0.0506408 129.54 20.483 0.057974
129.557 20.434 0.0640917 0.0071807 129.54 20.483 0.057974
129.428 20.5593 0.0538635 0.0267343 129.54 20.483 0.057974
129.495 20.5817 0.0545379 0.0419127 129.54 20.483 0.057974
129.425 20.5742 0.0568186 0.0506408 129.54 20.483 0.057974
129.721 20.5231 0.0597921 0.00720855 129.54 20.483 0.057974
129.642 20.7865 0.0605667 0.000596251 129.54 20.483 0.057974
129.425 20.5742 0.0568186 0.0506408 129.54 20.483 0.057974
129.383 20.3947 0.0548799 0.0150828 129.54 20.483 0.057974
129.557 20.434 0.0640917 0.0071807 129.54 20.483 0.057974
129.425 20.5742 0.0568186 0.0506408 129.54 20.483 0.057974
129.594 20.3927 0.0530002 0.0112358 129.54 20.483 0.057974
129.699 20.3858 0.0529158 0.00379829 129.54 20.483 0.057974
129.383 20.3947 0.0548799 0.0150828 129.54 20.483 0.057974
129.422 20.3904 0.0577934 0.0386217 129.54 20.483 0.057974
129.612 20.4789 0.0599686 0.0329622 129.54 20.483 0.057974
129.422 20.3904 0.0577934 0.0386217 129.54 20.483 0.057974
129.612 20.4789 0.0599686 0.0329622 129.54 20.483 0.057974
129.425 20.5742 0.0568186 0.0506408 129.54 20.483 0.057974
129.383 20.3947 0.0548799 0.0150828 129.54 20.483 0.057974
129.594 20.3927 0.0530002 0.0112358 129.54 20.483 0.057974
129.422 20.3904 0.0577934 0.0386217 129.54 20.483 0.057974
129.695 20.6495 0.0600605 0.00405754 129.54 20.483 0.057974
129.71 20.55 0.0572788 0.0135482 129.54 20.483 0.057974
129.428 20.5593 0.0538635 0.0267343 129.54 20.483 0.057974
129.422 20.3904 0.0577934 0.0386217 129.54 20.483 0.057974
129.422 20.3904 0.0577934 0.0386217 129.54 20.483 0.057974
129.425 20.5742 0.0568186 0.0506408 129.54 20.483 0.057974
129.495 20.5817 0.0545379 0.0419127 129.54 20.483 0.057974
129.495 20.5817 0.0545379 0.0419127 129.54 20.483 0.057974
129.422 20.3904 0.0577934 0.0386217 129.54 20.483 0.057974
129.422 20.3904 0.0577934 0.0386217 129.54 20.483 0.057974
129.383 20.3947 0.0548799 0.0150828 129.54 20.483 0.057974
129.425 20.5742 0.0568186 0.0506408 129.54 20.483 0.057974
129.65 20.6774 0.0535656 0.00780137 129.54 20.483 0.057974
129.425 20.5742 0.0568186 0.0506408 129.54 20.483 0.057974
129.208 20.6649 0.0550369 0.000629396 129.54 20.483 0.057974
129.422 20.3904 0.0577934 0.0386217 129.54 20.483 0.057974
129.719 20.4773 0.0516478 0.0032054 129.54 20.483 0.057974
129.422 20.3904 0.0577934 0.0386217 129.54 20.483 0.057974
129.394 20.7916 0.0583122 0.0018974 129.54 20.483 0.057974
129.65 20.6774 0.0535656 0.00780137 129.54 20.483 0.057974
129.565 20.6571 0.0616171 0.00821154 129.54 20.483 0.057974
129.533 20.6495 0.0482437 0.00075185 129.54 20.483 0.057974
129.495 20.5817 0.0545379 0.0419127 129.54 20.483 0.057974
