116.123 19.7792 0.0536823 0.204589 116.27 19.725 0.059038
115.938 19.778 0.0623819 0.307984 116.27 19.725 0.059038
116.284 19.5337 0.0645589 0.167047 116.27 19.725 0.059038
115.993 19.7828 0.0607573 0.487266 116.27 19.725 0.059038
116.177 19.7256 0.0632648 1.32357 116.27 19.725 0.059038
115.957 19.7295 0.0607787 0.293258 116.27 19.725 0.059038
116.427 19.754 0.0630053 0.220211 116.27 19.725 0.059038
116.182 19.6958 0.0552891 0.403931 116.27 19.725 0.059038
116.117 19.6891 0.0598655 0.887114 116.27 19.725 0.059038
116.411 19.8844 0.0642362 0.144899 116.27 19.725 0.059038
116.177 19.7256 0.0632648 1.32357 116.27 19.725 0.059038
115.938 19.778 0.0623819 0.307984 116.27 19.725 0.059038
116.373 19.9321 0.0603485 0.323549 116.27 19.725 0.059038
116.182 19.6958 0.0552891 0.403931 116.27 19.725 0.059038
116.143 19.7068 0.0630185 1.24668 116.27 19.725 0.059038
116.122 19.9432 0.0684453 0.204528 116.27 19.725 0.059038
115.958 19.8689 0.0664229 0.287371 116.27 19.725 0.059038
116.161 19.712 0.0627691 1.30216 116.27 19.725 0.059038
116.117 19.6891 0.0598655 0.887114 116.27 19.725 0.059038
116.07 19.8707 0.0540837 0.132937 116.27 19.725 0.059038
116.25 19.9261 0.0603072 0.746405 116.27 19.725 0.059038
115.957 19.7295 0.0607787 0.293258 116.27 19.725 0.059038
116.05 19.9211 0.0595939 0.41559 116.27 19.725 0.059038
115.957 19.7295 0.0607787 0.293258 116.27 19.725 0.059038
116.23 19.8741 0.0513838 0.121922 116.27 19.725 0.059038
116.175 19.6909 0.0583841 0.861237 116.27 19.725 0.059038
116.177 19.7256 0.0632648 1.32357 116.27 19.725 0.059038
116.25 19.9261 0.0603072 0.746405 116.27 19.725 0.059038
116.142 19.9711 0.0627718 0.481431 116.27 19.725 0.059038
116.175 19.6909 0.0583841 0.861237 116.27 19.725 0.059038
116.175 19.6909 0.0583841 0.861237 116.27 19.725 0.059038
116.25 19.9261 0.0603072 0.746405 116.27 19.725 0.059038
116.161 19.712 0.0627691 1.30216 116.27 19.725 0.059038
116.12 19.7907 0.0577743 0.79214 116.27 19.725 0.059038
116.101 19.6655 0.0619828 0.89137 116.27 19.725 0.059038
116.363 19.5569 0.0635223 0.126474 116.27 19.725 0.059038
115.958 19.8689 0.0664229 0.287371 116.27 19.725 0.059038
116.175 19.6909 0.0583841 0.861237 116.27 19.725 0.059038
116.122 19.9432 0.0684453 0.204528 116.27 19.725 0.059038
116.161 19.712 0.0627691 1.30216 116.27 19.725 0.059038
116.373 19.9321 0.0603485 0.323549 116.27 19.725 0.059038
115.938 19.778 0.0623819 0.307984 116.27 19.725 0.059038
116.175 19.6909 0.0583841 0.861237 116.27 19.725 0.059038
116.161 19.712 0.0627691 1.30216 116.27 19.725 0.059038
116.143 19.7068 0.0630185 1.24668 116.27 19.725 0.059038
116.199 19.8165 0.0660356 0.816421 116.27 19.725 0.059038
116.177 19.7256 0.0632648 1.32357 116.27 19.725 0.059038
116.01 20.0098 0.0614228 0.143137 116.27 19.725 0.059038
116.142 19.9711 0.0627718 0.481431 116.27 19.725 0.059038
116.117 19.6891 0.0598655 0.887114 116.27 19.725 0.059038
116.435 19.8308 0.0640453 0.139519 116.27 19.725 0.059038
116.114 19.9123 0.0565554 0.378432 116.27 19.725 0.059038
116.143 19.7068 0.0630185 1.24668 116.27 19.725 0.059038
116.177 19.7256 0.0632648 1.32357 116.27 19.725 0.059038
116.25 19.9261 0.0603072 0.746405 116.27 19.725 0.059038
116.143 19.7068 0.0630185 1.24668 116.27 19.725 0.059038
116.142 19.9711 0.0627718 0.481431 116.27 19.725 0.059038
116.373 19.9321 0.0603485 0.323549 116.27 19.725 0.059038
116.001 20.0773 0.0660091 0.0383049 116.27 19.725 0.059038
116.012 19.7797 0.0573847 0.270188 116.27 19.725 0.059038
116.177 19.7256 0.0632648 1.32357 116.27 19.725 0.059038
116.161 19.712 0.0627691 1.30216 116.27 19.725 0.059038
115.958 19.8689 0.0664229 0.287371 116.27 19.725 0.059038
116.101 19.6655 0.0619828 0.89137 116.27 19.725 0.059038
116.373 19.9321 0.0603485 0.323549 116.27 19.725 0.059038
116.202 19.8009 0.0634663 1.30349 116.27 19.725 0.059038
116.142 19.9711 0.0627718 0.481431 116.27 19.725 0.059038
116.202 19.8009 0.0634663 1.30349 116.27 19.725 0.059038
116.177 19.7256 0.0632648 1.32357 116.27 19.725 0.059038
116.321 19.6302 0.058054 0.423774 116.27 19.725 0.059038
115.993 19.7828 0.0607573 0.487266 116.27 19.725 0.059038
116.12 19.7907 0.0577743 0.79214 116.27 19.725 0.059038
116.175 19.6909 0.0583841 0.861237 116.27 19.725 0.059038
115.993 19.7828 0.0607573 0.487266 116.27 19.725 0.059038
116.117 19.6891 0.0598655 0.887114 116.27 19.725 0.059038
116.309 19.7612 0.0646497 0.612684 116.27 19.725 0.059038
116.373 19.9321 0.0603485 0.323549 116.27 19.725 0.059038
116.12 19.7907 0.0577743 0.79214 116.27 19.725 0.059038
116.175 19.6909 0.0583841 0.861237 116.27 19.725 0.059038
116.463 19.8385 0.0615469 0.154512 116.27 19.725 0.059038
116.143 19.7068 0.0630185 1.24668 116.27 19.725 0.059038
116.143 19.7068 0.0630185 1.24668 116.27 19.725 0.059038
116.25 19.9261 0.0603072 0.746405 116.27 19.725 0.059038
116.143 19.7068 0.0630185 1.24668 116.27 19.725 0.059038
116.489 19.8392 0.0561051 0.135032 116.27 19.725 0.059038
116.25 19.9261 0.0603072 0.746405 116.27 19.725 0.059038
116.25 19.9261 0.0603072 0.746405 116.27 19.725 0.059038
116.201 19.8032 0.0743647 0.0205377 116.27 19.725 0.059038
116.175 19.6909 0.0583841 0.861237 116.27 19.725 0.059038
116.088 19.9408 0.0648649 0.465505 116.27 19.725 0.059038
116.088 19.9408 0.0648649 0.465505 116.27 19.725 0.059038
116.06 19.6369 0.0667179 0.492827 116.27 19.725 0.059038
116.309 19.7612 0.0646497 0.612684 116.27 19.725 0.059038
116.182 19.6958 0.0552891 0.403931 116.27 19.725 0.059038
116.309 20.0602 0.0588953 0.122277 116.27 19.725 0.059038
116.12 19.7907 0.0577743 0.79214 116.27 19.725 0.059038
115.957 19.7295 0.0607787 0.293258 116.27 19.725 0.059038
116.122 19.9432 0.0684453 0.204528 116.27 19.725 0.059038
116.06 19.6369 0.0667179 0.492827 116.27 19.725 0.059038
116.309 19.7612 0.0646497 0.612684 116.27 19.725 0.059038
116.012 19.7797 0.0573847 0.270188 116.27 19.725 0.059038
115.957 19.7295 0.0607787 0.293258 116.27 19.725 0.059038
115.938 19.778 0.0623819 0.307984 116.27 19.725 0.059038
116.177 19.7256 0.0632648 1.32357 116.27 19.725 0.059038
116.05 19.9211 0.0595939 0.41559 116.27 19.725 0.059038
116.177 19.7256 0.0632648 1.32357 116.27 19.725 0.059038
116.202 19.8009 0.0634663 1.30349 116.27 19.725 0.059038
116.177 19.7256 0.0632648 1.32357 116.27 19.725 0.059038
116.161 19.712 0.0627691 1.30216 116.27 19.725 0.059038
116.143 19.7068 0.0630185 1.24668 116.27 19.725 0.059038
116.143 19.7068 0.0630185 1.24668 116.27 19.725 0.059038
116.143 19.7068 0.0630185 1.24668 116.27 19.725 0.059038
116.101 19.6655 0.0619828 0.89137 116.27 19.725 0.059038
116.088 19.9408 0.0648649 0.465505 116.27 19.725 0.059038
116.143 19.7068 0.0630185 1.24668 116.27 19.725 0.059038
116.427 19.754 0.0630053 0.220211 116.27 19.725 0.059038
116.143 19.7068 0.0630185 1.24668 116.27 19.725 0.059038
116.143 19.7068 0.0630185 1.24668 116.27 19.725 0.059038
116.182 19.6958 0.0552891 0.403931 116.27 19.725 0.059038
116.206 19.6782 0.0551986 0.380039 116.27 19.725 0.059038
116.373 19.9321 0.0603485 0.323549 116.27 19.725 0.059038
116.101 19.6655 0.0619828 0.89137 116.27 19.725 0.059038
116.114 19.9123 0.0565554 0.378432 116.27 19.725 0.059038
116.376 19.9514 0.0584357 0.283721 116.27 19.725 0.059038
116.321 19.6302 0.058054 0.423774 116.27 19.725 0.059038
116.202 19.8009 0.0634663 1.30349 116.27 19.725 0.059038
116.25 19.9261 0.0603072 0.746405 116.27 19.725 0.059038
115.958 19.8689 0.0664229 0.287371 116.27 19.725 0.059038
116.044 19.9363 0.0568672 0.187837 116.27 19.725 0.059038
116.161 19.712 0.0627691 1.30216 116.27 19.725 0.059038
116.202 19.8009 0.0634663 1.30349 116.27 19.725 0.059038
116.161 19.712 0.0627691 1.30216 116.27 19.725 0.059038
116.177 19.7256 0.0632648 1.32357 116.27 19.725 0.059038
116.027 19.433 0.0665364 0.0333468 116.27 19.725 0.059038
116.143 19.7068 0.0630185 1.24668 116.27 19.725 0.059038
116.199 19.8165 0.0660356 0.816421 116.27 19.725 0.059038
116.088 19.9408 0.0648649 0.465505 116.27 19.725 0.059038
116.012 19.7797 0.0573847 0.270188 116.27 19.725 0.059038
116.199 19.8165 0.0660356 0.816421 116.27 19.725 0.059038
116.202 19.8009 0.0634663 1.30349 116.27 19.725 0.059038
116.06 19.6369 0.0667179 0.492827 116.27 19.725 0.059038
116.143 19.7068 0.0630185 1.24668 116.27 19.725 0.059038
116.177 19.7256 0.0632648 1.32357 116.27 19.725 0.059038
116.101 19.6655 0.0619828 0.89137 116.27 19.725 0.059038
116.206 19.6782 0.0551986 0.380039 116.27 19.725 0.059038
116.161 19.712 0.0627691 1.30216 116.27 19.725 0.059038
116.114 19.9123 0.0565554 0.378432 116.27 19.725 0.059038
116.143 19.7068 0.0630185 1.24668 116.27 19.725 0.059038
116.177 19.7256 0.0632648 1.32357 116.27 19.725 0.059038
116.073 19.4687 0.0570171 0.0247108 116.27 19.725 0.059038
116.122 19.9432 0.0684453 0.204528 116.27 19.725 0.059038
116.143 19.7068 0.0630185 1.24668 116.27 19.725 0.059038
116.175 19.6909 0.0583841 0.861237 116.27 19.725 0.059038
116.012 19.7797 0.0573847 0.270188 116.27 19.725 0.059038
115.975 19.6048 0.0711259 0.0907567 116.27 19.725 0.059038
116.143 19.7068 0.0630185 1.24668 116.27 19.725 0.059038
116.452 20.0383 0.0520799 0.0220797 116.27 19.725 0.059038
116.012 19.7797 0.0573847 0.270188 116.27 19.725 0.059038
116.427 19.754 0.0630053 0.220211 116.27 19.725 0.059038
116.05 19.9211 0.0595939 0.41559 116.27 19.725 0.059038
116.435 19.8308 0.0640453 0.139519 116.27 19.725 0.059038
116.202 19.8009 0.0634663 1.30349 116.27 19.725 0.059038
116.143 19.7068 0.0630185 1.24668 116.27 19.725 0.059038
116.411 19.8844 0.0642362 0.144899 116.27 19.725 0.059038
116.192 19.6695 0.0725819 0.0633388 116.27 19.725 0.059038
116.161 19.712 0.0627691 1.30216 116.27 19.725 0.059038
115.938 19.778 0.0623819 0.307984 116.27 19.725 0.059038
116.122 19.9432 0.0684453 0.204528 116.27 19.725 0.059038
116.384 19.9625 0.0586731 0.236902 116.27 19.725 0.059038
116.25 19.9261 0.0603072 0.746405 116.27 19.725 0.059038
116.117 19.6891 0.0598655 0.887114 116.27 19.725 0.059038
116.088 19.9408 0.0648649 0.465505 116.27 19.725 0.059038
116.25 19.9261 0.0603072 0.746405 116.27 19.725 0.059038
116.12 19.7907 0.0577743 0.79214 116.27 19.725 0.059038
116.161 19.712 0.0627691 1.30216 116.27 19.725 0.059038
116.373 19.9321 0.0603485 0.323549 116.27 19.725 0.059038
116.101 19.6655 0.0619828 0.89137 116.27 19.725 0.059038
116.117 19.6891 0.0598655 0.887114 116.27 19.725 0.059038
116.523 19.7895 0.0536224 0.061431 116.27 19.725 0.059038
116.175 19.6909 0.0583841 0.861237 116.27 19.725 0.059038
116.142 19.9711 0.0627718 0.481431 116.27 19.725 0.059038
116.489 19.8392 0.0561051 0.135032 116.27 19.725 0.059038
116.117 19.6891 0.0598655 0.887114 116.27 19.725 0.059038
116.177 19.7256 0.0632648 1.32357 116.27 19.725 0.059038
116.161 19.712 0.0627691 1.30216 116.27 19.725 0.059038
115.993 19.7828 0.0607573 0.487266 116.27 19.725 0.059038
116.284 19.5337 0.0645589 0.167047 116.27 19.725 0.059038
116.177 19.7256 0.0632648 1.32357 116.27 19.725 0.059038
116.199 19.8165 0.0660356 0.816421 116.27 19.725 0.059038
116.12 19.7907 0.0577743 0.79214 116.27 19.725 0.059038
116.125 20.0092 0.0670336 0.141217 116.27 19.725 0.059038
116.182 19.6958 0.0552891 0.403931 116.27 19.725 0.059038
116.202 19.8009 0.0634663 1.30349 116.27 19.725 0.059038
116.06 19.6369 0.0667179 0.492827 116.27 19.725 0.059038
116.114 19.9123 0.0565554 0.378432 116.27 19.725 0.059038
116.114 19.9123 0.0565554 0.378432 116.27 19.725 0.059038
116.435 19.8308 0.0640453 0.139519 116.27 19.725 0.059038
116.384 19.9625 0.0586731 0.236902 116.27 19.725 0.059038
116.143 19.7068 0.0630185 1.24668 116.27 19.725 0.059038
116.376 19.9514 0.0584357 0.283721 116.27 19.725 0.059038
