106.501 -25.0013 3.42993 2.49695 106.25 -24.999 3.4295
106.219 -25.0784 3.41486 1.57431 106.25 -24.999 3.4295
106.325 -25.1431 3.42721 2.53018 106.25 -24.999 3.4295
106.544 -25.231 3.43188 2.07041 106.25 -24.999 3.4295
106.211 -25.0396 3.42034 1.95498 106.25 -24.999 3.4295
106.461 -25.0469 3.42701 4.05919 106.25 -24.999 3.4295
106.211 -25.0396 3.42034 1.95498 106.25 -24.999 3.4295
106.065 -25.2932 3.40773 0.0509036 106.25 -24.999 3.4295
106.342 -24.8225 3.42066 1.24087 106.25 -24.999 3.4295
106.431 -25.0631 3.42625 4.26049 106.25 -24.999 3.4295
106.326 -25.034 3.41162 1.18108 106.25 -24.999 3.4295
106.482 -24.8616 3.42464 1.89129 106.25 -24.999 3.4295
106.325 -25.1431 3.42721 2.53018 106.25 -24.999 3.4295
106.39 -24.8105 3.41833 1.15349 106.25 -24.999 3.4295
106.455 -25.0408 3.41498 2.21122 106.25 -24.999 3.4295
106.431 -25.0631 3.42625 4.26049 106.25 -24.999 3.4295
106.431 -25.0631 3.42625 4.26049 106.25 -24.999 3.4295
106.483 -24.8776 3.41972 2.07279 106.25 -24.999 3.4295
106.294 -24.9977 3.42262 2.7631 106.25 -24.999 3.4295
106.211 -25.0396 3.42034 1.95498 106.25 -24.999 3.4295
106.482 -24.8616 3.42464 1.89129 106.25 -24.999 3.4295
106.455 -25.0408 3.41498 2.21122 106.25 -24.999 3.4295
106.741 -24.9841 3.43446 0.618733 106.25 -24.999 3.4295
106.442 -25.4681 3.42592 0.557611 106.25 -24.999 3.4295
106.377 -25.2854 3.43113 1.13114 106.25 -24.999 3.4295
106.342 -24.8225 3.42066 1.24087 106.25 -24.999 3.4295
106.326 -25.034 3.41162 1.18108 106.25 -24.999 3.4295
106.294 -24.9977 3.42262 2.7631 106.25 -24.999 3.4295
106.524 -25.0858 3.42577 4.78512 106.25 -24.999 3.4295
106.242 -25.1977 3.4186 1.96189 106.25 -24.999 3.4295
106.483 -24.8776 3.41972 2.07279 106.25 -24.999 3.4295
106.461 -25.0469 3.42701 4.05919 106.25 -24.999 3.4295
106.377 -25.2854 3.43113 1.13114 106.25 -24.999 3.4295
106.486 -24.7687 3.42398 0.798431 106.25 -24.999 3.4295
106.431 -25.0631 3.42625 4.26049 106.25 -24.999 3.4295
106.431 -25.0631 3.42625 4.26049 106.25 -24.999 3.4295
106.524 -25.0858 3.42577 4.78512 106.25 -24.999 3.4295
106.524 -25.0858 3.42577 4.78512 106.25 -24.999 3.4295
106.267 -25.1655 3.42857 1.27581 106.25 -24.999 3.4295
106.312 -24.9674 3.4154 2.03305 106.25 -24.999 3.4295
106.731 -25.5046 3.42601 0.147366 106.25 -24.999 3.4295
106.211 -25.0396 3.42034 1.95498 106.25 -24.999 3.4295
106.294 -24.9977 3.42262 2.7631 106.25 -24.999 3.4295
106.741 -24.9841 3.43446 0.618733 106.25 -24.999 3.4295
106.431 -25.0631 3.42625 4.26049 106.25 -24.999 3.4295
106.585 -25.0444 3.43425 1.27112 106.25 -24.999 3.4295
106.544 -25.231 3.43188 2.07041 106.25 -24.999 3.4295
106.185 -25.0039 3.42162 1.37575 106.25 -24.999 3.4295
106.054 -24.8884 3.41258 0.20659 106.25 -24.999 3.4295
106.294 -24.9977 3.42262 2.7631 106.25 -24.999 3.4295
106.377 -25.2854 3.43113 1.13114 106.25 -24.999 3.4295
106.185 -25.0039 3.42162 1.37575 106.25 -24.999 3.4295
106.524 -25.0858 3.42577 4.78512 106.25 -24.999 3.4295
106.695 -24.9252 3.42831 1.28248 106.25 -24.999 3.4295
106.431 -25.0631 3.42625 4.26049 106.25 -24.999 3.4295
106.524 -25.0858 3.42577 4.78512 106.25 -24.999 3.4295
106.51 -25.277 3.41657 1.2978 106.25 -24.999 3.4295
106.431 -25.0631 3.42625 4.26049 106.25 -24.999 3.4295
106.211 -25.0396 3.42034 1.95498 106.25 -24.999 3.4295
106.455 -25.0408 3.41498 2.21122 106.25 -24.999 3.4295
106.096 -25.0152 3.42934 0.126061 106.25 -24.999 3.4295
106.585 -25.0444 3.43425 1.27112 106.25 -24.999 3.4295
106.524 -25.0858 3.42577 4.78512 106.25 -24.999 3.4295
106.524 -25.0858 3.42577 4.78512 106.25 -24.999 3.4295
106.431 -25.0631 3.42625 4.26049 106.25 -24.999 3.4295
106.524 -25.0858 3.42577 4.78512 106.25 -24.999 3.4295
106.461 -25.0469 3.42701 4.05919 106.25 -24.999 3.4295
106.312 -24.9674 3.4154 2.03305 106.25 -24.999 3.4295
106.51 -25.277 3.41657 1.2978 106.25 -24.999 3.4295
106.585 -25.0444 3.43425 1.27112 106.25 -24.999 3.4295
106.069 -25.0821 3.41506 0.494529 106.25 -24.999 3.4295
106.461 -25.0469 3.42701 4.05919 106.25 -24.999 3.4295
106.267 -25.1655 3.42857 1.27581 106.25 -24.999 3.4295
106.114 -25.3132 3.42585 0.224158 106.25 -24.999 3.4295
106.482 -24.8616 3.42464 1.89129 106.25 -24.999 3.4295
106.461 -25.0469 3.42701 4.05919 106.25 -24.999 3.4295
106.211 -25.0396 3.42034 1.95498 106.25 -24.999 3.4295
106.294 -24.9977 3.42262 2.7631 106.25 -24.999 3.4295
106.524 -25.0858 3.42577 4.78512 106.25 -24.999 3.4295
106.294 -24.9977 3.42262 2.7631 106.25 -24.999 3.4295
106.187 -25.1509 3.43642 0.0466383 106.25 -24.999 3.4295
106.524 -25.0858 3.42577 4.78512 106.25 -24.999 3.4295
106.461 -25.0469 3.42701 4.05919 106.25 -24.999 3.4295
106.325 -25.1431 3.42721 2.53018 106.25 -24.999 3.4295
106.461 -25.0469 3.42701 4.05919 106.25 -24.999 3.4295
106.524 -25.0858 3.42577 4.78512 106.25 -24.999 3.4295
106.325 -25.1431 3.42721 2.53018 106.25 -24.999 3.4295
106.544 -25.231 3.43188 2.07041 106.25 -24.999 3.4295
106.312 -24.9674 3.4154 2.03305 106.25 -24.999 3.4295
106.455 -25.0408 3.41498 2.21122 106.25 -24.999 3.4295
106.312 -24.9674 3.4154 2.03305 106.25 -24.999 3.4295
106.524 -25.0858 3.42577 4.78512 106.25 -24.999 3.4295
106.461 -25.0469 3.42701 4.05919 106.25 -24.999 3.4295
106.325 -25.1431 3.42721 2.53018 106.25 -24.999 3.4295
106.08 -25.0168 3.4094 0.243477 106.25 -24.999 3.4295
106.431 -25.0631 3.42625 4.26049 106.25 -24.999 3.4295
106.461 -25.0469 3.42701 4.05919 106.25 -24.999 3.4295
106.501 -25.0013 3.42993 2.49695 106.25 -24.999 3.4295
106.482 -24.8616 3.42464 1.89129 106.25 -24.999 3.4295
106.483 -24.8776 3.41972 2.07279 106.25 -24.999 3.4295
106.29 -24.9527 3.42853 1.00146 106.25 -24.999 3.4295
106.483 -24.8776 3.41972 2.07279 106.25 -24.999 3.4295
106.49 -25.3017 3.43521 0.667689 106.25 -24.999 3.4295
106.501 -25.0013 3.42993 2.49695 106.25 -24.999 3.4295
106.325 -25.1431 3.42721 2.53018 106.25 -24.999 3.4295
106.29 -24.9527 3.42853 1.00146 106.25 -24.999 3.4295
106.312 -24.9674 3.4154 2.03305 106.25 -24.999 3.4295
106.431 -25.0631 3.42625 4.26049 106.25 -24.999 3.4295
106.121 -25.5022 3.42652 0.0341964 106.25 -24.999 3.4295
106.11 -24.9757 3.42381 0.442558 106.25 -24.999 3.4295
106.242 -25.1977 3.4186 1.96189 106.25 -24.999 3.4295
106.501 -25.0013 3.42993 2.49695 106.25 -24.999 3.4295
106.39 -24.8105 3.41833 1.15349 106.25 -24.999 3.4295
106.242 -25.1977 3.4186 1.96189 106.25 -24.999 3.4295
106.482 -24.8616 3.42464 1.89129 106.25 -24.999 3.4295
106.29 -24.9527 3.42853 1.00146 106.25 -24.999 3.4295
106.461 -25.0469 3.42701 4.05919 106.25 -24.999 3.4295
106.219 -25.0784 3.41486 1.57431 106.25 -24.999 3.4295
106.256 -25.3874 3.42888 0.351574 106.25 -24.999 3.4295
106.483 -24.8776 3.41972 2.07279 106.25 -24.999 3.4295
106.181 -25.0255 3.42869 0.465618 106.25 -24.999 3.4295
106.211 -25.0396 3.42034 1.95498 106.25 -24.999 3.4295
106.242 -25.1977 3.4186 1.96189 106.25 -24.999 3.4295
106.395 -25.3072 3.41608 1.18215 106.25 -24.999 3.4295
106.431 -25.0631 3.42625 4.26049 106.25 -24.999 3.4295
106.695 -24.9252 3.42831 1.28248 106.25 -24.999 3.4295
106.455 -25.0408 3.41498 2.21122 106.25 -24.999 3.4295
106.219 -25.0784 3.41486 1.57431 106.25 -24.999 3.4295
106.524 -25.0858 3.42577 4.78512 106.25 -24.999 3.4295
106.39 -24.8105 3.41833 1.15349 106.25 -24.999 3.4295
106.455 -25.0408 3.41498 2.21122 106.25 -24.999 3.4295
106.242 -25.1977 3.4186 1.96189 106.25 -24.999 3.4295
106.392 -25.0176 3.43431 0.616089 106.25 -24.999 3.4295
106.219 -25.0784 3.41486 1.57431 106.25 -24.999 3.4295
106.585 -25.0444 3.43425 1.27112 106.25 -24.999 3.4295
106.185 -25.0039 3.42162 1.37575 106.25 -24.999 3.4295
106.395 -25.3072 3.41608 1.18215 106.25 -24.999 3.4295
106.395 -25.3072 3.41608 1.18215 106.25 -24.999 3.4295
106.524 -25.0858 3.42577 4.78512 106.25 -24.999 3.4295
106.51 -25.277 3.41657 1.2978 106.25 -24.999 3.4295
106.431 -25.0631 3.42625 4.26049 106.25 -24.999 3.4295
106.395 -25.3072 3.41608 1.18215 106.25 -24.999 3.4295
106.501 -25.0013 3.42993 2.49695 106.25 -24.999 3.4295
106.461 -25.0469 3.42701 4.05919 106.25 -24.999 3.4295
106.295 -25.3929 3.41062 0.128444 106.25 -24.999 3.4295
106.247 -25.504 3.4228 0.15713 106.25 -24.999 3.4295
106.297 -24.7572 3.42769 0.224454 106.25 -24.999 3.4295
106.544 -25.231 3.43188 2.07041 106.25 -24.999 3.4295
106.47 -25.3478 3.4283 1.63694 106.25 -24.999 3.4295
106.325 -25.1431 3.42721 2.53018 106.25 -24.999 3.4295
106.392 -25.0176 3.43431 0.616089 106.25 -24.999 3.4295
106.219 -25.0784 3.41486 1.57431 106.25 -24.999 3.4295
106.51 -25.277 3.41657 1.2978 106.25 -24.999 3.4295
106.069 -25.0821 3.41506 0.494529 106.25 -24.999 3.4295
106.431 -25.0631 3.42625 4.26049 106.25 -24.999 3.4295
106.455 -25.0408 3.41498 2.21122 106.25 -24.999 3.4295
106.325 -25.1431 3.42721 2.53018 106.25 -24.999 3.4295
106.08 -25.0168 3.4094 0.243477 106.25 -24.999 3.4295
106.47 -25.3478 3.4283 1.63694 106.25 -24.999 3.4295
106.294 -24.9977 3.42262 2.7631 106.25 -24.999 3.4295
106.23 -24.9075 3.40637 0.173873 106.25 -24.999 3.4295
106.695 -24.9252 3.42831 1.28248 106.25 -24.999 3.4295
106.455 -25.0408 3.41498 2.21122 106.25 -24.999 3.4295
106.242 -25.1977 3.4186 1.96189 106.25 -24.999 3.4295
106.501 -25.0013 3.42993 2.49695 106.25 -24.999 3.4295
106.461 -25.0469 3.42701 4.05919 106.25 -24.999 3.4295
106.47 -25.3478 3.4283 1.63694 106.25 -24.999 3.4295
106.544 -25.231 3.43188 2.07041 106.25 -24.999 3.4295
106.695 -24.9252 3.42831 1.28248 106.25 -24.999 3.4295
106.321 -24.7613 3.41445 0.451178 106.25 -24.999 3.4295
106.431 -25.0631 3.42625 4.26049 106.25 -24.999 3.4295
106.326 -25.034 3.41162 1.18108 106.25 -24.999 3.4295
106.47 -25.3478 3.4283 1.63694 106.25 -24.999 3.4295
106.211 -25.0396 3.42034 1.95498 106.25 -24.999 3.4295
106.431 -25.0631 3.42625 4.26049 106.25 -24.999 3.4295
106.012 -25.1613 3.42398 0.14012 106.25 -24.999 3.4295
106.096 -25.0152 3.42934 0.126061 106.25 -24.999 3.4295
106.24 -24.7286 3.41186 0.175598 106.25 -24.999 3.4295
106.294 -24.9977 3.42262 2.7631 106.25 -24.999 3.4295
106.5 -24.8446 3.43079 0.725884 106.25 -24.999 3.4295
106.321 -24.7613 3.41445 0.451178 106.25 -24.999 3.4295
106.524 -25.0858 3.42577 4.78512 106.25 -24.999 3.4295
106.494 -24.9042 3.43547 0.347835 106.25 -24.999 3.4295
106.482 -24.8616 3.42464 1.89129 106.25 -24.999 3.4295
106.125 -25.393 3.42392 0.170268 106.25 -24.999 3.4295
106.39 -24.8105 3.41833 1.15349 106.25 -24.999 3.4295
106.523 -25.3709 3.44436 0.0168705 106.25 -24.999 3.4295
106.242 -25.1977 3.4186 1.96189 106.25 -24.999 3.4295
106.326 -25.034 3.41162 1.18108 106.25 -24.999 3.4295
106.51 -25.277 3.41657 1.2978 106.25 -24.999 3.4295
106.524 -25.0858 3.42577 4.78512 106.25 -24.999 3.4295
106.431 -25.0631 3.42625 4.26049 106.25 -24.999 3.4295
106.482 -24.8616 3.42464 1.89129 106.25 -24.999 3.4295
106.352 -24.7669 3.42416 0.600329 106.25 -24.999 3.4295
106.213 -25.0971 3.43706 0.047961 106.25 -24.999 3.4295
106.294 -24.9977 3.42262 2.7631 106.25 -24.999 3.4295
106.325 -25.1431 3.42721 2.53018 106.25 -24.999 3.4295
106.321 -24.7613 3.41445 0.451178 106.25 -24.999 3.4295
106.211 -25.0396 3.42034 1.95498 106.25 -24.999 3.4295
106.312 -24.9674 3.4154 2.03305 106.25 -24.999 3.4295
