271.192 -10.5663 3.98999 0.0880664 271.18 -10.474 3.9936
271.414 -10.6229 4.00105 0.156888 271.18 -10.474 3.9936
271.192 -10.5663 3.98999 0.0880664 271.18 -10.474 3.9936
271.391 -10.545 3.99541 0.0744197 271.18 -10.474 3.9936
271.523 -10.7476 4.00015 0.0211735 271.18 -10.474 3.9936
271.17 -10.4847 3.99902 0.0564558 271.18 -10.474 3.9936
271.391 -10.545 3.99541 0.0744197 271.18 -10.474 3.9936
271.414 -10.6229 4.00105 0.156888 271.18 -10.474 3.9936
271.631 -10.7324 4.00059 0.00472427 271.18 -10.474 3.9936
271.172 -10.8347 3.99782 0.00968624 271.18 -10.474 3.9936
271.366 -10.5291 4.00403 0.0818341 271.18 -10.474 3.9936
271.414 -10.6229 4.00105 0.156888 271.18 -10.474 3.9936
271.356 -10.4763 3.9947 0.0622475 271.18 -10.474 3.9936
271.628 -10.5278 4.00229 0.0202325 271.18 -10.474 3.9936
271.17 -10.4847 3.99902 0.0564558 271.18 -10.474 3.9936
271.172 -10.8347 3.99782 0.00968624 271.18 -10.474 3.9936
271.371 -10.6069 3.9942 0.0617731 271.18 -10.474 3.9936
271.278 -10.6178 3.99193 0.0746612 271.18 -10.474 3.9936
271.006 -10.4792 3.98769 0.0612371 271.18 -10.474 3.9936
271.173 -10.6982 3.9863 0.0102612 271.18 -10.474 3.9936
271.192 -10.5663 3.98999 0.0880664 271.18 -10.474 3.9936
271.391 -10.545 3.99541 0.0744197 271.18 -10.474 3.9936
271.116 -10.5175 3.99069 0.126073 271.18 -10.474 3.9936
271.264 -10.5571 4 0.142421 271.18 -10.474 3.9936
271.391 -10.545 3.99541 0.0744197 271.18 -10.474 3.9936
271.264 -10.5571 4 0.142421 271.18 -10.474 3.9936
271.391 -10.545 3.99541 0.0744197 271.18 -10.474 3.9936
270.894 -10.5046 3.98822 0.0323107 271.18 -10.474 3.9936
271.366 -10.5291 4.00403 0.0818341 271.18 -10.474 3.9936
271.583 -10.4127 4.00079 0.00979428 271.18 -10.474 3.9936
271.259 -10.7402 3.99098 0.0232451 271.18 -10.474 3.9936
271.536 -10.7605 3.99466 0.000922927 271.18 -10.474 3.9936
271.116 -10.5175 3.99069 0.126073 271.18 -10.474 3.9936
271.055 -10.4444 3.99292 0.0566602 271.18 -10.474 3.9936
271.332 -10.4531 4.00373 0.0399051 271.18 -10.474 3.9936
271.192 -10.5663 3.98999 0.0880664 271.18 -10.474 3.9936
271.387 -10.561 3.99904 0.170996 271.18 -10.474 3.9936
271.371 -10.6069 3.9942 0.0617731 271.18 -10.474 3.9936
271.116 -10.5175 3.99069 0.126073 271.18 -10.474 3.9936
271.006 -10.4792 3.98769 0.0612371 271.18 -10.474 3.9936
271.414 -10.6229 4.00105 0.156888 271.18 -10.474 3.9936
271.365 -10.7333 3.99524 0.038844 271.18 -10.474 3.9936
271.189 -10.4335 4.00026 0.0274076 271.18 -10.474 3.9936
271.318 -10.3329 4.00344 0.0065671 271.18 -10.474 3.9936
271.264 -10.5571 4 0.142421 271.18 -10.474 3.9936
271.387 -10.561 3.99904 0.170996 271.18 -10.474 3.9936
271.259 -10.7402 3.99098 0.0232451 271.18 -10.474 3.9936
271.006 -10.607 3.99764 0.00932906 271.18 -10.474 3.9936
271.116 -10.5175 3.99069 0.126073 271.18 -10.474 3.9936
271.278 -10.6178 3.99193 0.0746612 271.18 -10.474 3.9936
271.192 -10.5663 3.98999 0.0880664 271.18 -10.474 3.9936
271.371 -10.6069 3.9942 0.0617731 271.18 -10.474 3.9936
271.116 -10.5175 3.99069 0.126073 271.18 -10.474 3.9936
271.006 -10.4792 3.98769 0.0612371 271.18 -10.474 3.9936
271.332 -10.4531 4.00373 0.0399051 271.18 -10.474 3.9936
271.391 -10.545 3.99541 0.0744197 271.18 -10.474 3.9936
271.371 -10.6069 3.9942 0.0617731 271.18 -10.474 3.9936
271.264 -10.5571 4 0.142421 271.18 -10.474 3.9936
270.894 -10.5046 3.98822 0.0323107 271.18 -10.474 3.9936
271.414 -10.6229 4.00105 0.156888 271.18 -10.474 3.9936
271.628 -10.5278 4.00229 0.0202325 271.18 -10.474 3.9936
271.366 -10.5291 4.00403 0.0818341 271.18 -10.474 3.9936
271.391 -10.545 3.99541 0.0744197 271.18 -10.474 3.9936
271.116 -10.5175 3.99069 0.126073 271.18 -10.474 3.9936
271.391 -10.545 3.99541 0.0744197 271.18 -10.474 3.9936
271.092 -10.7413 3.99673 0.0241274 271.18 -10.474 3.9936
271.055 -10.4444 3.99292 0.0566602 271.18 -10.474 3.9936
271.055 -10.4444 3.99292 0.0566602 271.18 -10.474 3.9936
271.371 -10.6069 3.9942 0.0617731 271.18 -10.474 3.9936
271.17 -10.4847 3.99902 0.0564558 271.18 -10.474 3.9936
271.54 -10.294 3.99976 0.00169035 271.18 -10.474 3.9936
271.484 -10.6762 4.00421 0.0841129 271.18 -10.474 3.9936
271.414 -10.6229 4.00105 0.156888 271.18 -10.474 3.9936
271.365 -10.7333 3.99524 0.038844 271.18 -10.474 3.9936
271.414 -10.6229 4.00105 0.156888 271.18 -10.474 3.9936
271.484 -10.6762 4.00421 0.0841129 271.18 -10.474 3.9936
271.356 -10.4763 3.9947 0.0622475 271.18 -10.474 3.9936
271.278 -10.6178 3.99193 0.0746612 271.18 -10.474 3.9936
271.116 -10.5175 3.99069 0.126073 271.18 -10.474 3.9936
271.133 -10.4436 3.98314 0.00268601 271.18 -10.474 3.9936
271.006 -10.4792 3.98769 0.0612371 271.18 -10.474 3.9936
271.414 -10.6229 4.00105 0.156888 271.18 -10.474 3.9936
271.259 -10.7402 3.99098 0.0232451 271.18 -10.474 3.9936
271.116 -10.5175 3.99069 0.126073 271.18 -10.474 3.9936
271.356 -10.4763 3.9947 0.0622475 271.18 -10.474 3.9936
271.583 -10.4127 4.00079 0.00979428 271.18 -10.474 3.9936
271.391 -10.545 3.99541 0.0744197 271.18 -10.474 3.9936
271.17 -10.4847 3.99902 0.0564558 271.18 -10.474 3.9936
271.728 -10.6301 4.00745 0.0146705 271.18 -10.474 3.9936
271.278 -10.6178 3.99193 0.0746612 271.18 -10.474 3.9936
271.391 -10.545 3.99541 0.0744197 271.18 -10.474 3.9936
271.278 -10.3542 3.99023 0.00602129 271.18 -10.474 3.9936
271.246 -10.7328 4.00172 0.030479 271.18 -10.474 3.9936
271.192 -10.5663 3.98999 0.0880664 271.18 -10.474 3.9936
271.414 -10.6229 4.00105 0.156888 271.18 -10.474 3.9936
271.264 -10.5571 4 0.142421 271.18 -10.474 3.9936
271.484 -10.6762 4.00421 0.0841129 271.18 -10.474 3.9936
271.116 -10.5175 3.99069 0.126073 271.18 -10.474 3.9936
271.192 -10.5663 3.98999 0.0880664 271.18 -10.474 3.9936
271.318 -10.3329 4.00344 0.0065671 271.18 -10.474 3.9936
271.414 -10.6229 4.00105 0.156888 271.18 -10.474 3.9936
271.387 -10.561 3.99904 0.170996 271.18 -10.474 3.9936
271.414 -10.6229 4.00105 0.156888 271.18 -10.474 3.9936
271.366 -10.5291 4.00403 0.0818341 271.18 -10.474 3.9936
271.278 -10.6178 3.99193 0.0746612 271.18 -10.474 3.9936
271.371 -10.6069 3.9942 0.0617731 271.18 -10.474 3.9936
271.173 -10.6982 3.9863 0.0102612 271.18 -10.474 3.9936
271.264 -10.5571 4 0.142421 271.18 -10.474 3.9936
271.371 -10.6069 3.9942 0.0617731 271.18 -10.474 3.9936
271.429 -10.7295 4.007 0.0222247 271.18 -10.474 3.9936
271.589 -10.5847 4.00785 0.0543538 271.18 -10.474 3.9936
271.414 -10.5175 3.99382 0.0244061 271.18 -10.474 3.9936
271.371 -10.6069 3.9942 0.0617731 271.18 -10.474 3.9936
271.26 -10.4226 4.00375 0.0121507 271.18 -10.474 3.9936
271.728 -10.6301 4.00745 0.0146705 271.18 -10.474 3.9936
271.484 -10.6762 4.00421 0.0841129 271.18 -10.474 3.9936
271.055 -10.4444 3.99292 0.0566602 271.18 -10.474 3.9936
271.628 -10.5278 4.00229 0.0202325 271.18 -10.474 3.9936
271.356 -10.4763 3.9947 0.0622475 271.18 -10.474 3.9936
271.414 -10.5175 3.99382 0.0244061 271.18 -10.474 3.9936
271.365 -10.7333 3.99524 0.038844 271.18 -10.474 3.9936
271.055 -10.4444 3.99292 0.0566602 271.18 -10.474 3.9936
271.246 -10.7328 4.00172 0.030479 271.18 -10.474 3.9936
271.589 -10.5847 4.00785 0.0543538 271.18 -10.474 3.9936
271.192 -10.5663 3.98999 0.0880664 271.18 -10.474 3.9936
271.391 -10.545 3.99541 0.0744197 271.18 -10.474 3.9936
271.365 -10.7333 3.99524 0.038844 271.18 -10.474 3.9936
271.414 -10.6229 4.00105 0.156888 271.18 -10.474 3.9936
271.387 -10.561 3.99904 0.170996 271.18 -10.474 3.9936
271.259 -10.7402 3.99098 0.0232451 271.18 -10.474 3.9936
271.356 -10.4763 3.9947 0.0622475 271.18 -10.474 3.9936
271.387 -10.561 3.99904 0.170996 271.18 -10.474 3.9936
271.055 -10.4444 3.99292 0.0566602 271.18 -10.474 3.9936
270.894 -10.5046 3.98822 0.0323107 271.18 -10.474 3.9936
271.264 -10.5571 4 0.142421 271.18 -10.474 3.9936
271.366 -10.5291 4.00403 0.0818341 271.18 -10.474 3.9936
271.264 -10.5571 4 0.142421 271.18 -10.474 3.9936
271.371 -10.6069 3.9942 0.0617731 271.18 -10.474 3.9936
271.366 -10.5291 4.00403 0.0818341 271.18 -10.474 3.9936
271.116 -10.5175 3.99069 0.126073 271.18 -10.474 3.9936
271.17 -10.4847 3.99902 0.0564558 271.18 -10.474 3.9936
271.589 -10.5847 4.00785 0.0543538 271.18 -10.474 3.9936
271.589 -10.5847 4.00785 0.0543538 271.18 -10.474 3.9936
271.484 -10.6762 4.00421 0.0841129 271.18 -10.474 3.9936
271.189 -10.4335 4.00026 0.0274076 271.18 -10.474 3.9936
271.332 -10.4531 4.00373 0.0399051 271.18 -10.474 3.9936
271.116 -10.5175 3.99069 0.126073 271.18 -10.474 3.9936
271.589 -10.5847 4.00785 0.0543538 271.18 -10.474 3.9936
271.278 -10.6178 3.99193 0.0746612 271.18 -10.474 3.9936
271.201 -10.8184 3.99948 0.011258 271.18 -10.474 3.9936
271.055 -10.4444 3.99292 0.0566602 271.18 -10.474 3.9936
271.201 -10.8184 3.99948 0.011258 271.18 -10.474 3.9936
271.264 -10.5571 4 0.142421 271.18 -10.474 3.9936
271.387 -10.561 3.99904 0.170996 271.18 -10.474 3.9936
271.366 -10.5291 4.00403 0.0818341 271.18 -10.474 3.9936
271.189 -10.4335 4.00026 0.0274076 271.18 -10.474 3.9936
271.365 -10.7333 3.99524 0.038844 271.18 -10.474 3.9936
271.589 -10.5847 4.00785 0.0543538 271.18 -10.474 3.9936
271.387 -10.561 3.99904 0.170996 271.18 -10.474 3.9936
271.116 -10.5175 3.99069 0.126073 271.18 -10.474 3.9936
271.092 -10.7413 3.99673 0.0241274 271.18 -10.474 3.9936
271.387 -10.561 3.99904 0.170996 271.18 -10.474 3.9936
271.356 -10.4763 3.9947 0.0622475 271.18 -10.474 3.9936
271.192 -10.5663 3.98999 0.0880664 271.18 -10.474 3.9936
271.055 -10.4444 3.99292 0.0566602 271.18 -10.474 3.9936
271.116 -10.5175 3.99069 0.126073 271.18 -10.474 3.9936
271.278 -10.6178 3.99193 0.0746612 271.18 -10.474 3.9936
271.055 -10.4444 3.99292 0.0566602 271.18 -10.474 3.9936
271.414 -10.6229 4.00105 0.156888 271.18 -10.474 3.9936
271.484 -10.6762 4.00421 0.0841129 271.18 -10.474 3.9936
271.356 -10.4763 3.9947 0.0622475 271.18 -10.474 3.9936
271.192 -10.5663 3.98999 0.0880664 271.18 -10.474 3.9936
271.055 -10.4444 3.99292 0.0566602 271.18 -10.474 3.9936
271.264 -10.5571 4 0.142421 271.18 -10.474 3.9936
271.116 -10.5175 3.99069 0.126073 271.18 -10.474 3.9936
271.356 -10.4763 3.9947 0.0622475 271.18 -10.474 3.9936
271.246 -10.7328 4.00172 0.030479 271.18 -10.474 3.9936
271.259 -10.7402 3.99098 0.0232451 271.18 -10.474 3.9936
271.274 -10.8685 3.99645 0.00813545 271.18 -10.474 3.9936
271.387 -10.561 3.99904 0.170996 271.18 -10.474 3.9936
271.371 -10.6069 3.9942 0.0617731 271.18 -10.474 3.9936
271.533 -10.3783 3.99971 0.00922767 271.18 -10.474 3.9936
271.264 -10.5571 4 0.142421 271.18 -10.474 3.9936
271.484 -10.6762 4.00421 0.0841129 271.18 -10.474 3.9936
271.192 -10.5663 3.98999 0.0880664 271.18 -10.474 3.9936
271.189 -10.4335 4.00026 0.0274076 271.18 -10.474 3.9936
271.387 -10.561 3.99904 0.170996 271.18 -10.474 3.9936
271.484 -10.6762 4.00421 0.0841129 271.18 -10.474 3.9936
271.278 -10.6178 3.99193 0.0746612 271.18 -10.474 3.9936
271.366 -10.5291 4.00403 0.0818341 271.18 -10.474 3.9936
271.259 -10.7402 3.99098 0.0232451 271.18 -10.474 3.9936
271.533 -10.3783 3.99971 0.00922767 271.18 -10.474 3.9936
271.116 -10.5175 3.99069 0.126073 271.18 -10.474 3.9936
270.787 -10.5755 3.98585 0.0122299 271.18 -10.474 3.9936
271.259 -10.7402 3.99098 0.0232451 271.18 -10.474 3.9936
271.583 -10.4127 4.00079 0.00979428 271.18 -10.474 3.9936
271.26 -10.4226 4.00375 0.0121507 271.18 -10.474 3.9936
271.414 -10.6229 4.00105 0.156888 271.18 -10.474 3.9936
271.387 -10.561 3.99904 0.170996 271.18 -10.474 3.9936
271.484 -10.6762 4.00421 0.0841129 271.18 -10.474 3.9936
