-38.9201 -69.5432 1.89446 2.25882 -38.93 -69.422 1.8945
-39.0324 -69.4605 1.89434 1.58784 -38.93 -69.422 1.8945
-38.9201 -69.5432 1.89446 2.25882 -38.93 -69.422 1.8945
-38.9872 -69.3226 1.88789 2.39999 -38.93 -69.422 1.8945
-38.8309 -69.4636 1.89379 2.71665 -38.93 -69.422 1.8945
-38.8309 -69.4636 1.89379 2.71665 -38.93 -69.422 1.8945
-39.0105 -69.5073 1.88939 2.13288 -38.93 -69.422 1.8945
-38.8705 -69.3566 1.89579 1.42666 -38.93 -69.422 1.8945
-38.9203 -69.6762 1.90094 0.151265 -38.93 -69.422 1.8945
-38.9783 -69.4051 1.88592 1.59139 -38.93 -69.422 1.8945
-38.9872 -69.3226 1.88789 2.39999 -38.93 -69.422 1.8945
-38.6842 -69.5787 1.89141 0.358452 -38.93 -69.422 1.8945
-38.9872 -69.3226 1.88789 2.39999 -38.93 -69.422 1.8945
-38.9201 -69.5432 1.89446 2.25882 -38.93 -69.422 1.8945
-38.8778 -69.369 1.89026 2.93052 -38.93 -69.422 1.8945
-38.8705 -69.3566 1.89579 1.42666 -38.93 -69.422 1.8945
-38.8723 -69.4758 1.891 2.93062 -38.93 -69.422 1.8945
-38.8309 -69.4636 1.89379 2.71665 -38.93 -69.422 1.8945
-38.8309 -69.4636 1.89379 2.71665 -38.93 -69.422 1.8945
-38.9224 -69.3332 1.89105 2.85904 -38.93 -69.422 1.8945
-38.8778 -69.369 1.89026 2.93052 -38.93 -69.422 1.8945
-38.9021 -69.548 1.89341 2.43953 -38.93 -69.422 1.8945
-38.9201 -69.5432 1.89446 2.25882 -38.93 -69.422 1.8945
-38.8715 -69.1519 1.89277 0.313576 -38.93 -69.422 1.8945
-38.9201 -69.5432 1.89446 2.25882 -38.93 -69.422 1.8945
-38.8778 -69.369 1.89026 2.93052 -38.93 -69.422 1.8945
-38.8715 -69.1519 1.89277 0.313576 -38.93 -69.422 1.8945
-38.8778 -69.369 1.89026 2.93052 -38.93 -69.422 1.8945
-38.8479 -69.2078 1.88878 0.825117 -38.93 -69.422 1.8945
-38.8723 -69.4758 1.891 2.93062 -38.93 -69.422 1.8945
-38.9224 -69.3332 1.89105 2.85904 -38.93 -69.422 1.8945
-38.8723 -69.4758 1.891 2.93062 -38.93 -69.422 1.8945
-38.9872 -69.3226 1.88789 2.39999 -38.93 -69.422 1.8945
-38.9021 -69.548 1.89341 2.43953 -38.93 -69.422 1.8945
-38.8705 -69.3566 1.89579 1.42666 -38.93 -69.422 1.8945
-38.9872 -69.3226 1.88789 2.39999 -38.93 -69.422 1.8945
-38.8705 -69.3566 1.89579 1.42666 -38.93 -69.422 1.8945
-39.0324 -69.4605 1.89434 1.58784 -38.93 -69.422 1.8945
-38.8705 -69.3566 1.89579 1.42666 -38.93 -69.422 1.8945
-38.8309 -69.4636 1.89379 2.71665 -38.93 -69.422 1.8945
-38.8778 -69.369 1.89026 2.93052 -38.93 -69.422 1.8945
-38.9783 -69.4051 1.88592 1.59139 -38.93 -69.422 1.8945
-38.9714 -69.7355 1.89833 0.157715 -38.93 -69.422 1.8945
-38.8705 -69.3566 1.89579 1.42666 -38.93 -69.422 1.8945
-39.0105 -69.5073 1.88939 2.13288 -38.93 -69.422 1.8945
-38.9021 -69.548 1.89341 2.43953 -38.93 -69.422 1.8945
-39.0324 -69.4605 1.89434 1.58784 -38.93 -69.422 1.8945
-39.0105 -69.5073 1.88939 2.13288 -38.93 -69.422 1.8945
-38.9783 -69.4051 1.88592 1.59139 -38.93 -69.422 1.8945
-38.9783 -69.4051 1.88592 1.59139 -38.93 -69.422 1.8945
-38.9224 -69.3332 1.89105 2.85904 -38.93 -69.422 1.8945
-38.7202 -69.7164 1.89312 0.168795 -38.93 -69.422 1.8945
-38.8705 -69.3566 1.89579 1.42666 -38.93 -69.422 1.8945
-38.8309 -69.4636 1.89379 2.71665 -38.93 -69.422 1.8945
-38.9201 -69.5432 1.89446 2.25882 -38.93 -69.422 1.8945
-38.8705 -69.3566 1.89579 1.42666 -38.93 -69.422 1.8945
-38.6842 -69.5787 1.89141 0.358452 -38.93 -69.422 1.8945
-38.8723 -69.4758 1.891 2.93062 -38.93 -69.422 1.8945
-38.8723 -69.4758 1.891 2.93062 -38.93 -69.422 1.8945
-38.9021 -69.548 1.89341 2.43953 -38.93 -69.422 1.8945
-38.9783 -69.4051 1.88592 1.59139 -38.93 -69.422 1.8945
-39.0105 -69.5073 1.88939 2.13288 -38.93 -69.422 1.8945
-38.8778 -69.369 1.89026 2.93052 -38.93 -69.422 1.8945
-38.9201 -69.5432 1.89446 2.25882 -38.93 -69.422 1.8945
-38.8723 -69.4758 1.891 2.93062 -38.93 -69.422 1.8945
-38.9021 -69.548 1.89341 2.43953 -38.93 -69.422 1.8945
-39.0105 -69.5073 1.88939 2.13288 -38.93 -69.422 1.8945
-38.8715 -69.1519 1.89277 0.313576 -38.93 -69.422 1.8945
-38.8723 -69.4758 1.891 2.93062 -38.93 -69.422 1.8945
-38.8723 -69.4758 1.891 2.93062 -38.93 -69.422 1.8945
-38.8723 -69.4758 1.891 2.93062 -38.93 -69.422 1.8945
-38.8723 -69.4758 1.891 2.93062 -38.93 -69.422 1.8945
-38.8309 -69.4636 1.89379 2.71665 -38.93 -69.422 1.8945
-38.8723 -69.4758 1.891 2.93062 -38.93 -69.422 1.8945
-38.8309 -69.4636 1.89379 2.71665 -38.93 -69.422 1.8945
-38.9872 -69.3226 1.88789 2.39999 -38.93 -69.422 1.8945
-38.9021 -69.548 1.89341 2.43953 -38.93 -69.422 1.8945
-38.9201 -69.5432 1.89446 2.25882 -38.93 -69.422 1.8945
-39.0324 -69.4605 1.89434 1.58784 -38.93 -69.422 1.8945
-38.8778 -69.369 1.89026 2.93052 -38.93 -69.422 1.8945
-38.9583 -69.1531 1.8849 0.435635 -38.93 -69.422 1.8945
-38.8309 -69.4636 1.89379 2.71665 -38.93 -69.422 1.8945
-39.0324 -69.4605 1.89434 1.58784 -38.93 -69.422 1.8945
-38.9021 -69.548 1.89341 2.43953 -38.93 -69.422 1.8945
-38.9021 -69.548 1.89341 2.43953 -38.93 -69.422 1.8945
-38.9783 -69.4051 1.88592 1.59139 -38.93 -69.422 1.8945
-38.8778 -69.369 1.89026 2.93052 -38.93 -69.422 1.8945
-38.9021 -69.548 1.89341 2.43953 -38.93 -69.422 1.8945
-38.9783 -69.4051 1.88592 1.59139 -38.93 -69.422 1.8945
-39.154 -69.2949 1.88999 0.715983 -38.93 -69.422 1.8945
-38.9021 -69.548 1.89341 2.43953 -38.93 -69.422 1.8945
-38.8302 -69.4148 1.90101 0.215254 -38.93 -69.422 1.8945
-38.8479 -69.2078 1.88878 0.825117 -38.93 -69.422 1.8945
-38.8778 -69.369 1.89026 2.93052 -38.93 -69.422 1.8945
-38.8778 -69.369 1.89026 2.93052 -38.93 -69.422 1.8945
-38.8715 -69.1519 1.89277 0.313576 -38.93 -69.422 1.8945
-38.9872 -69.3226 1.88789 2.39999 -38.93 -69.422 1.8945
-38.8723 -69.4758 1.891 2.93062 -38.93 -69.422 1.8945
-38.9224 -69.3332 1.89105 2.85904 -38.93 -69.422 1.8945
-38.8723 -69.4758 1.891 2.93062 -38.93 -69.422 1.8945
-38.8778 -69.369 1.89026 2.93052 -38.93 -69.422 1.8945
-38.8705 -69.3566 1.89579 1.42666 -38.93 -69.422 1.8945
-38.6953 -69.3464 1.89227 0.724594 -38.93 -69.422 1.8945
-38.9201 -69.5432 1.89446 2.25882 -38.93 -69.422 1.8945
-39.0105 -69.5073 1.88939 2.13288 -38.93 -69.422 1.8945
-39.0105 -69.5073 1.88939 2.13288 -38.93 -69.422 1.8945
-38.9583 -69.1531 1.8849 0.435635 -38.93 -69.422 1.8945
-38.8778 -69.369 1.89026 2.93052 -38.93 -69.422 1.8945
-38.8479 -69.2078 1.88878 0.825117 -38.93 -69.422 1.8945
-38.9224 -69.3332 1.89105 2.85904 -38.93 -69.422 1.8945
-38.9224 -69.3332 1.89105 2.85904 -38.93 -69.422 1.8945
-38.7703 -69.3114 1.90644 0.000990625 -38.93 -69.422 1.8945
-39.0105 -69.5073 1.88939 2.13288 -38.93 -69.422 1.8945
-38.9201 -69.5432 1.89446 2.25882 -38.93 -69.422 1.8945
-38.9783 -69.4051 1.88592 1.59139 -38.93 -69.422 1.8945
-38.8723 -69.4758 1.891 2.93062 -38.93 -69.422 1.8945
-39.0105 -69.5073 1.88939 2.13288 -38.93 -69.422 1.8945
-38.9021 -69.548 1.89341 2.43953 -38.93 -69.422 1.8945
-39.0324 -69.4605 1.89434 1.58784 -38.93 -69.422 1.8945
-38.5452 -69.4837 1.8979 0.10718 -38.93 -69.422 1.8945
-38.8302 -69.4148 1.90101 0.215254 -38.93 -69.422 1.8945
-38.9021 -69.548 1.89341 2.43953 -38.93 -69.422 1.8945
-38.9783 -69.4051 1.88592 1.59139 -38.93 -69.422 1.8945
-38.9956 -69.7652 1.89314 0.154178 -38.93 -69.422 1.8945
-38.9201 -69.5432 1.89446 2.25882 -38.93 -69.422 1.8945
-38.7202 -69.7164 1.89312 0.168795 -38.93 -69.422 1.8945
-39.0105 -69.5073 1.88939 2.13288 -38.93 -69.422 1.8945
-38.8309 -69.4636 1.89379 2.71665 -38.93 -69.422 1.8945
-38.9783 -69.4051 1.88592 1.59139 -38.93 -69.422 1.8945
-38.9783 -69.4051 1.88592 1.59139 -38.93 -69.422 1.8945
-38.7202 -69.7164 1.89312 0.168795 -38.93 -69.422 1.8945
-38.8309 -69.4636 1.89379 2.71665 -38.93 -69.422 1.8945
-38.8723 -69.4758 1.891 2.93062 -38.93 -69.422 1.8945
-38.9872 -69.3226 1.88789 2.39999 -38.93 -69.422 1.8945
-38.9783 -69.4051 1.88592 1.59139 -38.93 -69.422 1.8945
-38.8778 -69.369 1.89026 2.93052 -38.93 -69.422 1.8945
-38.8778 -69.369 1.89026 2.93052 -38.93 -69.422 1.8945
-38.8144 -69.1558 1.88743 0.30321 -38.93 -69.422 1.8945
-38.9783 -69.4051 1.88592 1.59139 -38.93 -69.422 1.8945
-38.6216 -69.4984 1.89221 0.279175 -38.93 -69.422 1.8945
-38.8705 -69.3566 1.89579 1.42666 -38.93 -69.422 1.8945
-39.0324 -69.4605 1.89434 1.58784 -38.93 -69.422 1.8945
-39.0195 -69.5287 1.89756 0.576085 -38.93 -69.422 1.8945
-38.7053 -69.3649 1.90219 0.0573172 -38.93 -69.422 1.8945
-38.8723 -69.4758 1.891 2.93062 -38.93 -69.422 1.8945
-38.9956 -69.7652 1.89314 0.154178 -38.93 -69.422 1.8945
-38.9224 -69.3332 1.89105 2.85904 -38.93 -69.422 1.8945
-38.8778 -69.369 1.89026 2.93052 -38.93 -69.422 1.8945
-38.9201 -69.5432 1.89446 2.25882 -38.93 -69.422 1.8945
-38.8778 -69.369 1.89026 2.93052 -38.93 -69.422 1.8945
-38.5919 -69.5311 1.8948 0.22805 -38.93 -69.422 1.8945
-39.0324 -69.4605 1.89434 1.58784 -38.93 -69.422 1.8945
-39.0105 -69.5073 1.88939 2.13288 -38.93 -69.422 1.8945
-38.9021 -69.548 1.89341 2.43953 -38.93 -69.422 1.8945
-38.9872 -69.3226 1.88789 2.39999 -38.93 -69.422 1.8945
-38.8705 -69.3566 1.89579 1.42666 -38.93 -69.422 1.8945
-38.8309 -69.4636 1.89379 2.71665 -38.93 -69.422 1.8945
-38.9783 -69.4051 1.88592 1.59139 -38.93 -69.422 1.8945
-38.8185 -69.2664 1.89294 1.11707 -38.93 -69.422 1.8945
-38.7202 -69.7164 1.89312 0.168795 -38.93 -69.422 1.8945
-38.9872 -69.3226 1.88789 2.39999 -38.93 -69.422 1.8945
-38.8309 -69.4636 1.89379 2.71665 -38.93 -69.422 1.8945
-38.8309 -69.4636 1.89379 2.71665 -38.93 -69.422 1.8945
-38.8723 -69.4758 1.891 2.93062 -38.93 -69.422 1.8945
-38.9872 -69.3226 1.88789 2.39999 -38.93 -69.422 1.8945
-39.0105 -69.5073 1.88939 2.13288 -38.93 -69.422 1.8945
-38.8705 -69.3566 1.89579 1.42666 -38.93 -69.422 1.8945
-38.9201 -69.5432 1.89446 2.25882 -38.93 -69.422 1.8945
-38.8185 -69.2664 1.89294 1.11707 -38.93 -69.422 1.8945
-38.9783 -69.4051 1.88592 1.59139 -38.93 -69.422 1.8945
-39.0699 -69.5167 1.89795 0.278041 -38.93 -69.422 1.8945
-38.9021 -69.548 1.89341 2.43953 -38.93 -69.422 1.8945
-38.9872 -69.3226 1.88789 2.39999 -38.93 -69.422 1.8945
-39.0195 -69.5287 1.89756 0.576085 -38.93 -69.422 1.8945
-38.9201 -69.5432 1.89446 2.25882 -38.93 -69.422 1.8945
-38.8778 -69.369 1.89026 2.93052 -38.93 -69.422 1.8945
-38.9224 -69.3332 1.89105 2.85904 -38.93 -69.422 1.8945
-39.154 -69.2949 1.88999 0.715983 -38.93 -69.422 1.8945
-38.8309 -69.4636 1.89379 2.71665 -38.93 -69.422 1.8945
-38.8723 -69.4758 1.891 2.93062 -38.93 -69.422 1.8945
-38.8723 -69.4758 1.891 2.93062 -38.93 -69.422 1.8945
-39.0324 -69.4605 1.89434 1.58784 -38.93 -69.422 1.8945
-38.8479 -69.2078 1.88878 0.825117 -38.93 -69.422 1.8945
-38.9956 -69.7652 1.89314 0.154178 -38.93 -69.422 1.8945
-38.8723 -69.4758 1.891 2.93062 -38.93 -69.422 1.8945
-38.9021 -69.548 1.89341 2.43953 -38.93 -69.422 1.8945
-38.9615 -69.7306 1.89588 0.295467 -38.93 -69.422 1.8945
-39.0105 -69.5073 1.88939 2.13288 -38.93 -69.422 1.8945
-38.8723 -69.4758 1.891 2.93062 -38.93 -69.422 1.8945
-38.8309 -69.4636 1.89379 2.71665 -38.93 -69.422 1.8945
-38.8312 -69.8687 1.90013 0.0233336 -38.93 -69.422 1.8945
-39.0324 -69.4605 1.89434 1.58784 -38.93 -69.422 1.8945
-39.0105 -69.5073 1.88939 2.13288 -38.93 -69.422 1.8945
-38.8723 -69.4758 1.891 2.93062 -38.93 -69.422 1.8945
-38.8309 -69.4636 1.89379 2.71665 -38.93 -69.422 1.8945
-39.0105 -69.5073 1.88939 2.13288 -38.93 -69.422 1.8945
-38.9021 -69.548 1.89341 2.43953 -38.93 -69.422 1.8945
-38.7202 -69.7164 1.89312 0.168795 -38.93 -69.422 1.8945
-38.9201 -69.5432 1.89446 2.25882 -38.93 -69.422 1.8945
-38.8778 -69.369 1.89026 2.93052 -38.93 -69.422 1.8945
