85.4869 16.724 0.0967169 1.35606 85.517 16.995 0.094777
85.2731 16.639 0.0983303 0.433627 85.517 16.995 0.094777
85.2622 16.8843 0.0942323 1.0053 85.517 16.995 0.094777
85.4727 16.6419 0.0823501 0.979758 85.517 16.995 0.094777
85.4242 16.964 0.0923141 0.952298 85.517 16.995 0.094777
85.4242 16.964 0.0923141 0.952298 85.517 16.995 0.094777
85.4032 16.598 0.0825804 0.898139 85.517 16.995 0.094777
85.3598 16.8905 0.0923324 2.05952 85.517 16.995 0.094777
85.3552 16.5918 0.0947113 1.75702 85.517 16.995 0.094777
85.5921 16.8904 0.0836252 0.297419 85.517 16.995 0.094777
85.3552 16.5918 0.0947113 1.75702 85.517 16.995 0.094777
85.5952 16.7814 0.10193 0.0317117 85.517 16.995 0.094777
85.5643 16.7048 0.0920348 2.73362 85.517 16.995 0.094777
85.59 16.8258 0.0881611 1.62174 85.517 16.995 0.094777
85.5789 16.6327 0.0956089 0.78424 85.517 16.995 0.094777
85.5643 16.7048 0.0920348 2.73362 85.517 16.995 0.094777
85.4913 16.7329 0.0941833 2.9511 85.517 16.995 0.094777
85.4852 16.8549 0.0892775 2.77846 85.517 16.995 0.094777
85.5754 16.8138 0.0849914 1.06695 85.517 16.995 0.094777
85.4913 16.7329 0.0941833 2.9511 85.517 16.995 0.094777
85.4242 16.964 0.0923141 0.952298 85.517 16.995 0.094777
85.3246 16.5892 0.0898672 2.91757 85.517 16.995 0.094777
85.5011 16.8949 0.100156 0.131489 85.517 16.995 0.094777
85.3246 16.5892 0.0898672 2.91757 85.517 16.995 0.094777
85.4242 16.964 0.0923141 0.952298 85.517 16.995 0.094777
85.6521 16.82 0.099877 0.0496064 85.517 16.995 0.094777
85.3246 16.5892 0.0898672 2.91757 85.517 16.995 0.094777
85.4242 16.964 0.0923141 0.952298 85.517 16.995 0.094777
85.2622 16.8843 0.0942323 1.0053 85.517 16.995 0.094777
85.4852 16.8549 0.0892775 2.77846 85.517 16.995 0.094777
85.5805 16.8447 0.0797304 0.0785491 85.517 16.995 0.094777
85.5643 16.7048 0.0920348 2.73362 85.517 16.995 0.094777
85.2622 16.8843 0.0942323 1.0053 85.517 16.995 0.094777
85.5643 16.7048 0.0920348 2.73362 85.517 16.995 0.094777
85.4913 16.7329 0.0941833 2.9511 85.517 16.995 0.094777
85.5011 16.8949 0.100156 0.131489 85.517 16.995 0.094777
85.4913 16.7329 0.0941833 2.9511 85.517 16.995 0.094777
85.4165 16.9251 0.0963382 0.703788 85.517 16.995 0.094777
85.4913 16.7329 0.0941833 2.9511 85.517 16.995 0.094777
85.4913 16.7329 0.0941833 2.9511 85.517 16.995 0.094777
85.5643 16.7048 0.0920348 2.73362 85.517 16.995 0.094777
85.4913 16.7329 0.0941833 2.9511 85.517 16.995 0.094777
85.4869 16.724 0.0967169 1.35606 85.517 16.995 0.094777
85.4913 16.7329 0.0941833 2.9511 85.517 16.995 0.094777
85.4913 16.7329 0.0941833 2.9511 85.517 16.995 0.094777
85.3552 16.5918 0.0947113 1.75702 85.517 16.995 0.094777
85.5643 16.7048 0.0920348 2.73362 85.517 16.995 0.094777
85.59 16.8258 0.0881611 1.62174 85.517 16.995 0.094777
85.59 16.8258 0.0881611 1.62174 85.517 16.995 0.094777
85.3598 16.8905 0.0923324 2.05952 85.517 16.995 0.094777
85.3246 16.5892 0.0898672 2.91757 85.517 16.995 0.094777
85.3246 16.5892 0.0898672 2.91757 85.517 16.995 0.094777
85.3598 16.8905 0.0923324 2.05952 85.517 16.995 0.094777
85.4852 16.8549 0.0892775 2.77846 85.517 16.995 0.094777
85.4852 16.8549 0.0892775 2.77846 85.517 16.995 0.094777
85.4852 16.8549 0.0892775 2.77846 85.517 16.995 0.094777
85.4852 16.8549 0.0892775 2.77846 85.517 16.995 0.094777
85.3246 16.5892 0.0898672 2.91757 85.517 16.995 0.094777
85.4869 16.724 0.0967169 1.35606 85.517 16.995 0.094777
85.59 16.8258 0.0881611 1.62174 85.517 16.995 0.094777
85.3246 16.5892 0.0898672 2.91757 85.517 16.995 0.094777
85.4869 16.724 0.0967169 1.35606 85.517 16.995 0.094777
85.59 16.8258 0.0881611 1.62174 85.517 16.995 0.094777
85.4869 16.724 0.0967169 1.35606 85.517 16.995 0.094777
85.4727 16.6419 0.0823501 0.979758 85.517 16.995 0.094777
85.4717 16.8173 0.0814203 0.397877 85.517 16.995 0.094777
85.4852 16.8549 0.0892775 2.77846 85.517 16.995 0.094777
85.4869 16.724 0.0967169 1.35606 85.517 16.995 0.094777
85.4913 16.7329 0.0941833 2.9511 85.517 16.995 0.094777
85.3598 16.8905 0.0923324 2.05952 85.517 16.995 0.094777
85.4852 16.8549 0.0892775 2.77846 85.517 16.995 0.094777
85.3552 16.5918 0.0947113 1.75702 85.517 16.995 0.094777
85.4852 16.8549 0.0892775 2.77846 85.517 16.995 0.094777
85.3246 16.5892 0.0898672 2.91757 85.517 16.995 0.094777
85.3598 16.8905 0.0923324 2.05952 85.517 16.995 0.094777
85.4727 16.6419 0.0823501 0.979758 85.517 16.995 0.094777
85.4032 16.598 0.0825804 0.898139 85.517 16.995 0.094777
85.3598 16.8905 0.0923324 2.05952 85.517 16.995 0.094777
85.2731 16.639 0.0983303 0.433627 85.517 16.995 0.094777
85.4032 16.598 0.0825804 0.898139 85.517 16.995 0.094777
85.5921 16.8904 0.0836252 0.297419 85.517 16.995 0.094777
85.4727 16.6419 0.0823501 0.979758 85.517 16.995 0.094777
85.4913 16.7329 0.0941833 2.9511 85.517 16.995 0.094777
85.4032 16.598 0.0825804 0.898139 85.517 16.995 0.094777
85.3552 16.5918 0.0947113 1.75702 85.517 16.995 0.094777
85.3552 16.5918 0.0947113 1.75702 85.517 16.995 0.094777
85.3246 16.5892 0.0898672 2.91757 85.517 16.995 0.094777
85.4913 16.7329 0.0941833 2.9511 85.517 16.995 0.094777
85.3598 16.8905 0.0923324 2.05952 85.517 16.995 0.094777
85.4913 16.7329 0.0941833 2.9511 85.517 16.995 0.094777
85.4913 16.7329 0.0941833 2.9511 85.517 16.995 0.094777
85.5754 16.8138 0.0849914 1.06695 85.517 16.995 0.094777
85.4022 17.032 0.0895186 0.31263 85.517 16.995 0.094777
85.4913 16.7329 0.0941833 2.9511 85.517 16.995 0.094777
85.4242 16.964 0.0923141 0.952298 85.517 16.995 0.094777
85.5643 16.7048 0.0920348 2.73362 85.517 16.995 0.094777
85.4032 16.598 0.0825804 0.898139 85.517 16.995 0.094777
85.5789 16.6327 0.0956089 0.78424 85.517 16.995 0.094777
85.59 16.8258 0.0881611 1.62174 85.517 16.995 0.094777
85.5754 16.8138 0.0849914 1.06695 85.517 16.995 0.094777
85.5643 16.7048 0.0920348 2.73362 85.517 16.995 0.094777
85.2787 16.8672 0.0818671 0.147431 85.517 16.995 0.094777
85.5213 16.9213 0.0975167 0.317643 85.517 16.995 0.094777
85.5643 16.7048 0.0920348 2.73362 85.517 16.995 0.094777
85.4869 16.724 0.0967169 1.35606 85.517 16.995 0.094777
85.4852 16.8549 0.0892775 2.77846 85.517 16.995 0.094777
85.4913 16.7329 0.0941833 2.9511 85.517 16.995 0.094777
85.5722 16.7957 0.0814746 0.31563 85.517 16.995 0.094777
85.3246 16.5892 0.0898672 2.91757 85.517 16.995 0.094777
85.4913 16.7329 0.0941833 2.9511 85.517 16.995 0.094777
85.5789 16.6327 0.0956089 0.78424 85.517 16.995 0.094777
85.4913 16.7329 0.0941833 2.9511 85.517 16.995 0.094777
85.6198 16.6349 0.0977456 0.20318 85.517 16.995 0.094777
85.4913 16.7329 0.0941833 2.9511 85.517 16.995 0.094777
85.3552 16.5918 0.0947113 1.75702 85.517 16.995 0.094777
85.4913 16.7329 0.0941833 2.9511 85.517 16.995 0.094777
85.4022 17.032 0.0895186 0.31263 85.517 16.995 0.094777
85.4717 16.8173 0.0814203 0.397877 85.517 16.995 0.094777
85.5789 16.6327 0.0956089 0.78424 85.517 16.995 0.094777
85.4852 16.8549 0.0892775 2.77846 85.517 16.995 0.094777
85.3246 16.5892 0.0898672 2.91757 85.517 16.995 0.094777
85.59 16.8258 0.0881611 1.62174 85.517 16.995 0.094777
85.3246 16.5892 0.0898672 2.91757 85.517 16.995 0.094777
85.3552 16.5918 0.0947113 1.75702 85.517 16.995 0.094777
85.3552 16.5918 0.0947113 1.75702 85.517 16.995 0.094777
85.3246 16.5892 0.0898672 2.91757 85.517 16.995 0.094777
85.3246 16.5892 0.0898672 2.91757 85.517 16.995 0.094777
85.3246 16.5892 0.0898672 2.91757 85.517 16.995 0.094777
85.5754 16.8138 0.0849914 1.06695 85.517 16.995 0.094777
85.4913 16.7329 0.0941833 2.9511 85.517 16.995 0.094777
85.5643 16.7048 0.0920348 2.73362 85.517 16.995 0.094777
85.5213 16.9213 0.0975167 0.317643 85.517 16.995 0.094777
85.4852 16.8549 0.0892775 2.77846 85.517 16.995 0.094777
85.3598 16.8905 0.0923324 2.05952 85.517 16.995 0.094777
85.2622 16.8843 0.0942323 1.0053 85.517 16.995 0.094777
85.1313 16.5544 0.0938415 0.205666 85.517 16.995 0.094777
85.4852 16.8549 0.0892775 2.77846 85.517 16.995 0.094777
85.3598 16.8905 0.0923324 2.05952 85.517 16.995 0.094777
85.4913 16.7329 0.0941833 2.9511 85.517 16.995 0.094777
85.4032 16.598 0.0825804 0.898139 85.517 16.995 0.094777
85.3246 16.5892 0.0898672 2.91757 85.517 16.995 0.094777
85.4727 16.6419 0.0823501 0.979758 85.517 16.995 0.094777
85.4948 16.9744 0.0918031 0.712721 85.517 16.995 0.094777
85.4852 16.8549 0.0892775 2.77846 85.517 16.995 0.094777
85.3246 16.5892 0.0898672 2.91757 85.517 16.995 0.094777
85.4852 16.8549 0.0892775 2.77846 85.517 16.995 0.094777
85.5157 16.7997 0.0802521 0.216488 85.517 16.995 0.094777
85.2622 16.8843 0.0942323 1.0053 85.517 16.995 0.094777
85.4165 16.9251 0.0963382 0.703788 85.517 16.995 0.094777
85.5643 16.7048 0.0920348 2.73362 85.517 16.995 0.094777
85.59 16.8258 0.0881611 1.62174 85.517 16.995 0.094777
85.4165 16.9251 0.0963382 0.703788 85.517 16.995 0.094777
85.4717 16.8173 0.0814203 0.397877 85.517 16.995 0.094777
85.59 16.8258 0.0881611 1.62174 85.517 16.995 0.094777
85.3246 16.5892 0.0898672 2.91757 85.517 16.995 0.094777
85.1313 16.5544 0.0938415 0.205666 85.517 16.995 0.094777
85.4727 16.6419 0.0823501 0.979758 85.517 16.995 0.094777
85.5643 16.7048 0.0920348 2.73362 85.517 16.995 0.094777
85.3598 16.8905 0.0923324 2.05952 85.517 16.995 0.094777
85.3246 16.5892 0.0898672 2.91757 85.517 16.995 0.094777
85.5643 16.7048 0.0920348 2.73362 85.517 16.995 0.094777
85.5213 16.9213 0.0975167 0.317643 85.517 16.995 0.094777
85.4032 16.598 0.0825804 0.898139 85.517 16.995 0.094777
85.3598 16.8905 0.0923324 2.05952 85.517 16.995 0.094777
85.4869 16.724 0.0967169 1.35606 85.517 16.995 0.094777
85.5643 16.7048 0.0920348 2.73362 85.517 16.995 0.094777
85.59 16.8258 0.0881611 1.62174 85.517 16.995 0.094777
85.4913 16.7329 0.0941833 2.9511 85.517 16.995 0.094777
85.5643 16.7048 0.0920348 2.73362 85.517 16.995 0.094777
85.3246 16.5892 0.0898672 2.91757 85.517 16.995 0.094777
85.59 16.8258 0.0881611 1.62174 85.517 16.995 0.094777
85.4913 16.7329 0.0941833 2.9511 85.517 16.995 0.094777
85.3485 16.4372 0.084556 0.317878 85.517 16.995 0.094777
85.4869 16.724 0.0967169 1.35606 85.517 16.995 0.094777
85.3246 16.5892 0.0898672 2.91757 85.517 16.995 0.094777
85.4242 16.964 0.0923141 0.952298 85.517 16.995 0.094777
85.3246 16.5892 0.0898672 2.91757 85.517 16.995 0.094777
85.4913 16.7329 0.0941833 2.9511 85.517 16.995 0.094777
85.4852 16.8549 0.0892775 2.77846 85.517 16.995 0.094777
85.3246 16.5892 0.0898672 2.91757 85.517 16.995 0.094777
85.4913 16.7329 0.0941833 2.9511 85.517 16.995 0.094777
85.5754 16.8138 0.0849914 1.06695 85.517 16.995 0.094777
85.5754 16.8138 0.0849914 1.06695 85.517 16.995 0.094777
85.4948 16.9744 0.0918031 0.712721 85.517 16.995 0.094777
85.4913 16.7329 0.0941833 2.9511 85.517 16.995 0.094777
85.5643 16.7048 0.0920348 2.73362 85.517 16.995 0.094777
85.2622 16.8843 0.0942323 1.0053 85.517 16.995 0.094777
85.5245 16.9586 0.0997365 0.0743665 85.517 16.995 0.094777
85.3552 16.5918 0.0947113 1.75702 85.517 16.995 0.094777
85.3751 17.0259 0.100552 0.032861 85.517 16.995 0.094777
85.5263 16.4003 0.0820274 0.0838382 85.517 16.995 0.094777
85.59 16.8258 0.0881611 1.62174 85.517 16.995 0.094777
85.3485 16.4372 0.084556 0.317878 85.517 16.995 0.094777
85.3598 16.8905 0.0923324 2.05952 85.517 16.995 0.094777
85.4869 16.724 0.0967169 1.35606 85.517 16.995 0.094777
85.5643 16.7048 0.0920348 2.73362 85.517 16.995 0.094777
85.4913 16.7329 0.0941833 2.9511 85.517 16.995 0.094777
85.3246 16.5892 0.0898672 2.91757 85.517 16.995 0.094777
85.3598 16.8905 0.0923324 2.05952 85.517 16.995 0.094777
85.5643 16.7048 0.0920348 2.73362 85.517 16.995 0.094777
