170.589 -10.6841 3.23075 0.286053 170.74 -10.538 3.2324
170.76 -10.4566 3.23756 0.544784 170.74 -10.538 3.2324
170.953 -10.6831 3.23725 1.38439 170.74 -10.538 3.2324
170.766 -10.7895 3.23637 1.04361 170.74 -10.538 3.2324
170.765 -10.6294 3.23423 1.99672 170.74 -10.538 3.2324
170.852 -10.5768 3.23962 1.75818 170.74 -10.538 3.2324
170.953 -10.6831 3.23725 1.38439 170.74 -10.538 3.2324
170.999 -10.6535 3.2427 0.726256 170.74 -10.538 3.2324
170.905 -10.5949 3.2348 1.22827 170.74 -10.538 3.2324
170.953 -10.6831 3.23725 1.38439 170.74 -10.538 3.2324
170.765 -10.6294 3.23423 1.99672 170.74 -10.538 3.2324
170.852 -10.5768 3.23962 1.75818 170.74 -10.538 3.2324
170.765 -10.6294 3.23423 1.99672 170.74 -10.538 3.2324
170.68 -10.8471 3.23545 0.264185 170.74 -10.538 3.2324
170.76 -10.4566 3.23756 0.544784 170.74 -10.538 3.2324
171.083 -10.8616 3.23669 0.0274276 170.74 -10.538 3.2324
170.999 -10.6535 3.2427 0.726256 170.74 -10.538 3.2324
170.716 -10.5022 3.23191 0.55722 170.74 -10.538 3.2324
170.977 -10.5906 3.23367 0.314629 170.74 -10.538 3.2324
170.852 -10.5768 3.23962 1.75818 170.74 -10.538 3.2324
170.999 -10.6535 3.2427 0.726256 170.74 -10.538 3.2324
170.765 -10.6294 3.23423 1.99672 170.74 -10.538 3.2324
170.953 -10.6831 3.23725 1.38439 170.74 -10.538 3.2324
170.716 -10.5022 3.23191 0.55722 170.74 -10.538 3.2324
170.852 -10.5768 3.23962 1.75818 170.74 -10.538 3.2324
170.953 -10.6831 3.23725 1.38439 170.74 -10.538 3.2324
170.852 -10.5768 3.23962 1.75818 170.74 -10.538 3.2324
170.953 -10.6831 3.23725 1.38439 170.74 -10.538 3.2324
170.765 -10.6294 3.23423 1.99672 170.74 -10.538 3.2324
170.852 -10.5768 3.23962 1.75818 170.74 -10.538 3.2324
170.977 -10.5906 3.23367 0.314629 170.74 -10.538 3.2324
170.838 -10.9301 3.23835 0.11821 170.74 -10.538 3.2324
170.953 -10.6831 3.23725 1.38439 170.74 -10.538 3.2324
170.953 -10.6831 3.23725 1.38439 170.74 -10.538 3.2324
170.953 -10.6831 3.23725 1.38439 170.74 -10.538 3.2324
170.999 -10.6535 3.2427 0.726256 170.74 -10.538 3.2324
170.73 -10.8226 3.23924 0.392579 170.74 -10.538 3.2324
170.852 -10.5768 3.23962 1.75818 170.74 -10.538 3.2324
170.765 -10.6294 3.23423 1.99672 170.74 -10.538 3.2324
170.766 -10.7895 3.23637 1.04361 170.74 -10.538 3.2324
170.953 -10.6831 3.23725 1.38439 170.74 -10.538 3.2324
170.953 -10.6831 3.23725 1.38439 170.74 -10.538 3.2324
170.632 -10.8812 3.23939 0.0381517 170.74 -10.538 3.2324
170.905 -10.5949 3.2348 1.22827 170.74 -10.538 3.2324
170.905 -10.5949 3.2348 1.22827 170.74 -10.538 3.2324
170.765 -10.6294 3.23423 1.99672 170.74 -10.538 3.2324
170.599 -10.5731 3.23262 0.46761 170.74 -10.538 3.2324
170.852 -10.5768 3.23962 1.75818 170.74 -10.538 3.2324
170.766 -10.7895 3.23637 1.04361 170.74 -10.538 3.2324
170.765 -10.6294 3.23423 1.99672 170.74 -10.538 3.2324
170.852 -10.5768 3.23962 1.75818 170.74 -10.538 3.2324
170.716 -10.5022 3.23191 0.55722 170.74 -10.538 3.2324
170.905 -10.5949 3.2348 1.22827 170.74 -10.538 3.2324
170.765 -10.6294 3.23423 1.99672 170.74 -10.538 3.2324
170.953 -10.6831 3.23725 1.38439 170.74 -10.538 3.2324
170.953 -10.6831 3.23725 1.38439 170.74 -10.538 3.2324
170.83 -10.6044 3.23026 0.316854 170.74 -10.538 3.2324
170.852 -10.5768 3.23962 1.75818 170.74 -10.538 3.2324
170.68 -10.8471 3.23545 0.264185 170.74 -10.538 3.2324
170.852 -10.5768 3.23962 1.75818 170.74 -10.538 3.2324
170.49 -10.6365 3.22964 0.0629774 170.74 -10.538 3.2324
170.838 -10.9301 3.23835 0.11821 170.74 -10.538 3.2324
170.599 -10.5731 3.23262 0.46761 170.74 -10.538 3.2324
170.949 -10.595 3.23287 0.331679 170.74 -10.538 3.2324
170.999 -10.6535 3.2427 0.726256 170.74 -10.538 3.2324
170.68 -10.8471 3.23545 0.264185 170.74 -10.538 3.2324
170.765 -10.6294 3.23423 1.99672 170.74 -10.538 3.2324
170.76 -10.4566 3.23756 0.544784 170.74 -10.538 3.2324
170.953 -10.6831 3.23725 1.38439 170.74 -10.538 3.2324
170.852 -10.5768 3.23962 1.75818 170.74 -10.538 3.2324
170.765 -10.6294 3.23423 1.99672 170.74 -10.538 3.2324
170.765 -10.6294 3.23423 1.99672 170.74 -10.538 3.2324
170.599 -10.5731 3.23262 0.46761 170.74 -10.538 3.2324
170.852 -10.5768 3.23962 1.75818 170.74 -10.538 3.2324
170.949 -10.595 3.23287 0.331679 170.74 -10.538 3.2324
170.765 -10.6294 3.23423 1.99672 170.74 -10.538 3.2324
170.999 -10.6535 3.2427 0.726256 170.74 -10.538 3.2324
170.977 -10.5906 3.23367 0.314629 170.74 -10.538 3.2324
170.999 -10.6535 3.2427 0.726256 170.74 -10.538 3.2324
170.68 -10.8471 3.23545 0.264185 170.74 -10.538 3.2324
170.435 -10.4951 3.2342 0.00956166 170.74 -10.538 3.2324
170.83 -10.6044 3.23026 0.316854 170.74 -10.538 3.2324
170.83 -10.6044 3.23026 0.316854 170.74 -10.538 3.2324
170.716 -10.5022 3.23191 0.55722 170.74 -10.538 3.2324
170.852 -10.5768 3.23962 1.75818 170.74 -10.538 3.2324
170.905 -10.5949 3.2348 1.22827 170.74 -10.538 3.2324
170.852 -10.5768 3.23962 1.75818 170.74 -10.538 3.2324
170.953 -10.6831 3.23725 1.38439 170.74 -10.538 3.2324
170.599 -10.5731 3.23262 0.46761 170.74 -10.538 3.2324
170.852 -10.5768 3.23962 1.75818 170.74 -10.538 3.2324
170.85 -10.6173 3.22786 0.0446566 170.74 -10.538 3.2324
170.599 -10.5731 3.23262 0.46761 170.74 -10.538 3.2324
170.905 -10.5949 3.2348 1.22827 170.74 -10.538 3.2324
170.905 -10.5949 3.2348 1.22827 170.74 -10.538 3.2324
170.716 -10.5022 3.23191 0.55722 170.74 -10.538 3.2324
170.977 -10.5906 3.23367 0.314629 170.74 -10.538 3.2324
170.765 -10.6294 3.23423 1.99672 170.74 -10.538 3.2324
170.599 -10.5731 3.23262 0.46761 170.74 -10.538 3.2324
170.953 -10.6831 3.23725 1.38439 170.74 -10.538 3.2324
170.76 -10.4566 3.23756 0.544784 170.74 -10.538 3.2324
170.977 -10.5906 3.23367 0.314629 170.74 -10.538 3.2324
170.852 -10.5768 3.23962 1.75818 170.74 -10.538 3.2324
170.765 -10.6294 3.23423 1.99672 170.74 -10.538 3.2324
170.599 -10.5731 3.23262 0.46761 170.74 -10.538 3.2324
170.953 -10.6831 3.23725 1.38439 170.74 -10.538 3.2324
170.716 -10.5022 3.23191 0.55722 170.74 -10.538 3.2324
170.765 -10.6294 3.23423 1.99672 170.74 -10.538 3.2324
170.599 -10.5731 3.23262 0.46761 170.74 -10.538 3.2324
170.852 -10.5768 3.23962 1.75818 170.74 -10.538 3.2324
170.766 -10.7895 3.23637 1.04361 170.74 -10.538 3.2324
170.716 -10.5022 3.23191 0.55722 170.74 -10.538 3.2324
170.852 -10.5768 3.23962 1.75818 170.74 -10.538 3.2324
170.765 -10.6294 3.23423 1.99672 170.74 -10.538 3.2324
171.098 -10.6171 3.24466 0.148658 170.74 -10.538 3.2324
170.905 -10.5949 3.2348 1.22827 170.74 -10.538 3.2324
170.852 -10.5768 3.23962 1.75818 170.74 -10.538 3.2324
170.716 -10.5022 3.23191 0.55722 170.74 -10.538 3.2324
170.852 -10.5768 3.23962 1.75818 170.74 -10.538 3.2324
170.953 -10.6831 3.23725 1.38439 170.74 -10.538 3.2324
170.68 -10.8471 3.23545 0.264185 170.74 -10.538 3.2324
170.765 -10.6294 3.23423 1.99672 170.74 -10.538 3.2324
170.999 -10.6535 3.2427 0.726256 170.74 -10.538 3.2324
170.852 -10.5768 3.23962 1.75818 170.74 -10.538 3.2324
170.852 -10.5768 3.23962 1.75818 170.74 -10.538 3.2324
170.716 -10.5022 3.23191 0.55722 170.74 -10.538 3.2324
170.765 -10.6294 3.23423 1.99672 170.74 -10.538 3.2324
170.647 -10.5571 3.22515 0.0181341 170.74 -10.538 3.2324
170.766 -10.7895 3.23637 1.04361 170.74 -10.538 3.2324
170.73 -10.8226 3.23924 0.392579 170.74 -10.538 3.2324
170.949 -10.595 3.23287 0.331679 170.74 -10.538 3.2324
170.83 -10.6044 3.23026 0.316854 170.74 -10.538 3.2324
170.76 -10.4566 3.23756 0.544784 170.74 -10.538 3.2324
170.905 -10.5949 3.2348 1.22827 170.74 -10.538 3.2324
170.76 -10.4566 3.23756 0.544784 170.74 -10.538 3.2324
170.599 -10.5731 3.23262 0.46761 170.74 -10.538 3.2324
170.766 -10.7895 3.23637 1.04361 170.74 -10.538 3.2324
170.762 -10.3868 3.2345 0.186 170.74 -10.538 3.2324
170.762 -10.3868 3.2345 0.186 170.74 -10.538 3.2324
170.765 -10.6294 3.23423 1.99672 170.74 -10.538 3.2324
170.852 -10.5768 3.23962 1.75818 170.74 -10.538 3.2324
170.953 -10.6831 3.23725 1.38439 170.74 -10.538 3.2324
170.953 -10.6831 3.23725 1.38439 170.74 -10.538 3.2324
170.905 -10.9826 3.2388 0.0299698 170.74 -10.538 3.2324
170.765 -10.6294 3.23423 1.99672 170.74 -10.538 3.2324
170.905 -10.5949 3.2348 1.22827 170.74 -10.538 3.2324
170.937 -10.7382 3.22895 0.0156604 170.74 -10.538 3.2324
170.953 -10.6831 3.23725 1.38439 170.74 -10.538 3.2324
170.852 -10.5768 3.23962 1.75818 170.74 -10.538 3.2324
171.098 -10.6171 3.24466 0.148658 170.74 -10.538 3.2324
170.766 -10.7895 3.23637 1.04361 170.74 -10.538 3.2324
170.766 -10.7895 3.23637 1.04361 170.74 -10.538 3.2324
170.953 -10.6831 3.23725 1.38439 170.74 -10.538 3.2324
170.852 -10.5768 3.23962 1.75818 170.74 -10.538 3.2324
170.905 -10.5949 3.2348 1.22827 170.74 -10.538 3.2324
170.838 -10.9301 3.23835 0.11821 170.74 -10.538 3.2324
170.977 -10.5906 3.23367 0.314629 170.74 -10.538 3.2324
170.765 -10.6294 3.23423 1.99672 170.74 -10.538 3.2324
170.852 -10.5768 3.23962 1.75818 170.74 -10.538 3.2324
170.953 -10.6831 3.23725 1.38439 170.74 -10.538 3.2324
170.765 -10.6294 3.23423 1.99672 170.74 -10.538 3.2324
170.852 -10.5768 3.23962 1.75818 170.74 -10.538 3.2324
170.905 -10.5949 3.2348 1.22827 170.74 -10.538 3.2324
170.766 -10.7895 3.23637 1.04361 170.74 -10.538 3.2324
170.852 -10.5768 3.23962 1.75818 170.74 -10.538 3.2324
170.905 -10.5949 3.2348 1.22827 170.74 -10.538 3.2324
170.91 -10.3986 3.24037 0.142522 170.74 -10.538 3.2324
170.852 -10.5768 3.23962 1.75818 170.74 -10.538 3.2324
170.765 -10.6294 3.23423 1.99672 170.74 -10.538 3.2324
170.765 -10.6294 3.23423 1.99672 170.74 -10.538 3.2324
170.999 -10.6535 3.2427 0.726256 170.74 -10.538 3.2324
170.852 -10.5768 3.23962 1.75818 170.74 -10.538 3.2324
170.905 -10.5949 3.2348 1.22827 170.74 -10.538 3.2324
170.765 -10.6294 3.23423 1.99672 170.74 -10.538 3.2324
170.905 -10.5949 3.2348 1.22827 170.74 -10.538 3.2324
170.589 -10.6841 3.23075 0.286053 170.74 -10.538 3.2324
170.76 -10.4566 3.23756 0.544784 170.74 -10.538 3.2324
170.73 -10.8226 3.23924 0.392579 170.74 -10.538 3.2324
170.905 -10.5949 3.2348 1.22827 170.74 -10.538 3.2324
171.098 -10.6171 3.24466 0.148658 170.74 -10.538 3.2324
170.76 -10.4566 3.23756 0.544784 170.74 -10.538 3.2324
170.852 -10.5768 3.23962 1.75818 170.74 -10.538 3.2324
170.765 -10.6294 3.23423 1.99672 170.74 -10.538 3.2324
170.905 -10.5949 3.2348 1.22827 170.74 -10.538 3.2324
170.953 -10.6831 3.23725 1.38439 170.74 -10.538 3.2324
170.76 -10.4566 3.23756 0.544784 170.74 -10.538 3.2324
170.852 -10.5768 3.23962 1.75818 170.74 -10.538 3.2324
170.765 -10.6294 3.23423 1.99672 170.74 -10.538 3.2324
170.762 -10.3868 3.2345 0.186 170.74 -10.538 3.2324
170.953 -10.6831 3.23725 1.38439 170.74 -10.538 3.2324
170.852 -10.5768 3.23962 1.75818 170.74 -10.538 3.2324
170.716 -10.5022 3.23191 0.55722 170.74 -10.538 3.2324
170.905 -10.5949 3.2348 1.22827 170.74 -10.538 3.2324
170.765 -10.6294 3.23423 1.99672 170.74 -10.538 3.2324
170.905 -10.5949 3.2348 1.22827 170.74 -10.538 3.2324
170.999 -10.6535 3.2427 0.726256 170.74 -10.538 3.2324
170.599 -10.5731 3.23262 0.46761 170.74 -10.538 3.2324
170.766 -10.7895 3.23637 1.04361 170.74 -10.538 3.2324
170.999 -10.6535 3.2427 0.726256 170.74 -10.538 3.2324
170.843 -10.3288 3.23439 0.0461301 170.74 -10.538 3.2324
170.852 -10.5768 3.23962 1.75818 170.74 -10.538 3.2324
