48.3785 -63.1206 3.95498 0.000435459 48.552 -63.191 3.9462
48.3785 -63.1206 3.95498 0.000435459 48.552 -63.191 3.9462
48.2133 -63.2774 3.94743 0.000370999 48.552 -63.191 3.9462
48.505 -63.1112 3.95325 0.000456762 48.552 -63.191 3.9462
48.3785 -63.1206 3.95498 0.000435459 48.552 -63.191 3.9462
48.2749 -63.1026 3.95159 0.000434487 48.552 -63.191 3.9462
48.2274 -63.0971 3.95594 3.95108e-05 48.552 -63.191 3.9462
48.2133 -63.2774 3.94743 0.000370999 48.552 -63.191 3.9462
48.2749 -63.1026 3.95159 0.000434487 48.552 -63.191 3.9462
48.3529 -63.2587 3.94343 0.000347534 48.552 -63.191 3.9462
48.3785 -63.1206 3.95498 0.000435459 48.552 -63.191 3.9462
48.505 -63.1112 3.95325 0.000456762 48.552 -63.191 3.9462
48.2156 -63.2726 3.95185 0.000188719 48.552 -63.191 3.9462
48.2133 -63.2774 3.94743 0.000370999 48.552 -63.191 3.9462
48.3776 -63.2847 3.94642 0.000912742 48.552 -63.191 3.9462
48.2133 -63.2774 3.94743 0.000370999 48.552 -63.191 3.9462
48.2749 -63.1026 3.95159 0.000434487 48.552 -63.191 3.9462
48.192 -63.3105 3.94293 9.39728e-05 48.552 -63.191 3.9462
48.505 -63.1112 3.95325 0.000456762 48.552 -63.191 3.9462
48.5216 -63.3341 3.94855 0.000254743 48.552 -63.191 3.9462
48.2156 -63.2726 3.95185 0.000188719 48.552 -63.191 3.9462
48.287 -62.9284 3.95313 1.89512e-05 48.552 -63.191 3.9462
48.3776 -63.2847 3.94642 0.000912742 48.552 -63.191 3.9462
48.2133 -63.2774 3.94743 0.000370999 48.552 -63.191 3.9462
48.505 -63.1112 3.95325 0.000456762 48.552 -63.191 3.9462
48.3785 -63.1206 3.95498 0.000435459 48.552 -63.191 3.9462
48.505 -63.1112 3.95325 0.000456762 48.552 -63.191 3.9462
48.5216 -63.3341 3.94855 0.000254743 48.552 -63.191 3.9462
48.4073 -63.0354 3.95282 0.000345216 48.552 -63.191 3.9462
48.2749 -63.1026 3.95159 0.000434487 48.552 -63.191 3.9462
48.5415 -63.2535 3.9474 0.000257173 48.552 -63.191 3.9462
48.4778 -63.2737 3.95668 0.00010577 48.552 -63.191 3.9462
48.2645 -63.1407 3.95527 0.000133705 48.552 -63.191 3.9462
48.6159 -63.3729 3.95054 2.64326e-05 48.552 -63.191 3.9462
48.3529 -63.2587 3.94343 0.000347534 48.552 -63.191 3.9462
48.3529 -63.2587 3.94343 0.000347534 48.552 -63.191 3.9462
48.3529 -63.2587 3.94343 0.000347534 48.552 -63.191 3.9462
48.3785 -63.1206 3.95498 0.000435459 48.552 -63.191 3.9462
48.3776 -63.2847 3.94642 0.000912742 48.552 -63.191 3.9462
48.192 -63.3105 3.94293 9.39728e-05 48.552 -63.191 3.9462
48.2133 -63.2774 3.94743 0.000370999 48.552 -63.191 3.9462
48.3776 -63.2847 3.94642 0.000912742 48.552 -63.191 3.9462
48.2749 -63.1026 3.95159 0.000434487 48.552 -63.191 3.9462
48.5415 -63.2535 3.9474 0.000257173 48.552 -63.191 3.9462
48.5415 -63.2535 3.9474 0.000257173 48.552 -63.191 3.9462
48.2645 -63.1407 3.95527 0.000133705 48.552 -63.191 3.9462
48.3776 -63.2847 3.94642 0.000912742 48.552 -63.191 3.9462
48.192 -63.3105 3.94293 9.39728e-05 48.552 -63.191 3.9462
48.3785 -63.1206 3.95498 0.000435459 48.552 -63.191 3.9462
48.3785 -63.1206 3.95498 0.000435459 48.552 -63.191 3.9462
48.505 -63.1112 3.95325 0.000456762 48.552 -63.191 3.9462
48.3776 -63.2847 3.94642 0.000912742 48.552 -63.191 3.9462
48.2397 -63.1044 3.94365 7.57779e-05 48.552 -63.191 3.9462
48.3776 -63.2847 3.94642 0.000912742 48.552 -63.191 3.9462
48.2649 -63.0105 3.95251 9.38998e-05 48.552 -63.191 3.9462
48.4073 -63.0354 3.95282 0.000345216 48.552 -63.191 3.9462
48.4418 -62.9959 3.95167 0.000165892 48.552 -63.191 3.9462
48.505 -63.1112 3.95325 0.000456762 48.552 -63.191 3.9462
48.3776 -63.2847 3.94642 0.000912742 48.552 -63.191 3.9462
48.2133 -63.2774 3.94743 0.000370999 48.552 -63.191 3.9462
48.5306 -63.4094 3.95598 9.01201e-06 48.552 -63.191 3.9462
48.2645 -63.1407 3.95527 0.000133705 48.552 -63.191 3.9462
48.2274 -63.0971 3.95594 3.95108e-05 48.552 -63.191 3.9462
48.4778 -63.2737 3.95668 0.00010577 48.552 -63.191 3.9462
48.3529 -63.2587 3.94343 0.000347534 48.552 -63.191 3.9462
48.3776 -63.2847 3.94642 0.000912742 48.552 -63.191 3.9462
48.3785 -63.1206 3.95498 0.000435459 48.552 -63.191 3.9462
48.4418 -62.9959 3.95167 0.000165892 48.552 -63.191 3.9462
48.2156 -63.2726 3.95185 0.000188719 48.552 -63.191 3.9462
48.4073 -63.0354 3.95282 0.000345216 48.552 -63.191 3.9462
48.505 -63.1112 3.95325 0.000456762 48.552 -63.191 3.9462
48.2133 -63.2774 3.94743 0.000370999 48.552 -63.191 3.9462
48.3776 -63.2847 3.94642 0.000912742 48.552 -63.191 3.9462
48.2749 -63.1026 3.95159 0.000434487 48.552 -63.191 3.9462
48.3785 -63.1206 3.95498 0.000435459 48.552 -63.191 3.9462
48.5216 -63.3341 3.94855 0.000254743 48.552 -63.191 3.9462
48.4073 -63.0354 3.95282 0.000345216 48.552 -63.191 3.9462
48.5415 -63.2535 3.9474 0.000257173 48.552 -63.191 3.9462
48.2156 -63.2726 3.95185 0.000188719 48.552 -63.191 3.9462
48.2649 -63.0105 3.95251 9.38998e-05 48.552 -63.191 3.9462
48.5327 -63.2574 3.9438 6.19993e-05 48.552 -63.191 3.9462
48.2274 -63.0971 3.95594 3.95108e-05 48.552 -63.191 3.9462
48.2133 -63.2774 3.94743 0.000370999 48.552 -63.191 3.9462
48.2649 -63.0105 3.95251 9.38998e-05 48.552 -63.191 3.9462
48.4696 -63.5052 3.94484 1.09719e-05 48.552 -63.191 3.9462
48.4418 -62.9959 3.95167 0.000165892 48.552 -63.191 3.9462
48.3529 -63.2587 3.94343 0.000347534 48.552 -63.191 3.9462
48.2133 -63.2774 3.94743 0.000370999 48.552 -63.191 3.9462
48.2749 -63.1026 3.95159 0.000434487 48.552 -63.191 3.9462
48.5415 -63.2535 3.9474 0.000257173 48.552 -63.191 3.9462
48.3785 -63.1206 3.95498 0.000435459 48.552 -63.191 3.9462
48.3776 -63.2847 3.94642 0.000912742 48.552 -63.191 3.9462
48.2133 -63.2774 3.94743 0.000370999 48.552 -63.191 3.9462
48.2749 -63.1026 3.95159 0.000434487 48.552 -63.191 3.9462
48.4073 -63.0354 3.95282 0.000345216 48.552 -63.191 3.9462
48.2167 -63.4778 3.94502 2.08328e-05 48.552 -63.191 3.9462
48.4073 -63.0354 3.95282 0.000345216 48.552 -63.191 3.9462
48.4778 -63.2737 3.95668 0.00010577 48.552 -63.191 3.9462
48.2749 -63.1026 3.95159 0.000434487 48.552 -63.191 3.9462
48.5327 -63.2574 3.9438 6.19993e-05 48.552 -63.191 3.9462
48.505 -63.1112 3.95325 0.000456762 48.552 -63.191 3.9462
48.3529 -63.2587 3.94343 0.000347534 48.552 -63.191 3.9462
48.3776 -63.2847 3.94642 0.000912742 48.552 -63.191 3.9462
48.3776 -63.2847 3.94642 0.000912742 48.552 -63.191 3.9462
48.3529 -63.2587 3.94343 0.000347534 48.552 -63.191 3.9462
48.192 -63.3105 3.94293 9.39728e-05 48.552 -63.191 3.9462
48.3529 -63.2587 3.94343 0.000347534 48.552 -63.191 3.9462
48.505 -63.1112 3.95325 0.000456762 48.552 -63.191 3.9462
48.4418 -62.9959 3.95167 0.000165892 48.552 -63.191 3.9462
48.5765 -63.1021 3.94386 7.58879e-06 48.552 -63.191 3.9462
48.2133 -63.2774 3.94743 0.000370999 48.552 -63.191 3.9462
48.3529 -63.2587 3.94343 0.000347534 48.552 -63.191 3.9462
48.3776 -63.2847 3.94642 0.000912742 48.552 -63.191 3.9462
48.3529 -63.2587 3.94343 0.000347534 48.552 -63.191 3.9462
48.3776 -63.2847 3.94642 0.000912742 48.552 -63.191 3.9462
48.5415 -63.2535 3.9474 0.000257173 48.552 -63.191 3.9462
48.3785 -63.1206 3.95498 0.000435459 48.552 -63.191 3.9462
48.192 -63.3105 3.94293 9.39728e-05 48.552 -63.191 3.9462
48.3776 -63.2847 3.94642 0.000912742 48.552 -63.191 3.9462
48.3529 -63.2587 3.94343 0.000347534 48.552 -63.191 3.9462
48.3776 -63.2847 3.94642 0.000912742 48.552 -63.191 3.9462
48.2397 -63.1044 3.94365 7.57779e-05 48.552 -63.191 3.9462
48.505 -63.1112 3.95325 0.000456762 48.552 -63.191 3.9462
48.4073 -63.0354 3.95282 0.000345216 48.552 -63.191 3.9462
48.2649 -63.0105 3.95251 9.38998e-05 48.552 -63.191 3.9462
48.5216 -63.3341 3.94855 0.000254743 48.552 -63.191 3.9462
48.2749 -63.1026 3.95159 0.000434487 48.552 -63.191 3.9462
48.2649 -63.0105 3.95251 9.38998e-05 48.552 -63.191 3.9462
48.3776 -63.2847 3.94642 0.000912742 48.552 -63.191 3.9462
48.5216 -63.3341 3.94855 0.000254743 48.552 -63.191 3.9462
48.3529 -63.2587 3.94343 0.000347534 48.552 -63.191 3.9462
48.4778 -63.2737 3.95668 0.00010577 48.552 -63.191 3.9462
48.2749 -63.1026 3.95159 0.000434487 48.552 -63.191 3.9462
48.2156 -63.2726 3.95185 0.000188719 48.552 -63.191 3.9462
48.2749 -63.1026 3.95159 0.000434487 48.552 -63.191 3.9462
48.4073 -63.0354 3.95282 0.000345216 48.552 -63.191 3.9462
48.5216 -63.3341 3.94855 0.000254743 48.552 -63.191 3.9462
48.3776 -63.2847 3.94642 0.000912742 48.552 -63.191 3.9462
48.4073 -63.0354 3.95282 0.000345216 48.552 -63.191 3.9462
48.505 -63.1112 3.95325 0.000456762 48.552 -63.191 3.9462
48.5415 -63.2535 3.9474 0.000257173 48.552 -63.191 3.9462
48.5796 -63.2035 3.94458 3.17152e-05 48.552 -63.191 3.9462
48.1026 -63.1518 3.94481 2.1239e-05 48.552 -63.191 3.9462
48.2749 -63.1026 3.95159 0.000434487 48.552 -63.191 3.9462
48.5216 -63.3341 3.94855 0.000254743 48.552 -63.191 3.9462
48.5216 -63.3341 3.94855 0.000254743 48.552 -63.191 3.9462
48.2133 -63.2774 3.94743 0.000370999 48.552 -63.191 3.9462
48.5415 -63.2535 3.9474 0.000257173 48.552 -63.191 3.9462
48.6384 -63.0987 3.94554 4.49942e-06 48.552 -63.191 3.9462
48.5796 -63.2035 3.94458 3.17152e-05 48.552 -63.191 3.9462
48.3785 -63.1206 3.95498 0.000435459 48.552 -63.191 3.9462
48.2133 -63.2774 3.94743 0.000370999 48.552 -63.191 3.9462
48.5602 -62.9992 3.95686 2.8588e-05 48.552 -63.191 3.9462
48.3785 -63.1206 3.95498 0.000435459 48.552 -63.191 3.9462
48.3529 -63.2587 3.94343 0.000347534 48.552 -63.191 3.9462
48.3776 -63.2847 3.94642 0.000912742 48.552 -63.191 3.9462
48.5415 -63.2535 3.9474 0.000257173 48.552 -63.191 3.9462
48.5216 -63.3341 3.94855 0.000254743 48.552 -63.191 3.9462
48.2749 -63.1026 3.95159 0.000434487 48.552 -63.191 3.9462
48.2156 -63.2726 3.95185 0.000188719 48.552 -63.191 3.9462
48.505 -63.1112 3.95325 0.000456762 48.552 -63.191 3.9462
48.4778 -63.2737 3.95668 0.00010577 48.552 -63.191 3.9462
48.3529 -63.2587 3.94343 0.000347534 48.552 -63.191 3.9462
48.2156 -63.2726 3.95185 0.000188719 48.552 -63.191 3.9462
48.3529 -63.2587 3.94343 0.000347534 48.552 -63.191 3.9462
48.5415 -63.2535 3.9474 0.000257173 48.552 -63.191 3.9462
48.5327 -63.2574 3.9438 6.19993e-05 48.552 -63.191 3.9462
48.505 -63.1112 3.95325 0.000456762 48.552 -63.191 3.9462
48.3529 -63.2587 3.94343 0.000347534 48.552 -63.191 3.9462
48.3776 -63.2847 3.94642 0.000912742 48.552 -63.191 3.9462
48.3776 -63.2847 3.94642 0.000912742 48.552 -63.191 3.9462
48.3776 -63.2847 3.94642 0.000912742 48.552 -63.191 3.9462
48.505 -63.1112 3.95325 0.000456762 48.552 -63.191 3.9462
48.4073 -63.0354 3.95282 0.000345216 48.552 -63.191 3.9462
48.4418 -62.9959 3.95167 0.000165892 48.552 -63.191 3.9462
48.505 -63.1112 3.95325 0.000456762 48.552 -63.191 3.9462
48.3529 -63.2587 3.94343 0.000347534 48.552 -63.191 3.9462
48.2649 -63.0105 3.95251 9.38998e-05 48.552 -63.191 3.9462
48.3776 -63.2847 3.94642 0.000912742 48.552 -63.191 3.9462
48.2397 -63.1044 3.94365 7.57779e-05 48.552 -63.191 3.9462
48.3776 -63.2847 3.94642 0.000912742 48.552 -63.191 3.9462
48.3529 -63.2587 3.94343 0.000347534 48.552 -63.191 3.9462
48.2133 -63.2774 3.94743 0.000370999 48.552 -63.191 3.9462
48.3529 -63.2587 3.94343 0.000347534 48.552 -63.191 3.9462
48.3776 -63.2847 3.94642 0.000912742 48.552 -63.191 3.9462
48.2156 -63.2726 3.95185 0.000188719 48.552 -63.191 3.9462
48.2649 -63.0105 3.95251 9.38998e-05 48.552 -63.191 3.9462
48.2397 -63.1044 3.94365 7.57779e-05 48.552 -63.191 3.9462
48.505 -63.1112 3.95325 0.000456762 48.552 -63.191 3.9462
48.2749 -63.1026 3.95159 0.000434487 48.552 -63.191 3.9462
48.4418 -62.9959 3.95167 0.000165892 48.552 -63.191 3.9462
48.3785 -63.1206 3.95498 0.000435459 48.552 -63.191 3.9462
48.2749 -63.1026 3.95159 0.000434487 48.552 -63.191 3.9462
48.5415 -63.2535 3.9474 0.000257173 48.552 -63.191 3.9462
48.4418 -62.9959 3.95167 0.000165892 48.552 -63.191 3.9462
48.505 -63.1112 3.95325 0.000456762 48.552 -63.191 3.9462
48.2397 -63.1044 3.94365 7.57779e-05 48.552 -63.191 3.9462
48.3776 -63.2847 3.94642 0.000912742 48.552 -63.191 3.9462
48.2749 -63.1026 3.95159 0.000434487 48.552 -63.191 3.9462
48.2133 -63.2774 3.94743 0.000370999 48.552 -63.191 3.9462
