100.568 -26.5701 3.42326 0.00252533 100.46 -26.547 3.4298
100.269 -26.4377 3.42393 0.00236129 100.46 -26.547 3.4298
100.474 -26.8663 3.42179 0.00459537 100.46 -26.547 3.4298
100.235 -26.6777 3.41884 0.00742941 100.46 -26.547 3.4298
100.45 -26.6195 3.42793 0.00681201 100.46 -26.547 3.4298
100.45 -26.6195 3.42793 0.00681201 100.46 -26.547 3.4298
100.366 -26.4667 3.42402 0.0040517 100.46 -26.547 3.4298
100.366 -26.4667 3.42402 0.0040517 100.46 -26.547 3.4298
100.374 -26.6216 3.42534 0.0133324 100.46 -26.547 3.4298
100.235 -26.6777 3.41884 0.00742941 100.46 -26.547 3.4298
100.45 -26.6195 3.42793 0.00681201 100.46 -26.547 3.4298
100.405 -26.461 3.42076 0.00171228 100.46 -26.547 3.4298
100.235 -26.6777 3.41884 0.00742941 100.46 -26.547 3.4298
100.491 -26.766 3.42074 0.00580447 100.46 -26.547 3.4298
100.448 -26.6106 3.42652 0.00900989 100.46 -26.547 3.4298
100.306 -26.4947 3.42058 0.0031928 100.46 -26.547 3.4298
100.235 -26.6777 3.41884 0.00742941 100.46 -26.547 3.4298
100.296 -26.4637 3.42316 0.00347889 100.46 -26.547 3.4298
100.317 -26.5638 3.42114 0.00771597 100.46 -26.547 3.4298
100.306 -26.4947 3.42058 0.0031928 100.46 -26.547 3.4298
100.374 -26.6216 3.42534 0.0133324 100.46 -26.547 3.4298
100.568 -26.5701 3.42326 0.00252533 100.46 -26.547 3.4298
100.317 -26.5638 3.42114 0.00771597 100.46 -26.547 3.4298
100.235 -26.6777 3.41884 0.00742941 100.46 -26.547 3.4298
100.491 -26.766 3.42074 0.00580447 100.46 -26.547 3.4298
100.261 -26.6097 3.43014 0.001963 100.46 -26.547 3.4298
100.282 -26.4468 3.41985 0.0012445 100.46 -26.547 3.4298
100.568 -26.5701 3.42326 0.00252533 100.46 -26.547 3.4298
100.45 -26.6195 3.42793 0.00681201 100.46 -26.547 3.4298
100.474 -26.8663 3.42179 0.00459537 100.46 -26.547 3.4298
100.448 -26.6106 3.42652 0.00900989 100.46 -26.547 3.4298
100.374 -26.6216 3.42534 0.0133324 100.46 -26.547 3.4298
100.415 -26.5994 3.43016 0.00322938 100.46 -26.547 3.4298
100.306 -26.4947 3.42058 0.0031928 100.46 -26.547 3.4298
100.366 -26.4667 3.42402 0.0040517 100.46 -26.547 3.4298
100.668 -26.6169 3.42529 0.000892927 100.46 -26.547 3.4298
100.668 -26.6169 3.42529 0.000892927 100.46 -26.547 3.4298
100.448 -26.6106 3.42652 0.00900989 100.46 -26.547 3.4298
100.269 -26.4377 3.42393 0.00236129 100.46 -26.547 3.4298
100.474 -26.8663 3.42179 0.00459537 100.46 -26.547 3.4298
100.271 -26.4856 3.42755 0.00288195 100.46 -26.547 3.4298
100.374 -26.6216 3.42534 0.0133324 100.46 -26.547 3.4298
100.448 -26.6106 3.42652 0.00900989 100.46 -26.547 3.4298
100.463 -26.3487 3.4356 2.11094e-05 100.46 -26.547 3.4298
100.474 -26.8663 3.42179 0.00459537 100.46 -26.547 3.4298
100.568 -26.5701 3.42326 0.00252533 100.46 -26.547 3.4298
100.306 -26.4947 3.42058 0.0031928 100.46 -26.547 3.4298
100.366 -26.4667 3.42402 0.0040517 100.46 -26.547 3.4298
100.343 -26.9525 3.42821 0.000588282 100.46 -26.547 3.4298
100.448 -26.6106 3.42652 0.00900989 100.46 -26.547 3.4298
100.45 -26.6195 3.42793 0.00681201 100.46 -26.547 3.4298
100.235 -26.6777 3.41884 0.00742941 100.46 -26.547 3.4298
100.191 -26.4203 3.4266 0.000883845 100.46 -26.547 3.4298
100.491 -26.766 3.42074 0.00580447 100.46 -26.547 3.4298
100.306 -26.4947 3.42058 0.0031928 100.46 -26.547 3.4298
100.568 -26.5701 3.42326 0.00252533 100.46 -26.547 3.4298
100.306 -26.4947 3.42058 0.0031928 100.46 -26.547 3.4298
100.3 -26.4895 3.43354 0.000206835 100.46 -26.547 3.4298
100.474 -26.8663 3.42179 0.00459537 100.46 -26.547 3.4298
100.366 -26.4667 3.42402 0.0040517 100.46 -26.547 3.4298
100.448 -26.6106 3.42652 0.00900989 100.46 -26.547 3.4298
100.668 -26.6169 3.42529 0.000892927 100.46 -26.547 3.4298
100.235 -26.6777 3.41884 0.00742941 100.46 -26.547 3.4298
100.415 -26.5994 3.43016 0.00322938 100.46 -26.547 3.4298
100.405 -26.461 3.42076 0.00171228 100.46 -26.547 3.4298
100.45 -26.6195 3.42793 0.00681201 100.46 -26.547 3.4298
100.448 -26.6106 3.42652 0.00900989 100.46 -26.547 3.4298
100.374 -26.6216 3.42534 0.0133324 100.46 -26.547 3.4298
100.374 -26.6216 3.42534 0.0133324 100.46 -26.547 3.4298
100.317 -26.5638 3.42114 0.00771597 100.46 -26.547 3.4298
100.317 -26.5638 3.42114 0.00771597 100.46 -26.547 3.4298
100.317 -26.5638 3.42114 0.00771597 100.46 -26.547 3.4298
100.317 -26.5638 3.42114 0.00771597 100.46 -26.547 3.4298
100.374 -26.6216 3.42534 0.0133324 100.46 -26.547 3.4298
100.317 -26.5638 3.42114 0.00771597 100.46 -26.547 3.4298
100.448 -26.6106 3.42652 0.00900989 100.46 -26.547 3.4298
100.474 -26.8663 3.42179 0.00459537 100.46 -26.547 3.4298
100.132 -26.5597 3.41943 0.00202516 100.46 -26.547 3.4298
100.415 -26.5994 3.43016 0.00322938 100.46 -26.547 3.4298
100.415 -26.5994 3.43016 0.00322938 100.46 -26.547 3.4298
100.132 -26.5597 3.41943 0.00202516 100.46 -26.547 3.4298
100.568 -26.5701 3.42326 0.00252533 100.46 -26.547 3.4298
100.474 -26.8663 3.42179 0.00459537 100.46 -26.547 3.4298
100.307 -26.5576 3.4257 0.00870343 100.46 -26.547 3.4298
100.374 -26.6216 3.42534 0.0133324 100.46 -26.547 3.4298
100.374 -26.6216 3.42534 0.0133324 100.46 -26.547 3.4298
100.491 -26.766 3.42074 0.00580447 100.46 -26.547 3.4298
100.559 -26.7518 3.41463 0.000127922 100.46 -26.547 3.4298
100.448 -26.6106 3.42652 0.00900989 100.46 -26.547 3.4298
100.307 -26.5576 3.4257 0.00870343 100.46 -26.547 3.4298
100.448 -26.6106 3.42652 0.00900989 100.46 -26.547 3.4298
100.374 -26.6216 3.42534 0.0133324 100.46 -26.547 3.4298
100.374 -26.6216 3.42534 0.0133324 100.46 -26.547 3.4298
100.132 -26.5597 3.41943 0.00202516 100.46 -26.547 3.4298
100.45 -26.6195 3.42793 0.00681201 100.46 -26.547 3.4298
100.45 -26.6195 3.42793 0.00681201 100.46 -26.547 3.4298
100.307 -26.5576 3.4257 0.00870343 100.46 -26.547 3.4298
100.374 -26.6216 3.42534 0.0133324 100.46 -26.547 3.4298
100.307 -26.5576 3.4257 0.00870343 100.46 -26.547 3.4298
100.307 -26.5576 3.4257 0.00870343 100.46 -26.547 3.4298
100.282 -26.4468 3.41985 0.0012445 100.46 -26.547 3.4298
100.306 -26.4947 3.42058 0.0031928 100.46 -26.547 3.4298
100.374 -26.6216 3.42534 0.0133324 100.46 -26.547 3.4298
100.45 -26.6195 3.42793 0.00681201 100.46 -26.547 3.4298
100.448 -26.6106 3.42652 0.00900989 100.46 -26.547 3.4298
100.235 -26.6777 3.41884 0.00742941 100.46 -26.547 3.4298
100.668 -26.6169 3.42529 0.000892927 100.46 -26.547 3.4298
100.568 -26.5701 3.42326 0.00252533 100.46 -26.547 3.4298
100.418 -26.745 3.41493 0.000908563 100.46 -26.547 3.4298
100.491 -26.766 3.42074 0.00580447 100.46 -26.547 3.4298
100.448 -26.6106 3.42652 0.00900989 100.46 -26.547 3.4298
100.215 -26.4377 3.4235 0.00170627 100.46 -26.547 3.4298
100.448 -26.6106 3.42652 0.00900989 100.46 -26.547 3.4298
100.366 -26.4667 3.42402 0.0040517 100.46 -26.547 3.4298
100.317 -26.5638 3.42114 0.00771597 100.46 -26.547 3.4298
100.415 -26.5994 3.43016 0.00322938 100.46 -26.547 3.4298
100.317 -26.5638 3.42114 0.00771597 100.46 -26.547 3.4298
100.338 -26.6124 3.43323 0.000467809 100.46 -26.547 3.4298
100.292 -26.4333 3.42855 0.00139185 100.46 -26.547 3.4298
100.448 -26.6106 3.42652 0.00900989 100.46 -26.547 3.4298
100.474 -26.8663 3.42179 0.00459537 100.46 -26.547 3.4298
100.317 -26.5638 3.42114 0.00771597 100.46 -26.547 3.4298
100.374 -26.6216 3.42534 0.0133324 100.46 -26.547 3.4298
100.132 -26.5597 3.41943 0.00202516 100.46 -26.547 3.4298
100.474 -26.8663 3.42179 0.00459537 100.46 -26.547 3.4298
100.317 -26.5638 3.42114 0.00771597 100.46 -26.547 3.4298
100.235 -26.6777 3.41884 0.00742941 100.46 -26.547 3.4298
100.405 -26.461 3.42076 0.00171228 100.46 -26.547 3.4298
100.405 -26.461 3.42076 0.00171228 100.46 -26.547 3.4298
100.418 -26.507 3.41809 0.000948045 100.46 -26.547 3.4298
100.307 -26.5576 3.4257 0.00870343 100.46 -26.547 3.4298
100.374 -26.6216 3.42534 0.0133324 100.46 -26.547 3.4298
100.45 -26.6195 3.42793 0.00681201 100.46 -26.547 3.4298
100.317 -26.5638 3.42114 0.00771597 100.46 -26.547 3.4298
100.269 -26.4377 3.42393 0.00236129 100.46 -26.547 3.4298
100.296 -26.4637 3.42316 0.00347889 100.46 -26.547 3.4298
100.132 -26.5597 3.41943 0.00202516 100.46 -26.547 3.4298
100.491 -26.766 3.42074 0.00580447 100.46 -26.547 3.4298
100.516 -26.3145 3.42408 0.000144509 100.46 -26.547 3.4298
100.235 -26.6777 3.41884 0.00742941 100.46 -26.547 3.4298
100.191 -26.4203 3.4266 0.000883845 100.46 -26.547 3.4298
100.474 -26.8663 3.42179 0.00459537 100.46 -26.547 3.4298
100.668 -26.6169 3.42529 0.000892927 100.46 -26.547 3.4298
100.756 -26.6019 3.4242 0.00012997 100.46 -26.547 3.4298
100.448 -26.6106 3.42652 0.00900989 100.46 -26.547 3.4298
100.491 -26.766 3.42074 0.00580447 100.46 -26.547 3.4298
100.132 -26.5597 3.41943 0.00202516 100.46 -26.547 3.4298
100.306 -26.4947 3.42058 0.0031928 100.46 -26.547 3.4298
100.374 -26.6216 3.42534 0.0133324 100.46 -26.547 3.4298
100.292 -26.4333 3.42855 0.00139185 100.46 -26.547 3.4298
100.491 -26.766 3.42074 0.00580447 100.46 -26.547 3.4298
100.448 -26.6106 3.42652 0.00900989 100.46 -26.547 3.4298
100.191 -26.4203 3.4266 0.000883845 100.46 -26.547 3.4298
100.415 -26.5994 3.43016 0.00322938 100.46 -26.547 3.4298
100.448 -26.6106 3.42652 0.00900989 100.46 -26.547 3.4298
100.374 -26.6216 3.42534 0.0133324 100.46 -26.547 3.4298
100.448 -26.6106 3.42652 0.00900989 100.46 -26.547 3.4298
100.448 -26.6106 3.42652 0.00900989 100.46 -26.547 3.4298
100.491 -26.766 3.42074 0.00580447 100.46 -26.547 3.4298
100.235 -26.6777 3.41884 0.00742941 100.46 -26.547 3.4298
100.491 -26.766 3.42074 0.00580447 100.46 -26.547 3.4298
100.448 -26.6106 3.42652 0.00900989 100.46 -26.547 3.4298
100.448 -26.6106 3.42652 0.00900989 100.46 -26.547 3.4298
100.45 -26.6195 3.42793 0.00681201 100.46 -26.547 3.4298
100.261 -26.6097 3.43014 0.001963 100.46 -26.547 3.4298
100.307 -26.5576 3.4257 0.00870343 100.46 -26.547 3.4298
100.271 -26.4856 3.42755 0.00288195 100.46 -26.547 3.4298
100.45 -26.6195 3.42793 0.00681201 100.46 -26.547 3.4298
100.261 -26.6097 3.43014 0.001963 100.46 -26.547 3.4298
100.307 -26.5576 3.4257 0.00870343 100.46 -26.547 3.4298
100.374 -26.6216 3.42534 0.0133324 100.46 -26.547 3.4298
100.374 -26.6216 3.42534 0.0133324 100.46 -26.547 3.4298
100.568 -26.5701 3.42326 0.00252533 100.46 -26.547 3.4298
100.374 -26.6216 3.42534 0.0133324 100.46 -26.547 3.4298
100.235 -26.6777 3.41884 0.00742941 100.46 -26.547 3.4298
100.307 -26.5576 3.4257 0.00870343 100.46 -26.547 3.4298
100.474 -26.8663 3.42179 0.00459537 100.46 -26.547 3.4298
100.374 -26.6216 3.42534 0.0133324 100.46 -26.547 3.4298
100.448 -26.6106 3.42652 0.00900989 100.46 -26.547 3.4298
100.374 -26.6216 3.42534 0.0133324 100.46 -26.547 3.4298
100.374 -26.6216 3.42534 0.0133324 100.46 -26.547 3.4298
100.448 -26.6106 3.42652 0.00900989 100.46 -26.547 3.4298
100.491 -26.766 3.42074 0.00580447 100.46 -26.547 3.4298
100.34 -27.056 3.41694 0.000372342 100.46 -26.547 3.4298
100.366 -26.4667 3.42402 0.0040517 100.46 -26.547 3.4298
100.491 -26.766 3.42074 0.00580447 100.46 -26.547 3.4298
100.374 -26.6216 3.42534 0.0133324 100.46 -26.547 3.4298
100.215 -26.4377 3.4235 0.00170627 100.46 -26.547 3.4298
100.45 -26.6195 3.42793 0.00681201 100.46 -26.547 3.4298
100.374 -26.6216 3.42534 0.0133324 100.46 -26.547 3.4298
100.306 -26.4947 3.42058 0.0031928 100.46 -26.547 3.4298
100.661 -26.8195 3.42903 0.000307796 100.46 -26.547 3.4298
100.366 -26.4667 3.42402 0.0040517 100.46 -26.547 3.4298
100.374 -26.6216 3.42534 0.0133324 100.46 -26.547 3.4298
100.132 -26.5597 3.41943 0.00202516 100.46 -26.547 3.4298
100.374 -26.6216 3.42534 0.0133324 100.46 -26.547 3.4298
100.568 -26.5701 3.42326 0.00252533 100.46 -26.547 3.4298
100.474 -26.8663 3.42179 0.00459537 100.46 -26.547 3.4298
100.132 -26.5597 3.41943 0.00202516 100.46 -26.547 3.4298
100.45 -26.6195 3.42793 0.00681201 100.46 -26.547 3.4298
