-40.3928 -61.6504 1.72387 0.269936 -40.578 -61.503 1.7178
-40.3152 -61.5714 1.72087 0.483075 -40.578 -61.503 1.7178
-40.4723 -61.5155 1.72208 0.883182 -40.578 -61.503 1.7178
-40.31 -61.481 1.71958 0.625943 -40.578 -61.503 1.7178
-40.4699 -61.2167 1.71634 0.329438 -40.578 -61.503 1.7178
-40.7291 -61.5091 1.71635 0.225615 -40.578 -61.503 1.7178
-40.4187 -61.5263 1.72054 1.12945 -40.578 -61.503 1.7178
-40.2019 -61.542 1.72155 0.133588 -40.578 -61.503 1.7178
-40.3814 -61.4904 1.72357 0.548581 -40.578 -61.503 1.7178
-40.4723 -61.5155 1.72208 0.883182 -40.578 -61.503 1.7178
-40.3814 -61.4904 1.72357 0.548581 -40.578 -61.503 1.7178
-40.6518 -61.4176 1.71513 0.687329 -40.578 -61.503 1.7178
-40.6681 -61.4722 1.7193 0.426096 -40.578 -61.503 1.7178
-40.4187 -61.5263 1.72054 1.12945 -40.578 -61.503 1.7178
-40.6681 -61.4722 1.7193 0.426096 -40.578 -61.503 1.7178
-40.6681 -61.4722 1.7193 0.426096 -40.578 -61.503 1.7178
-40.5974 -61.397 1.71973 0.721686 -40.578 -61.503 1.7178
-40.5111 -61.5643 1.71299 0.204291 -40.578 -61.503 1.7178
-40.3924 -61.5295 1.71987 1.04261 -40.578 -61.503 1.7178
-40.4187 -61.5263 1.72054 1.12945 -40.578 -61.503 1.7178
-40.3814 -61.4904 1.72357 0.548581 -40.578 -61.503 1.7178
-40.4302 -61.2405 1.71456 0.307792 -40.578 -61.503 1.7178
-40.4723 -61.5155 1.72208 0.883182 -40.578 -61.503 1.7178
-40.7509 -61.6053 1.71748 0.069388 -40.578 -61.503 1.7178
-40.4082 -61.1403 1.71616 0.071113 -40.578 -61.503 1.7178
-40.4975 -61.4007 1.72367 0.305277 -40.578 -61.503 1.7178
-40.5974 -61.397 1.71973 0.721686 -40.578 -61.503 1.7178
-40.3928 -61.6504 1.72387 0.269936 -40.578 -61.503 1.7178
-40.31 -61.481 1.71958 0.625943 -40.578 -61.503 1.7178
-40.5718 -61.37 1.70752 0.0292371 -40.578 -61.503 1.7178
-40.3814 -61.4904 1.72357 0.548581 -40.578 -61.503 1.7178
-40.4723 -61.5155 1.72208 0.883182 -40.578 -61.503 1.7178
-40.5974 -61.397 1.71973 0.721686 -40.578 -61.503 1.7178
-40.4975 -61.4007 1.72367 0.305277 -40.578 -61.503 1.7178
-40.31 -61.481 1.71958 0.625943 -40.578 -61.503 1.7178
-40.2019 -61.542 1.72155 0.133588 -40.578 -61.503 1.7178
-40.6805 -61.4341 1.712 0.247715 -40.578 -61.503 1.7178
-40.6681 -61.4722 1.7193 0.426096 -40.578 -61.503 1.7178
-40.3152 -61.5714 1.72087 0.483075 -40.578 -61.503 1.7178
-40.31 -61.481 1.71958 0.625943 -40.578 -61.503 1.7178
-40.2404 -61.3455 1.71706 0.124217 -40.578 -61.503 1.7178
-40.6518 -61.4176 1.71513 0.687329 -40.578 -61.503 1.7178
-40.4975 -61.4007 1.72367 0.305277 -40.578 -61.503 1.7178
-40.3814 -61.4904 1.72357 0.548581 -40.578 -61.503 1.7178
-40.3924 -61.5295 1.71987 1.04261 -40.578 -61.503 1.7178
-40.31 -61.481 1.71958 0.625943 -40.578 -61.503 1.7178
-40.3924 -61.5295 1.71987 1.04261 -40.578 -61.503 1.7178
-40.6805 -61.4341 1.712 0.247715 -40.578 -61.503 1.7178
-40.4699 -61.2167 1.71634 0.329438 -40.578 -61.503 1.7178
-40.6518 -61.4176 1.71513 0.687329 -40.578 -61.503 1.7178
-40.4187 -61.5263 1.72054 1.12945 -40.578 -61.503 1.7178
-40.4302 -61.2405 1.71456 0.307792 -40.578 -61.503 1.7178
-40.4723 -61.5155 1.72208 0.883182 -40.578 -61.503 1.7178
-40.3924 -61.5295 1.71987 1.04261 -40.578 -61.503 1.7178
-40.3924 -61.5295 1.71987 1.04261 -40.578 -61.503 1.7178
-40.4172 -61.848 1.71966 0.00944718 -40.578 -61.503 1.7178
-40.6518 -61.4176 1.71513 0.687329 -40.578 -61.503 1.7178
-40.3924 -61.5295 1.71987 1.04261 -40.578 -61.503 1.7178
-40.3924 -61.5295 1.71987 1.04261 -40.578 -61.503 1.7178
-40.3187 -61.7199 1.72349 0.0944209 -40.578 -61.503 1.7178
-40.4975 -61.4007 1.72367 0.305277 -40.578 -61.503 1.7178
-40.6518 -61.4176 1.71513 0.687329 -40.578 -61.503 1.7178
-40.365 -61.2254 1.71907 0.176588 -40.578 -61.503 1.7178
-40.5887 -61.2453 1.7253 0.00562925 -40.578 -61.503 1.7178
-40.5974 -61.397 1.71973 0.721686 -40.578 -61.503 1.7178
-40.3924 -61.5295 1.71987 1.04261 -40.578 -61.503 1.7178
-40.176 -61.4354 1.72472 0.0489789 -40.578 -61.503 1.7178
-40.6518 -61.4176 1.71513 0.687329 -40.578 -61.503 1.7178
-40.3924 -61.5295 1.71987 1.04261 -40.578 -61.503 1.7178
-40.6805 -61.4341 1.712 0.247715 -40.578 -61.503 1.7178
-40.4187 -61.5263 1.72054 1.12945 -40.578 -61.503 1.7178
-40.6518 -61.4176 1.71513 0.687329 -40.578 -61.503 1.7178
-40.31 -61.481 1.71958 0.625943 -40.578 -61.503 1.7178
-40.4302 -61.2405 1.71456 0.307792 -40.578 -61.503 1.7178
-40.5461 -61.18 1.72092 0.0481615 -40.578 -61.503 1.7178
-40.365 -61.2254 1.71907 0.176588 -40.578 -61.503 1.7178
-40.4187 -61.5263 1.72054 1.12945 -40.578 -61.503 1.7178
-40.6518 -61.4176 1.71513 0.687329 -40.578 -61.503 1.7178
-40.6805 -61.4341 1.712 0.247715 -40.578 -61.503 1.7178
-40.3928 -61.6504 1.72387 0.269936 -40.578 -61.503 1.7178
-40.4187 -61.5263 1.72054 1.12945 -40.578 -61.503 1.7178
-40.176 -61.4354 1.72472 0.0489789 -40.578 -61.503 1.7178
-40.7291 -61.5091 1.71635 0.225615 -40.578 -61.503 1.7178
-40.3924 -61.5295 1.71987 1.04261 -40.578 -61.503 1.7178
-40.3814 -61.4904 1.72357 0.548581 -40.578 -61.503 1.7178
-40.4723 -61.5155 1.72208 0.883182 -40.578 -61.503 1.7178
-40.7774 -61.4933 1.71302 0.079847 -40.578 -61.503 1.7178
-40.3814 -61.4904 1.72357 0.548581 -40.578 -61.503 1.7178
-40.7509 -61.6053 1.71748 0.069388 -40.578 -61.503 1.7178
-40.3924 -61.5295 1.71987 1.04261 -40.578 -61.503 1.7178
-40.6518 -61.4176 1.71513 0.687329 -40.578 -61.503 1.7178
-40.4302 -61.2405 1.71456 0.307792 -40.578 -61.503 1.7178
-40.3814 -61.4904 1.72357 0.548581 -40.578 -61.503 1.7178
-40.5974 -61.397 1.71973 0.721686 -40.578 -61.503 1.7178
-40.3924 -61.5295 1.71987 1.04261 -40.578 -61.503 1.7178
-40.3924 -61.5295 1.71987 1.04261 -40.578 -61.503 1.7178
-40.3152 -61.5714 1.72087 0.483075 -40.578 -61.503 1.7178
-40.4723 -61.5155 1.72208 0.883182 -40.578 -61.503 1.7178
-40.365 -61.2254 1.71907 0.176588 -40.578 -61.503 1.7178
-40.4723 -61.5155 1.72208 0.883182 -40.578 -61.503 1.7178
-40.3152 -61.5714 1.72087 0.483075 -40.578 -61.503 1.7178
-40.3814 -61.4904 1.72357 0.548581 -40.578 -61.503 1.7178
-40.3924 -61.5295 1.71987 1.04261 -40.578 -61.503 1.7178
-40.6518 -61.4176 1.71513 0.687329 -40.578 -61.503 1.7178
-40.3187 -61.7199 1.72349 0.0944209 -40.578 -61.503 1.7178
-40.3814 -61.4904 1.72357 0.548581 -40.578 -61.503 1.7178
-40.3814 -61.4904 1.72357 0.548581 -40.578 -61.503 1.7178
-40.4699 -61.2167 1.71634 0.329438 -40.578 -61.503 1.7178
-40.3924 -61.5295 1.71987 1.04261 -40.578 -61.503 1.7178
-40.3814 -61.4904 1.72357 0.548581 -40.578 -61.503 1.7178
-40.6805 -61.4341 1.712 0.247715 -40.578 -61.503 1.7178
-40.4723 -61.5155 1.72208 0.883182 -40.578 -61.503 1.7178
-40.4302 -61.2405 1.71456 0.307792 -40.578 -61.503 1.7178
-40.3924 -61.5295 1.71987 1.04261 -40.578 -61.503 1.7178
-40.6681 -61.4722 1.7193 0.426096 -40.578 -61.503 1.7178
-40.4723 -61.5155 1.72208 0.883182 -40.578 -61.503 1.7178
-40.4975 -61.4007 1.72367 0.305277 -40.578 -61.503 1.7178
-40.6805 -61.4341 1.712 0.247715 -40.578 -61.503 1.7178
-40.4187 -61.5263 1.72054 1.12945 -40.578 -61.503 1.7178
-40.2624 -61.2777 1.71988 0.112296 -40.578 -61.503 1.7178
-40.3924 -61.5295 1.71987 1.04261 -40.578 -61.503 1.7178
-40.4187 -61.5263 1.72054 1.12945 -40.578 -61.503 1.7178
-40.3814 -61.4904 1.72357 0.548581 -40.578 -61.503 1.7178
-40.3152 -61.5714 1.72087 0.483075 -40.578 -61.503 1.7178
-40.4699 -61.2167 1.71634 0.329438 -40.578 -61.503 1.7178
-40.5974 -61.397 1.71973 0.721686 -40.578 -61.503 1.7178
-40.2424 -61.3492 1.71491 0.066334 -40.578 -61.503 1.7178
-40.4723 -61.5155 1.72208 0.883182 -40.578 -61.503 1.7178
-40.6805 -61.4341 1.712 0.247715 -40.578 -61.503 1.7178
-40.4699 -61.2167 1.71634 0.329438 -40.578 -61.503 1.7178
-40.3814 -61.4904 1.72357 0.548581 -40.578 -61.503 1.7178
-40.5974 -61.397 1.71973 0.721686 -40.578 -61.503 1.7178
-40.4172 -61.848 1.71966 0.00944718 -40.578 -61.503 1.7178
-40.3924 -61.5295 1.71987 1.04261 -40.578 -61.503 1.7178
-40.3814 -61.4904 1.72357 0.548581 -40.578 -61.503 1.7178
-40.3924 -61.5295 1.71987 1.04261 -40.578 -61.503 1.7178
-40.3152 -61.5714 1.72087 0.483075 -40.578 -61.503 1.7178
-40.4723 -61.5155 1.72208 0.883182 -40.578 -61.503 1.7178
-40.6518 -61.4176 1.71513 0.687329 -40.578 -61.503 1.7178
-40.5974 -61.397 1.71973 0.721686 -40.578 -61.503 1.7178
-40.4723 -61.5155 1.72208 0.883182 -40.578 -61.503 1.7178
-40.6518 -61.4176 1.71513 0.687329 -40.578 -61.503 1.7178
-40.5786 -61.7557 1.72561 0.0145425 -40.578 -61.503 1.7178
-40.3924 -61.5295 1.71987 1.04261 -40.578 -61.503 1.7178
-40.6518 -61.4176 1.71513 0.687329 -40.578 -61.503 1.7178
-40.6518 -61.4176 1.71513 0.687329 -40.578 -61.503 1.7178
-40.3152 -61.5714 1.72087 0.483075 -40.578 -61.503 1.7178
-40.31 -61.481 1.71958 0.625943 -40.578 -61.503 1.7178
-40.6518 -61.4176 1.71513 0.687329 -40.578 -61.503 1.7178
-40.3814 -61.4904 1.72357 0.548581 -40.578 -61.503 1.7178
-40.4302 -61.2405 1.71456 0.307792 -40.578 -61.503 1.7178
-40.3928 -61.6504 1.72387 0.269936 -40.578 -61.503 1.7178
-40.4187 -61.5263 1.72054 1.12945 -40.578 -61.503 1.7178
-40.3928 -61.6504 1.72387 0.269936 -40.578 -61.503 1.7178
-40.5974 -61.397 1.71973 0.721686 -40.578 -61.503 1.7178
-40.3924 -61.5295 1.71987 1.04261 -40.578 -61.503 1.7178
-40.4187 -61.5263 1.72054 1.12945 -40.578 -61.503 1.7178
-40.3924 -61.5295 1.71987 1.04261 -40.578 -61.503 1.7178
-40.3928 -61.6504 1.72387 0.269936 -40.578 -61.503 1.7178
-40.31 -61.481 1.71958 0.625943 -40.578 -61.503 1.7178
-40.4187 -61.5263 1.72054 1.12945 -40.578 -61.503 1.7178
-40.4723 -61.5155 1.72208 0.883182 -40.578 -61.503 1.7178
-40.4975 -61.4007 1.72367 0.305277 -40.578 -61.503 1.7178
-40.4187 -61.5263 1.72054 1.12945 -40.578 -61.503 1.7178
-40.6681 -61.4722 1.7193 0.426096 -40.578 -61.503 1.7178
-40.4723 -61.5155 1.72208 0.883182 -40.578 -61.503 1.7178
-40.3924 -61.5295 1.71987 1.04261 -40.578 -61.503 1.7178
-40.3924 -61.5295 1.71987 1.04261 -40.578 -61.503 1.7178
-40.3814 -61.4904 1.72357 0.548581 -40.578 -61.503 1.7178
-40.3924 -61.5295 1.71987 1.04261 -40.578 -61.503 1.7178
-40.3928 -61.6504 1.72387 0.269936 -40.578 -61.503 1.7178
-40.6518 -61.4176 1.71513 0.687329 -40.578 -61.503 1.7178
-40.31 -61.481 1.71958 0.625943 -40.578 -61.503 1.7178
-40.3924 -61.5295 1.71987 1.04261 -40.578 -61.503 1.7178
-40.365 -61.2254 1.71907 0.176588 -40.578 -61.503 1.7178
-40.6596 -61.4975 1.7095 0.0485368 -40.578 -61.503 1.7178
-40.5718 -61.37 1.70752 0.0292371 -40.578 -61.503 1.7178
-40.6681 -61.4722 1.7193 0.426096 -40.578 -61.503 1.7178
-40.4975 -61.4007 1.72367 0.305277 -40.578 -61.503 1.7178
-40.4723 -61.5155 1.72208 0.883182 -40.578 -61.503 1.7178
-40.7772 -61.5111 1.71198 0.0504388 -40.578 -61.503 1.7178
-40.6518 -61.4176 1.71513 0.687329 -40.578 -61.503 1.7178
-40.3814 -61.4904 1.72357 0.548581 -40.578 -61.503 1.7178
-40.3928 -61.6504 1.72387 0.269936 -40.578 -61.503 1.7178
-40.3924 -61.5295 1.71987 1.04261 -40.578 -61.503 1.7178
-40.1929 -61.301 1.72248 0.0344613 -40.578 -61.503 1.7178
-40.8634 -61.4503 1.72233 0.00182513 -40.578 -61.503 1.7178
-40.4187 -61.5263 1.72054 1.12945 -40.578 -61.503 1.7178
-40.2624 -61.2777 1.71988 0.112296 -40.578 -61.503 1.7178
-40.6518 -61.4176 1.71513 0.687329 -40.578 -61.503 1.7178
-40.4187 -61.5263 1.72054 1.12945 -40.578 -61.503 1.7178
-40.5111 -61.5643 1.71299 0.204291 -40.578 -61.503 1.7178
-40.5111 -61.5643 1.71299 0.204291 -40.578 -61.503 1.7178
-40.4302 -61.2405 1.71456 0.307792 -40.578 -61.503 1.7178
-40.4187 -61.5263 1.72054 1.12945 -40.578 -61.503 1.7178
-40.3924 -61.5295 1.71987 1.04261 -40.578 -61.503 1.7178
-40.4723 -61.5155 1.72208 0.883182 -40.578 -61.503 1.7178
-40.5974 -61.397 1.71973 0.721686 -40.578 -61.503 1.7178
-40.3924 -61.5295 1.71987 1.04261 -40.578 -61.503 1.7178
-40.3814 -61.4904 1.72357 0.548581 -40.578 -61.503 1.7178
