175.358 -10.8968 3.22241 0.00402027 175.44 -10.789 3.2231
175.305 -10.7111 3.22276 0.00627362 175.44 -10.789 3.2231
175.453 -10.8202 3.21758 0.00557729 175.44 -10.789 3.2231
175.38 -10.7449 3.22391 0.00649222 175.44 -10.789 3.2231
175.48 -10.7651 3.22154 0.00842179 175.44 -10.789 3.2231
175.096 -10.8884 3.21661 0.00102202 175.44 -10.789 3.2231
175.351 -10.5524 3.22316 0.00178342 175.44 -10.789 3.2231
175.48 -10.7651 3.22154 0.00842179 175.44 -10.789 3.2231
175.445 -10.7968 3.21356 0.00114217 175.44 -10.789 3.2231
175.282 -10.8404 3.21516 0.00619752 175.44 -10.789 3.2231
175.427 -10.7074 3.2175 0.00769432 175.44 -10.789 3.2231
175.427 -10.7074 3.2175 0.00769432 175.44 -10.789 3.2231
175.48 -10.7651 3.22154 0.00842179 175.44 -10.789 3.2231
175.427 -10.7074 3.2175 0.00769432 175.44 -10.789 3.2231
175.376 -10.9135 3.22147 0.00418339 175.44 -10.789 3.2231
175.561 -10.76 3.21947 0.00262491 175.44 -10.789 3.2231
175.37 -10.6217 3.2184 0.00702777 175.44 -10.789 3.2231
175.489 -10.8299 3.22355 0.00477306 175.44 -10.789 3.2231
175.298 -10.7142 3.22104 0.00978448 175.44 -10.789 3.2231
175.38 -10.7449 3.22391 0.00649222 175.44 -10.789 3.2231
175.37 -10.6217 3.2184 0.00702777 175.44 -10.789 3.2231
175.305 -10.7111 3.22276 0.00627362 175.44 -10.789 3.2231
175.358 -10.8968 3.22241 0.00402027 175.44 -10.789 3.2231
175.445 -10.7968 3.21356 0.00114217 175.44 -10.789 3.2231
175.298 -10.7142 3.22104 0.00978448 175.44 -10.789 3.2231
175.491 -10.7953 3.22489 0.00399582 175.44 -10.789 3.2231
175.453 -10.8202 3.21758 0.00557729 175.44 -10.789 3.2231
175.561 -10.76 3.21947 0.00262491 175.44 -10.789 3.2231
175.376 -10.9135 3.22147 0.00418339 175.44 -10.789 3.2231
175.298 -10.7142 3.22104 0.00978448 175.44 -10.789 3.2231
175.351 -10.5524 3.22316 0.00178342 175.44 -10.789 3.2231
175.305 -10.7111 3.22276 0.00627362 175.44 -10.789 3.2231
175.351 -10.5524 3.22316 0.00178342 175.44 -10.789 3.2231
175.453 -10.8202 3.21758 0.00557729 175.44 -10.789 3.2231
175.489 -10.8299 3.22355 0.00477306 175.44 -10.789 3.2231
175.38 -10.7449 3.22391 0.00649222 175.44 -10.789 3.2231
175.181 -10.592 3.22064 0.00130204 175.44 -10.789 3.2231
175.358 -10.8968 3.22241 0.00402027 175.44 -10.789 3.2231
175.73 -10.6821 3.22746 0.000115066 175.44 -10.789 3.2231
175.096 -10.8884 3.21661 0.00102202 175.44 -10.789 3.2231
175.427 -10.7074 3.2175 0.00769432 175.44 -10.789 3.2231
175.48 -10.7651 3.22154 0.00842179 175.44 -10.789 3.2231
175.282 -10.8404 3.21516 0.00619752 175.44 -10.789 3.2231
175.376 -10.9135 3.22147 0.00418339 175.44 -10.789 3.2231
175.298 -10.7142 3.22104 0.00978448 175.44 -10.789 3.2231
175.561 -10.76 3.21947 0.00262491 175.44 -10.789 3.2231
175.441 -10.5727 3.22322 0.00260827 175.44 -10.789 3.2231
175.453 -10.8202 3.21758 0.00557729 175.44 -10.789 3.2231
175.489 -10.8299 3.22355 0.00477306 175.44 -10.789 3.2231
175.561 -10.76 3.21947 0.00262491 175.44 -10.789 3.2231
175.305 -10.7111 3.22276 0.00627362 175.44 -10.789 3.2231
175.37 -10.6217 3.2184 0.00702777 175.44 -10.789 3.2231
174.992 -10.8339 3.2162 0.000210683 175.44 -10.789 3.2231
175.298 -10.7142 3.22104 0.00978448 175.44 -10.789 3.2231
175.592 -10.9651 3.22568 0.000235985 175.44 -10.789 3.2231
175.189 -10.824 3.22035 0.00331777 175.44 -10.789 3.2231
175.427 -10.7074 3.2175 0.00769432 175.44 -10.789 3.2231
175.427 -10.7074 3.2175 0.00769432 175.44 -10.789 3.2231
175.427 -10.7074 3.2175 0.00769432 175.44 -10.789 3.2231
175.489 -10.8299 3.22355 0.00477306 175.44 -10.789 3.2231
175.193 -10.8253 3.22367 0.00080036 175.44 -10.789 3.2231
175.48 -10.7651 3.22154 0.00842179 175.44 -10.789 3.2231
175.358 -10.8968 3.22241 0.00402027 175.44 -10.789 3.2231
175.358 -10.8968 3.22241 0.00402027 175.44 -10.789 3.2231
175.453 -10.8202 3.21758 0.00557729 175.44 -10.789 3.2231
175.427 -10.7074 3.2175 0.00769432 175.44 -10.789 3.2231
175.427 -10.7074 3.2175 0.00769432 175.44 -10.789 3.2231
175.48 -10.7651 3.22154 0.00842179 175.44 -10.789 3.2231
175.206 -10.9028 3.22382 0.000441606 175.44 -10.789 3.2231
175.282 -10.8404 3.21516 0.00619752 175.44 -10.789 3.2231
175.376 -10.9135 3.22147 0.00418339 175.44 -10.789 3.2231
175.305 -10.7111 3.22276 0.00627362 175.44 -10.789 3.2231
175.298 -10.7142 3.22104 0.00978448 175.44 -10.789 3.2231
175.353 -10.5509 3.2194 0.00311026 175.44 -10.789 3.2231
175.298 -10.7142 3.22104 0.00978448 175.44 -10.789 3.2231
175.193 -10.8253 3.22367 0.00080036 175.44 -10.789 3.2231
175.298 -10.7142 3.22104 0.00978448 175.44 -10.789 3.2231
175.298 -10.7142 3.22104 0.00978448 175.44 -10.789 3.2231
175.282 -10.8404 3.21516 0.00619752 175.44 -10.789 3.2231
175.37 -10.6217 3.2184 0.00702777 175.44 -10.789 3.2231
175.298 -10.7142 3.22104 0.00978448 175.44 -10.789 3.2231
175.353 -10.5509 3.2194 0.00311026 175.44 -10.789 3.2231
175.489 -10.8299 3.22355 0.00477306 175.44 -10.789 3.2231
175.096 -10.8884 3.21661 0.00102202 175.44 -10.789 3.2231
175.353 -10.5509 3.2194 0.00311026 175.44 -10.789 3.2231
175.132 -10.8574 3.22316 0.000259035 175.44 -10.789 3.2231
175.491 -10.7953 3.22489 0.00399582 175.44 -10.789 3.2231
175.282 -10.8404 3.21516 0.00619752 175.44 -10.789 3.2231
175.41 -10.5506 3.22753 0.000297986 175.44 -10.789 3.2231
175.427 -10.7074 3.2175 0.00769432 175.44 -10.789 3.2231
175.282 -10.8404 3.21516 0.00619752 175.44 -10.789 3.2231
175.189 -10.824 3.22035 0.00331777 175.44 -10.789 3.2231
175.305 -10.7111 3.22276 0.00627362 175.44 -10.789 3.2231
175.38 -10.7449 3.22391 0.00649222 175.44 -10.789 3.2231
175.298 -10.7142 3.22104 0.00978448 175.44 -10.789 3.2231
175.181 -10.592 3.22064 0.00130204 175.44 -10.789 3.2231
175.298 -10.7142 3.22104 0.00978448 175.44 -10.789 3.2231
175.305 -10.7111 3.22276 0.00627362 175.44 -10.789 3.2231
175.189 -10.824 3.22035 0.00331777 175.44 -10.789 3.2231
175.41 -10.5506 3.22753 0.000297986 175.44 -10.789 3.2231
175.298 -10.7142 3.22104 0.00978448 175.44 -10.789 3.2231
175.298 -10.7142 3.22104 0.00978448 175.44 -10.789 3.2231
175.453 -10.8202 3.21758 0.00557729 175.44 -10.789 3.2231
175.37 -10.6217 3.2184 0.00702777 175.44 -10.789 3.2231
175.096 -10.8884 3.21661 0.00102202 175.44 -10.789 3.2231
175.239 -10.5976 3.2222 0.00178399 175.44 -10.789 3.2231
175.305 -10.7111 3.22276 0.00627362 175.44 -10.789 3.2231
175.445 -10.7968 3.21356 0.00114217 175.44 -10.789 3.2231
175.48 -10.7651 3.22154 0.00842179 175.44 -10.789 3.2231
175.37 -10.6217 3.2184 0.00702777 175.44 -10.789 3.2231
175.453 -10.8202 3.21758 0.00557729 175.44 -10.789 3.2231
175.096 -10.8884 3.21661 0.00102202 175.44 -10.789 3.2231
175.578 -10.9057 3.22178 0.00108199 175.44 -10.789 3.2231
175.305 -10.7111 3.22276 0.00627362 175.44 -10.789 3.2231
175.096 -10.8884 3.21661 0.00102202 175.44 -10.789 3.2231
175.282 -10.8404 3.21516 0.00619752 175.44 -10.789 3.2231
175.441 -10.5727 3.22322 0.00260827 175.44 -10.789 3.2231
175.298 -10.7142 3.22104 0.00978448 175.44 -10.789 3.2231
175.453 -10.8202 3.21758 0.00557729 175.44 -10.789 3.2231
175.362 -10.6697 3.22667 0.00122082 175.44 -10.789 3.2231
175.48 -10.7651 3.22154 0.00842179 175.44 -10.789 3.2231
175.376 -10.9135 3.22147 0.00418339 175.44 -10.789 3.2231
175.353 -10.5509 3.2194 0.00311026 175.44 -10.789 3.2231
175.453 -10.8202 3.21758 0.00557729 175.44 -10.789 3.2231
175.298 -10.7142 3.22104 0.00978448 175.44 -10.789 3.2231
175.305 -10.7111 3.22276 0.00627362 175.44 -10.789 3.2231
175.561 -10.76 3.21947 0.00262491 175.44 -10.789 3.2231
175.298 -10.7142 3.22104 0.00978448 175.44 -10.789 3.2231
175.376 -10.9135 3.22147 0.00418339 175.44 -10.789 3.2231
175.489 -10.8299 3.22355 0.00477306 175.44 -10.789 3.2231
175.491 -10.7953 3.22489 0.00399582 175.44 -10.789 3.2231
175.453 -10.8202 3.21758 0.00557729 175.44 -10.789 3.2231
175.453 -10.8202 3.21758 0.00557729 175.44 -10.789 3.2231
175.48 -10.7651 3.22154 0.00842179 175.44 -10.789 3.2231
175.453 -10.8202 3.21758 0.00557729 175.44 -10.789 3.2231
175.38 -10.7449 3.22391 0.00649222 175.44 -10.789 3.2231
175.298 -10.7142 3.22104 0.00978448 175.44 -10.789 3.2231
175.37 -10.6217 3.2184 0.00702777 175.44 -10.789 3.2231
175.189 -10.824 3.22035 0.00331777 175.44 -10.789 3.2231
175.38 -10.7449 3.22391 0.00649222 175.44 -10.789 3.2231
175.38 -10.7449 3.22391 0.00649222 175.44 -10.789 3.2231
175.453 -10.8202 3.21758 0.00557729 175.44 -10.789 3.2231
175.427 -10.7074 3.2175 0.00769432 175.44 -10.789 3.2231
175.491 -10.7953 3.22489 0.00399582 175.44 -10.789 3.2231
175.489 -10.8299 3.22355 0.00477306 175.44 -10.789 3.2231
175.305 -10.7111 3.22276 0.00627362 175.44 -10.789 3.2231
175.367 -10.5635 3.21695 0.00264818 175.44 -10.789 3.2231
175.298 -10.7142 3.22104 0.00978448 175.44 -10.789 3.2231
175.37 -10.6217 3.2184 0.00702777 175.44 -10.789 3.2231
175.48 -10.7651 3.22154 0.00842179 175.44 -10.789 3.2231
175.491 -10.7953 3.22489 0.00399582 175.44 -10.789 3.2231
175.298 -10.7142 3.22104 0.00978448 175.44 -10.789 3.2231
175.489 -10.8299 3.22355 0.00477306 175.44 -10.789 3.2231
175.427 -10.7074 3.2175 0.00769432 175.44 -10.789 3.2231
175.38 -10.7449 3.22391 0.00649222 175.44 -10.789 3.2231
175.37 -10.6217 3.2184 0.00702777 175.44 -10.789 3.2231
175.427 -10.7074 3.2175 0.00769432 175.44 -10.789 3.2231
175.239 -10.5976 3.2222 0.00178399 175.44 -10.789 3.2231
175.37 -10.6217 3.2184 0.00702777 175.44 -10.789 3.2231
175.376 -10.9135 3.22147 0.00418339 175.44 -10.789 3.2231
175.298 -10.7142 3.22104 0.00978448 175.44 -10.789 3.2231
175.305 -10.7111 3.22276 0.00627362 175.44 -10.789 3.2231
175.561 -10.76 3.21947 0.00262491 175.44 -10.789 3.2231
175.37 -10.6217 3.2184 0.00702777 175.44 -10.789 3.2231
175.282 -10.8404 3.21516 0.00619752 175.44 -10.789 3.2231
175.489 -10.8299 3.22355 0.00477306 175.44 -10.789 3.2231
175.48 -10.7651 3.22154 0.00842179 175.44 -10.789 3.2231
175.427 -10.7074 3.2175 0.00769432 175.44 -10.789 3.2231
175.298 -10.7142 3.22104 0.00978448 175.44 -10.789 3.2231
175.298 -10.7142 3.22104 0.00978448 175.44 -10.789 3.2231
175.489 -10.8299 3.22355 0.00477306 175.44 -10.789 3.2231
175.489 -10.8299 3.22355 0.00477306 175.44 -10.789 3.2231
175.427 -10.7074 3.2175 0.00769432 175.44 -10.789 3.2231
175.181 -10.592 3.22064 0.00130204 175.44 -10.789 3.2231
175.298 -10.7142 3.22104 0.00978448 175.44 -10.789 3.2231
175.441 -10.5727 3.22322 0.00260827 175.44 -10.789 3.2231
175.48 -10.7651 3.22154 0.00842179 175.44 -10.789 3.2231
175.37 -10.6217 3.2184 0.00702777 175.44 -10.789 3.2231
175.37 -10.6217 3.2184 0.00702777 175.44 -10.789 3.2231
175.491 -10.7953 3.22489 0.00399582 175.44 -10.789 3.2231
175.427 -10.7074 3.2175 0.00769432 175.44 -10.789 3.2231
175.298 -10.7142 3.22104 0.00978448 175.44 -10.789 3.2231
175.48 -10.7651 3.22154 0.00842179 175.44 -10.789 3.2231
175.565 -10.5678 3.22335 0.000999611 175.44 -10.789 3.2231
175.489 -10.8299 3.22355 0.00477306 175.44 -10.789 3.2231
175.189 -10.824 3.22035 0.00331777 175.44 -10.789 3.2231
175.453 -10.8202 3.21758 0.00557729 175.44 -10.789 3.2231
175.587 -10.9413 3.2215 0.000569294 175.44 -10.789 3.2231
175.305 -10.7111 3.22276 0.00627362 175.44 -10.789 3.2231
175.353 -10.5509 3.2194 0.00311026 175.44 -10.789 3.2231
175.427 -10.7074 3.2175 0.00769432 175.44 -10.789 3.2231
175.427 -10.7074 3.2175 0.00769432 175.44 -10.789 3.2231
175.305 -10.7111 3.22276 0.00627362 175.44 -10.789 3.2231
175.305 -10.7111 3.22276 0.00627362 175.44 -10.789 3.2231
175.305 -10.7111 3.22276 0.00627362 175.44 -10.789 3.2231
175.427 -10.7074 3.2175 0.00769432 175.44 -10.789 3.2231
175.561 -10.76 3.21947 0.00262491 175.44 -10.789 3.2231
175.37 -10.6217 3.2184 0.00702777 175.44 -10.789 3.2231
175.38 -10.7449 3.22391 0.00649222 175.44 -10.789 3.2231
175.19 -10.7673 3.22533 0.000323368 175.44 -10.789 3.2231
