29.8752 9.94095 0.173213 0.0262295 29.848 10.162 0.17546
29.9295 10.146 0.17469 0.0870054 29.848 10.162 0.17546
29.9295 10.146 0.17469 0.0870054 29.848 10.162 0.17546
29.9293 9.98537 0.170951 0.0406456 29.848 10.162 0.17546
29.9295 10.146 0.17469 0.0870054 29.848 10.162 0.17546
29.9295 10.146 0.17469 0.0870054 29.848 10.162 0.17546
29.8752 9.94095 0.173213 0.0262295 29.848 10.162 0.17546
29.9295 10.146 0.17469 0.0870054 29.848 10.162 0.17546
29.7483 10.1736 0.175893 0.0314462 29.848 10.162 0.17546
29.8583 10.1515 0.17105 0.0265065 29.848 10.162 0.17546
30.1582 10.0432 0.172728 0.00820819 29.848 10.162 0.17546
29.9295 10.146 0.17469 0.0870054 29.848 10.162 0.17546
30.0414 10.0148 0.16838 0.0272396 29.848 10.162 0.17546
29.841 9.84139 0.173794 0.00282132 29.848 10.162 0.17546
29.8261 9.93825 0.175509 0.0184327 29.848 10.162 0.17546
29.8583 10.1515 0.17105 0.0265065 29.848 10.162 0.17546
30.1191 10.1602 0.169608 0.0159455 29.848 10.162 0.17546
29.9295 10.146 0.17469 0.0870054 29.848 10.162 0.17546
29.7483 10.1736 0.175893 0.0314462 29.848 10.162 0.17546
29.9295 10.146 0.17469 0.0870054 29.848 10.162 0.17546
29.9295 10.146 0.17469 0.0870054 29.848 10.162 0.17546
30.3618 10.1728 0.163512 3.50324e-05 29.848 10.162 0.17546
30.1582 10.0432 0.172728 0.00820819 29.848 10.162 0.17546
29.8201 10.1762 0.170218 0.00731293 29.848 10.162 0.17546
30.1191 10.1602 0.169608 0.0159455 29.848 10.162 0.17546
29.7483 10.1736 0.175893 0.0314462 29.848 10.162 0.17546
29.9295 10.146 0.17469 0.0870054 29.848 10.162 0.17546
29.7451 10.0599 0.182638 0.00469477 29.848 10.162 0.17546
29.8752 9.94095 0.173213 0.0262295 29.848 10.162 0.17546
30.0414 10.0148 0.16838 0.0272396 29.848 10.162 0.17546
29.9435 10.0521 0.168216 0.018698 29.848 10.162 0.17546
29.7483 10.1736 0.175893 0.0314462 29.848 10.162 0.17546
29.9295 10.146 0.17469 0.0870054 29.848 10.162 0.17546
29.9295 10.146 0.17469 0.0870054 29.848 10.162 0.17546
29.8201 10.1762 0.170218 0.00731293 29.848 10.162 0.17546
30.0414 10.0148 0.16838 0.0272396 29.848 10.162 0.17546
29.7483 10.1736 0.175893 0.0314462 29.848 10.162 0.17546
30.0144 10.2064 0.179297 0.00375286 29.848 10.162 0.17546
29.753 10.1584 0.1701 0.00197242 29.848 10.162 0.17546
29.7152 10.2374 0.176952 0.0135135 29.848 10.162 0.17546
29.9435 10.0521 0.168216 0.018698 29.848 10.162 0.17546
29.9295 10.146 0.17469 0.0870054 29.848 10.162 0.17546
29.8999 9.92851 0.1736 0.0241001 29.848 10.162 0.17546
29.9295 10.146 0.17469 0.0870054 29.848 10.162 0.17546
29.9435 10.0521 0.168216 0.018698 29.848 10.162 0.17546
29.9295 10.146 0.17469 0.0870054 29.848 10.162 0.17546
29.8752 9.94095 0.173213 0.0262295 29.848 10.162 0.17546
29.8583 10.1515 0.17105 0.0265065 29.848 10.162 0.17546
29.8583 10.1515 0.17105 0.0265065 29.848 10.162 0.17546
29.7483 10.1736 0.175893 0.0314462 29.848 10.162 0.17546
29.7152 10.2374 0.176952 0.0135135 29.848 10.162 0.17546
29.8261 9.93825 0.175509 0.0184327 29.848 10.162 0.17546
29.7152 10.2374 0.176952 0.0135135 29.848 10.162 0.17546
30.1582 10.0432 0.172728 0.00820819 29.848 10.162 0.17546
29.9295 10.146 0.17469 0.0870054 29.848 10.162 0.17546
30.0414 10.0148 0.16838 0.0272396 29.848 10.162 0.17546
29.9295 10.146 0.17469 0.0870054 29.848 10.162 0.17546
29.7483 10.1736 0.175893 0.0314462 29.848 10.162 0.17546
29.9293 9.98537 0.170951 0.0406456 29.848 10.162 0.17546
29.9293 9.98537 0.170951 0.0406456 29.848 10.162 0.17546
29.8201 10.1762 0.170218 0.00731293 29.848 10.162 0.17546
30.1315 9.90212 0.167799 0.00497429 29.848 10.162 0.17546
30.1191 10.1602 0.169608 0.0159455 29.848 10.162 0.17546
30.0965 10.029 0.175767 0.00651493 29.848 10.162 0.17546
29.8583 10.1515 0.17105 0.0265065 29.848 10.162 0.17546
29.8752 9.94095 0.173213 0.0262295 29.848 10.162 0.17546
29.7483 10.1736 0.175893 0.0314462 29.848 10.162 0.17546
30.0414 10.0148 0.16838 0.0272396 29.848 10.162 0.17546
29.8583 10.1515 0.17105 0.0265065 29.848 10.162 0.17546
29.9295 10.146 0.17469 0.0870054 29.848 10.162 0.17546
29.7632 10.1999 0.175547 0.0289451 29.848 10.162 0.17546
29.9293 9.98537 0.170951 0.0406456 29.848 10.162 0.17546
29.7483 10.1736 0.175893 0.0314462 29.848 10.162 0.17546
30.0414 10.0148 0.16838 0.0272396 29.848 10.162 0.17546
29.7632 10.1999 0.175547 0.0289451 29.848 10.162 0.17546
29.9295 10.146 0.17469 0.0870054 29.848 10.162 0.17546
29.8999 9.92851 0.1736 0.0241001 29.848 10.162 0.17546
29.9295 10.146 0.17469 0.0870054 29.848 10.162 0.17546
29.9295 10.146 0.17469 0.0870054 29.848 10.162 0.17546
29.9295 10.146 0.17469 0.0870054 29.848 10.162 0.17546
29.7632 10.1999 0.175547 0.0289451 29.848 10.162 0.17546
29.7483 10.1736 0.175893 0.0314462 29.848 10.162 0.17546
29.9293 9.98537 0.170951 0.0406456 29.848 10.162 0.17546
30.0414 10.0148 0.16838 0.0272396 29.848 10.162 0.17546
30.0965 10.029 0.175767 0.00651493 29.848 10.162 0.17546
29.8201 10.1762 0.170218 0.00731293 29.848 10.162 0.17546
30.1582 10.0432 0.172728 0.00820819 29.848 10.162 0.17546
29.9295 10.146 0.17469 0.0870054 29.848 10.162 0.17546
29.9295 10.146 0.17469 0.0870054 29.848 10.162 0.17546
29.9295 10.146 0.17469 0.0870054 29.848 10.162 0.17546
29.9295 10.146 0.17469 0.0870054 29.848 10.162 0.17546
30.1582 10.0432 0.172728 0.00820819 29.848 10.162 0.17546
29.7451 10.0599 0.182638 0.00469477 29.848 10.162 0.17546
29.7483 10.1736 0.175893 0.0314462 29.848 10.162 0.17546
29.7483 10.1736 0.175893 0.0314462 29.848 10.162 0.17546
29.8261 9.93825 0.175509 0.0184327 29.848 10.162 0.17546
29.8752 9.94095 0.173213 0.0262295 29.848 10.162 0.17546
29.7632 10.1999 0.175547 0.0289451 29.848 10.162 0.17546
30.1315 9.90212 0.167799 0.00497429 29.848 10.162 0.17546
30.1191 10.1602 0.169608 0.0159455 29.848 10.162 0.17546
29.9293 9.98537 0.170951 0.0406456 29.848 10.162 0.17546
29.7483 10.1736 0.175893 0.0314462 29.848 10.162 0.17546
29.7152 10.2374 0.176952 0.0135135 29.848 10.162 0.17546
29.9293 9.98537 0.170951 0.0406456 29.848 10.162 0.17546
30.0414 10.0148 0.16838 0.0272396 29.848 10.162 0.17546
29.7632 10.1999 0.175547 0.0289451 29.848 10.162 0.17546
29.9435 10.0521 0.168216 0.018698 29.848 10.162 0.17546
29.9231 10.1848 0.182999 0.00101982 29.848 10.162 0.17546
29.9295 10.146 0.17469 0.0870054 29.848 10.162 0.17546
29.7483 10.1736 0.175893 0.0314462 29.848 10.162 0.17546
29.8999 9.92851 0.1736 0.0241001 29.848 10.162 0.17546
29.9293 9.98537 0.170951 0.0406456 29.848 10.162 0.17546
29.9687 10.0982 0.180637 0.00359704 29.848 10.162 0.17546
29.9295 10.146 0.17469 0.0870054 29.848 10.162 0.17546
29.7632 10.1999 0.175547 0.0289451 29.848 10.162 0.17546
29.9295 10.146 0.17469 0.0870054 29.848 10.162 0.17546
29.9293 9.98537 0.170951 0.0406456 29.848 10.162 0.17546
30.0414 10.0148 0.16838 0.0272396 29.848 10.162 0.17546
29.7632 10.1999 0.175547 0.0289451 29.848 10.162 0.17546
29.9295 10.146 0.17469 0.0870054 29.848 10.162 0.17546
29.7632 10.1999 0.175547 0.0289451 29.848 10.162 0.17546
29.7483 10.1736 0.175893 0.0314462 29.848 10.162 0.17546
29.9295 10.146 0.17469 0.0870054 29.848 10.162 0.17546
29.9295 10.146 0.17469 0.0870054 29.848 10.162 0.17546
29.8752 9.94095 0.173213 0.0262295 29.848 10.162 0.17546
29.7632 10.1999 0.175547 0.0289451 29.848 10.162 0.17546
29.9293 9.98537 0.170951 0.0406456 29.848 10.162 0.17546
29.9295 10.146 0.17469 0.0870054 29.848 10.162 0.17546
29.8583 10.1515 0.17105 0.0265065 29.848 10.162 0.17546
29.7632 10.1999 0.175547 0.0289451 29.848 10.162 0.17546
30.0414 10.0148 0.16838 0.0272396 29.848 10.162 0.17546
29.7632 10.1999 0.175547 0.0289451 29.848 10.162 0.17546
29.8999 9.92851 0.1736 0.0241001 29.848 10.162 0.17546
30.1582 10.0432 0.172728 0.00820819 29.848 10.162 0.17546
29.7152 10.2374 0.176952 0.0135135 29.848 10.162 0.17546
30.0414 10.0148 0.16838 0.0272396 29.848 10.162 0.17546
29.8999 9.92851 0.1736 0.0241001 29.848 10.162 0.17546
30.1582 10.0432 0.172728 0.00820819 29.848 10.162 0.17546
29.9293 9.98537 0.170951 0.0406456 29.848 10.162 0.17546
29.9295 10.146 0.17469 0.0870054 29.848 10.162 0.17546
29.8261 9.93825 0.175509 0.0184327 29.848 10.162 0.17546
29.9295 10.146 0.17469 0.0870054 29.848 10.162 0.17546
29.8261 9.93825 0.175509 0.0184327 29.848 10.162 0.17546
29.7632 10.1999 0.175547 0.0289451 29.848 10.162 0.17546
29.9295 10.146 0.17469 0.0870054 29.848 10.162 0.17546
29.7483 10.1736 0.175893 0.0314462 29.848 10.162 0.17546
29.7483 10.1736 0.175893 0.0314462 29.848 10.162 0.17546
29.9293 9.98537 0.170951 0.0406456 29.848 10.162 0.17546
29.7483 10.1736 0.175893 0.0314462 29.848 10.162 0.17546
29.7152 10.2374 0.176952 0.0135135 29.848 10.162 0.17546
29.841 9.84139 0.173794 0.00282132 29.848 10.162 0.17546
30.0144 10.2064 0.179297 0.00375286 29.848 10.162 0.17546
29.9295 10.146 0.17469 0.0870054 29.848 10.162 0.17546
29.8752 9.94095 0.173213 0.0262295 29.848 10.162 0.17546
29.8999 9.92851 0.1736 0.0241001 29.848 10.162 0.17546
29.9435 10.0521 0.168216 0.018698 29.848 10.162 0.17546
29.7483 10.1736 0.175893 0.0314462 29.848 10.162 0.17546
29.9295 10.146 0.17469 0.0870054 29.848 10.162 0.17546
29.7632 10.1999 0.175547 0.0289451 29.848 10.162 0.17546
29.7919 10.1266 0.169529 0.00379515 29.848 10.162 0.17546
30.1582 10.0432 0.172728 0.00820819 29.848 10.162 0.17546
29.8999 9.92851 0.1736 0.0241001 29.848 10.162 0.17546
29.8261 9.93825 0.175509 0.0184327 29.848 10.162 0.17546
29.7483 10.1736 0.175893 0.0314462 29.848 10.162 0.17546
29.7152 10.2374 0.176952 0.0135135 29.848 10.162 0.17546
29.9293 9.98537 0.170951 0.0406456 29.848 10.162 0.17546
29.8201 10.1762 0.170218 0.00731293 29.848 10.162 0.17546
29.8999 9.92851 0.1736 0.0241001 29.848 10.162 0.17546
29.8583 10.1515 0.17105 0.0265065 29.848 10.162 0.17546
29.8999 9.92851 0.1736 0.0241001 29.848 10.162 0.17546
29.9295 10.146 0.17469 0.0870054 29.848 10.162 0.17546
29.9295 10.146 0.17469 0.0870054 29.848 10.162 0.17546
29.7632 10.1999 0.175547 0.0289451 29.848 10.162 0.17546
29.7632 10.1999 0.175547 0.0289451 29.848 10.162 0.17546
29.8999 9.92851 0.1736 0.0241001 29.848 10.162 0.17546
29.9295 10.146 0.17469 0.0870054 29.848 10.162 0.17546
29.8999 9.92851 0.1736 0.0241001 29.848 10.162 0.17546
30.0414 10.0148 0.16838 0.0272396 29.848 10.162 0.17546
29.9435 10.0521 0.168216 0.018698 29.848 10.162 0.17546
29.7483 10.1736 0.175893 0.0314462 29.848 10.162 0.17546
30.1315 9.90212 0.167799 0.00497429 29.848 10.162 0.17546
30.1191 10.1602 0.169608 0.0159455 29.848 10.162 0.17546
30.2083 10.1178 0.16606 0.00293616 29.848 10.162 0.17546
29.7041 10.173 0.184032 0.0030097 29.848 10.162 0.17546
29.9293 9.98537 0.170951 0.0406456 29.848 10.162 0.17546
29.7483 10.1736 0.175893 0.0314462 29.848 10.162 0.17546
29.9295 10.146 0.17469 0.0870054 29.848 10.162 0.17546
29.9435 10.0521 0.168216 0.018698 29.848 10.162 0.17546
29.7152 10.2374 0.176952 0.0135135 29.848 10.162 0.17546
29.7152 10.2374 0.176952 0.0135135 29.848 10.162 0.17546
30.1191 10.1602 0.169608 0.0159455 29.848 10.162 0.17546
29.7632 10.1999 0.175547 0.0289451 29.848 10.162 0.17546
30.0414 10.0148 0.16838 0.0272396 29.848 10.162 0.17546
29.9295 10.146 0.17469 0.0870054 29.848 10.162 0.17546
29.9293 9.98537 0.170951 0.0406456 29.848 10.162 0.17546
29.8752 9.94095 0.173213 0.0262295 29.848 10.162 0.17546
29.9293 9.98537 0.170951 0.0406456 29.848 10.162 0.17546
29.9295 10.146 0.17469 0.0870054 29.848 10.162 0.17546
29.8583 10.1515 0.17105 0.0265065 29.848 10.162 0.17546
29.8261 9.93825 0.175509 0.0184327 29.848 10.162 0.17546
