79.3645 16.9087 0.112157 0.00282435 79.583 17.135 0.10695
79.742 16.7356 0.108625 0.00140809 79.583 17.135 0.10695
79.5015 17.0767 0.105784 0.00584997 79.583 17.135 0.10695
79.6161 16.873 0.112538 0.00346963 79.583 17.135 0.10695
79.3991 16.8465 0.110881 0.00465537 79.583 17.135 0.10695
79.4811 17.0681 0.103385 0.00465956 79.583 17.135 0.10695
79.4365 17.108 0.102535 0.00217597 79.583 17.135 0.10695
79.3634 16.963 0.109188 0.00466072 79.583 17.135 0.10695
79.6161 16.873 0.112538 0.00346963 79.583 17.135 0.10695
79.337 16.9563 0.107287 0.00414558 79.583 17.135 0.10695
79.3672 17.1266 0.110551 0.00106559 79.583 17.135 0.10695
79.694 16.6528 0.106404 0.000987099 79.583 17.135 0.10695
79.497 16.7432 0.106056 0.0054933 79.583 17.135 0.10695
79.5374 16.9338 0.106087 0.0126636 79.583 17.135 0.10695
79.3951 16.912 0.101516 0.00315627 79.583 17.135 0.10695
79.7604 16.9191 0.104336 0.00301261 79.583 17.135 0.10695
79.742 16.7356 0.108625 0.00140809 79.583 17.135 0.10695
79.6201 17.0345 0.112235 0.00231312 79.583 17.135 0.10695
79.4811 17.0681 0.103385 0.00465956 79.583 17.135 0.10695
79.5374 16.9338 0.106087 0.0126636 79.583 17.135 0.10695
79.6701 16.994 0.108975 0.0049975 79.583 17.135 0.10695
79.7285 17.0194 0.107671 0.00301848 79.583 17.135 0.10695
79.5015 17.0767 0.105784 0.00584997 79.583 17.135 0.10695
79.3634 16.963 0.109188 0.00466072 79.583 17.135 0.10695
79.4846 17.1782 0.105546 0.0016693 79.583 17.135 0.10695
79.7188 16.9302 0.103362 0.00421556 79.583 17.135 0.10695
79.4365 17.108 0.102535 0.00217597 79.583 17.135 0.10695
79.6161 16.873 0.112538 0.00346963 79.583 17.135 0.10695
79.5873 16.797 0.107252 0.0081842 79.583 17.135 0.10695
79.3046 16.9255 0.108197 0.00291545 79.583 17.135 0.10695
79.2301 16.9877 0.104724 0.000688826 79.583 17.135 0.10695
79.7733 17.0983 0.112313 0.000264679 79.583 17.135 0.10695
79.6701 16.994 0.108975 0.0049975 79.583 17.135 0.10695
79.3634 16.963 0.109188 0.00466072 79.583 17.135 0.10695
79.3046 16.9255 0.108197 0.00291545 79.583 17.135 0.10695
79.7285 17.0194 0.107671 0.00301848 79.583 17.135 0.10695
79.5444 17.1122 0.111518 0.00183478 79.583 17.135 0.10695
79.3046 16.9255 0.108197 0.00291545 79.583 17.135 0.10695
79.497 16.7432 0.106056 0.0054933 79.583 17.135 0.10695
79.497 16.7432 0.106056 0.0054933 79.583 17.135 0.10695
79.3645 16.9087 0.112157 0.00282435 79.583 17.135 0.10695
79.4377 16.8826 0.113313 0.0030513 79.583 17.135 0.10695
79.6701 16.994 0.108975 0.0049975 79.583 17.135 0.10695
79.6701 16.994 0.108975 0.0049975 79.583 17.135 0.10695
79.4846 17.1782 0.105546 0.0016693 79.583 17.135 0.10695
79.5849 16.9949 0.0996741 0.00293909 79.583 17.135 0.10695
79.3991 16.8465 0.110881 0.00465537 79.583 17.135 0.10695
79.5873 16.797 0.107252 0.0081842 79.583 17.135 0.10695
79.6701 16.994 0.108975 0.0049975 79.583 17.135 0.10695
79.4811 17.0681 0.103385 0.00465956 79.583 17.135 0.10695
79.5374 16.9338 0.106087 0.0126636 79.583 17.135 0.10695
79.2301 16.9877 0.104724 0.000688826 79.583 17.135 0.10695
79.5849 16.9949 0.0996741 0.00293909 79.583 17.135 0.10695
79.8515 16.8975 0.101249 0.00048609 79.583 17.135 0.10695
79.5374 16.9338 0.106087 0.0126636 79.583 17.135 0.10695
79.497 16.7432 0.106056 0.0054933 79.583 17.135 0.10695
79.7188 16.9302 0.103362 0.00421556 79.583 17.135 0.10695
79.5873 16.797 0.107252 0.0081842 79.583 17.135 0.10695
79.5015 17.0767 0.105784 0.00584997 79.583 17.135 0.10695
79.5873 16.797 0.107252 0.0081842 79.583 17.135 0.10695
79.497 16.7432 0.106056 0.0054933 79.583 17.135 0.10695
79.5374 16.9338 0.106087 0.0126636 79.583 17.135 0.10695
79.497 16.7432 0.106056 0.0054933 79.583 17.135 0.10695
79.7188 16.9302 0.103362 0.00421556 79.583 17.135 0.10695
79.3672 17.1266 0.110551 0.00106559 79.583 17.135 0.10695
79.7188 16.9302 0.103362 0.00421556 79.583 17.135 0.10695
79.6701 16.994 0.108975 0.0049975 79.583 17.135 0.10695
79.5374 16.9338 0.106087 0.0126636 79.583 17.135 0.10695
79.497 16.7432 0.106056 0.0054933 79.583 17.135 0.10695
79.5374 16.9338 0.106087 0.0126636 79.583 17.135 0.10695
79.5374 16.9338 0.106087 0.0126636 79.583 17.135 0.10695
79.3046 16.9255 0.108197 0.00291545 79.583 17.135 0.10695
79.337 16.9563 0.107287 0.00414558 79.583 17.135 0.10695
79.5735 17.2726 0.110619 0.00016908 79.583 17.135 0.10695
79.6201 17.0345 0.112235 0.00231312 79.583 17.135 0.10695
79.6701 16.994 0.108975 0.0049975 79.583 17.135 0.10695
79.5849 16.9949 0.0996741 0.00293909 79.583 17.135 0.10695
79.3046 16.9255 0.108197 0.00291545 79.583 17.135 0.10695
79.3634 16.963 0.109188 0.00466072 79.583 17.135 0.10695
79.3634 16.963 0.109188 0.00466072 79.583 17.135 0.10695
79.7188 16.9302 0.103362 0.00421556 79.583 17.135 0.10695
79.5374 16.9338 0.106087 0.0126636 79.583 17.135 0.10695
79.5873 16.797 0.107252 0.0081842 79.583 17.135 0.10695
79.5849 16.9949 0.0996741 0.00293909 79.583 17.135 0.10695
79.6161 16.873 0.112538 0.00346963 79.583 17.135 0.10695
79.4811 17.0681 0.103385 0.00465956 79.583 17.135 0.10695
79.5374 16.9338 0.106087 0.0126636 79.583 17.135 0.10695
79.7604 16.9191 0.104336 0.00301261 79.583 17.135 0.10695
79.3991 16.8465 0.110881 0.00465537 79.583 17.135 0.10695
79.4846 17.1782 0.105546 0.0016693 79.583 17.135 0.10695
79.3634 16.963 0.109188 0.00466072 79.583 17.135 0.10695
79.4615 16.8468 0.100782 0.00334026 79.583 17.135 0.10695
79.5374 16.9338 0.106087 0.0126636 79.583 17.135 0.10695
79.7285 17.0194 0.107671 0.00301848 79.583 17.135 0.10695
79.497 16.7432 0.106056 0.0054933 79.583 17.135 0.10695
79.5015 17.0767 0.105784 0.00584997 79.583 17.135 0.10695
79.3645 16.9087 0.112157 0.00282435 79.583 17.135 0.10695
79.3634 16.963 0.109188 0.00466072 79.583 17.135 0.10695
79.6701 16.994 0.108975 0.0049975 79.583 17.135 0.10695
79.337 16.9563 0.107287 0.00414558 79.583 17.135 0.10695
79.4846 17.1782 0.105546 0.0016693 79.583 17.135 0.10695
79.3046 16.9255 0.108197 0.00291545 79.583 17.135 0.10695
79.5374 16.9338 0.106087 0.0126636 79.583 17.135 0.10695
79.6855 17.2772 0.100074 8.20245e-05 79.583 17.135 0.10695
79.5374 16.9338 0.106087 0.0126636 79.583 17.135 0.10695
79.5873 16.797 0.107252 0.0081842 79.583 17.135 0.10695
79.6161 16.873 0.112538 0.00346963 79.583 17.135 0.10695
79.6701 16.994 0.108975 0.0049975 79.583 17.135 0.10695
79.5374 16.9338 0.106087 0.0126636 79.583 17.135 0.10695
79.3991 16.8465 0.110881 0.00465537 79.583 17.135 0.10695
79.5873 16.797 0.107252 0.0081842 79.583 17.135 0.10695
79.7285 17.0194 0.107671 0.00301848 79.583 17.135 0.10695
79.5374 16.9338 0.106087 0.0126636 79.583 17.135 0.10695
79.5107 16.9336 0.102819 0.00833158 79.583 17.135 0.10695
79.5873 16.797 0.107252 0.0081842 79.583 17.135 0.10695
79.3046 16.9255 0.108197 0.00291545 79.583 17.135 0.10695
79.5374 16.9338 0.106087 0.0126636 79.583 17.135 0.10695
79.3645 16.9087 0.112157 0.00282435 79.583 17.135 0.10695
79.3951 16.912 0.101516 0.00315627 79.583 17.135 0.10695
79.3991 16.8465 0.110881 0.00465537 79.583 17.135 0.10695
79.7188 16.9302 0.103362 0.00421556 79.583 17.135 0.10695
79.5873 16.797 0.107252 0.0081842 79.583 17.135 0.10695
79.497 16.7432 0.106056 0.0054933 79.583 17.135 0.10695
79.5107 16.9336 0.102819 0.00833158 79.583 17.135 0.10695
79.7188 16.9302 0.103362 0.00421556 79.583 17.135 0.10695
79.6529 16.8416 0.100839 0.00325283 79.583 17.135 0.10695
79.5107 16.9336 0.102819 0.00833158 79.583 17.135 0.10695
79.5873 16.797 0.107252 0.0081842 79.583 17.135 0.10695
79.6322 17.0406 0.0969751 0.000631082 79.583 17.135 0.10695
79.6785 17.1684 0.103611 0.00108976 79.583 17.135 0.10695
79.6785 17.1684 0.103611 0.00108976 79.583 17.135 0.10695
79.6701 16.994 0.108975 0.0049975 79.583 17.135 0.10695
79.4615 16.8468 0.100782 0.00334026 79.583 17.135 0.10695
79.5374 16.9338 0.106087 0.0126636 79.583 17.135 0.10695
79.497 16.7432 0.106056 0.0054933 79.583 17.135 0.10695
79.4292 17.2874 0.105702 0.000188562 79.583 17.135 0.10695
79.3645 16.9087 0.112157 0.00282435 79.583 17.135 0.10695
79.6529 16.8416 0.100839 0.00325283 79.583 17.135 0.10695
79.5015 17.0767 0.105784 0.00584997 79.583 17.135 0.10695
79.5015 17.0767 0.105784 0.00584997 79.583 17.135 0.10695
79.7188 16.9302 0.103362 0.00421556 79.583 17.135 0.10695
79.6529 16.8416 0.100839 0.00325283 79.583 17.135 0.10695
79.742 16.7356 0.108625 0.00140809 79.583 17.135 0.10695
79.6701 16.994 0.108975 0.0049975 79.583 17.135 0.10695
79.4846 17.1782 0.105546 0.0016693 79.583 17.135 0.10695
79.3046 16.9255 0.108197 0.00291545 79.583 17.135 0.10695
79.694 16.6528 0.106404 0.000987099 79.583 17.135 0.10695
79.5107 16.9336 0.102819 0.00833158 79.583 17.135 0.10695
79.3991 16.8465 0.110881 0.00465537 79.583 17.135 0.10695
79.6701 16.994 0.108975 0.0049975 79.583 17.135 0.10695
79.5015 17.0767 0.105784 0.00584997 79.583 17.135 0.10695
79.5107 16.9336 0.102819 0.00833158 79.583 17.135 0.10695
79.6161 16.873 0.112538 0.00346963 79.583 17.135 0.10695
79.3951 16.912 0.101516 0.00315627 79.583 17.135 0.10695
79.5107 16.9336 0.102819 0.00833158 79.583 17.135 0.10695
79.5374 16.9338 0.106087 0.0126636 79.583 17.135 0.10695
79.6701 16.994 0.108975 0.0049975 79.583 17.135 0.10695
79.7285 17.0194 0.107671 0.00301848 79.583 17.135 0.10695
79.7188 16.9302 0.103362 0.00421556 79.583 17.135 0.10695
79.5873 16.797 0.107252 0.0081842 79.583 17.135 0.10695
79.6161 16.873 0.112538 0.00346963 79.583 17.135 0.10695
79.7188 16.9302 0.103362 0.00421556 79.583 17.135 0.10695
79.497 16.7432 0.106056 0.0054933 79.583 17.135 0.10695
79.3046 16.9255 0.108197 0.00291545 79.583 17.135 0.10695
79.5107 16.9336 0.102819 0.00833158 79.583 17.135 0.10695
79.5107 16.9336 0.102819 0.00833158 79.583 17.135 0.10695
79.3892 16.6185 0.10441 0.000498205 79.583 17.135 0.10695
79.5735 17.2726 0.110619 0.00016908 79.583 17.135 0.10695
79.4974 17.2613 0.109427 0.000298921 79.583 17.135 0.10695
79.5444 17.1122 0.111518 0.00183478 79.583 17.135 0.10695
79.7604 16.9191 0.104336 0.00301261 79.583 17.135 0.10695
79.4811 17.0681 0.103385 0.00465956 79.583 17.135 0.10695
79.5015 17.0767 0.105784 0.00584997 79.583 17.135 0.10695
79.7188 16.9302 0.103362 0.00421556 79.583 17.135 0.10695
79.4615 16.8468 0.100782 0.00334026 79.583 17.135 0.10695
79.5107 16.9336 0.102819 0.00833158 79.583 17.135 0.10695
79.4377 16.8826 0.113313 0.0030513 79.583 17.135 0.10695
79.8299 16.9461 0.111326 0.000434706 79.583 17.135 0.10695
79.337 16.9563 0.107287 0.00414558 79.583 17.135 0.10695
79.5873 16.797 0.107252 0.0081842 79.583 17.135 0.10695
79.337 16.9563 0.107287 0.00414558 79.583 17.135 0.10695
79.5374 16.9338 0.106087 0.0126636 79.583 17.135 0.10695
79.337 16.9563 0.107287 0.00414558 79.583 17.135 0.10695
79.5374 16.9338 0.106087 0.0126636 79.583 17.135 0.10695
79.7188 16.9302 0.103362 0.00421556 79.583 17.135 0.10695
79.7188 16.9302 0.103362 0.00421556 79.583 17.135 0.10695
79.3634 16.963 0.109188 0.00466072 79.583 17.135 0.10695
79.5374 16.9338 0.106087 0.0126636 79.583 17.135 0.10695
79.3634 16.963 0.109188 0.00466072 79.583 17.135 0.10695
79.3046 16.9255 0.108197 0.00291545 79.583 17.135 0.10695
79.4377 16.8826 0.113313 0.0030513 79.583 17.135 0.10695
79.3645 16.9087 0.112157 0.00282435 79.583 17.135 0.10695
79.5849 16.9949 0.0996741 0.00293909 79.583 17.135 0.10695
79.5107 16.9336 0.102819 0.00833158 79.583 17.135 0.10695
79.3991 16.8465 0.110881 0.00465537 79.583 17.135 0.10695
79.5374 16.9338 0.106087 0.0126636 79.583 17.135 0.10695
79.5873 16.797 0.107252 0.0081842 79.583 17.135 0.10695
79.6529 16.8416 0.100839 0.00325283 79.583 17.135 0.10695
79.6349 17.3648 0.105755 3.43158e-05 79.583 17.135 0.10695
79.3991 16.8465 0.110881 0.00465537 79.583 17.135 0.10695
