130.627 19.5953 0.0701537 0.0140021 130.68 19.654 0.06923
130.434 19.709 0.075068 0.00289591 130.68 19.654 0.06923
130.82 19.7642 0.068036 0.00023164 130.68 19.654 0.06923
130.585 19.676 0.0675054 0.00629571 130.68 19.654 0.06923
130.572 19.446 0.0721327 0.010746 130.68 19.654 0.06923
130.572 19.446 0.0721327 0.010746 130.68 19.654 0.06923
130.627 19.5953 0.0701537 0.0140021 130.68 19.654 0.06923
130.585 19.676 0.0675054 0.00629571 130.68 19.654 0.06923
130.405 19.5624 0.0718495 0.00909638 130.68 19.654 0.06923
130.585 19.676 0.0675054 0.00629571 130.68 19.654 0.06923
130.585 19.676 0.0675054 0.00629571 130.68 19.654 0.06923
130.518 19.4543 0.0673304 0.00376241 130.68 19.654 0.06923
130.585 19.676 0.0675054 0.00629571 130.68 19.654 0.06923
130.439 19.5845 0.0730153 0.011751 130.68 19.654 0.06923
130.439 19.5845 0.0730153 0.011751 130.68 19.654 0.06923
130.508 19.5706 0.0760035 0.00730957 130.68 19.654 0.06923
130.585 19.676 0.0675054 0.00629571 130.68 19.654 0.06923
130.328 19.6241 0.0666251 0.000576334 130.68 19.654 0.06923
130.508 19.5706 0.0760035 0.00730957 130.68 19.654 0.06923
130.487 19.6281 0.0677498 0.00705557 130.68 19.654 0.06923
130.572 19.446 0.0721327 0.010746 130.68 19.654 0.06923
130.572 19.446 0.0721327 0.010746 130.68 19.654 0.06923
130.572 19.446 0.0721327 0.010746 130.68 19.654 0.06923
130.652 19.4605 0.0703673 0.00756331 130.68 19.654 0.06923
130.506 19.5815 0.066629 0.0050681 130.68 19.654 0.06923
130.705 19.7446 0.0697556 0.00226982 130.68 19.654 0.06923
130.627 19.5953 0.0701537 0.0140021 130.68 19.654 0.06923
130.627 19.5953 0.0701537 0.0140021 130.68 19.654 0.06923
130.328 19.6241 0.0666251 0.000576334 130.68 19.654 0.06923
130.328 19.6241 0.0666251 0.000576334 130.68 19.654 0.06923
130.371 19.4638 0.0747839 0.0032549 130.68 19.654 0.06923
130.405 19.5624 0.0718495 0.00909638 130.68 19.654 0.06923
130.652 19.4605 0.0703673 0.00756331 130.68 19.654 0.06923
130.627 19.5953 0.0701537 0.0140021 130.68 19.654 0.06923
130.652 19.4605 0.0703673 0.00756331 130.68 19.654 0.06923
130.332 19.6669 0.0751422 0.00139526 130.68 19.654 0.06923
130.572 19.446 0.0721327 0.010746 130.68 19.654 0.06923
130.4 19.7224 0.07721 0.000683587 130.68 19.654 0.06923
130.691 19.5144 0.0690463 0.00613989 130.68 19.654 0.06923
130.627 19.5953 0.0701537 0.0140021 130.68 19.654 0.06923
130.405 19.5624 0.0718495 0.00909638 130.68 19.654 0.06923
130.371 19.4638 0.0747839 0.0032549 130.68 19.654 0.06923
130.405 19.5624 0.0718495 0.00909638 130.68 19.654 0.06923
130.506 19.5815 0.066629 0.0050681 130.68 19.654 0.06923
130.508 19.5706 0.0760035 0.00730957 130.68 19.654 0.06923
130.405 19.5624 0.0718495 0.00909638 130.68 19.654 0.06923
130.508 19.5706 0.0760035 0.00730957 130.68 19.654 0.06923
130.585 19.676 0.0675054 0.00629571 130.68 19.654 0.06923
130.434 19.709 0.075068 0.00289591 130.68 19.654 0.06923
130.506 19.5815 0.066629 0.0050681 130.68 19.654 0.06923
130.518 19.4543 0.0673304 0.00376241 130.68 19.654 0.06923
130.652 19.4605 0.0703673 0.00756331 130.68 19.654 0.06923
130.439 19.5845 0.0730153 0.011751 130.68 19.654 0.06923
130.585 19.676 0.0675054 0.00629571 130.68 19.654 0.06923
130.439 19.5845 0.0730153 0.011751 130.68 19.654 0.06923
130.506 19.5815 0.066629 0.0050681 130.68 19.654 0.06923
130.518 19.4543 0.0673304 0.00376241 130.68 19.654 0.06923
130.585 19.676 0.0675054 0.00629571 130.68 19.654 0.06923
130.405 19.5624 0.0718495 0.00909638 130.68 19.654 0.06923
130.627 19.5953 0.0701537 0.0140021 130.68 19.654 0.06923
130.508 19.5706 0.0760035 0.00730957 130.68 19.654 0.06923
130.74 19.7091 0.0769951 0.000240122 130.68 19.654 0.06923
130.457 19.3451 0.07729 0.000781589 130.68 19.654 0.06923
130.519 19.2944 0.0757345 0.000686913 130.68 19.654 0.06923
130.508 19.5706 0.0760035 0.00730957 130.68 19.654 0.06923
130.405 19.5624 0.0718495 0.00909638 130.68 19.654 0.06923
130.405 19.5624 0.0718495 0.00909638 130.68 19.654 0.06923
130.487 19.6281 0.0677498 0.00705557 130.68 19.654 0.06923
130.394 19.5763 0.0640952 0.0003133 130.68 19.654 0.06923
130.487 19.6281 0.0677498 0.00705557 130.68 19.654 0.06923
130.627 19.5953 0.0701537 0.0140021 130.68 19.654 0.06923
130.332 19.6669 0.0751422 0.00139526 130.68 19.654 0.06923
130.691 19.5144 0.0690463 0.00613989 130.68 19.654 0.06923
130.585 19.676 0.0675054 0.00629571 130.68 19.654 0.06923
130.635 19.6647 0.0679399 0.00654249 130.68 19.654 0.06923
130.572 19.446 0.0721327 0.010746 130.68 19.654 0.06923
130.487 19.6281 0.0677498 0.00705557 130.68 19.654 0.06923
130.518 19.4543 0.0673304 0.00376241 130.68 19.654 0.06923
130.635 19.6647 0.0679399 0.00654249 130.68 19.654 0.06923
130.506 19.5815 0.066629 0.0050681 130.68 19.654 0.06923
130.405 19.5624 0.0718495 0.00909638 130.68 19.654 0.06923
130.4 19.7224 0.07721 0.000683587 130.68 19.654 0.06923
130.572 19.446 0.0721327 0.010746 130.68 19.654 0.06923
130.652 19.4605 0.0703673 0.00756331 130.68 19.654 0.06923
130.635 19.6647 0.0679399 0.00654249 130.68 19.654 0.06923
130.405 19.5624 0.0718495 0.00909638 130.68 19.654 0.06923
130.572 19.446 0.0721327 0.010746 130.68 19.654 0.06923
130.627 19.5953 0.0701537 0.0140021 130.68 19.654 0.06923
130.439 19.5845 0.0730153 0.011751 130.68 19.654 0.06923
130.434 19.709 0.075068 0.00289591 130.68 19.654 0.06923
130.405 19.5624 0.0718495 0.00909638 130.68 19.654 0.06923
130.627 19.5953 0.0701537 0.0140021 130.68 19.654 0.06923
130.627 19.5953 0.0701537 0.0140021 130.68 19.654 0.06923
130.705 19.7446 0.0697556 0.00226982 130.68 19.654 0.06923
130.508 19.5706 0.0760035 0.00730957 130.68 19.654 0.06923
130.518 19.4543 0.0673304 0.00376241 130.68 19.654 0.06923
130.627 19.5953 0.0701537 0.0140021 130.68 19.654 0.06923
130.464 19.7084 0.0686768 0.00480075 130.68 19.654 0.06923
130.439 19.5845 0.0730153 0.011751 130.68 19.654 0.06923
130.635 19.6647 0.0679399 0.00654249 130.68 19.654 0.06923
130.439 19.5845 0.0730153 0.011751 130.68 19.654 0.06923
130.627 19.5953 0.0701537 0.0140021 130.68 19.654 0.06923
130.627 19.5953 0.0701537 0.0140021 130.68 19.654 0.06923
130.518 19.4543 0.0673304 0.00376241 130.68 19.654 0.06923
130.439 19.5845 0.0730153 0.011751 130.68 19.654 0.06923
130.405 19.5624 0.0718495 0.00909638 130.68 19.654 0.06923
130.627 19.5953 0.0701537 0.0140021 130.68 19.654 0.06923
130.585 19.676 0.0675054 0.00629571 130.68 19.654 0.06923
130.371 19.4638 0.0747839 0.0032549 130.68 19.654 0.06923
130.572 19.446 0.0721327 0.010746 130.68 19.654 0.06923
130.439 19.5845 0.0730153 0.011751 130.68 19.654 0.06923
130.439 19.5845 0.0730153 0.011751 130.68 19.654 0.06923
130.439 19.5845 0.0730153 0.011751 130.68 19.654 0.06923
130.508 19.5706 0.0760035 0.00730957 130.68 19.654 0.06923
130.627 19.5953 0.0701537 0.0140021 130.68 19.654 0.06923
130.627 19.5953 0.0701537 0.0140021 130.68 19.654 0.06923
130.508 19.5706 0.0760035 0.00730957 130.68 19.654 0.06923
130.627 19.5953 0.0701537 0.0140021 130.68 19.654 0.06923
130.635 19.6647 0.0679399 0.00654249 130.68 19.654 0.06923
130.572 19.446 0.0721327 0.010746 130.68 19.654 0.06923
130.627 19.5953 0.0701537 0.0140021 130.68 19.654 0.06923
130.434 19.709 0.075068 0.00289591 130.68 19.654 0.06923
130.439 19.5845 0.0730153 0.011751 130.68 19.654 0.06923
130.652 19.4605 0.0703673 0.00756331 130.68 19.654 0.06923
130.371 19.4638 0.0747839 0.0032549 130.68 19.654 0.06923
130.328 19.6241 0.0666251 0.000576334 130.68 19.654 0.06923
130.453 19.3107 0.0744949 0.00101627 130.68 19.654 0.06923
130.487 19.6281 0.0677498 0.00705557 130.68 19.654 0.06923
130.506 19.5815 0.066629 0.0050681 130.68 19.654 0.06923
130.371 19.4638 0.0747839 0.0032549 130.68 19.654 0.06923
130.691 19.5144 0.0690463 0.00613989 130.68 19.654 0.06923
130.691 19.5144 0.0690463 0.00613989 130.68 19.654 0.06923
130.371 19.4638 0.0747839 0.0032549 130.68 19.654 0.06923
130.635 19.6647 0.0679399 0.00654249 130.68 19.654 0.06923
130.518 19.4543 0.0673304 0.00376241 130.68 19.654 0.06923
130.434 19.709 0.075068 0.00289591 130.68 19.654 0.06923
130.705 19.7446 0.0697556 0.00226982 130.68 19.654 0.06923
130.487 19.6281 0.0677498 0.00705557 130.68 19.654 0.06923
130.691 19.5144 0.0690463 0.00613989 130.68 19.654 0.06923
130.439 19.5845 0.0730153 0.011751 130.68 19.654 0.06923
130.439 19.5845 0.0730153 0.011751 130.68 19.654 0.06923
130.439 19.5845 0.0730153 0.011751 130.68 19.654 0.06923
130.627 19.5953 0.0701537 0.0140021 130.68 19.654 0.06923
130.635 19.6647 0.0679399 0.00654249 130.68 19.654 0.06923
130.347 19.7411 0.0754523 0.000648244 130.68 19.654 0.06923
130.691 19.5144 0.0690463 0.00613989 130.68 19.654 0.06923
130.371 19.4638 0.0747839 0.0032549 130.68 19.654 0.06923
130.585 19.676 0.0675054 0.00629571 130.68 19.654 0.06923
130.691 19.5144 0.0690463 0.00613989 130.68 19.654 0.06923
130.464 19.7084 0.0686768 0.00480075 130.68 19.654 0.06923
130.439 19.5845 0.0730153 0.011751 130.68 19.654 0.06923
130.691 19.5144 0.0690463 0.00613989 130.68 19.654 0.06923
130.434 19.709 0.075068 0.00289591 130.68 19.654 0.06923
130.487 19.6281 0.0677498 0.00705557 130.68 19.654 0.06923
130.572 19.446 0.0721327 0.010746 130.68 19.654 0.06923
130.585 19.676 0.0675054 0.00629571 130.68 19.654 0.06923
130.464 19.7084 0.0686768 0.00480075 130.68 19.654 0.06923
130.487 19.6281 0.0677498 0.00705557 130.68 19.654 0.06923
130.627 19.5953 0.0701537 0.0140021 130.68 19.654 0.06923
130.627 19.5953 0.0701537 0.0140021 130.68 19.654 0.06923
130.464 19.7084 0.0686768 0.00480075 130.68 19.654 0.06923
130.627 19.5953 0.0701537 0.0140021 130.68 19.654 0.06923
130.487 19.6281 0.0677498 0.00705557 130.68 19.654 0.06923
130.572 19.446 0.0721327 0.010746 130.68 19.654 0.06923
130.487 19.6281 0.0677498 0.00705557 130.68 19.654 0.06923
130.487 19.6281 0.0677498 0.00705557 130.68 19.654 0.06923
130.736 19.3564 0.0740381 0.000624817 130.68 19.654 0.06923
130.691 19.5144 0.0690463 0.00613989 130.68 19.654 0.06923
130.371 19.4638 0.0747839 0.0032549 130.68 19.654 0.06923
130.585 19.676 0.0675054 0.00629571 130.68 19.654 0.06923
130.405 19.5624 0.0718495 0.00909638 130.68 19.654 0.06923
130.506 19.5815 0.066629 0.0050681 130.68 19.654 0.06923
130.572 19.446 0.0721327 0.010746 130.68 19.654 0.06923
130.506 19.5815 0.066629 0.0050681 130.68 19.654 0.06923
130.371 19.4638 0.0747839 0.0032549 130.68 19.654 0.06923
130.405 19.5624 0.0718495 0.00909638 130.68 19.654 0.06923
130.736 19.3564 0.0740381 0.000624817 130.68 19.654 0.06923
130.487 19.6281 0.0677498 0.00705557 130.68 19.654 0.06923
130.487 19.6281 0.0677498 0.00705557 130.68 19.654 0.06923
130.508 19.5706 0.0760035 0.00730957 130.68 19.654 0.06923
130.434 19.709 0.075068 0.00289591 130.68 19.654 0.06923
130.464 19.7084 0.0686768 0.00480075 130.68 19.654 0.06923
130.434 19.709 0.075068 0.00289591 130.68 19.654 0.06923
130.691 19.5144 0.0690463 0.00613989 130.68 19.654 0.06923
130.439 19.5845 0.0730153 0.011751 130.68 19.654 0.06923
130.585 19.676 0.0675054 0.00629571 130.68 19.654 0.06923
130.705 19.7446 0.0697556 0.00226982 130.68 19.654 0.06923
130.736 19.3564 0.0740381 0.000624817 130.68 19.654 0.06923
130.434 19.709 0.075068 0.00289591 130.68 19.654 0.06923
130.487 19.6281 0.0677498 0.00705557 130.68 19.654 0.06923
130.627 19.5953 0.0701537 0.0140021 130.68 19.654 0.06923
130.487 19.6281 0.0677498 0.00705557 130.68 19.654 0.06923
130.627 19.5953 0.0701537 0.0140021 130.68 19.654 0.06923
130.833 19.5467 0.0660428 0.000297375 130.68 19.654 0.06923
130.74 19.7091 0.0769951 0.000240122 130.68 19.654 0.06923
130.508 19.5706 0.0760035 0.00730957 130.68 19.654 0.06923
130.457 19.3451 0.07729 0.000781589 130.68 19.654 0.06923
130.635 19.6647 0.0679399 0.00654249 130.68 19.654 0.06923
130.508 19.5706 0.0760035 0.00730957 130.68 19.654 0.06923
130.627 19.5953 0.0701537 0.0140021 130.68 19.654 0.06923
