270.857 24.3844 5.70623 0.015504 270.8 24.264 5.7103
270.689 24.2528 5.70472 0.0066441 270.8 24.264 5.7103
270.775 24.5246 5.69948 0.000783985 270.8 24.264 5.7103
270.901 24.3508 5.70117 0.00735773 270.8 24.264 5.7103
270.737 24.428 5.71272 0.00956199 270.8 24.264 5.7103
270.778 24.3285 5.71015 0.0160636 270.8 24.264 5.7103
270.737 24.428 5.71272 0.00956199 270.8 24.264 5.7103
270.857 24.3844 5.70623 0.015504 270.8 24.264 5.7103
270.81 24.3781 5.70324 0.0132524 270.8 24.264 5.7103
270.901 24.3508 5.70117 0.00735773 270.8 24.264 5.7103
270.862 24.2665 5.71416 0.00228507 270.8 24.264 5.7103
270.81 24.3781 5.70324 0.0132524 270.8 24.264 5.7103
270.778 24.3285 5.71015 0.0160636 270.8 24.264 5.7103
270.737 24.428 5.71272 0.00956199 270.8 24.264 5.7103
270.737 24.428 5.71272 0.00956199 270.8 24.264 5.7103
270.737 24.428 5.71272 0.00956199 270.8 24.264 5.7103
270.863 24.2037 5.70667 0.00611446 270.8 24.264 5.7103
270.853 24.3148 5.70408 0.0144539 270.8 24.264 5.7103
270.778 24.3285 5.71015 0.0160636 270.8 24.264 5.7103
270.882 24.4247 5.70238 0.00727303 270.8 24.264 5.7103
270.737 24.428 5.71272 0.00956199 270.8 24.264 5.7103
270.895 24.2997 5.71086 0.0058032 270.8 24.264 5.7103
270.643 24.1043 5.71029 0.000445247 270.8 24.264 5.7103
270.81 24.3781 5.70324 0.0132524 270.8 24.264 5.7103
270.904 24.5121 5.71232 0.00172045 270.8 24.264 5.7103
270.775 24.5246 5.69948 0.000783985 270.8 24.264 5.7103
270.802 24.1843 5.70196 0.00408301 270.8 24.264 5.7103
270.857 24.3844 5.70623 0.015504 270.8 24.264 5.7103
270.689 24.2528 5.70472 0.0066441 270.8 24.264 5.7103
271.049 24.1358 5.70871 8.04148e-05 270.8 24.264 5.7103
270.81 24.3781 5.70324 0.0132524 270.8 24.264 5.7103
270.853 24.3148 5.70408 0.0144539 270.8 24.264 5.7103
270.895 24.2997 5.71086 0.0058032 270.8 24.264 5.7103
270.853 24.3148 5.70408 0.0144539 270.8 24.264 5.7103
270.778 24.3285 5.71015 0.0160636 270.8 24.264 5.7103
270.857 24.3844 5.70623 0.015504 270.8 24.264 5.7103
270.737 24.428 5.71272 0.00956199 270.8 24.264 5.7103
270.826 24.1428 5.70074 0.00179102 270.8 24.264 5.7103
270.778 24.3285 5.71015 0.0160636 270.8 24.264 5.7103
270.791 24.5586 5.70768 0.00305195 270.8 24.264 5.7103
270.729 24.5098 5.72012 0.000392454 270.8 24.264 5.7103
270.778 24.3285 5.71015 0.0160636 270.8 24.264 5.7103
270.901 24.3508 5.70117 0.00735773 270.8 24.264 5.7103
270.862 24.2665 5.71416 0.00228507 270.8 24.264 5.7103
270.7 24.2048 5.7125 0.00309457 270.8 24.264 5.7103
270.863 24.2037 5.70667 0.00611446 270.8 24.264 5.7103
270.802 24.1843 5.70196 0.00408301 270.8 24.264 5.7103
270.853 24.3148 5.70408 0.0144539 270.8 24.264 5.7103
270.857 24.3844 5.70623 0.015504 270.8 24.264 5.7103
270.81 24.3781 5.70324 0.0132524 270.8 24.264 5.7103
270.838 24.2102 5.69711 0.00145657 270.8 24.264 5.7103
270.863 24.2037 5.70667 0.00611446 270.8 24.264 5.7103
270.853 24.3148 5.70408 0.0144539 270.8 24.264 5.7103
270.857 24.3844 5.70623 0.015504 270.8 24.264 5.7103
270.986 24.0616 5.70993 3.91596e-05 270.8 24.264 5.7103
270.882 24.4247 5.70238 0.00727303 270.8 24.264 5.7103
270.737 24.428 5.71272 0.00956199 270.8 24.264 5.7103
270.81 24.3781 5.70324 0.0132524 270.8 24.264 5.7103
270.857 24.3844 5.70623 0.015504 270.8 24.264 5.7103
270.853 24.3148 5.70408 0.0144539 270.8 24.264 5.7103
270.707 24.2466 5.71063 0.00760413 270.8 24.264 5.7103
270.707 24.2466 5.71063 0.00760413 270.8 24.264 5.7103
270.778 24.3285 5.71015 0.0160636 270.8 24.264 5.7103
270.901 24.3508 5.70117 0.00735773 270.8 24.264 5.7103
270.863 24.2037 5.70667 0.00611446 270.8 24.264 5.7103
270.895 24.2997 5.71086 0.0058032 270.8 24.264 5.7103
270.863 24.2037 5.70667 0.00611446 270.8 24.264 5.7103
270.775 24.5246 5.69948 0.000783985 270.8 24.264 5.7103
270.737 24.428 5.71272 0.00956199 270.8 24.264 5.7103
270.838 24.2102 5.69711 0.00145657 270.8 24.264 5.7103
270.857 24.3844 5.70623 0.015504 270.8 24.264 5.7103
270.857 24.3844 5.70623 0.015504 270.8 24.264 5.7103
270.895 24.2997 5.71086 0.0058032 270.8 24.264 5.7103
270.838 24.2102 5.69711 0.00145657 270.8 24.264 5.7103
270.857 24.3844 5.70623 0.015504 270.8 24.264 5.7103
270.857 24.3844 5.70623 0.015504 270.8 24.264 5.7103
270.853 24.3148 5.70408 0.0144539 270.8 24.264 5.7103
270.862 24.2665 5.71416 0.00228507 270.8 24.264 5.7103
270.778 24.3285 5.71015 0.0160636 270.8 24.264 5.7103
270.81 24.3781 5.70324 0.0132524 270.8 24.264 5.7103
270.853 24.3148 5.70408 0.0144539 270.8 24.264 5.7103
270.81 24.3781 5.70324 0.0132524 270.8 24.264 5.7103
270.791 24.5586 5.70768 0.00305195 270.8 24.264 5.7103
270.778 24.3285 5.71015 0.0160636 270.8 24.264 5.7103
270.882 24.4247 5.70238 0.00727303 270.8 24.264 5.7103
270.853 24.3148 5.70408 0.0144539 270.8 24.264 5.7103
270.737 24.428 5.71272 0.00956199 270.8 24.264 5.7103
270.901 24.3508 5.70117 0.00735773 270.8 24.264 5.7103
270.81 24.3781 5.70324 0.0132524 270.8 24.264 5.7103
270.737 24.428 5.71272 0.00956199 270.8 24.264 5.7103
270.778 24.3285 5.71015 0.0160636 270.8 24.264 5.7103
270.778 24.3285 5.71015 0.0160636 270.8 24.264 5.7103
270.778 24.3285 5.71015 0.0160636 270.8 24.264 5.7103
270.901 24.3508 5.70117 0.00735773 270.8 24.264 5.7103
270.7 24.2048 5.7125 0.00309457 270.8 24.264 5.7103
270.81 24.3781 5.70324 0.0132524 270.8 24.264 5.7103
270.853 24.3148 5.70408 0.0144539 270.8 24.264 5.7103
270.853 24.3148 5.70408 0.0144539 270.8 24.264 5.7103
270.895 24.2997 5.71086 0.0058032 270.8 24.264 5.7103
270.702 24.5569 5.70439 0.00130084 270.8 24.264 5.7103
270.802 24.1843 5.70196 0.00408301 270.8 24.264 5.7103
270.901 24.3508 5.70117 0.00735773 270.8 24.264 5.7103
270.853 24.3148 5.70408 0.0144539 270.8 24.264 5.7103
270.857 24.3844 5.70623 0.015504 270.8 24.264 5.7103
270.862 24.2665 5.71416 0.00228507 270.8 24.264 5.7103
270.737 24.428 5.71272 0.00956199 270.8 24.264 5.7103
270.689 24.2528 5.70472 0.0066441 270.8 24.264 5.7103
270.778 24.3285 5.71015 0.0160636 270.8 24.264 5.7103
270.522 24.361 5.71072 0.00121637 270.8 24.264 5.7103
270.778 24.3285 5.71015 0.0160636 270.8 24.264 5.7103
270.895 24.2997 5.71086 0.0058032 270.8 24.264 5.7103
270.707 24.2466 5.71063 0.00760413 270.8 24.264 5.7103
270.857 24.3844 5.70623 0.015504 270.8 24.264 5.7103
270.901 24.3508 5.70117 0.00735773 270.8 24.264 5.7103
270.901 24.3508 5.70117 0.00735773 270.8 24.264 5.7103
270.901 24.3508 5.70117 0.00735773 270.8 24.264 5.7103
270.857 24.3844 5.70623 0.015504 270.8 24.264 5.7103
270.862 24.2665 5.71416 0.00228507 270.8 24.264 5.7103
270.778 24.3285 5.71015 0.0160636 270.8 24.264 5.7103
270.857 24.3844 5.70623 0.015504 270.8 24.264 5.7103
271.016 24.3585 5.69817 0.00106039 270.8 24.264 5.7103
270.737 24.428 5.71272 0.00956199 270.8 24.264 5.7103
270.737 24.428 5.71272 0.00956199 270.8 24.264 5.7103
271.068 24.2812 5.69469 0.000157297 270.8 24.264 5.7103
270.737 24.428 5.71272 0.00956199 270.8 24.264 5.7103
270.522 24.361 5.71072 0.00121637 270.8 24.264 5.7103
270.778 24.3285 5.71015 0.0160636 270.8 24.264 5.7103
270.778 24.3285 5.71015 0.0160636 270.8 24.264 5.7103
270.853 24.3148 5.70408 0.0144539 270.8 24.264 5.7103
270.802 24.1843 5.70196 0.00408301 270.8 24.264 5.7103
270.643 24.1043 5.71029 0.000445247 270.8 24.264 5.7103
270.737 24.428 5.71272 0.00956199 270.8 24.264 5.7103
270.857 24.3844 5.70623 0.015504 270.8 24.264 5.7103
270.853 24.3148 5.70408 0.0144539 270.8 24.264 5.7103
270.81 24.3781 5.70324 0.0132524 270.8 24.264 5.7103
270.702 24.5569 5.70439 0.00130084 270.8 24.264 5.7103
270.901 24.3508 5.70117 0.00735773 270.8 24.264 5.7103
270.901 24.3508 5.70117 0.00735773 270.8 24.264 5.7103
270.737 24.428 5.71272 0.00956199 270.8 24.264 5.7103
271.047 24.2305 5.70388 0.000799273 270.8 24.264 5.7103
271.016 24.3585 5.69817 0.00106039 270.8 24.264 5.7103
270.737 24.428 5.71272 0.00956199 270.8 24.264 5.7103
270.522 24.361 5.71072 0.00121637 270.8 24.264 5.7103
270.771 24.5654 5.70472 0.00182462 270.8 24.264 5.7103
270.882 24.4247 5.70238 0.00727303 270.8 24.264 5.7103
270.853 24.3148 5.70408 0.0144539 270.8 24.264 5.7103
270.81 24.3781 5.70324 0.0132524 270.8 24.264 5.7103
270.882 24.4247 5.70238 0.00727303 270.8 24.264 5.7103
270.778 24.3285 5.71015 0.0160636 270.8 24.264 5.7103
270.689 24.2528 5.70472 0.0066441 270.8 24.264 5.7103
270.857 24.3844 5.70623 0.015504 270.8 24.264 5.7103
270.853 24.3148 5.70408 0.0144539 270.8 24.264 5.7103
270.882 24.4247 5.70238 0.00727303 270.8 24.264 5.7103
270.838 24.3687 5.71718 0.00140547 270.8 24.264 5.7103
270.778 24.3285 5.71015 0.0160636 270.8 24.264 5.7103
270.853 24.3148 5.70408 0.0144539 270.8 24.264 5.7103
270.853 24.3148 5.70408 0.0144539 270.8 24.264 5.7103
270.863 24.2037 5.70667 0.00611446 270.8 24.264 5.7103
270.904 24.5121 5.71232 0.00172045 270.8 24.264 5.7103
270.778 24.3285 5.71015 0.0160636 270.8 24.264 5.7103
270.707 24.2466 5.71063 0.00760413 270.8 24.264 5.7103
270.775 24.5246 5.69948 0.000783985 270.8 24.264 5.7103
270.593 24.4925 5.70635 0.00128815 270.8 24.264 5.7103
270.7 24.2048 5.7125 0.00309457 270.8 24.264 5.7103
270.778 24.3285 5.71015 0.0160636 270.8 24.264 5.7103
270.81 24.3781 5.70324 0.0132524 270.8 24.264 5.7103
270.778 24.3285 5.71015 0.0160636 270.8 24.264 5.7103
270.895 24.2997 5.71086 0.0058032 270.8 24.264 5.7103
270.531 24.3652 5.7192 0.000314441 270.8 24.264 5.7103
270.853 24.3148 5.70408 0.0144539 270.8 24.264 5.7103
270.904 24.5121 5.71232 0.00172045 270.8 24.264 5.7103
270.778 24.3285 5.71015 0.0160636 270.8 24.264 5.7103
270.853 24.3148 5.70408 0.0144539 270.8 24.264 5.7103
270.835 24.5377 5.69897 0.000616505 270.8 24.264 5.7103
270.901 24.3508 5.70117 0.00735773 270.8 24.264 5.7103
270.857 24.3844 5.70623 0.015504 270.8 24.264 5.7103
270.81 24.3781 5.70324 0.0132524 270.8 24.264 5.7103
270.778 24.3285 5.71015 0.0160636 270.8 24.264 5.7103
270.882 24.4247 5.70238 0.00727303 270.8 24.264 5.7103
270.778 24.3285 5.71015 0.0160636 270.8 24.264 5.7103
270.778 24.3285 5.71015 0.0160636 270.8 24.264 5.7103
270.802 24.1843 5.70196 0.00408301 270.8 24.264 5.7103
270.81 24.3781 5.70324 0.0132524 270.8 24.264 5.7103
270.882 24.4247 5.70238 0.00727303 270.8 24.264 5.7103
270.863 24.2037 5.70667 0.00611446 270.8 24.264 5.7103
270.689 24.2528 5.70472 0.0066441 270.8 24.264 5.7103
270.517 24.2886 5.70068 8.61381e-05 270.8 24.264 5.7103
270.778 24.3285 5.71015 0.0160636 270.8 24.264 5.7103
270.778 24.3285 5.71015 0.0160636 270.8 24.264 5.7103
270.882 24.4247 5.70238 0.00727303 270.8 24.264 5.7103
270.853 24.3148 5.70408 0.0144539 270.8 24.264 5.7103
270.882 24.4247 5.70238 0.00727303 270.8 24.264 5.7103
270.689 24.2528 5.70472 0.0066441 270.8 24.264 5.7103
270.895 24.2997 5.71086 0.0058032 270.8 24.264 5.7103
270.778 24.3285 5.71015 0.0160636 270.8 24.264 5.7103
270.857 24.3844 5.70623 0.015504 270.8 24.264 5.7103
270.791 24.5586 5.70768 0.00305195 270.8 24.264 5.7103
270.778 24.3285 5.71015 0.0160636 270.8 24.264 5.7103
270.904 24.5121 5.71232 0.00172045 270.8 24.264 5.7103
270.778 24.3285 5.71015 0.0160636 270.8 24.264 5.7103
