225.798 -13.2797 2.92083 0.231652 226.01 -13.121 2.9209
226.118 -13.5341 2.92246 0.662824 226.01 -13.121 2.9209
226.079 -13.4348 2.91678 0.973129 226.01 -13.121 2.9209
225.863 -13.2729 2.91801 1.23895 226.01 -13.121 2.9209
226.058 -13.4745 2.92351 0.932425 226.01 -13.121 2.9209
225.916 -13.3425 2.91754 1.95065 226.01 -13.121 2.9209
225.876 -13.1847 2.91544 0.750956 226.01 -13.121 2.9209
226.258 -13.4809 2.92355 0.67278 226.01 -13.121 2.9209
226.353 -13.2175 2.92146 0.221992 226.01 -13.121 2.9209
225.916 -13.3425 2.91754 1.95065 226.01 -13.121 2.9209
226.079 -13.4348 2.91678 0.973129 226.01 -13.121 2.9209
226.361 -13.1876 2.92234 0.190823 226.01 -13.121 2.9209
226.242 -13.553 2.92054 0.202134 226.01 -13.121 2.9209
226.118 -13.5341 2.92246 0.662824 226.01 -13.121 2.9209
225.83 -13.2681 2.91377 0.617157 226.01 -13.121 2.9209
225.916 -13.3425 2.91754 1.95065 226.01 -13.121 2.9209
225.876 -13.1847 2.91544 0.750956 226.01 -13.121 2.9209
225.919 -12.9762 2.91765 0.0459184 226.01 -13.121 2.9209
226.232 -13.3275 2.91954 1.0299 226.01 -13.121 2.9209
225.863 -13.2729 2.91801 1.23895 226.01 -13.121 2.9209
226.182 -13.1245 2.91977 0.525449 226.01 -13.121 2.9209
226.079 -13.4348 2.91678 0.973129 226.01 -13.121 2.9209
225.863 -13.2729 2.91801 1.23895 226.01 -13.121 2.9209
226.258 -13.4809 2.92355 0.67278 226.01 -13.121 2.9209
226.079 -13.4348 2.91678 0.973129 226.01 -13.121 2.9209
226.3 -13.3028 2.92781 0.450901 226.01 -13.121 2.9209
226.134 -13.429 2.92733 0.377012 226.01 -13.121 2.9209
226.079 -13.4348 2.91678 0.973129 226.01 -13.121 2.9209
226.079 -13.4348 2.91678 0.973129 226.01 -13.121 2.9209
226.058 -13.4745 2.92351 0.932425 226.01 -13.121 2.9209
226.232 -13.3275 2.91954 1.0299 226.01 -13.121 2.9209
226.31 -13.4806 2.92522 0.401681 226.01 -13.121 2.9209
225.863 -13.2729 2.91801 1.23895 226.01 -13.121 2.9209
225.916 -13.3425 2.91754 1.95065 226.01 -13.121 2.9209
225.881 -13.2297 2.91817 1.21338 226.01 -13.121 2.9209
225.798 -13.2797 2.92083 0.231652 226.01 -13.121 2.9209
225.83 -13.2681 2.91377 0.617157 226.01 -13.121 2.9209
226.222 -13.1424 2.91537 0.0522265 226.01 -13.121 2.9209
226.232 -13.3275 2.91954 1.0299 226.01 -13.121 2.9209
226.258 -13.4809 2.92355 0.67278 226.01 -13.121 2.9209
226.232 -13.3275 2.91954 1.0299 226.01 -13.121 2.9209
225.863 -13.2729 2.91801 1.23895 226.01 -13.121 2.9209
226.353 -13.2175 2.92146 0.221992 226.01 -13.121 2.9209
225.876 -13.1847 2.91544 0.750956 226.01 -13.121 2.9209
226.31 -13.4806 2.92522 0.401681 226.01 -13.121 2.9209
226.232 -13.3275 2.91954 1.0299 226.01 -13.121 2.9209
226.183 -13.1089 2.92014 0.451676 226.01 -13.121 2.9209
226.232 -13.3275 2.91954 1.0299 226.01 -13.121 2.9209
225.881 -13.2297 2.91817 1.21338 226.01 -13.121 2.9209
225.876 -13.1847 2.91544 0.750956 226.01 -13.121 2.9209
226.041 -13.2383 2.92659 0.262299 226.01 -13.121 2.9209
226.232 -13.3275 2.91954 1.0299 226.01 -13.121 2.9209
226.079 -13.4348 2.91678 0.973129 226.01 -13.121 2.9209
225.881 -13.2297 2.91817 1.21338 226.01 -13.121 2.9209
225.916 -13.3425 2.91754 1.95065 226.01 -13.121 2.9209
226.241 -12.9843 2.92943 0.00305639 226.01 -13.121 2.9209
225.863 -13.2729 2.91801 1.23895 226.01 -13.121 2.9209
226.232 -13.3275 2.91954 1.0299 226.01 -13.121 2.9209
226.213 -13.1886 2.91864 0.547644 226.01 -13.121 2.9209
226.058 -13.4745 2.92351 0.932425 226.01 -13.121 2.9209
226.213 -13.1886 2.91864 0.547644 226.01 -13.121 2.9209
225.706 -13.4219 2.91121 0.0632597 226.01 -13.121 2.9209
225.881 -13.2297 2.91817 1.21338 226.01 -13.121 2.9209
226.213 -13.1886 2.91864 0.547644 226.01 -13.121 2.9209
226.213 -13.1886 2.91864 0.547644 226.01 -13.121 2.9209
225.83 -13.2681 2.91377 0.617157 226.01 -13.121 2.9209
226.455 -13.3052 2.92864 0.090536 226.01 -13.121 2.9209
226.31 -13.4806 2.92522 0.401681 226.01 -13.121 2.9209
226.079 -13.4348 2.91678 0.973129 226.01 -13.121 2.9209
225.881 -13.2297 2.91817 1.21338 226.01 -13.121 2.9209
225.876 -13.1847 2.91544 0.750956 226.01 -13.121 2.9209
226.296 -13.1848 2.91902 0.180695 226.01 -13.121 2.9209
226.182 -13.1245 2.91977 0.525449 226.01 -13.121 2.9209
226.182 -13.1245 2.91977 0.525449 226.01 -13.121 2.9209
226.361 -13.1876 2.92234 0.190823 226.01 -13.121 2.9209
226.182 -13.1245 2.91977 0.525449 226.01 -13.121 2.9209
225.863 -13.2729 2.91801 1.23895 226.01 -13.121 2.9209
226.3 -13.3028 2.92781 0.450901 226.01 -13.121 2.9209
226.213 -13.1886 2.91864 0.547644 226.01 -13.121 2.9209
226.483 -13.2708 2.92779 0.0611657 226.01 -13.121 2.9209
226.182 -13.1245 2.91977 0.525449 226.01 -13.121 2.9209
225.916 -13.3425 2.91754 1.95065 226.01 -13.121 2.9209
225.863 -13.2729 2.91801 1.23895 226.01 -13.121 2.9209
225.876 -13.1847 2.91544 0.750956 226.01 -13.121 2.9209
226.182 -13.1245 2.91977 0.525449 226.01 -13.121 2.9209
226.232 -13.3275 2.91954 1.0299 226.01 -13.121 2.9209
226.118 -13.5341 2.92246 0.662824 226.01 -13.121 2.9209
226.118 -13.5341 2.92246 0.662824 226.01 -13.121 2.9209
225.881 -13.2297 2.91817 1.21338 226.01 -13.121 2.9209
226.3 -13.3028 2.92781 0.450901 226.01 -13.121 2.9209
226.118 -13.5341 2.92246 0.662824 226.01 -13.121 2.9209
226.353 -13.2175 2.92146 0.221992 226.01 -13.121 2.9209
225.916 -13.3425 2.91754 1.95065 226.01 -13.121 2.9209
226.296 -13.1848 2.91902 0.180695 226.01 -13.121 2.9209
225.881 -13.2297 2.91817 1.21338 226.01 -13.121 2.9209
225.928 -13.3945 2.92406 0.345906 226.01 -13.121 2.9209
225.863 -13.2729 2.91801 1.23895 226.01 -13.121 2.9209
226.182 -13.1245 2.91977 0.525449 226.01 -13.121 2.9209
226.213 -13.1886 2.91864 0.547644 226.01 -13.121 2.9209
226.079 -13.4348 2.91678 0.973129 226.01 -13.121 2.9209
226.232 -13.3275 2.91954 1.0299 226.01 -13.121 2.9209
226.079 -13.4348 2.91678 0.973129 226.01 -13.121 2.9209
226.219 -13.482 2.92984 0.0790176 226.01 -13.121 2.9209
226.258 -13.4809 2.92355 0.67278 226.01 -13.121 2.9209
226.296 -13.1848 2.91902 0.180695 226.01 -13.121 2.9209
225.881 -13.2297 2.91817 1.21338 226.01 -13.121 2.9209
226.183 -13.1089 2.92014 0.451676 226.01 -13.121 2.9209
225.916 -13.3425 2.91754 1.95065 226.01 -13.121 2.9209
226.258 -13.4809 2.92355 0.67278 226.01 -13.121 2.9209
226.258 -13.4809 2.92355 0.67278 226.01 -13.121 2.9209
225.755 -13.2759 2.91908 0.208722 226.01 -13.121 2.9209
225.928 -13.3945 2.92406 0.345906 226.01 -13.121 2.9209
226.079 -13.4348 2.91678 0.973129 226.01 -13.121 2.9209
225.881 -13.2297 2.91817 1.21338 226.01 -13.121 2.9209
226.079 -13.4348 2.91678 0.973129 226.01 -13.121 2.9209
226.079 -13.4348 2.91678 0.973129 226.01 -13.121 2.9209
225.863 -13.2729 2.91801 1.23895 226.01 -13.121 2.9209
225.769 -13.3864 2.92216 0.0575894 226.01 -13.121 2.9209
226.353 -13.2175 2.92146 0.221992 226.01 -13.121 2.9209
226.134 -13.429 2.92733 0.377012 226.01 -13.121 2.9209
226.079 -13.4348 2.91678 0.973129 226.01 -13.121 2.9209
225.928 -13.3945 2.92406 0.345906 226.01 -13.121 2.9209
225.916 -13.3425 2.91754 1.95065 226.01 -13.121 2.9209
226.118 -13.5341 2.92246 0.662824 226.01 -13.121 2.9209
226.012 -13.4619 2.92769 0.064393 226.01 -13.121 2.9209
226.232 -13.3275 2.91954 1.0299 226.01 -13.121 2.9209
226.3 -13.3028 2.92781 0.450901 226.01 -13.121 2.9209
226.058 -13.4745 2.92351 0.932425 226.01 -13.121 2.9209
226.118 -13.5341 2.92246 0.662824 226.01 -13.121 2.9209
226.182 -13.1245 2.91977 0.525449 226.01 -13.121 2.9209
225.916 -13.3425 2.91754 1.95065 226.01 -13.121 2.9209
226.058 -13.4745 2.92351 0.932425 226.01 -13.121 2.9209
225.863 -13.2729 2.91801 1.23895 226.01 -13.121 2.9209
226.134 -13.429 2.92733 0.377012 226.01 -13.121 2.9209
226.079 -13.4348 2.91678 0.973129 226.01 -13.121 2.9209
226.079 -13.4348 2.91678 0.973129 226.01 -13.121 2.9209
226.3 -13.3028 2.92781 0.450901 226.01 -13.121 2.9209
226.134 -13.429 2.92733 0.377012 226.01 -13.121 2.9209
226.183 -13.1089 2.92014 0.451676 226.01 -13.121 2.9209
226.258 -13.4809 2.92355 0.67278 226.01 -13.121 2.9209
226.058 -13.4745 2.92351 0.932425 226.01 -13.121 2.9209
225.881 -13.2297 2.91817 1.21338 226.01 -13.121 2.9209
226.183 -13.1089 2.92014 0.451676 226.01 -13.121 2.9209
226.058 -13.4745 2.92351 0.932425 226.01 -13.121 2.9209
226.219 -13.482 2.92984 0.0790176 226.01 -13.121 2.9209
225.755 -13.2759 2.91908 0.208722 226.01 -13.121 2.9209
226.3 -13.3028 2.92781 0.450901 226.01 -13.121 2.9209
226.3 -13.3028 2.92781 0.450901 226.01 -13.121 2.9209
225.876 -13.1847 2.91544 0.750956 226.01 -13.121 2.9209
225.876 -13.1847 2.91544 0.750956 226.01 -13.121 2.9209
226.058 -13.4745 2.92351 0.932425 226.01 -13.121 2.9209
225.916 -13.3425 2.91754 1.95065 226.01 -13.121 2.9209
226.235 -13.151 2.91868 0.285973 226.01 -13.121 2.9209
226.232 -13.3275 2.91954 1.0299 226.01 -13.121 2.9209
225.881 -13.2297 2.91817 1.21338 226.01 -13.121 2.9209
226.079 -13.4348 2.91678 0.973129 226.01 -13.121 2.9209
225.916 -13.3425 2.91754 1.95065 226.01 -13.121 2.9209
226.242 -13.553 2.92054 0.202134 226.01 -13.121 2.9209
226.242 -13.553 2.92054 0.202134 226.01 -13.121 2.9209
226.118 -13.5341 2.92246 0.662824 226.01 -13.121 2.9209
226.058 -13.4745 2.92351 0.932425 226.01 -13.121 2.9209
225.881 -13.2297 2.91817 1.21338 226.01 -13.121 2.9209
226.079 -13.4348 2.91678 0.973129 226.01 -13.121 2.9209
225.863 -13.2729 2.91801 1.23895 226.01 -13.121 2.9209
226.232 -13.3275 2.91954 1.0299 226.01 -13.121 2.9209
226.079 -13.4348 2.91678 0.973129 226.01 -13.121 2.9209
226.258 -13.4809 2.92355 0.67278 226.01 -13.121 2.9209
226.213 -13.1886 2.91864 0.547644 226.01 -13.121 2.9209
226.232 -13.3275 2.91954 1.0299 226.01 -13.121 2.9209
226.31 -13.4806 2.92522 0.401681 226.01 -13.121 2.9209
225.863 -13.2729 2.91801 1.23895 226.01 -13.121 2.9209
225.876 -13.1847 2.91544 0.750956 226.01 -13.121 2.9209
226.344 -13.0704 2.92943 0.0164829 226.01 -13.121 2.9209
226.232 -13.3275 2.91954 1.0299 226.01 -13.121 2.9209
225.916 -13.3425 2.91754 1.95065 226.01 -13.121 2.9209
225.881 -13.2297 2.91817 1.21338 226.01 -13.121 2.9209
225.881 -13.2297 2.91817 1.21338 226.01 -13.121 2.9209
226.235 -13.151 2.91868 0.285973 226.01 -13.121 2.9209
226.182 -13.1245 2.91977 0.525449 226.01 -13.121 2.9209
226.232 -13.3275 2.91954 1.0299 226.01 -13.121 2.9209
225.798 -13.2797 2.92083 0.231652 226.01 -13.121 2.9209
225.919 -12.9762 2.91765 0.0459184 226.01 -13.121 2.9209
226.058 -13.4745 2.92351 0.932425 226.01 -13.121 2.9209
225.916 -13.3425 2.91754 1.95065 226.01 -13.121 2.9209
226.182 -13.1245 2.91977 0.525449 226.01 -13.121 2.9209
226.483 -13.2708 2.92779 0.0611657 226.01 -13.121 2.9209
226.31 -13.4806 2.92522 0.401681 226.01 -13.121 2.9209
226.079 -13.4348 2.91678 0.973129 226.01 -13.121 2.9209
226.079 -13.4348 2.91678 0.973129 226.01 -13.121 2.9209
226.232 -13.3275 2.91954 1.0299 226.01 -13.121 2.9209
226.079 -13.4348 2.91678 0.973129 226.01 -13.121 2.9209
225.863 -13.2729 2.91801 1.23895 226.01 -13.121 2.9209
225.881 -13.2297 2.91817 1.21338 226.01 -13.121 2.9209
226.183 -13.1089 2.92014 0.451676 226.01 -13.121 2.9209
225.916 -13.3425 2.91754 1.95065 226.01 -13.121 2.9209
225.881 -13.2297 2.91817 1.21338 226.01 -13.121 2.9209
225.876 -13.1847 2.91544 0.750956 226.01 -13.121 2.9209
226.483 -13.2708 2.92779 0.0611657 226.01 -13.121 2.9209
225.916 -13.3425 2.91754 1.95065 226.01 -13.121 2.9209
226.041 -13.2383 2.92659 0.262299 226.01 -13.121 2.9209
