185.025 -9.49778 3.18392 0.181672 185.05 -9.5815 3.1803
185.066 -9.36874 3.18315 0.0590593 185.05 -9.5815 3.1803
185.025 -9.49778 3.18392 0.181672 185.05 -9.5815 3.1803
185.157 -9.80842 3.18361 0.0098401 185.05 -9.5815 3.1803
185.141 -9.56908 3.17889 0.047135 185.05 -9.5815 3.1803
185.025 -9.49778 3.18392 0.181672 185.05 -9.5815 3.1803
185.066 -9.36874 3.18315 0.0590593 185.05 -9.5815 3.1803
185.163 -9.34197 3.18556 0.0410943 185.05 -9.5815 3.1803
184.973 -9.61499 3.18359 0.109201 185.05 -9.5815 3.1803
185.312 -9.56327 3.185 0.042034 185.05 -9.5815 3.1803
185.163 -9.34197 3.18556 0.0410943 185.05 -9.5815 3.1803
184.973 -9.61499 3.18359 0.109201 185.05 -9.5815 3.1803
185.141 -9.56908 3.17889 0.047135 185.05 -9.5815 3.1803
185.141 -9.56908 3.17889 0.047135 185.05 -9.5815 3.1803
185.025 -9.49778 3.18392 0.181672 185.05 -9.5815 3.1803
185.066 -9.36874 3.18315 0.0590593 185.05 -9.5815 3.1803
185.025 -9.49778 3.18392 0.181672 185.05 -9.5815 3.1803
184.973 -9.61499 3.18359 0.109201 185.05 -9.5815 3.1803
185.289 -9.64639 3.17959 0.00427887 185.05 -9.5815 3.1803
185.025 -9.49778 3.18392 0.181672 185.05 -9.5815 3.1803
185.252 -9.74093 3.18123 0.0080576 185.05 -9.5815 3.1803
185.312 -9.56327 3.185 0.042034 185.05 -9.5815 3.1803
185.025 -9.49778 3.18392 0.181672 185.05 -9.5815 3.1803
184.78 -9.67042 3.18084 0.00528559 185.05 -9.5815 3.1803
185.141 -9.56908 3.17889 0.047135 185.05 -9.5815 3.1803
185.066 -9.36874 3.18315 0.0590593 185.05 -9.5815 3.1803
184.973 -9.61499 3.18359 0.109201 185.05 -9.5815 3.1803
184.973 -9.61499 3.18359 0.109201 185.05 -9.5815 3.1803
185.025 -9.49778 3.18392 0.181672 185.05 -9.5815 3.1803
184.973 -9.61499 3.18359 0.109201 185.05 -9.5815 3.1803
185.289 -9.64639 3.17959 0.00427887 185.05 -9.5815 3.1803
184.981 -9.36336 3.17802 0.00805119 185.05 -9.5815 3.1803
184.973 -9.61499 3.18359 0.109201 185.05 -9.5815 3.1803
185.312 -9.56327 3.185 0.042034 185.05 -9.5815 3.1803
185.431 -9.5917 3.18768 0.00423439 185.05 -9.5815 3.1803
184.973 -9.61499 3.18359 0.109201 185.05 -9.5815 3.1803
185.025 -9.49778 3.18392 0.181672 185.05 -9.5815 3.1803
185.025 -9.49778 3.18392 0.181672 185.05 -9.5815 3.1803
185.025 -9.49778 3.18392 0.181672 185.05 -9.5815 3.1803
185.157 -9.80842 3.18361 0.0098401 185.05 -9.5815 3.1803
184.973 -9.61499 3.18359 0.109201 185.05 -9.5815 3.1803
185.312 -9.56327 3.185 0.042034 185.05 -9.5815 3.1803
184.973 -9.61499 3.18359 0.109201 185.05 -9.5815 3.1803
185.025 -9.49778 3.18392 0.181672 185.05 -9.5815 3.1803
184.973 -9.61499 3.18359 0.109201 185.05 -9.5815 3.1803
185.163 -9.34197 3.18556 0.0410943 185.05 -9.5815 3.1803
185.17 -9.54189 3.19339 0.00243562 185.05 -9.5815 3.1803
185.025 -9.49778 3.18392 0.181672 185.05 -9.5815 3.1803
185.141 -9.56908 3.17889 0.047135 185.05 -9.5815 3.1803
185.431 -9.5917 3.18768 0.00423439 185.05 -9.5815 3.1803
185.066 -9.36874 3.18315 0.0590593 185.05 -9.5815 3.1803
184.973 -9.61499 3.18359 0.109201 185.05 -9.5815 3.1803
185.312 -9.56327 3.185 0.042034 185.05 -9.5815 3.1803
185.224 -9.27607 3.19165 0.00223505 185.05 -9.5815 3.1803
185.312 -9.56327 3.185 0.042034 185.05 -9.5815 3.1803
185.066 -9.36874 3.18315 0.0590593 185.05 -9.5815 3.1803
185.025 -9.49778 3.18392 0.181672 185.05 -9.5815 3.1803
184.973 -9.61499 3.18359 0.109201 185.05 -9.5815 3.1803
184.973 -9.61499 3.18359 0.109201 185.05 -9.5815 3.1803
184.973 -9.61499 3.18359 0.109201 185.05 -9.5815 3.1803
184.847 -9.41746 3.18533 0.00412834 185.05 -9.5815 3.1803
185.025 -9.49778 3.18392 0.181672 185.05 -9.5815 3.1803
184.973 -9.61499 3.18359 0.109201 185.05 -9.5815 3.1803
185.066 -9.36874 3.18315 0.0590593 185.05 -9.5815 3.1803
184.973 -9.61499 3.18359 0.109201 185.05 -9.5815 3.1803
185.194 -9.493 3.17965 0.0271229 185.05 -9.5815 3.1803
185.025 -9.49778 3.18392 0.181672 185.05 -9.5815 3.1803
185.039 -9.7039 3.17384 0.0018652 185.05 -9.5815 3.1803
185.025 -9.49778 3.18392 0.181672 185.05 -9.5815 3.1803
185.194 -9.493 3.17965 0.0271229 185.05 -9.5815 3.1803
185.025 -9.49778 3.18392 0.181672 185.05 -9.5815 3.1803
185.025 -9.49778 3.18392 0.181672 185.05 -9.5815 3.1803
184.818 -9.50318 3.1826 0.0117383 185.05 -9.5815 3.1803
184.973 -9.61499 3.18359 0.109201 185.05 -9.5815 3.1803
185.025 -9.49778 3.18392 0.181672 185.05 -9.5815 3.1803
185.224 -9.27607 3.19165 0.00223505 185.05 -9.5815 3.1803
185.163 -9.34197 3.18556 0.0410943 185.05 -9.5815 3.1803
184.973 -9.61499 3.18359 0.109201 185.05 -9.5815 3.1803
185.025 -9.49778 3.18392 0.181672 185.05 -9.5815 3.1803
185.171 -9.81084 3.18012 0.00498178 185.05 -9.5815 3.1803
184.973 -9.61499 3.18359 0.109201 185.05 -9.5815 3.1803
185.025 -9.49778 3.18392 0.181672 185.05 -9.5815 3.1803
185.163 -9.34197 3.18556 0.0410943 185.05 -9.5815 3.1803
185.163 -9.34197 3.18556 0.0410943 185.05 -9.5815 3.1803
185.289 -9.64639 3.17959 0.00427887 185.05 -9.5815 3.1803
185.025 -9.49778 3.18392 0.181672 185.05 -9.5815 3.1803
185.066 -9.36874 3.18315 0.0590593 185.05 -9.5815 3.1803
185.171 -9.81084 3.18012 0.00498178 185.05 -9.5815 3.1803
185.025 -9.49778 3.18392 0.181672 185.05 -9.5815 3.1803
185.341 -9.53109 3.19078 0.0142285 185.05 -9.5815 3.1803
184.973 -9.61499 3.18359 0.109201 185.05 -9.5815 3.1803
185.025 -9.49778 3.18392 0.181672 185.05 -9.5815 3.1803
185.025 -9.49778 3.18392 0.181672 185.05 -9.5815 3.1803
185.025 -9.49778 3.18392 0.181672 185.05 -9.5815 3.1803
185.025 -9.49778 3.18392 0.181672 185.05 -9.5815 3.1803
185.123 -9.65428 3.1915 0.00312205 185.05 -9.5815 3.1803
184.973 -9.61499 3.18359 0.109201 185.05 -9.5815 3.1803
185.194 -9.493 3.17965 0.0271229 185.05 -9.5815 3.1803
184.973 -9.61499 3.18359 0.109201 185.05 -9.5815 3.1803
185.066 -9.36874 3.18315 0.0590593 185.05 -9.5815 3.1803
185.342 -9.24535 3.18854 0.00126015 185.05 -9.5815 3.1803
185.025 -9.49778 3.18392 0.181672 185.05 -9.5815 3.1803
184.973 -9.61499 3.18359 0.109201 185.05 -9.5815 3.1803
185.166 -9.78237 3.18447 0.0153672 185.05 -9.5815 3.1803
184.973 -9.61499 3.18359 0.109201 185.05 -9.5815 3.1803
184.973 -9.61499 3.18359 0.109201 185.05 -9.5815 3.1803
185.341 -9.53109 3.19078 0.0142285 185.05 -9.5815 3.1803
185.025 -9.49778 3.18392 0.181672 185.05 -9.5815 3.1803
185.025 -9.49778 3.18392 0.181672 185.05 -9.5815 3.1803
185.166 -9.78237 3.18447 0.0153672 185.05 -9.5815 3.1803
185.066 -9.36874 3.18315 0.0590593 185.05 -9.5815 3.1803
185.194 -9.493 3.17965 0.0271229 185.05 -9.5815 3.1803
184.973 -9.61499 3.18359 0.109201 185.05 -9.5815 3.1803
185.025 -9.49778 3.18392 0.181672 185.05 -9.5815 3.1803
185.141 -9.56908 3.17889 0.047135 185.05 -9.5815 3.1803
185.066 -9.36874 3.18315 0.0590593 185.05 -9.5815 3.1803
184.973 -9.61499 3.18359 0.109201 185.05 -9.5815 3.1803
185.252 -9.74093 3.18123 0.0080576 185.05 -9.5815 3.1803
185.289 -9.64639 3.17959 0.00427887 185.05 -9.5815 3.1803
185.066 -9.36874 3.18315 0.0590593 185.05 -9.5815 3.1803
184.818 -9.50318 3.1826 0.0117383 185.05 -9.5815 3.1803
184.973 -9.61499 3.18359 0.109201 185.05 -9.5815 3.1803
184.973 -9.61499 3.18359 0.109201 185.05 -9.5815 3.1803
185.025 -9.49778 3.18392 0.181672 185.05 -9.5815 3.1803
184.973 -9.61499 3.18359 0.109201 185.05 -9.5815 3.1803
184.818 -9.50318 3.1826 0.0117383 185.05 -9.5815 3.1803
185.141 -9.56908 3.17889 0.047135 185.05 -9.5815 3.1803
185.025 -9.49778 3.18392 0.181672 185.05 -9.5815 3.1803
184.981 -9.36336 3.17802 0.00805119 185.05 -9.5815 3.1803
185.025 -9.49778 3.18392 0.181672 185.05 -9.5815 3.1803
185.163 -9.34197 3.18556 0.0410943 185.05 -9.5815 3.1803
185.341 -9.53109 3.19078 0.0142285 185.05 -9.5815 3.1803
185.066 -9.36874 3.18315 0.0590593 185.05 -9.5815 3.1803
185.171 -9.81084 3.18012 0.00498178 185.05 -9.5815 3.1803
185.167 -9.77137 3.19026 0.00127527 185.05 -9.5815 3.1803
185.025 -9.49778 3.18392 0.181672 185.05 -9.5815 3.1803
185.025 -9.49778 3.18392 0.181672 185.05 -9.5815 3.1803
184.973 -9.61499 3.18359 0.109201 185.05 -9.5815 3.1803
185.066 -9.36874 3.18315 0.0590593 185.05 -9.5815 3.1803
185.323 -9.56662 3.18164 0.00953276 185.05 -9.5815 3.1803
185.312 -9.56327 3.185 0.042034 185.05 -9.5815 3.1803
185.025 -9.49778 3.18392 0.181672 185.05 -9.5815 3.1803
185.025 -9.49778 3.18392 0.181672 185.05 -9.5815 3.1803
185.025 -9.49778 3.18392 0.181672 185.05 -9.5815 3.1803
184.78 -9.67042 3.18084 0.00528559 185.05 -9.5815 3.1803
185.163 -9.34197 3.18556 0.0410943 185.05 -9.5815 3.1803
185.025 -9.49778 3.18392 0.181672 185.05 -9.5815 3.1803
185.252 -9.74093 3.18123 0.0080576 185.05 -9.5815 3.1803
184.898 -9.6765 3.18424 0.0166935 185.05 -9.5815 3.1803
185.025 -9.49778 3.18392 0.181672 185.05 -9.5815 3.1803
185.025 -9.49778 3.18392 0.181672 185.05 -9.5815 3.1803
184.818 -9.50318 3.1826 0.0117383 185.05 -9.5815 3.1803
185.025 -9.49778 3.18392 0.181672 185.05 -9.5815 3.1803
185.025 -9.49778 3.18392 0.181672 185.05 -9.5815 3.1803
184.973 -9.61499 3.18359 0.109201 185.05 -9.5815 3.1803
185.025 -9.49778 3.18392 0.181672 185.05 -9.5815 3.1803
185.025 -9.49778 3.18392 0.181672 185.05 -9.5815 3.1803
185.141 -9.56908 3.17889 0.047135 185.05 -9.5815 3.1803
185.194 -9.493 3.17965 0.0271229 185.05 -9.5815 3.1803
185.171 -9.81084 3.18012 0.00498178 185.05 -9.5815 3.1803
185.025 -9.49778 3.18392 0.181672 185.05 -9.5815 3.1803
185.341 -9.53109 3.19078 0.0142285 185.05 -9.5815 3.1803
184.847 -9.41746 3.18533 0.00412834 185.05 -9.5815 3.1803
185.312 -9.56327 3.185 0.042034 185.05 -9.5815 3.1803
185.391 -9.60307 3.18543 0.00762059 185.05 -9.5815 3.1803
185.025 -9.49778 3.18392 0.181672 185.05 -9.5815 3.1803
185.194 -9.493 3.17965 0.0271229 185.05 -9.5815 3.1803
185.163 -9.34197 3.18556 0.0410943 185.05 -9.5815 3.1803
185.312 -9.56327 3.185 0.042034 185.05 -9.5815 3.1803
185.141 -9.56908 3.17889 0.047135 185.05 -9.5815 3.1803
184.973 -9.61499 3.18359 0.109201 185.05 -9.5815 3.1803
185.025 -9.49778 3.18392 0.181672 185.05 -9.5815 3.1803
185.289 -9.64639 3.17959 0.00427887 185.05 -9.5815 3.1803
185.247 -9.18242 3.18247 0.000136202 185.05 -9.5815 3.1803
185.025 -9.49778 3.18392 0.181672 185.05 -9.5815 3.1803
185.157 -9.80842 3.18361 0.0098401 185.05 -9.5815 3.1803
184.973 -9.61499 3.18359 0.109201 185.05 -9.5815 3.1803
185.141 -9.56908 3.17889 0.047135 185.05 -9.5815 3.1803
185.166 -9.78237 3.18447 0.0153672 185.05 -9.5815 3.1803
185.431 -9.5917 3.18768 0.00423439 185.05 -9.5815 3.1803
185.194 -9.493 3.17965 0.0271229 185.05 -9.5815 3.1803
185.141 -9.56908 3.17889 0.047135 185.05 -9.5815 3.1803
185.157 -9.80842 3.18361 0.0098401 185.05 -9.5815 3.1803
185.025 -9.49778 3.18392 0.181672 185.05 -9.5815 3.1803
185.163 -9.34197 3.18556 0.0410943 185.05 -9.5815 3.1803
184.973 -9.61499 3.18359 0.109201 185.05 -9.5815 3.1803
185.025 -9.49778 3.18392 0.181672 185.05 -9.5815 3.1803
185.141 -9.56908 3.17889 0.047135 185.05 -9.5815 3.1803
185.194 -9.493 3.17965 0.0271229 185.05 -9.5815 3.1803
185.025 -9.49778 3.18392 0.181672 185.05 -9.5815 3.1803
185.025 -9.49778 3.18392 0.181672 185.05 -9.5815 3.1803
185.312 -9.56327 3.185 0.042034 185.05 -9.5815 3.1803
184.973 -9.61499 3.18359 0.109201 185.05 -9.5815 3.1803
185.141 -9.56908 3.17889 0.047135 185.05 -9.5815 3.1803
185.025 -9.49778 3.18392 0.181672 185.05 -9.5815 3.1803
185.141 -9.56908 3.17889 0.047135 185.05 -9.5815 3.1803
185.323 -9.56662 3.18164 0.00953276 185.05 -9.5815 3.1803
184.973 -9.61499 3.18359 0.109201 185.05 -9.5815 3.1803
185.025 -9.49778 3.18392 0.181672 185.05 -9.5815 3.1803
185.166 -9.78237 3.18447 0.0153672 185.05 -9.5815 3.1803
