264.168 27.2976 5.98439 0.102677 263.88 27.55 5.9822
263.971 27.3334 5.98017 0.868805 263.88 27.55 5.9822
263.957 27.5072 5.97793 0.741931 263.88 27.55 5.9822
263.971 27.3334 5.98017 0.868805 263.88 27.55 5.9822
263.957 27.5072 5.97793 0.741931 263.88 27.55 5.9822
263.969 27.3197 5.97818 0.64923 263.88 27.55 5.9822
263.945 27.3474 5.98619 0.433482 263.88 27.55 5.9822
263.892 27.3473 5.97647 0.243918 263.88 27.55 5.9822
263.882 27.5207 5.97795 0.281295 263.88 27.55 5.9822
263.899 27.2745 5.98057 0.269421 263.88 27.55 5.9822
263.971 27.3334 5.98017 0.868805 263.88 27.55 5.9822
263.971 27.3334 5.98017 0.868805 263.88 27.55 5.9822
264.093 27.4205 5.98145 0.977147 263.88 27.55 5.9822
263.892 27.3473 5.97647 0.243918 263.88 27.55 5.9822
263.947 27.2778 5.97601 0.209056 263.88 27.55 5.9822
263.957 27.5072 5.97793 0.741931 263.88 27.55 5.9822
264.168 27.2976 5.98439 0.102677 263.88 27.55 5.9822
264.168 27.2976 5.98439 0.102677 263.88 27.55 5.9822
264.08 27.1974 5.97563 0.0930107 263.88 27.55 5.9822
263.96 27.524 5.97726 0.618908 263.88 27.55 5.9822
263.957 27.5072 5.97793 0.741931 263.88 27.55 5.9822
263.854 27.2259 5.9809 0.0752556 263.88 27.55 5.9822
263.829 27.5074 5.98066 0.185425 263.88 27.55 5.9822
263.952 27.5524 5.98478 0.276241 263.88 27.55 5.9822
264.029 27.5179 5.98475 0.384408 263.88 27.55 5.9822
264.248 27.6673 5.9772 0.0236104 263.88 27.55 5.9822
263.971 27.3334 5.98017 0.868805 263.88 27.55 5.9822
263.96 27.524 5.97726 0.618908 263.88 27.55 5.9822
263.945 27.3474 5.98619 0.433482 263.88 27.55 5.9822
263.969 27.3197 5.97818 0.64923 263.88 27.55 5.9822
263.969 27.3197 5.97818 0.64923 263.88 27.55 5.9822
263.957 27.5072 5.97793 0.741931 263.88 27.55 5.9822
263.971 27.3334 5.98017 0.868805 263.88 27.55 5.9822
264.029 27.5179 5.98475 0.384408 263.88 27.55 5.9822
263.76 27.4201 5.99015 0.0336803 263.88 27.55 5.9822
263.854 27.2259 5.9809 0.0752556 263.88 27.55 5.9822
263.945 27.3474 5.98619 0.433482 263.88 27.55 5.9822
263.971 27.3334 5.98017 0.868805 263.88 27.55 5.9822
263.96 27.524 5.97726 0.618908 263.88 27.55 5.9822
264.029 27.5179 5.98475 0.384408 263.88 27.55 5.9822
263.96 27.524 5.97726 0.618908 263.88 27.55 5.9822
263.957 27.5072 5.97793 0.741931 263.88 27.55 5.9822
263.899 27.2745 5.98057 0.269421 263.88 27.55 5.9822
263.952 27.5524 5.98478 0.276241 263.88 27.55 5.9822
263.851 27.1618 5.98657 0.0205614 263.88 27.55 5.9822
263.957 27.5072 5.97793 0.741931 263.88 27.55 5.9822
263.877 27.4906 5.98075 0.43413 263.88 27.55 5.9822
263.952 27.5524 5.98478 0.276241 263.88 27.55 5.9822
264.029 27.5179 5.98475 0.384408 263.88 27.55 5.9822
263.971 27.3334 5.98017 0.868805 263.88 27.55 5.9822
264.093 27.4205 5.98145 0.977147 263.88 27.55 5.9822
263.971 27.3334 5.98017 0.868805 263.88 27.55 5.9822
263.945 27.3474 5.98619 0.433482 263.88 27.55 5.9822
263.969 27.3197 5.97818 0.64923 263.88 27.55 5.9822
264.029 27.5179 5.98475 0.384408 263.88 27.55 5.9822
264.168 27.2976 5.98439 0.102677 263.88 27.55 5.9822
263.971 27.3334 5.98017 0.868805 263.88 27.55 5.9822
263.96 27.524 5.97726 0.618908 263.88 27.55 5.9822
263.882 27.5207 5.97795 0.281295 263.88 27.55 5.9822
263.969 27.3197 5.97818 0.64923 263.88 27.55 5.9822
264.07 27.1536 5.97643 0.0394435 263.88 27.55 5.9822
264.168 27.2976 5.98439 0.102677 263.88 27.55 5.9822
263.96 27.524 5.97726 0.618908 263.88 27.55 5.9822
264.171 27.6899 5.96961 0.0214055 263.88 27.55 5.9822
263.892 27.3473 5.97647 0.243918 263.88 27.55 5.9822
263.96 27.524 5.97726 0.618908 263.88 27.55 5.9822
263.877 27.4906 5.98075 0.43413 263.88 27.55 5.9822
263.947 27.2778 5.97601 0.209056 263.88 27.55 5.9822
263.971 27.3334 5.98017 0.868805 263.88 27.55 5.9822
263.945 27.3474 5.98619 0.433482 263.88 27.55 5.9822
263.969 27.3197 5.97818 0.64923 263.88 27.55 5.9822
264.029 27.5179 5.98475 0.384408 263.88 27.55 5.9822
263.96 27.524 5.97726 0.618908 263.88 27.55 5.9822
263.969 27.3197 5.97818 0.64923 263.88 27.55 5.9822
263.971 27.3334 5.98017 0.868805 263.88 27.55 5.9822
263.971 27.3334 5.98017 0.868805 263.88 27.55 5.9822
264.029 27.5179 5.98475 0.384408 263.88 27.55 5.9822
263.971 27.3334 5.98017 0.868805 263.88 27.55 5.9822
263.957 27.5072 5.97793 0.741931 263.88 27.55 5.9822
263.969 27.3197 5.97818 0.64923 263.88 27.55 5.9822
263.957 27.5072 5.97793 0.741931 263.88 27.55 5.9822
263.882 27.5207 5.97795 0.281295 263.88 27.55 5.9822
263.971 27.3334 5.98017 0.868805 263.88 27.55 5.9822
264.029 27.5179 5.98475 0.384408 263.88 27.55 5.9822
263.851 27.1618 5.98657 0.0205614 263.88 27.55 5.9822
263.969 27.3197 5.97818 0.64923 263.88 27.55 5.9822
263.969 27.3197 5.97818 0.64923 263.88 27.55 5.9822
263.971 27.3334 5.98017 0.868805 263.88 27.55 5.9822
263.952 27.5524 5.98478 0.276241 263.88 27.55 5.9822
263.899 27.2745 5.98057 0.269421 263.88 27.55 5.9822
263.971 27.3334 5.98017 0.868805 263.88 27.55 5.9822
263.877 27.4906 5.98075 0.43413 263.88 27.55 5.9822
263.969 27.3197 5.97818 0.64923 263.88 27.55 5.9822
263.971 27.3334 5.98017 0.868805 263.88 27.55 5.9822
263.96 27.524 5.97726 0.618908 263.88 27.55 5.9822
263.945 27.3474 5.98619 0.433482 263.88 27.55 5.9822
263.882 27.5207 5.97795 0.281295 263.88 27.55 5.9822
263.892 27.3473 5.97647 0.243918 263.88 27.55 5.9822
263.957 27.5072 5.97793 0.741931 263.88 27.55 5.9822
263.892 27.3473 5.97647 0.243918 263.88 27.55 5.9822
263.945 27.3474 5.98619 0.433482 263.88 27.55 5.9822
263.971 27.3334 5.98017 0.868805 263.88 27.55 5.9822
263.877 27.4906 5.98075 0.43413 263.88 27.55 5.9822
264.305 27.4368 5.9813 0.0314445 263.88 27.55 5.9822
263.96 27.524 5.97726 0.618908 263.88 27.55 5.9822
263.882 27.5207 5.97795 0.281295 263.88 27.55 5.9822
263.774 27.4181 5.97496 0.0159209 263.88 27.55 5.9822
263.892 27.3473 5.97647 0.243918 263.88 27.55 5.9822
263.969 27.3197 5.97818 0.64923 263.88 27.55 5.9822
263.96 27.524 5.97726 0.618908 263.88 27.55 5.9822
263.957 27.5072 5.97793 0.741931 263.88 27.55 5.9822
264.187 27.5337 5.96461 0.020587 263.88 27.55 5.9822
264.171 27.6899 5.96961 0.0214055 263.88 27.55 5.9822
263.957 27.5072 5.97793 0.741931 263.88 27.55 5.9822
264.093 27.4205 5.98145 0.977147 263.88 27.55 5.9822
263.892 27.3473 5.97647 0.243918 263.88 27.55 5.9822
263.854 27.2259 5.9809 0.0752556 263.88 27.55 5.9822
263.957 27.5072 5.97793 0.741931 263.88 27.55 5.9822
263.96 27.524 5.97726 0.618908 263.88 27.55 5.9822
263.829 27.5074 5.98066 0.185425 263.88 27.55 5.9822
263.971 27.3334 5.98017 0.868805 263.88 27.55 5.9822
263.969 27.3197 5.97818 0.64923 263.88 27.55 5.9822
263.892 27.3473 5.97647 0.243918 263.88 27.55 5.9822
264.093 27.4205 5.98145 0.977147 263.88 27.55 5.9822
264.029 27.5179 5.98475 0.384408 263.88 27.55 5.9822
263.969 27.3197 5.97818 0.64923 263.88 27.55 5.9822
264.093 27.4205 5.98145 0.977147 263.88 27.55 5.9822
263.947 27.2778 5.97601 0.209056 263.88 27.55 5.9822
263.945 27.3474 5.98619 0.433482 263.88 27.55 5.9822
264.029 27.5179 5.98475 0.384408 263.88 27.55 5.9822
263.96 27.524 5.97726 0.618908 263.88 27.55 5.9822
263.952 27.5524 5.98478 0.276241 263.88 27.55 5.9822
263.899 27.2745 5.98057 0.269421 263.88 27.55 5.9822
264.168 27.2976 5.98439 0.102677 263.88 27.55 5.9822
263.892 27.3473 5.97647 0.243918 263.88 27.55 5.9822
263.969 27.3197 5.97818 0.64923 263.88 27.55 5.9822
264.093 27.4205 5.98145 0.977147 263.88 27.55 5.9822
263.96 27.524 5.97726 0.618908 263.88 27.55 5.9822
263.957 27.5072 5.97793 0.741931 263.88 27.55 5.9822
263.957 27.5072 5.97793 0.741931 263.88 27.55 5.9822
263.969 27.3197 5.97818 0.64923 263.88 27.55 5.9822
263.916 27.6735 5.98793 0.00905504 263.88 27.55 5.9822
263.882 27.5207 5.97795 0.281295 263.88 27.55 5.9822
263.971 27.3334 5.98017 0.868805 263.88 27.55 5.9822
263.971 27.3334 5.98017 0.868805 263.88 27.55 5.9822
263.833 27.5864 5.98025 0.0803641 263.88 27.55 5.9822
263.971 27.3334 5.98017 0.868805 263.88 27.55 5.9822
263.96 27.524 5.97726 0.618908 263.88 27.55 5.9822
263.96 27.524 5.97726 0.618908 263.88 27.55 5.9822
263.829 27.5074 5.98066 0.185425 263.88 27.55 5.9822
263.971 27.3334 5.98017 0.868805 263.88 27.55 5.9822
263.877 27.4906 5.98075 0.43413 263.88 27.55 5.9822
263.969 27.3197 5.97818 0.64923 263.88 27.55 5.9822
263.957 27.5072 5.97793 0.741931 263.88 27.55 5.9822
264.171 27.6899 5.96961 0.0214055 263.88 27.55 5.9822
264.093 27.4205 5.98145 0.977147 263.88 27.55 5.9822
263.774 27.4181 5.97496 0.0159209 263.88 27.55 5.9822
263.882 27.5207 5.97795 0.281295 263.88 27.55 5.9822
263.899 27.2745 5.98057 0.269421 263.88 27.55 5.9822
263.969 27.3197 5.97818 0.64923 263.88 27.55 5.9822
263.877 27.4906 5.98075 0.43413 263.88 27.55 5.9822
264.093 27.4205 5.98145 0.977147 263.88 27.55 5.9822
263.854 27.2259 5.9809 0.0752556 263.88 27.55 5.9822
263.971 27.3334 5.98017 0.868805 263.88 27.55 5.9822
263.957 27.5072 5.97793 0.741931 263.88 27.55 5.9822
263.892 27.3473 5.97647 0.243918 263.88 27.55 5.9822
264.093 27.4205 5.98145 0.977147 263.88 27.55 5.9822
263.957 27.5072 5.97793 0.741931 263.88 27.55 5.9822
264.093 27.4205 5.98145 0.977147 263.88 27.55 5.9822
263.877 27.4906 5.98075 0.43413 263.88 27.55 5.9822
263.957 27.5072 5.97793 0.741931 263.88 27.55 5.9822
263.945 27.3474 5.98619 0.433482 263.88 27.55 5.9822
264.094 27.3407 5.98621 0.201608 263.88 27.55 5.9822
263.969 27.3197 5.97818 0.64923 263.88 27.55 5.9822
263.888 27.435 5.97071 0.0303595 263.88 27.55 5.9822
263.971 27.3334 5.98017 0.868805 263.88 27.55 5.9822
263.96 27.524 5.97726 0.618908 263.88 27.55 5.9822
263.829 27.5074 5.98066 0.185425 263.88 27.55 5.9822
264.093 27.4205 5.98145 0.977147 263.88 27.55 5.9822
263.957 27.5072 5.97793 0.741931 263.88 27.55 5.9822
264.08 27.1974 5.97563 0.0930107 263.88 27.55 5.9822
264.093 27.4205 5.98145 0.977147 263.88 27.55 5.9822
263.969 27.3197 5.97818 0.64923 263.88 27.55 5.9822
263.96 27.524 5.97726 0.618908 263.88 27.55 5.9822
263.957 27.5072 5.97793 0.741931 263.88 27.55 5.9822
263.952 27.5524 5.98478 0.276241 263.88 27.55 5.9822
263.892 27.3473 5.97647 0.243918 263.88 27.55 5.9822
263.971 27.3334 5.98017 0.868805 263.88 27.55 5.9822
263.971 27.3334 5.98017 0.868805 263.88 27.55 5.9822
263.96 27.524 5.97726 0.618908 263.88 27.55 5.9822
263.892 27.3473 5.97647 0.243918 263.88 27.55 5.9822
263.971 27.3334 5.98017 0.868805 263.88 27.55 5.9822
263.892 27.3473 5.97647 0.243918 263.88 27.55 5.9822
263.957 27.5072 5.97793 0.741931 263.88 27.55 5.9822
263.96 27.524 5.97726 0.618908 263.88 27.55 5.9822
263.914 27.2806 5.99348 0.0132859 263.88 27.55 5.9822
263.892 27.3473 5.97647 0.243918 263.88 27.55 5.9822
263.947 27.2778 5.97601 0.209056 263.88 27.55 5.9822
263.957 27.5072 5.97793 0.741931 263.88 27.55 5.9822
264.093 27.4205 5.98145 0.977147 263.88 27.55 5.9822
