83.5232 -35.6055 3.61959 0.156725 83.529 -35.216 3.6245
83.7256 -35.0504 3.63007 0.416673 83.529 -35.216 3.6245
83.734 -35.1901 3.62376 2.87791 83.529 -35.216 3.6245
83.527 -35.0898 3.62509 1.91438 83.529 -35.216 3.6245
83.7179 -35.4364 3.62186 2.16331 83.529 -35.216 3.6245
83.6808 -35.2142 3.62497 6.67534 83.529 -35.216 3.6245
83.7179 -35.4364 3.62186 2.16331 83.529 -35.216 3.6245
83.6808 -35.2142 3.62497 6.67534 83.529 -35.216 3.6245
83.662 -35.2675 3.62167 5.45564 83.529 -35.216 3.6245
83.6808 -35.2142 3.62497 6.67534 83.529 -35.216 3.6245
83.6946 -35.2063 3.62533 5.67086 83.529 -35.216 3.6245
83.6946 -35.2063 3.62533 5.67086 83.529 -35.216 3.6245
83.662 -35.2675 3.62167 5.45564 83.529 -35.216 3.6245
83.662 -35.2675 3.62167 5.45564 83.529 -35.216 3.6245
83.662 -35.2675 3.62167 5.45564 83.529 -35.216 3.6245
83.7696 -35.3901 3.62204 1.62608 83.529 -35.216 3.6245
83.6808 -35.2142 3.62497 6.67534 83.529 -35.216 3.6245
83.6118 -35.3575 3.62321 8.08897 83.529 -35.216 3.6245
83.734 -35.1901 3.62376 2.87791 83.529 -35.216 3.6245
83.6946 -35.2063 3.62533 5.67086 83.529 -35.216 3.6245
83.6118 -35.3575 3.62321 8.08897 83.529 -35.216 3.6245
83.7179 -35.4364 3.62186 2.16331 83.529 -35.216 3.6245
83.7617 -35.3644 3.62189 2.11079 83.529 -35.216 3.6245
83.6808 -35.2142 3.62497 6.67534 83.529 -35.216 3.6245
83.6118 -35.3575 3.62321 8.08897 83.529 -35.216 3.6245
83.7617 -35.3644 3.62189 2.11079 83.529 -35.216 3.6245
83.7375 -35.3061 3.62589 2.73597 83.529 -35.216 3.6245
83.7375 -35.3061 3.62589 2.73597 83.529 -35.216 3.6245
83.7179 -35.4364 3.62186 2.16331 83.529 -35.216 3.6245
83.7696 -35.3901 3.62204 1.62608 83.529 -35.216 3.6245
83.4973 -35.3979 3.62063 2.75311 83.529 -35.216 3.6245
83.6118 -35.3575 3.62321 8.08897 83.529 -35.216 3.6245
83.7375 -35.3061 3.62589 2.73597 83.529 -35.216 3.6245
83.6118 -35.3575 3.62321 8.08897 83.529 -35.216 3.6245
83.6118 -35.3575 3.62321 8.08897 83.529 -35.216 3.6245
83.6808 -35.2142 3.62497 6.67534 83.529 -35.216 3.6245
83.4133 -35.3571 3.62563 0.78984 83.529 -35.216 3.6245
83.7179 -35.4364 3.62186 2.16331 83.529 -35.216 3.6245
83.8893 -35.4779 3.62264 0.0353675 83.529 -35.216 3.6245
83.7375 -35.3061 3.62589 2.73597 83.529 -35.216 3.6245
83.6808 -35.2142 3.62497 6.67534 83.529 -35.216 3.6245
83.6808 -35.2142 3.62497 6.67534 83.529 -35.216 3.6245
83.6808 -35.2142 3.62497 6.67534 83.529 -35.216 3.6245
83.6118 -35.3575 3.62321 8.08897 83.529 -35.216 3.6245
83.6808 -35.2142 3.62497 6.67534 83.529 -35.216 3.6245
83.7375 -35.2691 3.6185 0.391788 83.529 -35.216 3.6245
83.662 -35.2675 3.62167 5.45564 83.529 -35.216 3.6245
83.734 -35.1901 3.62376 2.87791 83.529 -35.216 3.6245
83.6946 -35.2063 3.62533 5.67086 83.529 -35.216 3.6245
83.4992 -35.2986 3.61818 0.570187 83.529 -35.216 3.6245
83.7779 -35.1525 3.62576 1.29352 83.529 -35.216 3.6245
83.527 -35.0898 3.62509 1.91438 83.529 -35.216 3.6245
83.6808 -35.2142 3.62497 6.67534 83.529 -35.216 3.6245
83.6118 -35.3575 3.62321 8.08897 83.529 -35.216 3.6245
83.6118 -35.3575 3.62321 8.08897 83.529 -35.216 3.6245
83.6946 -35.2063 3.62533 5.67086 83.529 -35.216 3.6245
83.6808 -35.2142 3.62497 6.67534 83.529 -35.216 3.6245
83.7696 -35.3901 3.62204 1.62608 83.529 -35.216 3.6245
83.7179 -35.4364 3.62186 2.16331 83.529 -35.216 3.6245
83.6946 -35.2063 3.62533 5.67086 83.529 -35.216 3.6245
83.527 -35.0898 3.62509 1.91438 83.529 -35.216 3.6245
83.7617 -35.3644 3.62189 2.11079 83.529 -35.216 3.6245
83.6946 -35.2063 3.62533 5.67086 83.529 -35.216 3.6245
83.6946 -35.2063 3.62533 5.67086 83.529 -35.216 3.6245
83.6118 -35.3575 3.62321 8.08897 83.529 -35.216 3.6245
83.7779 -35.1525 3.62576 1.29352 83.529 -35.216 3.6245
83.7779 -35.1525 3.62576 1.29352 83.529 -35.216 3.6245
83.7779 -35.1525 3.62576 1.29352 83.529 -35.216 3.6245
83.6118 -35.3575 3.62321 8.08897 83.529 -35.216 3.6245
83.6118 -35.3575 3.62321 8.08897 83.529 -35.216 3.6245
83.6118 -35.3575 3.62321 8.08897 83.529 -35.216 3.6245
83.5833 -35.5279 3.61648 0.305601 83.529 -35.216 3.6245
83.6946 -35.2063 3.62533 5.67086 83.529 -35.216 3.6245
83.6946 -35.2063 3.62533 5.67086 83.529 -35.216 3.6245
83.6118 -35.3575 3.62321 8.08897 83.529 -35.216 3.6245
83.4973 -35.3979 3.62063 2.75311 83.529 -35.216 3.6245
83.662 -35.2675 3.62167 5.45564 83.529 -35.216 3.6245
83.662 -35.2675 3.62167 5.45564 83.529 -35.216 3.6245
83.6118 -35.3575 3.62321 8.08897 83.529 -35.216 3.6245
83.4973 -35.3979 3.62063 2.75311 83.529 -35.216 3.6245
83.6808 -35.2142 3.62497 6.67534 83.529 -35.216 3.6245
83.7696 -35.3901 3.62204 1.62608 83.529 -35.216 3.6245
83.7375 -35.3061 3.62589 2.73597 83.529 -35.216 3.6245
83.7696 -35.3901 3.62204 1.62608 83.529 -35.216 3.6245
83.7779 -35.1525 3.62576 1.29352 83.529 -35.216 3.6245
83.4973 -35.3979 3.62063 2.75311 83.529 -35.216 3.6245
83.7179 -35.4364 3.62186 2.16331 83.529 -35.216 3.6245
83.6808 -35.2142 3.62497 6.67534 83.529 -35.216 3.6245
83.6808 -35.2142 3.62497 6.67534 83.529 -35.216 3.6245
83.6808 -35.2142 3.62497 6.67534 83.529 -35.216 3.6245
83.6808 -35.2142 3.62497 6.67534 83.529 -35.216 3.6245
83.6118 -35.3575 3.62321 8.08897 83.529 -35.216 3.6245
83.6808 -35.2142 3.62497 6.67534 83.529 -35.216 3.6245
83.6946 -35.2063 3.62533 5.67086 83.529 -35.216 3.6245
83.6118 -35.3575 3.62321 8.08897 83.529 -35.216 3.6245
83.6946 -35.2063 3.62533 5.67086 83.529 -35.216 3.6245
83.527 -35.0898 3.62509 1.91438 83.529 -35.216 3.6245
83.7696 -35.3901 3.62204 1.62608 83.529 -35.216 3.6245
83.7779 -35.1525 3.62576 1.29352 83.529 -35.216 3.6245
83.6808 -35.2142 3.62497 6.67534 83.529 -35.216 3.6245
83.7617 -35.3644 3.62189 2.11079 83.529 -35.216 3.6245
83.6118 -35.3575 3.62321 8.08897 83.529 -35.216 3.6245
83.6118 -35.3575 3.62321 8.08897 83.529 -35.216 3.6245
83.6808 -35.2142 3.62497 6.67534 83.529 -35.216 3.6245
83.7375 -35.3061 3.62589 2.73597 83.529 -35.216 3.6245
83.6808 -35.2142 3.62497 6.67534 83.529 -35.216 3.6245
83.6118 -35.3575 3.62321 8.08897 83.529 -35.216 3.6245
83.527 -35.0898 3.62509 1.91438 83.529 -35.216 3.6245
83.4973 -35.3979 3.62063 2.75311 83.529 -35.216 3.6245
83.6118 -35.3575 3.62321 8.08897 83.529 -35.216 3.6245
83.662 -35.2675 3.62167 5.45564 83.529 -35.216 3.6245
83.8346 -35.3158 3.62234 0.615881 83.529 -35.216 3.6245
83.662 -35.2675 3.62167 5.45564 83.529 -35.216 3.6245
83.527 -35.0898 3.62509 1.91438 83.529 -35.216 3.6245
83.7179 -35.4364 3.62186 2.16331 83.529 -35.216 3.6245
83.527 -35.0898 3.62509 1.91438 83.529 -35.216 3.6245
83.7696 -35.3901 3.62204 1.62608 83.529 -35.216 3.6245
83.6118 -35.3575 3.62321 8.08897 83.529 -35.216 3.6245
83.7696 -35.3901 3.62204 1.62608 83.529 -35.216 3.6245
83.6118 -35.3575 3.62321 8.08897 83.529 -35.216 3.6245
83.4992 -35.2986 3.61818 0.570187 83.529 -35.216 3.6245
83.6946 -35.2063 3.62533 5.67086 83.529 -35.216 3.6245
83.7617 -35.3644 3.62189 2.11079 83.529 -35.216 3.6245
83.7696 -35.3901 3.62204 1.62608 83.529 -35.216 3.6245
83.4973 -35.3979 3.62063 2.75311 83.529 -35.216 3.6245
83.7696 -35.3901 3.62204 1.62608 83.529 -35.216 3.6245
83.662 -35.2675 3.62167 5.45564 83.529 -35.216 3.6245
83.6808 -35.2142 3.62497 6.67534 83.529 -35.216 3.6245
83.7179 -35.4364 3.62186 2.16331 83.529 -35.216 3.6245
83.7179 -35.4364 3.62186 2.16331 83.529 -35.216 3.6245
83.6808 -35.2142 3.62497 6.67534 83.529 -35.216 3.6245
83.7696 -35.3901 3.62204 1.62608 83.529 -35.216 3.6245
83.7375 -35.3061 3.62589 2.73597 83.529 -35.216 3.6245
83.7375 -35.3061 3.62589 2.73597 83.529 -35.216 3.6245
83.734 -35.1901 3.62376 2.87791 83.529 -35.216 3.6245
83.7269 -35.0887 3.62549 1.24942 83.529 -35.216 3.6245
83.734 -35.1901 3.62376 2.87791 83.529 -35.216 3.6245
83.6808 -35.2142 3.62497 6.67534 83.529 -35.216 3.6245
83.6118 -35.3575 3.62321 8.08897 83.529 -35.216 3.6245
83.4973 -35.3979 3.62063 2.75311 83.529 -35.216 3.6245
83.6118 -35.3575 3.62321 8.08897 83.529 -35.216 3.6245
83.6118 -35.3575 3.62321 8.08897 83.529 -35.216 3.6245
83.4973 -35.3979 3.62063 2.75311 83.529 -35.216 3.6245
83.6808 -35.2142 3.62497 6.67534 83.529 -35.216 3.6245
83.6946 -35.2063 3.62533 5.67086 83.529 -35.216 3.6245
83.7617 -35.3644 3.62189 2.11079 83.529 -35.216 3.6245
83.6808 -35.2142 3.62497 6.67534 83.529 -35.216 3.6245
83.6808 -35.2142 3.62497 6.67534 83.529 -35.216 3.6245
83.4973 -35.3979 3.62063 2.75311 83.529 -35.216 3.6245
83.7375 -35.3061 3.62589 2.73597 83.529 -35.216 3.6245
83.6118 -35.3575 3.62321 8.08897 83.529 -35.216 3.6245
83.662 -35.2675 3.62167 5.45564 83.529 -35.216 3.6245
83.734 -35.1901 3.62376 2.87791 83.529 -35.216 3.6245
83.7269 -35.0887 3.62549 1.24942 83.529 -35.216 3.6245
83.527 -35.0898 3.62509 1.91438 83.529 -35.216 3.6245
83.7179 -35.4364 3.62186 2.16331 83.529 -35.216 3.6245
83.7375 -35.3061 3.62589 2.73597 83.529 -35.216 3.6245
83.6118 -35.3575 3.62321 8.08897 83.529 -35.216 3.6245
83.6808 -35.2142 3.62497 6.67534 83.529 -35.216 3.6245
83.7779 -35.1525 3.62576 1.29352 83.529 -35.216 3.6245
83.4973 -35.3979 3.62063 2.75311 83.529 -35.216 3.6245
83.7375 -35.3061 3.62589 2.73597 83.529 -35.216 3.6245
83.6808 -35.2142 3.62497 6.67534 83.529 -35.216 3.6245
83.6808 -35.2142 3.62497 6.67534 83.529 -35.216 3.6245
83.6946 -35.2063 3.62533 5.67086 83.529 -35.216 3.6245
83.6946 -35.2063 3.62533 5.67086 83.529 -35.216 3.6245
83.734 -35.1901 3.62376 2.87791 83.529 -35.216 3.6245
83.4133 -35.3571 3.62563 0.78984 83.529 -35.216 3.6245
83.662 -35.2675 3.62167 5.45564 83.529 -35.216 3.6245
83.6118 -35.3575 3.62321 8.08897 83.529 -35.216 3.6245
83.7696 -35.3901 3.62204 1.62608 83.529 -35.216 3.6245
83.4973 -35.3979 3.62063 2.75311 83.529 -35.216 3.6245
83.7547 -35.0709 3.62392 0.380557 83.529 -35.216 3.6245
83.6118 -35.3575 3.62321 8.08897 83.529 -35.216 3.6245
83.7617 -35.3644 3.62189 2.11079 83.529 -35.216 3.6245
83.6808 -35.2142 3.62497 6.67534 83.529 -35.216 3.6245
83.7375 -35.3061 3.62589 2.73597 83.529 -35.216 3.6245
83.734 -35.1901 3.62376 2.87791 83.529 -35.216 3.6245
83.6808 -35.2142 3.62497 6.67534 83.529 -35.216 3.6245
83.7696 -35.3901 3.62204 1.62608 83.529 -35.216 3.6245
83.6808 -35.2142 3.62497 6.67534 83.529 -35.216 3.6245
83.6946 -35.2063 3.62533 5.67086 83.529 -35.216 3.6245
83.662 -35.2675 3.62167 5.45564 83.529 -35.216 3.6245
83.4133 -35.3571 3.62563 0.78984 83.529 -35.216 3.6245
83.8346 -35.3158 3.62234 0.615881 83.529 -35.216 3.6245
83.662 -35.2675 3.62167 5.45564 83.529 -35.216 3.6245
83.7269 -35.0887 3.62549 1.24942 83.529 -35.216 3.6245
83.6118 -35.3575 3.62321 8.08897 83.529 -35.216 3.6245
83.7375 -35.3061 3.62589 2.73597 83.529 -35.216 3.6245
83.7375 -35.3061 3.62589 2.73597 83.529 -35.216 3.6245
83.6808 -35.2142 3.62497 6.67534 83.529 -35.216 3.6245
83.6946 -35.2063 3.62533 5.67086 83.529 -35.216 3.6245
83.6118 -35.3575 3.62321 8.08897 83.529 -35.216 3.6245
83.7696 -35.3901 3.62204 1.62608 83.529 -35.216 3.6245
83.734 -35.1901 3.62376 2.87791 83.529 -35.216 3.6245
83.7375 -35.2691 3.6185 0.391788 83.529 -35.216 3.6245
83.6118 -35.3575 3.62321 8.08897 83.529 -35.216 3.6245
83.4973 -35.3979 3.62063 2.75311 83.529 -35.216 3.6245
83.6808 -35.2142 3.62497 6.67534 83.529 -35.216 3.6245
83.7375 -35.3061 3.62589 2.73597 83.529 -35.216 3.6245
