-32.4617 -78.6707 2.21498 0.265447 -32.576 -78.541 2.2117
-32.4617 -78.6707 2.21498 0.265447 -32.576 -78.541 2.2117
-32.4411 -78.7855 2.20328 0.0430781 -32.576 -78.541 2.2117
-32.5898 -78.3014 2.2052 0.53411 -32.576 -78.541 2.2117
-32.706 -78.8267 2.21185 0.150263 -32.576 -78.541 2.2117
-32.7767 -78.5914 2.20844 0.629579 -32.576 -78.541 2.2117
-32.8021 -78.2099 2.21059 0.030591 -32.576 -78.541 2.2117
-32.4989 -78.4998 2.21322 0.431112 -32.576 -78.541 2.2117
-32.8669 -78.5194 2.20952 0.263724 -32.576 -78.541 2.2117
-32.4982 -78.6577 2.19978 0.094855 -32.576 -78.541 2.2117
-32.4215 -78.1886 2.20582 0.0575433 -32.576 -78.541 2.2117
-32.6175 -78.4536 2.21148 0.654255 -32.576 -78.541 2.2117
-32.6175 -78.4536 2.21148 0.654255 -32.576 -78.541 2.2117
-32.4989 -78.4998 2.21322 0.431112 -32.576 -78.541 2.2117
-32.4617 -78.6707 2.21498 0.265447 -32.576 -78.541 2.2117
-32.6681 -78.4138 2.21214 0.399527 -32.576 -78.541 2.2117
-32.6346 -78.5036 2.21284 0.578139 -32.576 -78.541 2.2117
-32.7351 -78.8193 2.21982 0.0245838 -32.576 -78.541 2.2117
-32.6422 -78.4919 2.20414 1.12195 -32.576 -78.541 2.2117
-32.6175 -78.4536 2.21148 0.654255 -32.576 -78.541 2.2117
-32.7147 -78.5308 2.21431 0.315695 -32.576 -78.541 2.2117
-32.3958 -78.5274 2.20708 0.389158 -32.576 -78.541 2.2117
-32.6397 -78.2539 2.20351 0.385536 -32.576 -78.541 2.2117
-32.5777 -78.6671 2.20656 0.664885 -32.576 -78.541 2.2117
-32.5543 -78.6465 2.20779 0.783261 -32.576 -78.541 2.2117
-32.579 -78.5047 2.21202 0.709986 -32.576 -78.541 2.2117
-32.4593 -78.5449 2.21074 0.588828 -32.576 -78.541 2.2117
-32.571 -78.6849 2.20505 0.459241 -32.576 -78.541 2.2117
-32.706 -78.8267 2.21185 0.150263 -32.576 -78.541 2.2117
-32.595 -78.8273 2.20859 0.165114 -32.576 -78.541 2.2117
-32.6242 -78.7658 2.21459 0.249696 -32.576 -78.541 2.2117
-32.3364 -78.2479 2.21194 0.0163021 -32.576 -78.541 2.2117
-32.2876 -78.4202 2.20947 0.0753703 -32.576 -78.541 2.2117
-32.571 -78.6849 2.20505 0.459241 -32.576 -78.541 2.2117
-32.5543 -78.6465 2.20779 0.783261 -32.576 -78.541 2.2117
-32.4889 -78.7352 2.21531 0.218491 -32.576 -78.541 2.2117
-32.6242 -78.7658 2.21459 0.249696 -32.576 -78.541 2.2117
-32.6242 -78.7658 2.21459 0.249696 -32.576 -78.541 2.2117
-32.6422 -78.4919 2.20414 1.12195 -32.576 -78.541 2.2117
-32.3958 -78.5274 2.20708 0.389158 -32.576 -78.541 2.2117
-32.4593 -78.5449 2.21074 0.588828 -32.576 -78.541 2.2117
-32.5756 -78.3429 2.20479 0.705754 -32.576 -78.541 2.2117
-32.5543 -78.6465 2.20779 0.783261 -32.576 -78.541 2.2117
-32.6242 -78.7658 2.21459 0.249696 -32.576 -78.541 2.2117
-32.5642 -78.6171 2.20439 0.668197 -32.576 -78.541 2.2117
-32.4447 -78.3984 2.20815 0.430591 -32.576 -78.541 2.2117
-32.429 -78.411 2.2108 0.292103 -32.576 -78.541 2.2117
-32.7457 -78.7489 2.21207 0.250965 -32.576 -78.541 2.2117
-32.6175 -78.4536 2.21148 0.654255 -32.576 -78.541 2.2117
-32.4593 -78.5449 2.21074 0.588828 -32.576 -78.541 2.2117
-32.579 -78.5047 2.21202 0.709986 -32.576 -78.541 2.2117
-32.429 -78.411 2.2108 0.292103 -32.576 -78.541 2.2117
-32.6422 -78.4919 2.20414 1.12195 -32.576 -78.541 2.2117
-32.5543 -78.6465 2.20779 0.783261 -32.576 -78.541 2.2117
-32.5898 -78.3014 2.2052 0.53411 -32.576 -78.541 2.2117
-32.571 -78.6849 2.20505 0.459241 -32.576 -78.541 2.2117
-32.5756 -78.3429 2.20479 0.705754 -32.576 -78.541 2.2117
-32.7767 -78.5914 2.20844 0.629579 -32.576 -78.541 2.2117
-32.5543 -78.6465 2.20779 0.783261 -32.576 -78.541 2.2117
-32.5492 -78.4217 2.21398 0.258734 -32.576 -78.541 2.2117
-32.6175 -78.4536 2.21148 0.654255 -32.576 -78.541 2.2117
-32.5898 -78.3014 2.2052 0.53411 -32.576 -78.541 2.2117
-32.5642 -78.6171 2.20439 0.668197 -32.576 -78.541 2.2117
-32.8669 -78.5194 2.20952 0.263724 -32.576 -78.541 2.2117
-32.5777 -78.6671 2.20656 0.664885 -32.576 -78.541 2.2117
-32.6681 -78.4138 2.21214 0.399527 -32.576 -78.541 2.2117
-32.7767 -78.5914 2.20844 0.629579 -32.576 -78.541 2.2117
-32.3958 -78.5274 2.20708 0.389158 -32.576 -78.541 2.2117
-32.5756 -78.3429 2.20479 0.705754 -32.576 -78.541 2.2117
-32.7056 -78.4078 2.21285 0.268334 -32.576 -78.541 2.2117
-32.5543 -78.6465 2.20779 0.783261 -32.576 -78.541 2.2117
-32.5756 -78.3429 2.20479 0.705754 -32.576 -78.541 2.2117
-32.4215 -78.1886 2.20582 0.0575433 -32.576 -78.541 2.2117
-32.4989 -78.4998 2.21322 0.431112 -32.576 -78.541 2.2117
-32.5543 -78.6465 2.20779 0.783261 -32.576 -78.541 2.2117
-32.4447 -78.3984 2.20815 0.430591 -32.576 -78.541 2.2117
-32.6422 -78.4919 2.20414 1.12195 -32.576 -78.541 2.2117
-32.579 -78.5047 2.21202 0.709986 -32.576 -78.541 2.2117
-32.5906 -78.9741 2.21566 0.020142 -32.576 -78.541 2.2117
-32.6397 -78.2539 2.20351 0.385536 -32.576 -78.541 2.2117
-32.4617 -78.6707 2.21498 0.265447 -32.576 -78.541 2.2117
-32.579 -78.5047 2.21202 0.709986 -32.576 -78.541 2.2117
-32.5642 -78.6171 2.20439 0.668197 -32.576 -78.541 2.2117
-32.5543 -78.6465 2.20779 0.783261 -32.576 -78.541 2.2117
-32.4447 -78.3984 2.20815 0.430591 -32.576 -78.541 2.2117
-32.6224 -78.7465 2.21335 0.348017 -32.576 -78.541 2.2117
-32.6346 -78.5036 2.21284 0.578139 -32.576 -78.541 2.2117
-32.5492 -78.4217 2.21398 0.258734 -32.576 -78.541 2.2117
-32.4447 -78.3984 2.20815 0.430591 -32.576 -78.541 2.2117
-32.4521 -78.583 2.21623 0.189755 -32.576 -78.541 2.2117
-32.3958 -78.5274 2.20708 0.389158 -32.576 -78.541 2.2117
-32.5642 -78.6171 2.20439 0.668197 -32.576 -78.541 2.2117
-32.6346 -78.5036 2.21284 0.578139 -32.576 -78.541 2.2117
-32.5756 -78.3429 2.20479 0.705754 -32.576 -78.541 2.2117
-32.7767 -78.5914 2.20844 0.629579 -32.576 -78.541 2.2117
-32.4447 -78.3984 2.20815 0.430591 -32.576 -78.541 2.2117
-32.6397 -78.2539 2.20351 0.385536 -32.576 -78.541 2.2117
-32.8669 -78.5194 2.20952 0.263724 -32.576 -78.541 2.2117
-32.7457 -78.7489 2.21207 0.250965 -32.576 -78.541 2.2117
-32.7767 -78.5914 2.20844 0.629579 -32.576 -78.541 2.2117
-32.6224 -78.7465 2.21335 0.348017 -32.576 -78.541 2.2117
-32.5543 -78.6465 2.20779 0.783261 -32.576 -78.541 2.2117
-32.6175 -78.4536 2.21148 0.654255 -32.576 -78.541 2.2117
-32.7147 -78.5308 2.21431 0.315695 -32.576 -78.541 2.2117
-32.8669 -78.5194 2.20952 0.263724 -32.576 -78.541 2.2117
-32.7147 -78.5308 2.21431 0.315695 -32.576 -78.541 2.2117
-32.6175 -78.4536 2.21148 0.654255 -32.576 -78.541 2.2117
-32.6388 -78.6221 2.19667 0.0668688 -32.576 -78.541 2.2117
-32.6188 -78.7082 2.2127 0.485671 -32.576 -78.541 2.2117
-32.598 -78.7437 2.21416 0.319843 -32.576 -78.541 2.2117
-32.4447 -78.3984 2.20815 0.430591 -32.576 -78.541 2.2117
-32.6422 -78.4919 2.20414 1.12195 -32.576 -78.541 2.2117
-32.7143 -78.2189 2.19386 0.0574483 -32.576 -78.541 2.2117
-32.4889 -78.7352 2.21531 0.218491 -32.576 -78.541 2.2117
-32.5777 -78.6671 2.20656 0.664885 -32.576 -78.541 2.2117
-32.6188 -78.7082 2.2127 0.485671 -32.576 -78.541 2.2117
-32.7078 -78.2663 2.19698 0.188235 -32.576 -78.541 2.2117
-32.8113 -78.3285 2.21245 0.0690427 -32.576 -78.541 2.2117
-32.6242 -78.7658 2.21459 0.249696 -32.576 -78.541 2.2117
-32.4562 -78.086 2.20718 0.0116488 -32.576 -78.541 2.2117
-32.579 -78.5047 2.21202 0.709986 -32.576 -78.541 2.2117
-32.6397 -78.2539 2.20351 0.385536 -32.576 -78.541 2.2117
-32.9202 -78.5596 2.2082 0.159045 -32.576 -78.541 2.2117
-32.6414 -78.2044 2.20589 0.185247 -32.576 -78.541 2.2117
-32.9772 -78.6414 2.20449 0.0490872 -32.576 -78.541 2.2117
-32.5543 -78.6465 2.20779 0.783261 -32.576 -78.541 2.2117
-32.4447 -78.3984 2.20815 0.430591 -32.576 -78.541 2.2117
-32.579 -78.5047 2.21202 0.709986 -32.576 -78.541 2.2117
-32.6422 -78.4919 2.20414 1.12195 -32.576 -78.541 2.2117
-32.7056 -78.4078 2.21285 0.268334 -32.576 -78.541 2.2117
-32.5642 -78.6171 2.20439 0.668197 -32.576 -78.541 2.2117
-32.4027 -78.8189 2.20489 0.0301202 -32.576 -78.541 2.2117
-32.4447 -78.3984 2.20815 0.430591 -32.576 -78.541 2.2117
-32.6422 -78.4919 2.20414 1.12195 -32.576 -78.541 2.2117
-32.6175 -78.4536 2.21148 0.654255 -32.576 -78.541 2.2117
-32.3659 -78.3037 2.20393 0.112048 -32.576 -78.541 2.2117
-32.571 -78.6849 2.20505 0.459241 -32.576 -78.541 2.2117
-32.579 -78.5047 2.21202 0.709986 -32.576 -78.541 2.2117
-32.6242 -78.7658 2.21459 0.249696 -32.576 -78.541 2.2117
-32.4593 -78.5449 2.21074 0.588828 -32.576 -78.541 2.2117
-32.6188 -78.7082 2.2127 0.485671 -32.576 -78.541 2.2117
-32.5777 -78.6671 2.20656 0.664885 -32.576 -78.541 2.2117
-32.571 -78.6849 2.20505 0.459241 -32.576 -78.541 2.2117
-32.6175 -78.4536 2.21148 0.654255 -32.576 -78.541 2.2117
-32.5543 -78.6465 2.20779 0.783261 -32.576 -78.541 2.2117
-32.7078 -78.2663 2.19698 0.188235 -32.576 -78.541 2.2117
-32.6422 -78.4919 2.20414 1.12195 -32.576 -78.541 2.2117
-32.579 -78.5047 2.21202 0.709986 -32.576 -78.541 2.2117
-32.571 -78.6849 2.20505 0.459241 -32.576 -78.541 2.2117
-32.6422 -78.4919 2.20414 1.12195 -32.576 -78.541 2.2117
-32.5642 -78.6171 2.20439 0.668197 -32.576 -78.541 2.2117
-32.6422 -78.4919 2.20414 1.12195 -32.576 -78.541 2.2117
-32.4593 -78.5449 2.21074 0.588828 -32.576 -78.541 2.2117
-32.7056 -78.4078 2.21285 0.268334 -32.576 -78.541 2.2117
-32.5756 -78.3429 2.20479 0.705754 -32.576 -78.541 2.2117
-32.706 -78.8267 2.21185 0.150263 -32.576 -78.541 2.2117
-32.579 -78.5047 2.21202 0.709986 -32.576 -78.541 2.2117
-32.6397 -78.2539 2.20351 0.385536 -32.576 -78.541 2.2117
-32.4447 -78.3984 2.20815 0.430591 -32.576 -78.541 2.2117
-32.6422 -78.4919 2.20414 1.12195 -32.576 -78.541 2.2117
-32.6346 -78.5036 2.21284 0.578139 -32.576 -78.541 2.2117
-32.5642 -78.6171 2.20439 0.668197 -32.576 -78.541 2.2117
-32.571 -78.6849 2.20505 0.459241 -32.576 -78.541 2.2117
-32.4447 -78.3984 2.20815 0.430591 -32.576 -78.541 2.2117
-32.4989 -78.4998 2.21322 0.431112 -32.576 -78.541 2.2117
-32.5543 -78.6465 2.20779 0.783261 -32.576 -78.541 2.2117
-32.6681 -78.4138 2.21214 0.399527 -32.576 -78.541 2.2117
-32.4617 -78.6707 2.21498 0.265447 -32.576 -78.541 2.2117
-32.4617 -78.6707 2.21498 0.265447 -32.576 -78.541 2.2117
-32.5756 -78.3429 2.20479 0.705754 -32.576 -78.541 2.2117
-32.706 -78.8267 2.21185 0.150263 -32.576 -78.541 2.2117
-32.579 -78.5047 2.21202 0.709986 -32.576 -78.541 2.2117
-32.7457 -78.7489 2.21207 0.250965 -32.576 -78.541 2.2117
-32.6175 -78.4536 2.21148 0.654255 -32.576 -78.541 2.2117
-32.6414 -78.2044 2.20589 0.185247 -32.576 -78.541 2.2117
-32.4447 -78.3984 2.20815 0.430591 -32.576 -78.541 2.2117
-32.3032 -78.8418 2.2178 0.0136076 -32.576 -78.541 2.2117
-32.7147 -78.5308 2.21431 0.315695 -32.576 -78.541 2.2117
-32.5898 -78.3014 2.2052 0.53411 -32.576 -78.541 2.2117
-32.6422 -78.4919 2.20414 1.12195 -32.576 -78.541 2.2117
-32.3958 -78.5274 2.20708 0.389158 -32.576 -78.541 2.2117
-32.6422 -78.4919 2.20414 1.12195 -32.576 -78.541 2.2117
-32.571 -78.6849 2.20505 0.459241 -32.576 -78.541 2.2117
-32.3032 -78.8418 2.2178 0.0136076 -32.576 -78.541 2.2117
-32.6422 -78.4919 2.20414 1.12195 -32.576 -78.541 2.2117
-32.6422 -78.4919 2.20414 1.12195 -32.576 -78.541 2.2117
-32.6224 -78.7465 2.21335 0.348017 -32.576 -78.541 2.2117
-32.3958 -78.5274 2.20708 0.389158 -32.576 -78.541 2.2117
-32.3659 -78.3037 2.20393 0.112048 -32.576 -78.541 2.2117
-32.8669 -78.5194 2.20952 0.263724 -32.576 -78.541 2.2117
-32.7457 -78.7489 2.21207 0.250965 -32.576 -78.541 2.2117
-32.4989 -78.4998 2.21322 0.431112 -32.576 -78.541 2.2117
-32.6681 -78.4138 2.21214 0.399527 -32.576 -78.541 2.2117
-32.6422 -78.4919 2.20414 1.12195 -32.576 -78.541 2.2117
-32.5642 -78.6171 2.20439 0.668197 -32.576 -78.541 2.2117
-32.3659 -78.3037 2.20393 0.112048 -32.576 -78.541 2.2117
-32.571 -78.6849 2.20505 0.459241 -32.576 -78.541 2.2117
-32.5984 -78.4764 2.19212 0.0197554 -32.576 -78.541 2.2117
-32.5777 -78.6671 2.20656 0.664885 -32.576 -78.541 2.2117
-32.6663 -78.9008 2.20335 0.015318 -32.576 -78.541 2.2117
