202.65 25.0949 0.0772193 1.81626 202.87 25.194 0.074947
202.734 25.184 0.0819227 0.433314 202.87 25.194 0.074947
202.502 25.1772 0.0726779 2.47416 202.87 25.194 0.074947
202.568 25.2132 0.0719912 5.64723 202.87 25.194 0.074947
202.781 25.1862 0.0690852 7.97344 202.87 25.194 0.074947
202.549 25.0845 0.0722823 2.17518 202.87 25.194 0.074947
202.695 25.2747 0.0723571 9.62448 202.87 25.194 0.074947
202.736 25.2021 0.0753985 5.63658 202.87 25.194 0.074947
202.695 25.2747 0.0723571 9.62448 202.87 25.194 0.074947
202.781 25.1862 0.0690852 7.97344 202.87 25.194 0.074947
202.736 25.2021 0.0753985 5.63658 202.87 25.194 0.074947
202.736 25.2021 0.0753985 5.63658 202.87 25.194 0.074947
202.831 25.3818 0.0688886 2.79126 202.87 25.194 0.074947
202.687 25.1659 0.062085 1.58219 202.87 25.194 0.074947
202.742 25.0219 0.0725225 1.89962 202.87 25.194 0.074947
202.641 25.0577 0.0697439 3.2141 202.87 25.194 0.074947
202.568 25.2132 0.0719912 5.64723 202.87 25.194 0.074947
202.915 25.2786 0.0691626 2.35237 202.87 25.194 0.074947
202.695 25.2747 0.0723571 9.62448 202.87 25.194 0.074947
202.838 25.2902 0.073385 4.16111 202.87 25.194 0.074947
202.641 25.0577 0.0697439 3.2141 202.87 25.194 0.074947
202.781 25.1862 0.0690852 7.97344 202.87 25.194 0.074947
202.955 25.1716 0.0737571 0.69911 202.87 25.194 0.074947
202.704 25.1008 0.0793886 0.839775 202.87 25.194 0.074947
202.578 25.4205 0.073836 2.04604 202.87 25.194 0.074947
202.507 25.1659 0.0686467 1.93013 202.87 25.194 0.074947
202.549 25.0845 0.0722823 2.17518 202.87 25.194 0.074947
202.667 25.3479 0.0779943 2.65386 202.87 25.194 0.074947
202.636 25.2096 0.0659005 4.4935 202.87 25.194 0.074947
202.939 25.077 0.0733927 0.479173 202.87 25.194 0.074947
202.695 25.2747 0.0723571 9.62448 202.87 25.194 0.074947
202.712 25.0762 0.0737987 3.35605 202.87 25.194 0.074947
202.695 25.2747 0.0723571 9.62448 202.87 25.194 0.074947
202.915 25.2786 0.0691626 2.35237 202.87 25.194 0.074947
202.568 25.2132 0.0719912 5.64723 202.87 25.194 0.074947
202.695 25.2747 0.0723571 9.62448 202.87 25.194 0.074947
202.549 25.0845 0.0722823 2.17518 202.87 25.194 0.074947
202.512 25.2607 0.0668205 1.48678 202.87 25.194 0.074947
202.872 25.2878 0.0838103 0.0416494 202.87 25.194 0.074947
202.65 25.0949 0.0772193 1.81626 202.87 25.194 0.074947
202.808 25.4138 0.0625159 0.475181 202.87 25.194 0.074947
202.636 25.2096 0.0659005 4.4935 202.87 25.194 0.074947
202.758 25.0088 0.073912 1.15101 202.87 25.194 0.074947
202.781 25.1862 0.0690852 7.97344 202.87 25.194 0.074947
202.712 25.0762 0.0737987 3.35605 202.87 25.194 0.074947
202.808 25.4138 0.0625159 0.475181 202.87 25.194 0.074947
202.704 25.1008 0.0793886 0.839775 202.87 25.194 0.074947
202.65 25.0949 0.0772193 1.81626 202.87 25.194 0.074947
202.865 25.4394 0.0812058 0.0823147 202.87 25.194 0.074947
202.662 25.4582 0.0651996 0.602913 202.87 25.194 0.074947
202.781 25.1862 0.0690852 7.97344 202.87 25.194 0.074947
202.799 25.0444 0.0658695 1.9219 202.87 25.194 0.074947
202.854 25.3549 0.062257 0.678545 202.87 25.194 0.074947
202.742 25.0219 0.0725225 1.89962 202.87 25.194 0.074947
202.695 25.2747 0.0723571 9.62448 202.87 25.194 0.074947
202.568 25.2132 0.0719912 5.64723 202.87 25.194 0.074947
202.667 25.3479 0.0779943 2.65386 202.87 25.194 0.074947
202.549 25.0845 0.0722823 2.17518 202.87 25.194 0.074947
202.781 25.1862 0.0690852 7.97344 202.87 25.194 0.074947
202.974 25.383 0.0698789 0.471412 202.87 25.194 0.074947
202.667 25.3479 0.0779943 2.65386 202.87 25.194 0.074947
202.939 25.077 0.0733927 0.479173 202.87 25.194 0.074947
202.568 25.2132 0.0719912 5.64723 202.87 25.194 0.074947
202.667 25.3479 0.0779943 2.65386 202.87 25.194 0.074947
202.781 25.1862 0.0690852 7.97344 202.87 25.194 0.074947
202.695 25.2747 0.0723571 9.62448 202.87 25.194 0.074947
202.549 25.0845 0.0722823 2.17518 202.87 25.194 0.074947
203.025 25.095 0.0720147 0.148214 202.87 25.194 0.074947
202.758 25.0088 0.073912 1.15101 202.87 25.194 0.074947
202.854 25.3549 0.062257 0.678545 202.87 25.194 0.074947
202.578 25.4205 0.073836 2.04604 202.87 25.194 0.074947
202.915 25.2786 0.0691626 2.35237 202.87 25.194 0.074947
202.742 25.0219 0.0725225 1.89962 202.87 25.194 0.074947
202.568 25.2132 0.0719912 5.64723 202.87 25.194 0.074947
202.695 25.2747 0.0723571 9.62448 202.87 25.194 0.074947
202.781 25.1862 0.0690852 7.97344 202.87 25.194 0.074947
202.695 25.2747 0.0723571 9.62448 202.87 25.194 0.074947
202.838 25.2902 0.073385 4.16111 202.87 25.194 0.074947
202.51 25.2671 0.0734084 3.00904 202.87 25.194 0.074947
202.512 25.2607 0.0668205 1.48678 202.87 25.194 0.074947
202.568 25.2132 0.0719912 5.64723 202.87 25.194 0.074947
202.641 25.0577 0.0697439 3.2141 202.87 25.194 0.074947
202.831 25.3818 0.0688886 2.79126 202.87 25.194 0.074947
202.507 25.1659 0.0686467 1.93013 202.87 25.194 0.074947
202.972 25.2681 0.0712822 0.898986 202.87 25.194 0.074947
202.736 25.2021 0.0753985 5.63658 202.87 25.194 0.074947
202.838 25.2902 0.073385 4.16111 202.87 25.194 0.074947
202.641 25.0577 0.0697439 3.2141 202.87 25.194 0.074947
202.667 25.3479 0.0779943 2.65386 202.87 25.194 0.074947
202.563 25.0128 0.074725 0.748437 202.87 25.194 0.074947
202.695 25.2747 0.0723571 9.62448 202.87 25.194 0.074947
202.955 25.1716 0.0737571 0.69911 202.87 25.194 0.074947
202.838 25.2902 0.073385 4.16111 202.87 25.194 0.074947
202.781 25.1862 0.0690852 7.97344 202.87 25.194 0.074947
202.689 25.427 0.0735761 2.91692 202.87 25.194 0.074947
202.51 25.2671 0.0734084 3.00904 202.87 25.194 0.074947
202.51 25.2671 0.0734084 3.00904 202.87 25.194 0.074947
202.512 25.2607 0.0668205 1.48678 202.87 25.194 0.074947
202.695 25.2747 0.0723571 9.62448 202.87 25.194 0.074947
202.689 25.427 0.0735761 2.91692 202.87 25.194 0.074947
202.636 25.2096 0.0659005 4.4935 202.87 25.194 0.074947
202.667 25.3479 0.0779943 2.65386 202.87 25.194 0.074947
202.742 25.0219 0.0725225 1.89962 202.87 25.194 0.074947
202.695 25.2747 0.0723571 9.62448 202.87 25.194 0.074947
202.544 25.3408 0.0797698 0.999977 202.87 25.194 0.074947
202.667 25.3479 0.0779943 2.65386 202.87 25.194 0.074947
202.578 25.4205 0.073836 2.04604 202.87 25.194 0.074947
202.568 25.2132 0.0719912 5.64723 202.87 25.194 0.074947
202.51 25.2671 0.0734084 3.00904 202.87 25.194 0.074947
202.502 25.1772 0.0726779 2.47416 202.87 25.194 0.074947
202.578 25.4205 0.073836 2.04604 202.87 25.194 0.074947
202.512 25.2607 0.0668205 1.48678 202.87 25.194 0.074947
202.568 25.2132 0.0719912 5.64723 202.87 25.194 0.074947
202.758 25.0088 0.073912 1.15101 202.87 25.194 0.074947
202.549 25.0845 0.0722823 2.17518 202.87 25.194 0.074947
202.549 25.0845 0.0722823 2.17518 202.87 25.194 0.074947
202.636 25.2096 0.0659005 4.4935 202.87 25.194 0.074947
202.781 25.1862 0.0690852 7.97344 202.87 25.194 0.074947
202.568 25.2132 0.0719912 5.64723 202.87 25.194 0.074947
202.838 25.2902 0.073385 4.16111 202.87 25.194 0.074947
202.854 25.3549 0.062257 0.678545 202.87 25.194 0.074947
202.578 25.4205 0.073836 2.04604 202.87 25.194 0.074947
202.915 25.2786 0.0691626 2.35237 202.87 25.194 0.074947
202.915 25.2786 0.0691626 2.35237 202.87 25.194 0.074947
202.831 25.3818 0.0688886 2.79126 202.87 25.194 0.074947
202.712 25.0762 0.0737987 3.35605 202.87 25.194 0.074947
202.687 25.1659 0.062085 1.58219 202.87 25.194 0.074947
202.684 25.1193 0.0631083 1.88046 202.87 25.194 0.074947
202.429 25.1327 0.0725629 0.624379 202.87 25.194 0.074947
202.781 25.1862 0.0690852 7.97344 202.87 25.194 0.074947
202.689 25.427 0.0735761 2.91692 202.87 25.194 0.074947
202.641 25.0577 0.0697439 3.2141 202.87 25.194 0.074947
202.885 25.1147 0.0744047 1.21186 202.87 25.194 0.074947
202.667 25.3479 0.0779943 2.65386 202.87 25.194 0.074947
202.502 25.1772 0.0726779 2.47416 202.87 25.194 0.074947
202.549 25.0845 0.0722823 2.17518 202.87 25.194 0.074947
202.831 25.3818 0.0688886 2.79126 202.87 25.194 0.074947
202.544 25.3408 0.0797698 0.999977 202.87 25.194 0.074947
202.51 25.2671 0.0734084 3.00904 202.87 25.194 0.074947
202.641 25.0577 0.0697439 3.2141 202.87 25.194 0.074947
202.972 25.2681 0.0712822 0.898986 202.87 25.194 0.074947
202.736 25.2021 0.0753985 5.63658 202.87 25.194 0.074947
202.687 25.1659 0.062085 1.58219 202.87 25.194 0.074947
202.568 25.2132 0.0719912 5.64723 202.87 25.194 0.074947
202.713 25.5802 0.0749596 0.1795 202.87 25.194 0.074947
202.831 25.3818 0.0688886 2.79126 202.87 25.194 0.074947
202.806 25.4203 0.0647018 0.929444 202.87 25.194 0.074947
202.712 25.0762 0.0737987 3.35605 202.87 25.194 0.074947
202.529 25.484 0.0671902 0.220896 202.87 25.194 0.074947
202.695 25.2747 0.0723571 9.62448 202.87 25.194 0.074947
202.781 25.1862 0.0690852 7.97344 202.87 25.194 0.074947
202.781 25.1862 0.0690852 7.97344 202.87 25.194 0.074947
202.712 25.0762 0.0737987 3.35605 202.87 25.194 0.074947
202.512 25.2607 0.0668205 1.48678 202.87 25.194 0.074947
202.695 25.2747 0.0723571 9.62448 202.87 25.194 0.074947
202.711 24.962 0.0618435 0.235144 202.87 25.194 0.074947
202.704 25.1008 0.0793886 0.839775 202.87 25.194 0.074947
202.689 25.427 0.0735761 2.91692 202.87 25.194 0.074947
202.578 25.4205 0.073836 2.04604 202.87 25.194 0.074947
202.806 25.4203 0.0647018 0.929444 202.87 25.194 0.074947
202.704 25.1008 0.0793886 0.839775 202.87 25.194 0.074947
202.549 25.0845 0.0722823 2.17518 202.87 25.194 0.074947
202.563 25.0128 0.074725 0.748437 202.87 25.194 0.074947
202.695 25.2747 0.0723571 9.62448 202.87 25.194 0.074947
202.695 25.2747 0.0723571 9.62448 202.87 25.194 0.074947
202.507 25.1659 0.0686467 1.93013 202.87 25.194 0.074947
202.695 25.2747 0.0723571 9.62448 202.87 25.194 0.074947
202.758 25.0088 0.073912 1.15101 202.87 25.194 0.074947
202.742 25.0219 0.0725225 1.89962 202.87 25.194 0.074947
202.712 25.0762 0.0737987 3.35605 202.87 25.194 0.074947
202.799 25.0444 0.0658695 1.9219 202.87 25.194 0.074947
202.831 25.3818 0.0688886 2.79126 202.87 25.194 0.074947
202.568 25.2132 0.0719912 5.64723 202.87 25.194 0.074947
202.502 25.1772 0.0726779 2.47416 202.87 25.194 0.074947
202.712 25.0762 0.0737987 3.35605 202.87 25.194 0.074947
202.667 25.3479 0.0779943 2.65386 202.87 25.194 0.074947
202.568 25.2132 0.0719912 5.64723 202.87 25.194 0.074947
202.885 25.1147 0.0744047 1.21186 202.87 25.194 0.074947
202.704 25.1008 0.0793886 0.839775 202.87 25.194 0.074947
202.662 25.4582 0.0651996 0.602913 202.87 25.194 0.074947
202.641 25.0577 0.0697439 3.2141 202.87 25.194 0.074947
202.65 25.0949 0.0772193 1.81626 202.87 25.194 0.074947
202.65 25.0949 0.0772193 1.81626 202.87 25.194 0.074947
202.781 25.1862 0.0690852 7.97344 202.87 25.194 0.074947
202.502 25.1772 0.0726779 2.47416 202.87 25.194 0.074947
202.915 25.2786 0.0691626 2.35237 202.87 25.194 0.074947
202.549 25.0845 0.0722823 2.17518 202.87 25.194 0.074947
202.662 25.4582 0.0651996 0.602913 202.87 25.194 0.074947
202.695 25.2747 0.0723571 9.62448 202.87 25.194 0.074947
202.636 25.2096 0.0659005 4.4935 202.87 25.194 0.074947
202.712 25.0762 0.0737987 3.35605 202.87 25.194 0.074947
202.736 25.2021 0.0753985 5.63658 202.87 25.194 0.074947
202.578 25.4205 0.073836 2.04604 202.87 25.194 0.074947
202.742 25.0219 0.0725225 1.89962 202.87 25.194 0.074947
202.781 25.1862 0.0690852 7.97344 202.87 25.194 0.074947
202.636 25.2096 0.0659005 4.4935 202.87 25.194 0.074947
202.838 25.2902 0.073385 4.16111 202.87 25.194 0.074947
202.781 25.1862 0.0690852 7.97344 202.87 25.194 0.074947
202.868 25.3985 0.0841492 0.0220587 202.87 25.194 0.074947
202.568 25.2132 0.0719912 5.64723 202.87 25.194 0.074947
