157.562 -12.8515 3.29139 0.19781 157.76 -12.898 3.2924
157.496 -12.8332 3.28496 0.277429 157.76 -12.898 3.2924
157.879 -12.961 3.29175 0.0122725 157.76 -12.898 3.2924
157.496 -12.8332 3.28496 0.277429 157.76 -12.898 3.2924
157.473 -12.9301 3.2804 0.0709567 157.76 -12.898 3.2924
157.676 -12.8858 3.2905 0.200519 157.76 -12.898 3.2924
157.875 -12.9004 3.29607 0.00890012 157.76 -12.898 3.2924
157.496 -12.8332 3.28496 0.277429 157.76 -12.898 3.2924
157.263 -12.8698 3.28424 0.166069 157.76 -12.898 3.2924
157.683 -12.8412 3.29032 0.125735 157.76 -12.898 3.2924
157.676 -12.8858 3.2905 0.200519 157.76 -12.898 3.2924
157.622 -13.1361 3.29063 0.157678 157.76 -12.898 3.2924
157.496 -12.8332 3.28496 0.277429 157.76 -12.898 3.2924
157.622 -13.1361 3.29063 0.157678 157.76 -12.898 3.2924
157.308 -12.9074 3.27964 0.111628 157.76 -12.898 3.2924
157.618 -13.0593 3.2967 0.0245712 157.76 -12.898 3.2924
157.443 -12.8425 3.29114 0.102651 157.76 -12.898 3.2924
157.352 -12.8125 3.28095 0.105369 157.76 -12.898 3.2924
157.503 -13.228 3.28452 0.0250403 157.76 -12.898 3.2924
157.714 -12.9502 3.29047 0.181195 157.76 -12.898 3.2924
157.496 -12.8332 3.28496 0.277429 157.76 -12.898 3.2924
157.443 -12.8425 3.29114 0.102651 157.76 -12.898 3.2924
157.676 -12.8858 3.2905 0.200519 157.76 -12.898 3.2924
157.496 -12.8332 3.28496 0.277429 157.76 -12.898 3.2924
157.411 -12.8877 3.2934 0.0226929 157.76 -12.898 3.2924
157.338 -12.8626 3.28978 0.067631 157.76 -12.898 3.2924
157.562 -12.9283 3.2935 0.138963 157.76 -12.898 3.2924
157.263 -12.8698 3.28424 0.166069 157.76 -12.898 3.2924
157.362 -12.7781 3.29104 0.0160844 157.76 -12.898 3.2924
157.683 -12.8412 3.29032 0.125735 157.76 -12.898 3.2924
157.676 -12.8858 3.2905 0.200519 157.76 -12.898 3.2924
157.676 -12.8858 3.2905 0.200519 157.76 -12.898 3.2924
157.714 -12.9502 3.29047 0.181195 157.76 -12.898 3.2924
157.562 -12.8515 3.29139 0.19781 157.76 -12.898 3.2924
157.565 -12.5821 3.28048 0.000126825 157.76 -12.898 3.2924
157.308 -12.9074 3.27964 0.111628 157.76 -12.898 3.2924
157.352 -12.8125 3.28095 0.105369 157.76 -12.898 3.2924
157.496 -12.8332 3.28496 0.277429 157.76 -12.898 3.2924
157.473 -12.9301 3.2804 0.0709567 157.76 -12.898 3.2924
157.562 -12.8515 3.29139 0.19781 157.76 -12.898 3.2924
157.352 -12.8125 3.28095 0.105369 157.76 -12.898 3.2924
157.683 -12.8412 3.29032 0.125735 157.76 -12.898 3.2924
157.338 -12.8626 3.28978 0.067631 157.76 -12.898 3.2924
157.562 -12.8515 3.29139 0.19781 157.76 -12.898 3.2924
157.308 -12.9074 3.27964 0.111628 157.76 -12.898 3.2924
157.338 -12.8626 3.28978 0.067631 157.76 -12.898 3.2924
157.263 -12.8698 3.28424 0.166069 157.76 -12.898 3.2924
157.207 -12.9592 3.27802 0.0400828 157.76 -12.898 3.2924
157.352 -12.8125 3.28095 0.105369 157.76 -12.898 3.2924
157.496 -12.8332 3.28496 0.277429 157.76 -12.898 3.2924
157.562 -12.9283 3.2935 0.138963 157.76 -12.898 3.2924
157.676 -12.8858 3.2905 0.200519 157.76 -12.898 3.2924
157.676 -12.8858 3.2905 0.200519 157.76 -12.898 3.2924
157.263 -12.8698 3.28424 0.166069 157.76 -12.898 3.2924
157.235 -12.8376 3.28288 0.102459 157.76 -12.898 3.2924
157.676 -12.8858 3.2905 0.200519 157.76 -12.898 3.2924
157.683 -12.8412 3.29032 0.125735 157.76 -12.898 3.2924
157.496 -12.8332 3.28496 0.277429 157.76 -12.898 3.2924
157.676 -12.8858 3.2905 0.200519 157.76 -12.898 3.2924
157.496 -12.8332 3.28496 0.277429 157.76 -12.898 3.2924
157.562 -12.8515 3.29139 0.19781 157.76 -12.898 3.2924
157.676 -12.8858 3.2905 0.200519 157.76 -12.898 3.2924
157.683 -12.8412 3.29032 0.125735 157.76 -12.898 3.2924
157.444 -12.9644 3.27936 0.0452386 157.76 -12.898 3.2924
157.308 -12.9074 3.27964 0.111628 157.76 -12.898 3.2924
157.851 -12.9241 3.2952 0.0180617 157.76 -12.898 3.2924
157.758 -12.8771 3.28652 0.0187839 157.76 -12.898 3.2924
157.496 -12.8332 3.28496 0.277429 157.76 -12.898 3.2924
157.562 -12.8515 3.29139 0.19781 157.76 -12.898 3.2924
157.496 -12.8332 3.28496 0.277429 157.76 -12.898 3.2924
157.496 -12.8332 3.28496 0.277429 157.76 -12.898 3.2924
157.443 -12.8425 3.29114 0.102651 157.76 -12.898 3.2924
157.496 -12.8332 3.28496 0.277429 157.76 -12.898 3.2924
157.562 -12.8515 3.29139 0.19781 157.76 -12.898 3.2924
157.562 -12.9283 3.2935 0.138963 157.76 -12.898 3.2924
157.714 -12.9502 3.29047 0.181195 157.76 -12.898 3.2924
157.263 -12.8698 3.28424 0.166069 157.76 -12.898 3.2924
157.308 -12.9074 3.27964 0.111628 157.76 -12.898 3.2924
157.604 -12.7969 3.29204 0.0809511 157.76 -12.898 3.2924
157.683 -12.8412 3.29032 0.125735 157.76 -12.898 3.2924
157.263 -12.8698 3.28424 0.166069 157.76 -12.898 3.2924
157.604 -12.7969 3.29204 0.0809511 157.76 -12.898 3.2924
157.496 -12.8332 3.28496 0.277429 157.76 -12.898 3.2924
157.683 -12.8412 3.29032 0.125735 157.76 -12.898 3.2924
157.714 -12.9502 3.29047 0.181195 157.76 -12.898 3.2924
157.6 -13.2078 3.28669 0.0368392 157.76 -12.898 3.2924
157.473 -12.9301 3.2804 0.0709567 157.76 -12.898 3.2924
157.443 -12.8425 3.29114 0.102651 157.76 -12.898 3.2924
157.308 -12.9074 3.27964 0.111628 157.76 -12.898 3.2924
157.444 -12.9644 3.27936 0.0452386 157.76 -12.898 3.2924
157.496 -12.8332 3.28496 0.277429 157.76 -12.898 3.2924
157.622 -13.1361 3.29063 0.157678 157.76 -12.898 3.2924
157.411 -12.8877 3.2934 0.0226929 157.76 -12.898 3.2924
157.307 -12.7364 3.27979 0.0251884 157.76 -12.898 3.2924
157.496 -12.8332 3.28496 0.277429 157.76 -12.898 3.2924
157.562 -12.8515 3.29139 0.19781 157.76 -12.898 3.2924
157.503 -13.228 3.28452 0.0250403 157.76 -12.898 3.2924
157.683 -12.8412 3.29032 0.125735 157.76 -12.898 3.2924
157.263 -12.8698 3.28424 0.166069 157.76 -12.898 3.2924
157.496 -12.8332 3.28496 0.277429 157.76 -12.898 3.2924
157.338 -12.8626 3.28978 0.067631 157.76 -12.898 3.2924
157.473 -12.9301 3.2804 0.0709567 157.76 -12.898 3.2924
157.622 -13.1361 3.29063 0.157678 157.76 -12.898 3.2924
157.562 -12.8515 3.29139 0.19781 157.76 -12.898 3.2924
157.6 -13.2078 3.28669 0.0368392 157.76 -12.898 3.2924
157.356 -12.7415 3.28164 0.0524616 157.76 -12.898 3.2924
157.562 -12.9283 3.2935 0.138963 157.76 -12.898 3.2924
157.683 -12.8412 3.29032 0.125735 157.76 -12.898 3.2924
157.714 -12.9502 3.29047 0.181195 157.76 -12.898 3.2924
157.473 -12.9301 3.2804 0.0709567 157.76 -12.898 3.2924
157.263 -12.8698 3.28424 0.166069 157.76 -12.898 3.2924
157.562 -12.8515 3.29139 0.19781 157.76 -12.898 3.2924
157.676 -12.8858 3.2905 0.200519 157.76 -12.898 3.2924
157.562 -12.8515 3.29139 0.19781 157.76 -12.898 3.2924
157.352 -12.8125 3.28095 0.105369 157.76 -12.898 3.2924
157.339 -12.6663 3.28208 0.0138677 157.76 -12.898 3.2924
157.676 -12.8858 3.2905 0.200519 157.76 -12.898 3.2924
157.352 -12.8125 3.28095 0.105369 157.76 -12.898 3.2924
157.604 -12.7969 3.29204 0.0809511 157.76 -12.898 3.2924
157.352 -12.8125 3.28095 0.105369 157.76 -12.898 3.2924
157.263 -12.8698 3.28424 0.166069 157.76 -12.898 3.2924
157.496 -12.8332 3.28496 0.277429 157.76 -12.898 3.2924
157.263 -12.8698 3.28424 0.166069 157.76 -12.898 3.2924
157.562 -12.8515 3.29139 0.19781 157.76 -12.898 3.2924
157.676 -12.8858 3.2905 0.200519 157.76 -12.898 3.2924
157.851 -12.9241 3.2952 0.0180617 157.76 -12.898 3.2924
157.562 -12.8515 3.29139 0.19781 157.76 -12.898 3.2924
157.443 -12.8425 3.29114 0.102651 157.76 -12.898 3.2924
157.562 -12.9283 3.2935 0.138963 157.76 -12.898 3.2924
157.562 -12.9283 3.2935 0.138963 157.76 -12.898 3.2924
157.308 -12.9074 3.27964 0.111628 157.76 -12.898 3.2924
157.444 -12.9644 3.27936 0.0452386 157.76 -12.898 3.2924
157.514 -12.9265 3.27912 0.0144682 157.76 -12.898 3.2924
157.235 -12.8376 3.28288 0.102459 157.76 -12.898 3.2924
157.339 -12.6663 3.28208 0.0138677 157.76 -12.898 3.2924
157.362 -13.1247 3.2921 0.018182 157.76 -12.898 3.2924
157.443 -12.8425 3.29114 0.102651 157.76 -12.898 3.2924
157.263 -12.8698 3.28424 0.166069 157.76 -12.898 3.2924
157.356 -12.7415 3.28164 0.0524616 157.76 -12.898 3.2924
157.411 -12.8877 3.2934 0.0226929 157.76 -12.898 3.2924
157.562 -12.9283 3.2935 0.138963 157.76 -12.898 3.2924
157.676 -12.8858 3.2905 0.200519 157.76 -12.898 3.2924
157.308 -12.9074 3.27964 0.111628 157.76 -12.898 3.2924
157.443 -12.8425 3.29114 0.102651 157.76 -12.898 3.2924
157.473 -12.9301 3.2804 0.0709567 157.76 -12.898 3.2924
157.444 -12.9644 3.27936 0.0452386 157.76 -12.898 3.2924
157.352 -12.8125 3.28095 0.105369 157.76 -12.898 3.2924
157.562 -12.9283 3.2935 0.138963 157.76 -12.898 3.2924
157.6 -13.2078 3.28669 0.0368392 157.76 -12.898 3.2924
157.263 -12.8698 3.28424 0.166069 157.76 -12.898 3.2924
157.356 -12.7415 3.28164 0.0524616 157.76 -12.898 3.2924
157.235 -12.8376 3.28288 0.102459 157.76 -12.898 3.2924
157.308 -12.9074 3.27964 0.111628 157.76 -12.898 3.2924
157.676 -12.8858 3.2905 0.200519 157.76 -12.898 3.2924
157.443 -12.8425 3.29114 0.102651 157.76 -12.898 3.2924
157.443 -12.8425 3.29114 0.102651 157.76 -12.898 3.2924
157.562 -12.9283 3.2935 0.138963 157.76 -12.898 3.2924
157.356 -12.7415 3.28164 0.0524616 157.76 -12.898 3.2924
157.676 -12.8858 3.2905 0.200519 157.76 -12.898 3.2924
157.496 -12.8332 3.28496 0.277429 157.76 -12.898 3.2924
157.562 -12.8515 3.29139 0.19781 157.76 -12.898 3.2924
157.683 -12.8412 3.29032 0.125735 157.76 -12.898 3.2924
157.622 -13.1361 3.29063 0.157678 157.76 -12.898 3.2924
157.158 -12.9818 3.29052 0.000985541 157.76 -12.898 3.2924
157.352 -12.8125 3.28095 0.105369 157.76 -12.898 3.2924
157.473 -12.9301 3.2804 0.0709567 157.76 -12.898 3.2924
157.496 -12.8332 3.28496 0.277429 157.76 -12.898 3.2924
157.714 -12.9502 3.29047 0.181195 157.76 -12.898 3.2924
157.362 -12.7781 3.29104 0.0160844 157.76 -12.898 3.2924
157.308 -12.9074 3.27964 0.111628 157.76 -12.898 3.2924
157.435 -13.2752 3.28281 0.00575923 157.76 -12.898 3.2924
157.714 -12.9502 3.29047 0.181195 157.76 -12.898 3.2924
157.352 -12.8125 3.28095 0.105369 157.76 -12.898 3.2924
157.263 -12.8698 3.28424 0.166069 157.76 -12.898 3.2924
157.514 -12.9265 3.27912 0.0144682 157.76 -12.898 3.2924
157.263 -12.8698 3.28424 0.166069 157.76 -12.898 3.2924
157.714 -12.9502 3.29047 0.181195 157.76 -12.898 3.2924
157.235 -12.8376 3.28288 0.102459 157.76 -12.898 3.2924
157.443 -12.8425 3.29114 0.102651 157.76 -12.898 3.2924
157.562 -12.8515 3.29139 0.19781 157.76 -12.898 3.2924
157.263 -12.8698 3.28424 0.166069 157.76 -12.898 3.2924
157.683 -12.8412 3.29032 0.125735 157.76 -12.898 3.2924
157.352 -12.8125 3.28095 0.105369 157.76 -12.898 3.2924
157.308 -12.9074 3.27964 0.111628 157.76 -12.898 3.2924
157.683 -12.8412 3.29032 0.125735 157.76 -12.898 3.2924
157.898 -12.9175 3.30059 0.00086946 157.76 -12.898 3.2924
157.496 -12.8332 3.28496 0.277429 157.76 -12.898 3.2924
157.562 -12.8515 3.29139 0.19781 157.76 -12.898 3.2924
157.676 -12.8858 3.2905 0.200519 157.76 -12.898 3.2924
157.443 -12.8425 3.29114 0.102651 157.76 -12.898 3.2924
157.443 -12.8425 3.29114 0.102651 157.76 -12.898 3.2924
157.473 -12.9301 3.2804 0.0709567 157.76 -12.898 3.2924
157.443 -12.8425 3.29114 0.102651 157.76 -12.898 3.2924
157.444 -12.9644 3.27936 0.0452386 157.76 -12.898 3.2924
157.676 -12.8858 3.2905 0.200519 157.76 -12.898 3.2924
157.758 -12.8771 3.28652 0.0187839 157.76 -12.898 3.2924
157.307 -12.7364 3.27979 0.0251884 157.76 -12.898 3.2924
157.496 -12.8332 3.28496 0.277429 157.76 -12.898 3.2924
157.622 -13.1361 3.29063 0.157678 157.76 -12.898 3.2924
157.562 -12.9283 3.2935 0.138963 157.76 -12.898 3.2924
