260.222 -18.0588 3.45079 0.201576 260.16 -17.749 3.4499
260.104 -17.8281 3.44981 0.584436 260.16 -17.749 3.4499
260.323 -17.8104 3.44906 0.345341 260.16 -17.749 3.4499
260.104 -17.8281 3.44981 0.584436 260.16 -17.749 3.4499
260.27 -17.74 3.45088 0.477514 260.16 -17.749 3.4499
260.274 -17.8276 3.45439 0.554326 260.16 -17.749 3.4499
260.322 -17.8101 3.45646 0.292519 260.16 -17.749 3.4499
260.136 -18.062 3.45423 0.0455823 260.16 -17.749 3.4499
260.222 -18.0588 3.45079 0.201576 260.16 -17.749 3.4499
260.52 -17.739 3.45868 0.0625862 260.16 -17.749 3.4499
260.063 -17.8184 3.45654 0.00611596 260.16 -17.749 3.4499
260.104 -17.8281 3.44981 0.584436 260.16 -17.749 3.4499
260.22 -17.7074 3.44961 0.349731 260.16 -17.749 3.4499
260.52 -17.739 3.45868 0.0625862 260.16 -17.749 3.4499
260.13 -17.8265 3.44868 0.715295 260.16 -17.749 3.4499
260.132 -18.0317 3.45472 0.0487658 260.16 -17.749 3.4499
260.27 -17.74 3.45088 0.477514 260.16 -17.749 3.4499
260.011 -18.0343 3.44436 0.0595588 260.16 -17.749 3.4499
260.27 -17.74 3.45088 0.477514 260.16 -17.749 3.4499
260.27 -17.74 3.45088 0.477514 260.16 -17.749 3.4499
259.926 -17.9153 3.4437 0.107872 260.16 -17.749 3.4499
260.155 -17.745 3.45054 0.451052 260.16 -17.749 3.4499
260.323 -17.8104 3.44906 0.345341 260.16 -17.749 3.4499
260.222 -18.0588 3.45079 0.201576 260.16 -17.749 3.4499
260.27 -17.74 3.45088 0.477514 260.16 -17.749 3.4499
260.274 -17.8276 3.45439 0.554326 260.16 -17.749 3.4499
260.305 -17.865 3.44803 0.29008 260.16 -17.749 3.4499
260.061 -18.0133 3.45033 0.143343 260.16 -17.749 3.4499
260.27 -17.74 3.45088 0.477514 260.16 -17.749 3.4499
260.155 -17.745 3.45054 0.451052 260.16 -17.749 3.4499
260.104 -17.8281 3.44981 0.584436 260.16 -17.749 3.4499
260.13 -17.8265 3.44868 0.715295 260.16 -17.749 3.4499
260.062 -17.785 3.44344 0.171065 260.16 -17.749 3.4499
260.13 -17.8265 3.44868 0.715295 260.16 -17.749 3.4499
260.249 -17.7584 3.44807 0.361545 260.16 -17.749 3.4499
260.13 -17.8265 3.44868 0.715295 260.16 -17.749 3.4499
260.27 -17.74 3.45088 0.477514 260.16 -17.749 3.4499
260.323 -17.8104 3.44906 0.345341 260.16 -17.749 3.4499
260.322 -17.8101 3.45646 0.292519 260.16 -17.749 3.4499
260.104 -17.8281 3.44981 0.584436 260.16 -17.749 3.4499
260.13 -17.8265 3.44868 0.715295 260.16 -17.749 3.4499
260.104 -17.8281 3.44981 0.584436 260.16 -17.749 3.4499
260.104 -17.8281 3.44981 0.584436 260.16 -17.749 3.4499
260.155 -17.745 3.45054 0.451052 260.16 -17.749 3.4499
260.265 -17.8342 3.44849 0.514926 260.16 -17.749 3.4499
260.305 -17.865 3.44803 0.29008 260.16 -17.749 3.4499
260.305 -17.865 3.44803 0.29008 260.16 -17.749 3.4499
260.52 -17.739 3.45868 0.0625862 260.16 -17.749 3.4499
260.323 -17.8104 3.44906 0.345341 260.16 -17.749 3.4499
260.265 -17.8342 3.44849 0.514926 260.16 -17.749 3.4499
260.104 -17.8281 3.44981 0.584436 260.16 -17.749 3.4499
259.926 -17.9153 3.4437 0.107872 260.16 -17.749 3.4499
260.104 -17.8281 3.44981 0.584436 260.16 -17.749 3.4499
259.878 -17.7635 3.43995 0.0270176 260.16 -17.749 3.4499
260.13 -17.8265 3.44868 0.715295 260.16 -17.749 3.4499
260.137 -17.9333 3.45562 0.0675121 260.16 -17.749 3.4499
260.131 -17.9328 3.45263 0.310543 260.16 -17.749 3.4499
260.13 -17.8265 3.44868 0.715295 260.16 -17.749 3.4499
260.305 -17.865 3.44803 0.29008 260.16 -17.749 3.4499
260.131 -17.9328 3.45263 0.310543 260.16 -17.749 3.4499
260.274 -17.8276 3.45439 0.554326 260.16 -17.749 3.4499
260.351 -17.7734 3.45244 0.480915 260.16 -17.749 3.4499
260.155 -17.745 3.45054 0.451052 260.16 -17.749 3.4499
260.13 -17.8265 3.44868 0.715295 260.16 -17.749 3.4499
260.011 -17.6523 3.44559 0.0802394 260.16 -17.749 3.4499
260.146 -17.7738 3.45379 0.177965 260.16 -17.749 3.4499
260.222 -18.0588 3.45079 0.201576 260.16 -17.749 3.4499
260.131 -17.9328 3.45263 0.310543 260.16 -17.749 3.4499
260.265 -17.8342 3.44849 0.514926 260.16 -17.749 3.4499
260.305 -17.865 3.44803 0.29008 260.16 -17.749 3.4499
260.22 -17.7074 3.44961 0.349731 260.16 -17.749 3.4499
260.305 -17.865 3.44803 0.29008 260.16 -17.749 3.4499
260.137 -17.9333 3.45562 0.0675121 260.16 -17.749 3.4499
260.249 -17.7584 3.44807 0.361545 260.16 -17.749 3.4499
260.011 -17.6523 3.44559 0.0802394 260.16 -17.749 3.4499
260.265 -17.8342 3.44849 0.514926 260.16 -17.749 3.4499
260.104 -17.8281 3.44981 0.584436 260.16 -17.749 3.4499
260.104 -17.8281 3.44981 0.584436 260.16 -17.749 3.4499
260.317 -17.6898 3.45393 0.196688 260.16 -17.749 3.4499
260.322 -17.8101 3.45646 0.292519 260.16 -17.749 3.4499
260.104 -17.8281 3.44981 0.584436 260.16 -17.749 3.4499
260.155 -17.745 3.45054 0.451052 260.16 -17.749 3.4499
260.146 -17.7738 3.45379 0.177965 260.16 -17.749 3.4499
260.03 -17.9246 3.44996 0.225544 260.16 -17.749 3.4499
260.104 -17.8281 3.44981 0.584436 260.16 -17.749 3.4499
260.061 -18.0133 3.45033 0.143343 260.16 -17.749 3.4499
260.351 -17.7734 3.45244 0.480915 260.16 -17.749 3.4499
260.278 -17.8864 3.45949 0.0341391 260.16 -17.749 3.4499
260.237 -18.0886 3.44566 0.0175006 260.16 -17.749 3.4499
260.104 -17.8281 3.44981 0.584436 260.16 -17.749 3.4499
260.305 -17.865 3.44803 0.29008 260.16 -17.749 3.4499
260.137 -17.9333 3.45562 0.0675121 260.16 -17.749 3.4499
260.317 -17.6898 3.45393 0.196688 260.16 -17.749 3.4499
260.265 -17.8342 3.44849 0.514926 260.16 -17.749 3.4499
260.278 -17.8864 3.45949 0.0341391 260.16 -17.749 3.4499
260.322 -17.8101 3.45646 0.292519 260.16 -17.749 3.4499
260.146 -17.7738 3.45379 0.177965 260.16 -17.749 3.4499
260.13 -17.8265 3.44868 0.715295 260.16 -17.749 3.4499
260.035 -18.0504 3.44329 0.0306595 260.16 -17.749 3.4499
260.305 -17.865 3.44803 0.29008 260.16 -17.749 3.4499
260.249 -17.7584 3.44807 0.361545 260.16 -17.749 3.4499
260.104 -17.8281 3.44981 0.584436 260.16 -17.749 3.4499
260.298 -17.7655 3.45731 0.116085 260.16 -17.749 3.4499
260.155 -17.745 3.45054 0.451052 260.16 -17.749 3.4499
260.351 -17.7734 3.45244 0.480915 260.16 -17.749 3.4499
260.265 -17.8342 3.44849 0.514926 260.16 -17.749 3.4499
260.132 -18.0317 3.45472 0.0487658 260.16 -17.749 3.4499
260.137 -17.9333 3.45562 0.0675121 260.16 -17.749 3.4499
260.22 -17.7074 3.44961 0.349731 260.16 -17.749 3.4499
260.22 -17.7074 3.44961 0.349731 260.16 -17.749 3.4499
260.323 -17.8104 3.44906 0.345341 260.16 -17.749 3.4499
260.265 -17.8342 3.44849 0.514926 260.16 -17.749 3.4499
260.317 -17.6898 3.45393 0.196688 260.16 -17.749 3.4499
260.104 -17.8281 3.44981 0.584436 260.16 -17.749 3.4499
260.011 -17.6523 3.44559 0.0802394 260.16 -17.749 3.4499
260.579 -17.8262 3.45237 0.0202487 260.16 -17.749 3.4499
260.265 -17.8342 3.44849 0.514926 260.16 -17.749 3.4499
260.131 -17.9328 3.45263 0.310543 260.16 -17.749 3.4499
260.322 -17.8101 3.45646 0.292519 260.16 -17.749 3.4499
260.305 -17.865 3.44803 0.29008 260.16 -17.749 3.4499
259.878 -17.7635 3.43995 0.0270176 260.16 -17.749 3.4499
260.011 -17.6523 3.44559 0.0802394 260.16 -17.749 3.4499
260.155 -17.745 3.45054 0.451052 260.16 -17.749 3.4499
260.061 -18.0133 3.45033 0.143343 260.16 -17.749 3.4499
260.104 -17.8281 3.44981 0.584436 260.16 -17.749 3.4499
260.338 -17.9287 3.4459 0.0349117 260.16 -17.749 3.4499
260.249 -17.7584 3.44807 0.361545 260.16 -17.749 3.4499
260.062 -17.785 3.44344 0.171065 260.16 -17.749 3.4499
260.131 -17.9328 3.45263 0.310543 260.16 -17.749 3.4499
260.061 -18.0133 3.45033 0.143343 260.16 -17.749 3.4499
260.13 -17.8265 3.44868 0.715295 260.16 -17.749 3.4499
260.104 -17.8281 3.44981 0.584436 260.16 -17.749 3.4499
260.13 -17.8265 3.44868 0.715295 260.16 -17.749 3.4499
260.062 -17.785 3.44344 0.171065 260.16 -17.749 3.4499
260.323 -17.8104 3.44906 0.345341 260.16 -17.749 3.4499
260.351 -17.7734 3.45244 0.480915 260.16 -17.749 3.4499
260.305 -17.865 3.44803 0.29008 260.16 -17.749 3.4499
259.926 -17.9153 3.4437 0.107872 260.16 -17.749 3.4499
260.137 -17.9333 3.45562 0.0675121 260.16 -17.749 3.4499
260.323 -17.8104 3.44906 0.345341 260.16 -17.749 3.4499
260.03 -17.9246 3.44996 0.225544 260.16 -17.749 3.4499
260.061 -18.0133 3.45033 0.143343 260.16 -17.749 3.4499
260.03 -17.9246 3.44996 0.225544 260.16 -17.749 3.4499
260.104 -17.8281 3.44981 0.584436 260.16 -17.749 3.4499
260.249 -17.7584 3.44807 0.361545 260.16 -17.749 3.4499
260.146 -17.7738 3.45379 0.177965 260.16 -17.749 3.4499
260.351 -17.7734 3.45244 0.480915 260.16 -17.749 3.4499
260.351 -17.7734 3.45244 0.480915 260.16 -17.749 3.4499
260.453 -17.6527 3.45532 0.051819 260.16 -17.749 3.4499
260.274 -17.8276 3.45439 0.554326 260.16 -17.749 3.4499
260.52 -17.739 3.45868 0.0625862 260.16 -17.749 3.4499
260.155 -17.745 3.45054 0.451052 260.16 -17.749 3.4499
260.351 -17.7734 3.45244 0.480915 260.16 -17.749 3.4499
260.322 -17.8101 3.45646 0.292519 260.16 -17.749 3.4499
260.265 -17.8342 3.44849 0.514926 260.16 -17.749 3.4499
260.13 -17.8265 3.44868 0.715295 260.16 -17.749 3.4499
260.155 -17.745 3.45054 0.451052 260.16 -17.749 3.4499
260.146 -17.7738 3.45379 0.177965 260.16 -17.749 3.4499
260.234 -18.0799 3.45257 0.139181 260.16 -17.749 3.4499
260.317 -17.6898 3.45393 0.196688 260.16 -17.749 3.4499
260.155 -17.745 3.45054 0.451052 260.16 -17.749 3.4499
260.323 -17.8104 3.44906 0.345341 260.16 -17.749 3.4499
260.351 -17.7734 3.45244 0.480915 260.16 -17.749 3.4499
260.305 -17.865 3.44803 0.29008 260.16 -17.749 3.4499
260.234 -18.1508 3.45747 0.00570101 260.16 -17.749 3.4499
260.27 -17.74 3.45088 0.477514 260.16 -17.749 3.4499
260.155 -17.745 3.45054 0.451052 260.16 -17.749 3.4499
260.104 -17.8281 3.44981 0.584436 260.16 -17.749 3.4499
260.249 -17.7584 3.44807 0.361545 260.16 -17.749 3.4499
260.146 -17.7738 3.45379 0.177965 260.16 -17.749 3.4499
260.13 -17.8265 3.44868 0.715295 260.16 -17.749 3.4499
260.27 -17.74 3.45088 0.477514 260.16 -17.749 3.4499
260.321 -17.5687 3.44982 0.0192305 260.16 -17.749 3.4499
260.27 -17.74 3.45088 0.477514 260.16 -17.749 3.4499
259.926 -17.9153 3.4437 0.107872 260.16 -17.749 3.4499
260.13 -17.8265 3.44868 0.715295 260.16 -17.749 3.4499
260.061 -18.0133 3.45033 0.143343 260.16 -17.749 3.4499
260.13 -17.8265 3.44868 0.715295 260.16 -17.749 3.4499
260.131 -17.9328 3.45263 0.310543 260.16 -17.749 3.4499
260.13 -17.8265 3.44868 0.715295 260.16 -17.749 3.4499
260.155 -17.745 3.45054 0.451052 260.16 -17.749 3.4499
260.317 -17.6898 3.45393 0.196688 260.16 -17.749 3.4499
260.265 -17.8342 3.44849 0.514926 260.16 -17.749 3.4499
260.011 -18.0343 3.44436 0.0595588 260.16 -17.749 3.4499
260.249 -17.7584 3.44807 0.361545 260.16 -17.749 3.4499
260.104 -17.8281 3.44981 0.584436 260.16 -17.749 3.4499
260.265 -17.8342 3.44849 0.514926 260.16 -17.749 3.4499
260.249 -17.7584 3.44807 0.361545 260.16 -17.749 3.4499
260.322 -17.8101 3.45646 0.292519 260.16 -17.749 3.4499
259.878 -17.7635 3.43995 0.0270176 260.16 -17.749 3.4499
260.52 -17.739 3.45868 0.0625862 260.16 -17.749 3.4499
260.13 -17.8265 3.44868 0.715295 260.16 -17.749 3.4499
260.22 -17.7074 3.44961 0.349731 260.16 -17.749 3.4499
260.274 -17.8276 3.45439 0.554326 260.16 -17.749 3.4499
260.127 -18.1708 3.4553 0.00281155 260.16 -17.749 3.4499
260.317 -17.6898 3.45393 0.196688 260.16 -17.749 3.4499
260.351 -17.7734 3.45244 0.480915 260.16 -17.749 3.4499
260.323 -17.8104 3.44906 0.345341 260.16 -17.749 3.4499
260.13 -17.8265 3.44868 0.715295 260.16 -17.749 3.4499
260.322 -17.8101 3.45646 0.292519 260.16 -17.749 3.4499
