269.864 24.6946 5.77276 0.0422781 269.64 25.037 5.7737
269.646 24.7883 5.78342 0.296561 269.64 25.037 5.7737
269.646 24.7883 5.78342 0.296561 269.64 25.037 5.7737
269.646 24.7883 5.78342 0.296561 269.64 25.037 5.7737
269.822 24.7712 5.77031 0.0965622 269.64 25.037 5.7737
269.521 24.9781 5.77726 0.127791 269.64 25.037 5.7737
269.521 24.9781 5.77726 0.127791 269.64 25.037 5.7737
269.864 24.6946 5.77276 0.0422781 269.64 25.037 5.7737
269.586 24.9744 5.77426 0.138915 269.64 25.037 5.7737
269.719 24.8715 5.77009 0.160719 269.64 25.037 5.7737
269.857 24.7484 5.77547 0.0861058 269.64 25.037 5.7737
269.646 24.7883 5.78342 0.296561 269.64 25.037 5.7737
269.646 24.7883 5.78342 0.296561 269.64 25.037 5.7737
269.822 24.7712 5.77031 0.0965622 269.64 25.037 5.7737
269.586 24.9744 5.77426 0.138915 269.64 25.037 5.7737
269.791 25.0133 5.76884 0.018664 269.64 25.037 5.7737
269.719 24.8715 5.77009 0.160719 269.64 25.037 5.7737
269.646 24.7883 5.78342 0.296561 269.64 25.037 5.7737
269.719 24.8715 5.77009 0.160719 269.64 25.037 5.7737
269.719 24.8715 5.77009 0.160719 269.64 25.037 5.7737
269.646 24.7883 5.78342 0.296561 269.64 25.037 5.7737
269.646 24.7883 5.78342 0.296561 269.64 25.037 5.7737
269.892 25.0065 5.77838 0.0157241 269.64 25.037 5.7737
269.521 24.9781 5.77726 0.127791 269.64 25.037 5.7737
269.864 24.6589 5.77242 0.0253525 269.64 25.037 5.7737
269.864 24.6589 5.77242 0.0253525 269.64 25.037 5.7737
269.72 25.1995 5.77265 0.000879032 269.64 25.037 5.7737
269.719 24.8715 5.77009 0.160719 269.64 25.037 5.7737
269.652 25.1545 5.77713 0.00887739 269.64 25.037 5.7737
269.857 24.7484 5.77547 0.0861058 269.64 25.037 5.7737
269.719 24.8715 5.77009 0.160719 269.64 25.037 5.7737
269.822 24.7712 5.77031 0.0965622 269.64 25.037 5.7737
269.586 24.9744 5.77426 0.138915 269.64 25.037 5.7737
269.822 24.7712 5.77031 0.0965622 269.64 25.037 5.7737
269.521 24.9781 5.77726 0.127791 269.64 25.037 5.7737
269.652 25.1545 5.77713 0.00887739 269.64 25.037 5.7737
269.719 24.8715 5.77009 0.160719 269.64 25.037 5.7737
269.729 25.1236 5.78523 0.00558093 269.64 25.037 5.7737
269.634 25.083 5.78498 0.0292413 269.64 25.037 5.7737
269.646 24.7883 5.78342 0.296561 269.64 25.037 5.7737
269.646 24.7883 5.78342 0.296561 269.64 25.037 5.7737
269.586 24.9744 5.77426 0.138915 269.64 25.037 5.7737
269.646 24.7883 5.78342 0.296561 269.64 25.037 5.7737
269.521 24.9781 5.77726 0.127791 269.64 25.037 5.7737
269.794 25.0994 5.77542 0.0146804 269.64 25.037 5.7737
269.822 24.7712 5.77031 0.0965622 269.64 25.037 5.7737
269.719 24.8715 5.77009 0.160719 269.64 25.037 5.7737
269.719 24.8715 5.77009 0.160719 269.64 25.037 5.7737
269.521 24.9781 5.77726 0.127791 269.64 25.037 5.7737
269.646 24.7883 5.78342 0.296561 269.64 25.037 5.7737
269.646 24.7883 5.78342 0.296561 269.64 25.037 5.7737
269.646 24.7883 5.78342 0.296561 269.64 25.037 5.7737
269.857 24.7484 5.77547 0.0861058 269.64 25.037 5.7737
269.521 24.9781 5.77726 0.127791 269.64 25.037 5.7737
269.719 24.8715 5.77009 0.160719 269.64 25.037 5.7737
269.521 24.9781 5.77726 0.127791 269.64 25.037 5.7737
269.791 25.0133 5.76884 0.018664 269.64 25.037 5.7737
269.586 24.9744 5.77426 0.138915 269.64 25.037 5.7737
269.822 24.7712 5.77031 0.0965622 269.64 25.037 5.7737
269.719 24.8715 5.77009 0.160719 269.64 25.037 5.7737
269.719 24.8715 5.77009 0.160719 269.64 25.037 5.7737
269.646 24.7883 5.78342 0.296561 269.64 25.037 5.7737
269.892 25.0065 5.77838 0.0157241 269.64 25.037 5.7737
269.586 24.9744 5.77426 0.138915 269.64 25.037 5.7737
269.521 24.9781 5.77726 0.127791 269.64 25.037 5.7737
269.719 24.8715 5.77009 0.160719 269.64 25.037 5.7737
269.864 24.6946 5.77276 0.0422781 269.64 25.037 5.7737
269.719 24.8715 5.77009 0.160719 269.64 25.037 5.7737
269.729 25.1236 5.78523 0.00558093 269.64 25.037 5.7737
269.857 24.7484 5.77547 0.0861058 269.64 25.037 5.7737
269.762 25.2072 5.77588 0.00103651 269.64 25.037 5.7737
269.822 24.7712 5.77031 0.0965622 269.64 25.037 5.7737
269.521 24.9781 5.77726 0.127791 269.64 25.037 5.7737
269.646 24.7883 5.78342 0.296561 269.64 25.037 5.7737
269.719 24.8715 5.77009 0.160719 269.64 25.037 5.7737
269.822 24.7712 5.77031 0.0965622 269.64 25.037 5.7737
269.857 24.7484 5.77547 0.0861058 269.64 25.037 5.7737
269.822 24.7712 5.77031 0.0965622 269.64 25.037 5.7737
269.822 24.7712 5.77031 0.0965622 269.64 25.037 5.7737
269.719 24.8715 5.77009 0.160719 269.64 25.037 5.7737
269.586 24.9744 5.77426 0.138915 269.64 25.037 5.7737
269.521 24.9781 5.77726 0.127791 269.64 25.037 5.7737
269.646 24.7883 5.78342 0.296561 269.64 25.037 5.7737
269.864 24.6946 5.77276 0.0422781 269.64 25.037 5.7737
269.646 24.7883 5.78342 0.296561 269.64 25.037 5.7737
269.646 24.7883 5.78342 0.296561 269.64 25.037 5.7737
269.719 24.8715 5.77009 0.160719 269.64 25.037 5.7737
269.646 24.7883 5.78342 0.296561 269.64 25.037 5.7737
269.864 24.6946 5.77276 0.0422781 269.64 25.037 5.7737
269.586 24.9744 5.77426 0.138915 269.64 25.037 5.7737
269.719 24.8715 5.77009 0.160719 269.64 25.037 5.7737
269.646 24.7883 5.78342 0.296561 269.64 25.037 5.7737
269.521 24.9781 5.77726 0.127791 269.64 25.037 5.7737
269.521 24.9781 5.77726 0.127791 269.64 25.037 5.7737
269.586 24.9744 5.77426 0.138915 269.64 25.037 5.7737
269.864 24.6946 5.77276 0.0422781 269.64 25.037 5.7737
269.646 24.7883 5.78342 0.296561 269.64 25.037 5.7737
269.857 24.7484 5.77547 0.0861058 269.64 25.037 5.7737
269.646 24.7883 5.78342 0.296561 269.64 25.037 5.7737
269.586 24.9744 5.77426 0.138915 269.64 25.037 5.7737
269.586 24.9744 5.77426 0.138915 269.64 25.037 5.7737
269.864 24.6946 5.77276 0.0422781 269.64 25.037 5.7737
269.646 24.7883 5.78342 0.296561 269.64 25.037 5.7737
269.646 24.7883 5.78342 0.296561 269.64 25.037 5.7737
269.719 24.8715 5.77009 0.160719 269.64 25.037 5.7737
269.646 24.7883 5.78342 0.296561 269.64 25.037 5.7737
269.646 24.7883 5.78342 0.296561 269.64 25.037 5.7737
269.646 24.7883 5.78342 0.296561 269.64 25.037 5.7737
269.521 24.9781 5.77726 0.127791 269.64 25.037 5.7737
269.521 24.9781 5.77726 0.127791 269.64 25.037 5.7737
269.822 24.7712 5.77031 0.0965622 269.64 25.037 5.7737
269.646 24.7883 5.78342 0.296561 269.64 25.037 5.7737
269.652 25.1545 5.77713 0.00887739 269.64 25.037 5.7737
269.719 24.8715 5.77009 0.160719 269.64 25.037 5.7737
269.646 24.7883 5.78342 0.296561 269.64 25.037 5.7737
269.646 24.7883 5.78342 0.296561 269.64 25.037 5.7737
269.646 24.7883 5.78342 0.296561 269.64 25.037 5.7737
269.646 24.7883 5.78342 0.296561 269.64 25.037 5.7737
269.521 24.9781 5.77726 0.127791 269.64 25.037 5.7737
269.791 25.0133 5.76884 0.018664 269.64 25.037 5.7737
269.719 24.8715 5.77009 0.160719 269.64 25.037 5.7737
269.646 24.7883 5.78342 0.296561 269.64 25.037 5.7737
269.719 24.8715 5.77009 0.160719 269.64 25.037 5.7737
269.646 24.7883 5.78342 0.296561 269.64 25.037 5.7737
269.646 24.7883 5.78342 0.296561 269.64 25.037 5.7737
269.719 24.8715 5.77009 0.160719 269.64 25.037 5.7737
269.719 24.8715 5.77009 0.160719 269.64 25.037 5.7737
269.586 24.9744 5.77426 0.138915 269.64 25.037 5.7737
269.719 24.8715 5.77009 0.160719 269.64 25.037 5.7737
269.646 24.7883 5.78342 0.296561 269.64 25.037 5.7737
269.864 24.6946 5.77276 0.0422781 269.64 25.037 5.7737
269.719 24.8715 5.77009 0.160719 269.64 25.037 5.7737
269.586 24.9744 5.77426 0.138915 269.64 25.037 5.7737
269.822 24.7712 5.77031 0.0965622 269.64 25.037 5.7737
269.646 24.7883 5.78342 0.296561 269.64 25.037 5.7737
269.646 24.7883 5.78342 0.296561 269.64 25.037 5.7737
269.778 24.9699 5.76316 0.00222156 269.64 25.037 5.7737
269.892 25.0065 5.77838 0.0157241 269.64 25.037 5.7737
269.864 24.6589 5.77242 0.0253525 269.64 25.037 5.7737
269.646 24.7883 5.78342 0.296561 269.64 25.037 5.7737
269.857 24.7484 5.77547 0.0861058 269.64 25.037 5.7737
269.586 24.9744 5.77426 0.138915 269.64 25.037 5.7737
269.864 24.6946 5.77276 0.0422781 269.64 25.037 5.7737
269.646 24.7883 5.78342 0.296561 269.64 25.037 5.7737
269.646 24.7883 5.78342 0.296561 269.64 25.037 5.7737
269.646 24.7883 5.78342 0.296561 269.64 25.037 5.7737
269.719 24.8715 5.77009 0.160719 269.64 25.037 5.7737
269.646 24.7883 5.78342 0.296561 269.64 25.037 5.7737
269.864 24.6946 5.77276 0.0422781 269.64 25.037 5.7737
269.646 24.7883 5.78342 0.296561 269.64 25.037 5.7737
269.932 24.8117 5.76581 0.00665457 269.64 25.037 5.7737
269.864 24.8088 5.75919 0.000384925 269.64 25.037 5.7737
269.857 24.7484 5.77547 0.0861058 269.64 25.037 5.7737
269.521 24.9781 5.77726 0.127791 269.64 25.037 5.7737
269.586 24.9744 5.77426 0.138915 269.64 25.037 5.7737
269.646 24.7883 5.78342 0.296561 269.64 25.037 5.7737
269.864 24.6589 5.77242 0.0253525 269.64 25.037 5.7737
269.864 24.6589 5.77242 0.0253525 269.64 25.037 5.7737
269.857 24.7484 5.77547 0.0861058 269.64 25.037 5.7737
269.586 24.9744 5.77426 0.138915 269.64 25.037 5.7737
269.646 24.7883 5.78342 0.296561 269.64 25.037 5.7737
269.822 24.7712 5.77031 0.0965622 269.64 25.037 5.7737
269.646 24.7883 5.78342 0.296561 269.64 25.037 5.7737
269.586 24.9744 5.77426 0.138915 269.64 25.037 5.7737
269.948 24.903 5.76708 0.00561903 269.64 25.037 5.7737
269.719 24.8715 5.77009 0.160719 269.64 25.037 5.7737
269.521 24.9781 5.77726 0.127791 269.64 25.037 5.7737
269.822 24.7712 5.77031 0.0965622 269.64 25.037 5.7737
269.864 24.6589 5.77242 0.0253525 269.64 25.037 5.7737
269.719 24.8715 5.77009 0.160719 269.64 25.037 5.7737
269.646 24.7883 5.78342 0.296561 269.64 25.037 5.7737
269.719 24.8715 5.77009 0.160719 269.64 25.037 5.7737
269.857 24.7484 5.77547 0.0861058 269.64 25.037 5.7737
269.586 24.9744 5.77426 0.138915 269.64 25.037 5.7737
269.719 24.8715 5.77009 0.160719 269.64 25.037 5.7737
269.646 24.7883 5.78342 0.296561 269.64 25.037 5.7737
269.646 24.7883 5.78342 0.296561 269.64 25.037 5.7737
269.586 24.9744 5.77426 0.138915 269.64 25.037 5.7737
269.864 24.6946 5.77276 0.0422781 269.64 25.037 5.7737
269.646 24.7883 5.78342 0.296561 269.64 25.037 5.7737
269.794 25.0994 5.77542 0.0146804 269.64 25.037 5.7737
269.586 24.9744 5.77426 0.138915 269.64 25.037 5.7737
269.646 24.7883 5.78342 0.296561 269.64 25.037 5.7737
269.646 24.7883 5.78342 0.296561 269.64 25.037 5.7737
269.646 24.7883 5.78342 0.296561 269.64 25.037 5.7737
269.634 25.083 5.78498 0.0292413 269.64 25.037 5.7737
269.857 24.7484 5.77547 0.0861058 269.64 25.037 5.7737
269.719 24.8715 5.77009 0.160719 269.64 25.037 5.7737
269.719 24.8715 5.77009 0.160719 269.64 25.037 5.7737
269.597 24.566 5.76789 0.00194647 269.64 25.037 5.7737
269.646 24.7883 5.78342 0.296561 269.64 25.037 5.7737
269.646 24.7883 5.78342 0.296561 269.64 25.037 5.7737
269.857 24.7484 5.77547 0.0861058 269.64 25.037 5.7737
269.586 24.9744 5.77426 0.138915 269.64 25.037 5.7737
269.646 24.7883 5.78342 0.296561 269.64 25.037 5.7737
269.646 24.7883 5.78342 0.296561 269.64 25.037 5.7737
269.864 24.6946 5.77276 0.0422781 269.64 25.037 5.7737
269.864 24.6946 5.77276 0.0422781 269.64 25.037 5.7737
269.646 24.7883 5.78342 0.296561 269.64 25.037 5.7737
269.521 24.9781 5.77726 0.127791 269.64 25.037 5.7737
