60.3886 -53.32 3.89315 0.0312318 60.331 -53.009 3.9026
60.3886 -53.32 3.89315 0.0312318 60.331 -53.009 3.9026
60.3886 -53.32 3.89315 0.0312318 60.331 -53.009 3.9026
60.3882 -53.1875 3.90925 0.00178756 60.331 -53.009 3.9026
60.3114 -53.3601 3.89477 0.0312665 60.331 -53.009 3.9026
60.3886 -53.32 3.89315 0.0312318 60.331 -53.009 3.9026
60.3886 -53.32 3.89315 0.0312318 60.331 -53.009 3.9026
60.5256 -53.2373 3.90687 0.00750366 60.331 -53.009 3.9026
60.189 -53.1165 3.89834 0.00249684 60.331 -53.009 3.9026
60.3114 -53.3601 3.89477 0.0312665 60.331 -53.009 3.9026
60.3886 -53.32 3.89315 0.0312318 60.331 -53.009 3.9026
60.189 -53.1165 3.89834 0.00249684 60.331 -53.009 3.9026
60.3114 -53.3601 3.89477 0.0312665 60.331 -53.009 3.9026
60.3886 -53.32 3.89315 0.0312318 60.331 -53.009 3.9026
60.3886 -53.32 3.89315 0.0312318 60.331 -53.009 3.9026
60.3886 -53.32 3.89315 0.0312318 60.331 -53.009 3.9026
60.5098 -53.0563 3.89716 0.00342058 60.331 -53.009 3.9026
60.1421 -53.2588 3.89998 0.00193638 60.331 -53.009 3.9026
60.3886 -53.32 3.89315 0.0312318 60.331 -53.009 3.9026
60.3886 -53.32 3.89315 0.0312318 60.331 -53.009 3.9026
60.3533 -53.1877 3.90699 0.0045833 60.331 -53.009 3.9026
60.6036 -53.2068 3.90098 0.0107067 60.331 -53.009 3.9026
60.3114 -53.3601 3.89477 0.0312665 60.331 -53.009 3.9026
60.3114 -53.3601 3.89477 0.0312665 60.331 -53.009 3.9026
60.3533 -53.1877 3.90699 0.0045833 60.331 -53.009 3.9026
60.3114 -53.3601 3.89477 0.0312665 60.331 -53.009 3.9026
60.3533 -53.1877 3.90699 0.0045833 60.331 -53.009 3.9026
60.3886 -53.32 3.89315 0.0312318 60.331 -53.009 3.9026
60.3886 -53.32 3.89315 0.0312318 60.331 -53.009 3.9026
60.3114 -53.3601 3.89477 0.0312665 60.331 -53.009 3.9026
60.3114 -53.3601 3.89477 0.0312665 60.331 -53.009 3.9026
60.3886 -53.32 3.89315 0.0312318 60.331 -53.009 3.9026
60.5256 -53.2373 3.90687 0.00750366 60.331 -53.009 3.9026
60.3114 -53.3601 3.89477 0.0312665 60.331 -53.009 3.9026
60.3886 -53.32 3.89315 0.0312318 60.331 -53.009 3.9026
60.3886 -53.32 3.89315 0.0312318 60.331 -53.009 3.9026
60.5098 -53.0563 3.89716 0.00342058 60.331 -53.009 3.9026
60.5098 -53.0563 3.89716 0.00342058 60.331 -53.009 3.9026
60.3114 -53.3601 3.89477 0.0312665 60.331 -53.009 3.9026
60.1771 -53.125 3.89481 0.00191691 60.331 -53.009 3.9026
60.5256 -53.2373 3.90687 0.00750366 60.331 -53.009 3.9026
60.5098 -53.0563 3.89716 0.00342058 60.331 -53.009 3.9026
60.3114 -53.3601 3.89477 0.0312665 60.331 -53.009 3.9026
60.6036 -53.2068 3.90098 0.0107067 60.331 -53.009 3.9026
60.4543 -53.0257 3.90997 0.000479051 60.331 -53.009 3.9026
60.3114 -53.3601 3.89477 0.0312665 60.331 -53.009 3.9026
60.3886 -53.32 3.89315 0.0312318 60.331 -53.009 3.9026
60.3114 -53.3601 3.89477 0.0312665 60.331 -53.009 3.9026
60.3114 -53.3601 3.89477 0.0312665 60.331 -53.009 3.9026
60.5098 -53.0563 3.89716 0.00342058 60.331 -53.009 3.9026
60.2612 -52.9939 3.89792 0.000699088 60.331 -53.009 3.9026
60.3114 -53.3601 3.89477 0.0312665 60.331 -53.009 3.9026
60.6036 -53.2068 3.90098 0.0107067 60.331 -53.009 3.9026
60.3114 -53.3601 3.89477 0.0312665 60.331 -53.009 3.9026
60.2359 -52.9559 3.8973 0.000165144 60.331 -53.009 3.9026
60.6036 -53.2068 3.90098 0.0107067 60.331 -53.009 3.9026
60.4576 -52.9789 3.91089 0.000135731 60.331 -53.009 3.9026
60.5256 -53.2373 3.90687 0.00750366 60.331 -53.009 3.9026
60.3886 -53.32 3.89315 0.0312318 60.331 -53.009 3.9026
60.3114 -53.3601 3.89477 0.0312665 60.331 -53.009 3.9026
60.3533 -53.1877 3.90699 0.0045833 60.331 -53.009 3.9026
60.5098 -53.0563 3.89716 0.00342058 60.331 -53.009 3.9026
60.189 -53.1165 3.89834 0.00249684 60.331 -53.009 3.9026
60.3114 -53.3601 3.89477 0.0312665 60.331 -53.009 3.9026
60.3886 -53.32 3.89315 0.0312318 60.331 -53.009 3.9026
60.3114 -53.3601 3.89477 0.0312665 60.331 -53.009 3.9026
60.2612 -52.9939 3.89792 0.000699088 60.331 -53.009 3.9026
60.3114 -53.3601 3.89477 0.0312665 60.331 -53.009 3.9026
60.5098 -53.0563 3.89716 0.00342058 60.331 -53.009 3.9026
60.6036 -53.2068 3.90098 0.0107067 60.331 -53.009 3.9026
60.6036 -53.2068 3.90098 0.0107067 60.331 -53.009 3.9026
60.5256 -53.2373 3.90687 0.00750366 60.331 -53.009 3.9026
60.3533 -53.1877 3.90699 0.0045833 60.331 -53.009 3.9026
60.3886 -53.32 3.89315 0.0312318 60.331 -53.009 3.9026
60.6036 -53.2068 3.90098 0.0107067 60.331 -53.009 3.9026
60.3886 -53.32 3.89315 0.0312318 60.331 -53.009 3.9026
60.3114 -53.3601 3.89477 0.0312665 60.331 -53.009 3.9026
60.3114 -53.3601 3.89477 0.0312665 60.331 -53.009 3.9026
60.3886 -53.32 3.89315 0.0312318 60.331 -53.009 3.9026
60.5256 -53.2373 3.90687 0.00750366 60.331 -53.009 3.9026
60.5666 -52.9481 3.90413 0.000339435 60.331 -53.009 3.9026
60.3114 -53.3601 3.89477 0.0312665 60.331 -53.009 3.9026
60.6036 -53.2068 3.90098 0.0107067 60.331 -53.009 3.9026
60.3886 -53.32 3.89315 0.0312318 60.331 -53.009 3.9026
60.3886 -53.32 3.89315 0.0312318 60.331 -53.009 3.9026
60.3886 -53.32 3.89315 0.0312318 60.331 -53.009 3.9026
60.3114 -53.3601 3.89477 0.0312665 60.331 -53.009 3.9026
60.3114 -53.3601 3.89477 0.0312665 60.331 -53.009 3.9026
60.3886 -53.32 3.89315 0.0312318 60.331 -53.009 3.9026
60.3886 -53.32 3.89315 0.0312318 60.331 -53.009 3.9026
60.3114 -53.3601 3.89477 0.0312665 60.331 -53.009 3.9026
60.4489 -53.0873 3.91077 0.000627336 60.331 -53.009 3.9026
60.6036 -53.2068 3.90098 0.0107067 60.331 -53.009 3.9026
60.3114 -53.3601 3.89477 0.0312665 60.331 -53.009 3.9026
60.3533 -53.1877 3.90699 0.0045833 60.331 -53.009 3.9026
60.3886 -53.32 3.89315 0.0312318 60.331 -53.009 3.9026
60.3114 -53.3601 3.89477 0.0312665 60.331 -53.009 3.9026
60.5098 -53.0563 3.89716 0.00342058 60.331 -53.009 3.9026
60.189 -53.1165 3.89834 0.00249684 60.331 -53.009 3.9026
60.3886 -53.32 3.89315 0.0312318 60.331 -53.009 3.9026
60.5256 -53.2373 3.90687 0.00750366 60.331 -53.009 3.9026
60.3886 -53.32 3.89315 0.0312318 60.331 -53.009 3.9026
60.3886 -53.32 3.89315 0.0312318 60.331 -53.009 3.9026
60.5098 -53.0563 3.89716 0.00342058 60.331 -53.009 3.9026
60.3886 -53.32 3.89315 0.0312318 60.331 -53.009 3.9026
60.5256 -53.2373 3.90687 0.00750366 60.331 -53.009 3.9026
60.3886 -53.32 3.89315 0.0312318 60.331 -53.009 3.9026
60.3533 -53.1877 3.90699 0.0045833 60.331 -53.009 3.9026
60.3886 -53.32 3.89315 0.0312318 60.331 -53.009 3.9026
60.3114 -53.3601 3.89477 0.0312665 60.331 -53.009 3.9026
60.3533 -53.1877 3.90699 0.0045833 60.331 -53.009 3.9026
60.1771 -53.125 3.89481 0.00191691 60.331 -53.009 3.9026
60.3114 -53.3601 3.89477 0.0312665 60.331 -53.009 3.9026
60.3114 -53.3601 3.89477 0.0312665 60.331 -53.009 3.9026
60.3886 -53.32 3.89315 0.0312318 60.331 -53.009 3.9026
60.3886 -53.32 3.89315 0.0312318 60.331 -53.009 3.9026
60.3886 -53.32 3.89315 0.0312318 60.331 -53.009 3.9026
60.3114 -53.3601 3.89477 0.0312665 60.331 -53.009 3.9026
60.3114 -53.3601 3.89477 0.0312665 60.331 -53.009 3.9026
60.3114 -53.3601 3.89477 0.0312665 60.331 -53.009 3.9026
60.3114 -53.3601 3.89477 0.0312665 60.331 -53.009 3.9026
60.4543 -53.0257 3.90997 0.000479051 60.331 -53.009 3.9026
60.5256 -53.2373 3.90687 0.00750366 60.331 -53.009 3.9026
60.3114 -53.3601 3.89477 0.0312665 60.331 -53.009 3.9026
60.3114 -53.3601 3.89477 0.0312665 60.331 -53.009 3.9026
60.6036 -53.2068 3.90098 0.0107067 60.331 -53.009 3.9026
60.3533 -53.1877 3.90699 0.0045833 60.331 -53.009 3.9026
60.3886 -53.32 3.89315 0.0312318 60.331 -53.009 3.9026
60.3886 -53.32 3.89315 0.0312318 60.331 -53.009 3.9026
60.189 -53.1165 3.89834 0.00249684 60.331 -53.009 3.9026
60.3114 -53.3601 3.89477 0.0312665 60.331 -53.009 3.9026
60.6036 -53.2068 3.90098 0.0107067 60.331 -53.009 3.9026
60.5164 -53.2984 3.91155 0.00035614 60.331 -53.009 3.9026
60.28 -53.0263 3.90078 0.00190084 60.331 -53.009 3.9026
60.3114 -53.3601 3.89477 0.0312665 60.331 -53.009 3.9026
60.3886 -53.32 3.89315 0.0312318 60.331 -53.009 3.9026
60.3886 -53.32 3.89315 0.0312318 60.331 -53.009 3.9026
60.3114 -53.3601 3.89477 0.0312665 60.331 -53.009 3.9026
60.5098 -53.0563 3.89716 0.00342058 60.331 -53.009 3.9026
60.3886 -53.32 3.89315 0.0312318 60.331 -53.009 3.9026
60.3114 -53.3601 3.89477 0.0312665 60.331 -53.009 3.9026
60.6036 -53.2068 3.90098 0.0107067 60.331 -53.009 3.9026
60.3114 -53.3601 3.89477 0.0312665 60.331 -53.009 3.9026
60.6036 -53.2068 3.90098 0.0107067 60.331 -53.009 3.9026
60.5098 -53.0563 3.89716 0.00342058 60.331 -53.009 3.9026
60.3882 -53.1875 3.90925 0.00178756 60.331 -53.009 3.9026
60.3114 -53.3601 3.89477 0.0312665 60.331 -53.009 3.9026
60.6739 -53.0327 3.89827 0.000177693 60.331 -53.009 3.9026
60.3114 -53.3601 3.89477 0.0312665 60.331 -53.009 3.9026
60.189 -53.1165 3.89834 0.00249684 60.331 -53.009 3.9026
60.3886 -53.32 3.89315 0.0312318 60.331 -53.009 3.9026
60.3114 -53.3601 3.89477 0.0312665 60.331 -53.009 3.9026
60.3886 -53.32 3.89315 0.0312318 60.331 -53.009 3.9026
60.3114 -53.3601 3.89477 0.0312665 60.331 -53.009 3.9026
60.6036 -53.2068 3.90098 0.0107067 60.331 -53.009 3.9026
60.5164 -53.2984 3.91155 0.00035614 60.331 -53.009 3.9026
60.5256 -53.2373 3.90687 0.00750366 60.331 -53.009 3.9026
60.3886 -53.32 3.89315 0.0312318 60.331 -53.009 3.9026
60.3886 -53.32 3.89315 0.0312318 60.331 -53.009 3.9026
60.3114 -53.3601 3.89477 0.0312665 60.331 -53.009 3.9026
60.3886 -53.32 3.89315 0.0312318 60.331 -53.009 3.9026
60.3114 -53.3601 3.89477 0.0312665 60.331 -53.009 3.9026
60.3114 -53.3601 3.89477 0.0312665 60.331 -53.009 3.9026
60.3114 -53.3601 3.89477 0.0312665 60.331 -53.009 3.9026
60.5256 -53.2373 3.90687 0.00750366 60.331 -53.009 3.9026
60.3886 -53.32 3.89315 0.0312318 60.331 -53.009 3.9026
60.3114 -53.3601 3.89477 0.0312665 60.331 -53.009 3.9026
60.3886 -53.32 3.89315 0.0312318 60.331 -53.009 3.9026
60.3886 -53.32 3.89315 0.0312318 60.331 -53.009 3.9026
60.3886 -53.32 3.89315 0.0312318 60.331 -53.009 3.9026
60.3886 -53.32 3.89315 0.0312318 60.331 -53.009 3.9026
60.6036 -53.2068 3.90098 0.0107067 60.331 -53.009 3.9026
60.3886 -53.32 3.89315 0.0312318 60.331 -53.009 3.9026
60.3886 -53.32 3.89315 0.0312318 60.331 -53.009 3.9026
60.3886 -53.32 3.89315 0.0312318 60.331 -53.009 3.9026
60.3114 -53.3601 3.89477 0.0312665 60.331 -53.009 3.9026
60.6036 -53.2068 3.90098 0.0107067 60.331 -53.009 3.9026
60.3886 -53.32 3.89315 0.0312318 60.331 -53.009 3.9026
60.3114 -53.3601 3.89477 0.0312665 60.331 -53.009 3.9026
60.3533 -53.1877 3.90699 0.0045833 60.331 -53.009 3.9026
60.3114 -53.3601 3.89477 0.0312665 60.331 -53.009 3.9026
60.3882 -53.1875 3.90925 0.00178756 60.331 -53.009 3.9026
60.3886 -53.32 3.89315 0.0312318 60.331 -53.009 3.9026
60.3114 -53.3601 3.89477 0.0312665 60.331 -53.009 3.9026
60.3886 -53.32 3.89315 0.0312318 60.331 -53.009 3.9026
60.3114 -53.3601 3.89477 0.0312665 60.331 -53.009 3.9026
60.3886 -53.32 3.89315 0.0312318 60.331 -53.009 3.9026
60.28 -53.0263 3.90078 0.00190084 60.331 -53.009 3.9026
60.3114 -53.3601 3.89477 0.0312665 60.331 -53.009 3.9026
60.3886 -53.32 3.89315 0.0312318 60.331 -53.009 3.9026
60.3886 -53.32 3.89315 0.0312318 60.331 -53.009 3.9026
60.6036 -53.2068 3.90098 0.0107067 60.331 -53.009 3.9026
60.3882 -53.1875 3.90925 0.00178756 60.331 -53.009 3.9026
60.3886 -53.32 3.89315 0.0312318 60.331 -53.009 3.9026
60.5256 -53.2373 3.90687 0.00750366 60.331 -53.009 3.9026
60.3886 -53.32 3.89315 0.0312318 60.331 -53.009 3.9026
60.3886 -53.32 3.89315 0.0312318 60.331 -53.009 3.9026
60.3886 -53.32 3.89315 0.0312318 60.331 -53.009 3.9026
60.3533 -53.1877 3.90699 0.0045833 60.331 -53.009 3.9026
60.3114 -53.3601 3.89477 0.0312665 60.331 -53.009 3.9026
