45.9308 11.5567 0.173858 0.0132555 46.093 11.617 0.16699
46.1459 11.4381 0.16265 0.00143975 46.093 11.617 0.16699
45.8857 11.5755 0.169888 0.0299228 46.093 11.617 0.16699
45.8857 11.5755 0.169888 0.0299228 46.093 11.617 0.16699
45.8857 11.5755 0.169888 0.0299228 46.093 11.617 0.16699
45.8857 11.5755 0.169888 0.0299228 46.093 11.617 0.16699
45.8857 11.5755 0.169888 0.0299228 46.093 11.617 0.16699
45.8857 11.5755 0.169888 0.0299228 46.093 11.617 0.16699
45.878 11.4403 0.16407 0.000699434 46.093 11.617 0.16699
45.8857 11.5755 0.169888 0.0299228 46.093 11.617 0.16699
45.7215 11.4685 0.175499 0.000879256 46.093 11.617 0.16699
45.8857 11.5755 0.169888 0.0299228 46.093 11.617 0.16699
45.8857 11.5755 0.169888 0.0299228 46.093 11.617 0.16699
45.8857 11.5755 0.169888 0.0299228 46.093 11.617 0.16699
46.005 11.6027 0.175152 0.00357614 46.093 11.617 0.16699
45.8857 11.5755 0.169888 0.0299228 46.093 11.617 0.16699
45.8857 11.5755 0.169888 0.0299228 46.093 11.617 0.16699
46.1 11.371 0.165464 0.00199028 46.093 11.617 0.16699
45.8857 11.5755 0.169888 0.0299228 46.093 11.617 0.16699
45.8857 11.5755 0.169888 0.0299228 46.093 11.617 0.16699
45.8857 11.5755 0.169888 0.0299228 46.093 11.617 0.16699
45.8857 11.5755 0.169888 0.0299228 46.093 11.617 0.16699
45.9308 11.5567 0.173858 0.0132555 46.093 11.617 0.16699
45.8857 11.5755 0.169888 0.0299228 46.093 11.617 0.16699
45.8857 11.5755 0.169888 0.0299228 46.093 11.617 0.16699
45.9308 11.5567 0.173858 0.0132555 46.093 11.617 0.16699
45.8408 11.5521 0.176081 0.0044766 46.093 11.617 0.16699
46.005 11.6027 0.175152 0.00357614 46.093 11.617 0.16699
45.9308 11.5567 0.173858 0.0132555 46.093 11.617 0.16699
46.1459 11.4381 0.16265 0.00143975 46.093 11.617 0.16699
45.8857 11.5755 0.169888 0.0299228 46.093 11.617 0.16699
46.1459 11.4381 0.16265 0.00143975 46.093 11.617 0.16699
45.8408 11.5521 0.176081 0.0044766 46.093 11.617 0.16699
45.9308 11.5567 0.173858 0.0132555 46.093 11.617 0.16699
45.8857 11.5755 0.169888 0.0299228 46.093 11.617 0.16699
45.9308 11.5567 0.173858 0.0132555 46.093 11.617 0.16699
45.8857 11.5755 0.169888 0.0299228 46.093 11.617 0.16699
46.099 11.6129 0.161943 0.000892622 46.093 11.617 0.16699
46.1 11.371 0.165464 0.00199028 46.093 11.617 0.16699
46.1459 11.4381 0.16265 0.00143975 46.093 11.617 0.16699
46.0211 11.4778 0.174143 0.0016498 46.093 11.617 0.16699
45.9308 11.5567 0.173858 0.0132555 46.093 11.617 0.16699
45.8857 11.5755 0.169888 0.0299228 46.093 11.617 0.16699
45.954 11.4765 0.173432 0.00552414 46.093 11.617 0.16699
45.8857 11.5755 0.169888 0.0299228 46.093 11.617 0.16699
45.8857 11.5755 0.169888 0.0299228 46.093 11.617 0.16699
46.005 11.6027 0.175152 0.00357614 46.093 11.617 0.16699
45.9308 11.5567 0.173858 0.0132555 46.093 11.617 0.16699
45.8408 11.5521 0.176081 0.0044766 46.093 11.617 0.16699
46.005 11.6027 0.175152 0.00357614 46.093 11.617 0.16699
45.8857 11.5755 0.169888 0.0299228 46.093 11.617 0.16699
45.8857 11.5755 0.169888 0.0299228 46.093 11.617 0.16699
45.9308 11.5567 0.173858 0.0132555 46.093 11.617 0.16699
45.8857 11.5755 0.169888 0.0299228 46.093 11.617 0.16699
45.8857 11.5755 0.169888 0.0299228 46.093 11.617 0.16699
45.9308 11.5567 0.173858 0.0132555 46.093 11.617 0.16699
45.8857 11.5755 0.169888 0.0299228 46.093 11.617 0.16699
45.8857 11.5755 0.169888 0.0299228 46.093 11.617 0.16699
45.9308 11.5567 0.173858 0.0132555 46.093 11.617 0.16699
45.9308 11.5567 0.173858 0.0132555 46.093 11.617 0.16699
45.8857 11.5755 0.169888 0.0299228 46.093 11.617 0.16699
45.9308 11.5567 0.173858 0.0132555 46.093 11.617 0.16699
45.9308 11.5567 0.173858 0.0132555 46.093 11.617 0.16699
45.8408 11.5521 0.176081 0.0044766 46.093 11.617 0.16699
46.1 11.371 0.165464 0.00199028 46.093 11.617 0.16699
46.099 11.6129 0.161943 0.000892622 46.093 11.617 0.16699
45.8408 11.5521 0.176081 0.0044766 46.093 11.617 0.16699
46.1459 11.4381 0.16265 0.00143975 46.093 11.617 0.16699
46.1 11.371 0.165464 0.00199028 46.093 11.617 0.16699
45.8857 11.5755 0.169888 0.0299228 46.093 11.617 0.16699
45.8408 11.5521 0.176081 0.0044766 46.093 11.617 0.16699
45.954 11.4765 0.173432 0.00552414 46.093 11.617 0.16699
45.8565 11.8708 0.173324 0.00146675 46.093 11.617 0.16699
45.8857 11.5755 0.169888 0.0299228 46.093 11.617 0.16699
46.0211 11.4778 0.174143 0.0016498 46.093 11.617 0.16699
45.8857 11.5755 0.169888 0.0299228 46.093 11.617 0.16699
45.8857 11.5755 0.169888 0.0299228 46.093 11.617 0.16699
45.9308 11.5567 0.173858 0.0132555 46.093 11.617 0.16699
46.1459 11.4381 0.16265 0.00143975 46.093 11.617 0.16699
45.8857 11.5755 0.169888 0.0299228 46.093 11.617 0.16699
45.8857 11.5755 0.169888 0.0299228 46.093 11.617 0.16699
45.8857 11.5755 0.169888 0.0299228 46.093 11.617 0.16699
45.8857 11.5755 0.169888 0.0299228 46.093 11.617 0.16699
46.005 11.6027 0.175152 0.00357614 46.093 11.617 0.16699
45.8857 11.5755 0.169888 0.0299228 46.093 11.617 0.16699
46.0159 11.3505 0.165588 0.00167097 46.093 11.617 0.16699
45.8408 11.5521 0.176081 0.0044766 46.093 11.617 0.16699
45.954 11.4765 0.173432 0.00552414 46.093 11.617 0.16699
45.954 11.4765 0.173432 0.00552414 46.093 11.617 0.16699
46.0211 11.4778 0.174143 0.0016498 46.093 11.617 0.16699
45.8857 11.5755 0.169888 0.0299228 46.093 11.617 0.16699
45.8857 11.5755 0.169888 0.0299228 46.093 11.617 0.16699
45.9308 11.5567 0.173858 0.0132555 46.093 11.617 0.16699
46.0159 11.3505 0.165588 0.00167097 46.093 11.617 0.16699
45.8565 11.8708 0.173324 0.00146675 46.093 11.617 0.16699
45.8857 11.5755 0.169888 0.0299228 46.093 11.617 0.16699
45.8857 11.5755 0.169888 0.0299228 46.093 11.617 0.16699
46.1 11.371 0.165464 0.00199028 46.093 11.617 0.16699
46.1459 11.4381 0.16265 0.00143975 46.093 11.617 0.16699
45.8857 11.5755 0.169888 0.0299228 46.093 11.617 0.16699
45.8857 11.5755 0.169888 0.0299228 46.093 11.617 0.16699
45.8857 11.5755 0.169888 0.0299228 46.093 11.617 0.16699
45.8857 11.5755 0.169888 0.0299228 46.093 11.617 0.16699
45.954 11.4765 0.173432 0.00552414 46.093 11.617 0.16699
45.8857 11.5755 0.169888 0.0299228 46.093 11.617 0.16699
46.0159 11.3505 0.165588 0.00167097 46.093 11.617 0.16699
46.005 11.6027 0.175152 0.00357614 46.093 11.617 0.16699
46.0063 11.7152 0.17742 0.000485517 46.093 11.617 0.16699
45.8857 11.5755 0.169888 0.0299228 46.093 11.617 0.16699
45.8857 11.5755 0.169888 0.0299228 46.093 11.617 0.16699
45.8857 11.5755 0.169888 0.0299228 46.093 11.617 0.16699
45.8857 11.5755 0.169888 0.0299228 46.093 11.617 0.16699
45.8408 11.5521 0.176081 0.0044766 46.093 11.617 0.16699
45.8857 11.5755 0.169888 0.0299228 46.093 11.617 0.16699
45.9308 11.5567 0.173858 0.0132555 46.093 11.617 0.16699
45.9308 11.5567 0.173858 0.0132555 46.093 11.617 0.16699
45.9308 11.5567 0.173858 0.0132555 46.093 11.617 0.16699
45.9308 11.5567 0.173858 0.0132555 46.093 11.617 0.16699
45.8857 11.5755 0.169888 0.0299228 46.093 11.617 0.16699
45.954 11.4765 0.173432 0.00552414 46.093 11.617 0.16699
45.8857 11.5755 0.169888 0.0299228 46.093 11.617 0.16699
45.7215 11.4685 0.175499 0.000879256 46.093 11.617 0.16699
45.8857 11.5755 0.169888 0.0299228 46.093 11.617 0.16699
45.8857 11.5755 0.169888 0.0299228 46.093 11.617 0.16699
45.8857 11.5755 0.169888 0.0299228 46.093 11.617 0.16699
46.005 11.6027 0.175152 0.00357614 46.093 11.617 0.16699
46.099 11.6129 0.161943 0.000892622 46.093 11.617 0.16699
46.0159 11.3505 0.165588 0.00167097 46.093 11.617 0.16699
45.954 11.4765 0.173432 0.00552414 46.093 11.617 0.16699
45.8408 11.5521 0.176081 0.0044766 46.093 11.617 0.16699
45.954 11.4765 0.173432 0.00552414 46.093 11.617 0.16699
45.8857 11.5755 0.169888 0.0299228 46.093 11.617 0.16699
45.8857 11.5755 0.169888 0.0299228 46.093 11.617 0.16699
45.8857 11.5755 0.169888 0.0299228 46.093 11.617 0.16699
45.9308 11.5567 0.173858 0.0132555 46.093 11.617 0.16699
45.8857 11.5755 0.169888 0.0299228 46.093 11.617 0.16699
45.8408 11.5521 0.176081 0.0044766 46.093 11.617 0.16699
45.8857 11.5755 0.169888 0.0299228 46.093 11.617 0.16699
45.8221 11.3402 0.170281 0.000582918 46.093 11.617 0.16699
45.8857 11.5755 0.169888 0.0299228 46.093 11.617 0.16699
45.9308 11.5567 0.173858 0.0132555 46.093 11.617 0.16699
45.9308 11.5567 0.173858 0.0132555 46.093 11.617 0.16699
45.8857 11.5755 0.169888 0.0299228 46.093 11.617 0.16699
45.9308 11.5567 0.173858 0.0132555 46.093 11.617 0.16699
45.9308 11.5567 0.173858 0.0132555 46.093 11.617 0.16699
45.8408 11.5521 0.176081 0.0044766 46.093 11.617 0.16699
45.8408 11.5521 0.176081 0.0044766 46.093 11.617 0.16699
45.8857 11.5755 0.169888 0.0299228 46.093 11.617 0.16699
45.8021 11.5354 0.166316 0.00164503 46.093 11.617 0.16699
45.9308 11.5567 0.173858 0.0132555 46.093 11.617 0.16699
45.9218 11.6586 0.163378 0.000547535 46.093 11.617 0.16699
45.8408 11.5521 0.176081 0.0044766 46.093 11.617 0.16699
45.8857 11.5755 0.169888 0.0299228 46.093 11.617 0.16699
45.8857 11.5755 0.169888 0.0299228 46.093 11.617 0.16699
45.9308 11.5567 0.173858 0.0132555 46.093 11.617 0.16699
45.8857 11.5755 0.169888 0.0299228 46.093 11.617 0.16699
45.8857 11.5755 0.169888 0.0299228 46.093 11.617 0.16699
45.8857 11.5755 0.169888 0.0299228 46.093 11.617 0.16699
45.8857 11.5755 0.169888 0.0299228 46.093 11.617 0.16699
45.8857 11.5755 0.169888 0.0299228 46.093 11.617 0.16699
46.005 11.6027 0.175152 0.00357614 46.093 11.617 0.16699
45.9308 11.5567 0.173858 0.0132555 46.093 11.617 0.16699
45.8857 11.5755 0.169888 0.0299228 46.093 11.617 0.16699
45.9308 11.5567 0.173858 0.0132555 46.093 11.617 0.16699
46.0063 11.7152 0.17742 0.000485517 46.093 11.617 0.16699
46.1762 11.2799 0.161786 6.2851e-05 46.093 11.617 0.16699
45.8857 11.5755 0.169888 0.0299228 46.093 11.617 0.16699
45.8857 11.5755 0.169888 0.0299228 46.093 11.617 0.16699
45.8857 11.5755 0.169888 0.0299228 46.093 11.617 0.16699
46.005 11.6027 0.175152 0.00357614 46.093 11.617 0.16699
45.9308 11.5567 0.173858 0.0132555 46.093 11.617 0.16699
45.8857 11.5755 0.169888 0.0299228 46.093 11.617 0.16699
45.8857 11.5755 0.169888 0.0299228 46.093 11.617 0.16699
45.8857 11.5755 0.169888 0.0299228 46.093 11.617 0.16699
45.8857 11.5755 0.169888 0.0299228 46.093 11.617 0.16699
45.8857 11.5755 0.169888 0.0299228 46.093 11.617 0.16699
45.8857 11.5755 0.169888 0.0299228 46.093 11.617 0.16699
45.8857 11.5755 0.169888 0.0299228 46.093 11.617 0.16699
46.099 11.6129 0.161943 0.000892622 46.093 11.617 0.16699
45.954 11.4765 0.173432 0.00552414 46.093 11.617 0.16699
46.1762 11.2799 0.161786 6.2851e-05 46.093 11.617 0.16699
45.9308 11.5567 0.173858 0.0132555 46.093 11.617 0.16699
45.8857 11.5755 0.169888 0.0299228 46.093 11.617 0.16699
45.8408 11.5521 0.176081 0.0044766 46.093 11.617 0.16699
45.878 11.4403 0.16407 0.000699434 46.093 11.617 0.16699
45.8857 11.5755 0.169888 0.0299228 46.093 11.617 0.16699
45.9308 11.5567 0.173858 0.0132555 46.093 11.617 0.16699
45.8857 11.5755 0.169888 0.0299228 46.093 11.617 0.16699
45.954 11.4765 0.173432 0.00552414 46.093 11.617 0.16699
46.005 11.6027 0.175152 0.00357614 46.093 11.617 0.16699
46.1762 11.2799 0.161786 6.2851e-05 46.093 11.617 0.16699
45.9308 11.5567 0.173858 0.0132555 46.093 11.617 0.16699
45.954 11.4765 0.173432 0.00552414 46.093 11.617 0.16699
45.8565 11.8708 0.173324 0.00146675 46.093 11.617 0.16699
45.8408 11.5521 0.176081 0.0044766 46.093 11.617 0.16699
46.005 11.6027 0.175152 0.00357614 46.093 11.617 0.16699
45.8857 11.5755 0.169888 0.0299228 46.093 11.617 0.16699
45.9218 11.6586 0.163378 0.000547535 46.093 11.617 0.16699
45.8857 11.5755 0.169888 0.0299228 46.093 11.617 0.16699
46.1459 11.4381 0.16265 0.00143975 46.093 11.617 0.16699
