23.6965 -87.6533 3.76036 0.0042426 23.585 -87.652 3.7571
23.7134 -87.5737 3.76666 0.00162023 23.585 -87.652 3.7571
23.8442 -87.5349 3.76127 0.000509187 23.585 -87.652 3.7571
23.5773 -87.6677 3.75579 0.00324384 23.585 -87.652 3.7571
23.6265 -87.465 3.76542 0.0025293 23.585 -87.652 3.7571
23.5773 -87.6677 3.75579 0.00324384 23.585 -87.652 3.7571
23.7134 -87.5737 3.76666 0.00162023 23.585 -87.652 3.7571
23.7024 -87.6242 3.76485 0.00352584 23.585 -87.652 3.7571
23.6265 -87.465 3.76542 0.0025293 23.585 -87.652 3.7571
23.6517 -87.4477 3.76483 0.00294728 23.585 -87.652 3.7571
23.6625 -87.5691 3.75954 0.00910316 23.585 -87.652 3.7571
23.7234 -87.5682 3.76083 0.00487527 23.585 -87.652 3.7571
23.7534 -87.6846 3.7639 0.00177412 23.585 -87.652 3.7571
23.5545 -87.4576 3.75633 0.01149 23.585 -87.652 3.7571
23.7534 -87.6846 3.7639 0.00177412 23.585 -87.652 3.7571
23.6965 -87.6533 3.76036 0.0042426 23.585 -87.652 3.7571
23.6265 -87.465 3.76542 0.0025293 23.585 -87.652 3.7571
23.6625 -87.5691 3.75954 0.00910316 23.585 -87.652 3.7571
23.833 -87.6857 3.76337 0.000501458 23.585 -87.652 3.7571
23.5183 -87.365 3.75224 0.000960319 23.585 -87.652 3.7571
23.6517 -87.4477 3.76483 0.00294728 23.585 -87.652 3.7571
23.7234 -87.5682 3.76083 0.00487527 23.585 -87.652 3.7571
23.7234 -87.5682 3.76083 0.00487527 23.585 -87.652 3.7571
23.7134 -87.5737 3.76666 0.00162023 23.585 -87.652 3.7571
23.6625 -87.5691 3.75954 0.00910316 23.585 -87.652 3.7571
23.6625 -87.5691 3.75954 0.00910316 23.585 -87.652 3.7571
23.5773 -87.6677 3.75579 0.00324384 23.585 -87.652 3.7571
23.6625 -87.5691 3.75954 0.00910316 23.585 -87.652 3.7571
23.7134 -87.5737 3.76666 0.00162023 23.585 -87.652 3.7571
23.6968 -87.4964 3.76624 0.00172585 23.585 -87.652 3.7571
23.7234 -87.5682 3.76083 0.00487527 23.585 -87.652 3.7571
23.7024 -87.6242 3.76485 0.00352584 23.585 -87.652 3.7571
23.6625 -87.5691 3.75954 0.00910316 23.585 -87.652 3.7571
23.7024 -87.6242 3.76485 0.00352584 23.585 -87.652 3.7571
23.833 -87.6857 3.76337 0.000501458 23.585 -87.652 3.7571
23.5773 -87.6677 3.75579 0.00324384 23.585 -87.652 3.7571
23.4618 -87.9127 3.76093 9.65656e-05 23.585 -87.652 3.7571
23.6965 -87.6533 3.76036 0.0042426 23.585 -87.652 3.7571
23.4696 -87.2398 3.75673 0.00121206 23.585 -87.652 3.7571
23.4696 -87.2398 3.75673 0.00121206 23.585 -87.652 3.7571
23.6517 -87.4477 3.76483 0.00294728 23.585 -87.652 3.7571
23.6625 -87.5691 3.75954 0.00910316 23.585 -87.652 3.7571
23.6625 -87.5691 3.75954 0.00910316 23.585 -87.652 3.7571
23.7024 -87.6242 3.76485 0.00352584 23.585 -87.652 3.7571
23.5545 -87.4576 3.75633 0.01149 23.585 -87.652 3.7571
23.6625 -87.5691 3.75954 0.00910316 23.585 -87.652 3.7571
23.6625 -87.5691 3.75954 0.00910316 23.585 -87.652 3.7571
23.4274 -87.4468 3.76567 0.000334589 23.585 -87.652 3.7571
23.6965 -87.6533 3.76036 0.0042426 23.585 -87.652 3.7571
23.6625 -87.5691 3.75954 0.00910316 23.585 -87.652 3.7571
23.7234 -87.5682 3.76083 0.00487527 23.585 -87.652 3.7571
23.6625 -87.5691 3.75954 0.00910316 23.585 -87.652 3.7571
23.6965 -87.6533 3.76036 0.0042426 23.585 -87.652 3.7571
23.7142 -87.4744 3.76114 0.00486272 23.585 -87.652 3.7571
23.7322 -87.8432 3.76212 0.000176732 23.585 -87.652 3.7571
23.6625 -87.5691 3.75954 0.00910316 23.585 -87.652 3.7571
23.7826 -87.4512 3.7665 0.000589044 23.585 -87.652 3.7571
23.6625 -87.5691 3.75954 0.00910316 23.585 -87.652 3.7571
23.7439 -87.4202 3.76603 0.000745673 23.585 -87.652 3.7571
23.7142 -87.4744 3.76114 0.00486272 23.585 -87.652 3.7571
23.6625 -87.5691 3.75954 0.00910316 23.585 -87.652 3.7571
23.4696 -87.2398 3.75673 0.00121206 23.585 -87.652 3.7571
23.7142 -87.4744 3.76114 0.00486272 23.585 -87.652 3.7571
23.7534 -87.6846 3.7639 0.00177412 23.585 -87.652 3.7571
23.7234 -87.5682 3.76083 0.00487527 23.585 -87.652 3.7571
23.8519 -87.4651 3.76667 0.000264236 23.585 -87.652 3.7571
23.7142 -87.4744 3.76114 0.00486272 23.585 -87.652 3.7571
23.833 -87.6857 3.76337 0.000501458 23.585 -87.652 3.7571
23.6965 -87.6533 3.76036 0.0042426 23.585 -87.652 3.7571
23.6625 -87.5691 3.75954 0.00910316 23.585 -87.652 3.7571
23.6625 -87.5691 3.75954 0.00910316 23.585 -87.652 3.7571
23.5545 -87.4576 3.75633 0.01149 23.585 -87.652 3.7571
23.5545 -87.4576 3.75633 0.01149 23.585 -87.652 3.7571
23.6517 -87.4477 3.76483 0.00294728 23.585 -87.652 3.7571
23.833 -87.6857 3.76337 0.000501458 23.585 -87.652 3.7571
23.6968 -87.4964 3.76624 0.00172585 23.585 -87.652 3.7571
23.4274 -87.4468 3.76567 0.000334589 23.585 -87.652 3.7571
23.5773 -87.6677 3.75579 0.00324384 23.585 -87.652 3.7571
23.5773 -87.6677 3.75579 0.00324384 23.585 -87.652 3.7571
23.6965 -87.6533 3.76036 0.0042426 23.585 -87.652 3.7571
23.5545 -87.4576 3.75633 0.01149 23.585 -87.652 3.7571
23.7142 -87.4744 3.76114 0.00486272 23.585 -87.652 3.7571
23.7234 -87.5682 3.76083 0.00487527 23.585 -87.652 3.7571
23.6965 -87.6533 3.76036 0.0042426 23.585 -87.652 3.7571
23.5545 -87.4576 3.75633 0.01149 23.585 -87.652 3.7571
23.6625 -87.5691 3.75954 0.00910316 23.585 -87.652 3.7571
23.4696 -87.2398 3.75673 0.00121206 23.585 -87.652 3.7571
23.6965 -87.6533 3.76036 0.0042426 23.585 -87.652 3.7571
23.6265 -87.465 3.76542 0.0025293 23.585 -87.652 3.7571
23.4117 -87.372 3.74838 0.000149313 23.585 -87.652 3.7571
23.5545 -87.4576 3.75633 0.01149 23.585 -87.652 3.7571
23.6519 -87.5265 3.77214 5.82884e-06 23.585 -87.652 3.7571
23.6625 -87.5691 3.75954 0.00910316 23.585 -87.652 3.7571
23.7234 -87.5682 3.76083 0.00487527 23.585 -87.652 3.7571
23.7234 -87.5682 3.76083 0.00487527 23.585 -87.652 3.7571
23.5545 -87.4576 3.75633 0.01149 23.585 -87.652 3.7571
23.6625 -87.5691 3.75954 0.00910316 23.585 -87.652 3.7571
23.6517 -87.4477 3.76483 0.00294728 23.585 -87.652 3.7571
23.5621 -87.2623 3.76196 0.000676769 23.585 -87.652 3.7571
23.7142 -87.4744 3.76114 0.00486272 23.585 -87.652 3.7571
23.6625 -87.5691 3.75954 0.00910316 23.585 -87.652 3.7571
23.5773 -87.6677 3.75579 0.00324384 23.585 -87.652 3.7571
23.7369 -87.3954 3.75661 0.000373706 23.585 -87.652 3.7571
23.5545 -87.4576 3.75633 0.01149 23.585 -87.652 3.7571
23.6965 -87.6533 3.76036 0.0042426 23.585 -87.652 3.7571
23.5545 -87.4576 3.75633 0.01149 23.585 -87.652 3.7571
23.6965 -87.6533 3.76036 0.0042426 23.585 -87.652 3.7571
23.5545 -87.4576 3.75633 0.01149 23.585 -87.652 3.7571
23.6265 -87.465 3.76542 0.0025293 23.585 -87.652 3.7571
23.6965 -87.6533 3.76036 0.0042426 23.585 -87.652 3.7571
23.6965 -87.6533 3.76036 0.0042426 23.585 -87.652 3.7571
23.6625 -87.5691 3.75954 0.00910316 23.585 -87.652 3.7571
23.7142 -87.4744 3.76114 0.00486272 23.585 -87.652 3.7571
23.5701 -87.3734 3.75178 0.000295142 23.585 -87.652 3.7571
23.7826 -87.4512 3.7665 0.000589044 23.585 -87.652 3.7571
23.6265 -87.465 3.76542 0.0025293 23.585 -87.652 3.7571
23.7049 -87.6849 3.75581 0.000269716 23.585 -87.652 3.7571
23.4696 -87.2398 3.75673 0.00121206 23.585 -87.652 3.7571
23.6265 -87.465 3.76542 0.0025293 23.585 -87.652 3.7571
23.5545 -87.4576 3.75633 0.01149 23.585 -87.652 3.7571
23.7439 -87.4202 3.76603 0.000745673 23.585 -87.652 3.7571
23.5773 -87.6677 3.75579 0.00324384 23.585 -87.652 3.7571
23.7826 -87.4512 3.7665 0.000589044 23.585 -87.652 3.7571
23.7234 -87.5682 3.76083 0.00487527 23.585 -87.652 3.7571
23.7234 -87.5682 3.76083 0.00487527 23.585 -87.652 3.7571
23.8067 -87.7145 3.7658 0.000478625 23.585 -87.652 3.7571
23.7134 -87.5737 3.76666 0.00162023 23.585 -87.652 3.7571
23.6625 -87.5691 3.75954 0.00910316 23.585 -87.652 3.7571
23.6965 -87.6533 3.76036 0.0042426 23.585 -87.652 3.7571
23.5545 -87.4576 3.75633 0.01149 23.585 -87.652 3.7571
23.5545 -87.4576 3.75633 0.01149 23.585 -87.652 3.7571
23.662 -87.2901 3.75444 0.000123027 23.585 -87.652 3.7571
23.7142 -87.4744 3.76114 0.00486272 23.585 -87.652 3.7571
23.5773 -87.6677 3.75579 0.00324384 23.585 -87.652 3.7571
23.6968 -87.4964 3.76624 0.00172585 23.585 -87.652 3.7571
23.6965 -87.6533 3.76036 0.0042426 23.585 -87.652 3.7571
23.4696 -87.2398 3.75673 0.00121206 23.585 -87.652 3.7571
23.5545 -87.4576 3.75633 0.01149 23.585 -87.652 3.7571
23.7439 -87.4202 3.76603 0.000745673 23.585 -87.652 3.7571
23.5621 -87.2623 3.76196 0.000676769 23.585 -87.652 3.7571
23.6517 -87.4477 3.76483 0.00294728 23.585 -87.652 3.7571
23.7534 -87.6846 3.7639 0.00177412 23.585 -87.652 3.7571
23.6265 -87.465 3.76542 0.0025293 23.585 -87.652 3.7571
23.6968 -87.4964 3.76624 0.00172585 23.585 -87.652 3.7571
23.6968 -87.4964 3.76624 0.00172585 23.585 -87.652 3.7571
23.6965 -87.6533 3.76036 0.0042426 23.585 -87.652 3.7571
23.8895 -87.3806 3.76458 8.04556e-05 23.585 -87.652 3.7571
23.6265 -87.465 3.76542 0.0025293 23.585 -87.652 3.7571
23.7234 -87.5682 3.76083 0.00487527 23.585 -87.652 3.7571
23.5545 -87.4576 3.75633 0.01149 23.585 -87.652 3.7571
23.6265 -87.465 3.76542 0.0025293 23.585 -87.652 3.7571
23.5545 -87.4576 3.75633 0.01149 23.585 -87.652 3.7571
23.6625 -87.5691 3.75954 0.00910316 23.585 -87.652 3.7571
23.6965 -87.6533 3.76036 0.0042426 23.585 -87.652 3.7571
23.6625 -87.5691 3.75954 0.00910316 23.585 -87.652 3.7571
23.5545 -87.4576 3.75633 0.01149 23.585 -87.652 3.7571
23.7234 -87.5682 3.76083 0.00487527 23.585 -87.652 3.7571
23.7234 -87.5682 3.76083 0.00487527 23.585 -87.652 3.7571
23.5621 -87.2623 3.76196 0.000676769 23.585 -87.652 3.7571
23.5545 -87.4576 3.75633 0.01149 23.585 -87.652 3.7571
23.5545 -87.4576 3.75633 0.01149 23.585 -87.652 3.7571
23.8442 -87.5349 3.76127 0.000509187 23.585 -87.652 3.7571
23.4696 -87.2398 3.75673 0.00121206 23.585 -87.652 3.7571
23.6625 -87.5691 3.75954 0.00910316 23.585 -87.652 3.7571
23.6265 -87.465 3.76542 0.0025293 23.585 -87.652 3.7571
23.7534 -87.6846 3.7639 0.00177412 23.585 -87.652 3.7571
23.5545 -87.4576 3.75633 0.01149 23.585 -87.652 3.7571
23.7024 -87.6242 3.76485 0.00352584 23.585 -87.652 3.7571
23.5545 -87.4576 3.75633 0.01149 23.585 -87.652 3.7571
23.5183 -87.365 3.75224 0.000960319 23.585 -87.652 3.7571
23.6517 -87.4477 3.76483 0.00294728 23.585 -87.652 3.7571
23.5545 -87.4576 3.75633 0.01149 23.585 -87.652 3.7571
23.5545 -87.4576 3.75633 0.01149 23.585 -87.652 3.7571
23.7024 -87.6242 3.76485 0.00352584 23.585 -87.652 3.7571
23.7142 -87.4744 3.76114 0.00486272 23.585 -87.652 3.7571
23.7024 -87.6242 3.76485 0.00352584 23.585 -87.652 3.7571
23.5545 -87.4576 3.75633 0.01149 23.585 -87.652 3.7571
23.7142 -87.4744 3.76114 0.00486272 23.585 -87.652 3.7571
23.6517 -87.4477 3.76483 0.00294728 23.585 -87.652 3.7571
23.6965 -87.6533 3.76036 0.0042426 23.585 -87.652 3.7571
23.6965 -87.6533 3.76036 0.0042426 23.585 -87.652 3.7571
23.5773 -87.6677 3.75579 0.00324384 23.585 -87.652 3.7571
23.6968 -87.4964 3.76624 0.00172585 23.585 -87.652 3.7571
23.6965 -87.6533 3.76036 0.0042426 23.585 -87.652 3.7571
23.5545 -87.4576 3.75633 0.01149 23.585 -87.652 3.7571
23.6625 -87.5691 3.75954 0.00910316 23.585 -87.652 3.7571
23.5183 -87.365 3.75224 0.000960319 23.585 -87.652 3.7571
23.6625 -87.5691 3.75954 0.00910316 23.585 -87.652 3.7571
23.6625 -87.5691 3.75954 0.00910316 23.585 -87.652 3.7571
23.7142 -87.4744 3.76114 0.00486272 23.585 -87.652 3.7571
23.5545 -87.4576 3.75633 0.01149 23.585 -87.652 3.7571
23.7142 -87.4744 3.76114 0.00486272 23.585 -87.652 3.7571
23.7234 -87.5682 3.76083 0.00487527 23.585 -87.652 3.7571
23.5773 -87.6677 3.75579 0.00324384 23.585 -87.652 3.7571
23.7234 -87.5682 3.76083 0.00487527 23.585 -87.652 3.7571
23.6517 -87.4477 3.76483 0.00294728 23.585 -87.652 3.7571
23.7534 -87.6846 3.7639 0.00177412 23.585 -87.652 3.7571
23.1652 -87.6986 3.75503 0.000674942 23.585 -87.652 3.7571
23.6965 -87.6533 3.76036 0.0042426 23.585 -87.652 3.7571
23.5545 -87.4576 3.75633 0.01149 23.585 -87.652 3.7571
