229.966 27.8436 0.0785393 0.0712756 229.87 27.782 0.071518
230.05 27.9266 0.0795731 0.0838369 229.87 27.782 0.071518
230.1 28.1468 0.0750038 0.00631868 229.87 27.782 0.071518
229.878 27.9251 0.0760064 0.0163203 229.87 27.782 0.071518
229.966 27.8436 0.0785393 0.0712756 229.87 27.782 0.071518
229.966 27.8436 0.0785393 0.0712756 229.87 27.782 0.071518
230.05 27.9266 0.0795731 0.0838369 229.87 27.782 0.071518
230.05 27.9266 0.0795731 0.0838369 229.87 27.782 0.071518
229.966 27.8436 0.0785393 0.0712756 229.87 27.782 0.071518
229.966 27.8436 0.0785393 0.0712756 229.87 27.782 0.071518
229.966 27.8436 0.0785393 0.0712756 229.87 27.782 0.071518
230.05 27.9266 0.0795731 0.0838369 229.87 27.782 0.071518
229.878 27.9251 0.0760064 0.0163203 229.87 27.782 0.071518
230.094 27.9282 0.0703802 0.00373871 229.87 27.782 0.071518
229.878 27.9251 0.0760064 0.0163203 229.87 27.782 0.071518
230.05 27.9266 0.0795731 0.0838369 229.87 27.782 0.071518
229.886 27.8274 0.0821358 0.0259953 229.87 27.782 0.071518
230.038 27.8718 0.073186 0.018221 229.87 27.782 0.071518
230.01 27.7051 0.079775 0.0236214 229.87 27.782 0.071518
229.942 27.9505 0.0798734 0.0517737 229.87 27.782 0.071518
229.848 27.8426 0.0762873 0.00869192 229.87 27.782 0.071518
230.01 27.7051 0.079775 0.0236214 229.87 27.782 0.071518
230.206 27.937 0.0796192 0.0202906 229.87 27.782 0.071518
230.091 27.6148 0.0807485 0.00347661 229.87 27.782 0.071518
229.966 27.8436 0.0785393 0.0712756 229.87 27.782 0.071518
230.05 27.9266 0.0795731 0.0838369 229.87 27.782 0.071518
230.05 27.9266 0.0795731 0.0838369 229.87 27.782 0.071518
229.835 28.0937 0.0776101 0.00246148 229.87 27.782 0.071518
229.966 27.8436 0.0785393 0.0712756 229.87 27.782 0.071518
230.091 27.6148 0.0807485 0.00347661 229.87 27.782 0.071518
230.17 28.1042 0.0772743 0.00834952 229.87 27.782 0.071518
229.878 27.9251 0.0760064 0.0163203 229.87 27.782 0.071518
229.966 27.8436 0.0785393 0.0712756 229.87 27.782 0.071518
230.01 27.7051 0.079775 0.0236214 229.87 27.782 0.071518
229.966 27.8436 0.0785393 0.0712756 229.87 27.782 0.071518
229.942 27.9505 0.0798734 0.0517737 229.87 27.782 0.071518
229.942 27.9505 0.0798734 0.0517737 229.87 27.782 0.071518
229.942 27.9505 0.0798734 0.0517737 229.87 27.782 0.071518
230.206 27.937 0.0796192 0.0202906 229.87 27.782 0.071518
230.038 27.8718 0.073186 0.018221 229.87 27.782 0.071518
229.966 27.8436 0.0785393 0.0712756 229.87 27.782 0.071518
229.9 27.7163 0.0769409 0.00616411 229.87 27.782 0.071518
230.05 27.9266 0.0795731 0.0838369 229.87 27.782 0.071518
229.966 27.8436 0.0785393 0.0712756 229.87 27.782 0.071518
229.942 27.9505 0.0798734 0.0517737 229.87 27.782 0.071518
230.206 27.937 0.0796192 0.0202906 229.87 27.782 0.071518
230.05 27.9266 0.0795731 0.0838369 229.87 27.782 0.071518
230.05 27.9266 0.0795731 0.0838369 229.87 27.782 0.071518
229.9 27.7163 0.0769409 0.00616411 229.87 27.782 0.071518
229.878 27.9251 0.0760064 0.0163203 229.87 27.782 0.071518
230.038 27.8718 0.073186 0.018221 229.87 27.782 0.071518
229.921 27.9554 0.0834776 0.0127266 229.87 27.782 0.071518
229.966 27.8436 0.0785393 0.0712756 229.87 27.782 0.071518
229.836 27.9619 0.0816881 0.00969756 229.87 27.782 0.071518
229.836 27.9619 0.0816881 0.00969756 229.87 27.782 0.071518
229.966 27.8436 0.0785393 0.0712756 229.87 27.782 0.071518
229.921 27.9554 0.0834776 0.0127266 229.87 27.782 0.071518
229.942 27.9505 0.0798734 0.0517737 229.87 27.782 0.071518
229.966 27.8436 0.0785393 0.0712756 229.87 27.782 0.071518
230.05 27.9266 0.0795731 0.0838369 229.87 27.782 0.071518
230.091 27.6148 0.0807485 0.00347661 229.87 27.782 0.071518
230.091 27.6909 0.0777978 0.0130591 229.87 27.782 0.071518
229.966 27.8436 0.0785393 0.0712756 229.87 27.782 0.071518
230.206 27.937 0.0796192 0.0202906 229.87 27.782 0.071518
229.886 27.8274 0.0821358 0.0259953 229.87 27.782 0.071518
230.091 27.6909 0.0777978 0.0130591 229.87 27.782 0.071518
230.01 27.7051 0.079775 0.0236214 229.87 27.782 0.071518
229.848 27.8426 0.0762873 0.00869192 229.87 27.782 0.071518
230.01 27.7051 0.079775 0.0236214 229.87 27.782 0.071518
230.038 27.8718 0.073186 0.018221 229.87 27.782 0.071518
229.942 27.9505 0.0798734 0.0517737 229.87 27.782 0.071518
229.966 27.8436 0.0785393 0.0712756 229.87 27.782 0.071518
230.01 27.7051 0.079775 0.0236214 229.87 27.782 0.071518
230.038 27.8718 0.073186 0.018221 229.87 27.782 0.071518
229.942 27.9505 0.0798734 0.0517737 229.87 27.782 0.071518
230.05 27.9266 0.0795731 0.0838369 229.87 27.782 0.071518
230.05 27.9266 0.0795731 0.0838369 229.87 27.782 0.071518
230.038 27.8718 0.073186 0.018221 229.87 27.782 0.071518
229.966 27.8436 0.0785393 0.0712756 229.87 27.782 0.071518
230.01 27.7051 0.079775 0.0236214 229.87 27.782 0.071518
230.091 27.6148 0.0807485 0.00347661 229.87 27.782 0.071518
230.1 28.1468 0.0750038 0.00631868 229.87 27.782 0.071518
229.942 27.9505 0.0798734 0.0517737 229.87 27.782 0.071518
230.091 27.6148 0.0807485 0.00347661 229.87 27.782 0.071518
229.942 27.9505 0.0798734 0.0517737 229.87 27.782 0.071518
229.942 27.9505 0.0798734 0.0517737 229.87 27.782 0.071518
230.038 27.8718 0.073186 0.018221 229.87 27.782 0.071518
230.206 27.937 0.0796192 0.0202906 229.87 27.782 0.071518
230.05 27.9266 0.0795731 0.0838369 229.87 27.782 0.071518
230.094 27.9282 0.0703802 0.00373871 229.87 27.782 0.071518
230.17 28.1042 0.0772743 0.00834952 229.87 27.782 0.071518
230.094 27.9282 0.0703802 0.00373871 229.87 27.782 0.071518
230.091 27.6909 0.0777978 0.0130591 229.87 27.782 0.071518
229.966 27.8436 0.0785393 0.0712756 229.87 27.782 0.071518
229.942 27.9505 0.0798734 0.0517737 229.87 27.782 0.071518
229.966 27.8436 0.0785393 0.0712756 229.87 27.782 0.071518
229.942 27.9505 0.0798734 0.0517737 229.87 27.782 0.071518
230.05 27.9266 0.0795731 0.0838369 229.87 27.782 0.071518
230.05 27.9266 0.0795731 0.0838369 229.87 27.782 0.071518
229.942 27.9505 0.0798734 0.0517737 229.87 27.782 0.071518
229.966 27.8436 0.0785393 0.0712756 229.87 27.782 0.071518
230.206 27.937 0.0796192 0.0202906 229.87 27.782 0.071518
230.038 27.8718 0.073186 0.018221 229.87 27.782 0.071518
229.942 27.9505 0.0798734 0.0517737 229.87 27.782 0.071518
230.05 27.9266 0.0795731 0.0838369 229.87 27.782 0.071518
230.038 27.8718 0.073186 0.018221 229.87 27.782 0.071518
229.966 27.8436 0.0785393 0.0712756 229.87 27.782 0.071518
229.966 27.8436 0.0785393 0.0712756 229.87 27.782 0.071518
229.848 27.8426 0.0762873 0.00869192 229.87 27.782 0.071518
230.05 27.9266 0.0795731 0.0838369 229.87 27.782 0.071518
229.942 27.9505 0.0798734 0.0517737 229.87 27.782 0.071518
230.05 27.9266 0.0795731 0.0838369 229.87 27.782 0.071518
230.038 27.8718 0.073186 0.018221 229.87 27.782 0.071518
230.05 27.9266 0.0795731 0.0838369 229.87 27.782 0.071518
230.091 27.6909 0.0777978 0.0130591 229.87 27.782 0.071518
230.05 27.9266 0.0795731 0.0838369 229.87 27.782 0.071518
230.05 27.9266 0.0795731 0.0838369 229.87 27.782 0.071518
230.17 28.1042 0.0772743 0.00834952 229.87 27.782 0.071518
230.05 27.9266 0.0795731 0.0838369 229.87 27.782 0.071518
229.848 27.8426 0.0762873 0.00869192 229.87 27.782 0.071518
229.966 27.8436 0.0785393 0.0712756 229.87 27.782 0.071518
230.1 28.1468 0.0750038 0.00631868 229.87 27.782 0.071518
229.966 27.8436 0.0785393 0.0712756 229.87 27.782 0.071518
229.878 27.9251 0.0760064 0.0163203 229.87 27.782 0.071518
230.05 27.9266 0.0795731 0.0838369 229.87 27.782 0.071518
229.966 27.8436 0.0785393 0.0712756 229.87 27.782 0.071518
230.091 27.6909 0.0777978 0.0130591 229.87 27.782 0.071518
229.966 27.8436 0.0785393 0.0712756 229.87 27.782 0.071518
229.848 27.8426 0.0762873 0.00869192 229.87 27.782 0.071518
229.886 27.8274 0.0821358 0.0259953 229.87 27.782 0.071518
230.01 27.7051 0.079775 0.0236214 229.87 27.782 0.071518
229.836 27.9619 0.0816881 0.00969756 229.87 27.782 0.071518
229.836 27.9619 0.0816881 0.00969756 229.87 27.782 0.071518
230.05 27.9266 0.0795731 0.0838369 229.87 27.782 0.071518
230.091 27.6909 0.0777978 0.0130591 229.87 27.782 0.071518
230.038 27.8718 0.073186 0.018221 229.87 27.782 0.071518
230.05 27.9266 0.0795731 0.0838369 229.87 27.782 0.071518
230.05 27.9266 0.0795731 0.0838369 229.87 27.782 0.071518
229.966 27.8436 0.0785393 0.0712756 229.87 27.782 0.071518
230.17 28.1042 0.0772743 0.00834952 229.87 27.782 0.071518
229.886 27.8274 0.0821358 0.0259953 229.87 27.782 0.071518
230.17 28.1042 0.0772743 0.00834952 229.87 27.782 0.071518
229.942 27.9505 0.0798734 0.0517737 229.87 27.782 0.071518
230.091 27.6909 0.0777978 0.0130591 229.87 27.782 0.071518
230.17 28.1042 0.0772743 0.00834952 229.87 27.782 0.071518
230.05 27.9266 0.0795731 0.0838369 229.87 27.782 0.071518
230.05 27.9266 0.0795731 0.0838369 229.87 27.782 0.071518
230.01 27.7051 0.079775 0.0236214 229.87 27.782 0.071518
230.1 28.1468 0.0750038 0.00631868 229.87 27.782 0.071518
230.01 27.7051 0.079775 0.0236214 229.87 27.782 0.071518
229.954 27.6501 0.0818066 0.00731933 229.87 27.782 0.071518
230.088 28.1566 0.0697688 0.00060259 229.87 27.782 0.071518
229.966 27.8436 0.0785393 0.0712756 229.87 27.782 0.071518
230.05 27.9266 0.0795731 0.0838369 229.87 27.782 0.071518
230.05 27.9266 0.0795731 0.0838369 229.87 27.782 0.071518
229.966 27.8436 0.0785393 0.0712756 229.87 27.782 0.071518
230.206 27.937 0.0796192 0.0202906 229.87 27.782 0.071518
229.848 27.8426 0.0762873 0.00869192 229.87 27.782 0.071518
230.01 27.7051 0.079775 0.0236214 229.87 27.782 0.071518
230.1 28.1468 0.0750038 0.00631868 229.87 27.782 0.071518
229.954 27.6501 0.0818066 0.00731933 229.87 27.782 0.071518
229.827 27.989 0.0848293 0.00146562 229.87 27.782 0.071518
230.206 27.937 0.0796192 0.0202906 229.87 27.782 0.071518
229.966 27.8436 0.0785393 0.0712756 229.87 27.782 0.071518
230.05 27.9266 0.0795731 0.0838369 229.87 27.782 0.071518
229.942 27.9505 0.0798734 0.0517737 229.87 27.782 0.071518
230.05 27.9266 0.0795731 0.0838369 229.87 27.782 0.071518
230.038 27.8718 0.073186 0.018221 229.87 27.782 0.071518
229.942 27.9505 0.0798734 0.0517737 229.87 27.782 0.071518
229.966 27.8436 0.0785393 0.0712756 229.87 27.782 0.071518
229.966 27.8436 0.0785393 0.0712756 229.87 27.782 0.071518
229.966 27.8436 0.0785393 0.0712756 229.87 27.782 0.071518
230.05 27.9266 0.0795731 0.0838369 229.87 27.782 0.071518
230.05 27.9266 0.0795731 0.0838369 229.87 27.782 0.071518
229.966 27.8436 0.0785393 0.0712756 229.87 27.782 0.071518
229.878 27.9251 0.0760064 0.0163203 229.87 27.782 0.071518
230.17 28.1042 0.0772743 0.00834952 229.87 27.782 0.071518
230.05 27.9266 0.0795731 0.0838369 229.87 27.782 0.071518
230.05 27.9266 0.0795731 0.0838369 229.87 27.782 0.071518
229.966 27.8436 0.0785393 0.0712756 229.87 27.782 0.071518
229.886 27.8274 0.0821358 0.0259953 229.87 27.782 0.071518
229.921 27.9554 0.0834776 0.0127266 229.87 27.782 0.071518
229.966 27.8436 0.0785393 0.0712756 229.87 27.782 0.071518
230.01 27.7051 0.079775 0.0236214 229.87 27.782 0.071518
230.091 27.6909 0.0777978 0.0130591 229.87 27.782 0.071518
229.942 27.9505 0.0798734 0.0517737 229.87 27.782 0.071518
229.878 27.9251 0.0760064 0.0163203 229.87 27.782 0.071518
230.206 27.937 0.0796192 0.0202906 229.87 27.782 0.071518
230.05 27.9266 0.0795731 0.0838369 229.87 27.782 0.071518
229.966 27.8436 0.0785393 0.0712756 229.87 27.782 0.071518
229.921 27.9554 0.0834776 0.0127266 229.87 27.782 0.071518
229.942 27.9505 0.0798734 0.0517737 229.87 27.782 0.071518
229.966 27.8436 0.0785393 0.0712756 229.87 27.782 0.071518
229.966 27.8436 0.0785393 0.0712756 229.87 27.782 0.071518
229.886 27.8274 0.0821358 0.0259953 229.87 27.782 0.071518
229.836 27.9619 0.0816881 0.00969756 229.87 27.782 0.071518
229.966 27.8436 0.0785393 0.0712756 229.87 27.782 0.071518
229.878 27.9251 0.0760064 0.0163203 229.87 27.782 0.071518
229.886 27.8274 0.0821358 0.0259953 229.87 27.782 0.071518
229.886 27.8274 0.0821358 0.0259953 229.87 27.782 0.071518
