31.4453 -80.3733 3.91501 0.0075405 31.412 -80.413 3.9043
31.4454 -80.4832 3.90961 0.183068 31.412 -80.413 3.9043
31.3978 -80.5774 3.91284 0.0791244 31.412 -80.413 3.9043
31.4454 -80.4832 3.90961 0.183068 31.412 -80.413 3.9043
31.4478 -80.5004 3.91213 0.132245 31.412 -80.413 3.9043
31.4454 -80.4832 3.90961 0.183068 31.412 -80.413 3.9043
31.3925 -80.5585 3.90665 0.132598 31.412 -80.413 3.9043
31.4454 -80.4832 3.90961 0.183068 31.412 -80.413 3.9043
31.3925 -80.5585 3.90665 0.132598 31.412 -80.413 3.9043
31.4454 -80.4832 3.90961 0.183068 31.412 -80.413 3.9043
31.2625 -80.6092 3.91174 0.0235793 31.412 -80.413 3.9043
31.3871 -80.5698 3.91112 0.15313 31.412 -80.413 3.9043
31.188 -80.4389 3.90512 0.0464233 31.412 -80.413 3.9043
31.4478 -80.5004 3.91213 0.132245 31.412 -80.413 3.9043
31.4183 -80.6069 3.91193 0.106168 31.412 -80.413 3.9043
31.3925 -80.5585 3.90665 0.132598 31.412 -80.413 3.9043
31.4454 -80.4832 3.90961 0.183068 31.412 -80.413 3.9043
31.3978 -80.5774 3.91284 0.0791244 31.412 -80.413 3.9043
31.4061 -80.5517 3.90546 0.0704381 31.412 -80.413 3.9043
31.2445 -80.5399 3.91002 0.0599884 31.412 -80.413 3.9043
31.4183 -80.6069 3.91193 0.106168 31.412 -80.413 3.9043
31.4454 -80.4832 3.90961 0.183068 31.412 -80.413 3.9043
31.2625 -80.6092 3.91174 0.0235793 31.412 -80.413 3.9043
31.3925 -80.5585 3.90665 0.132598 31.412 -80.413 3.9043
31.3871 -80.5698 3.91112 0.15313 31.412 -80.413 3.9043
31.2445 -80.5399 3.91002 0.0599884 31.412 -80.413 3.9043
31.4454 -80.4832 3.90961 0.183068 31.412 -80.413 3.9043
31.4454 -80.4832 3.90961 0.183068 31.412 -80.413 3.9043
31.4061 -80.5517 3.90546 0.0704381 31.412 -80.413 3.9043
31.3978 -80.5774 3.91284 0.0791244 31.412 -80.413 3.9043
31.4183 -80.6069 3.91193 0.106168 31.412 -80.413 3.9043
31.4454 -80.4832 3.90961 0.183068 31.412 -80.413 3.9043
31.3978 -80.5774 3.91284 0.0791244 31.412 -80.413 3.9043
31.4478 -80.5004 3.91213 0.132245 31.412 -80.413 3.9043
31.4183 -80.6069 3.91193 0.106168 31.412 -80.413 3.9043
31.5307 -80.1582 3.91564 1.54956e-05 31.412 -80.413 3.9043
31.3871 -80.5698 3.91112 0.15313 31.412 -80.413 3.9043
31.195 -80.3945 3.90208 0.0120101 31.412 -80.413 3.9043
31.3925 -80.5585 3.90665 0.132598 31.412 -80.413 3.9043
31.4061 -80.5517 3.90546 0.0704381 31.412 -80.413 3.9043
31.4183 -80.6069 3.91193 0.106168 31.412 -80.413 3.9043
31.4183 -80.6069 3.91193 0.106168 31.412 -80.413 3.9043
31.3925 -80.5585 3.90665 0.132598 31.412 -80.413 3.9043
31.2445 -80.5399 3.91002 0.0599884 31.412 -80.413 3.9043
31.3925 -80.5585 3.90665 0.132598 31.412 -80.413 3.9043
31.4183 -80.6069 3.91193 0.106168 31.412 -80.413 3.9043
31.4454 -80.4832 3.90961 0.183068 31.412 -80.413 3.9043
31.3925 -80.5585 3.90665 0.132598 31.412 -80.413 3.9043
31.3925 -80.5585 3.90665 0.132598 31.412 -80.413 3.9043
31.4478 -80.5004 3.91213 0.132245 31.412 -80.413 3.9043
31.4183 -80.6069 3.91193 0.106168 31.412 -80.413 3.9043
31.3792 -80.3907 3.90463 0.0320888 31.412 -80.413 3.9043
31.4454 -80.4832 3.90961 0.183068 31.412 -80.413 3.9043
31.3871 -80.5698 3.91112 0.15313 31.412 -80.413 3.9043
31.3925 -80.5585 3.90665 0.132598 31.412 -80.413 3.9043
31.2445 -80.5399 3.91002 0.0599884 31.412 -80.413 3.9043
31.4183 -80.6069 3.91193 0.106168 31.412 -80.413 3.9043
31.2625 -80.6092 3.91174 0.0235793 31.412 -80.413 3.9043
31.4284 -80.5773 3.90186 0.00200155 31.412 -80.413 3.9043
31.3871 -80.5698 3.91112 0.15313 31.412 -80.413 3.9043
31.4478 -80.5004 3.91213 0.132245 31.412 -80.413 3.9043
31.3978 -80.5774 3.91284 0.0791244 31.412 -80.413 3.9043
31.3978 -80.5774 3.91284 0.0791244 31.412 -80.413 3.9043
31.42 -80.3547 3.91043 0.0481732 31.412 -80.413 3.9043
31.3871 -80.5698 3.91112 0.15313 31.412 -80.413 3.9043
31.4183 -80.6069 3.91193 0.106168 31.412 -80.413 3.9043
31.3925 -80.5585 3.90665 0.132598 31.412 -80.413 3.9043
31.2445 -80.5399 3.91002 0.0599884 31.412 -80.413 3.9043
31.3871 -80.5698 3.91112 0.15313 31.412 -80.413 3.9043
31.4478 -80.5004 3.91213 0.132245 31.412 -80.413 3.9043
31.4183 -80.6069 3.91193 0.106168 31.412 -80.413 3.9043
31.3871 -80.5698 3.91112 0.15313 31.412 -80.413 3.9043
31.3925 -80.5585 3.90665 0.132598 31.412 -80.413 3.9043
31.3925 -80.5585 3.90665 0.132598 31.412 -80.413 3.9043
31.3925 -80.5585 3.90665 0.132598 31.412 -80.413 3.9043
31.2445 -80.5399 3.91002 0.0599884 31.412 -80.413 3.9043
31.4183 -80.6069 3.91193 0.106168 31.412 -80.413 3.9043
31.3925 -80.5585 3.90665 0.132598 31.412 -80.413 3.9043
31.4478 -80.5004 3.91213 0.132245 31.412 -80.413 3.9043
31.4478 -80.5004 3.91213 0.132245 31.412 -80.413 3.9043
31.4061 -80.5517 3.90546 0.0704381 31.412 -80.413 3.9043
31.2445 -80.5399 3.91002 0.0599884 31.412 -80.413 3.9043
31.4325 -80.4233 3.90154 0.00139765 31.412 -80.413 3.9043
31.3871 -80.5698 3.91112 0.15313 31.412 -80.413 3.9043
31.4454 -80.4832 3.90961 0.183068 31.412 -80.413 3.9043
31.3925 -80.5585 3.90665 0.132598 31.412 -80.413 3.9043
31.3871 -80.5698 3.91112 0.15313 31.412 -80.413 3.9043
31.4454 -80.4832 3.90961 0.183068 31.412 -80.413 3.9043
31.2445 -80.5399 3.91002 0.0599884 31.412 -80.413 3.9043
31.4061 -80.5517 3.90546 0.0704381 31.412 -80.413 3.9043
31.3978 -80.5774 3.91284 0.0791244 31.412 -80.413 3.9043
31.4061 -80.5517 3.90546 0.0704381 31.412 -80.413 3.9043
31.4478 -80.5004 3.91213 0.132245 31.412 -80.413 3.9043
31.4454 -80.4832 3.90961 0.183068 31.412 -80.413 3.9043
31.4061 -80.5517 3.90546 0.0704381 31.412 -80.413 3.9043
31.3871 -80.5698 3.91112 0.15313 31.412 -80.413 3.9043
31.3925 -80.5585 3.90665 0.132598 31.412 -80.413 3.9043
31.4061 -80.5517 3.90546 0.0704381 31.412 -80.413 3.9043
31.3925 -80.5585 3.90665 0.132598 31.412 -80.413 3.9043
31.188 -80.4389 3.90512 0.0464233 31.412 -80.413 3.9043
31.3925 -80.5585 3.90665 0.132598 31.412 -80.413 3.9043
31.4183 -80.6069 3.91193 0.106168 31.412 -80.413 3.9043
31.3978 -80.5774 3.91284 0.0791244 31.412 -80.413 3.9043
31.3925 -80.5585 3.90665 0.132598 31.412 -80.413 3.9043
31.3871 -80.5698 3.91112 0.15313 31.412 -80.413 3.9043
31.42 -80.3547 3.91043 0.0481732 31.412 -80.413 3.9043
31.4478 -80.5004 3.91213 0.132245 31.412 -80.413 3.9043
31.3925 -80.5585 3.90665 0.132598 31.412 -80.413 3.9043
31.42 -80.3547 3.91043 0.0481732 31.412 -80.413 3.9043
31.3925 -80.5585 3.90665 0.132598 31.412 -80.413 3.9043
31.4478 -80.5004 3.91213 0.132245 31.412 -80.413 3.9043
31.4478 -80.5004 3.91213 0.132245 31.412 -80.413 3.9043
31.3871 -80.5698 3.91112 0.15313 31.412 -80.413 3.9043
31.3871 -80.5698 3.91112 0.15313 31.412 -80.413 3.9043
31.4183 -80.6069 3.91193 0.106168 31.412 -80.413 3.9043
31.3871 -80.5698 3.91112 0.15313 31.412 -80.413 3.9043
31.3876 -80.3948 3.90074 0.00103499 31.412 -80.413 3.9043
31.3871 -80.5698 3.91112 0.15313 31.412 -80.413 3.9043
31.3871 -80.5698 3.91112 0.15313 31.412 -80.413 3.9043
31.3978 -80.5774 3.91284 0.0791244 31.412 -80.413 3.9043
31.4061 -80.5517 3.90546 0.0704381 31.412 -80.413 3.9043
31.2625 -80.6092 3.91174 0.0235793 31.412 -80.413 3.9043
31.3925 -80.5585 3.90665 0.132598 31.412 -80.413 3.9043
31.4454 -80.4832 3.90961 0.183068 31.412 -80.413 3.9043
31.2445 -80.5399 3.91002 0.0599884 31.412 -80.413 3.9043
31.4454 -80.4832 3.90961 0.183068 31.412 -80.413 3.9043
31.3871 -80.5698 3.91112 0.15313 31.412 -80.413 3.9043
31.4454 -80.4832 3.90961 0.183068 31.412 -80.413 3.9043
31.4454 -80.4832 3.90961 0.183068 31.412 -80.413 3.9043
31.42 -80.3547 3.91043 0.0481732 31.412 -80.413 3.9043
31.3792 -80.3907 3.90463 0.0320888 31.412 -80.413 3.9043
31.4061 -80.5517 3.90546 0.0704381 31.412 -80.413 3.9043
31.188 -80.4389 3.90512 0.0464233 31.412 -80.413 3.9043
31.188 -80.4389 3.90512 0.0464233 31.412 -80.413 3.9043
31.3925 -80.5585 3.90665 0.132598 31.412 -80.413 3.9043
31.4061 -80.5517 3.90546 0.0704381 31.412 -80.413 3.9043
31.4883 -80.3788 3.90499 0.00773439 31.412 -80.413 3.9043
31.4183 -80.6069 3.91193 0.106168 31.412 -80.413 3.9043
31.3871 -80.5698 3.91112 0.15313 31.412 -80.413 3.9043
31.4454 -80.4832 3.90961 0.183068 31.412 -80.413 3.9043
31.4284 -80.5773 3.90186 0.00200155 31.412 -80.413 3.9043
31.3871 -80.5698 3.91112 0.15313 31.412 -80.413 3.9043
31.4183 -80.6069 3.91193 0.106168 31.412 -80.413 3.9043
31.3871 -80.5698 3.91112 0.15313 31.412 -80.413 3.9043
31.4454 -80.4832 3.90961 0.183068 31.412 -80.413 3.9043
31.4061 -80.5517 3.90546 0.0704381 31.412 -80.413 3.9043
31.3925 -80.5585 3.90665 0.132598 31.412 -80.413 3.9043
31.3978 -80.5774 3.91284 0.0791244 31.412 -80.413 3.9043
31.2445 -80.5399 3.91002 0.0599884 31.412 -80.413 3.9043
31.2625 -80.6092 3.91174 0.0235793 31.412 -80.413 3.9043
31.3871 -80.5698 3.91112 0.15313 31.412 -80.413 3.9043
31.4183 -80.6069 3.91193 0.106168 31.412 -80.413 3.9043
31.3925 -80.5585 3.90665 0.132598 31.412 -80.413 3.9043
31.3871 -80.5698 3.91112 0.15313 31.412 -80.413 3.9043
31.2224 -80.2847 3.90839 0.0050292 31.412 -80.413 3.9043
31.4454 -80.4832 3.90961 0.183068 31.412 -80.413 3.9043
31.3871 -80.5698 3.91112 0.15313 31.412 -80.413 3.9043
31.4478 -80.5004 3.91213 0.132245 31.412 -80.413 3.9043
31.3925 -80.5585 3.90665 0.132598 31.412 -80.413 3.9043
31.3871 -80.5698 3.91112 0.15313 31.412 -80.413 3.9043
31.3925 -80.5585 3.90665 0.132598 31.412 -80.413 3.9043
31.3978 -80.5774 3.91284 0.0791244 31.412 -80.413 3.9043
31.4183 -80.6069 3.91193 0.106168 31.412 -80.413 3.9043
31.2224 -80.2847 3.90839 0.0050292 31.412 -80.413 3.9043
31.4183 -80.6069 3.91193 0.106168 31.412 -80.413 3.9043
31.4183 -80.6069 3.91193 0.106168 31.412 -80.413 3.9043
31.3871 -80.5698 3.91112 0.15313 31.412 -80.413 3.9043
31.2445 -80.5399 3.91002 0.0599884 31.412 -80.413 3.9043
31.4454 -80.4832 3.90961 0.183068 31.412 -80.413 3.9043
31.3978 -80.5774 3.91284 0.0791244 31.412 -80.413 3.9043
31.4454 -80.4832 3.90961 0.183068 31.412 -80.413 3.9043
31.2224 -80.2847 3.90839 0.0050292 31.412 -80.413 3.9043
31.2445 -80.5399 3.91002 0.0599884 31.412 -80.413 3.9043
31.3925 -80.5585 3.90665 0.132598 31.412 -80.413 3.9043
31.4883 -80.3788 3.90499 0.00773439 31.412 -80.413 3.9043
31.3978 -80.5774 3.91284 0.0791244 31.412 -80.413 3.9043
31.3925 -80.5585 3.90665 0.132598 31.412 -80.413 3.9043
31.2445 -80.5399 3.91002 0.0599884 31.412 -80.413 3.9043
31.3871 -80.5698 3.91112 0.15313 31.412 -80.413 3.9043
31.42 -80.3547 3.91043 0.0481732 31.412 -80.413 3.9043
31.3871 -80.5698 3.91112 0.15313 31.412 -80.413 3.9043
31.3978 -80.5774 3.91284 0.0791244 31.412 -80.413 3.9043
31.3925 -80.5585 3.90665 0.132598 31.412 -80.413 3.9043
31.4183 -80.6069 3.91193 0.106168 31.412 -80.413 3.9043
31.3871 -80.5698 3.91112 0.15313 31.412 -80.413 3.9043
31.3925 -80.5585 3.90665 0.132598 31.412 -80.413 3.9043
31.4478 -80.5004 3.91213 0.132245 31.412 -80.413 3.9043
31.4454 -80.4832 3.90961 0.183068 31.412 -80.413 3.9043
31.4183 -80.6069 3.91193 0.106168 31.412 -80.413 3.9043
31.3792 -80.3907 3.90463 0.0320888 31.412 -80.413 3.9043
31.2625 -80.6092 3.91174 0.0235793 31.412 -80.413 3.9043
31.3925 -80.5585 3.90665 0.132598 31.412 -80.413 3.9043
31.3925 -80.5585 3.90665 0.132598 31.412 -80.413 3.9043
31.4454 -80.4832 3.90961 0.183068 31.412 -80.413 3.9043
31.42 -80.3547 3.91043 0.0481732 31.412 -80.413 3.9043
31.3978 -80.5774 3.91284 0.0791244 31.412 -80.413 3.9043
31.3925 -80.5585 3.90665 0.132598 31.412 -80.413 3.9043
31.4454 -80.4832 3.90961 0.183068 31.412 -80.413 3.9043
31.188 -80.4389 3.90512 0.0464233 31.412 -80.413 3.9043
31.3925 -80.5585 3.90665 0.132598 31.412 -80.413 3.9043
