-10.4936 -0.611735 0.488471 0.00280453 -10.471 -0.96902 0.49354
-10.4936 -0.611735 0.488471 0.00280453 -10.471 -0.96902 0.49354
-10.5261 -0.705215 0.496645 0.00145457 -10.471 -0.96902 0.49354
-10.4936 -0.611735 0.488471 0.00280453 -10.471 -0.96902 0.49354
-10.3833 -0.839434 0.49244 0.000777082 -10.471 -0.96902 0.49354
-10.4936 -0.611735 0.488471 0.00280453 -10.471 -0.96902 0.49354
-10.5261 -0.705215 0.496645 0.00145457 -10.471 -0.96902 0.49354
-10.6784 -0.924537 0.49169 3.62193e-05 -10.471 -0.96902 0.49354
-10.7146 -0.870718 0.497726 9.87977e-05 -10.471 -0.96902 0.49354
-10.5261 -0.705215 0.496645 0.00145457 -10.471 -0.96902 0.49354
-10.4936 -0.611735 0.488471 0.00280453 -10.471 -0.96902 0.49354
-10.5261 -0.705215 0.496645 0.00145457 -10.471 -0.96902 0.49354
-10.3585 -0.797092 0.499776 3.40226e-05 -10.471 -0.96902 0.49354
-10.4936 -0.611735 0.488471 0.00280453 -10.471 -0.96902 0.49354
-10.3833 -0.839434 0.49244 0.000777082 -10.471 -0.96902 0.49354
-10.3833 -0.839434 0.49244 0.000777082 -10.471 -0.96902 0.49354
-10.6247 -0.95247 0.491601 4.18256e-05 -10.471 -0.96902 0.49354
-10.4936 -0.611735 0.488471 0.00280453 -10.471 -0.96902 0.49354
-10.4101 -0.710448 0.48321 0.000172374 -10.471 -0.96902 0.49354
-10.5358 -0.552905 0.485565 0.000536779 -10.471 -0.96902 0.49354
-10.4936 -0.611735 0.488471 0.00280453 -10.471 -0.96902 0.49354
-10.4936 -0.611735 0.488471 0.00280453 -10.471 -0.96902 0.49354
-10.3031 -0.775354 0.491322 0.000573701 -10.471 -0.96902 0.49354
-10.5261 -0.705215 0.496645 0.00145457 -10.471 -0.96902 0.49354
-10.5261 -0.705215 0.496645 0.00145457 -10.471 -0.96902 0.49354
-10.5261 -0.705215 0.496645 0.00145457 -10.471 -0.96902 0.49354
-10.6033 -0.891255 0.488335 5.06043e-05 -10.471 -0.96902 0.49354
-10.4936 -0.611735 0.488471 0.00280453 -10.471 -0.96902 0.49354
-10.3833 -0.839434 0.49244 0.000777082 -10.471 -0.96902 0.49354
-10.3833 -0.839434 0.49244 0.000777082 -10.471 -0.96902 0.49354
-10.3833 -0.839434 0.49244 0.000777082 -10.471 -0.96902 0.49354
-10.4936 -0.611735 0.488471 0.00280453 -10.471 -0.96902 0.49354
-10.5261 -0.705215 0.496645 0.00145457 -10.471 -0.96902 0.49354
-10.5261 -0.705215 0.496645 0.00145457 -10.471 -0.96902 0.49354
-10.3031 -0.775354 0.491322 0.000573701 -10.471 -0.96902 0.49354
-10.4936 -0.611735 0.488471 0.00280453 -10.471 -0.96902 0.49354
-10.7512 -0.809425 0.494337 0.000107274 -10.471 -0.96902 0.49354
-10.4936 -0.611735 0.488471 0.00280453 -10.471 -0.96902 0.49354
-10.3833 -0.839434 0.49244 0.000777082 -10.471 -0.96902 0.49354
-10.3833 -0.839434 0.49244 0.000777082 -10.471 -0.96902 0.49354
-10.2509 -0.634207 0.488686 0.000415339 -10.471 -0.96902 0.49354
-10.4936 -0.611735 0.488471 0.00280453 -10.471 -0.96902 0.49354
-10.5261 -0.705215 0.496645 0.00145457 -10.471 -0.96902 0.49354
-10.5261 -0.705215 0.496645 0.00145457 -10.471 -0.96902 0.49354
-10.4936 -0.611735 0.488471 0.00280453 -10.471 -0.96902 0.49354
-10.5261 -0.705215 0.496645 0.00145457 -10.471 -0.96902 0.49354
-10.3567 -0.684426 0.499575 2.92556e-05 -10.471 -0.96902 0.49354
-10.4936 -0.611735 0.488471 0.00280453 -10.471 -0.96902 0.49354
-10.4101 -0.710448 0.48321 0.000172374 -10.471 -0.96902 0.49354
-10.2509 -0.634207 0.488686 0.000415339 -10.471 -0.96902 0.49354
-10.3833 -0.839434 0.49244 0.000777082 -10.471 -0.96902 0.49354
-10.4936 -0.611735 0.488471 0.00280453 -10.471 -0.96902 0.49354
-10.4101 -0.710448 0.48321 0.000172374 -10.471 -0.96902 0.49354
-10.4936 -0.611735 0.488471 0.00280453 -10.471 -0.96902 0.49354
-10.7123 -0.551052 0.496344 6.43549e-05 -10.471 -0.96902 0.49354
-10.3833 -0.839434 0.49244 0.000777082 -10.471 -0.96902 0.49354
-10.4936 -0.611735 0.488471 0.00280453 -10.471 -0.96902 0.49354
-10.5261 -0.705215 0.496645 0.00145457 -10.471 -0.96902 0.49354
-10.5261 -0.705215 0.496645 0.00145457 -10.471 -0.96902 0.49354
-10.4936 -0.611735 0.488471 0.00280453 -10.471 -0.96902 0.49354
-10.4936 -0.611735 0.488471 0.00280453 -10.471 -0.96902 0.49354
-10.4936 -0.611735 0.488471 0.00280453 -10.471 -0.96902 0.49354
-10.3833 -0.839434 0.49244 0.000777082 -10.471 -0.96902 0.49354
-10.3833 -0.839434 0.49244 0.000777082 -10.471 -0.96902 0.49354
-10.2509 -0.634207 0.488686 0.000415339 -10.471 -0.96902 0.49354
-10.4936 -0.611735 0.488471 0.00280453 -10.471 -0.96902 0.49354
-10.4936 -0.611735 0.488471 0.00280453 -10.471 -0.96902 0.49354
-10.3833 -0.839434 0.49244 0.000777082 -10.471 -0.96902 0.49354
-10.4936 -0.611735 0.488471 0.00280453 -10.471 -0.96902 0.49354
-10.4936 -0.611735 0.488471 0.00280453 -10.471 -0.96902 0.49354
-10.5261 -0.705215 0.496645 0.00145457 -10.471 -0.96902 0.49354
-10.4936 -0.611735 0.488471 0.00280453 -10.471 -0.96902 0.49354
-10.2509 -0.634207 0.488686 0.000415339 -10.471 -0.96902 0.49354
-10.4936 -0.611735 0.488471 0.00280453 -10.471 -0.96902 0.49354
-10.4936 -0.611735 0.488471 0.00280453 -10.471 -0.96902 0.49354
-10.4936 -0.611735 0.488471 0.00280453 -10.471 -0.96902 0.49354
-10.4936 -0.611735 0.488471 0.00280453 -10.471 -0.96902 0.49354
-10.3833 -0.839434 0.49244 0.000777082 -10.471 -0.96902 0.49354
-10.4936 -0.611735 0.488471 0.00280453 -10.471 -0.96902 0.49354
-10.4936 -0.611735 0.488471 0.00280453 -10.471 -0.96902 0.49354
-10.4101 -0.710448 0.48321 0.000172374 -10.471 -0.96902 0.49354
-10.6312 -0.697498 0.484135 3.36356e-05 -10.471 -0.96902 0.49354
-10.2509 -0.634207 0.488686 0.000415339 -10.471 -0.96902 0.49354
-10.4936 -0.611735 0.488471 0.00280453 -10.471 -0.96902 0.49354
-10.5261 -0.705215 0.496645 0.00145457 -10.471 -0.96902 0.49354
-10.5261 -0.705215 0.496645 0.00145457 -10.471 -0.96902 0.49354
-10.4109 -0.336834 0.487226 2.58555e-05 -10.471 -0.96902 0.49354
-10.3031 -0.775354 0.491322 0.000573701 -10.471 -0.96902 0.49354
-10.5261 -0.705215 0.496645 0.00145457 -10.471 -0.96902 0.49354
-10.5261 -0.705215 0.496645 0.00145457 -10.471 -0.96902 0.49354
-10.3833 -0.839434 0.49244 0.000777082 -10.471 -0.96902 0.49354
-10.5261 -0.705215 0.496645 0.00145457 -10.471 -0.96902 0.49354
-10.6247 -0.95247 0.491601 4.18256e-05 -10.471 -0.96902 0.49354
-10.5358 -0.552905 0.485565 0.000536779 -10.471 -0.96902 0.49354
-10.4609 -0.769773 0.482508 3.21042e-05 -10.471 -0.96902 0.49354
-10.4936 -0.611735 0.488471 0.00280453 -10.471 -0.96902 0.49354
-10.3585 -0.797092 0.499776 3.40226e-05 -10.471 -0.96902 0.49354
-10.4936 -0.611735 0.488471 0.00280453 -10.471 -0.96902 0.49354
-10.4936 -0.611735 0.488471 0.00280453 -10.471 -0.96902 0.49354
-10.4183 -0.822177 0.482167 9.27516e-06 -10.471 -0.96902 0.49354
-10.4936 -0.611735 0.488471 0.00280453 -10.471 -0.96902 0.49354
-10.3294 -1.00491 0.492254 7.86732e-06 -10.471 -0.96902 0.49354
-10.3833 -0.839434 0.49244 0.000777082 -10.471 -0.96902 0.49354
-10.3833 -0.839434 0.49244 0.000777082 -10.471 -0.96902 0.49354
-10.3031 -0.775354 0.491322 0.000573701 -10.471 -0.96902 0.49354
-10.3031 -0.775354 0.491322 0.000573701 -10.471 -0.96902 0.49354
-10.5261 -0.705215 0.496645 0.00145457 -10.471 -0.96902 0.49354
-10.5261 -0.705215 0.496645 0.00145457 -10.471 -0.96902 0.49354
-10.4936 -0.611735 0.488471 0.00280453 -10.471 -0.96902 0.49354
-10.4936 -0.611735 0.488471 0.00280453 -10.471 -0.96902 0.49354
-10.4101 -0.710448 0.48321 0.000172374 -10.471 -0.96902 0.49354
-10.5261 -0.705215 0.496645 0.00145457 -10.471 -0.96902 0.49354
-10.2509 -0.634207 0.488686 0.000415339 -10.471 -0.96902 0.49354
-10.3585 -0.797092 0.499776 3.40226e-05 -10.471 -0.96902 0.49354
-10.5261 -0.705215 0.496645 0.00145457 -10.471 -0.96902 0.49354
-10.7341 -0.861344 0.494217 8.16576e-05 -10.471 -0.96902 0.49354
-10.6024 -0.611813 0.482806 3.18043e-05 -10.471 -0.96902 0.49354
-10.4936 -0.611735 0.488471 0.00280453 -10.471 -0.96902 0.49354
-10.5653 -0.405609 0.480584 2.31604e-06 -10.471 -0.96902 0.49354
-10.5261 -0.705215 0.496645 0.00145457 -10.471 -0.96902 0.49354
-10.4936 -0.611735 0.488471 0.00280453 -10.471 -0.96902 0.49354
-10.5261 -0.705215 0.496645 0.00145457 -10.471 -0.96902 0.49354
-10.3031 -0.775354 0.491322 0.000573701 -10.471 -0.96902 0.49354
-10.4936 -0.611735 0.488471 0.00280453 -10.471 -0.96902 0.49354
-10.4936 -0.611735 0.488471 0.00280453 -10.471 -0.96902 0.49354
-10.5261 -0.705215 0.496645 0.00145457 -10.471 -0.96902 0.49354
-10.4101 -0.710448 0.48321 0.000172374 -10.471 -0.96902 0.49354
-10.2509 -0.634207 0.488686 0.000415339 -10.471 -0.96902 0.49354
-10.7123 -0.551052 0.496344 6.43549e-05 -10.471 -0.96902 0.49354
-10.4936 -0.611735 0.488471 0.00280453 -10.471 -0.96902 0.49354
-10.4101 -0.710448 0.48321 0.000172374 -10.471 -0.96902 0.49354
-10.5358 -0.552905 0.485565 0.000536779 -10.471 -0.96902 0.49354
-10.4936 -0.611735 0.488471 0.00280453 -10.471 -0.96902 0.49354
-10.2509 -0.634207 0.488686 0.000415339 -10.471 -0.96902 0.49354
-10.4936 -0.611735 0.488471 0.00280453 -10.471 -0.96902 0.49354
-10.5261 -0.705215 0.496645 0.00145457 -10.471 -0.96902 0.49354
-10.6247 -0.95247 0.491601 4.18256e-05 -10.471 -0.96902 0.49354
-10.4936 -0.611735 0.488471 0.00280453 -10.471 -0.96902 0.49354
-10.4936 -0.611735 0.488471 0.00280453 -10.471 -0.96902 0.49354
-10.4936 -0.611735 0.488471 0.00280453 -10.471 -0.96902 0.49354
-10.4936 -0.611735 0.488471 0.00280453 -10.471 -0.96902 0.49354
-10.5261 -0.705215 0.496645 0.00145457 -10.471 -0.96902 0.49354
-10.5358 -0.552905 0.485565 0.000536779 -10.471 -0.96902 0.49354
-10.4936 -0.611735 0.488471 0.00280453 -10.471 -0.96902 0.49354
-10.5671 -0.987549 0.499894 2.43926e-05 -10.471 -0.96902 0.49354
-10.4936 -0.611735 0.488471 0.00280453 -10.471 -0.96902 0.49354
-10.5261 -0.705215 0.496645 0.00145457 -10.471 -0.96902 0.49354
-10.7341 -0.861344 0.494217 8.16576e-05 -10.471 -0.96902 0.49354
-10.4936 -0.611735 0.488471 0.00280453 -10.471 -0.96902 0.49354
-10.4936 -0.611735 0.488471 0.00280453 -10.471 -0.96902 0.49354
-10.4936 -0.611735 0.488471 0.00280453 -10.471 -0.96902 0.49354
-10.5261 -0.705215 0.496645 0.00145457 -10.471 -0.96902 0.49354
-10.5261 -0.705215 0.496645 0.00145457 -10.471 -0.96902 0.49354
-10.3585 -0.797092 0.499776 3.40226e-05 -10.471 -0.96902 0.49354
-10.3031 -0.775354 0.491322 0.000573701 -10.471 -0.96902 0.49354
-10.4936 -0.611735 0.488471 0.00280453 -10.471 -0.96902 0.49354
-10.5261 -0.705215 0.496645 0.00145457 -10.471 -0.96902 0.49354
-10.4936 -0.611735 0.488471 0.00280453 -10.471 -0.96902 0.49354
-10.7146 -0.870718 0.497726 9.87977e-05 -10.471 -0.96902 0.49354
-10.4936 -0.611735 0.488471 0.00280453 -10.471 -0.96902 0.49354
-10.4936 -0.611735 0.488471 0.00280453 -10.471 -0.96902 0.49354
-10.5261 -0.705215 0.496645 0.00145457 -10.471 -0.96902 0.49354
-10.4936 -0.611735 0.488471 0.00280453 -10.471 -0.96902 0.49354
-10.3585 -0.797092 0.499776 3.40226e-05 -10.471 -0.96902 0.49354
-10.4936 -0.611735 0.488471 0.00280453 -10.471 -0.96902 0.49354
-10.4936 -0.611735 0.488471 0.00280453 -10.471 -0.96902 0.49354
-10.5261 -0.705215 0.496645 0.00145457 -10.471 -0.96902 0.49354
-10.45 -0.335713 0.489713 1.99477e-05 -10.471 -0.96902 0.49354
-10.3031 -0.775354 0.491322 0.000573701 -10.471 -0.96902 0.49354
-10.5358 -0.552905 0.485565 0.000536779 -10.471 -0.96902 0.49354
-10.5261 -0.705215 0.496645 0.00145457 -10.471 -0.96902 0.49354
-10.4936 -0.611735 0.488471 0.00280453 -10.471 -0.96902 0.49354
-10.4936 -0.611735 0.488471 0.00280453 -10.471 -0.96902 0.49354
-10.5261 -0.705215 0.496645 0.00145457 -10.471 -0.96902 0.49354
-10.7512 -0.809425 0.494337 0.000107274 -10.471 -0.96902 0.49354
-10.7123 -0.551052 0.496344 6.43549e-05 -10.471 -0.96902 0.49354
-10.2566 -0.701496 0.483376 7.36982e-05 -10.471 -0.96902 0.49354
-10.45 -0.335713 0.489713 1.99477e-05 -10.471 -0.96902 0.49354
-10.2509 -0.634207 0.488686 0.000415339 -10.471 -0.96902 0.49354
-10.2509 -0.634207 0.488686 0.000415339 -10.471 -0.96902 0.49354
-10.2509 -0.634207 0.488686 0.000415339 -10.471 -0.96902 0.49354
-10.3833 -0.839434 0.49244 0.000777082 -10.471 -0.96902 0.49354
-10.2509 -0.634207 0.488686 0.000415339 -10.471 -0.96902 0.49354
-10.3031 -0.775354 0.491322 0.000573701 -10.471 -0.96902 0.49354
-10.4936 -0.611735 0.488471 0.00280453 -10.471 -0.96902 0.49354
-10.5261 -0.705215 0.496645 0.00145457 -10.471 -0.96902 0.49354
-10.5261 -0.705215 0.496645 0.00145457 -10.471 -0.96902 0.49354
-10.4936 -0.611735 0.488471 0.00280453 -10.471 -0.96902 0.49354
-10.4936 -0.611735 0.488471 0.00280453 -10.471 -0.96902 0.49354
-10.4936 -0.611735 0.488471 0.00280453 -10.471 -0.96902 0.49354
-10.5358 -0.552905 0.485565 0.000536779 -10.471 -0.96902 0.49354
-10.5261 -0.705215 0.496645 0.00145457 -10.471 -0.96902 0.49354
-10.3833 -0.839434 0.49244 0.000777082 -10.471 -0.96902 0.49354
-10.3833 -0.839434 0.49244 0.000777082 -10.471 -0.96902 0.49354
-10.4609 -0.769773 0.482508 3.21042e-05 -10.471 -0.96902 0.49354
-10.4936 -0.611735 0.488471 0.00280453 -10.471 -0.96902 0.49354
-10.4936 -0.611735 0.488471 0.00280453 -10.471 -0.96902 0.49354
-10.3833 -0.839434 0.49244 0.000777082 -10.471 -0.96902 0.49354
-10.5358 -0.552905 0.485565 0.000536779 -10.471 -0.96902 0.49354
-10.5261 -0.705215 0.496645 0.00145457 -10.471 -0.96902 0.49354
