21.2741 8.92168 0.182275 0.00171322 21.389 8.8935 0.17894
21.3488 8.89228 0.176619 0.00163189 21.389 8.8935 0.17894
21.3412 8.87356 0.180674 0.00188142 21.389 8.8935 0.17894
21.2388 9.1001 0.180314 0.000463745 21.389 8.8935 0.17894
21.2388 9.1001 0.180314 0.000463745 21.389 8.8935 0.17894
21.2989 8.79093 0.182569 0.000547358 21.389 8.8935 0.17894
21.3884 8.74407 0.178307 0.000341463 21.389 8.8935 0.17894
21.3844 8.8746 0.185461 0.00016067 21.389 8.8935 0.17894
21.3427 8.82923 0.173341 0.0001897 21.389 8.8935 0.17894
21.4689 9.16959 0.17236 5.61955e-05 21.389 8.8935 0.17894
21.1455 8.96343 0.181617 0.000522363 21.389 8.8935 0.17894
21.3674 9.01882 0.178768 0.0020608 21.389 8.8935 0.17894
21.2741 8.92168 0.182275 0.00171322 21.389 8.8935 0.17894
21.1683 8.94424 0.176807 0.000153096 21.389 8.8935 0.17894
21.2989 8.79093 0.182569 0.000547358 21.389 8.8935 0.17894
21.3764 9.1082 0.174653 0.000331616 21.389 8.8935 0.17894
21.3412 8.87356 0.180674 0.00188142 21.389 8.8935 0.17894
21.3674 9.01882 0.178768 0.0020608 21.389 8.8935 0.17894
21.3488 8.89228 0.176619 0.00163189 21.389 8.8935 0.17894
21.3412 8.87356 0.180674 0.00188142 21.389 8.8935 0.17894
21.2741 8.92168 0.182275 0.00171322 21.389 8.8935 0.17894
21.3488 8.89228 0.176619 0.00163189 21.389 8.8935 0.17894
21.5087 8.81587 0.176512 0.000540215 21.389 8.8935 0.17894
21.2741 8.92168 0.182275 0.00171322 21.389 8.8935 0.17894
21.3674 9.01882 0.178768 0.0020608 21.389 8.8935 0.17894
21.3764 9.1082 0.174653 0.000331616 21.389 8.8935 0.17894
21.2741 8.92168 0.182275 0.00171322 21.389 8.8935 0.17894
21.3412 8.87356 0.180674 0.00188142 21.389 8.8935 0.17894
21.3412 8.87356 0.180674 0.00188142 21.389 8.8935 0.17894
21.2741 8.92168 0.182275 0.00171322 21.389 8.8935 0.17894
21.3674 9.01882 0.178768 0.0020608 21.389 8.8935 0.17894
21.2989 8.79093 0.182569 0.000547358 21.389 8.8935 0.17894
21.2911 9.08709 0.178811 0.000763809 21.389 8.8935 0.17894
21.2911 9.08709 0.178811 0.000763809 21.389 8.8935 0.17894
21.5087 8.81587 0.176512 0.000540215 21.389 8.8935 0.17894
21.3412 8.87356 0.180674 0.00188142 21.389 8.8935 0.17894
21.1683 8.94424 0.176807 0.000153096 21.389 8.8935 0.17894
21.3884 8.74407 0.178307 0.000341463 21.389 8.8935 0.17894
21.3674 9.01882 0.178768 0.0020608 21.389 8.8935 0.17894
21.3674 9.01882 0.178768 0.0020608 21.389 8.8935 0.17894
21.3412 8.87356 0.180674 0.00188142 21.389 8.8935 0.17894
21.3674 9.01882 0.178768 0.0020608 21.389 8.8935 0.17894
21.3674 9.01882 0.178768 0.0020608 21.389 8.8935 0.17894
21.2741 8.92168 0.182275 0.00171322 21.389 8.8935 0.17894
21.3412 8.87356 0.180674 0.00188142 21.389 8.8935 0.17894
21.3488 8.89228 0.176619 0.00163189 21.389 8.8935 0.17894
21.3412 8.87356 0.180674 0.00188142 21.389 8.8935 0.17894
21.2388 9.1001 0.180314 0.000463745 21.389 8.8935 0.17894
21.3674 9.01882 0.178768 0.0020608 21.389 8.8935 0.17894
21.3674 9.01882 0.178768 0.0020608 21.389 8.8935 0.17894
21.2741 8.92168 0.182275 0.00171322 21.389 8.8935 0.17894
21.2911 9.08709 0.178811 0.000763809 21.389 8.8935 0.17894
21.2388 9.1001 0.180314 0.000463745 21.389 8.8935 0.17894
21.3674 9.01882 0.178768 0.0020608 21.389 8.8935 0.17894
21.3488 8.89228 0.176619 0.00163189 21.389 8.8935 0.17894
21.3674 9.01882 0.178768 0.0020608 21.389 8.8935 0.17894
21.3884 8.74407 0.178307 0.000341463 21.389 8.8935 0.17894
21.3575 9.06829 0.176172 0.000869821 21.389 8.8935 0.17894
21.2022 9.02283 0.178898 0.000562546 21.389 8.8935 0.17894
21.2909 8.77203 0.175445 0.000141892 21.389 8.8935 0.17894
21.487 9.15264 0.177874 0.000177891 21.389 8.8935 0.17894
21.202 9.05731 0.178838 0.000397671 21.389 8.8935 0.17894
21.2911 9.08709 0.178811 0.000763809 21.389 8.8935 0.17894
21.3575 9.06829 0.176172 0.000869821 21.389 8.8935 0.17894
21.3674 9.01882 0.178768 0.0020608 21.389 8.8935 0.17894
21.3488 8.89228 0.176619 0.00163189 21.389 8.8935 0.17894
21.2909 8.77203 0.175445 0.000141892 21.389 8.8935 0.17894
21.5087 8.81587 0.176512 0.000540215 21.389 8.8935 0.17894
21.3575 9.06829 0.176172 0.000869821 21.389 8.8935 0.17894
21.202 9.05731 0.178838 0.000397671 21.389 8.8935 0.17894
21.2388 9.1001 0.180314 0.000463745 21.389 8.8935 0.17894
21.3674 9.01882 0.178768 0.0020608 21.389 8.8935 0.17894
21.2741 8.92168 0.182275 0.00171322 21.389 8.8935 0.17894
21.3674 9.01882 0.178768 0.0020608 21.389 8.8935 0.17894
21.1533 8.8398 0.181013 0.000331785 21.389 8.8935 0.17894
21.2741 8.92168 0.182275 0.00171322 21.389 8.8935 0.17894
21.2989 8.79093 0.182569 0.000547358 21.389 8.8935 0.17894
21.3412 8.87356 0.180674 0.00188142 21.389 8.8935 0.17894
21.3575 9.06829 0.176172 0.000869821 21.389 8.8935 0.17894
21.3412 8.87356 0.180674 0.00188142 21.389 8.8935 0.17894
21.3412 8.87356 0.180674 0.00188142 21.389 8.8935 0.17894
21.3674 9.01882 0.178768 0.0020608 21.389 8.8935 0.17894
21.5087 8.81587 0.176512 0.000540215 21.389 8.8935 0.17894
21.3674 9.01882 0.178768 0.0020608 21.389 8.8935 0.17894
21.3488 8.89228 0.176619 0.00163189 21.389 8.8935 0.17894
21.3674 9.01882 0.178768 0.0020608 21.389 8.8935 0.17894
21.3412 8.87356 0.180674 0.00188142 21.389 8.8935 0.17894
21.3412 8.87356 0.180674 0.00188142 21.389 8.8935 0.17894
21.2741 8.92168 0.182275 0.00171322 21.389 8.8935 0.17894
21.3674 9.01882 0.178768 0.0020608 21.389 8.8935 0.17894
21.2388 9.1001 0.180314 0.000463745 21.389 8.8935 0.17894
21.3488 8.89228 0.176619 0.00163189 21.389 8.8935 0.17894
21.3488 8.89228 0.176619 0.00163189 21.389 8.8935 0.17894
21.2741 8.92168 0.182275 0.00171322 21.389 8.8935 0.17894
21.2741 8.92168 0.182275 0.00171322 21.389 8.8935 0.17894
21.202 9.05731 0.178838 0.000397671 21.389 8.8935 0.17894
21.3412 8.87356 0.180674 0.00188142 21.389 8.8935 0.17894
21.3488 8.89228 0.176619 0.00163189 21.389 8.8935 0.17894
21.3884 8.74407 0.178307 0.000341463 21.389 8.8935 0.17894
21.2753 8.68299 0.183044 5.46154e-05 21.389 8.8935 0.17894
21.1984 8.82156 0.176655 0.000121248 21.389 8.8935 0.17894
21.3575 9.06829 0.176172 0.000869821 21.389 8.8935 0.17894
21.2775 9.15188 0.174266 3.84606e-05 21.389 8.8935 0.17894
21.2989 8.79093 0.182569 0.000547358 21.389 8.8935 0.17894
21.1455 8.96343 0.181617 0.000522363 21.389 8.8935 0.17894
21.202 9.05731 0.178838 0.000397671 21.389 8.8935 0.17894
21.3488 8.89228 0.176619 0.00163189 21.389 8.8935 0.17894
21.3412 8.87356 0.180674 0.00188142 21.389 8.8935 0.17894
21.2989 8.79093 0.182569 0.000547358 21.389 8.8935 0.17894
21.2989 8.79093 0.182569 0.000547358 21.389 8.8935 0.17894
21.3488 8.89228 0.176619 0.00163189 21.389 8.8935 0.17894
21.2911 9.08709 0.178811 0.000763809 21.389 8.8935 0.17894
21.1455 8.96343 0.181617 0.000522363 21.389 8.8935 0.17894
21.3488 8.89228 0.176619 0.00163189 21.389 8.8935 0.17894
21.3488 8.89228 0.176619 0.00163189 21.389 8.8935 0.17894
21.3844 8.8746 0.185461 0.00016067 21.389 8.8935 0.17894
21.3674 9.01882 0.178768 0.0020608 21.389 8.8935 0.17894
21.2388 9.1001 0.180314 0.000463745 21.389 8.8935 0.17894
21.3488 8.89228 0.176619 0.00163189 21.389 8.8935 0.17894
21.3884 8.74407 0.178307 0.000341463 21.389 8.8935 0.17894
21.3844 8.8746 0.185461 0.00016067 21.389 8.8935 0.17894
21.202 9.05731 0.178838 0.000397671 21.389 8.8935 0.17894
21.2989 8.79093 0.182569 0.000547358 21.389 8.8935 0.17894
21.4326 8.72473 0.180655 0.000130106 21.389 8.8935 0.17894
21.2741 8.92168 0.182275 0.00171322 21.389 8.8935 0.17894
21.202 9.05731 0.178838 0.000397671 21.389 8.8935 0.17894
21.3575 9.06829 0.176172 0.000869821 21.389 8.8935 0.17894
21.1455 8.96343 0.181617 0.000522363 21.389 8.8935 0.17894
21.3488 8.89228 0.176619 0.00163189 21.389 8.8935 0.17894
21.1984 8.82156 0.176655 0.000121248 21.389 8.8935 0.17894
21.1984 8.82156 0.176655 0.000121248 21.389 8.8935 0.17894
21.3884 8.74407 0.178307 0.000341463 21.389 8.8935 0.17894
21.5087 8.81587 0.176512 0.000540215 21.389 8.8935 0.17894
21.1455 8.96343 0.181617 0.000522363 21.389 8.8935 0.17894
21.1984 8.82156 0.176655 0.000121248 21.389 8.8935 0.17894
21.1455 8.96343 0.181617 0.000522363 21.389 8.8935 0.17894
21.2741 8.92168 0.182275 0.00171322 21.389 8.8935 0.17894
21.1533 8.8398 0.181013 0.000331785 21.389 8.8935 0.17894
21.3575 9.06829 0.176172 0.000869821 21.389 8.8935 0.17894
21.3427 8.82923 0.173341 0.0001897 21.389 8.8935 0.17894
21.3575 9.06829 0.176172 0.000869821 21.389 8.8935 0.17894
21.3764 9.1082 0.174653 0.000331616 21.389 8.8935 0.17894
21.2741 8.92168 0.182275 0.00171322 21.389 8.8935 0.17894
21.3674 9.01882 0.178768 0.0020608 21.389 8.8935 0.17894
21.3412 8.87356 0.180674 0.00188142 21.389 8.8935 0.17894
21.2741 8.92168 0.182275 0.00171322 21.389 8.8935 0.17894
21.3674 9.01882 0.178768 0.0020608 21.389 8.8935 0.17894
21.2911 9.08709 0.178811 0.000763809 21.389 8.8935 0.17894
21.3575 9.06829 0.176172 0.000869821 21.389 8.8935 0.17894
21.2741 8.92168 0.182275 0.00171322 21.389 8.8935 0.17894
21.3575 9.06829 0.176172 0.000869821 21.389 8.8935 0.17894
21.3412 8.87356 0.180674 0.00188142 21.389 8.8935 0.17894
21.3427 8.82923 0.173341 0.0001897 21.389 8.8935 0.17894
21.5385 9.20758 0.176109 3.35866e-05 21.389 8.8935 0.17894
21.2741 8.92168 0.182275 0.00171322 21.389 8.8935 0.17894
21.3412 8.87356 0.180674 0.00188142 21.389 8.8935 0.17894
21.1455 8.96343 0.181617 0.000522363 21.389 8.8935 0.17894
21.3488 8.89228 0.176619 0.00163189 21.389 8.8935 0.17894
21.3674 9.01882 0.178768 0.0020608 21.389 8.8935 0.17894
21.3674 9.01882 0.178768 0.0020608 21.389 8.8935 0.17894
21.3488 8.89228 0.176619 0.00163189 21.389 8.8935 0.17894
21.3575 9.06829 0.176172 0.000869821 21.389 8.8935 0.17894
21.3674 9.01882 0.178768 0.0020608 21.389 8.8935 0.17894
21.3412 8.87356 0.180674 0.00188142 21.389 8.8935 0.17894
21.1455 8.96343 0.181617 0.000522363 21.389 8.8935 0.17894
21.487 9.15264 0.177874 0.000177891 21.389 8.8935 0.17894
21.3884 8.74407 0.178307 0.000341463 21.389 8.8935 0.17894
21.3884 8.74407 0.178307 0.000341463 21.389 8.8935 0.17894
21.3488 8.89228 0.176619 0.00163189 21.389 8.8935 0.17894
21.3884 8.74407 0.178307 0.000341463 21.389 8.8935 0.17894
21.1683 8.94424 0.176807 0.000153096 21.389 8.8935 0.17894
21.2022 9.02283 0.178898 0.000562546 21.389 8.8935 0.17894
21.2741 8.92168 0.182275 0.00171322 21.389 8.8935 0.17894
21.3488 8.89228 0.176619 0.00163189 21.389 8.8935 0.17894
21.202 9.05731 0.178838 0.000397671 21.389 8.8935 0.17894
21.3412 8.87356 0.180674 0.00188142 21.389 8.8935 0.17894
21.2741 8.92168 0.182275 0.00171322 21.389 8.8935 0.17894
21.2022 9.02283 0.178898 0.000562546 21.389 8.8935 0.17894
21.2388 9.1001 0.180314 0.000463745 21.389 8.8935 0.17894
21.3412 8.87356 0.180674 0.00188142 21.389 8.8935 0.17894
21.2741 8.92168 0.182275 0.00171322 21.389 8.8935 0.17894
21.2741 8.92168 0.182275 0.00171322 21.389 8.8935 0.17894
21.3412 8.87356 0.180674 0.00188142 21.389 8.8935 0.17894
21.487 9.15264 0.177874 0.000177891 21.389 8.8935 0.17894
21.3412 8.87356 0.180674 0.00188142 21.389 8.8935 0.17894
21.3412 8.87356 0.180674 0.00188142 21.389 8.8935 0.17894
21.2741 8.92168 0.182275 0.00171322 21.389 8.8935 0.17894
21.3412 8.87356 0.180674 0.00188142 21.389 8.8935 0.17894
21.2022 9.02283 0.178898 0.000562546 21.389 8.8935 0.17894
21.2741 8.92168 0.182275 0.00171322 21.389 8.8935 0.17894
21.3488 8.89228 0.176619 0.00163189 21.389 8.8935 0.17894
21.3674 9.01882 0.178768 0.0020608 21.389 8.8935 0.17894
21.5775 8.94581 0.170257 0.000157682 21.389 8.8935 0.17894
21.3674 9.01882 0.178768 0.0020608 21.389 8.8935 0.17894
21.1533 8.8398 0.181013 0.000331785 21.389 8.8935 0.17894
21.3674 9.01882 0.178768 0.0020608 21.389 8.8935 0.17894
21.2741 8.92168 0.182275 0.00171322 21.389 8.8935 0.17894
21.3575 9.06829 0.176172 0.000869821 21.389 8.8935 0.17894
21.2022 9.02283 0.178898 0.000562546 21.389 8.8935 0.17894
21.2388 9.1001 0.180314 0.000463745 21.389 8.8935 0.17894
