6.71635 -95.6071 3.36864 0.0125158 6.9263 -95.087 3.3697
7.11996 -95.0533 3.38231 0.28658 6.9263 -95.087 3.3697
6.84226 -95.4322 3.36931 0.127159 6.9263 -95.087 3.3697
7.04768 -95.092 3.38086 0.354698 6.9263 -95.087 3.3697
6.88678 -95.4161 3.3723 0.233226 6.9263 -95.087 3.3697
6.88678 -95.4161 3.3723 0.233226 6.9263 -95.087 3.3697
7.10491 -95.615 3.37611 0.0381191 6.9263 -95.087 3.3697
7.16685 -94.9294 3.37699 0.0447303 6.9263 -95.087 3.3697
6.83688 -95.0988 3.37121 0.0566841 6.9263 -95.087 3.3697
6.88678 -95.4161 3.3723 0.233226 6.9263 -95.087 3.3697
7.22594 -95.4466 3.37193 0.0837674 6.9263 -95.087 3.3697
7.19317 -95.4122 3.36928 0.0605373 6.9263 -95.087 3.3697
7.03652 -95.2723 3.36841 0.111611 6.9263 -95.087 3.3697
6.82631 -95.3019 3.37042 0.152723 6.9263 -95.087 3.3697
7.11996 -95.0533 3.38231 0.28658 6.9263 -95.087 3.3697
7.04768 -95.092 3.38086 0.354698 6.9263 -95.087 3.3697
6.75972 -95.29 3.38307 0.0118234 6.9263 -95.087 3.3697
6.90065 -95.248 3.36673 0.0570775 6.9263 -95.087 3.3697
6.88678 -95.4161 3.3723 0.233226 6.9263 -95.087 3.3697
7.11996 -95.0533 3.38231 0.28658 6.9263 -95.087 3.3697
7.04768 -95.092 3.38086 0.354698 6.9263 -95.087 3.3697
7.12601 -95.6119 3.36996 0.0310839 6.9263 -95.087 3.3697
6.88678 -95.4161 3.3723 0.233226 6.9263 -95.087 3.3697
7.04768 -95.092 3.38086 0.354698 6.9263 -95.087 3.3697
7.04768 -95.092 3.38086 0.354698 6.9263 -95.087 3.3697
6.94325 -95.3283 3.36258 0.0110544 6.9263 -95.087 3.3697
7.10491 -95.615 3.37611 0.0381191 6.9263 -95.087 3.3697
7.04768 -95.092 3.38086 0.354698 6.9263 -95.087 3.3697
7.12885 -95.6208 3.37474 0.0365069 6.9263 -95.087 3.3697
7.19946 -95.2492 3.37128 0.107079 6.9263 -95.087 3.3697
6.82631 -95.3019 3.37042 0.152723 6.9263 -95.087 3.3697
7.25523 -95.2702 3.38652 0.0938151 6.9263 -95.087 3.3697
7.04768 -95.092 3.38086 0.354698 6.9263 -95.087 3.3697
7.11996 -95.0533 3.38231 0.28658 6.9263 -95.087 3.3697
7.12601 -95.6119 3.36996 0.0310839 6.9263 -95.087 3.3697
7.11996 -95.0533 3.38231 0.28658 6.9263 -95.087 3.3697
7.04768 -95.092 3.38086 0.354698 6.9263 -95.087 3.3697
7.04768 -95.092 3.38086 0.354698 6.9263 -95.087 3.3697
6.76125 -95.3353 3.36802 0.0610686 6.9263 -95.087 3.3697
6.85104 -95.2615 3.36685 0.056866 6.9263 -95.087 3.3697
7.10491 -95.615 3.37611 0.0381191 6.9263 -95.087 3.3697
6.88678 -95.4161 3.3723 0.233226 6.9263 -95.087 3.3697
7.03652 -95.2723 3.36841 0.111611 6.9263 -95.087 3.3697
6.95704 -95.284 3.36505 0.0324226 6.9263 -95.087 3.3697
7.22594 -95.4466 3.37193 0.0837674 6.9263 -95.087 3.3697
6.82631 -95.3019 3.37042 0.152723 6.9263 -95.087 3.3697
6.78593 -95.0321 3.38101 0.0250013 6.9263 -95.087 3.3697
7.19317 -95.4122 3.36928 0.0605373 6.9263 -95.087 3.3697
7.12885 -95.6208 3.37474 0.0365069 6.9263 -95.087 3.3697
6.82242 -94.9918 3.37947 0.0346173 6.9263 -95.087 3.3697
6.82631 -95.3019 3.37042 0.152723 6.9263 -95.087 3.3697
6.71039 -95.587 3.36838 0.0143136 6.9263 -95.087 3.3697
6.82631 -95.3019 3.37042 0.152723 6.9263 -95.087 3.3697
7.22594 -95.4466 3.37193 0.0837674 6.9263 -95.087 3.3697
6.95704 -95.284 3.36505 0.0324226 6.9263 -95.087 3.3697
6.82631 -95.3019 3.37042 0.152723 6.9263 -95.087 3.3697
7.22594 -95.4466 3.37193 0.0837674 6.9263 -95.087 3.3697
7.22594 -95.4466 3.37193 0.0837674 6.9263 -95.087 3.3697
6.76125 -95.3353 3.36802 0.0610686 6.9263 -95.087 3.3697
7.03652 -95.2723 3.36841 0.111611 6.9263 -95.087 3.3697
7.22594 -95.4466 3.37193 0.0837674 6.9263 -95.087 3.3697
6.88678 -95.4161 3.3723 0.233226 6.9263 -95.087 3.3697
7.04768 -95.092 3.38086 0.354698 6.9263 -95.087 3.3697
6.79039 -95.5213 3.36825 0.0502174 6.9263 -95.087 3.3697
6.80542 -95.1036 3.36358 0.00198661 6.9263 -95.087 3.3697
6.9894 -95.2093 3.38997 0.0106113 6.9263 -95.087 3.3697
6.83688 -95.0988 3.37121 0.0566841 6.9263 -95.087 3.3697
7.12601 -95.6119 3.36996 0.0310839 6.9263 -95.087 3.3697
6.95562 -95.6359 3.36669 0.0236095 6.9263 -95.087 3.3697
7.11996 -95.0533 3.38231 0.28658 6.9263 -95.087 3.3697
6.82631 -95.3019 3.37042 0.152723 6.9263 -95.087 3.3697
7.04768 -95.092 3.38086 0.354698 6.9263 -95.087 3.3697
6.90065 -95.248 3.36673 0.0570775 6.9263 -95.087 3.3697
6.93207 -95.0043 3.3641 0.000629493 6.9263 -95.087 3.3697
7.03652 -95.2723 3.36841 0.111611 6.9263 -95.087 3.3697
7.03652 -95.2723 3.36841 0.111611 6.9263 -95.087 3.3697
7.04768 -95.092 3.38086 0.354698 6.9263 -95.087 3.3697
6.82242 -94.9918 3.37947 0.0346173 6.9263 -95.087 3.3697
7.2869 -95.319 3.36925 0.0198872 6.9263 -95.087 3.3697
7.11996 -95.0533 3.38231 0.28658 6.9263 -95.087 3.3697
6.78593 -95.0321 3.38101 0.0250013 6.9263 -95.087 3.3697
6.78236 -95.5541 3.37061 0.0412689 6.9263 -95.087 3.3697
6.88678 -95.4161 3.3723 0.233226 6.9263 -95.087 3.3697
6.82631 -95.3019 3.37042 0.152723 6.9263 -95.087 3.3697
7.04768 -95.092 3.38086 0.354698 6.9263 -95.087 3.3697
7.04768 -95.092 3.38086 0.354698 6.9263 -95.087 3.3697
6.82631 -95.3019 3.37042 0.152723 6.9263 -95.087 3.3697
7.11996 -95.0533 3.38231 0.28658 6.9263 -95.087 3.3697
6.93257 -94.9621 3.38215 0.0611141 6.9263 -95.087 3.3697
6.83688 -95.0988 3.37121 0.0566841 6.9263 -95.087 3.3697
6.82631 -95.3019 3.37042 0.152723 6.9263 -95.087 3.3697
7.16685 -94.9294 3.37699 0.0447303 6.9263 -95.087 3.3697
6.83688 -95.0988 3.37121 0.0566841 6.9263 -95.087 3.3697
7.19946 -95.2492 3.37128 0.107079 6.9263 -95.087 3.3697
6.85104 -95.2615 3.36685 0.056866 6.9263 -95.087 3.3697
7.11996 -95.0533 3.38231 0.28658 6.9263 -95.087 3.3697
6.84226 -95.4322 3.36931 0.127159 6.9263 -95.087 3.3697
6.88678 -95.4161 3.3723 0.233226 6.9263 -95.087 3.3697
6.84226 -95.4322 3.36931 0.127159 6.9263 -95.087 3.3697
6.94325 -95.3283 3.36258 0.0110544 6.9263 -95.087 3.3697
6.75884 -95.3533 3.36627 0.0391761 6.9263 -95.087 3.3697
7.19946 -95.2492 3.37128 0.107079 6.9263 -95.087 3.3697
6.82631 -95.3019 3.37042 0.152723 6.9263 -95.087 3.3697
6.68495 -95.4636 3.3662 0.0183923 6.9263 -95.087 3.3697
7.11996 -95.0533 3.38231 0.28658 6.9263 -95.087 3.3697
7.04768 -95.092 3.38086 0.354698 6.9263 -95.087 3.3697
7.04768 -95.092 3.38086 0.354698 6.9263 -95.087 3.3697
6.76125 -95.3353 3.36802 0.0610686 6.9263 -95.087 3.3697
6.94325 -95.3283 3.36258 0.0110544 6.9263 -95.087 3.3697
7.19317 -95.4122 3.36928 0.0605373 6.9263 -95.087 3.3697
7.11996 -95.0533 3.38231 0.28658 6.9263 -95.087 3.3697
7.11996 -95.0533 3.38231 0.28658 6.9263 -95.087 3.3697
6.90065 -95.248 3.36673 0.0570775 6.9263 -95.087 3.3697
7.11996 -95.0533 3.38231 0.28658 6.9263 -95.087 3.3697
7.04768 -95.092 3.38086 0.354698 6.9263 -95.087 3.3697
6.68495 -95.4636 3.3662 0.0183923 6.9263 -95.087 3.3697
7.03652 -95.2723 3.36841 0.111611 6.9263 -95.087 3.3697
7.04768 -95.092 3.38086 0.354698 6.9263 -95.087 3.3697
6.88678 -95.4161 3.3723 0.233226 6.9263 -95.087 3.3697
6.76125 -95.3353 3.36802 0.0610686 6.9263 -95.087 3.3697
7.03652 -95.2723 3.36841 0.111611 6.9263 -95.087 3.3697
7.11996 -95.0533 3.38231 0.28658 6.9263 -95.087 3.3697
7.16685 -94.9294 3.37699 0.0447303 6.9263 -95.087 3.3697
7.19946 -95.2492 3.37128 0.107079 6.9263 -95.087 3.3697
7.19317 -95.4122 3.36928 0.0605373 6.9263 -95.087 3.3697
6.84226 -95.4322 3.36931 0.127159 6.9263 -95.087 3.3697
7.04768 -95.092 3.38086 0.354698 6.9263 -95.087 3.3697
7.25523 -95.2702 3.38652 0.0938151 6.9263 -95.087 3.3697
7.12885 -95.6208 3.37474 0.0365069 6.9263 -95.087 3.3697
7.04768 -95.092 3.38086 0.354698 6.9263 -95.087 3.3697
7.04768 -95.092 3.38086 0.354698 6.9263 -95.087 3.3697
6.75884 -95.3533 3.36627 0.0391761 6.9263 -95.087 3.3697
6.71635 -95.6071 3.36864 0.0125158 6.9263 -95.087 3.3697
6.90065 -95.248 3.36673 0.0570775 6.9263 -95.087 3.3697
7.10491 -95.615 3.37611 0.0381191 6.9263 -95.087 3.3697
7.11996 -95.0533 3.38231 0.28658 6.9263 -95.087 3.3697
6.76125 -95.3353 3.36802 0.0610686 6.9263 -95.087 3.3697
6.82242 -94.9918 3.37947 0.0346173 6.9263 -95.087 3.3697
6.68495 -95.4636 3.3662 0.0183923 6.9263 -95.087 3.3697
7.04768 -95.092 3.38086 0.354698 6.9263 -95.087 3.3697
6.61028 -95.2654 3.37417 0.0105165 6.9263 -95.087 3.3697
7.03652 -95.2723 3.36841 0.111611 6.9263 -95.087 3.3697
6.90065 -95.248 3.36673 0.0570775 6.9263 -95.087 3.3697
7.19317 -95.4122 3.36928 0.0605373 6.9263 -95.087 3.3697
6.88678 -95.4161 3.3723 0.233226 6.9263 -95.087 3.3697
6.88678 -95.4161 3.3723 0.233226 6.9263 -95.087 3.3697
6.93257 -94.9621 3.38215 0.0611141 6.9263 -95.087 3.3697
6.88678 -95.4161 3.3723 0.233226 6.9263 -95.087 3.3697
6.83908 -94.9861 3.37367 0.0259669 6.9263 -95.087 3.3697
7.19317 -95.4122 3.36928 0.0605373 6.9263 -95.087 3.3697
7.04768 -95.092 3.38086 0.354698 6.9263 -95.087 3.3697
6.88678 -95.4161 3.3723 0.233226 6.9263 -95.087 3.3697
7.16685 -94.9294 3.37699 0.0447303 6.9263 -95.087 3.3697
6.68495 -95.4636 3.3662 0.0183923 6.9263 -95.087 3.3697
7.11996 -95.0533 3.38231 0.28658 6.9263 -95.087 3.3697
6.88678 -95.4161 3.3723 0.233226 6.9263 -95.087 3.3697
6.71039 -95.587 3.36838 0.0143136 6.9263 -95.087 3.3697
7.19946 -95.2492 3.37128 0.107079 6.9263 -95.087 3.3697
6.76125 -95.3353 3.36802 0.0610686 6.9263 -95.087 3.3697
7.19317 -95.4122 3.36928 0.0605373 6.9263 -95.087 3.3697
6.75884 -95.3533 3.36627 0.0391761 6.9263 -95.087 3.3697
7.04768 -95.092 3.38086 0.354698 6.9263 -95.087 3.3697
6.84226 -95.4322 3.36931 0.127159 6.9263 -95.087 3.3697
6.68495 -95.4636 3.3662 0.0183923 6.9263 -95.087 3.3697
6.83688 -95.0988 3.37121 0.0566841 6.9263 -95.087 3.3697
7.03652 -95.2723 3.36841 0.111611 6.9263 -95.087 3.3697
7.11996 -95.0533 3.38231 0.28658 6.9263 -95.087 3.3697
7.01735 -95.0879 3.3664 0.0085783 6.9263 -95.087 3.3697
6.93257 -94.9621 3.38215 0.0611141 6.9263 -95.087 3.3697
6.83908 -94.9861 3.37367 0.0259669 6.9263 -95.087 3.3697
6.78236 -95.5541 3.37061 0.0412689 6.9263 -95.087 3.3697
6.88678 -95.4161 3.3723 0.233226 6.9263 -95.087 3.3697
7.25523 -95.2702 3.38652 0.0938151 6.9263 -95.087 3.3697
6.82242 -94.9918 3.37947 0.0346173 6.9263 -95.087 3.3697
6.83688 -95.0988 3.37121 0.0566841 6.9263 -95.087 3.3697
7.11996 -95.0533 3.38231 0.28658 6.9263 -95.087 3.3697
6.84226 -95.4322 3.36931 0.127159 6.9263 -95.087 3.3697
6.85104 -95.2615 3.36685 0.056866 6.9263 -95.087 3.3697
6.68495 -95.4636 3.3662 0.0183923 6.9263 -95.087 3.3697
6.95704 -95.284 3.36505 0.0324226 6.9263 -95.087 3.3697
7.12601 -95.6119 3.36996 0.0310839 6.9263 -95.087 3.3697
7.25523 -95.2702 3.38652 0.0938151 6.9263 -95.087 3.3697
7.04768 -95.092 3.38086 0.354698 6.9263 -95.087 3.3697
6.93257 -94.9621 3.38215 0.0611141 6.9263 -95.087 3.3697
6.88678 -95.4161 3.3723 0.233226 6.9263 -95.087 3.3697
6.88678 -95.4161 3.3723 0.233226 6.9263 -95.087 3.3697
7.03652 -95.2723 3.36841 0.111611 6.9263 -95.087 3.3697
7.12601 -95.6119 3.36996 0.0310839 6.9263 -95.087 3.3697
6.85104 -95.2615 3.36685 0.056866 6.9263 -95.087 3.3697
6.83908 -94.9861 3.37367 0.0259669 6.9263 -95.087 3.3697
7.03652 -95.2723 3.36841 0.111611 6.9263 -95.087 3.3697
7.22594 -95.4466 3.37193 0.0837674 6.9263 -95.087 3.3697
6.76125 -95.3353 3.36802 0.0610686 6.9263 -95.087 3.3697
6.88678 -95.4161 3.3723 0.233226 6.9263 -95.087 3.3697
6.88678 -95.4161 3.3723 0.233226 6.9263 -95.087 3.3697
6.78236 -95.5541 3.37061 0.0412689 6.9263 -95.087 3.3697
6.88678 -95.4161 3.3723 0.233226 6.9263 -95.087 3.3697
6.82631 -95.3019 3.37042 0.152723 6.9263 -95.087 3.3697
6.88678 -95.4161 3.3723 0.233226 6.9263 -95.087 3.3697
6.82631 -95.3019 3.37042 0.152723 6.9263 -95.087 3.3697
