251.569 -18.6229 3.13072 0.29074 251.8 -18.599 3.1351
251.791 -18.7858 3.1405 0.0253364 251.8 -18.599 3.1351
251.791 -18.7858 3.1405 0.0253364 251.8 -18.599 3.1351
251.569 -18.688 3.12874 0.26401 251.8 -18.599 3.1351
251.569 -18.6229 3.13072 0.29074 251.8 -18.599 3.1351
251.643 -18.6604 3.13461 0.184297 251.8 -18.599 3.1351
251.801 -18.6747 3.13134 0.0447332 251.8 -18.599 3.1351
251.676 -18.7141 3.13278 0.224498 251.8 -18.599 3.1351
251.569 -18.6229 3.13072 0.29074 251.8 -18.599 3.1351
251.454 -18.6604 3.124 0.116541 251.8 -18.599 3.1351
251.801 -18.6747 3.13134 0.0447332 251.8 -18.599 3.1351
251.922 -18.5546 3.13405 0.00598997 251.8 -18.599 3.1351
251.676 -18.7141 3.13278 0.224498 251.8 -18.599 3.1351
251.454 -18.6604 3.124 0.116541 251.8 -18.599 3.1351
251.569 -18.688 3.12874 0.26401 251.8 -18.599 3.1351
251.676 -18.7141 3.13278 0.224498 251.8 -18.599 3.1351
251.833 -18.7405 3.13483 0.0622986 251.8 -18.599 3.1351
251.848 -18.703 3.1359 0.055898 251.8 -18.599 3.1351
251.894 -18.6904 3.14212 0.00812667 251.8 -18.599 3.1351
251.848 -18.703 3.1359 0.055898 251.8 -18.599 3.1351
251.65 -18.8088 3.1381 0.0484799 251.8 -18.599 3.1351
251.643 -18.6604 3.13461 0.184297 251.8 -18.599 3.1351
251.569 -18.6229 3.13072 0.29074 251.8 -18.599 3.1351
251.569 -18.6229 3.13072 0.29074 251.8 -18.599 3.1351
251.676 -18.7141 3.13278 0.224498 251.8 -18.599 3.1351
251.643 -18.6604 3.13461 0.184297 251.8 -18.599 3.1351
251.553 -18.325 3.12922 0.00595593 251.8 -18.599 3.1351
251.676 -18.7141 3.13278 0.224498 251.8 -18.599 3.1351
251.569 -18.688 3.12874 0.26401 251.8 -18.599 3.1351
251.569 -18.6229 3.13072 0.29074 251.8 -18.599 3.1351
251.457 -18.8537 3.12724 0.076192 251.8 -18.599 3.1351
251.569 -18.688 3.12874 0.26401 251.8 -18.599 3.1351
251.676 -18.7141 3.13278 0.224498 251.8 -18.599 3.1351
251.833 -18.7405 3.13483 0.0622986 251.8 -18.599 3.1351
251.569 -18.688 3.12874 0.26401 251.8 -18.599 3.1351
251.801 -18.6747 3.13134 0.0447332 251.8 -18.599 3.1351
251.454 -18.6604 3.124 0.116541 251.8 -18.599 3.1351
251.569 -18.6229 3.13072 0.29074 251.8 -18.599 3.1351
251.676 -18.7141 3.13278 0.224498 251.8 -18.599 3.1351
251.801 -18.6747 3.13134 0.0447332 251.8 -18.599 3.1351
251.853 -18.579 3.13417 0.0250303 251.8 -18.599 3.1351
251.569 -18.6229 3.13072 0.29074 251.8 -18.599 3.1351
251.676 -18.7141 3.13278 0.224498 251.8 -18.599 3.1351
251.719 -18.5414 3.12779 0.0224886 251.8 -18.599 3.1351
251.569 -18.688 3.12874 0.26401 251.8 -18.599 3.1351
251.676 -18.7141 3.13278 0.224498 251.8 -18.599 3.1351
251.457 -18.8537 3.12724 0.076192 251.8 -18.599 3.1351
251.643 -18.6604 3.13461 0.184297 251.8 -18.599 3.1351
252.052 -18.7866 3.14212 0.00263332 251.8 -18.599 3.1351
251.569 -18.6229 3.13072 0.29074 251.8 -18.599 3.1351
251.569 -18.6229 3.13072 0.29074 251.8 -18.599 3.1351
251.676 -18.7141 3.13278 0.224498 251.8 -18.599 3.1351
251.643 -18.6604 3.13461 0.184297 251.8 -18.599 3.1351
251.569 -18.6229 3.13072 0.29074 251.8 -18.599 3.1351
251.569 -18.6229 3.13072 0.29074 251.8 -18.599 3.1351
251.569 -18.688 3.12874 0.26401 251.8 -18.599 3.1351
251.457 -18.8537 3.12724 0.076192 251.8 -18.599 3.1351
251.676 -18.7141 3.13278 0.224498 251.8 -18.599 3.1351
251.793 -18.6935 3.14216 0.00798044 251.8 -18.599 3.1351
251.676 -18.7141 3.13278 0.224498 251.8 -18.599 3.1351
251.569 -18.688 3.12874 0.26401 251.8 -18.599 3.1351
251.569 -18.688 3.12874 0.26401 251.8 -18.599 3.1351
251.569 -18.688 3.12874 0.26401 251.8 -18.599 3.1351
251.569 -18.688 3.12874 0.26401 251.8 -18.599 3.1351
251.643 -18.6604 3.13461 0.184297 251.8 -18.599 3.1351
251.518 -18.7741 3.13665 0.0375027 251.8 -18.599 3.1351
251.569 -18.6229 3.13072 0.29074 251.8 -18.599 3.1351
251.457 -18.8537 3.12724 0.076192 251.8 -18.599 3.1351
251.569 -18.688 3.12874 0.26401 251.8 -18.599 3.1351
251.796 -18.8428 3.1276 0.00214819 251.8 -18.599 3.1351
251.676 -18.7141 3.13278 0.224498 251.8 -18.599 3.1351
251.454 -18.6604 3.124 0.116541 251.8 -18.599 3.1351
251.676 -18.7141 3.13278 0.224498 251.8 -18.599 3.1351
251.569 -18.6229 3.13072 0.29074 251.8 -18.599 3.1351
251.643 -18.6604 3.13461 0.184297 251.8 -18.599 3.1351
251.518 -18.7741 3.13665 0.0375027 251.8 -18.599 3.1351
251.894 -18.6904 3.14212 0.00812667 251.8 -18.599 3.1351
251.736 -18.5592 3.12886 0.0312709 251.8 -18.599 3.1351
251.736 -18.5592 3.12886 0.0312709 251.8 -18.599 3.1351
251.553 -18.325 3.12922 0.00595593 251.8 -18.599 3.1351
251.569 -18.688 3.12874 0.26401 251.8 -18.599 3.1351
251.931 -18.6883 3.14027 0.0131695 251.8 -18.599 3.1351
251.801 -18.6747 3.13134 0.0447332 251.8 -18.599 3.1351
251.569 -18.6229 3.13072 0.29074 251.8 -18.599 3.1351
251.934 -18.7729 3.13543 0.0139289 251.8 -18.599 3.1351
251.643 -18.6604 3.13461 0.184297 251.8 -18.599 3.1351
251.676 -18.7141 3.13278 0.224498 251.8 -18.599 3.1351
251.643 -18.6604 3.13461 0.184297 251.8 -18.599 3.1351
251.676 -18.7141 3.13278 0.224498 251.8 -18.599 3.1351
252.075 -18.6485 3.14261 0.000995169 251.8 -18.599 3.1351
251.833 -18.7405 3.13483 0.0622986 251.8 -18.599 3.1351
251.569 -18.688 3.12874 0.26401 251.8 -18.599 3.1351
251.569 -18.688 3.12874 0.26401 251.8 -18.599 3.1351
251.569 -18.6229 3.13072 0.29074 251.8 -18.599 3.1351
251.569 -18.688 3.12874 0.26401 251.8 -18.599 3.1351
251.736 -18.5592 3.12886 0.0312709 251.8 -18.599 3.1351
251.569 -18.6229 3.13072 0.29074 251.8 -18.599 3.1351
251.854 -18.5749 3.13022 0.00699312 251.8 -18.599 3.1351
251.569 -18.688 3.12874 0.26401 251.8 -18.599 3.1351
251.569 -18.6229 3.13072 0.29074 251.8 -18.599 3.1351
251.993 -18.5943 3.13681 0.00363344 251.8 -18.599 3.1351
251.643 -18.6604 3.13461 0.184297 251.8 -18.599 3.1351
251.848 -18.703 3.1359 0.055898 251.8 -18.599 3.1351
251.676 -18.7141 3.13278 0.224498 251.8 -18.599 3.1351
252.043 -18.888 3.14011 0.00214664 251.8 -18.599 3.1351
251.854 -18.5749 3.13022 0.00699312 251.8 -18.599 3.1351
251.922 -18.5546 3.13405 0.00598997 251.8 -18.599 3.1351
251.736 -18.5592 3.12886 0.0312709 251.8 -18.599 3.1351
251.824 -18.979 3.1361 0.00860384 251.8 -18.599 3.1351
252.075 -18.6485 3.14261 0.000995169 251.8 -18.599 3.1351
251.676 -18.7141 3.13278 0.224498 251.8 -18.599 3.1351
251.934 -18.7729 3.13543 0.0139289 251.8 -18.599 3.1351
251.454 -18.6604 3.124 0.116541 251.8 -18.599 3.1351
251.569 -18.688 3.12874 0.26401 251.8 -18.599 3.1351
251.848 -18.703 3.1359 0.055898 251.8 -18.599 3.1351
251.457 -18.8537 3.12724 0.076192 251.8 -18.599 3.1351
251.65 -18.8088 3.1381 0.0484799 251.8 -18.599 3.1351
251.569 -18.6229 3.13072 0.29074 251.8 -18.599 3.1351
251.676 -18.7141 3.13278 0.224498 251.8 -18.599 3.1351
251.676 -18.7141 3.13278 0.224498 251.8 -18.599 3.1351
251.569 -18.6229 3.13072 0.29074 251.8 -18.599 3.1351
251.518 -18.7741 3.13665 0.0375027 251.8 -18.599 3.1351
251.569 -18.6229 3.13072 0.29074 251.8 -18.599 3.1351
251.569 -18.6229 3.13072 0.29074 251.8 -18.599 3.1351
251.569 -18.688 3.12874 0.26401 251.8 -18.599 3.1351
251.676 -18.7141 3.13278 0.224498 251.8 -18.599 3.1351
252.075 -18.6485 3.14261 0.000995169 251.8 -18.599 3.1351
251.569 -18.688 3.12874 0.26401 251.8 -18.599 3.1351
251.676 -18.7141 3.13278 0.224498 251.8 -18.599 3.1351
252.006 -18.7253 3.14134 0.00526388 251.8 -18.599 3.1351
251.65 -18.8088 3.1381 0.0484799 251.8 -18.599 3.1351
251.833 -18.7405 3.13483 0.0622986 251.8 -18.599 3.1351
251.643 -18.6604 3.13461 0.184297 251.8 -18.599 3.1351
251.457 -18.8537 3.12724 0.076192 251.8 -18.599 3.1351
251.569 -18.688 3.12874 0.26401 251.8 -18.599 3.1351
251.643 -18.6604 3.13461 0.184297 251.8 -18.599 3.1351
251.719 -18.5414 3.12779 0.0224886 251.8 -18.599 3.1351
251.931 -18.6883 3.14027 0.0131695 251.8 -18.599 3.1351
251.457 -18.8537 3.12724 0.076192 251.8 -18.599 3.1351
251.854 -18.5749 3.13022 0.00699312 251.8 -18.599 3.1351
251.65 -18.8088 3.1381 0.0484799 251.8 -18.599 3.1351
251.454 -18.6604 3.124 0.116541 251.8 -18.599 3.1351
251.676 -18.7141 3.13278 0.224498 251.8 -18.599 3.1351
251.894 -18.6904 3.14212 0.00812667 251.8 -18.599 3.1351
251.801 -18.6747 3.13134 0.0447332 251.8 -18.599 3.1351
251.454 -18.6604 3.124 0.116541 251.8 -18.599 3.1351
251.569 -18.6229 3.13072 0.29074 251.8 -18.599 3.1351
251.676 -18.7141 3.13278 0.224498 251.8 -18.599 3.1351
251.569 -18.688 3.12874 0.26401 251.8 -18.599 3.1351
251.643 -18.6604 3.13461 0.184297 251.8 -18.599 3.1351
251.569 -18.688 3.12874 0.26401 251.8 -18.599 3.1351
251.569 -18.6229 3.13072 0.29074 251.8 -18.599 3.1351
251.801 -18.6747 3.13134 0.0447332 251.8 -18.599 3.1351
251.833 -18.7405 3.13483 0.0622986 251.8 -18.599 3.1351
251.454 -18.6604 3.124 0.116541 251.8 -18.599 3.1351
251.643 -18.6604 3.13461 0.184297 251.8 -18.599 3.1351
251.643 -18.6604 3.13461 0.184297 251.8 -18.599 3.1351
251.676 -18.7141 3.13278 0.224498 251.8 -18.599 3.1351
251.569 -18.6229 3.13072 0.29074 251.8 -18.599 3.1351
251.848 -18.703 3.1359 0.055898 251.8 -18.599 3.1351
251.934 -18.7729 3.13543 0.0139289 251.8 -18.599 3.1351
251.676 -18.7141 3.13278 0.224498 251.8 -18.599 3.1351
251.569 -18.688 3.12874 0.26401 251.8 -18.599 3.1351
251.966 -18.8019 3.14904 6.91716e-05 251.8 -18.599 3.1351
251.793 -18.6935 3.14216 0.00798044 251.8 -18.599 3.1351
251.854 -18.5749 3.13022 0.00699312 251.8 -18.599 3.1351
251.454 -18.6604 3.124 0.116541 251.8 -18.599 3.1351
251.65 -18.8088 3.1381 0.0484799 251.8 -18.599 3.1351
251.457 -18.8537 3.12724 0.076192 251.8 -18.599 3.1351
251.676 -18.7141 3.13278 0.224498 251.8 -18.599 3.1351
251.569 -18.6229 3.13072 0.29074 251.8 -18.599 3.1351
251.643 -18.6604 3.13461 0.184297 251.8 -18.599 3.1351
251.676 -18.7141 3.13278 0.224498 251.8 -18.599 3.1351
251.569 -18.6229 3.13072 0.29074 251.8 -18.599 3.1351
251.983 -18.7919 3.13509 0.00437089 251.8 -18.599 3.1351
252.052 -18.7866 3.14212 0.00263332 251.8 -18.599 3.1351
251.853 -18.579 3.13417 0.0250303 251.8 -18.599 3.1351
251.569 -18.6229 3.13072 0.29074 251.8 -18.599 3.1351
251.801 -18.6747 3.13134 0.0447332 251.8 -18.599 3.1351
251.454 -18.6604 3.124 0.116541 251.8 -18.599 3.1351
251.676 -18.7141 3.13278 0.224498 251.8 -18.599 3.1351
251.569 -18.6229 3.13072 0.29074 251.8 -18.599 3.1351
251.569 -18.6229 3.13072 0.29074 251.8 -18.599 3.1351
251.457 -18.8537 3.12724 0.076192 251.8 -18.599 3.1351
251.854 -18.5749 3.13022 0.00699312 251.8 -18.599 3.1351
251.65 -18.8088 3.1381 0.0484799 251.8 -18.599 3.1351
251.569 -18.6229 3.13072 0.29074 251.8 -18.599 3.1351
251.643 -18.6604 3.13461 0.184297 251.8 -18.599 3.1351
251.833 -18.7405 3.13483 0.0622986 251.8 -18.599 3.1351
251.569 -18.6229 3.13072 0.29074 251.8 -18.599 3.1351
251.569 -18.6229 3.13072 0.29074 251.8 -18.599 3.1351
251.676 -18.7141 3.13278 0.224498 251.8 -18.599 3.1351
251.518 -18.7741 3.13665 0.0375027 251.8 -18.599 3.1351
251.643 -18.6604 3.13461 0.184297 251.8 -18.599 3.1351
251.569 -18.688 3.12874 0.26401 251.8 -18.599 3.1351
251.676 -18.7141 3.13278 0.224498 251.8 -18.599 3.1351
251.848 -18.703 3.1359 0.055898 251.8 -18.599 3.1351
251.833 -18.7405 3.13483 0.0622986 251.8 -18.599 3.1351
251.569 -18.6229 3.13072 0.29074 251.8 -18.599 3.1351
251.569 -18.6229 3.13072 0.29074 251.8 -18.599 3.1351
