-41.243 -49.1478 1.57213 0.443585 -41.206 -49.308 1.5721
-41.0202 -49.3684 1.57313 1.59931 -41.206 -49.308 1.5721
-41.2558 -49.5088 1.56857 0.294517 -41.206 -49.308 1.5721
-41.0848 -49.4605 1.57034 1.09605 -41.206 -49.308 1.5721
-41.1602 -49.4171 1.57388 0.992295 -41.206 -49.308 1.5721
-41.2651 -49.3513 1.56624 1.1092 -41.206 -49.308 1.5721
-41.088 -49.2406 1.57132 2.03493 -41.206 -49.308 1.5721
-41.1661 -49.4144 1.57309 1.11265 -41.206 -49.308 1.5721
-41.1127 -49.3174 1.57075 2.34155 -41.206 -49.308 1.5721
-41.088 -49.2406 1.57132 2.03493 -41.206 -49.308 1.5721
-41.2651 -49.3513 1.56624 1.1092 -41.206 -49.308 1.5721
-41.0202 -49.3684 1.57313 1.59931 -41.206 -49.308 1.5721
-41.1661 -49.4144 1.57309 1.11265 -41.206 -49.308 1.5721
-41.243 -49.1478 1.57213 0.443585 -41.206 -49.308 1.5721
-41.2018 -49.3749 1.56947 1.55329 -41.206 -49.308 1.5721
-40.9073 -49.3882 1.57179 0.78338 -41.206 -49.308 1.5721
-41.3016 -49.2593 1.57487 0.166441 -41.206 -49.308 1.5721
-41.1602 -49.4171 1.57388 0.992295 -41.206 -49.308 1.5721
-41.0202 -49.3684 1.57313 1.59931 -41.206 -49.308 1.5721
-41.0311 -48.8902 1.56294 0.094535 -41.206 -49.308 1.5721
-41.1612 -49.2853 1.56861 2.51031 -41.206 -49.308 1.5721
-41.1138 -49.3724 1.56688 1.60929 -41.206 -49.308 1.5721
-41.1138 -49.3724 1.56688 1.60929 -41.206 -49.308 1.5721
-41.1331 -49.457 1.57034 1.09672 -41.206 -49.308 1.5721
-41.2006 -49.3049 1.5798 0.0594996 -41.206 -49.308 1.5721
-41.0202 -49.3684 1.57313 1.59931 -41.206 -49.308 1.5721
-41.2651 -49.3513 1.56624 1.1092 -41.206 -49.308 1.5721
-41.1331 -49.457 1.57034 1.09672 -41.206 -49.308 1.5721
-41.1138 -49.3724 1.56688 1.60929 -41.206 -49.308 1.5721
-41.2012 -49.0678 1.57247 0.214166 -41.206 -49.308 1.5721
-40.9746 -49.2534 1.57235 1.34043 -41.206 -49.308 1.5721
-41.3647 -48.8619 1.56025 0.0545709 -41.206 -49.308 1.5721
-41.5319 -49.1778 1.56219 0.0524374 -41.206 -49.308 1.5721
-41.2651 -49.3513 1.56624 1.1092 -41.206 -49.308 1.5721
-41.0202 -49.3684 1.57313 1.59931 -41.206 -49.308 1.5721
-40.9968 -49.0048 1.5693 0.249734 -41.206 -49.308 1.5721
-41.0202 -49.3684 1.57313 1.59931 -41.206 -49.308 1.5721
-41.0438 -49.1804 1.5698 1.7613 -41.206 -49.308 1.5721
-40.9073 -49.3882 1.57179 0.78338 -41.206 -49.308 1.5721
-41.1127 -49.3174 1.57075 2.34155 -41.206 -49.308 1.5721
-41.1661 -49.4144 1.57309 1.11265 -41.206 -49.308 1.5721
-41.088 -49.2406 1.57132 2.03493 -41.206 -49.308 1.5721
-41.1661 -49.4144 1.57309 1.11265 -41.206 -49.308 1.5721
-41.1612 -49.2853 1.56861 2.51031 -41.206 -49.308 1.5721
-41.3476 -49.1366 1.56669 0.569997 -41.206 -49.308 1.5721
-40.8793 -49.2092 1.56594 0.364544 -41.206 -49.308 1.5721
-40.9073 -49.3882 1.57179 0.78338 -41.206 -49.308 1.5721
-41.1933 -49.2191 1.56007 0.822574 -41.206 -49.308 1.5721
-41.2651 -49.3513 1.56624 1.1092 -41.206 -49.308 1.5721
-41.1127 -49.3174 1.57075 2.34155 -41.206 -49.308 1.5721
-41.0677 -49.3302 1.5725 1.94928 -41.206 -49.308 1.5721
-41.1612 -49.2853 1.56861 2.51031 -41.206 -49.308 1.5721
-41.3476 -49.1366 1.56669 0.569997 -41.206 -49.308 1.5721
-41.2563 -49.3406 1.56862 1.31644 -41.206 -49.308 1.5721
-41.1138 -49.3724 1.56688 1.60929 -41.206 -49.308 1.5721
-41.1331 -49.457 1.57034 1.09672 -41.206 -49.308 1.5721
-41.0202 -49.3684 1.57313 1.59931 -41.206 -49.308 1.5721
-41.1612 -49.2853 1.56861 2.51031 -41.206 -49.308 1.5721
-41.0202 -49.3684 1.57313 1.59931 -41.206 -49.308 1.5721
-41.0848 -49.4605 1.57034 1.09605 -41.206 -49.308 1.5721
-41.1138 -49.3724 1.56688 1.60929 -41.206 -49.308 1.5721
-40.9068 -49.3897 1.5704 0.694997 -41.206 -49.308 1.5721
-41.1127 -49.3174 1.57075 2.34155 -41.206 -49.308 1.5721
-41.1602 -49.4171 1.57388 0.992295 -41.206 -49.308 1.5721
-41.2257 -49.3544 1.57005 1.42706 -41.206 -49.308 1.5721
-41.088 -49.2406 1.57132 2.03493 -41.206 -49.308 1.5721
-41.0848 -49.4605 1.57034 1.09605 -41.206 -49.308 1.5721
-41.3647 -48.8619 1.56025 0.0545709 -41.206 -49.308 1.5721
-41.0202 -49.3684 1.57313 1.59931 -41.206 -49.308 1.5721
-41.1612 -49.2853 1.56861 2.51031 -41.206 -49.308 1.5721
-41.3492 -49.3006 1.56678 0.656814 -41.206 -49.308 1.5721
-41.1138 -49.3724 1.56688 1.60929 -41.206 -49.308 1.5721
-40.9073 -49.3882 1.57179 0.78338 -41.206 -49.308 1.5721
-41.2257 -49.3544 1.57005 1.42706 -41.206 -49.308 1.5721
-40.923 -49.1923 1.57268 0.640296 -41.206 -49.308 1.5721
-41.2022 -49.0508 1.55436 0.119414 -41.206 -49.308 1.5721
-41.1661 -49.4144 1.57309 1.11265 -41.206 -49.308 1.5721
-41.2563 -49.3406 1.56862 1.31644 -41.206 -49.308 1.5721
-41.1933 -49.2191 1.56007 0.822574 -41.206 -49.308 1.5721
-41.0438 -49.1804 1.5698 1.7613 -41.206 -49.308 1.5721
-41.4582 -49.4873 1.56856 0.025691 -41.206 -49.308 1.5721
-41.088 -49.2406 1.57132 2.03493 -41.206 -49.308 1.5721
-41.3799 -49.2448 1.56912 0.341702 -41.206 -49.308 1.5721
-41.2257 -49.3544 1.57005 1.42706 -41.206 -49.308 1.5721
-41.1661 -49.4144 1.57309 1.11265 -41.206 -49.308 1.5721
-41.088 -49.2406 1.57132 2.03493 -41.206 -49.308 1.5721
-41.1331 -49.457 1.57034 1.09672 -41.206 -49.308 1.5721
-41.2022 -49.0508 1.55436 0.119414 -41.206 -49.308 1.5721
-41.2563 -49.3406 1.56862 1.31644 -41.206 -49.308 1.5721
-41.0202 -49.3684 1.57313 1.59931 -41.206 -49.308 1.5721
-41.2563 -49.3406 1.56862 1.31644 -41.206 -49.308 1.5721
-41.088 -49.2406 1.57132 2.03493 -41.206 -49.308 1.5721
-41.088 -49.2406 1.57132 2.03493 -41.206 -49.308 1.5721
-41.1138 -49.3724 1.56688 1.60929 -41.206 -49.308 1.5721
-41.1138 -49.3724 1.56688 1.60929 -41.206 -49.308 1.5721
-41.0677 -49.3302 1.5725 1.94928 -41.206 -49.308 1.5721
-41.1661 -49.4144 1.57309 1.11265 -41.206 -49.308 1.5721
-41.0311 -48.8902 1.56294 0.094535 -41.206 -49.308 1.5721
-41.2257 -49.3544 1.57005 1.42706 -41.206 -49.308 1.5721
-41.088 -49.2406 1.57132 2.03493 -41.206 -49.308 1.5721
-41.1612 -49.2853 1.56861 2.51031 -41.206 -49.308 1.5721
-40.923 -49.1923 1.57268 0.640296 -41.206 -49.308 1.5721
-41.1127 -49.3174 1.57075 2.34155 -41.206 -49.308 1.5721
-40.9073 -49.3882 1.57179 0.78338 -41.206 -49.308 1.5721
-41.1127 -49.3174 1.57075 2.34155 -41.206 -49.308 1.5721
-40.9746 -49.2534 1.57235 1.34043 -41.206 -49.308 1.5721
-41.088 -49.2406 1.57132 2.03493 -41.206 -49.308 1.5721
-40.9073 -49.3882 1.57179 0.78338 -41.206 -49.308 1.5721
-41.3016 -49.2593 1.57487 0.166441 -41.206 -49.308 1.5721
-41.0202 -49.3684 1.57313 1.59931 -41.206 -49.308 1.5721
-41.088 -49.2406 1.57132 2.03493 -41.206 -49.308 1.5721
-41.2563 -49.3406 1.56862 1.31644 -41.206 -49.308 1.5721
-41.088 -49.2406 1.57132 2.03493 -41.206 -49.308 1.5721
-41.1127 -49.3174 1.57075 2.34155 -41.206 -49.308 1.5721
-41.1331 -49.457 1.57034 1.09672 -41.206 -49.308 1.5721
-41.1933 -49.2191 1.56007 0.822574 -41.206 -49.308 1.5721
-40.9068 -49.3897 1.5704 0.694997 -41.206 -49.308 1.5721
-41.088 -49.2406 1.57132 2.03493 -41.206 -49.308 1.5721
-41.0202 -49.3684 1.57313 1.59931 -41.206 -49.308 1.5721
-41.3476 -49.1366 1.56669 0.569997 -41.206 -49.308 1.5721
-40.923 -49.1923 1.57268 0.640296 -41.206 -49.308 1.5721
-41.0202 -49.3684 1.57313 1.59931 -41.206 -49.308 1.5721
-41.1612 -49.2853 1.56861 2.51031 -41.206 -49.308 1.5721
-41.1914 -49.3511 1.57763 0.252362 -41.206 -49.308 1.5721
-41.2651 -49.3513 1.56624 1.1092 -41.206 -49.308 1.5721
-41.1612 -49.2853 1.56861 2.51031 -41.206 -49.308 1.5721
-41.2651 -49.3513 1.56624 1.1092 -41.206 -49.308 1.5721
-41.2563 -49.3406 1.56862 1.31644 -41.206 -49.308 1.5721
-41.088 -49.2406 1.57132 2.03493 -41.206 -49.308 1.5721
-41.3476 -49.1366 1.56669 0.569997 -41.206 -49.308 1.5721
-41.1127 -49.3174 1.57075 2.34155 -41.206 -49.308 1.5721
-41.2257 -49.3544 1.57005 1.42706 -41.206 -49.308 1.5721
-41.1138 -49.3724 1.56688 1.60929 -41.206 -49.308 1.5721
-41.1612 -49.2853 1.56861 2.51031 -41.206 -49.308 1.5721
-40.9773 -49.4524 1.58023 0.23654 -41.206 -49.308 1.5721
-40.923 -49.1923 1.57268 0.640296 -41.206 -49.308 1.5721
-40.9746 -49.2534 1.57235 1.34043 -41.206 -49.308 1.5721
-41.1127 -49.3174 1.57075 2.34155 -41.206 -49.308 1.5721
-41.0202 -49.3684 1.57313 1.59931 -41.206 -49.308 1.5721
-41.0677 -49.3302 1.5725 1.94928 -41.206 -49.308 1.5721
-40.923 -49.1923 1.57268 0.640296 -41.206 -49.308 1.5721
-40.8793 -49.2092 1.56594 0.364544 -41.206 -49.308 1.5721
-41.2651 -49.3513 1.56624 1.1092 -41.206 -49.308 1.5721
-41.1661 -49.4144 1.57309 1.11265 -41.206 -49.308 1.5721
-41.2018 -49.3749 1.56947 1.55329 -41.206 -49.308 1.5721
-41.0885 -49.4326 1.56528 0.590663 -41.206 -49.308 1.5721
-40.9746 -49.2534 1.57235 1.34043 -41.206 -49.308 1.5721
-41.2563 -49.3406 1.56862 1.31644 -41.206 -49.308 1.5721
-41.0438 -49.1804 1.5698 1.7613 -41.206 -49.308 1.5721
-41.0677 -49.3302 1.5725 1.94928 -41.206 -49.308 1.5721
-40.9746 -49.2534 1.57235 1.34043 -41.206 -49.308 1.5721
-40.923 -49.1923 1.57268 0.640296 -41.206 -49.308 1.5721
-41.0438 -49.1804 1.5698 1.7613 -41.206 -49.308 1.5721
-41.0677 -49.3302 1.5725 1.94928 -41.206 -49.308 1.5721
-41.0677 -49.3302 1.5725 1.94928 -41.206 -49.308 1.5721
-41.3157 -49.45 1.5623 0.114952 -41.206 -49.308 1.5721
-41.2651 -49.3513 1.56624 1.1092 -41.206 -49.308 1.5721
-41.2018 -49.3749 1.56947 1.55329 -41.206 -49.308 1.5721
-41.1127 -49.3174 1.57075 2.34155 -41.206 -49.308 1.5721
-41.088 -49.2406 1.57132 2.03493 -41.206 -49.308 1.5721
-40.9073 -49.3882 1.57179 0.78338 -41.206 -49.308 1.5721
-41.088 -49.2406 1.57132 2.03493 -41.206 -49.308 1.5721
-41.1612 -49.2853 1.56861 2.51031 -41.206 -49.308 1.5721
-41.3492 -49.3006 1.56678 0.656814 -41.206 -49.308 1.5721
-41.2018 -49.3749 1.56947 1.55329 -41.206 -49.308 1.5721
-40.9073 -49.3882 1.57179 0.78338 -41.206 -49.308 1.5721
-41.1661 -49.4144 1.57309 1.11265 -41.206 -49.308 1.5721
-41.0677 -49.3302 1.5725 1.94928 -41.206 -49.308 1.5721
-41.2087 -48.9636 1.57067 0.0802737 -41.206 -49.308 1.5721
-40.9746 -49.2534 1.57235 1.34043 -41.206 -49.308 1.5721
-40.9746 -49.2534 1.57235 1.34043 -41.206 -49.308 1.5721
-41.1317 -49.5514 1.56736 0.202837 -41.206 -49.308 1.5721
-41.1602 -49.4171 1.57388 0.992295 -41.206 -49.308 1.5721
-41.3492 -49.3006 1.56678 0.656814 -41.206 -49.308 1.5721
-41.2257 -49.3544 1.57005 1.42706 -41.206 -49.308 1.5721
-41.2018 -49.3749 1.56947 1.55329 -41.206 -49.308 1.5721
-41.2651 -49.3513 1.56624 1.1092 -41.206 -49.308 1.5721
-41.2257 -49.3544 1.57005 1.42706 -41.206 -49.308 1.5721
-41.2651 -49.3513 1.56624 1.1092 -41.206 -49.308 1.5721
-41.1602 -49.4171 1.57388 0.992295 -41.206 -49.308 1.5721
-41.2018 -49.3749 1.56947 1.55329 -41.206 -49.308 1.5721
-41.0202 -49.3684 1.57313 1.59931 -41.206 -49.308 1.5721
-41.1933 -49.2191 1.56007 0.822574 -41.206 -49.308 1.5721
-41.0677 -49.3302 1.5725 1.94928 -41.206 -49.308 1.5721
-40.95 -49.1423 1.57531 0.237207 -41.206 -49.308 1.5721
-41.3476 -49.1366 1.56669 0.569997 -41.206 -49.308 1.5721
-41.2257 -49.3544 1.57005 1.42706 -41.206 -49.308 1.5721
-40.9746 -49.2534 1.57235 1.34043 -41.206 -49.308 1.5721
-41.1933 -49.2191 1.56007 0.822574 -41.206 -49.308 1.5721
-41.0885 -49.4326 1.56528 0.590663 -41.206 -49.308 1.5721
-41.0885 -49.4326 1.56528 0.590663 -41.206 -49.308 1.5721
-41.1933 -49.2191 1.56007 0.822574 -41.206 -49.308 1.5721
-41.2563 -49.3406 1.56862 1.31644 -41.206 -49.308 1.5721
-41.0438 -49.1804 1.5698 1.7613 -41.206 -49.308 1.5721
-41.1127 -49.3174 1.57075 2.34155 -41.206 -49.308 1.5721
-41.2563 -49.3406 1.56862 1.31644 -41.206 -49.308 1.5721
-41.1602 -49.4171 1.57388 0.992295 -41.206 -49.308 1.5721
-41.2012 -49.0678 1.57247 0.214166 -41.206 -49.308 1.5721
-41.2087 -48.9636 1.57067 0.0802737 -41.206 -49.308 1.5721
-40.9073 -49.3882 1.57179 0.78338 -41.206 -49.308 1.5721
