65.0414 14.74 0.11609 0.0701061 64.85 14.947 0.10414
64.83 14.745 0.115807 0.218991 64.85 14.947 0.10414
64.8152 14.8539 0.116893 0.097022 64.85 14.947 0.10414
64.6351 14.6697 0.117665 0.116229 64.85 14.947 0.10414
64.6167 14.716 0.118016 0.0878999 64.85 14.947 0.10414
64.6621 14.8289 0.110352 0.0709127 64.85 14.947 0.10414
65.0414 14.74 0.11609 0.0701061 64.85 14.947 0.10414
64.83 14.745 0.115807 0.218991 64.85 14.947 0.10414
64.7799 14.9102 0.117484 0.0484853 64.85 14.947 0.10414
65.0414 14.74 0.11609 0.0701061 64.85 14.947 0.10414
64.5897 14.6791 0.113523 0.0784293 64.85 14.947 0.10414
64.8152 14.8539 0.116893 0.097022 64.85 14.947 0.10414
64.6351 14.6697 0.117665 0.116229 64.85 14.947 0.10414
65.0385 14.843 0.103941 0.0214554 64.85 14.947 0.10414
65.038 14.6275 0.107945 0.0584669 64.85 14.947 0.10414
64.6351 14.6697 0.117665 0.116229 64.85 14.947 0.10414
64.7247 14.8314 0.100447 0.00855567 64.85 14.947 0.10414
64.8488 14.9626 0.10559 0.0240281 64.85 14.947 0.10414
64.5897 14.6791 0.113523 0.0784293 64.85 14.947 0.10414
64.83 14.745 0.115807 0.218991 64.85 14.947 0.10414
64.6167 14.716 0.118016 0.0878999 64.85 14.947 0.10414
64.8488 14.9626 0.10559 0.0240281 64.85 14.947 0.10414
65.0414 14.74 0.11609 0.0701061 64.85 14.947 0.10414
65.0414 14.74 0.11609 0.0701061 64.85 14.947 0.10414
64.83 14.745 0.115807 0.218991 64.85 14.947 0.10414
64.6621 14.8289 0.110352 0.0709127 64.85 14.947 0.10414
64.6893 14.8228 0.102615 0.0154685 64.85 14.947 0.10414
64.9098 15.0279 0.11042 0.01517 64.85 14.947 0.10414
65.038 14.6275 0.107945 0.0584669 64.85 14.947 0.10414
64.8709 14.9534 0.102326 0.0121161 64.85 14.947 0.10414
64.6952 14.7635 0.103782 0.0280531 64.85 14.947 0.10414
64.9098 15.0279 0.11042 0.01517 64.85 14.947 0.10414
64.7799 14.9102 0.117484 0.0484853 64.85 14.947 0.10414
64.8709 14.9534 0.102326 0.0121161 64.85 14.947 0.10414
64.5914 14.7437 0.115019 0.0731153 64.85 14.947 0.10414
64.6893 14.8228 0.102615 0.0154685 64.85 14.947 0.10414
65.0414 14.74 0.11609 0.0701061 64.85 14.947 0.10414
64.6167 14.716 0.118016 0.0878999 64.85 14.947 0.10414
64.8152 14.8539 0.116893 0.097022 64.85 14.947 0.10414
64.7455 14.7512 0.10538 0.062995 64.85 14.947 0.10414
64.83 14.745 0.115807 0.218991 64.85 14.947 0.10414
64.83 14.745 0.115807 0.218991 64.85 14.947 0.10414
64.7568 14.8088 0.0990494 0.00609719 64.85 14.947 0.10414
64.7247 14.8314 0.100447 0.00855567 64.85 14.947 0.10414
64.7799 14.9102 0.117484 0.0484853 64.85 14.947 0.10414
64.83 14.745 0.115807 0.218991 64.85 14.947 0.10414
64.8152 14.8539 0.116893 0.097022 64.85 14.947 0.10414
65.0414 14.74 0.11609 0.0701061 64.85 14.947 0.10414
65.1433 14.6912 0.107314 0.0193757 64.85 14.947 0.10414
64.83 14.745 0.115807 0.218991 64.85 14.947 0.10414
64.8152 14.8539 0.116893 0.097022 64.85 14.947 0.10414
64.8498 14.8358 0.103854 0.0428791 64.85 14.947 0.10414
64.5897 14.6791 0.113523 0.0784293 64.85 14.947 0.10414
64.6621 14.8289 0.110352 0.0709127 64.85 14.947 0.10414
65.0472 14.7559 0.109833 0.0709936 64.85 14.947 0.10414
64.6167 14.716 0.118016 0.0878999 64.85 14.947 0.10414
64.8488 14.9626 0.10559 0.0240281 64.85 14.947 0.10414
64.6908 14.8241 0.098581 0.00295615 64.85 14.947 0.10414
64.6351 14.6697 0.117665 0.116229 64.85 14.947 0.10414
65.0414 14.74 0.11609 0.0701061 64.85 14.947 0.10414
65.0472 14.7559 0.109833 0.0709936 64.85 14.947 0.10414
64.83 14.745 0.115807 0.218991 64.85 14.947 0.10414
64.8152 14.8539 0.116893 0.097022 64.85 14.947 0.10414
64.83 14.745 0.115807 0.218991 64.85 14.947 0.10414
64.8709 14.9534 0.102326 0.0121161 64.85 14.947 0.10414
64.6167 14.716 0.118016 0.0878999 64.85 14.947 0.10414
64.5897 14.6791 0.113523 0.0784293 64.85 14.947 0.10414
64.83 14.745 0.115807 0.218991 64.85 14.947 0.10414
64.6621 14.8289 0.110352 0.0709127 64.85 14.947 0.10414
64.83 14.745 0.115807 0.218991 64.85 14.947 0.10414
64.83 14.745 0.115807 0.218991 64.85 14.947 0.10414
64.6167 14.716 0.118016 0.0878999 64.85 14.947 0.10414
64.5914 14.7437 0.115019 0.0731153 64.85 14.947 0.10414
64.6351 14.6697 0.117665 0.116229 64.85 14.947 0.10414
64.6351 14.6697 0.117665 0.116229 64.85 14.947 0.10414
64.5914 14.7437 0.115019 0.0731153 64.85 14.947 0.10414
65.1433 14.6912 0.107314 0.0193757 64.85 14.947 0.10414
64.5914 14.7437 0.115019 0.0731153 64.85 14.947 0.10414
65.1433 14.6912 0.107314 0.0193757 64.85 14.947 0.10414
64.6167 14.716 0.118016 0.0878999 64.85 14.947 0.10414
64.83 14.745 0.115807 0.218991 64.85 14.947 0.10414
64.83 14.745 0.115807 0.218991 64.85 14.947 0.10414
64.8152 14.8539 0.116893 0.097022 64.85 14.947 0.10414
64.6621 14.8289 0.110352 0.0709127 64.85 14.947 0.10414
64.83 14.745 0.115807 0.218991 64.85 14.947 0.10414
65.038 14.6275 0.107945 0.0584669 64.85 14.947 0.10414
64.83 14.745 0.115807 0.218991 64.85 14.947 0.10414
64.6351 14.6697 0.117665 0.116229 64.85 14.947 0.10414
64.6621 14.8289 0.110352 0.0709127 64.85 14.947 0.10414
64.8857 15.0091 0.107225 0.0171828 64.85 14.947 0.10414
64.8857 15.0091 0.107225 0.0171828 64.85 14.947 0.10414
64.5914 14.7437 0.115019 0.0731153 64.85 14.947 0.10414
64.8152 14.8539 0.116893 0.097022 64.85 14.947 0.10414
65.0778 14.8717 0.0975284 0.00161081 64.85 14.947 0.10414
64.9098 15.0279 0.11042 0.01517 64.85 14.947 0.10414
64.8857 15.0091 0.107225 0.0171828 64.85 14.947 0.10414
64.6351 14.6697 0.117665 0.116229 64.85 14.947 0.10414
64.83 14.745 0.115807 0.218991 64.85 14.947 0.10414
64.83 14.745 0.115807 0.218991 64.85 14.947 0.10414
65.1433 14.6912 0.107314 0.0193757 64.85 14.947 0.10414
64.83 14.745 0.115807 0.218991 64.85 14.947 0.10414
64.83 14.745 0.115807 0.218991 64.85 14.947 0.10414
65.1563 14.8513 0.0964467 0.000493825 64.85 14.947 0.10414
64.83 14.745 0.115807 0.218991 64.85 14.947 0.10414
64.83 14.745 0.115807 0.218991 64.85 14.947 0.10414
65.1286 14.943 0.109155 0.00776598 64.85 14.947 0.10414
65.038 14.6275 0.107945 0.0584669 64.85 14.947 0.10414
64.83 14.745 0.115807 0.218991 64.85 14.947 0.10414
65.0472 14.7559 0.109833 0.0709936 64.85 14.947 0.10414
64.5897 14.6791 0.113523 0.0784293 64.85 14.947 0.10414
64.6167 14.716 0.118016 0.0878999 64.85 14.947 0.10414
64.83 14.745 0.115807 0.218991 64.85 14.947 0.10414
64.8488 14.9626 0.10559 0.0240281 64.85 14.947 0.10414
64.83 14.745 0.115807 0.218991 64.85 14.947 0.10414
64.6351 14.6697 0.117665 0.116229 64.85 14.947 0.10414
64.7455 14.7512 0.10538 0.062995 64.85 14.947 0.10414
64.5897 14.6791 0.113523 0.0784293 64.85 14.947 0.10414
64.6351 14.6697 0.117665 0.116229 64.85 14.947 0.10414
64.7455 14.7512 0.10538 0.062995 64.85 14.947 0.10414
64.7455 14.7512 0.10538 0.062995 64.85 14.947 0.10414
64.9618 14.9057 0.121232 0.0121934 64.85 14.947 0.10414
64.5914 14.7437 0.115019 0.0731153 64.85 14.947 0.10414
64.7455 14.7512 0.10538 0.062995 64.85 14.947 0.10414
64.6621 14.8289 0.110352 0.0709127 64.85 14.947 0.10414
64.6351 14.6697 0.117665 0.116229 64.85 14.947 0.10414
65.0537 15.0786 0.115848 0.00139997 64.85 14.947 0.10414
64.5897 14.6791 0.113523 0.0784293 64.85 14.947 0.10414
64.83 14.745 0.115807 0.218991 64.85 14.947 0.10414
64.6621 14.8289 0.110352 0.0709127 64.85 14.947 0.10414
64.83 14.745 0.115807 0.218991 64.85 14.947 0.10414
64.6167 14.716 0.118016 0.0878999 64.85 14.947 0.10414
64.8498 14.8358 0.103854 0.0428791 64.85 14.947 0.10414
64.5897 14.6791 0.113523 0.0784293 64.85 14.947 0.10414
64.6167 14.716 0.118016 0.0878999 64.85 14.947 0.10414
64.83 14.745 0.115807 0.218991 64.85 14.947 0.10414
64.9618 14.9057 0.121232 0.0121934 64.85 14.947 0.10414
64.83 14.745 0.115807 0.218991 64.85 14.947 0.10414
64.83 14.745 0.115807 0.218991 64.85 14.947 0.10414
64.6351 14.6697 0.117665 0.116229 64.85 14.947 0.10414
64.83 14.745 0.115807 0.218991 64.85 14.947 0.10414
64.83 14.745 0.115807 0.218991 64.85 14.947 0.10414
64.9618 14.9057 0.121232 0.0121934 64.85 14.947 0.10414
64.6621 14.8289 0.110352 0.0709127 64.85 14.947 0.10414
65.0472 14.7559 0.109833 0.0709936 64.85 14.947 0.10414
64.7799 14.9102 0.117484 0.0484853 64.85 14.947 0.10414
65.0414 14.74 0.11609 0.0701061 64.85 14.947 0.10414
64.6893 14.8228 0.102615 0.0154685 64.85 14.947 0.10414
64.6167 14.716 0.118016 0.0878999 64.85 14.947 0.10414
64.9618 14.9057 0.121232 0.0121934 64.85 14.947 0.10414
64.9618 14.9057 0.121232 0.0121934 64.85 14.947 0.10414
64.83 14.745 0.115807 0.218991 64.85 14.947 0.10414
65.038 14.6275 0.107945 0.0584669 64.85 14.947 0.10414
64.6167 14.716 0.118016 0.0878999 64.85 14.947 0.10414
64.8498 14.8358 0.103854 0.0428791 64.85 14.947 0.10414
65.0472 14.7559 0.109833 0.0709936 64.85 14.947 0.10414
64.6351 14.6697 0.117665 0.116229 64.85 14.947 0.10414
64.6167 14.716 0.118016 0.0878999 64.85 14.947 0.10414
64.83 14.745 0.115807 0.218991 64.85 14.947 0.10414
64.6621 14.8289 0.110352 0.0709127 64.85 14.947 0.10414
64.6351 14.6697 0.117665 0.116229 64.85 14.947 0.10414
64.83 14.745 0.115807 0.218991 64.85 14.947 0.10414
64.5914 14.7437 0.115019 0.0731153 64.85 14.947 0.10414
65.0472 14.7559 0.109833 0.0709936 64.85 14.947 0.10414
64.5914 14.7437 0.115019 0.0731153 64.85 14.947 0.10414
65.038 14.6275 0.107945 0.0584669 64.85 14.947 0.10414
64.8498 14.8358 0.103854 0.0428791 64.85 14.947 0.10414
64.83 14.745 0.115807 0.218991 64.85 14.947 0.10414
64.7455 14.7512 0.10538 0.062995 64.85 14.947 0.10414
64.5897 14.6791 0.113523 0.0784293 64.85 14.947 0.10414
64.5897 14.6791 0.113523 0.0784293 64.85 14.947 0.10414
64.6893 14.8228 0.102615 0.0154685 64.85 14.947 0.10414
64.83 14.745 0.115807 0.218991 64.85 14.947 0.10414
64.83 14.745 0.115807 0.218991 64.85 14.947 0.10414
64.7455 14.7512 0.10538 0.062995 64.85 14.947 0.10414
64.5914 14.7437 0.115019 0.0731153 64.85 14.947 0.10414
64.6167 14.716 0.118016 0.0878999 64.85 14.947 0.10414
64.5897 14.6791 0.113523 0.0784293 64.85 14.947 0.10414
64.83 14.745 0.115807 0.218991 64.85 14.947 0.10414
64.7455 14.7512 0.10538 0.062995 64.85 14.947 0.10414
64.83 14.745 0.115807 0.218991 64.85 14.947 0.10414
64.6351 14.6697 0.117665 0.116229 64.85 14.947 0.10414
64.9098 15.0279 0.11042 0.01517 64.85 14.947 0.10414
64.8498 14.8358 0.103854 0.0428791 64.85 14.947 0.10414
64.5897 14.6791 0.113523 0.0784293 64.85 14.947 0.10414
64.6167 14.716 0.118016 0.0878999 64.85 14.947 0.10414
64.7799 14.9102 0.117484 0.0484853 64.85 14.947 0.10414
64.7455 14.7512 0.10538 0.062995 64.85 14.947 0.10414
64.6167 14.716 0.118016 0.0878999 64.85 14.947 0.10414
64.8498 14.8358 0.103854 0.0428791 64.85 14.947 0.10414
64.6893 14.8228 0.102615 0.0154685 64.85 14.947 0.10414
64.8498 14.8358 0.103854 0.0428791 64.85 14.947 0.10414
65.0414 14.74 0.11609 0.0701061 64.85 14.947 0.10414
64.83 14.745 0.115807 0.218991 64.85 14.947 0.10414
64.5897 14.6791 0.113523 0.0784293 64.85 14.947 0.10414
64.8709 14.9534 0.102326 0.0121161 64.85 14.947 0.10414
64.6167 14.716 0.118016 0.0878999 64.85 14.947 0.10414
64.7799 14.9102 0.117484 0.0484853 64.85 14.947 0.10414
64.7455 14.7512 0.10538 0.062995 64.85 14.947 0.10414
64.83 14.745 0.115807 0.218991 64.85 14.947 0.10414
64.8152 14.8539 0.116893 0.097022 64.85 14.947 0.10414
