55.506 13.9454 0.118805 0.0732645 55.581 13.965 0.11576
55.5913 13.8973 0.11491 0.0185304 55.581 13.965 0.11576
55.506 13.9454 0.118805 0.0732645 55.581 13.965 0.11576
55.626 13.8155 0.117968 0.0374474 55.581 13.965 0.11576
55.5746 13.9868 0.123623 0.0421295 55.581 13.965 0.11576
55.506 13.9454 0.118805 0.0732645 55.581 13.965 0.11576
55.5071 13.8752 0.12073 0.0714367 55.581 13.965 0.11576
55.6039 14.013 0.113082 0.00223471 55.581 13.965 0.11576
55.506 13.9454 0.118805 0.0732645 55.581 13.965 0.11576
55.506 13.9454 0.118805 0.0732645 55.581 13.965 0.11576
55.506 13.9454 0.118805 0.0732645 55.581 13.965 0.11576
55.5094 14.0617 0.120709 0.0560721 55.581 13.965 0.11576
55.506 13.9454 0.118805 0.0732645 55.581 13.965 0.11576
55.5913 13.8973 0.11491 0.0185304 55.581 13.965 0.11576
55.4577 13.9949 0.120693 0.067872 55.581 13.965 0.11576
55.659 13.9428 0.120088 0.0564824 55.581 13.965 0.11576
55.5746 13.9868 0.123623 0.0421295 55.581 13.965 0.11576
55.5651 14.1262 0.118516 0.0153277 55.581 13.965 0.11576
55.506 13.9454 0.118805 0.0732645 55.581 13.965 0.11576
55.5094 14.0617 0.120709 0.0560721 55.581 13.965 0.11576
55.5913 13.8973 0.11491 0.0185304 55.581 13.965 0.11576
55.7314 13.6946 0.11359 0.00111586 55.581 13.965 0.11576
55.5094 14.0617 0.120709 0.0560721 55.581 13.965 0.11576
55.4146 13.8599 0.121782 0.0324625 55.581 13.965 0.11576
55.3961 13.8812 0.120963 0.0321178 55.581 13.965 0.11576
55.775 14.1238 0.115226 0.000828964 55.581 13.965 0.11576
55.626 13.8155 0.117968 0.0374474 55.581 13.965 0.11576
55.5094 14.0617 0.120709 0.0560721 55.581 13.965 0.11576
55.3553 14.056 0.122927 0.0185721 55.581 13.965 0.11576
55.626 13.8155 0.117968 0.0374474 55.581 13.965 0.11576
55.5071 13.8752 0.12073 0.0714367 55.581 13.965 0.11576
55.4577 13.9949 0.120693 0.067872 55.581 13.965 0.11576
55.3961 13.8812 0.120963 0.0321178 55.581 13.965 0.11576
55.3371 13.8578 0.11944 0.00811089 55.581 13.965 0.11576
55.506 13.9454 0.118805 0.0732645 55.581 13.965 0.11576
55.5651 14.1262 0.118516 0.0153277 55.581 13.965 0.11576
55.4577 13.9949 0.120693 0.067872 55.581 13.965 0.11576
55.3961 13.8812 0.120963 0.0321178 55.581 13.965 0.11576
55.4577 13.9949 0.120693 0.067872 55.581 13.965 0.11576
55.5094 14.0617 0.120709 0.0560721 55.581 13.965 0.11576
55.7295 13.807 0.119745 0.0103971 55.581 13.965 0.11576
55.3961 13.8812 0.120963 0.0321178 55.581 13.965 0.11576
55.6383 13.7089 0.115569 0.0050351 55.581 13.965 0.11576
55.3961 13.8812 0.120963 0.0321178 55.581 13.965 0.11576
55.4577 13.9949 0.120693 0.067872 55.581 13.965 0.11576
55.626 13.8155 0.117968 0.0374474 55.581 13.965 0.11576
55.5651 14.1262 0.118516 0.0153277 55.581 13.965 0.11576
55.659 13.9428 0.120088 0.0564824 55.581 13.965 0.11576
55.5154 13.9835 0.116763 0.0296768 55.581 13.965 0.11576
55.506 13.9454 0.118805 0.0732645 55.581 13.965 0.11576
55.659 13.9428 0.120088 0.0564824 55.581 13.965 0.11576
55.5071 13.8752 0.12073 0.0714367 55.581 13.965 0.11576
55.5181 13.9004 0.113581 0.00401932 55.581 13.965 0.11576
55.7295 13.807 0.119745 0.0103971 55.581 13.965 0.11576
55.5094 14.0617 0.120709 0.0560721 55.581 13.965 0.11576
55.4146 13.8599 0.121782 0.0324625 55.581 13.965 0.11576
55.626 13.8155 0.117968 0.0374474 55.581 13.965 0.11576
55.506 13.9454 0.118805 0.0732645 55.581 13.965 0.11576
55.5071 13.8752 0.12073 0.0714367 55.581 13.965 0.11576
55.4146 13.8599 0.121782 0.0324625 55.581 13.965 0.11576
55.5071 13.8752 0.12073 0.0714367 55.581 13.965 0.11576
55.659 13.9428 0.120088 0.0564824 55.581 13.965 0.11576
55.506 13.9454 0.118805 0.0732645 55.581 13.965 0.11576
55.4577 13.9949 0.120693 0.067872 55.581 13.965 0.11576
55.5094 14.0617 0.120709 0.0560721 55.581 13.965 0.11576
55.626 13.8155 0.117968 0.0374474 55.581 13.965 0.11576
55.3961 13.8812 0.120963 0.0321178 55.581 13.965 0.11576
55.626 13.8155 0.117968 0.0374474 55.581 13.965 0.11576
55.659 13.9428 0.120088 0.0564824 55.581 13.965 0.11576
55.659 13.9428 0.120088 0.0564824 55.581 13.965 0.11576
55.5094 14.0617 0.120709 0.0560721 55.581 13.965 0.11576
55.5746 13.9868 0.123623 0.0421295 55.581 13.965 0.11576
55.5071 13.8752 0.12073 0.0714367 55.581 13.965 0.11576
55.4577 13.9949 0.120693 0.067872 55.581 13.965 0.11576
55.4146 13.8599 0.121782 0.0324625 55.581 13.965 0.11576
55.506 13.9454 0.118805 0.0732645 55.581 13.965 0.11576
55.626 13.8155 0.117968 0.0374474 55.581 13.965 0.11576
55.6422 14.0762 0.124893 0.00720665 55.581 13.965 0.11576
55.5071 13.8752 0.12073 0.0714367 55.581 13.965 0.11576
55.8015 14.0858 0.114361 0.00068757 55.581 13.965 0.11576
55.5071 13.8752 0.12073 0.0714367 55.581 13.965 0.11576
55.5071 13.8752 0.12073 0.0714367 55.581 13.965 0.11576
55.4577 13.9949 0.120693 0.067872 55.581 13.965 0.11576
55.688 13.8434 0.111645 0.00147063 55.581 13.965 0.11576
55.659 13.9428 0.120088 0.0564824 55.581 13.965 0.11576
55.4146 13.8599 0.121782 0.0324625 55.581 13.965 0.11576
55.626 13.8155 0.117968 0.0374474 55.581 13.965 0.11576
55.506 13.9454 0.118805 0.0732645 55.581 13.965 0.11576
55.7295 13.807 0.119745 0.0103971 55.581 13.965 0.11576
55.4577 13.9949 0.120693 0.067872 55.581 13.965 0.11576
55.5651 14.1262 0.118516 0.0153277 55.581 13.965 0.11576
55.659 13.9428 0.120088 0.0564824 55.581 13.965 0.11576
55.5651 14.1262 0.118516 0.0153277 55.581 13.965 0.11576
55.5746 13.9868 0.123623 0.0421295 55.581 13.965 0.11576
55.5181 13.9004 0.113581 0.00401932 55.581 13.965 0.11576
55.4577 13.9949 0.120693 0.067872 55.581 13.965 0.11576
55.3371 13.8578 0.11944 0.00811089 55.581 13.965 0.11576
55.506 13.9454 0.118805 0.0732645 55.581 13.965 0.11576
55.5181 13.9004 0.113581 0.00401932 55.581 13.965 0.11576
55.3371 13.8578 0.11944 0.00811089 55.581 13.965 0.11576
55.3961 13.8812 0.120963 0.0321178 55.581 13.965 0.11576
55.5071 13.8752 0.12073 0.0714367 55.581 13.965 0.11576
55.5746 13.9868 0.123623 0.0421295 55.581 13.965 0.11576
55.4577 13.9949 0.120693 0.067872 55.581 13.965 0.11576
55.506 13.9454 0.118805 0.0732645 55.581 13.965 0.11576
55.626 13.8155 0.117968 0.0374474 55.581 13.965 0.11576
55.4577 13.9949 0.120693 0.067872 55.581 13.965 0.11576
55.5746 13.9868 0.123623 0.0421295 55.581 13.965 0.11576
55.5913 13.8973 0.11491 0.0185304 55.581 13.965 0.11576
55.4577 13.9949 0.120693 0.067872 55.581 13.965 0.11576
55.3353 13.9486 0.119879 0.0124463 55.581 13.965 0.11576
55.7582 13.7889 0.113411 0.00261691 55.581 13.965 0.11576
55.506 13.9454 0.118805 0.0732645 55.581 13.965 0.11576
55.5094 14.0617 0.120709 0.0560721 55.581 13.965 0.11576
55.5071 13.8752 0.12073 0.0714367 55.581 13.965 0.11576
55.506 13.9454 0.118805 0.0732645 55.581 13.965 0.11576
55.4577 13.9949 0.120693 0.067872 55.581 13.965 0.11576
55.5651 14.1262 0.118516 0.0153277 55.581 13.965 0.11576
55.5651 14.1262 0.118516 0.0153277 55.581 13.965 0.11576
55.626 13.8155 0.117968 0.0374474 55.581 13.965 0.11576
55.3961 13.8812 0.120963 0.0321178 55.581 13.965 0.11576
55.659 13.9428 0.120088 0.0564824 55.581 13.965 0.11576
55.3961 13.8812 0.120963 0.0321178 55.581 13.965 0.11576
55.5094 14.0617 0.120709 0.0560721 55.581 13.965 0.11576
55.506 13.9454 0.118805 0.0732645 55.581 13.965 0.11576
55.626 13.8155 0.117968 0.0374474 55.581 13.965 0.11576
55.626 13.8155 0.117968 0.0374474 55.581 13.965 0.11576
55.506 13.9454 0.118805 0.0732645 55.581 13.965 0.11576
55.4146 13.8599 0.121782 0.0324625 55.581 13.965 0.11576
55.626 13.8155 0.117968 0.0374474 55.581 13.965 0.11576
55.659 13.9428 0.120088 0.0564824 55.581 13.965 0.11576
55.5071 13.8752 0.12073 0.0714367 55.581 13.965 0.11576
55.5746 13.9868 0.123623 0.0421295 55.581 13.965 0.11576
55.4577 13.9949 0.120693 0.067872 55.581 13.965 0.11576
55.4577 13.9949 0.120693 0.067872 55.581 13.965 0.11576
55.4146 13.8599 0.121782 0.0324625 55.581 13.965 0.11576
55.506 13.9454 0.118805 0.0732645 55.581 13.965 0.11576
55.506 13.9454 0.118805 0.0732645 55.581 13.965 0.11576
55.4146 13.8599 0.121782 0.0324625 55.581 13.965 0.11576
55.5071 13.8752 0.12073 0.0714367 55.581 13.965 0.11576
55.506 13.9454 0.118805 0.0732645 55.581 13.965 0.11576
55.506 13.9454 0.118805 0.0732645 55.581 13.965 0.11576
55.3961 13.8812 0.120963 0.0321178 55.581 13.965 0.11576
55.5181 13.9004 0.113581 0.00401932 55.581 13.965 0.11576
55.5913 13.8973 0.11491 0.0185304 55.581 13.965 0.11576
55.506 13.9454 0.118805 0.0732645 55.581 13.965 0.11576
55.5071 13.8752 0.12073 0.0714367 55.581 13.965 0.11576
55.4146 13.8599 0.121782 0.0324625 55.581 13.965 0.11576
55.5913 13.8973 0.11491 0.0185304 55.581 13.965 0.11576
55.5094 14.0617 0.120709 0.0560721 55.581 13.965 0.11576
55.626 13.8155 0.117968 0.0374474 55.581 13.965 0.11576
55.5094 14.0617 0.120709 0.0560721 55.581 13.965 0.11576
55.4577 13.9949 0.120693 0.067872 55.581 13.965 0.11576
55.659 13.9428 0.120088 0.0564824 55.581 13.965 0.11576
55.5094 14.0617 0.120709 0.0560721 55.581 13.965 0.11576
55.4577 13.9949 0.120693 0.067872 55.581 13.965 0.11576
55.4146 13.8599 0.121782 0.0324625 55.581 13.965 0.11576
55.3961 13.8812 0.120963 0.0321178 55.581 13.965 0.11576
55.5913 13.8973 0.11491 0.0185304 55.581 13.965 0.11576
55.5746 13.9868 0.123623 0.0421295 55.581 13.965 0.11576
55.4577 13.9949 0.120693 0.067872 55.581 13.965 0.11576
55.4577 13.9949 0.120693 0.067872 55.581 13.965 0.11576
55.5651 14.1262 0.118516 0.0153277 55.581 13.965 0.11576
55.7295 13.807 0.119745 0.0103971 55.581 13.965 0.11576
55.5094 14.0617 0.120709 0.0560721 55.581 13.965 0.11576
55.5094 14.0617 0.120709 0.0560721 55.581 13.965 0.11576
55.5094 14.0617 0.120709 0.0560721 55.581 13.965 0.11576
55.3371 13.8578 0.11944 0.00811089 55.581 13.965 0.11576
55.4146 13.8599 0.121782 0.0324625 55.581 13.965 0.11576
55.506 13.9454 0.118805 0.0732645 55.581 13.965 0.11576
55.5094 14.0617 0.120709 0.0560721 55.581 13.965 0.11576
55.6422 14.0762 0.124893 0.00720665 55.581 13.965 0.11576
55.506 13.9454 0.118805 0.0732645 55.581 13.965 0.11576
55.4577 13.9949 0.120693 0.067872 55.581 13.965 0.11576
55.3961 13.8812 0.120963 0.0321178 55.581 13.965 0.11576
55.506 13.9454 0.118805 0.0732645 55.581 13.965 0.11576
55.659 13.9428 0.120088 0.0564824 55.581 13.965 0.11576
55.4146 13.8599 0.121782 0.0324625 55.581 13.965 0.11576
55.7314 13.6946 0.11359 0.00111586 55.581 13.965 0.11576
55.4577 13.9949 0.120693 0.067872 55.581 13.965 0.11576
55.3553 14.056 0.122927 0.0185721 55.581 13.965 0.11576
55.4146 13.8599 0.121782 0.0324625 55.581 13.965 0.11576
55.5181 13.9004 0.113581 0.00401932 55.581 13.965 0.11576
55.626 13.8155 0.117968 0.0374474 55.581 13.965 0.11576
55.5154 13.9835 0.116763 0.0296768 55.581 13.965 0.11576
55.4577 13.9949 0.120693 0.067872 55.581 13.965 0.11576
55.659 13.9428 0.120088 0.0564824 55.581 13.965 0.11576
55.4146 13.8599 0.121782 0.0324625 55.581 13.965 0.11576
55.4146 13.8599 0.121782 0.0324625 55.581 13.965 0.11576
55.4577 13.9949 0.120693 0.067872 55.581 13.965 0.11576
55.659 13.9428 0.120088 0.0564824 55.581 13.965 0.11576
55.659 13.9428 0.120088 0.0564824 55.581 13.965 0.11576
55.5651 14.1262 0.118516 0.0153277 55.581 13.965 0.11576
55.3553 14.056 0.122927 0.0185721 55.581 13.965 0.11576
55.5651 14.1262 0.118516 0.0153277 55.581 13.965 0.11576
55.506 13.9454 0.118805 0.0732645 55.581 13.965 0.11576
55.4577 13.9949 0.120693 0.067872 55.581 13.965 0.11576
55.5094 14.0617 0.120709 0.0560721 55.581 13.965 0.11576
55.4577 13.9949 0.120693 0.067872 55.581 13.965 0.11576
55.7295 13.807 0.119745 0.0103971 55.581 13.965 0.11576
