253.101 28.5132 0.0389018 0.625707 253.21 28.693 0.038615
253.173 28.5776 0.0380785 1.23278 253.21 28.693 0.038615
253.101 28.5132 0.0389018 0.625707 253.21 28.693 0.038615
253.102 28.6466 0.039321 1.1719 253.21 28.693 0.038615
253.024 28.6115 0.0360489 0.346927 253.21 28.693 0.038615
253.004 28.4539 0.0394515 0.109453 253.21 28.693 0.038615
253.024 28.6115 0.0360489 0.346927 253.21 28.693 0.038615
253.173 28.5776 0.0380785 1.23278 253.21 28.693 0.038615
253.024 28.6115 0.0360489 0.346927 253.21 28.693 0.038615
253.402 28.5828 0.0396338 0.0444533 253.21 28.693 0.038615
253.101 28.5132 0.0389018 0.625707 253.21 28.693 0.038615
253.173 28.5776 0.0380785 1.23278 253.21 28.693 0.038615
253.173 28.5776 0.0380785 1.23278 253.21 28.693 0.038615
253.102 28.6466 0.039321 1.1719 253.21 28.693 0.038615
253.247 28.8643 0.0399834 0.0362595 253.21 28.693 0.038615
253.219 28.4672 0.0337162 0.103301 253.21 28.693 0.038615
253.447 28.4121 0.040334 0.00118139 253.21 28.693 0.038615
253.101 28.5132 0.0389018 0.625707 253.21 28.693 0.038615
253.102 28.6466 0.039321 1.1719 253.21 28.693 0.038615
253.243 28.7836 0.0396552 0.219353 253.21 28.693 0.038615
253.101 28.5132 0.0389018 0.625707 253.21 28.693 0.038615
253.173 28.5776 0.0380785 1.23278 253.21 28.693 0.038615
253.015 28.7053 0.0411763 0.31474 253.21 28.693 0.038615
253.173 28.5776 0.0380785 1.23278 253.21 28.693 0.038615
253.102 28.6466 0.039321 1.1719 253.21 28.693 0.038615
253.173 28.5776 0.0380785 1.23278 253.21 28.693 0.038615
252.898 28.697 0.0398601 0.0455953 253.21 28.693 0.038615
253.243 28.6917 0.0418308 0.265091 253.21 28.693 0.038615
253.101 28.5132 0.0389018 0.625707 253.21 28.693 0.038615
253.101 28.5132 0.0389018 0.625707 253.21 28.693 0.038615
253.102 28.6466 0.039321 1.1719 253.21 28.693 0.038615
253.402 28.5828 0.0396338 0.0444533 253.21 28.693 0.038615
253.101 28.5132 0.0389018 0.625707 253.21 28.693 0.038615
253.297 28.5971 0.0427766 0.104063 253.21 28.693 0.038615
253.173 28.5776 0.0380785 1.23278 253.21 28.693 0.038615
253.243 28.6917 0.0418308 0.265091 253.21 28.693 0.038615
253.243 28.6917 0.0418308 0.265091 253.21 28.693 0.038615
253.101 28.5132 0.0389018 0.625707 253.21 28.693 0.038615
253.102 28.6466 0.039321 1.1719 253.21 28.693 0.038615
253.233 28.6984 0.0405169 0.492693 253.21 28.693 0.038615
253.102 28.6466 0.039321 1.1719 253.21 28.693 0.038615
253.243 28.7836 0.0396552 0.219353 253.21 28.693 0.038615
253.173 28.5776 0.0380785 1.23278 253.21 28.693 0.038615
253.101 28.5132 0.0389018 0.625707 253.21 28.693 0.038615
253.102 28.6466 0.039321 1.1719 253.21 28.693 0.038615
253.325 28.4865 0.0397439 0.0982742 253.21 28.693 0.038615
253.173 28.5776 0.0380785 1.23278 253.21 28.693 0.038615
253.243 28.7836 0.0396552 0.219353 253.21 28.693 0.038615
253.102 28.6466 0.039321 1.1719 253.21 28.693 0.038615
252.937 28.4967 0.044418 0.0479719 253.21 28.693 0.038615
253.145 28.8475 0.0322333 0.0736102 253.21 28.693 0.038615
253.173 28.5776 0.0380785 1.23278 253.21 28.693 0.038615
252.954 28.7737 0.0430844 0.0308794 253.21 28.693 0.038615
253.243 28.6917 0.0418308 0.265091 253.21 28.693 0.038615
253.173 28.5776 0.0380785 1.23278 253.21 28.693 0.038615
253.145 28.8475 0.0322333 0.0736102 253.21 28.693 0.038615
253.102 28.6466 0.039321 1.1719 253.21 28.693 0.038615
253.173 28.5776 0.0380785 1.23278 253.21 28.693 0.038615
253.396 28.4992 0.0375429 0.0398375 253.21 28.693 0.038615
253.325 28.4865 0.0397439 0.0982742 253.21 28.693 0.038615
253.101 28.5132 0.0389018 0.625707 253.21 28.693 0.038615
253.102 28.6466 0.039321 1.1719 253.21 28.693 0.038615
253.173 28.5776 0.0380785 1.23278 253.21 28.693 0.038615
253.173 28.5776 0.0380785 1.23278 253.21 28.693 0.038615
253.173 28.5776 0.0380785 1.23278 253.21 28.693 0.038615
253.173 28.5776 0.0380785 1.23278 253.21 28.693 0.038615
253.173 28.5776 0.0380785 1.23278 253.21 28.693 0.038615
253.015 28.7053 0.0411763 0.31474 253.21 28.693 0.038615
253.102 28.6466 0.039321 1.1719 253.21 28.693 0.038615
253.173 28.5776 0.0380785 1.23278 253.21 28.693 0.038615
253.101 28.5132 0.0389018 0.625707 253.21 28.693 0.038615
253.102 28.6466 0.039321 1.1719 253.21 28.693 0.038615
253.102 28.6466 0.039321 1.1719 253.21 28.693 0.038615
253.396 28.4992 0.0375429 0.0398375 253.21 28.693 0.038615
253.015 28.7053 0.0411763 0.31474 253.21 28.693 0.038615
253.243 28.7836 0.0396552 0.219353 253.21 28.693 0.038615
253.101 28.5132 0.0389018 0.625707 253.21 28.693 0.038615
253.145 28.8475 0.0322333 0.0736102 253.21 28.693 0.038615
253.173 28.5776 0.0380785 1.23278 253.21 28.693 0.038615
253.101 28.5132 0.0389018 0.625707 253.21 28.693 0.038615
253.247 28.8643 0.0399834 0.0362595 253.21 28.693 0.038615
253.081 28.5018 0.0463114 0.0646958 253.21 28.693 0.038615
253.102 28.6466 0.039321 1.1719 253.21 28.693 0.038615
253.102 28.6466 0.039321 1.1719 253.21 28.693 0.038615
253.102 28.6466 0.039321 1.1719 253.21 28.693 0.038615
253.102 28.6466 0.039321 1.1719 253.21 28.693 0.038615
253.173 28.5776 0.0380785 1.23278 253.21 28.693 0.038615
253.024 28.6115 0.0360489 0.346927 253.21 28.693 0.038615
253.102 28.6466 0.039321 1.1719 253.21 28.693 0.038615
253.243 28.439 0.0402098 0.135708 253.21 28.693 0.038615
253.102 28.6466 0.039321 1.1719 253.21 28.693 0.038615
253.233 28.6984 0.0405169 0.492693 253.21 28.693 0.038615
253.243 28.7836 0.0396552 0.219353 253.21 28.693 0.038615
253.145 28.8475 0.0322333 0.0736102 253.21 28.693 0.038615
253.101 28.5132 0.0389018 0.625707 253.21 28.693 0.038615
253.173 28.5776 0.0380785 1.23278 253.21 28.693 0.038615
253.233 28.6984 0.0405169 0.492693 253.21 28.693 0.038615
253.101 28.5132 0.0389018 0.625707 253.21 28.693 0.038615
253.173 28.5776 0.0380785 1.23278 253.21 28.693 0.038615
253.233 28.6984 0.0405169 0.492693 253.21 28.693 0.038615
253.024 28.6115 0.0360489 0.346927 253.21 28.693 0.038615
253.173 28.5776 0.0380785 1.23278 253.21 28.693 0.038615
253.102 28.6466 0.039321 1.1719 253.21 28.693 0.038615
253.173 28.5776 0.0380785 1.23278 253.21 28.693 0.038615
253.243 28.6917 0.0418308 0.265091 253.21 28.693 0.038615
253.102 28.6466 0.039321 1.1719 253.21 28.693 0.038615
253.024 28.6115 0.0360489 0.346927 253.21 28.693 0.038615
253.101 28.5132 0.0389018 0.625707 253.21 28.693 0.038615
253.024 28.6115 0.0360489 0.346927 253.21 28.693 0.038615
253.243 28.6917 0.0418308 0.265091 253.21 28.693 0.038615
253.101 28.5132 0.0389018 0.625707 253.21 28.693 0.038615
253.243 28.7836 0.0396552 0.219353 253.21 28.693 0.038615
253.102 28.6466 0.039321 1.1719 253.21 28.693 0.038615
253.102 28.6466 0.039321 1.1719 253.21 28.693 0.038615
253.243 28.7836 0.0396552 0.219353 253.21 28.693 0.038615
253.024 28.6115 0.0360489 0.346927 253.21 28.693 0.038615
252.932 28.3781 0.0377733 0.00347381 253.21 28.693 0.038615
253.101 28.5132 0.0389018 0.625707 253.21 28.693 0.038615
253.102 28.6466 0.039321 1.1719 253.21 28.693 0.038615
253.173 28.5776 0.0380785 1.23278 253.21 28.693 0.038615
253.024 28.6115 0.0360489 0.346927 253.21 28.693 0.038615
253.173 28.5776 0.0380785 1.23278 253.21 28.693 0.038615
253.101 28.5132 0.0389018 0.625707 253.21 28.693 0.038615
253.259 28.7224 0.045752 0.00930439 253.21 28.693 0.038615
252.954 28.7737 0.0430844 0.0308794 253.21 28.693 0.038615
253.015 28.7053 0.0411763 0.31474 253.21 28.693 0.038615
253.243 28.7836 0.0396552 0.219353 253.21 28.693 0.038615
253.243 28.7836 0.0396552 0.219353 253.21 28.693 0.038615
253.173 28.5776 0.0380785 1.23278 253.21 28.693 0.038615
253.101 28.5132 0.0389018 0.625707 253.21 28.693 0.038615
253.102 28.6466 0.039321 1.1719 253.21 28.693 0.038615
253.102 28.6466 0.039321 1.1719 253.21 28.693 0.038615
253.325 28.4865 0.0397439 0.0982742 253.21 28.693 0.038615
253.233 28.6984 0.0405169 0.492693 253.21 28.693 0.038615
253.024 28.6115 0.0360489 0.346927 253.21 28.693 0.038615
253.101 28.5132 0.0389018 0.625707 253.21 28.693 0.038615
253.145 28.8475 0.0322333 0.0736102 253.21 28.693 0.038615
253.102 28.6466 0.039321 1.1719 253.21 28.693 0.038615
253.081 28.5018 0.0463114 0.0646958 253.21 28.693 0.038615
253.145 28.8475 0.0322333 0.0736102 253.21 28.693 0.038615
253.102 28.6466 0.039321 1.1719 253.21 28.693 0.038615
253.243 28.7836 0.0396552 0.219353 253.21 28.693 0.038615
253.243 28.6917 0.0418308 0.265091 253.21 28.693 0.038615
253.102 28.6466 0.039321 1.1719 253.21 28.693 0.038615
253.173 28.5776 0.0380785 1.23278 253.21 28.693 0.038615
253.233 28.6984 0.0405169 0.492693 253.21 28.693 0.038615
253.101 28.5132 0.0389018 0.625707 253.21 28.693 0.038615
253.101 28.5132 0.0389018 0.625707 253.21 28.693 0.038615
252.937 28.4967 0.044418 0.0479719 253.21 28.693 0.038615
253.233 28.6984 0.0405169 0.492693 253.21 28.693 0.038615
253.173 28.5776 0.0380785 1.23278 253.21 28.693 0.038615
253.102 28.6466 0.039321 1.1719 253.21 28.693 0.038615
253.173 28.5776 0.0380785 1.23278 253.21 28.693 0.038615
253.173 28.5776 0.0380785 1.23278 253.21 28.693 0.038615
253.102 28.6466 0.039321 1.1719 253.21 28.693 0.038615
253.101 28.5132 0.0389018 0.625707 253.21 28.693 0.038615
253.102 28.6466 0.039321 1.1719 253.21 28.693 0.038615
253.419 28.7126 0.0342358 0.0713506 253.21 28.693 0.038615
253.396 28.4992 0.0375429 0.0398375 253.21 28.693 0.038615
253.173 28.5776 0.0380785 1.23278 253.21 28.693 0.038615
253.243 28.6917 0.0418308 0.265091 253.21 28.693 0.038615
253.173 28.5776 0.0380785 1.23278 253.21 28.693 0.038615
253.173 28.5776 0.0380785 1.23278 253.21 28.693 0.038615
253.101 28.5132 0.0389018 0.625707 253.21 28.693 0.038615
253.102 28.6466 0.039321 1.1719 253.21 28.693 0.038615
253.325 28.4865 0.0397439 0.0982742 253.21 28.693 0.038615
253.233 28.6984 0.0405169 0.492693 253.21 28.693 0.038615
253.173 28.5776 0.0380785 1.23278 253.21 28.693 0.038615
253.101 28.5132 0.0389018 0.625707 253.21 28.693 0.038615
253.173 28.5776 0.0380785 1.23278 253.21 28.693 0.038615
253.102 28.6466 0.039321 1.1719 253.21 28.693 0.038615
253.173 28.5776 0.0380785 1.23278 253.21 28.693 0.038615
253.233 28.6984 0.0405169 0.492693 253.21 28.693 0.038615
253.233 28.6984 0.0405169 0.492693 253.21 28.693 0.038615
253.173 28.5776 0.0380785 1.23278 253.21 28.693 0.038615
253.173 28.5776 0.0380785 1.23278 253.21 28.693 0.038615
253.243 28.6917 0.0418308 0.265091 253.21 28.693 0.038615
253.081 28.5018 0.0463114 0.0646958 253.21 28.693 0.038615
253.396 28.4992 0.0375429 0.0398375 253.21 28.693 0.038615
253.101 28.5132 0.0389018 0.625707 253.21 28.693 0.038615
253.101 28.5132 0.0389018 0.625707 253.21 28.693 0.038615
252.906 28.7356 0.0414773 0.0338058 253.21 28.693 0.038615
253.173 28.5776 0.0380785 1.23278 253.21 28.693 0.038615
253.145 28.8475 0.0322333 0.0736102 253.21 28.693 0.038615
253.243 28.7836 0.0396552 0.219353 253.21 28.693 0.038615
253.297 28.5971 0.0427766 0.104063 253.21 28.693 0.038615
253.015 28.7053 0.0411763 0.31474 253.21 28.693 0.038615
253.173 28.5776 0.0380785 1.23278 253.21 28.693 0.038615
253.102 28.6466 0.039321 1.1719 253.21 28.693 0.038615
253.173 28.5776 0.0380785 1.23278 253.21 28.693 0.038615
253.173 28.5776 0.0380785 1.23278 253.21 28.693 0.038615
253.233 28.6984 0.0405169 0.492693 253.21 28.693 0.038615
253.243 28.439 0.0402098 0.135708 253.21 28.693 0.038615
253.102 28.6466 0.039321 1.1719 253.21 28.693 0.038615
253.243 28.6917 0.0418308 0.265091 253.21 28.693 0.038615
253.203 28.7093 0.0283015 0.0339442 253.21 28.693 0.038615
253.173 28.5776 0.0380785 1.23278 253.21 28.693 0.038615
253.102 28.6466 0.039321 1.1719 253.21 28.693 0.038615
253.102 28.6466 0.039321 1.1719 253.21 28.693 0.038615
253.102 28.6466 0.039321 1.1719 253.21 28.693 0.038615
