274.078 -7.10606 4.1538 1.89993 273.91 -7.1375 4.1467
274.093 -7.19664 4.14963 0.764617 273.91 -7.1375 4.1467
273.877 -7.3612 4.14693 0.216474 273.91 -7.1375 4.1467
274.048 -6.93986 4.14829 0.137456 273.91 -7.1375 4.1467
273.985 -7.03841 4.15509 0.939004 273.91 -7.1375 4.1467
274.093 -7.19664 4.14963 0.764617 273.91 -7.1375 4.1467
273.998 -7.21051 4.15668 0.925886 273.91 -7.1375 4.1467
273.925 -6.95302 4.1483 0.286982 273.91 -7.1375 4.1467
274.07 -7.07517 4.15175 1.34635 273.91 -7.1375 4.1467
274.093 -7.19664 4.14963 0.764617 273.91 -7.1375 4.1467
273.69 -6.9399 4.14614 0.0362807 273.91 -7.1375 4.1467
274.078 -7.10606 4.1538 1.89993 273.91 -7.1375 4.1467
273.974 -7.01694 4.15676 0.48194 273.91 -7.1375 4.1467
273.823 -7.04713 4.14399 0.384573 273.91 -7.1375 4.1467
274.271 -7.29204 4.15579 0.256822 273.91 -7.1375 4.1467
273.998 -7.21051 4.15668 0.925886 273.91 -7.1375 4.1467
274.2 -6.99379 4.1562 0.615855 273.91 -7.1375 4.1467
274.048 -6.93986 4.14829 0.137456 273.91 -7.1375 4.1467
274.078 -7.10606 4.1538 1.89993 273.91 -7.1375 4.1467
273.965 -7.41901 4.15877 0.0157829 273.91 -7.1375 4.1467
273.985 -7.03841 4.15509 0.939004 273.91 -7.1375 4.1467
274.315 -6.95824 4.16134 0.271796 273.91 -7.1375 4.1467
273.652 -7.08713 4.142 0.143519 273.91 -7.1375 4.1467
273.974 -7.01694 4.15676 0.48194 273.91 -7.1375 4.1467
273.998 -7.21051 4.15668 0.925886 273.91 -7.1375 4.1467
274.078 -7.10606 4.1538 1.89993 273.91 -7.1375 4.1467
273.705 -7.1495 4.14813 0.196386 273.91 -7.1375 4.1467
273.877 -7.3612 4.14693 0.216474 273.91 -7.1375 4.1467
274.023 -7.24702 4.16047 0.243189 273.91 -7.1375 4.1467
273.823 -7.04713 4.14399 0.384573 273.91 -7.1375 4.1467
274.377 -6.98028 4.16486 0.221673 273.91 -7.1375 4.1467
273.986 -6.99615 4.14659 0.282466 273.91 -7.1375 4.1467
274.078 -7.10606 4.1538 1.89993 273.91 -7.1375 4.1467
274.147 -6.96671 4.15478 0.506506 273.91 -7.1375 4.1467
274.078 -7.10606 4.1538 1.89993 273.91 -7.1375 4.1467
274.07 -7.07517 4.15175 1.34635 273.91 -7.1375 4.1467
274.078 -7.10606 4.1538 1.89993 273.91 -7.1375 4.1467
273.985 -7.03841 4.15509 0.939004 273.91 -7.1375 4.1467
273.985 -7.03841 4.15509 0.939004 273.91 -7.1375 4.1467
274.137 -7.07039 4.14733 0.122963 273.91 -7.1375 4.1467
273.998 -7.21051 4.15668 0.925886 273.91 -7.1375 4.1467
274.271 -7.29204 4.15579 0.256822 273.91 -7.1375 4.1467
274.078 -7.10606 4.1538 1.89993 273.91 -7.1375 4.1467
273.998 -7.21051 4.15668 0.925886 273.91 -7.1375 4.1467
273.717 -7.03731 4.14255 0.18128 273.91 -7.1375 4.1467
274.078 -7.10606 4.1538 1.89993 273.91 -7.1375 4.1467
273.986 -6.99615 4.14659 0.282466 273.91 -7.1375 4.1467
274.07 -7.07517 4.15175 1.34635 273.91 -7.1375 4.1467
273.717 -7.03731 4.14255 0.18128 273.91 -7.1375 4.1467
273.823 -7.04713 4.14399 0.384573 273.91 -7.1375 4.1467
274.315 -6.95824 4.16134 0.271796 273.91 -7.1375 4.1467
273.985 -7.03841 4.15509 0.939004 273.91 -7.1375 4.1467
274.07 -7.07517 4.15175 1.34635 273.91 -7.1375 4.1467
274.078 -7.10606 4.1538 1.89993 273.91 -7.1375 4.1467
274.137 -7.07039 4.14733 0.122963 273.91 -7.1375 4.1467
273.998 -7.21051 4.15668 0.925886 273.91 -7.1375 4.1467
273.974 -7.01694 4.15676 0.48194 273.91 -7.1375 4.1467
274.271 -7.29204 4.15579 0.256822 273.91 -7.1375 4.1467
274.07 -7.07517 4.15175 1.34635 273.91 -7.1375 4.1467
274.147 -6.96671 4.15478 0.506506 273.91 -7.1375 4.1467
274.271 -7.29204 4.15579 0.256822 273.91 -7.1375 4.1467
274.078 -7.10606 4.1538 1.89993 273.91 -7.1375 4.1467
274.07 -7.07517 4.15175 1.34635 273.91 -7.1375 4.1467
274.271 -7.29204 4.15579 0.256822 273.91 -7.1375 4.1467
273.998 -7.21051 4.15668 0.925886 273.91 -7.1375 4.1467
274.078 -7.10606 4.1538 1.89993 273.91 -7.1375 4.1467
273.925 -6.95302 4.1483 0.286982 273.91 -7.1375 4.1467
273.823 -7.04713 4.14399 0.384573 273.91 -7.1375 4.1467
274.07 -7.07517 4.15175 1.34635 273.91 -7.1375 4.1467
273.985 -7.03841 4.15509 0.939004 273.91 -7.1375 4.1467
274.07 -7.07517 4.15175 1.34635 273.91 -7.1375 4.1467
273.998 -7.21051 4.15668 0.925886 273.91 -7.1375 4.1467
273.823 -7.04713 4.14399 0.384573 273.91 -7.1375 4.1467
274.118 -7.12516 4.16728 0.0412602 273.91 -7.1375 4.1467
274.07 -7.07517 4.15175 1.34635 273.91 -7.1375 4.1467
273.823 -7.04713 4.14399 0.384573 273.91 -7.1375 4.1467
274.315 -6.95824 4.16134 0.271796 273.91 -7.1375 4.1467
274.2 -6.99379 4.1562 0.615855 273.91 -7.1375 4.1467
273.877 -7.3612 4.14693 0.216474 273.91 -7.1375 4.1467
273.925 -6.95302 4.1483 0.286982 273.91 -7.1375 4.1467
273.712 -7.13144 4.14758 0.241966 273.91 -7.1375 4.1467
274.2 -6.99379 4.1562 0.615855 273.91 -7.1375 4.1467
274.2 -6.99379 4.1562 0.615855 273.91 -7.1375 4.1467
274.271 -7.29204 4.15579 0.256822 273.91 -7.1375 4.1467
273.986 -6.99615 4.14659 0.282466 273.91 -7.1375 4.1467
273.823 -7.04713 4.14399 0.384573 273.91 -7.1375 4.1467
273.974 -7.01694 4.15676 0.48194 273.91 -7.1375 4.1467
274.048 -6.93986 4.14829 0.137456 273.91 -7.1375 4.1467
273.974 -7.01694 4.15676 0.48194 273.91 -7.1375 4.1467
274.2 -6.99379 4.1562 0.615855 273.91 -7.1375 4.1467
274.078 -7.10606 4.1538 1.89993 273.91 -7.1375 4.1467
273.986 -6.99615 4.14659 0.282466 273.91 -7.1375 4.1467
274.07 -7.07517 4.15175 1.34635 273.91 -7.1375 4.1467
274.093 -7.19664 4.14963 0.764617 273.91 -7.1375 4.1467
273.985 -7.03841 4.15509 0.939004 273.91 -7.1375 4.1467
273.974 -7.01694 4.15676 0.48194 273.91 -7.1375 4.1467
273.925 -6.95302 4.1483 0.286982 273.91 -7.1375 4.1467
274.078 -7.10606 4.1538 1.89993 273.91 -7.1375 4.1467
274.147 -6.96671 4.15478 0.506506 273.91 -7.1375 4.1467
274.078 -7.10606 4.1538 1.89993 273.91 -7.1375 4.1467
274.093 -7.19664 4.14963 0.764617 273.91 -7.1375 4.1467
274.07 -7.07517 4.15175 1.34635 273.91 -7.1375 4.1467
274.078 -7.10606 4.1538 1.89993 273.91 -7.1375 4.1467
274.2 -6.99379 4.1562 0.615855 273.91 -7.1375 4.1467
274.147 -6.96671 4.15478 0.506506 273.91 -7.1375 4.1467
273.986 -6.99615 4.14659 0.282466 273.91 -7.1375 4.1467
273.985 -7.03841 4.15509 0.939004 273.91 -7.1375 4.1467
274.2 -6.99379 4.1562 0.615855 273.91 -7.1375 4.1467
274.122 -6.80513 4.15733 0.0252476 273.91 -7.1375 4.1467
274.078 -7.10606 4.1538 1.89993 273.91 -7.1375 4.1467
273.974 -7.01694 4.15676 0.48194 273.91 -7.1375 4.1467
274.147 -6.96671 4.15478 0.506506 273.91 -7.1375 4.1467
274.2 -6.99379 4.1562 0.615855 273.91 -7.1375 4.1467
273.986 -6.99615 4.14659 0.282466 273.91 -7.1375 4.1467
273.974 -7.01694 4.15676 0.48194 273.91 -7.1375 4.1467
274.07 -7.07517 4.15175 1.34635 273.91 -7.1375 4.1467
273.834 -7.184 4.15711 0.0635033 273.91 -7.1375 4.1467
274.429 -6.98593 4.16078 0.0856167 273.91 -7.1375 4.1467
274.315 -6.95824 4.16134 0.271796 273.91 -7.1375 4.1467
274.118 -7.12516 4.16728 0.0412602 273.91 -7.1375 4.1467
274.07 -7.07517 4.15175 1.34635 273.91 -7.1375 4.1467
273.69 -6.9399 4.14614 0.0362807 273.91 -7.1375 4.1467
274.07 -7.07517 4.15175 1.34635 273.91 -7.1375 4.1467
273.985 -7.03841 4.15509 0.939004 273.91 -7.1375 4.1467
274.2 -6.99379 4.1562 0.615855 273.91 -7.1375 4.1467
274.147 -6.96671 4.15478 0.506506 273.91 -7.1375 4.1467
274.078 -7.10606 4.1538 1.89993 273.91 -7.1375 4.1467
273.925 -6.95302 4.1483 0.286982 273.91 -7.1375 4.1467
274.078 -7.10606 4.1538 1.89993 273.91 -7.1375 4.1467
274.07 -7.07517 4.15175 1.34635 273.91 -7.1375 4.1467
274.07 -7.07517 4.15175 1.34635 273.91 -7.1375 4.1467
274.078 -7.10606 4.1538 1.89993 273.91 -7.1375 4.1467
274.078 -7.10606 4.1538 1.89993 273.91 -7.1375 4.1467
274.07 -7.07517 4.15175 1.34635 273.91 -7.1375 4.1467
273.94 -7.23092 4.15961 0.109102 273.91 -7.1375 4.1467
273.998 -7.21051 4.15668 0.925886 273.91 -7.1375 4.1467
273.985 -7.03841 4.15509 0.939004 273.91 -7.1375 4.1467
273.823 -7.04713 4.14399 0.384573 273.91 -7.1375 4.1467
273.998 -7.21051 4.15668 0.925886 273.91 -7.1375 4.1467
274.147 -6.96671 4.15478 0.506506 273.91 -7.1375 4.1467
274.147 -6.96671 4.15478 0.506506 273.91 -7.1375 4.1467
274.2 -6.99379 4.1562 0.615855 273.91 -7.1375 4.1467
274.2 -6.99379 4.1562 0.615855 273.91 -7.1375 4.1467
274.07 -7.07517 4.15175 1.34635 273.91 -7.1375 4.1467
273.998 -7.21051 4.15668 0.925886 273.91 -7.1375 4.1467
274.118 -7.12516 4.16728 0.0412602 273.91 -7.1375 4.1467
274.048 -6.93986 4.14829 0.137456 273.91 -7.1375 4.1467
274.2 -6.99379 4.1562 0.615855 273.91 -7.1375 4.1467
274.078 -7.10606 4.1538 1.89993 273.91 -7.1375 4.1467
274.479 -6.89589 4.15699 0.00141651 273.91 -7.1375 4.1467
274.315 -6.95824 4.16134 0.271796 273.91 -7.1375 4.1467
274.023 -7.24702 4.16047 0.243189 273.91 -7.1375 4.1467
274.147 -6.96671 4.15478 0.506506 273.91 -7.1375 4.1467
273.998 -7.21051 4.15668 0.925886 273.91 -7.1375 4.1467
273.974 -7.01694 4.15676 0.48194 273.91 -7.1375 4.1467
273.998 -7.21051 4.15668 0.925886 273.91 -7.1375 4.1467
274.137 -7.07039 4.14733 0.122963 273.91 -7.1375 4.1467
274.271 -7.29204 4.15579 0.256822 273.91 -7.1375 4.1467
274.078 -7.10606 4.1538 1.89993 273.91 -7.1375 4.1467
273.823 -7.04713 4.14399 0.384573 273.91 -7.1375 4.1467
274.078 -7.10606 4.1538 1.89993 273.91 -7.1375 4.1467
274.078 -7.10606 4.1538 1.89993 273.91 -7.1375 4.1467
273.877 -7.3612 4.14693 0.216474 273.91 -7.1375 4.1467
273.998 -7.21051 4.15668 0.925886 273.91 -7.1375 4.1467
273.985 -7.03841 4.15509 0.939004 273.91 -7.1375 4.1467
274.07 -7.07517 4.15175 1.34635 273.91 -7.1375 4.1467
273.717 -7.03731 4.14255 0.18128 273.91 -7.1375 4.1467
273.974 -7.01694 4.15676 0.48194 273.91 -7.1375 4.1467
273.823 -7.04713 4.14399 0.384573 273.91 -7.1375 4.1467
274.07 -7.07517 4.15175 1.34635 273.91 -7.1375 4.1467
274.093 -7.19664 4.14963 0.764617 273.91 -7.1375 4.1467
274.078 -7.10606 4.1538 1.89993 273.91 -7.1375 4.1467
274.023 -6.95295 4.16146 0.0752524 273.91 -7.1375 4.1467
274.078 -7.10606 4.1538 1.89993 273.91 -7.1375 4.1467
274.377 -6.98028 4.16486 0.221673 273.91 -7.1375 4.1467
273.986 -6.99615 4.14659 0.282466 273.91 -7.1375 4.1467
274.078 -7.10606 4.1538 1.89993 273.91 -7.1375 4.1467
273.985 -7.03841 4.15509 0.939004 273.91 -7.1375 4.1467
273.974 -7.01694 4.15676 0.48194 273.91 -7.1375 4.1467
274.07 -7.07517 4.15175 1.34635 273.91 -7.1375 4.1467
273.823 -7.04713 4.14399 0.384573 273.91 -7.1375 4.1467
273.974 -7.01694 4.15676 0.48194 273.91 -7.1375 4.1467
274.156 -6.88275 4.15397 0.0989442 273.91 -7.1375 4.1467
274.078 -7.10606 4.1538 1.89993 273.91 -7.1375 4.1467
274.315 -6.95824 4.16134 0.271796 273.91 -7.1375 4.1467
273.946 -6.95585 4.15631 0.18991 273.91 -7.1375 4.1467
274.07 -7.07517 4.15175 1.34635 273.91 -7.1375 4.1467
273.712 -7.13144 4.14758 0.241966 273.91 -7.1375 4.1467
274.093 -7.19664 4.14963 0.764617 273.91 -7.1375 4.1467
274.19 -6.88063 4.1541 0.071892 273.91 -7.1375 4.1467
273.985 -7.03841 4.15509 0.939004 273.91 -7.1375 4.1467
274.093 -7.19664 4.14963 0.764617 273.91 -7.1375 4.1467
273.985 -7.03841 4.15509 0.939004 273.91 -7.1375 4.1467
274.078 -7.10606 4.1538 1.89993 273.91 -7.1375 4.1467
274.07 -7.07517 4.15175 1.34635 273.91 -7.1375 4.1467
273.544 -7.22258 4.14753 0.00489156 273.91 -7.1375 4.1467
274.093 -7.19664 4.14963 0.764617 273.91 -7.1375 4.1467
274.078 -7.10606 4.1538 1.89993 273.91 -7.1375 4.1467
274.2 -6.99379 4.1562 0.615855 273.91 -7.1375 4.1467
274.07 -7.07517 4.15175 1.34635 273.91 -7.1375 4.1467
