-39.2615 -53.1343 1.60116 0.00188577 -39.424 -53.08 1.5919
-39.0541 -52.962 1.5955 0.000328959 -39.424 -53.08 1.5919
-39.3562 -52.8872 1.58795 0.00105181 -39.424 -53.08 1.5919
-39.4618 -53.0761 1.5976 0.0045642 -39.424 -53.08 1.5919
-39.498 -52.9969 1.59724 0.00424605 -39.424 -53.08 1.5919
-39.498 -52.9969 1.59724 0.00424605 -39.424 -53.08 1.5919
-39.4319 -52.8983 1.59594 0.00573984 -39.424 -53.08 1.5919
-39.5526 -52.9371 1.59008 0.00120699 -39.424 -53.08 1.5919
-39.6027 -53.0989 1.59971 0.000501388 -39.424 -53.08 1.5919
-39.0294 -53.073 1.59647 0.000169717 -39.424 -53.08 1.5919
-39.2615 -53.1343 1.60116 0.00188577 -39.424 -53.08 1.5919
-39.5526 -52.9371 1.59008 0.00120699 -39.424 -53.08 1.5919
-39.2615 -53.1343 1.60116 0.00188577 -39.424 -53.08 1.5919
-39.2944 -52.9319 1.59882 0.00429297 -39.424 -53.08 1.5919
-39.2944 -52.9319 1.59882 0.00429297 -39.424 -53.08 1.5919
-39.4429 -53.0865 1.59499 0.00482705 -39.424 -53.08 1.5919
-39.4618 -53.0761 1.5976 0.0045642 -39.424 -53.08 1.5919
-39.4319 -52.8983 1.59594 0.00573984 -39.424 -53.08 1.5919
-39.4319 -52.8983 1.59594 0.00573984 -39.424 -53.08 1.5919
-39.4319 -52.8983 1.59594 0.00573984 -39.424 -53.08 1.5919
-39.4429 -53.0865 1.59499 0.00482705 -39.424 -53.08 1.5919
-39.4618 -53.0761 1.5976 0.0045642 -39.424 -53.08 1.5919
-39.4618 -53.0761 1.5976 0.0045642 -39.424 -53.08 1.5919
-39.4429 -53.0865 1.59499 0.00482705 -39.424 -53.08 1.5919
-39.3745 -52.6402 1.59127 0.000234386 -39.424 -53.08 1.5919
-39.2673 -52.9488 1.6005 0.00244068 -39.424 -53.08 1.5919
-39.498 -52.9969 1.59724 0.00424605 -39.424 -53.08 1.5919
-39.3562 -52.8872 1.58795 0.00105181 -39.424 -53.08 1.5919
-39.4429 -53.0865 1.59499 0.00482705 -39.424 -53.08 1.5919
-39.4618 -53.0761 1.5976 0.0045642 -39.424 -53.08 1.5919
-39.4618 -53.0761 1.5976 0.0045642 -39.424 -53.08 1.5919
-39.5075 -52.8983 1.59395 0.0036978 -39.424 -53.08 1.5919
-39.3562 -52.8872 1.58795 0.00105181 -39.424 -53.08 1.5919
-39.4429 -53.0865 1.59499 0.00482705 -39.424 -53.08 1.5919
-39.4319 -52.8983 1.59594 0.00573984 -39.424 -53.08 1.5919
-39.4429 -53.0865 1.59499 0.00482705 -39.424 -53.08 1.5919
-39.5645 -53.0037 1.59182 0.00152531 -39.424 -53.08 1.5919
-39.5075 -52.8983 1.59395 0.0036978 -39.424 -53.08 1.5919
-39.4429 -53.0865 1.59499 0.00482705 -39.424 -53.08 1.5919
-39.4429 -53.0865 1.59499 0.00482705 -39.424 -53.08 1.5919
-39.2673 -52.9488 1.6005 0.00244068 -39.424 -53.08 1.5919
-39.4688 -53.1645 1.59741 0.00223196 -39.424 -53.08 1.5919
-39.5645 -53.0037 1.59182 0.00152531 -39.424 -53.08 1.5919
-39.4319 -52.8983 1.59594 0.00573984 -39.424 -53.08 1.5919
-39.5075 -52.8983 1.59395 0.0036978 -39.424 -53.08 1.5919
-39.5644 -52.9648 1.59766 0.00174044 -39.424 -53.08 1.5919
-39.2944 -52.9319 1.59882 0.00429297 -39.424 -53.08 1.5919
-39.6027 -53.0989 1.59971 0.000501388 -39.424 -53.08 1.5919
-39.4429 -53.0865 1.59499 0.00482705 -39.424 -53.08 1.5919
-39.4618 -53.0761 1.5976 0.0045642 -39.424 -53.08 1.5919
-39.4618 -53.0761 1.5976 0.0045642 -39.424 -53.08 1.5919
-39.4618 -53.0761 1.5976 0.0045642 -39.424 -53.08 1.5919
-39.3955 -52.8405 1.58852 0.00129244 -39.424 -53.08 1.5919
-39.1491 -53.098 1.59668 0.00131236 -39.424 -53.08 1.5919
-39.4618 -53.0761 1.5976 0.0045642 -39.424 -53.08 1.5919
-39.2944 -52.9319 1.59882 0.00429297 -39.424 -53.08 1.5919
-39.4319 -52.8983 1.59594 0.00573984 -39.424 -53.08 1.5919
-39.4319 -52.8983 1.59594 0.00573984 -39.424 -53.08 1.5919
-39.4688 -53.1645 1.59741 0.00223196 -39.424 -53.08 1.5919
-39.5645 -53.0037 1.59182 0.00152531 -39.424 -53.08 1.5919
-39.4618 -53.0761 1.5976 0.0045642 -39.424 -53.08 1.5919
-39.4429 -53.0865 1.59499 0.00482705 -39.424 -53.08 1.5919
-39.3955 -52.8405 1.58852 0.00129244 -39.424 -53.08 1.5919
-39.498 -52.9969 1.59724 0.00424605 -39.424 -53.08 1.5919
-39.2944 -52.9319 1.59882 0.00429297 -39.424 -53.08 1.5919
-39.1245 -53.0704 1.59703 0.00108023 -39.424 -53.08 1.5919
-39.2944 -52.9319 1.59882 0.00429297 -39.424 -53.08 1.5919
-39.5075 -52.8983 1.59395 0.0036978 -39.424 -53.08 1.5919
-39.498 -52.9969 1.59724 0.00424605 -39.424 -53.08 1.5919
-39.4688 -53.1645 1.59741 0.00223196 -39.424 -53.08 1.5919
-39.5505 -53.1124 1.58943 0.000277529 -39.424 -53.08 1.5919
-39.498 -52.9969 1.59724 0.00424605 -39.424 -53.08 1.5919
-39.5526 -52.9371 1.59008 0.00120699 -39.424 -53.08 1.5919
-39.4851 -52.7138 1.5901 0.000497058 -39.424 -53.08 1.5919
-39.4429 -53.0865 1.59499 0.00482705 -39.424 -53.08 1.5919
-39.4618 -53.0761 1.5976 0.0045642 -39.424 -53.08 1.5919
-39.2443 -52.9868 1.60188 0.00147314 -39.424 -53.08 1.5919
-39.2944 -52.9319 1.59882 0.00429297 -39.424 -53.08 1.5919
-39.2673 -52.9488 1.6005 0.00244068 -39.424 -53.08 1.5919
-39.4319 -52.8983 1.59594 0.00573984 -39.424 -53.08 1.5919
-39.4618 -53.0761 1.5976 0.0045642 -39.424 -53.08 1.5919
-39.4618 -53.0761 1.5976 0.0045642 -39.424 -53.08 1.5919
-39.4429 -53.0865 1.59499 0.00482705 -39.424 -53.08 1.5919
-39.498 -52.9969 1.59724 0.00424605 -39.424 -53.08 1.5919
-39.498 -52.9969 1.59724 0.00424605 -39.424 -53.08 1.5919
-39.4429 -53.0865 1.59499 0.00482705 -39.424 -53.08 1.5919
-39.4319 -52.8983 1.59594 0.00573984 -39.424 -53.08 1.5919
-39.2615 -53.1343 1.60116 0.00188577 -39.424 -53.08 1.5919
-39.2944 -52.9319 1.59882 0.00429297 -39.424 -53.08 1.5919
-39.4618 -53.0761 1.5976 0.0045642 -39.424 -53.08 1.5919
-39.2615 -53.1343 1.60116 0.00188577 -39.424 -53.08 1.5919
-39.5526 -52.9371 1.59008 0.00120699 -39.424 -53.08 1.5919
-39.2949 -53.0584 1.58846 0.000486991 -39.424 -53.08 1.5919
-39.4429 -53.0865 1.59499 0.00482705 -39.424 -53.08 1.5919
-39.5645 -53.0037 1.59182 0.00152531 -39.424 -53.08 1.5919
-39.4618 -53.0761 1.5976 0.0045642 -39.424 -53.08 1.5919
-39.4688 -53.1645 1.59741 0.00223196 -39.424 -53.08 1.5919
-39.4429 -53.0865 1.59499 0.00482705 -39.424 -53.08 1.5919
-39.5644 -52.9648 1.59766 0.00174044 -39.424 -53.08 1.5919
-39.4618 -53.0761 1.5976 0.0045642 -39.424 -53.08 1.5919
-39.5075 -52.8983 1.59395 0.0036978 -39.424 -53.08 1.5919
-39.2673 -52.9488 1.6005 0.00244068 -39.424 -53.08 1.5919
-39.2673 -52.9488 1.6005 0.00244068 -39.424 -53.08 1.5919
-39.5075 -52.8983 1.59395 0.0036978 -39.424 -53.08 1.5919
-39.5645 -53.0037 1.59182 0.00152531 -39.424 -53.08 1.5919
-39.498 -52.9969 1.59724 0.00424605 -39.424 -53.08 1.5919
-39.5644 -52.9648 1.59766 0.00174044 -39.424 -53.08 1.5919
-39.4429 -53.0865 1.59499 0.00482705 -39.424 -53.08 1.5919
-39.5644 -52.9648 1.59766 0.00174044 -39.424 -53.08 1.5919
-39.4618 -53.0761 1.5976 0.0045642 -39.424 -53.08 1.5919
-39.4319 -52.8983 1.59594 0.00573984 -39.424 -53.08 1.5919
-39.5075 -52.8983 1.59395 0.0036978 -39.424 -53.08 1.5919
-39.498 -52.9969 1.59724 0.00424605 -39.424 -53.08 1.5919
-39.5526 -52.9371 1.59008 0.00120699 -39.424 -53.08 1.5919
-39.5075 -52.8983 1.59395 0.0036978 -39.424 -53.08 1.5919
-39.5011 -53.3752 1.59943 4.31069e-05 -39.424 -53.08 1.5919
-39.2615 -53.1343 1.60116 0.00188577 -39.424 -53.08 1.5919
-39.5075 -52.8983 1.59395 0.0036978 -39.424 -53.08 1.5919
-39.5075 -52.8983 1.59395 0.0036978 -39.424 -53.08 1.5919
-39.3955 -52.8405 1.58852 0.00129244 -39.424 -53.08 1.5919
-39.5644 -52.9648 1.59766 0.00174044 -39.424 -53.08 1.5919
-39.2443 -52.9868 1.60188 0.00147314 -39.424 -53.08 1.5919
-39.4319 -52.8983 1.59594 0.00573984 -39.424 -53.08 1.5919
-39.1491 -53.098 1.59668 0.00131236 -39.424 -53.08 1.5919
-39.4688 -53.1645 1.59741 0.00223196 -39.424 -53.08 1.5919
-39.4429 -53.0865 1.59499 0.00482705 -39.424 -53.08 1.5919
-39.5075 -52.8983 1.59395 0.0036978 -39.424 -53.08 1.5919
-39.2443 -52.9868 1.60188 0.00147314 -39.424 -53.08 1.5919
-39.2944 -52.9319 1.59882 0.00429297 -39.424 -53.08 1.5919
-39.2673 -52.9488 1.6005 0.00244068 -39.424 -53.08 1.5919
-39.4618 -53.0761 1.5976 0.0045642 -39.424 -53.08 1.5919
-39.4319 -52.8983 1.59594 0.00573984 -39.424 -53.08 1.5919
-39.4319 -52.8983 1.59594 0.00573984 -39.424 -53.08 1.5919
-39.5075 -52.8983 1.59395 0.0036978 -39.424 -53.08 1.5919
-39.2944 -52.9319 1.59882 0.00429297 -39.424 -53.08 1.5919
-39.5645 -53.0037 1.59182 0.00152531 -39.424 -53.08 1.5919
-39.1245 -53.0704 1.59703 0.00108023 -39.424 -53.08 1.5919
-39.4429 -53.0865 1.59499 0.00482705 -39.424 -53.08 1.5919
-39.3562 -52.8872 1.58795 0.00105181 -39.424 -53.08 1.5919
-39.5075 -52.8983 1.59395 0.0036978 -39.424 -53.08 1.5919
-39.4319 -52.8983 1.59594 0.00573984 -39.424 -53.08 1.5919
-39.498 -52.9969 1.59724 0.00424605 -39.424 -53.08 1.5919
-39.4618 -53.0761 1.5976 0.0045642 -39.424 -53.08 1.5919
-39.5644 -52.9648 1.59766 0.00174044 -39.424 -53.08 1.5919
-39.4429 -53.0865 1.59499 0.00482705 -39.424 -53.08 1.5919
-39.4319 -52.8983 1.59594 0.00573984 -39.424 -53.08 1.5919
-39.5526 -52.9371 1.59008 0.00120699 -39.424 -53.08 1.5919
-39.253 -53.2919 1.597 0.000322448 -39.424 -53.08 1.5919
-39.4319 -52.8983 1.59594 0.00573984 -39.424 -53.08 1.5919
-39.3147 -52.8235 1.58706 0.0004544 -39.424 -53.08 1.5919
-39.4429 -53.0865 1.59499 0.00482705 -39.424 -53.08 1.5919
-39.2944 -52.9319 1.59882 0.00429297 -39.424 -53.08 1.5919
-39.1491 -53.098 1.59668 0.00131236 -39.424 -53.08 1.5919
-39.5644 -52.9648 1.59766 0.00174044 -39.424 -53.08 1.5919
-39.2673 -52.9488 1.6005 0.00244068 -39.424 -53.08 1.5919
-39.4688 -53.1645 1.59741 0.00223196 -39.424 -53.08 1.5919
-39.4319 -52.8983 1.59594 0.00573984 -39.424 -53.08 1.5919
-39.4319 -52.8983 1.59594 0.00573984 -39.424 -53.08 1.5919
-39.4429 -53.0865 1.59499 0.00482705 -39.424 -53.08 1.5919
-39.4851 -52.7138 1.5901 0.000497058 -39.424 -53.08 1.5919
-39.4618 -53.0761 1.5976 0.0045642 -39.424 -53.08 1.5919
-39.3693 -52.6984 1.58723 0.000203365 -39.424 -53.08 1.5919
-39.2944 -52.9319 1.59882 0.00429297 -39.424 -53.08 1.5919
-39.4618 -53.0761 1.5976 0.0045642 -39.424 -53.08 1.5919
-39.5644 -52.9648 1.59766 0.00174044 -39.424 -53.08 1.5919
-39.2944 -52.9319 1.59882 0.00429297 -39.424 -53.08 1.5919
-39.2944 -52.9319 1.59882 0.00429297 -39.424 -53.08 1.5919
-39.4319 -52.8983 1.59594 0.00573984 -39.424 -53.08 1.5919
-39.5281 -53.1938 1.58932 8.98748e-05 -39.424 -53.08 1.5919
-39.4618 -53.0761 1.5976 0.0045642 -39.424 -53.08 1.5919
-39.1245 -53.0704 1.59703 0.00108023 -39.424 -53.08 1.5919
-39.5075 -52.8983 1.59395 0.0036978 -39.424 -53.08 1.5919
-39.2944 -52.9319 1.59882 0.00429297 -39.424 -53.08 1.5919
-39.5075 -52.8983 1.59395 0.0036978 -39.424 -53.08 1.5919
-39.5645 -53.0037 1.59182 0.00152531 -39.424 -53.08 1.5919
-39.2944 -52.9319 1.59882 0.00429297 -39.424 -53.08 1.5919
-39.5526 -52.9371 1.59008 0.00120699 -39.424 -53.08 1.5919
-39.1245 -53.0704 1.59703 0.00108023 -39.424 -53.08 1.5919
-39.4688 -53.1645 1.59741 0.00223196 -39.424 -53.08 1.5919
-39.5075 -52.8983 1.59395 0.0036978 -39.424 -53.08 1.5919
-39.2673 -52.9488 1.6005 0.00244068 -39.424 -53.08 1.5919
-39.2615 -53.1343 1.60116 0.00188577 -39.424 -53.08 1.5919
-39.2673 -52.9488 1.6005 0.00244068 -39.424 -53.08 1.5919
-39.2615 -53.1343 1.60116 0.00188577 -39.424 -53.08 1.5919
-39.5645 -53.0037 1.59182 0.00152531 -39.424 -53.08 1.5919
-39.5526 -52.9371 1.59008 0.00120699 -39.424 -53.08 1.5919
-39.2673 -52.9488 1.6005 0.00244068 -39.424 -53.08 1.5919
-39.6027 -53.0989 1.59971 0.000501388 -39.424 -53.08 1.5919
-39.4319 -52.8983 1.59594 0.00573984 -39.424 -53.08 1.5919
-39.4429 -53.0865 1.59499 0.00482705 -39.424 -53.08 1.5919
-39.2944 -52.9319 1.59882 0.00429297 -39.424 -53.08 1.5919
-39.2673 -52.9488 1.6005 0.00244068 -39.424 -53.08 1.5919
-39.2673 -52.9488 1.6005 0.00244068 -39.424 -53.08 1.5919
-39.498 -52.9969 1.59724 0.00424605 -39.424 -53.08 1.5919
-39.4429 -53.0865 1.59499 0.00482705 -39.424 -53.08 1.5919
-39.4618 -53.0761 1.5976 0.0045642 -39.424 -53.08 1.5919
-39.498 -52.9969 1.59724 0.00424605 -39.424 -53.08 1.5919
-39.2673 -52.9488 1.6005 0.00244068 -39.424 -53.08 1.5919
-39.2615 -53.1343 1.60116 0.00188577 -39.424 -53.08 1.5919
-39.2673 -52.9488 1.6005 0.00244068 -39.424 -53.08 1.5919
