65.576 14.1308 0.117693 0.966317 65.514 14.319 0.12033
65.6507 14.1291 0.119483 0.650551 65.514 14.319 0.12033
65.3361 14.327 0.121581 0.832255 65.514 14.319 0.12033
65.4191 14.422 0.118199 1.35378 65.514 14.319 0.12033
65.6282 14.3923 0.103313 0.15874 65.514 14.319 0.12033
65.305 14.2465 0.113554 0.522183 65.514 14.319 0.12033
65.5989 14.4681 0.113743 1.22139 65.514 14.319 0.12033
65.5497 14.3633 0.115333 2.10473 65.514 14.319 0.12033
65.4534 14.5606 0.119813 0.41517 65.514 14.319 0.12033
65.522 14.4618 0.11736 1.39562 65.514 14.319 0.12033
65.6379 14.3784 0.120729 1.03707 65.514 14.319 0.12033
65.4982 14.1736 0.125691 0.556723 65.514 14.319 0.12033
65.5488 14.3582 0.126176 0.460943 65.514 14.319 0.12033
65.5478 14.3643 0.109593 1.09495 65.514 14.319 0.12033
65.3361 14.327 0.121581 0.832255 65.514 14.319 0.12033
65.5478 14.3643 0.109593 1.09495 65.514 14.319 0.12033
65.5054 14.0963 0.124351 0.455777 65.514 14.319 0.12033
65.3934 14.3534 0.120036 1.33948 65.514 14.319 0.12033
65.4191 14.422 0.118199 1.35378 65.514 14.319 0.12033
65.4629 14.2736 0.124593 0.883949 65.514 14.319 0.12033
65.5324 14.057 0.120594 0.483156 65.514 14.319 0.12033
65.5324 14.057 0.120594 0.483156 65.514 14.319 0.12033
65.5497 14.3633 0.115333 2.10473 65.514 14.319 0.12033
65.4191 14.422 0.118199 1.35378 65.514 14.319 0.12033
65.5989 14.4681 0.113743 1.22139 65.514 14.319 0.12033
65.5232 14.3313 0.125956 0.570523 65.514 14.319 0.12033
65.6379 14.3784 0.120729 1.03707 65.514 14.319 0.12033
65.6383 14.4101 0.112551 1.26007 65.514 14.319 0.12033
65.5989 14.4681 0.113743 1.22139 65.514 14.319 0.12033
65.5033 14.6946 0.117199 0.0941161 65.514 14.319 0.12033
65.6383 14.4101 0.112551 1.26007 65.514 14.319 0.12033
65.534 14.4652 0.114304 1.41012 65.514 14.319 0.12033
65.5332 14.1483 0.111442 0.621723 65.514 14.319 0.12033
65.4917 14.3731 0.120169 1.6643 65.514 14.319 0.12033
65.5497 14.3633 0.115333 2.10473 65.514 14.319 0.12033
65.5328 14.3572 0.108343 0.822855 65.514 14.319 0.12033
65.6505 14.0382 0.118413 0.273281 65.514 14.319 0.12033
65.6379 14.3784 0.120729 1.03707 65.514 14.319 0.12033
65.5497 14.3633 0.115333 2.10473 65.514 14.319 0.12033
65.3669 14.2035 0.114332 0.802111 65.514 14.319 0.12033
65.5328 14.3572 0.108343 0.822855 65.514 14.319 0.12033
65.5488 14.3582 0.126176 0.460943 65.514 14.319 0.12033
65.2422 14.2736 0.108089 0.076745 65.514 14.319 0.12033
65.5054 14.0963 0.124351 0.455777 65.514 14.319 0.12033
65.6379 14.3784 0.120729 1.03707 65.514 14.319 0.12033
65.4629 14.2736 0.124593 0.883949 65.514 14.319 0.12033
65.4629 14.2736 0.124593 0.883949 65.514 14.319 0.12033
65.5324 14.057 0.120594 0.483156 65.514 14.319 0.12033
65.4191 14.422 0.118199 1.35378 65.514 14.319 0.12033
65.5391 14.1862 0.114796 1.34437 65.514 14.319 0.12033
65.534 14.4652 0.114304 1.41012 65.514 14.319 0.12033
65.522 14.4618 0.11736 1.39562 65.514 14.319 0.12033
65.576 14.1308 0.117693 0.966317 65.514 14.319 0.12033
65.5992 14.4503 0.121154 0.804526 65.514 14.319 0.12033
65.576 14.1308 0.117693 0.966317 65.514 14.319 0.12033
65.5684 14.4796 0.109893 0.824484 65.514 14.319 0.12033
65.5139 14.5174 0.126097 0.1524 65.514 14.319 0.12033
65.5324 14.057 0.120594 0.483156 65.514 14.319 0.12033
65.687 14.4858 0.108621 0.419416 65.514 14.319 0.12033
65.4917 14.3731 0.120169 1.6643 65.514 14.319 0.12033
65.3934 14.3534 0.120036 1.33948 65.514 14.319 0.12033
65.4191 14.422 0.118199 1.35378 65.514 14.319 0.12033
65.5978 14.3673 0.119391 1.5624 65.514 14.319 0.12033
65.4534 14.5606 0.119813 0.41517 65.514 14.319 0.12033
65.7942 14.1734 0.105679 0.0450753 65.514 14.319 0.12033
65.6595 14.454 0.109828 0.698492 65.514 14.319 0.12033
65.576 14.1308 0.117693 0.966317 65.514 14.319 0.12033
65.3002 14.2982 0.108175 0.177387 65.514 14.319 0.12033
65.4889 14.3827 0.120634 1.51523 65.514 14.319 0.12033
65.6379 14.3784 0.120729 1.03707 65.514 14.319 0.12033
65.8145 14.1278 0.112962 0.117193 65.514 14.319 0.12033
65.6124 14.1788 0.110259 0.561373 65.514 14.319 0.12033
65.3289 14.1769 0.124329 0.419688 65.514 14.319 0.12033
65.6124 14.6554 0.118492 0.121984 65.514 14.319 0.12033
65.5978 14.3673 0.119391 1.5624 65.514 14.319 0.12033
65.305 14.2465 0.113554 0.522183 65.514 14.319 0.12033
65.665 14.622 0.117077 0.178724 65.514 14.319 0.12033
65.5391 14.1862 0.114796 1.34437 65.514 14.319 0.12033
65.6507 14.1291 0.119483 0.650551 65.514 14.319 0.12033
65.5054 14.0963 0.124351 0.455777 65.514 14.319 0.12033
65.5332 14.1483 0.111442 0.621723 65.514 14.319 0.12033
65.522 14.4618 0.11736 1.39562 65.514 14.319 0.12033
65.7802 14.2101 0.113039 0.330439 65.514 14.319 0.12033
65.4889 14.3827 0.120634 1.51523 65.514 14.319 0.12033
65.7802 14.2101 0.113039 0.330439 65.514 14.319 0.12033
65.5992 14.4503 0.121154 0.804526 65.514 14.319 0.12033
65.4917 14.3731 0.120169 1.6643 65.514 14.319 0.12033
65.6379 14.3784 0.120729 1.03707 65.514 14.319 0.12033
65.2322 14.2009 0.112239 0.137722 65.514 14.319 0.12033
65.8139 14.2822 0.116735 0.319798 65.514 14.319 0.12033
65.5497 14.3633 0.115333 2.10473 65.514 14.319 0.12033
65.2322 14.2009 0.112239 0.137722 65.514 14.319 0.12033
65.5478 14.3643 0.109593 1.09495 65.514 14.319 0.12033
65.5478 14.3643 0.109593 1.09495 65.514 14.319 0.12033
65.2806 14.503 0.109641 0.146186 65.514 14.319 0.12033
65.3361 14.327 0.121581 0.832255 65.514 14.319 0.12033
65.6507 14.1291 0.119483 0.650551 65.514 14.319 0.12033
65.4534 14.5606 0.119813 0.41517 65.514 14.319 0.12033
65.305 14.2465 0.113554 0.522183 65.514 14.319 0.12033
65.5391 14.1862 0.114796 1.34437 65.514 14.319 0.12033
65.5989 14.4681 0.113743 1.22139 65.514 14.319 0.12033
65.5684 14.4796 0.109893 0.824484 65.514 14.319 0.12033
65.5232 14.3313 0.125956 0.570523 65.514 14.319 0.12033
65.6595 14.454 0.109828 0.698492 65.514 14.319 0.12033
65.5324 14.057 0.120594 0.483156 65.514 14.319 0.12033
65.5497 14.3633 0.115333 2.10473 65.514 14.319 0.12033
65.5684 14.4796 0.109893 0.824484 65.514 14.319 0.12033
65.5391 14.1862 0.114796 1.34437 65.514 14.319 0.12033
65.4889 14.3827 0.120634 1.51523 65.514 14.319 0.12033
65.8139 14.2822 0.116735 0.319798 65.514 14.319 0.12033
65.3934 14.3534 0.120036 1.33948 65.514 14.319 0.12033
65.4889 14.3827 0.120634 1.51523 65.514 14.319 0.12033
65.4628 14.1815 0.109747 0.485526 65.514 14.319 0.12033
65.4628 14.1815 0.109747 0.485526 65.514 14.319 0.12033
65.5978 14.3673 0.119391 1.5624 65.514 14.319 0.12033
65.6507 14.1291 0.119483 0.650551 65.514 14.319 0.12033
65.5391 14.1862 0.114796 1.34437 65.514 14.319 0.12033
65.3934 14.3534 0.120036 1.33948 65.514 14.319 0.12033
65.8263 14.196 0.119301 0.170001 65.514 14.319 0.12033
65.5978 14.3673 0.119391 1.5624 65.514 14.319 0.12033
65.522 14.4618 0.11736 1.39562 65.514 14.319 0.12033
65.5328 14.3572 0.108343 0.822855 65.514 14.319 0.12033
65.7553 14.3693 0.117325 0.59995 65.514 14.319 0.12033
65.522 14.4618 0.11736 1.39562 65.514 14.319 0.12033
65.4191 14.422 0.118199 1.35378 65.514 14.319 0.12033
65.5989 14.4681 0.113743 1.22139 65.514 14.319 0.12033
65.5139 14.5174 0.126097 0.1524 65.514 14.319 0.12033
65.3289 14.1769 0.124329 0.419688 65.514 14.319 0.12033
65.5332 14.1483 0.111442 0.621723 65.514 14.319 0.12033
65.3361 14.327 0.121581 0.832255 65.514 14.319 0.12033
65.5523 14.1481 0.126355 0.380222 65.514 14.319 0.12033
65.5054 14.0963 0.124351 0.455777 65.514 14.319 0.12033
65.7802 14.2101 0.113039 0.330439 65.514 14.319 0.12033
65.522 14.4618 0.11736 1.39562 65.514 14.319 0.12033
65.667 14.1466 0.124941 0.288742 65.514 14.319 0.12033
65.4889 14.3827 0.120634 1.51523 65.514 14.319 0.12033
65.3669 14.2035 0.114332 0.802111 65.514 14.319 0.12033
65.665 14.622 0.117077 0.178724 65.514 14.319 0.12033
65.5497 14.3633 0.115333 2.10473 65.514 14.319 0.12033
65.6379 14.3784 0.120729 1.03707 65.514 14.319 0.12033
65.3208 14.1847 0.126136 0.284326 65.514 14.319 0.12033
65.5978 14.3673 0.119391 1.5624 65.514 14.319 0.12033
65.6379 14.3784 0.120729 1.03707 65.514 14.319 0.12033
65.4628 14.1815 0.109747 0.485526 65.514 14.319 0.12033
65.3289 14.1769 0.124329 0.419688 65.514 14.319 0.12033
65.4225 14.256 0.122903 1.10238 65.514 14.319 0.12033
65.6379 14.3784 0.120729 1.03707 65.514 14.319 0.12033
65.6383 14.4101 0.112551 1.26007 65.514 14.319 0.12033
65.3934 14.3534 0.120036 1.33948 65.514 14.319 0.12033
65.5497 14.3633 0.115333 2.10473 65.514 14.319 0.12033
65.4629 14.2736 0.124593 0.883949 65.514 14.319 0.12033
65.4982 14.1736 0.125691 0.556723 65.514 14.319 0.12033
65.6356 14.2134 0.104852 0.139085 65.514 14.319 0.12033
65.4917 14.3731 0.120169 1.6643 65.514 14.319 0.12033
65.5497 14.3633 0.115333 2.10473 65.514 14.319 0.12033
65.9942 14.4006 0.11011 0.0128423 65.514 14.319 0.12033
65.4823 14.6778 0.118645 0.10168 65.514 14.319 0.12033
65.5298 13.9116 0.114438 0.0409415 65.514 14.319 0.12033
65.3934 14.3534 0.120036 1.33948 65.514 14.319 0.12033
65.4191 14.422 0.118199 1.35378 65.514 14.319 0.12033
65.3934 14.3534 0.120036 1.33948 65.514 14.319 0.12033
65.6379 14.3784 0.120729 1.03707 65.514 14.319 0.12033
65.4889 14.3827 0.120634 1.51523 65.514 14.319 0.12033
65.5478 14.3643 0.109593 1.09495 65.514 14.319 0.12033
65.4889 14.3827 0.120634 1.51523 65.514 14.319 0.12033
65.5684 14.4796 0.109893 0.824484 65.514 14.319 0.12033
65.3289 14.1769 0.124329 0.419688 65.514 14.319 0.12033
65.8753 14.3304 0.114392 0.144163 65.514 14.319 0.12033
65.534 14.4652 0.114304 1.41012 65.514 14.319 0.12033
65.5989 14.4681 0.113743 1.22139 65.514 14.319 0.12033
65.305 14.2465 0.113554 0.522183 65.514 14.319 0.12033
65.5054 14.0963 0.124351 0.455777 65.514 14.319 0.12033
65.5478 14.3643 0.109593 1.09495 65.514 14.319 0.12033
65.5478 14.3643 0.109593 1.09495 65.514 14.319 0.12033
65.7311 14.2358 0.106644 0.174623 65.514 14.319 0.12033
65.6379 14.3784 0.120729 1.03707 65.514 14.319 0.12033
65.5332 14.1483 0.111442 0.621723 65.514 14.319 0.12033
65.522 14.4618 0.11736 1.39562 65.514 14.319 0.12033
65.6383 14.4101 0.112551 1.26007 65.514 14.319 0.12033
65.5391 14.1862 0.114796 1.34437 65.514 14.319 0.12033
65.4191 14.422 0.118199 1.35378 65.514 14.319 0.12033
65.5033 14.6946 0.117199 0.0941161 65.514 14.319 0.12033
65.7553 14.3693 0.117325 0.59995 65.514 14.319 0.12033
65.7553 14.3693 0.117325 0.59995 65.514 14.319 0.12033
65.522 14.4618 0.11736 1.39562 65.514 14.319 0.12033
65.3934 14.3534 0.120036 1.33948 65.514 14.319 0.12033
65.3934 14.3534 0.120036 1.33948 65.514 14.319 0.12033
65.5978 14.3673 0.119391 1.5624 65.514 14.319 0.12033
65.3934 14.3534 0.120036 1.33948 65.514 14.319 0.12033
65.3934 14.3534 0.120036 1.33948 65.514 14.319 0.12033
65.7802 14.2101 0.113039 0.330439 65.514 14.319 0.12033
65.522 14.4618 0.11736 1.39562 65.514 14.319 0.12033
65.6124 14.1788 0.110259 0.561373 65.514 14.319 0.12033
65.4629 14.2736 0.124593 0.883949 65.514 14.319 0.12033
65.6379 14.3784 0.120729 1.03707 65.514 14.319 0.12033
65.5497 14.3633 0.115333 2.10473 65.514 14.319 0.12033
65.7802 14.2101 0.113039 0.330439 65.514 14.319 0.12033
65.5497 14.3633 0.115333 2.10473 65.514 14.319 0.12033
65.5497 14.3633 0.115333 2.10473 65.514 14.319 0.12033
65.6124 14.1788 0.110259 0.561373 65.514 14.319 0.12033
