256.786 28.8074 6.26475 0.312401 256.79 28.669 6.2625
257.002 28.7909 6.2621 0.216443 256.79 28.669 6.2625
257.002 28.7909 6.2621 0.216443 256.79 28.669 6.2625
256.786 28.8074 6.26475 0.312401 256.79 28.669 6.2625
256.874 28.6891 6.26249 0.314475 256.79 28.669 6.2625
256.879 28.5362 6.27001 0.117982 256.79 28.669 6.2625
256.654 28.6254 6.27333 0.112152 256.79 28.669 6.2625
256.835 28.7865 6.25918 0.132087 256.79 28.669 6.2625
256.824 28.6212 6.2696 0.344209 256.79 28.669 6.2625
256.929 28.7143 6.26839 0.28243 256.79 28.669 6.2625
256.874 28.6891 6.26249 0.314475 256.79 28.669 6.2625
256.714 28.5699 6.26671 0.0994737 256.79 28.669 6.2625
256.874 28.6891 6.26249 0.314475 256.79 28.669 6.2625
256.874 28.6891 6.26249 0.314475 256.79 28.669 6.2625
257.011 28.8617 6.26028 0.131179 256.79 28.669 6.2625
256.916 28.5819 6.27022 0.136819 256.79 28.669 6.2625
256.588 28.622 6.26894 0.0379634 256.79 28.669 6.2625
256.824 28.6212 6.2696 0.344209 256.79 28.669 6.2625
256.843 28.5213 6.27114 0.10642 256.79 28.669 6.2625
256.76 28.7437 6.26639 0.378888 256.79 28.669 6.2625
256.36 28.7046 6.27511 0.000128924 256.79 28.669 6.2625
256.76 28.7437 6.26639 0.378888 256.79 28.669 6.2625
256.955 28.8673 6.26543 0.144841 256.79 28.669 6.2625
256.905 28.5646 6.26666 0.154632 256.79 28.669 6.2625
257.002 28.7909 6.2621 0.216443 256.79 28.669 6.2625
256.713 28.6356 6.27014 0.255038 256.79 28.669 6.2625
256.786 28.8074 6.26475 0.312401 256.79 28.669 6.2625
256.918 28.6518 6.26734 0.321778 256.79 28.669 6.2625
256.817 28.8482 6.26486 0.267554 256.79 28.669 6.2625
256.824 28.6212 6.2696 0.344209 256.79 28.669 6.2625
256.76 28.7437 6.26639 0.378888 256.79 28.669 6.2625
256.918 28.6518 6.26734 0.321778 256.79 28.669 6.2625
256.874 28.6891 6.26249 0.314475 256.79 28.669 6.2625
256.992 28.8819 6.26511 0.0876985 256.79 28.669 6.2625
256.817 28.8482 6.26486 0.267554 256.79 28.669 6.2625
257.01 28.7099 6.27225 0.0198745 256.79 28.669 6.2625
256.831 28.4525 6.27044 0.0368932 256.79 28.669 6.2625
256.918 28.6518 6.26734 0.321778 256.79 28.669 6.2625
256.874 28.6891 6.26249 0.314475 256.79 28.669 6.2625
257.002 28.7909 6.2621 0.216443 256.79 28.669 6.2625
256.786 28.8074 6.26475 0.312401 256.79 28.669 6.2625
256.782 28.5531 6.26581 0.112994 256.79 28.669 6.2625
256.929 28.7143 6.26839 0.28243 256.79 28.669 6.2625
256.955 28.8673 6.26543 0.144841 256.79 28.669 6.2625
256.83 28.8079 6.25993 0.16363 256.79 28.669 6.2625
256.916 28.5819 6.27022 0.136819 256.79 28.669 6.2625
256.929 28.7143 6.26839 0.28243 256.79 28.669 6.2625
256.786 28.8074 6.26475 0.312401 256.79 28.669 6.2625
256.782 28.5531 6.26581 0.112994 256.79 28.669 6.2625
256.714 28.6952 6.26277 0.0935309 256.79 28.669 6.2625
257.002 28.7909 6.2621 0.216443 256.79 28.669 6.2625
256.824 28.6212 6.2696 0.344209 256.79 28.669 6.2625
256.83 28.8079 6.25993 0.16363 256.79 28.669 6.2625
256.677 28.5452 6.27414 0.0791771 256.79 28.669 6.2625
256.874 28.6891 6.26249 0.314475 256.79 28.669 6.2625
257.004 28.6822 6.26868 0.0977401 256.79 28.669 6.2625
257.004 28.6822 6.26868 0.0977401 256.79 28.669 6.2625
256.955 28.8673 6.26543 0.144841 256.79 28.669 6.2625
256.713 28.6356 6.27014 0.255038 256.79 28.669 6.2625
256.899 28.6138 6.27665 0.0157565 256.79 28.669 6.2625
256.817 28.8482 6.26486 0.267554 256.79 28.669 6.2625
256.929 28.7143 6.26839 0.28243 256.79 28.669 6.2625
256.916 28.5819 6.27022 0.136819 256.79 28.669 6.2625
256.835 28.7865 6.25918 0.132087 256.79 28.669 6.2625
256.83 28.8079 6.25993 0.16363 256.79 28.669 6.2625
257.002 28.7909 6.2621 0.216443 256.79 28.669 6.2625
256.643 28.7932 6.26832 0.0811881 256.79 28.669 6.2625
256.944 28.7034 6.26442 0.356064 256.79 28.669 6.2625
256.712 28.5104 6.26672 0.0383425 256.79 28.669 6.2625
256.714 28.5699 6.26671 0.0994737 256.79 28.669 6.2625
256.817 28.8482 6.26486 0.267554 256.79 28.669 6.2625
256.918 28.6518 6.26734 0.321778 256.79 28.669 6.2625
256.782 28.5531 6.26581 0.112994 256.79 28.669 6.2625
256.874 28.6891 6.26249 0.314475 256.79 28.669 6.2625
257.002 28.7909 6.2621 0.216443 256.79 28.669 6.2625
256.824 28.6212 6.2696 0.344209 256.79 28.669 6.2625
256.916 28.5819 6.27022 0.136819 256.79 28.669 6.2625
257.004 28.6822 6.26868 0.0977401 256.79 28.669 6.2625
256.786 28.8074 6.26475 0.312401 256.79 28.669 6.2625
256.817 28.8482 6.26486 0.267554 256.79 28.669 6.2625
256.722 28.7003 6.26175 0.0723232 256.79 28.669 6.2625
256.76 28.7437 6.26639 0.378888 256.79 28.669 6.2625
256.76 28.7437 6.26639 0.378888 256.79 28.669 6.2625
256.778 28.949 6.26058 0.035913 256.79 28.669 6.2625
256.762 28.2867 6.27595 0.000554193 256.79 28.669 6.2625
257.002 28.7909 6.2621 0.216443 256.79 28.669 6.2625
256.944 28.7034 6.26442 0.356064 256.79 28.669 6.2625
256.977 28.9538 6.25755 0.0455751 256.79 28.669 6.2625
256.878 28.9285 6.26027 0.0959298 256.79 28.669 6.2625
256.918 28.6518 6.26734 0.321778 256.79 28.669 6.2625
256.874 28.6891 6.26249 0.314475 256.79 28.669 6.2625
256.929 28.7143 6.26839 0.28243 256.79 28.669 6.2625
256.722 28.7003 6.26175 0.0723232 256.79 28.669 6.2625
256.83 28.8079 6.25993 0.16363 256.79 28.669 6.2625
256.878 28.9285 6.26027 0.0959298 256.79 28.669 6.2625
256.835 28.7865 6.25918 0.132087 256.79 28.669 6.2625
257.002 28.7909 6.2621 0.216443 256.79 28.669 6.2625
256.918 28.6518 6.26734 0.321778 256.79 28.669 6.2625
256.714 28.6952 6.26277 0.0935309 256.79 28.669 6.2625
256.929 28.7143 6.26839 0.28243 256.79 28.669 6.2625
256.916 28.5819 6.27022 0.136819 256.79 28.669 6.2625
256.944 28.7034 6.26442 0.356064 256.79 28.669 6.2625
256.712 28.5104 6.26672 0.0383425 256.79 28.669 6.2625
256.835 28.7865 6.25918 0.132087 256.79 28.669 6.2625
256.76 28.7437 6.26639 0.378888 256.79 28.669 6.2625
256.717 28.4732 6.26451 0.00793907 256.79 28.669 6.2625
256.824 28.6212 6.2696 0.344209 256.79 28.669 6.2625
256.916 28.5819 6.27022 0.136819 256.79 28.669 6.2625
256.714 28.5699 6.26671 0.0994737 256.79 28.669 6.2625
256.809 28.9316 6.26228 0.0807228 256.79 28.669 6.2625
256.817 28.8482 6.26486 0.267554 256.79 28.669 6.2625
256.782 28.5531 6.26581 0.112994 256.79 28.669 6.2625
256.76 28.7437 6.26639 0.378888 256.79 28.669 6.2625
256.76 28.7437 6.26639 0.378888 256.79 28.669 6.2625
256.918 28.6518 6.26734 0.321778 256.79 28.669 6.2625
256.786 28.8074 6.26475 0.312401 256.79 28.669 6.2625
256.817 28.8482 6.26486 0.267554 256.79 28.669 6.2625
257.01 28.8974 6.26451 0.0649216 256.79 28.669 6.2625
256.76 28.7437 6.26639 0.378888 256.79 28.669 6.2625
257.114 28.8003 6.25521 0.0183358 256.79 28.669 6.2625
256.955 28.8673 6.26543 0.144841 256.79 28.669 6.2625
256.929 28.7143 6.26839 0.28243 256.79 28.669 6.2625
256.588 28.622 6.26894 0.0379634 256.79 28.669 6.2625
256.878 28.9285 6.26027 0.0959298 256.79 28.669 6.2625
256.918 28.6518 6.26734 0.321778 256.79 28.669 6.2625
256.76 28.7437 6.26639 0.378888 256.79 28.669 6.2625
257.092 28.6034 6.26598 0.0197079 256.79 28.669 6.2625
256.929 28.7143 6.26839 0.28243 256.79 28.669 6.2625
256.916 28.5819 6.27022 0.136819 256.79 28.669 6.2625
257.002 28.7909 6.2621 0.216443 256.79 28.669 6.2625
256.874 28.6891 6.26249 0.314475 256.79 28.669 6.2625
256.782 28.5531 6.26581 0.112994 256.79 28.669 6.2625
256.977 28.9538 6.25755 0.0455751 256.79 28.669 6.2625
256.918 28.6518 6.26734 0.321778 256.79 28.669 6.2625
256.677 28.5452 6.27414 0.0791771 256.79 28.669 6.2625
256.76 28.7437 6.26639 0.378888 256.79 28.669 6.2625
256.929 28.7143 6.26839 0.28243 256.79 28.669 6.2625
256.916 28.5819 6.27022 0.136819 256.79 28.669 6.2625
256.817 28.8482 6.26486 0.267554 256.79 28.669 6.2625
257.038 28.8168 6.26733 0.047544 256.79 28.669 6.2625
256.786 28.8074 6.26475 0.312401 256.79 28.669 6.2625
256.713 28.6356 6.27014 0.255038 256.79 28.669 6.2625
256.824 28.6212 6.2696 0.344209 256.79 28.669 6.2625
256.944 28.7034 6.26442 0.356064 256.79 28.669 6.2625
256.677 28.5452 6.27414 0.0791771 256.79 28.669 6.2625
256.824 28.6212 6.2696 0.344209 256.79 28.669 6.2625
256.809 28.9316 6.26228 0.0807228 256.79 28.669 6.2625
256.918 28.6518 6.26734 0.321778 256.79 28.669 6.2625
256.786 28.8074 6.26475 0.312401 256.79 28.669 6.2625
256.556 28.6879 6.26674 0.0143952 256.79 28.669 6.2625
256.817 28.8482 6.26486 0.267554 256.79 28.669 6.2625
256.843 28.5213 6.27114 0.10642 256.79 28.669 6.2625
256.944 28.7034 6.26442 0.356064 256.79 28.669 6.2625
256.874 28.6891 6.26249 0.314475 256.79 28.669 6.2625
256.786 28.8074 6.26475 0.312401 256.79 28.669 6.2625
256.83 28.8079 6.25993 0.16363 256.79 28.669 6.2625
256.887 29.0084 6.25529 0.00902543 256.79 28.669 6.2625
256.918 28.6518 6.26734 0.321778 256.79 28.669 6.2625
257.011 28.8617 6.26028 0.131179 256.79 28.669 6.2625
257.011 28.8617 6.26028 0.131179 256.79 28.669 6.2625
256.824 28.6212 6.2696 0.344209 256.79 28.669 6.2625
256.835 28.7865 6.25918 0.132087 256.79 28.669 6.2625
256.654 28.6254 6.27333 0.112152 256.79 28.669 6.2625
257.01 28.8974 6.26451 0.0649216 256.79 28.669 6.2625
256.713 28.6356 6.27014 0.255038 256.79 28.669 6.2625
256.918 28.6518 6.26734 0.321778 256.79 28.669 6.2625
256.843 28.5213 6.27114 0.10642 256.79 28.669 6.2625
257.092 28.6034 6.26598 0.0197079 256.79 28.669 6.2625
257.002 28.7909 6.2621 0.216443 256.79 28.669 6.2625
256.944 28.7034 6.26442 0.356064 256.79 28.669 6.2625
256.654 28.6254 6.27333 0.112152 256.79 28.669 6.2625
256.824 28.6212 6.2696 0.344209 256.79 28.669 6.2625
257.038 28.8168 6.26733 0.047544 256.79 28.669 6.2625
256.786 28.8074 6.26475 0.312401 256.79 28.669 6.2625
256.944 28.7034 6.26442 0.356064 256.79 28.669 6.2625
256.992 28.8819 6.26511 0.0876985 256.79 28.669 6.2625
256.824 28.6212 6.2696 0.344209 256.79 28.669 6.2625
256.944 28.7034 6.26442 0.356064 256.79 28.669 6.2625
256.76 28.7437 6.26639 0.378888 256.79 28.669 6.2625
256.916 28.5819 6.27022 0.136819 256.79 28.669 6.2625
256.879 28.5362 6.27001 0.117982 256.79 28.669 6.2625
256.879 28.5362 6.27001 0.117982 256.79 28.669 6.2625
257.002 28.7909 6.2621 0.216443 256.79 28.669 6.2625
256.874 28.6891 6.26249 0.314475 256.79 28.669 6.2625
256.713 28.6356 6.27014 0.255038 256.79 28.669 6.2625
256.929 28.7143 6.26839 0.28243 256.79 28.669 6.2625
256.916 28.5819 6.27022 0.136819 256.79 28.669 6.2625
256.944 28.7034 6.26442 0.356064 256.79 28.669 6.2625
256.929 28.7143 6.26839 0.28243 256.79 28.669 6.2625
257.002 28.7909 6.2621 0.216443 256.79 28.669 6.2625
256.824 28.6212 6.2696 0.344209 256.79 28.669 6.2625
256.835 28.7865 6.25918 0.132087 256.79 28.669 6.2625
256.879 28.5362 6.27001 0.117982 256.79 28.669 6.2625
256.918 28.6518 6.26734 0.321778 256.79 28.669 6.2625
256.905 28.5646 6.26666 0.154632 256.79 28.669 6.2625
257.025 28.8533 6.26584 0.0658467 256.79 28.669 6.2625
256.654 28.6254 6.27333 0.112152 256.79 28.669 6.2625
256.824 28.6212 6.2696 0.344209 256.79 28.669 6.2625
257.002 28.7909 6.2621 0.216443 256.79 28.669 6.2625
257.038 28.8168 6.26733 0.047544 256.79 28.669 6.2625
