250.659 -19.4545 3.04419 1.26917 250.71 -19.364 3.043
250.519 -19.359 3.03566 1.9357 250.71 -19.364 3.043
250.367 -19.3535 3.03517 1.91534 250.71 -19.364 3.043
250.626 -19.2057 3.03716 1.3421 250.71 -19.364 3.043
250.73 -19.5098 3.04578 0.577632 250.71 -19.364 3.043
250.397 -19.1538 3.03447 1.41185 250.71 -19.364 3.043
250.804 -19.3553 3.04544 0.947356 250.71 -19.364 3.043
250.519 -19.359 3.03566 1.9357 250.71 -19.364 3.043
250.732 -19.2868 3.04857 0.476284 250.71 -19.364 3.043
250.8 -19.4419 3.04521 0.743163 250.71 -19.364 3.043
250.626 -19.2057 3.03716 1.3421 250.71 -19.364 3.043
250.844 -19.4015 3.04139 0.355946 250.71 -19.364 3.043
250.855 -19.3275 3.04365 0.572362 250.71 -19.364 3.043
250.855 -19.3275 3.04365 0.572362 250.71 -19.364 3.043
250.73 -19.5098 3.04578 0.577632 250.71 -19.364 3.043
250.716 -19.264 3.03711 0.611611 250.71 -19.364 3.043
250.8 -19.4419 3.04521 0.743163 250.71 -19.364 3.043
250.331 -19.2954 3.03076 0.867159 250.71 -19.364 3.043
250.519 -19.359 3.03566 1.9357 250.71 -19.364 3.043
250.844 -19.3885 3.05146 0.162394 250.71 -19.364 3.043
250.855 -19.3275 3.04365 0.572362 250.71 -19.364 3.043
250.519 -19.359 3.03566 1.9357 250.71 -19.364 3.043
250.948 -19.3739 3.04717 0.217375 250.71 -19.364 3.043
250.626 -19.2057 3.03716 1.3421 250.71 -19.364 3.043
250.416 -19.4721 3.03869 1.10014 250.71 -19.364 3.043
250.367 -19.3535 3.03517 1.91534 250.71 -19.364 3.043
250.948 -19.3739 3.04717 0.217375 250.71 -19.364 3.043
250.659 -19.4545 3.04419 1.26917 250.71 -19.364 3.043
250.64 -19.3225 3.05051 0.113956 250.71 -19.364 3.043
250.674 -19.2041 3.04225 1.54986 250.71 -19.364 3.043
250.73 -19.5098 3.04578 0.577632 250.71 -19.364 3.043
250.8 -19.4419 3.04521 0.743163 250.71 -19.364 3.043
250.849 -19.3517 3.04722 0.574607 250.71 -19.364 3.043
250.64 -19.3225 3.05051 0.113956 250.71 -19.364 3.043
250.659 -19.4545 3.04419 1.26917 250.71 -19.364 3.043
250.397 -19.1538 3.03447 1.41185 250.71 -19.364 3.043
250.59 -19.2335 3.04785 0.257834 250.71 -19.364 3.043
250.626 -19.2057 3.03716 1.3421 250.71 -19.364 3.043
250.804 -19.3553 3.04544 0.947356 250.71 -19.364 3.043
250.804 -19.3553 3.04544 0.947356 250.71 -19.364 3.043
250.8 -19.4419 3.04521 0.743163 250.71 -19.364 3.043
250.707 -19.1197 3.04893 0.09089 250.71 -19.364 3.043
250.804 -19.3553 3.04544 0.947356 250.71 -19.364 3.043
250.674 -19.2041 3.04225 1.54986 250.71 -19.364 3.043
250.519 -19.359 3.03566 1.9357 250.71 -19.364 3.043
250.804 -19.3553 3.04544 0.947356 250.71 -19.364 3.043
250.367 -19.3535 3.03517 1.91534 250.71 -19.364 3.043
250.849 -19.3517 3.04722 0.574607 250.71 -19.364 3.043
250.367 -19.3535 3.03517 1.91534 250.71 -19.364 3.043
250.367 -19.3535 3.03517 1.91534 250.71 -19.364 3.043
250.416 -19.4721 3.03869 1.10014 250.71 -19.364 3.043
250.594 -19.5354 3.03671 0.366574 250.71 -19.364 3.043
250.732 -19.2868 3.04857 0.476284 250.71 -19.364 3.043
250.716 -19.264 3.03711 0.611611 250.71 -19.364 3.043
250.8 -19.4419 3.04521 0.743163 250.71 -19.364 3.043
250.62 -19.4489 3.03425 0.274192 250.71 -19.364 3.043
250.626 -19.2057 3.03716 1.3421 250.71 -19.364 3.043
250.519 -19.359 3.03566 1.9357 250.71 -19.364 3.043
250.716 -19.264 3.03711 0.611611 250.71 -19.364 3.043
250.397 -19.1538 3.03447 1.41185 250.71 -19.364 3.043
250.804 -19.3553 3.04544 0.947356 250.71 -19.364 3.043
250.659 -19.4545 3.04419 1.26917 250.71 -19.364 3.043
250.416 -19.4721 3.03869 1.10014 250.71 -19.364 3.043
250.397 -19.1538 3.03447 1.41185 250.71 -19.364 3.043
250.958 -19.5304 3.05455 0.0164337 250.71 -19.364 3.043
250.8 -19.4419 3.04521 0.743163 250.71 -19.364 3.043
250.764 -19.2359 3.04727 0.582975 250.71 -19.364 3.043
250.416 -19.4721 3.03869 1.10014 250.71 -19.364 3.043
250.331 -19.2954 3.03076 0.867159 250.71 -19.364 3.043
250.397 -19.1538 3.03447 1.41185 250.71 -19.364 3.043
250.519 -19.359 3.03566 1.9357 250.71 -19.364 3.043
250.626 -19.2057 3.03716 1.3421 250.71 -19.364 3.043
250.397 -19.1538 3.03447 1.41185 250.71 -19.364 3.043
250.855 -19.3275 3.04365 0.572362 250.71 -19.364 3.043
250.603 -19.1013 3.0353 0.448742 250.71 -19.364 3.043
250.367 -19.3535 3.03517 1.91534 250.71 -19.364 3.043
250.659 -19.4545 3.04419 1.26917 250.71 -19.364 3.043
250.764 -19.2359 3.04727 0.582975 250.71 -19.364 3.043
250.707 -19.1197 3.04893 0.09089 250.71 -19.364 3.043
250.804 -19.3553 3.04544 0.947356 250.71 -19.364 3.043
250.674 -19.2041 3.04225 1.54986 250.71 -19.364 3.043
250.519 -19.3608 3.05068 0.022866 250.71 -19.364 3.043
250.416 -19.4721 3.03869 1.10014 250.71 -19.364 3.043
250.397 -19.1538 3.03447 1.41185 250.71 -19.364 3.043
250.948 -19.3739 3.04717 0.217375 250.71 -19.364 3.043
250.659 -19.4545 3.04419 1.26917 250.71 -19.364 3.043
250.603 -19.1013 3.0353 0.448742 250.71 -19.364 3.043
250.626 -19.2057 3.03716 1.3421 250.71 -19.364 3.043
250.674 -19.2041 3.04225 1.54986 250.71 -19.364 3.043
250.626 -19.2057 3.03716 1.3421 250.71 -19.364 3.043
250.397 -19.1538 3.03447 1.41185 250.71 -19.364 3.043
250.62 -19.4489 3.03425 0.274192 250.71 -19.364 3.043
250.397 -19.1538 3.03447 1.41185 250.71 -19.364 3.043
250.416 -19.4721 3.03869 1.10014 250.71 -19.364 3.043
250.416 -19.4721 3.03869 1.10014 250.71 -19.364 3.043
250.519 -19.359 3.03566 1.9357 250.71 -19.364 3.043
250.519 -19.359 3.03566 1.9357 250.71 -19.364 3.043
250.397 -19.1538 3.03447 1.41185 250.71 -19.364 3.043
250.485 -19.6005 3.03923 0.27389 250.71 -19.364 3.043
250.519 -19.359 3.03566 1.9357 250.71 -19.364 3.043
250.631 -19.3396 3.03067 0.0515423 250.71 -19.364 3.043
250.716 -19.264 3.03711 0.611611 250.71 -19.364 3.043
250.924 -19.2476 3.0438 0.185073 250.71 -19.364 3.043
250.73 -19.5098 3.04578 0.577632 250.71 -19.364 3.043
250.913 -19.279 3.04529 0.293367 250.71 -19.364 3.043
250.844 -19.3885 3.05146 0.162394 250.71 -19.364 3.043
250.674 -19.2041 3.04225 1.54986 250.71 -19.364 3.043
250.716 -19.264 3.03711 0.611611 250.71 -19.364 3.043
250.73 -19.5098 3.04578 0.577632 250.71 -19.364 3.043
250.397 -19.1538 3.03447 1.41185 250.71 -19.364 3.043
250.519 -19.359 3.03566 1.9357 250.71 -19.364 3.043
250.416 -19.4721 3.03869 1.10014 250.71 -19.364 3.043
250.764 -19.2359 3.04727 0.582975 250.71 -19.364 3.043
250.764 -19.2359 3.04727 0.582975 250.71 -19.364 3.043
250.485 -19.6005 3.03923 0.27389 250.71 -19.364 3.043
250.64 -19.3225 3.05051 0.113956 250.71 -19.364 3.043
250.626 -19.2057 3.03716 1.3421 250.71 -19.364 3.043
250.804 -19.3553 3.04544 0.947356 250.71 -19.364 3.043
250.519 -19.359 3.03566 1.9357 250.71 -19.364 3.043
250.804 -19.3553 3.04544 0.947356 250.71 -19.364 3.043
250.331 -19.2954 3.03076 0.867159 250.71 -19.364 3.043
250.519 -19.359 3.03566 1.9357 250.71 -19.364 3.043
250.331 -19.2954 3.03076 0.867159 250.71 -19.364 3.043
250.764 -19.2359 3.04727 0.582975 250.71 -19.364 3.043
250.331 -19.2954 3.03076 0.867159 250.71 -19.364 3.043
250.367 -19.3535 3.03517 1.91534 250.71 -19.364 3.043
250.8 -19.4419 3.04521 0.743163 250.71 -19.364 3.043
250.397 -19.1538 3.03447 1.41185 250.71 -19.364 3.043
250.674 -19.2041 3.04225 1.54986 250.71 -19.364 3.043
250.367 -19.3535 3.03517 1.91534 250.71 -19.364 3.043
250.948 -19.3739 3.04717 0.217375 250.71 -19.364 3.043
250.416 -19.4721 3.03869 1.10014 250.71 -19.364 3.043
250.519 -19.359 3.03566 1.9357 250.71 -19.364 3.043
250.804 -19.3553 3.04544 0.947356 250.71 -19.364 3.043
250.519 -19.359 3.03566 1.9357 250.71 -19.364 3.043
250.8 -19.4419 3.04521 0.743163 250.71 -19.364 3.043
250.626 -19.2057 3.03716 1.3421 250.71 -19.364 3.043
250.519 -19.359 3.03566 1.9357 250.71 -19.364 3.043
250.367 -19.3535 3.03517 1.91534 250.71 -19.364 3.043
250.804 -19.3553 3.04544 0.947356 250.71 -19.364 3.043
250.519 -19.359 3.03566 1.9357 250.71 -19.364 3.043
250.8 -19.4419 3.04521 0.743163 250.71 -19.364 3.043
250.674 -19.2041 3.04225 1.54986 250.71 -19.364 3.043
250.367 -19.3535 3.03517 1.91534 250.71 -19.364 3.043
251.003 -19.4135 3.04588 0.0763457 250.71 -19.364 3.043
250.8 -19.4419 3.04521 0.743163 250.71 -19.364 3.043
250.464 -19.1878 3.04468 0.316071 250.71 -19.364 3.043
250.804 -19.3553 3.04544 0.947356 250.71 -19.364 3.043
250.844 -19.4015 3.04139 0.355946 250.71 -19.364 3.043
250.874 -19.2934 3.03984 0.155738 250.71 -19.364 3.043
250.331 -19.2954 3.03076 0.867159 250.71 -19.364 3.043
250.8 -19.4419 3.04521 0.743163 250.71 -19.364 3.043
250.701 -19.0695 3.04426 0.256604 250.71 -19.364 3.043
250.367 -19.3535 3.03517 1.91534 250.71 -19.364 3.043
250.603 -19.1013 3.0353 0.448742 250.71 -19.364 3.043
250.716 -19.264 3.03711 0.611611 250.71 -19.364 3.043
250.626 -19.2057 3.03716 1.3421 250.71 -19.364 3.043
250.73 -19.5098 3.04578 0.577632 250.71 -19.364 3.043
250.603 -19.1013 3.0353 0.448742 250.71 -19.364 3.043
250.73 -19.5098 3.04578 0.577632 250.71 -19.364 3.043
250.331 -19.2954 3.03076 0.867159 250.71 -19.364 3.043
250.701 -19.0695 3.04426 0.256604 250.71 -19.364 3.043
250.367 -19.3535 3.03517 1.91534 250.71 -19.364 3.043
250.674 -19.2041 3.04225 1.54986 250.71 -19.364 3.043
250.944 -19.4626 3.04552 0.141955 250.71 -19.364 3.043
250.415 -19.5683 3.03912 0.332879 250.71 -19.364 3.043
250.367 -19.3535 3.03517 1.91534 250.71 -19.364 3.043
250.367 -19.3535 3.03517 1.91534 250.71 -19.364 3.043
251.003 -19.4135 3.04588 0.0763457 250.71 -19.364 3.043
250.732 -19.2868 3.04857 0.476284 250.71 -19.364 3.043
250.259 -19.4995 3.04428 0.0118067 250.71 -19.364 3.043
250.674 -19.2041 3.04225 1.54986 250.71 -19.364 3.043
250.849 -19.3517 3.04722 0.574607 250.71 -19.364 3.043
250.925 -19.5597 3.05064 0.0586307 250.71 -19.364 3.043
250.626 -19.2057 3.03716 1.3421 250.71 -19.364 3.043
250.924 -19.2476 3.0438 0.185073 250.71 -19.364 3.043
250.8 -19.4419 3.04521 0.743163 250.71 -19.364 3.043
250.659 -19.4545 3.04419 1.26917 250.71 -19.364 3.043
250.948 -19.3739 3.04717 0.217375 250.71 -19.364 3.043
250.367 -19.3535 3.03517 1.91534 250.71 -19.364 3.043
250.62 -19.4489 3.03425 0.274192 250.71 -19.364 3.043
250.674 -19.2041 3.04225 1.54986 250.71 -19.364 3.043
250.485 -19.6005 3.03923 0.27389 250.71 -19.364 3.043
250.674 -19.2041 3.04225 1.54986 250.71 -19.364 3.043
250.331 -19.2954 3.03076 0.867159 250.71 -19.364 3.043
250.659 -19.4545 3.04419 1.26917 250.71 -19.364 3.043
250.367 -19.3535 3.03517 1.91534 250.71 -19.364 3.043
250.397 -19.1538 3.03447 1.41185 250.71 -19.364 3.043
250.944 -19.4626 3.04552 0.141955 250.71 -19.364 3.043
250.519 -19.359 3.03566 1.9357 250.71 -19.364 3.043
250.659 -19.4545 3.04419 1.26917 250.71 -19.364 3.043
250.732 -19.2868 3.04857 0.476284 250.71 -19.364 3.043
250.464 -19.1878 3.04468 0.316071 250.71 -19.364 3.043
250.855 -19.3275 3.04365 0.572362 250.71 -19.364 3.043
250.367 -19.3535 3.03517 1.91534 250.71 -19.364 3.043
250.519 -19.359 3.03566 1.9357 250.71 -19.364 3.043
250.367 -19.3535 3.03517 1.91534 250.71 -19.364 3.043
250.367 -19.3535 3.03517 1.91534 250.71 -19.364 3.043
250.603 -19.1013 3.0353 0.448742 250.71 -19.364 3.043
250.913 -19.279 3.04529 0.293367 250.71 -19.364 3.043
