-7.62987 -94.6191 2.9582 0.00577594 -7.6006 -94.858 2.9503
-7.70641 -94.5585 2.94712 0.0177658 -7.6006 -94.858 2.9503
-7.67271 -94.7115 2.9477 0.00881697 -7.6006 -94.858 2.9503
-7.78341 -94.7241 2.94903 0.0170039 -7.6006 -94.858 2.9503
-7.70641 -94.5585 2.94712 0.0177658 -7.6006 -94.858 2.9503
-7.76866 -94.6326 2.94673 0.0212677 -7.6006 -94.858 2.9503
-7.76866 -94.6326 2.94673 0.0212677 -7.6006 -94.858 2.9503
-7.62987 -94.6191 2.9582 0.00577594 -7.6006 -94.858 2.9503
-7.78341 -94.7241 2.94903 0.0170039 -7.6006 -94.858 2.9503
-7.78341 -94.7241 2.94903 0.0170039 -7.6006 -94.858 2.9503
-7.79373 -94.6299 2.95751 0.00511067 -7.6006 -94.858 2.9503
-8.07014 -94.5822 2.95076 0.0039323 -7.6006 -94.858 2.9503
-7.88122 -94.4372 2.94617 0.0148621 -7.6006 -94.858 2.9503
-7.67271 -94.7115 2.9477 0.00881697 -7.6006 -94.858 2.9503
-7.88122 -94.4372 2.94617 0.0148621 -7.6006 -94.858 2.9503
-7.76866 -94.6326 2.94673 0.0212677 -7.6006 -94.858 2.9503
-7.67178 -94.7729 2.95186 0.00650726 -7.6006 -94.858 2.9503
-7.62987 -94.6191 2.9582 0.00577594 -7.6006 -94.858 2.9503
-7.88122 -94.4372 2.94617 0.0148621 -7.6006 -94.858 2.9503
-7.78341 -94.7241 2.94903 0.0170039 -7.6006 -94.858 2.9503
-7.88122 -94.4372 2.94617 0.0148621 -7.6006 -94.858 2.9503
-7.76866 -94.6326 2.94673 0.0212677 -7.6006 -94.858 2.9503
-7.70641 -94.5585 2.94712 0.0177658 -7.6006 -94.858 2.9503
-7.62987 -94.6191 2.9582 0.00577594 -7.6006 -94.858 2.9503
-7.70641 -94.5585 2.94712 0.0177658 -7.6006 -94.858 2.9503
-7.79373 -94.6299 2.95751 0.00511067 -7.6006 -94.858 2.9503
-7.76866 -94.6326 2.94673 0.0212677 -7.6006 -94.858 2.9503
-7.76866 -94.6326 2.94673 0.0212677 -7.6006 -94.858 2.9503
-7.88122 -94.4372 2.94617 0.0148621 -7.6006 -94.858 2.9503
-7.88122 -94.4372 2.94617 0.0148621 -7.6006 -94.858 2.9503
-7.70641 -94.5585 2.94712 0.0177658 -7.6006 -94.858 2.9503
-7.99303 -94.695 2.95726 0.000328267 -7.6006 -94.858 2.9503
-7.76866 -94.6326 2.94673 0.0212677 -7.6006 -94.858 2.9503
-7.88825 -94.8953 2.94539 0.00134131 -7.6006 -94.858 2.9503
-7.76866 -94.6326 2.94673 0.0212677 -7.6006 -94.858 2.9503
-7.88122 -94.4372 2.94617 0.0148621 -7.6006 -94.858 2.9503
-7.76866 -94.6326 2.94673 0.0212677 -7.6006 -94.858 2.9503
-7.67178 -94.7729 2.95186 0.00650726 -7.6006 -94.858 2.9503
-7.79373 -94.6299 2.95751 0.00511067 -7.6006 -94.858 2.9503
-7.76866 -94.6326 2.94673 0.0212677 -7.6006 -94.858 2.9503
-7.70641 -94.5585 2.94712 0.0177658 -7.6006 -94.858 2.9503
-7.88122 -94.4372 2.94617 0.0148621 -7.6006 -94.858 2.9503
-7.60349 -94.7699 2.94489 0.000859446 -7.6006 -94.858 2.9503
-7.88122 -94.4372 2.94617 0.0148621 -7.6006 -94.858 2.9503
-7.70641 -94.5585 2.94712 0.0177658 -7.6006 -94.858 2.9503
-7.62987 -94.6191 2.9582 0.00577594 -7.6006 -94.858 2.9503
-7.76866 -94.6326 2.94673 0.0212677 -7.6006 -94.858 2.9503
-7.79373 -94.6299 2.95751 0.00511067 -7.6006 -94.858 2.9503
-7.67271 -94.7115 2.9477 0.00881697 -7.6006 -94.858 2.9503
-7.68136 -94.6687 2.96409 9.96622e-05 -7.6006 -94.858 2.9503
-7.78341 -94.7241 2.94903 0.0170039 -7.6006 -94.858 2.9503
-7.76866 -94.6326 2.94673 0.0212677 -7.6006 -94.858 2.9503
-7.62987 -94.6191 2.9582 0.00577594 -7.6006 -94.858 2.9503
-7.46507 -94.6813 2.95955 0.000785683 -7.6006 -94.858 2.9503
-7.76866 -94.6326 2.94673 0.0212677 -7.6006 -94.858 2.9503
-7.78341 -94.7241 2.94903 0.0170039 -7.6006 -94.858 2.9503
-7.88122 -94.4372 2.94617 0.0148621 -7.6006 -94.858 2.9503
-7.60349 -94.7699 2.94489 0.000859446 -7.6006 -94.858 2.9503
-7.62987 -94.6191 2.9582 0.00577594 -7.6006 -94.858 2.9503
-7.76866 -94.6326 2.94673 0.0212677 -7.6006 -94.858 2.9503
-7.88122 -94.4372 2.94617 0.0148621 -7.6006 -94.858 2.9503
-7.88122 -94.4372 2.94617 0.0148621 -7.6006 -94.858 2.9503
-7.79373 -94.6299 2.95751 0.00511067 -7.6006 -94.858 2.9503
-7.79373 -94.6299 2.95751 0.00511067 -7.6006 -94.858 2.9503
-7.67178 -94.7729 2.95186 0.00650726 -7.6006 -94.858 2.9503
-7.67271 -94.7115 2.9477 0.00881697 -7.6006 -94.858 2.9503
-7.62987 -94.6191 2.9582 0.00577594 -7.6006 -94.858 2.9503
-7.76866 -94.6326 2.94673 0.0212677 -7.6006 -94.858 2.9503
-7.76866 -94.6326 2.94673 0.0212677 -7.6006 -94.858 2.9503
-7.78341 -94.7241 2.94903 0.0170039 -7.6006 -94.858 2.9503
-7.78341 -94.7241 2.94903 0.0170039 -7.6006 -94.858 2.9503
-8.07014 -94.5822 2.95076 0.0039323 -7.6006 -94.858 2.9503
-7.60349 -94.7699 2.94489 0.000859446 -7.6006 -94.858 2.9503
-7.78341 -94.7241 2.94903 0.0170039 -7.6006 -94.858 2.9503
-7.78341 -94.7241 2.94903 0.0170039 -7.6006 -94.858 2.9503
-7.88122 -94.4372 2.94617 0.0148621 -7.6006 -94.858 2.9503
-7.76866 -94.6326 2.94673 0.0212677 -7.6006 -94.858 2.9503
-7.67178 -94.7729 2.95186 0.00650726 -7.6006 -94.858 2.9503
-7.88122 -94.4372 2.94617 0.0148621 -7.6006 -94.858 2.9503
-7.76866 -94.6326 2.94673 0.0212677 -7.6006 -94.858 2.9503
-7.88122 -94.4372 2.94617 0.0148621 -7.6006 -94.858 2.9503
-7.78341 -94.7241 2.94903 0.0170039 -7.6006 -94.858 2.9503
-7.88122 -94.4372 2.94617 0.0148621 -7.6006 -94.858 2.9503
-7.76866 -94.6326 2.94673 0.0212677 -7.6006 -94.858 2.9503
-7.67178 -94.7729 2.95186 0.00650726 -7.6006 -94.858 2.9503
-7.78341 -94.7241 2.94903 0.0170039 -7.6006 -94.858 2.9503
-8.07014 -94.5822 2.95076 0.0039323 -7.6006 -94.858 2.9503
-7.88122 -94.4372 2.94617 0.0148621 -7.6006 -94.858 2.9503
-7.67178 -94.7729 2.95186 0.00650726 -7.6006 -94.858 2.9503
-7.67271 -94.7115 2.9477 0.00881697 -7.6006 -94.858 2.9503
-7.67271 -94.7115 2.9477 0.00881697 -7.6006 -94.858 2.9503
-7.70641 -94.5585 2.94712 0.0177658 -7.6006 -94.858 2.9503
-7.88122 -94.4372 2.94617 0.0148621 -7.6006 -94.858 2.9503
-7.62987 -94.6191 2.9582 0.00577594 -7.6006 -94.858 2.9503
-7.67271 -94.7115 2.9477 0.00881697 -7.6006 -94.858 2.9503
-7.74811 -94.2182 2.95496 0.00154065 -7.6006 -94.858 2.9503
-7.67178 -94.7729 2.95186 0.00650726 -7.6006 -94.858 2.9503
-7.78341 -94.7241 2.94903 0.0170039 -7.6006 -94.858 2.9503
-7.76866 -94.6326 2.94673 0.0212677 -7.6006 -94.858 2.9503
-7.70641 -94.5585 2.94712 0.0177658 -7.6006 -94.858 2.9503
-7.78341 -94.7241 2.94903 0.0170039 -7.6006 -94.858 2.9503
-7.79373 -94.6299 2.95751 0.00511067 -7.6006 -94.858 2.9503
-7.70641 -94.5585 2.94712 0.0177658 -7.6006 -94.858 2.9503
-7.50923 -94.3776 2.95021 0.0016811 -7.6006 -94.858 2.9503
-7.76866 -94.6326 2.94673 0.0212677 -7.6006 -94.858 2.9503
-8.07014 -94.5822 2.95076 0.0039323 -7.6006 -94.858 2.9503
-7.70641 -94.5585 2.94712 0.0177658 -7.6006 -94.858 2.9503
-7.67178 -94.7729 2.95186 0.00650726 -7.6006 -94.858 2.9503
-7.79373 -94.6299 2.95751 0.00511067 -7.6006 -94.858 2.9503
-7.70641 -94.5585 2.94712 0.0177658 -7.6006 -94.858 2.9503
-7.88122 -94.4372 2.94617 0.0148621 -7.6006 -94.858 2.9503
-7.70641 -94.5585 2.94712 0.0177658 -7.6006 -94.858 2.9503
-7.88825 -94.8953 2.94539 0.00134131 -7.6006 -94.858 2.9503
-7.76866 -94.6326 2.94673 0.0212677 -7.6006 -94.858 2.9503
-7.76866 -94.6326 2.94673 0.0212677 -7.6006 -94.858 2.9503
-7.88122 -94.4372 2.94617 0.0148621 -7.6006 -94.858 2.9503
-8.07014 -94.5822 2.95076 0.0039323 -7.6006 -94.858 2.9503
-7.70641 -94.5585 2.94712 0.0177658 -7.6006 -94.858 2.9503
-7.76866 -94.6326 2.94673 0.0212677 -7.6006 -94.858 2.9503
-7.67271 -94.7115 2.9477 0.00881697 -7.6006 -94.858 2.9503
-7.76866 -94.6326 2.94673 0.0212677 -7.6006 -94.858 2.9503
-7.70641 -94.5585 2.94712 0.0177658 -7.6006 -94.858 2.9503
-7.70641 -94.5585 2.94712 0.0177658 -7.6006 -94.858 2.9503
-7.79373 -94.6299 2.95751 0.00511067 -7.6006 -94.858 2.9503
-7.67271 -94.7115 2.9477 0.00881697 -7.6006 -94.858 2.9503
-7.70641 -94.5585 2.94712 0.0177658 -7.6006 -94.858 2.9503
-7.88122 -94.4372 2.94617 0.0148621 -7.6006 -94.858 2.9503
-7.70641 -94.5585 2.94712 0.0177658 -7.6006 -94.858 2.9503
-7.88122 -94.4372 2.94617 0.0148621 -7.6006 -94.858 2.9503
-7.78341 -94.7241 2.94903 0.0170039 -7.6006 -94.858 2.9503
-7.70641 -94.5585 2.94712 0.0177658 -7.6006 -94.858 2.9503
-7.76866 -94.6326 2.94673 0.0212677 -7.6006 -94.858 2.9503
-7.88122 -94.4372 2.94617 0.0148621 -7.6006 -94.858 2.9503
-7.67271 -94.7115 2.9477 0.00881697 -7.6006 -94.858 2.9503
-7.67178 -94.7729 2.95186 0.00650726 -7.6006 -94.858 2.9503
-8.07014 -94.5822 2.95076 0.0039323 -7.6006 -94.858 2.9503
-7.76866 -94.6326 2.94673 0.0212677 -7.6006 -94.858 2.9503
-7.88122 -94.4372 2.94617 0.0148621 -7.6006 -94.858 2.9503
-8.07014 -94.5822 2.95076 0.0039323 -7.6006 -94.858 2.9503
-7.76866 -94.6326 2.94673 0.0212677 -7.6006 -94.858 2.9503
-7.76866 -94.6326 2.94673 0.0212677 -7.6006 -94.858 2.9503
-8.07014 -94.5822 2.95076 0.0039323 -7.6006 -94.858 2.9503
-7.78341 -94.7241 2.94903 0.0170039 -7.6006 -94.858 2.9503
-7.76866 -94.6326 2.94673 0.0212677 -7.6006 -94.858 2.9503
-7.67271 -94.7115 2.9477 0.00881697 -7.6006 -94.858 2.9503
-7.70641 -94.5585 2.94712 0.0177658 -7.6006 -94.858 2.9503
-7.78341 -94.7241 2.94903 0.0170039 -7.6006 -94.858 2.9503
-7.67178 -94.7729 2.95186 0.00650726 -7.6006 -94.858 2.9503
-7.76866 -94.6326 2.94673 0.0212677 -7.6006 -94.858 2.9503
-7.67271 -94.7115 2.9477 0.00881697 -7.6006 -94.858 2.9503
-7.78341 -94.7241 2.94903 0.0170039 -7.6006 -94.858 2.9503
-7.76866 -94.6326 2.94673 0.0212677 -7.6006 -94.858 2.9503
-7.76866 -94.6326 2.94673 0.0212677 -7.6006 -94.858 2.9503
-7.78341 -94.7241 2.94903 0.0170039 -7.6006 -94.858 2.9503
-8.07014 -94.5822 2.95076 0.0039323 -7.6006 -94.858 2.9503
-7.60349 -94.7699 2.94489 0.000859446 -7.6006 -94.858 2.9503
-7.74811 -94.2182 2.95496 0.00154065 -7.6006 -94.858 2.9503
-7.62987 -94.6191 2.9582 0.00577594 -7.6006 -94.858 2.9503
-7.46507 -94.6813 2.95955 0.000785683 -7.6006 -94.858 2.9503
-7.70641 -94.5585 2.94712 0.0177658 -7.6006 -94.858 2.9503
-7.88122 -94.4372 2.94617 0.0148621 -7.6006 -94.858 2.9503
-7.76866 -94.6326 2.94673 0.0212677 -7.6006 -94.858 2.9503
-7.74811 -94.2182 2.95496 0.00154065 -7.6006 -94.858 2.9503
-7.79373 -94.6299 2.95751 0.00511067 -7.6006 -94.858 2.9503
-7.79373 -94.6299 2.95751 0.00511067 -7.6006 -94.858 2.9503
-7.88122 -94.4372 2.94617 0.0148621 -7.6006 -94.858 2.9503
-7.88122 -94.4372 2.94617 0.0148621 -7.6006 -94.858 2.9503
-7.70641 -94.5585 2.94712 0.0177658 -7.6006 -94.858 2.9503
-7.70641 -94.5585 2.94712 0.0177658 -7.6006 -94.858 2.9503
-7.88122 -94.4372 2.94617 0.0148621 -7.6006 -94.858 2.9503
-7.70641 -94.5585 2.94712 0.0177658 -7.6006 -94.858 2.9503
-7.78341 -94.7241 2.94903 0.0170039 -7.6006 -94.858 2.9503
-7.70641 -94.5585 2.94712 0.0177658 -7.6006 -94.858 2.9503
-7.78341 -94.7241 2.94903 0.0170039 -7.6006 -94.858 2.9503
-7.88122 -94.4372 2.94617 0.0148621 -7.6006 -94.858 2.9503
-7.88825 -94.8953 2.94539 0.00134131 -7.6006 -94.858 2.9503
-7.76866 -94.6326 2.94673 0.0212677 -7.6006 -94.858 2.9503
-7.78341 -94.7241 2.94903 0.0170039 -7.6006 -94.858 2.9503
-7.70641 -94.5585 2.94712 0.0177658 -7.6006 -94.858 2.9503
-7.70641 -94.5585 2.94712 0.0177658 -7.6006 -94.858 2.9503
-7.76866 -94.6326 2.94673 0.0212677 -7.6006 -94.858 2.9503
-7.62987 -94.6191 2.9582 0.00577594 -7.6006 -94.858 2.9503
-7.70641 -94.5585 2.94712 0.0177658 -7.6006 -94.858 2.9503
-7.76866 -94.6326 2.94673 0.0212677 -7.6006 -94.858 2.9503
-7.62987 -94.6191 2.9582 0.00577594 -7.6006 -94.858 2.9503
-7.76866 -94.6326 2.94673 0.0212677 -7.6006 -94.858 2.9503
-7.76866 -94.6326 2.94673 0.0212677 -7.6006 -94.858 2.9503
-7.62987 -94.6191 2.9582 0.00577594 -7.6006 -94.858 2.9503
-7.8881 -94.7434 2.95871 0.000339505 -7.6006 -94.858 2.9503
-7.70641 -94.5585 2.94712 0.0177658 -7.6006 -94.858 2.9503
-7.88825 -94.8953 2.94539 0.00134131 -7.6006 -94.858 2.9503
-7.78341 -94.7241 2.94903 0.0170039 -7.6006 -94.858 2.9503
-7.76866 -94.6326 2.94673 0.0212677 -7.6006 -94.858 2.9503
-7.88122 -94.4372 2.94617 0.0148621 -7.6006 -94.858 2.9503
-7.76866 -94.6326 2.94673 0.0212677 -7.6006 -94.858 2.9503
-7.78341 -94.7241 2.94903 0.0170039 -7.6006 -94.858 2.9503
-7.78341 -94.7241 2.94903 0.0170039 -7.6006 -94.858 2.9503
-7.70641 -94.5585 2.94712 0.0177658 -7.6006 -94.858 2.9503
-7.50923 -94.3776 2.95021 0.0016811 -7.6006 -94.858 2.9503
-7.76866 -94.6326 2.94673 0.0212677 -7.6006 -94.858 2.9503
