121.949 19.2052 0.0693152 0.0117122 122.04 19.054 0.070086
122.048 19.1827 0.0699683 0.00652471 122.04 19.054 0.070086
121.949 19.2052 0.0693152 0.0117122 122.04 19.054 0.070086
122.083 19.1846 0.0631134 0.0203957 122.04 19.054 0.070086
122.029 18.9549 0.0703826 0.00771403 122.04 19.054 0.070086
121.804 19.1245 0.0652398 0.021558 122.04 19.054 0.070086
121.937 19.0452 0.0585512 0.00770185 122.04 19.054 0.070086
121.804 19.1245 0.0652398 0.021558 122.04 19.054 0.070086
121.937 19.0452 0.0585512 0.00770185 122.04 19.054 0.070086
122.116 19.0024 0.0658422 0.0140502 122.04 19.054 0.070086
121.994 19.0846 0.0593933 0.0147559 122.04 19.054 0.070086
121.994 19.0846 0.0593933 0.0147559 122.04 19.054 0.070086
121.785 19.0391 0.072471 0.00400073 122.04 19.054 0.070086
121.87 18.9563 0.0684194 0.0181592 122.04 19.054 0.070086
121.937 19.0452 0.0585512 0.00770185 122.04 19.054 0.070086
122.083 19.1846 0.0631134 0.0203957 122.04 19.054 0.070086
122.083 19.1846 0.0631134 0.0203957 122.04 19.054 0.070086
122.027 18.9826 0.060245 0.0109154 122.04 19.054 0.070086
122.062 18.9974 0.0600751 0.0101205 122.04 19.054 0.070086
122.029 18.9549 0.0703826 0.00771403 122.04 19.054 0.070086
122.083 19.1846 0.0631134 0.0203957 122.04 19.054 0.070086
122.135 19.082 0.0650166 0.0153628 122.04 19.054 0.070086
122.083 19.1846 0.0631134 0.0203957 122.04 19.054 0.070086
121.949 19.2052 0.0693152 0.0117122 122.04 19.054 0.070086
122.083 19.1846 0.0631134 0.0203957 122.04 19.054 0.070086
121.747 18.9895 0.0655723 0.00884599 122.04 19.054 0.070086
122.135 19.082 0.0650166 0.0153628 122.04 19.054 0.070086
121.878 19.0761 0.0722475 0.00672489 122.04 19.054 0.070086
121.804 19.1245 0.0652398 0.021558 122.04 19.054 0.070086
121.746 18.9273 0.0627717 0.00278914 122.04 19.054 0.070086
122.083 19.1846 0.0631134 0.0203957 122.04 19.054 0.070086
121.94 18.8406 0.0641815 0.00543562 122.04 19.054 0.070086
121.673 19.06 0.0609844 0.00105746 122.04 19.054 0.070086
122.051 18.7774 0.0622846 0.000828738 122.04 19.054 0.070086
121.994 19.0846 0.0593933 0.0147559 122.04 19.054 0.070086
122.029 18.9549 0.0703826 0.00771403 122.04 19.054 0.070086
121.88 18.8818 0.0689692 0.0082406 122.04 19.054 0.070086
121.949 19.2052 0.0693152 0.0117122 122.04 19.054 0.070086
121.88 18.8818 0.0689692 0.0082406 122.04 19.054 0.070086
121.949 19.2052 0.0693152 0.0117122 122.04 19.054 0.070086
122.083 19.1846 0.0631134 0.0203957 122.04 19.054 0.070086
121.87 18.9563 0.0684194 0.0181592 122.04 19.054 0.070086
121.79 18.981 0.0620237 0.00676566 122.04 19.054 0.070086
121.747 18.9895 0.0655723 0.00884599 122.04 19.054 0.070086
121.804 19.1245 0.0652398 0.021558 122.04 19.054 0.070086
121.87 18.9563 0.0684194 0.0181592 122.04 19.054 0.070086
121.88 18.8818 0.0689692 0.0082406 122.04 19.054 0.070086
121.878 19.0761 0.0722475 0.00672489 122.04 19.054 0.070086
121.804 19.1245 0.0652398 0.021558 122.04 19.054 0.070086
121.937 19.0452 0.0585512 0.00770185 122.04 19.054 0.070086
122.027 18.9826 0.060245 0.0109154 122.04 19.054 0.070086
122.116 19.0024 0.0658422 0.0140502 122.04 19.054 0.070086
122.135 19.082 0.0650166 0.0153628 122.04 19.054 0.070086
121.87 18.9563 0.0684194 0.0181592 122.04 19.054 0.070086
122.083 19.1846 0.0631134 0.0203957 122.04 19.054 0.070086
122.083 19.1846 0.0631134 0.0203957 122.04 19.054 0.070086
122.083 19.1846 0.0631134 0.0203957 122.04 19.054 0.070086
122.135 19.082 0.0650166 0.0153628 122.04 19.054 0.070086
122.207 18.9503 0.0593453 0.00119622 122.04 19.054 0.070086
122.116 19.0024 0.0658422 0.0140502 122.04 19.054 0.070086
122.048 19.1827 0.0699683 0.00652471 122.04 19.054 0.070086
121.804 19.1245 0.0652398 0.021558 122.04 19.054 0.070086
122.062 18.9974 0.0600751 0.0101205 122.04 19.054 0.070086
122.083 19.1846 0.0631134 0.0203957 122.04 19.054 0.070086
122.062 18.9974 0.0600751 0.0101205 122.04 19.054 0.070086
122.029 18.9549 0.0703826 0.00771403 122.04 19.054 0.070086
122.027 18.9032 0.0627335 0.00938492 122.04 19.054 0.070086
122.116 19.0024 0.0658422 0.0140502 122.04 19.054 0.070086
121.747 18.9895 0.0655723 0.00884599 122.04 19.054 0.070086
121.878 19.0761 0.0722475 0.00672489 122.04 19.054 0.070086
122.154 18.8018 0.0665256 0.000749776 122.04 19.054 0.070086
121.949 19.2052 0.0693152 0.0117122 122.04 19.054 0.070086
122.027 18.9032 0.0627335 0.00938492 122.04 19.054 0.070086
121.88 18.8818 0.0689692 0.0082406 122.04 19.054 0.070086
121.949 19.2052 0.0693152 0.0117122 122.04 19.054 0.070086
122.083 19.1846 0.0631134 0.0203957 122.04 19.054 0.070086
121.804 19.1245 0.0652398 0.021558 122.04 19.054 0.070086
121.804 19.1245 0.0652398 0.021558 122.04 19.054 0.070086
122.062 18.9974 0.0600751 0.0101205 122.04 19.054 0.070086
121.94 18.8406 0.0641815 0.00543562 122.04 19.054 0.070086
122.116 19.0024 0.0658422 0.0140502 122.04 19.054 0.070086
121.878 19.0761 0.0722475 0.00672489 122.04 19.054 0.070086
122.029 18.9549 0.0703826 0.00771403 122.04 19.054 0.070086
121.878 19.0761 0.0722475 0.00672489 122.04 19.054 0.070086
122.083 19.1846 0.0631134 0.0203957 122.04 19.054 0.070086
121.804 19.1245 0.0652398 0.021558 122.04 19.054 0.070086
121.747 18.9895 0.0655723 0.00884599 122.04 19.054 0.070086
122.062 18.9974 0.0600751 0.0101205 122.04 19.054 0.070086
122.083 19.1846 0.0631134 0.0203957 122.04 19.054 0.070086
122.027 18.9826 0.060245 0.0109154 122.04 19.054 0.070086
122.048 19.1827 0.0699683 0.00652471 122.04 19.054 0.070086
121.804 19.1245 0.0652398 0.021558 122.04 19.054 0.070086
121.804 19.1245 0.0652398 0.021558 122.04 19.054 0.070086
121.747 18.9895 0.0655723 0.00884599 122.04 19.054 0.070086
121.87 18.9563 0.0684194 0.0181592 122.04 19.054 0.070086
122.048 19.1827 0.0699683 0.00652471 122.04 19.054 0.070086
121.878 19.0761 0.0722475 0.00672489 122.04 19.054 0.070086
121.94 18.8406 0.0641815 0.00543562 122.04 19.054 0.070086
121.994 19.0846 0.0593933 0.0147559 122.04 19.054 0.070086
122.048 19.1827 0.0699683 0.00652471 122.04 19.054 0.070086
122.135 19.082 0.0650166 0.0153628 122.04 19.054 0.070086
122.083 19.1846 0.0631134 0.0203957 122.04 19.054 0.070086
121.937 19.0452 0.0585512 0.00770185 122.04 19.054 0.070086
121.949 19.2052 0.0693152 0.0117122 122.04 19.054 0.070086
122.135 19.082 0.0650166 0.0153628 122.04 19.054 0.070086
121.981 18.861 0.0656762 0.00849049 122.04 19.054 0.070086
121.87 18.9563 0.0684194 0.0181592 122.04 19.054 0.070086
121.878 19.0761 0.0722475 0.00672489 122.04 19.054 0.070086
121.94 18.8406 0.0641815 0.00543562 122.04 19.054 0.070086
121.949 19.2052 0.0693152 0.0117122 122.04 19.054 0.070086
121.937 19.0452 0.0585512 0.00770185 122.04 19.054 0.070086
121.87 18.9563 0.0684194 0.0181592 122.04 19.054 0.070086
122.083 19.1846 0.0631134 0.0203957 122.04 19.054 0.070086
122.135 19.082 0.0650166 0.0153628 122.04 19.054 0.070086
121.949 19.2052 0.0693152 0.0117122 122.04 19.054 0.070086
121.804 19.1245 0.0652398 0.021558 122.04 19.054 0.070086
121.79 18.981 0.0620237 0.00676566 122.04 19.054 0.070086
122.083 19.1846 0.0631134 0.0203957 122.04 19.054 0.070086
121.87 18.9563 0.0684194 0.0181592 122.04 19.054 0.070086
122.083 19.1846 0.0631134 0.0203957 122.04 19.054 0.070086
122.027 18.9826 0.060245 0.0109154 122.04 19.054 0.070086
122.048 19.1827 0.0699683 0.00652471 122.04 19.054 0.070086
121.981 18.861 0.0656762 0.00849049 122.04 19.054 0.070086
122.027 18.9032 0.0627335 0.00938492 122.04 19.054 0.070086
122.062 18.9974 0.0600751 0.0101205 122.04 19.054 0.070086
122.062 18.9974 0.0600751 0.0101205 122.04 19.054 0.070086
121.994 19.0846 0.0593933 0.0147559 122.04 19.054 0.070086
122.083 19.1846 0.0631134 0.0203957 122.04 19.054 0.070086
122.027 18.9826 0.060245 0.0109154 122.04 19.054 0.070086
122.051 18.7774 0.0622846 0.000828738 122.04 19.054 0.070086
121.949 19.2052 0.0693152 0.0117122 122.04 19.054 0.070086
122.027 18.9826 0.060245 0.0109154 122.04 19.054 0.070086
121.878 19.0761 0.0722475 0.00672489 122.04 19.054 0.070086
122.048 19.1827 0.0699683 0.00652471 122.04 19.054 0.070086
122.062 18.9974 0.0600751 0.0101205 122.04 19.054 0.070086
122.062 18.9974 0.0600751 0.0101205 122.04 19.054 0.070086
121.994 19.0846 0.0593933 0.0147559 122.04 19.054 0.070086
121.981 18.861 0.0656762 0.00849049 122.04 19.054 0.070086
121.87 18.9563 0.0684194 0.0181592 122.04 19.054 0.070086
121.87 18.9563 0.0684194 0.0181592 122.04 19.054 0.070086
122.062 18.9974 0.0600751 0.0101205 122.04 19.054 0.070086
121.804 19.1245 0.0652398 0.021558 122.04 19.054 0.070086
122.029 18.9549 0.0703826 0.00771403 122.04 19.054 0.070086
121.949 19.2052 0.0693152 0.0117122 122.04 19.054 0.070086
121.88 18.8818 0.0689692 0.0082406 122.04 19.054 0.070086
122.062 18.9974 0.0600751 0.0101205 122.04 19.054 0.070086
121.804 19.1245 0.0652398 0.021558 122.04 19.054 0.070086
122.062 18.9974 0.0600751 0.0101205 122.04 19.054 0.070086
122.116 19.0024 0.0658422 0.0140502 122.04 19.054 0.070086
122.048 19.1827 0.0699683 0.00652471 122.04 19.054 0.070086
121.937 19.0452 0.0585512 0.00770185 122.04 19.054 0.070086
122.062 18.9974 0.0600751 0.0101205 122.04 19.054 0.070086
122.28 19.2206 0.0672216 0.000378793 122.04 19.054 0.070086
121.949 19.2052 0.0693152 0.0117122 122.04 19.054 0.070086
121.747 18.9895 0.0655723 0.00884599 122.04 19.054 0.070086
121.79 18.981 0.0620237 0.00676566 122.04 19.054 0.070086
121.954 18.7353 0.0705173 0.000504417 122.04 19.054 0.070086
121.79 18.981 0.0620237 0.00676566 122.04 19.054 0.070086
122.128 18.9545 0.0614434 0.00624545 122.04 19.054 0.070086
121.746 18.9273 0.0627717 0.00278914 122.04 19.054 0.070086
121.949 19.2052 0.0693152 0.0117122 122.04 19.054 0.070086
121.804 19.1245 0.0652398 0.021558 122.04 19.054 0.070086
122.116 19.0024 0.0658422 0.0140502 122.04 19.054 0.070086
121.746 18.9273 0.0627717 0.00278914 122.04 19.054 0.070086
121.949 19.2052 0.0693152 0.0117122 122.04 19.054 0.070086
121.757 18.7913 0.060215 0.000107989 122.04 19.054 0.070086
122.135 19.082 0.0650166 0.0153628 122.04 19.054 0.070086
121.949 19.2052 0.0693152 0.0117122 122.04 19.054 0.070086
121.981 18.861 0.0656762 0.00849049 122.04 19.054 0.070086
122.051 19.3382 0.0633599 0.00479996 122.04 19.054 0.070086
122.083 19.1846 0.0631134 0.0203957 122.04 19.054 0.070086
121.804 19.1245 0.0652398 0.021558 122.04 19.054 0.070086
122.027 18.9032 0.0627335 0.00938492 122.04 19.054 0.070086
122.027 18.9032 0.0627335 0.00938492 122.04 19.054 0.070086
121.994 19.0846 0.0593933 0.0147559 122.04 19.054 0.070086
121.87 18.9563 0.0684194 0.0181592 122.04 19.054 0.070086
122.062 18.9974 0.0600751 0.0101205 122.04 19.054 0.070086
121.87 18.9563 0.0684194 0.0181592 122.04 19.054 0.070086
122.083 19.1846 0.0631134 0.0203957 122.04 19.054 0.070086
121.804 19.1245 0.0652398 0.021558 122.04 19.054 0.070086
121.949 19.2052 0.0693152 0.0117122 122.04 19.054 0.070086
122.029 18.9549 0.0703826 0.00771403 122.04 19.054 0.070086
122.051 19.3382 0.0633599 0.00479996 122.04 19.054 0.070086
121.949 19.2052 0.0693152 0.0117122 122.04 19.054 0.070086
121.87 18.9563 0.0684194 0.0181592 122.04 19.054 0.070086
122.116 19.0024 0.0658422 0.0140502 122.04 19.054 0.070086
121.949 19.2052 0.0693152 0.0117122 122.04 19.054 0.070086
122.027 18.9826 0.060245 0.0109154 122.04 19.054 0.070086
122.029 18.9549 0.0703826 0.00771403 122.04 19.054 0.070086
121.777 19.0898 0.0718186 0.00474646 122.04 19.054 0.070086
122.027 18.9032 0.0627335 0.00938492 122.04 19.054 0.070086
121.87 18.9563 0.0684194 0.0181592 122.04 19.054 0.070086
121.785 19.0391 0.072471 0.00400073 122.04 19.054 0.070086
121.747 18.9895 0.0655723 0.00884599 122.04 19.054 0.070086
121.87 18.9563 0.0684194 0.0181592 122.04 19.054 0.070086
122.029 18.9549 0.0703826 0.00771403 122.04 19.054 0.070086
121.747 18.9895 0.0655723 0.00884599 122.04 19.054 0.070086
121.94 18.8406 0.0641815 0.00543562 122.04 19.054 0.070086
121.88 18.8818 0.0689692 0.0082406 122.04 19.054 0.070086
121.87 18.9563 0.0684194 0.0181592 122.04 19.054 0.070086
