265.861 26.766 5.96535 0.362301 265.81 26.939 5.9627
265.873 26.7636 5.96843 0.223246 265.81 26.939 5.9627
265.716 26.8853 5.96376 0.711832 265.81 26.939 5.9627
265.861 26.766 5.96535 0.362301 265.81 26.939 5.9627
265.716 26.8853 5.96376 0.711832 265.81 26.939 5.9627
265.873 26.7636 5.96843 0.223246 265.81 26.939 5.9627
265.46 26.8919 5.97455 0.0264936 265.81 26.939 5.9627
265.652 27.0839 5.96536 0.0937646 265.81 26.939 5.9627
265.699 26.8944 5.96121 0.349987 265.81 26.939 5.9627
265.716 26.8853 5.96376 0.711832 265.81 26.939 5.9627
265.861 26.766 5.96535 0.362301 265.81 26.939 5.9627
265.699 26.8944 5.96121 0.349987 265.81 26.939 5.9627
265.534 26.992 5.9704 0.0820938 265.81 26.939 5.9627
265.547 26.7053 5.97669 0.0179763 265.81 26.939 5.9627
265.611 26.7729 5.97222 0.198024 265.81 26.939 5.9627
265.565 26.9779 5.96126 0.0301708 265.81 26.939 5.9627
265.861 26.766 5.96535 0.362301 265.81 26.939 5.9627
265.511 26.8672 5.97422 0.0696254 265.81 26.939 5.9627
265.699 26.8944 5.96121 0.349987 265.81 26.939 5.9627
265.694 27.0449 5.96471 0.236503 265.81 26.939 5.9627
265.699 26.8944 5.96121 0.349987 265.81 26.939 5.9627
265.873 26.7636 5.96843 0.223246 265.81 26.939 5.9627
265.716 26.8853 5.96376 0.711832 265.81 26.939 5.9627
265.716 26.8853 5.96376 0.711832 265.81 26.939 5.9627
265.594 26.8853 5.9631 0.140687 265.81 26.939 5.9627
265.956 26.8039 5.9637 0.183855 265.81 26.939 5.9627
265.716 26.8853 5.96376 0.711832 265.81 26.939 5.9627
265.611 26.7729 5.97222 0.198024 265.81 26.939 5.9627
265.716 26.8853 5.96376 0.711832 265.81 26.939 5.9627
265.534 26.992 5.9704 0.0820938 265.81 26.939 5.9627
265.861 26.766 5.96535 0.362301 265.81 26.939 5.9627
265.699 26.8944 5.96121 0.349987 265.81 26.939 5.9627
265.716 26.8853 5.96376 0.711832 265.81 26.939 5.9627
265.861 26.766 5.96535 0.362301 265.81 26.939 5.9627
265.716 26.8853 5.96376 0.711832 265.81 26.939 5.9627
265.611 26.7729 5.97222 0.198024 265.81 26.939 5.9627
265.861 26.766 5.96535 0.362301 265.81 26.939 5.9627
265.594 26.8853 5.9631 0.140687 265.81 26.939 5.9627
265.601 26.7417 5.96286 0.0550742 265.81 26.939 5.9627
265.594 26.8853 5.9631 0.140687 265.81 26.939 5.9627
265.534 27.0083 5.97515 0.035145 265.81 26.939 5.9627
265.611 26.7729 5.97222 0.198024 265.81 26.939 5.9627
265.611 26.7729 5.97222 0.198024 265.81 26.939 5.9627
265.607 26.9333 5.98302 0.00254166 265.81 26.939 5.9627
265.611 26.7729 5.97222 0.198024 265.81 26.939 5.9627
265.873 26.7636 5.96843 0.223246 265.81 26.939 5.9627
265.534 26.992 5.9704 0.0820938 265.81 26.939 5.9627
265.699 26.8944 5.96121 0.349987 265.81 26.939 5.9627
265.611 26.7729 5.97222 0.198024 265.81 26.939 5.9627
265.599 26.9563 5.9753 0.104459 265.81 26.939 5.9627
265.956 26.8039 5.9637 0.183855 265.81 26.939 5.9627
265.956 26.8039 5.9637 0.183855 265.81 26.939 5.9627
265.611 26.7729 5.97222 0.198024 265.81 26.939 5.9627
265.716 26.8853 5.96376 0.711832 265.81 26.939 5.9627
265.861 26.766 5.96535 0.362301 265.81 26.939 5.9627
265.678 27.1317 5.96504 0.0457007 265.81 26.939 5.9627
265.716 26.8853 5.96376 0.711832 265.81 26.939 5.9627
265.594 26.8853 5.9631 0.140687 265.81 26.939 5.9627
265.873 26.7636 5.96843 0.223246 265.81 26.939 5.9627
265.699 26.8944 5.96121 0.349987 265.81 26.939 5.9627
265.534 27.0083 5.97515 0.035145 265.81 26.939 5.9627
265.716 26.8853 5.96376 0.711832 265.81 26.939 5.9627
265.58 26.6822 5.96642 0.0367749 265.81 26.939 5.9627
265.935 27.0114 5.96801 0.0920677 265.81 26.939 5.9627
265.565 26.9779 5.96126 0.0301708 265.81 26.939 5.9627
265.935 27.0114 5.96801 0.0920677 265.81 26.939 5.9627
265.53 26.9611 5.96934 0.0986242 265.81 26.939 5.9627
265.534 26.992 5.9704 0.0820938 265.81 26.939 5.9627
265.861 26.766 5.96535 0.362301 265.81 26.939 5.9627
265.534 26.992 5.9704 0.0820938 265.81 26.939 5.9627
265.861 26.766 5.96535 0.362301 265.81 26.939 5.9627
265.873 26.7636 5.96843 0.223246 265.81 26.939 5.9627
265.694 27.0449 5.96471 0.236503 265.81 26.939 5.9627
265.699 26.8944 5.96121 0.349987 265.81 26.939 5.9627
265.716 26.8853 5.96376 0.711832 265.81 26.939 5.9627
265.716 26.8853 5.96376 0.711832 265.81 26.939 5.9627
265.716 26.8853 5.96376 0.711832 265.81 26.939 5.9627
265.553 26.7865 5.97016 0.131893 265.81 26.939 5.9627
265.599 26.9563 5.9753 0.104459 265.81 26.939 5.9627
265.694 27.0449 5.96471 0.236503 265.81 26.939 5.9627
265.553 26.7865 5.97016 0.131893 265.81 26.939 5.9627
265.678 27.1317 5.96504 0.0457007 265.81 26.939 5.9627
265.956 26.8039 5.9637 0.183855 265.81 26.939 5.9627
265.936 27.1298 5.9616 0.0268669 265.81 26.939 5.9627
265.716 26.8853 5.96376 0.711832 265.81 26.939 5.9627
265.861 26.766 5.96535 0.362301 265.81 26.939 5.9627
265.861 26.766 5.96535 0.362301 265.81 26.939 5.9627
265.535 27.0197 5.971 0.0593232 265.81 26.939 5.9627
265.694 27.0449 5.96471 0.236503 265.81 26.939 5.9627
265.716 26.8853 5.96376 0.711832 265.81 26.939 5.9627
265.716 26.8853 5.96376 0.711832 265.81 26.939 5.9627
265.716 26.8853 5.96376 0.711832 265.81 26.939 5.9627
265.547 26.7053 5.97669 0.0179763 265.81 26.939 5.9627
265.716 26.8853 5.96376 0.711832 265.81 26.939 5.9627
265.699 26.8944 5.96121 0.349987 265.81 26.939 5.9627
265.511 26.8672 5.97422 0.0696254 265.81 26.939 5.9627
265.53 26.9611 5.96934 0.0986242 265.81 26.939 5.9627
265.511 27.0743 5.9643 0.007685 265.81 26.939 5.9627
265.956 26.8039 5.9637 0.183855 265.81 26.939 5.9627
265.699 26.8944 5.96121 0.349987 265.81 26.939 5.9627
265.716 26.8853 5.96376 0.711832 265.81 26.939 5.9627
265.565 26.9779 5.96126 0.0301708 265.81 26.939 5.9627
265.534 26.992 5.9704 0.0820938 265.81 26.939 5.9627
265.716 26.8853 5.96376 0.711832 265.81 26.939 5.9627
265.594 26.8853 5.9631 0.140687 265.81 26.939 5.9627
265.694 27.0449 5.96471 0.236503 265.81 26.939 5.9627
265.652 27.0839 5.96536 0.0937646 265.81 26.939 5.9627
265.861 26.766 5.96535 0.362301 265.81 26.939 5.9627
265.716 26.8853 5.96376 0.711832 265.81 26.939 5.9627
265.716 26.8853 5.96376 0.711832 265.81 26.939 5.9627
265.678 27.1317 5.96504 0.0457007 265.81 26.939 5.9627
265.442 26.8436 5.96692 0.0113061 265.81 26.939 5.9627
265.594 26.8853 5.9631 0.140687 265.81 26.939 5.9627
265.716 26.8853 5.96376 0.711832 265.81 26.939 5.9627
265.716 26.8853 5.96376 0.711832 265.81 26.939 5.9627
265.861 26.766 5.96535 0.362301 265.81 26.939 5.9627
265.699 26.8944 5.96121 0.349987 265.81 26.939 5.9627
265.694 27.0449 5.96471 0.236503 265.81 26.939 5.9627
265.53 26.9611 5.96934 0.0986242 265.81 26.939 5.9627
266.082 27.0308 5.96016 0.0109206 265.81 26.939 5.9627
265.61 27.1349 5.97312 0.0135662 265.81 26.939 5.9627
265.861 26.766 5.96535 0.362301 265.81 26.939 5.9627
265.832 26.9357 5.97525 0.0519649 265.81 26.939 5.9627
265.594 26.8853 5.9631 0.140687 265.81 26.939 5.9627
265.652 27.0839 5.96536 0.0937646 265.81 26.939 5.9627
265.716 26.8853 5.96376 0.711832 265.81 26.939 5.9627
265.716 26.8853 5.96376 0.711832 265.81 26.939 5.9627
265.53 26.9611 5.96934 0.0986242 265.81 26.939 5.9627
265.873 26.7636 5.96843 0.223246 265.81 26.939 5.9627
265.873 26.7636 5.96843 0.223246 265.81 26.939 5.9627
265.935 27.0114 5.96801 0.0920677 265.81 26.939 5.9627
265.904 27.0744 5.96524 0.097474 265.81 26.939 5.9627
265.974 26.973 5.97402 0.00471023 265.81 26.939 5.9627
265.716 26.8853 5.96376 0.711832 265.81 26.939 5.9627
265.553 26.7865 5.97016 0.131893 265.81 26.939 5.9627
265.716 26.8853 5.96376 0.711832 265.81 26.939 5.9627
265.904 27.0744 5.96524 0.097474 265.81 26.939 5.9627
265.511 26.8672 5.97422 0.0696254 265.81 26.939 5.9627
265.699 26.8944 5.96121 0.349987 265.81 26.939 5.9627
265.553 26.7865 5.97016 0.131893 265.81 26.939 5.9627
265.565 26.9779 5.96126 0.0301708 265.81 26.939 5.9627
265.716 26.8853 5.96376 0.711832 265.81 26.939 5.9627
265.716 26.8853 5.96376 0.711832 265.81 26.939 5.9627
265.511 26.8672 5.97422 0.0696254 265.81 26.939 5.9627
265.956 26.8039 5.9637 0.183855 265.81 26.939 5.9627
265.861 26.766 5.96535 0.362301 265.81 26.939 5.9627
265.861 26.766 5.96535 0.362301 265.81 26.939 5.9627
265.716 26.8853 5.96376 0.711832 265.81 26.939 5.9627
265.904 27.0744 5.96524 0.097474 265.81 26.939 5.9627
265.652 27.0839 5.96536 0.0937646 265.81 26.939 5.9627
265.716 26.8853 5.96376 0.711832 265.81 26.939 5.9627
265.935 27.0114 5.96801 0.0920677 265.81 26.939 5.9627
265.716 26.8853 5.96376 0.711832 265.81 26.939 5.9627
265.599 26.9563 5.9753 0.104459 265.81 26.939 5.9627
265.861 26.766 5.96535 0.362301 265.81 26.939 5.9627
265.511 26.8672 5.97422 0.0696254 265.81 26.939 5.9627
265.861 26.766 5.96535 0.362301 265.81 26.939 5.9627
265.594 26.8853 5.9631 0.140687 265.81 26.939 5.9627
265.873 26.7636 5.96843 0.223246 265.81 26.939 5.9627
265.601 26.7417 5.96286 0.0550742 265.81 26.939 5.9627
265.601 26.7417 5.96286 0.0550742 265.81 26.939 5.9627
265.611 26.7729 5.97222 0.198024 265.81 26.939 5.9627
265.832 26.9357 5.97525 0.0519649 265.81 26.939 5.9627
265.861 26.766 5.96535 0.362301 265.81 26.939 5.9627
265.535 27.0197 5.971 0.0593232 265.81 26.939 5.9627
265.904 27.0744 5.96524 0.097474 265.81 26.939 5.9627
265.599 26.9563 5.9753 0.104459 265.81 26.939 5.9627
265.594 26.8853 5.9631 0.140687 265.81 26.939 5.9627
265.534 26.992 5.9704 0.0820938 265.81 26.939 5.9627
265.511 26.8672 5.97422 0.0696254 265.81 26.939 5.9627
265.873 26.7636 5.96843 0.223246 265.81 26.939 5.9627
265.956 26.8039 5.9637 0.183855 265.81 26.939 5.9627
265.694 27.0449 5.96471 0.236503 265.81 26.939 5.9627
265.611 26.7729 5.97222 0.198024 265.81 26.939 5.9627
265.861 26.766 5.96535 0.362301 265.81 26.939 5.9627
266.012 26.6498 5.96689 0.00472367 265.81 26.939 5.9627
265.694 27.0449 5.96471 0.236503 265.81 26.939 5.9627
265.956 26.8039 5.9637 0.183855 265.81 26.939 5.9627
265.861 26.766 5.96535 0.362301 265.81 26.939 5.9627
265.599 26.9563 5.9753 0.104459 265.81 26.939 5.9627
265.594 26.8853 5.9631 0.140687 265.81 26.939 5.9627
265.736 27.0337 5.97724 0.0187582 265.81 26.939 5.9627
265.652 27.0839 5.96536 0.0937646 265.81 26.939 5.9627
265.873 26.7636 5.96843 0.223246 265.81 26.939 5.9627
265.511 27.0743 5.9643 0.007685 265.81 26.939 5.9627
265.699 26.8944 5.96121 0.349987 265.81 26.939 5.9627
265.601 26.7417 5.96286 0.0550742 265.81 26.939 5.9627
265.873 26.7636 5.96843 0.223246 265.81 26.939 5.9627
265.873 26.7636 5.96843 0.223246 265.81 26.939 5.9627
265.716 26.8853 5.96376 0.711832 265.81 26.939 5.9627
265.935 27.0114 5.96801 0.0920677 265.81 26.939 5.9627
265.716 26.8853 5.96376 0.711832 265.81 26.939 5.9627
265.716 26.8853 5.96376 0.711832 265.81 26.939 5.9627
265.716 26.8853 5.96376 0.711832 265.81 26.939 5.9627
265.611 26.7729 5.97222 0.198024 265.81 26.939 5.9627
265.716 26.8853 5.96376 0.711832 265.81 26.939 5.9627
265.511 26.8672 5.97422 0.0696254 265.81 26.939 5.9627
265.534 26.992 5.9704 0.0820938 265.81 26.939 5.9627
265.46 26.7712 5.97708 0.010429 265.81 26.939 5.9627
265.652 27.0839 5.96536 0.0937646 265.81 26.939 5.9627
