169.867 22.7577 0.0753858 0.143557 170.05 22.768 0.077294
170.184 22.8811 0.071088 0.17945 170.05 22.768 0.077294
169.86 22.7307 0.0793268 0.0764605 170.05 22.768 0.077294
170.095 22.8073 0.0760436 0.570239 170.05 22.768 0.077294
169.901 22.9695 0.0808099 0.0280473 170.05 22.768 0.077294
170.084 23.0033 0.076731 0.0773187 170.05 22.768 0.077294
170.095 22.8073 0.0760436 0.570239 170.05 22.768 0.077294
169.867 22.7577 0.0753858 0.143557 170.05 22.768 0.077294
170.057 22.6079 0.0731102 0.160069 170.05 22.768 0.077294
169.943 23.0294 0.0748608 0.0305117 170.05 22.768 0.077294
169.86 22.7307 0.0793268 0.0764605 170.05 22.768 0.077294
170.095 22.8073 0.0760436 0.570239 170.05 22.768 0.077294
170.165 22.8068 0.0812345 0.026395 170.05 22.768 0.077294
170.043 22.54 0.0767628 0.0313293 170.05 22.768 0.077294
169.993 22.9692 0.0743507 0.131746 170.05 22.768 0.077294
169.858 22.6483 0.0727501 0.0314969 170.05 22.768 0.077294
170.084 23.0033 0.076731 0.0773187 170.05 22.768 0.077294
169.993 22.9692 0.0743507 0.131746 170.05 22.768 0.077294
170.169 23.0568 0.0747224 0.0169557 170.05 22.768 0.077294
169.932 22.6606 0.0719463 0.0947806 170.05 22.768 0.077294
169.976 22.7619 0.0828736 0.0309973 170.05 22.768 0.077294
170.095 22.8073 0.0760436 0.570239 170.05 22.768 0.077294
169.867 22.7577 0.0753858 0.143557 170.05 22.768 0.077294
169.867 22.7577 0.0753858 0.143557 170.05 22.768 0.077294
170.095 22.8073 0.0760436 0.570239 170.05 22.768 0.077294
169.86 22.7307 0.0793268 0.0764605 170.05 22.768 0.077294
170.095 22.8073 0.0760436 0.570239 170.05 22.768 0.077294
169.941 22.7526 0.0726203 0.242387 170.05 22.768 0.077294
170.184 22.8811 0.071088 0.17945 170.05 22.768 0.077294
169.932 22.6606 0.0719463 0.0947806 170.05 22.768 0.077294
170.057 22.6079 0.0731102 0.160069 170.05 22.768 0.077294
169.941 22.7526 0.0726203 0.242387 170.05 22.768 0.077294
169.941 22.7526 0.0726203 0.242387 170.05 22.768 0.077294
170.095 22.8073 0.0760436 0.570239 170.05 22.768 0.077294
170.095 22.8073 0.0760436 0.570239 170.05 22.768 0.077294
169.867 22.7577 0.0753858 0.143557 170.05 22.768 0.077294
170.057 22.6079 0.0731102 0.160069 170.05 22.768 0.077294
169.941 22.7526 0.0726203 0.242387 170.05 22.768 0.077294
169.976 22.7619 0.0828736 0.0309973 170.05 22.768 0.077294
170.084 23.0033 0.076731 0.0773187 170.05 22.768 0.077294
170.095 22.8073 0.0760436 0.570239 170.05 22.768 0.077294
170.165 22.8068 0.0812345 0.026395 170.05 22.768 0.077294
170.095 22.8073 0.0760436 0.570239 170.05 22.768 0.077294
169.867 22.7577 0.0753858 0.143557 170.05 22.768 0.077294
170.184 22.8811 0.071088 0.17945 170.05 22.768 0.077294
170.105 22.5121 0.0756755 0.0177911 170.05 22.768 0.077294
169.993 22.9692 0.0743507 0.131746 170.05 22.768 0.077294
170.095 22.8073 0.0760436 0.570239 170.05 22.768 0.077294
170.057 22.6079 0.0731102 0.160069 170.05 22.768 0.077294
170.184 22.8811 0.071088 0.17945 170.05 22.768 0.077294
170.095 22.8073 0.0760436 0.570239 170.05 22.768 0.077294
169.941 22.7526 0.0726203 0.242387 170.05 22.768 0.077294
169.858 22.6483 0.0727501 0.0314969 170.05 22.768 0.077294
170.165 22.8068 0.0812345 0.026395 170.05 22.768 0.077294
169.993 22.9692 0.0743507 0.131746 170.05 22.768 0.077294
169.867 22.7577 0.0753858 0.143557 170.05 22.768 0.077294
169.976 22.7619 0.0828736 0.0309973 170.05 22.768 0.077294
170.095 22.8073 0.0760436 0.570239 170.05 22.768 0.077294
169.941 22.7526 0.0726203 0.242387 170.05 22.768 0.077294
169.941 22.7526 0.0726203 0.242387 170.05 22.768 0.077294
170.371 22.9455 0.0690039 0.00265364 170.05 22.768 0.077294
169.977 22.7234 0.0836785 0.0127489 170.05 22.768 0.077294
169.993 22.9692 0.0743507 0.131746 170.05 22.768 0.077294
170.105 22.5121 0.0756755 0.0177911 170.05 22.768 0.077294
169.993 22.9692 0.0743507 0.131746 170.05 22.768 0.077294
170.184 22.8811 0.071088 0.17945 170.05 22.768 0.077294
170.043 23.0265 0.0758233 0.0581156 170.05 22.768 0.077294
170.184 22.8811 0.071088 0.17945 170.05 22.768 0.077294
169.932 22.6606 0.0719463 0.0947806 170.05 22.768 0.077294
170.095 22.8073 0.0760436 0.570239 170.05 22.768 0.077294
170.095 22.8073 0.0760436 0.570239 170.05 22.768 0.077294
170.095 22.8073 0.0760436 0.570239 170.05 22.768 0.077294
170.095 22.8073 0.0760436 0.570239 170.05 22.768 0.077294
170.184 22.8811 0.071088 0.17945 170.05 22.768 0.077294
170.043 23.0265 0.0758233 0.0581156 170.05 22.768 0.077294
170.043 23.0265 0.0758233 0.0581156 170.05 22.768 0.077294
169.867 22.7577 0.0753858 0.143557 170.05 22.768 0.077294
170.095 22.8073 0.0760436 0.570239 170.05 22.768 0.077294
169.941 22.7526 0.0726203 0.242387 170.05 22.768 0.077294
170.095 22.8073 0.0760436 0.570239 170.05 22.768 0.077294
170.095 22.8073 0.0760436 0.570239 170.05 22.768 0.077294
170.095 22.8073 0.0760436 0.570239 170.05 22.768 0.077294
170.084 23.0033 0.076731 0.0773187 170.05 22.768 0.077294
170.057 22.6079 0.0731102 0.160069 170.05 22.768 0.077294
169.86 22.7307 0.0793268 0.0764605 170.05 22.768 0.077294
170.095 22.8073 0.0760436 0.570239 170.05 22.768 0.077294
169.941 22.7526 0.0726203 0.242387 170.05 22.768 0.077294
170.095 22.8073 0.0760436 0.570239 170.05 22.768 0.077294
169.941 22.7526 0.0726203 0.242387 170.05 22.768 0.077294
170.057 22.6079 0.0731102 0.160069 170.05 22.768 0.077294
170.095 22.8073 0.0760436 0.570239 170.05 22.768 0.077294
169.867 22.7577 0.0753858 0.143557 170.05 22.768 0.077294
170.095 22.8073 0.0760436 0.570239 170.05 22.768 0.077294
170.043 23.0265 0.0758233 0.0581156 170.05 22.768 0.077294
169.941 22.7526 0.0726203 0.242387 170.05 22.768 0.077294
169.901 22.9695 0.0808099 0.0280473 170.05 22.768 0.077294
169.86 22.7307 0.0793268 0.0764605 170.05 22.768 0.077294
169.941 22.7526 0.0726203 0.242387 170.05 22.768 0.077294
170.165 22.8068 0.0812345 0.026395 170.05 22.768 0.077294
169.941 22.7526 0.0726203 0.242387 170.05 22.768 0.077294
169.977 22.7234 0.0836785 0.0127489 170.05 22.768 0.077294
170.184 22.8811 0.071088 0.17945 170.05 22.768 0.077294
169.951 23.0026 0.0809856 0.0209869 170.05 22.768 0.077294
170.057 22.6079 0.0731102 0.160069 170.05 22.768 0.077294
169.932 22.6606 0.0719463 0.0947806 170.05 22.768 0.077294
170.043 23.0265 0.0758233 0.0581156 170.05 22.768 0.077294
170.095 22.8073 0.0760436 0.570239 170.05 22.768 0.077294
170.184 22.8811 0.071088 0.17945 170.05 22.768 0.077294
170.095 22.8073 0.0760436 0.570239 170.05 22.768 0.077294
169.941 22.7526 0.0726203 0.242387 170.05 22.768 0.077294
169.993 22.9692 0.0743507 0.131746 170.05 22.768 0.077294
170.169 23.0568 0.0747224 0.0169557 170.05 22.768 0.077294
169.993 22.9692 0.0743507 0.131746 170.05 22.768 0.077294
169.993 22.9692 0.0743507 0.131746 170.05 22.768 0.077294
170.095 22.8073 0.0760436 0.570239 170.05 22.768 0.077294
170.095 22.8073 0.0760436 0.570239 170.05 22.768 0.077294
169.941 22.7526 0.0726203 0.242387 170.05 22.768 0.077294
169.932 22.6606 0.0719463 0.0947806 170.05 22.768 0.077294
169.932 22.6606 0.0719463 0.0947806 170.05 22.768 0.077294
170.057 22.6079 0.0731102 0.160069 170.05 22.768 0.077294
170.095 22.8073 0.0760436 0.570239 170.05 22.768 0.077294
170.184 22.8811 0.071088 0.17945 170.05 22.768 0.077294
169.993 22.9692 0.0743507 0.131746 170.05 22.768 0.077294
170.095 22.8073 0.0760436 0.570239 170.05 22.768 0.077294
169.779 22.9641 0.0734783 0.00361485 170.05 22.768 0.077294
170.165 22.8068 0.0812345 0.026395 170.05 22.768 0.077294
170.165 22.8068 0.0812345 0.026395 170.05 22.768 0.077294
169.932 22.6606 0.0719463 0.0947806 170.05 22.768 0.077294
169.867 22.7577 0.0753858 0.143557 170.05 22.768 0.077294
169.932 22.6606 0.0719463 0.0947806 170.05 22.768 0.077294
170.084 23.0033 0.076731 0.0773187 170.05 22.768 0.077294
170.139 22.5539 0.0638962 0.000782815 170.05 22.768 0.077294
169.943 23.0294 0.0748608 0.0305117 170.05 22.768 0.077294
169.941 22.7526 0.0726203 0.242387 170.05 22.768 0.077294
169.86 22.7307 0.0793268 0.0764605 170.05 22.768 0.077294
169.932 22.6606 0.0719463 0.0947806 170.05 22.768 0.077294
169.993 22.9692 0.0743507 0.131746 170.05 22.768 0.077294
169.976 22.7619 0.0828736 0.0309973 170.05 22.768 0.077294
169.932 22.6606 0.0719463 0.0947806 170.05 22.768 0.077294
170.084 23.0033 0.076731 0.0773187 170.05 22.768 0.077294
170.095 22.8073 0.0760436 0.570239 170.05 22.768 0.077294
170.043 22.54 0.0767628 0.0313293 170.05 22.768 0.077294
169.943 23.0294 0.0748608 0.0305117 170.05 22.768 0.077294
170.095 22.8073 0.0760436 0.570239 170.05 22.768 0.077294
170.095 22.8073 0.0760436 0.570239 170.05 22.768 0.077294
170.095 22.8073 0.0760436 0.570239 170.05 22.768 0.077294
170.095 22.8073 0.0760436 0.570239 170.05 22.768 0.077294
170.057 22.6079 0.0731102 0.160069 170.05 22.768 0.077294
170.057 22.6079 0.0731102 0.160069 170.05 22.768 0.077294
170.095 22.8073 0.0760436 0.570239 170.05 22.768 0.077294
170.095 22.8073 0.0760436 0.570239 170.05 22.768 0.077294
170.084 23.0033 0.076731 0.0773187 170.05 22.768 0.077294
170.184 22.8811 0.071088 0.17945 170.05 22.768 0.077294
170.095 22.8073 0.0760436 0.570239 170.05 22.768 0.077294
170.184 22.8811 0.071088 0.17945 170.05 22.768 0.077294
170.095 22.8073 0.0760436 0.570239 170.05 22.768 0.077294
169.86 22.7307 0.0793268 0.0764605 170.05 22.768 0.077294
169.977 22.7234 0.0836785 0.0127489 170.05 22.768 0.077294
170.092 22.9426 0.0817141 0.0216986 170.05 22.768 0.077294
170.184 22.8811 0.071088 0.17945 170.05 22.768 0.077294
170.057 22.6079 0.0731102 0.160069 170.05 22.768 0.077294
170.184 22.8811 0.071088 0.17945 170.05 22.768 0.077294
169.772 22.6795 0.0852421 0.0004937 170.05 22.768 0.077294
169.993 22.9692 0.0743507 0.131746 170.05 22.768 0.077294
170.165 22.8068 0.0812345 0.026395 170.05 22.768 0.077294
169.858 22.6483 0.0727501 0.0314969 170.05 22.768 0.077294
170.095 22.8073 0.0760436 0.570239 170.05 22.768 0.077294
170.095 22.8073 0.0760436 0.570239 170.05 22.768 0.077294
170.095 22.8073 0.0760436 0.570239 170.05 22.768 0.077294
170.057 22.6079 0.0731102 0.160069 170.05 22.768 0.077294
169.932 22.6606 0.0719463 0.0947806 170.05 22.768 0.077294
170.057 22.6079 0.0731102 0.160069 170.05 22.768 0.077294
170.095 22.8073 0.0760436 0.570239 170.05 22.768 0.077294
169.993 22.9692 0.0743507 0.131746 170.05 22.768 0.077294
169.977 22.7234 0.0836785 0.0127489 170.05 22.768 0.077294
170.095 22.8073 0.0760436 0.570239 170.05 22.768 0.077294
170.057 22.6079 0.0731102 0.160069 170.05 22.768 0.077294
169.993 22.9692 0.0743507 0.131746 170.05 22.768 0.077294
170.043 23.0265 0.0758233 0.0581156 170.05 22.768 0.077294
170.371 22.9455 0.0690039 0.00265364 170.05 22.768 0.077294
170.184 22.8811 0.071088 0.17945 170.05 22.768 0.077294
169.993 22.9692 0.0743507 0.131746 170.05 22.768 0.077294
170.095 22.8073 0.0760436 0.570239 170.05 22.768 0.077294
170.095 22.8073 0.0760436 0.570239 170.05 22.768 0.077294
170.095 22.8073 0.0760436 0.570239 170.05 22.768 0.077294
169.993 22.9692 0.0743507 0.131746 170.05 22.768 0.077294
169.941 22.7526 0.0726203 0.242387 170.05 22.768 0.077294
170.043 22.54 0.0767628 0.0313293 170.05 22.768 0.077294
169.941 22.7526 0.0726203 0.242387 170.05 22.768 0.077294
170.043 22.54 0.0767628 0.0313293 170.05 22.768 0.077294
169.993 22.9692 0.0743507 0.131746 170.05 22.768 0.077294
170.184 22.8811 0.071088 0.17945 170.05 22.768 0.077294
169.847 22.8567 0.084907 0.00393593 170.05 22.768 0.077294
169.941 22.7526 0.0726203 0.242387 170.05 22.768 0.077294
170.184 22.8811 0.071088 0.17945 170.05 22.768 0.077294
170.184 22.8811 0.071088 0.17945 170.05 22.768 0.077294
169.86 22.7307 0.0793268 0.0764605 170.05 22.768 0.077294
170.095 22.8073 0.0760436 0.570239 170.05 22.768 0.077294
169.993 22.9692 0.0743507 0.131746 170.05 22.768 0.077294
170.057 22.6079 0.0731102 0.160069 170.05 22.768 0.077294
