219.005 -12.3601 2.96189 0.00640878 218.74 -12.314 2.9581
218.776 -12.4102 2.95799 0.0194618 218.74 -12.314 2.9581
218.524 -12.4075 2.95468 0.00151201 218.74 -12.314 2.9581
218.776 -12.4102 2.95799 0.0194618 218.74 -12.314 2.9581
219.005 -12.3601 2.96189 0.00640878 218.74 -12.314 2.9581
218.807 -12.6478 2.95375 0.000226505 218.74 -12.314 2.9581
218.703 -12.3088 2.9568 0.0186872 218.74 -12.314 2.9581
218.703 -12.3088 2.9568 0.0186872 218.74 -12.314 2.9581
219.005 -12.3601 2.96189 0.00640878 218.74 -12.314 2.9581
218.776 -12.4102 2.95799 0.0194618 218.74 -12.314 2.9581
219.005 -12.3601 2.96189 0.00640878 218.74 -12.314 2.9581
218.78 -12.1296 2.95529 0.00581459 218.74 -12.314 2.9581
218.698 -12.0395 2.95625 0.00081197 218.74 -12.314 2.9581
218.689 -12.4033 2.95271 0.00752822 218.74 -12.314 2.9581
218.9 -12.5005 2.95569 0.00487934 218.74 -12.314 2.9581
218.703 -12.3088 2.9568 0.0186872 218.74 -12.314 2.9581
218.776 -12.4102 2.95799 0.0194618 218.74 -12.314 2.9581
218.552 -12.2022 2.96 0.00020988 218.74 -12.314 2.9581
218.931 -12.2775 2.96099 0.0118915 218.74 -12.314 2.9581
218.776 -12.4102 2.95799 0.0194618 218.74 -12.314 2.9581
218.776 -12.4102 2.95799 0.0194618 218.74 -12.314 2.9581
218.991 -12.3423 2.95357 0.00161356 218.74 -12.314 2.9581
218.703 -12.3088 2.9568 0.0186872 218.74 -12.314 2.9581
218.931 -12.2775 2.96099 0.0118915 218.74 -12.314 2.9581
218.703 -12.3088 2.9568 0.0186872 218.74 -12.314 2.9581
218.689 -12.4033 2.95271 0.00752822 218.74 -12.314 2.9581
218.931 -12.2775 2.96099 0.0118915 218.74 -12.314 2.9581
218.956 -12.1074 2.95805 0.0024367 218.74 -12.314 2.9581
218.817 -12.3438 2.96433 0.0011474 218.74 -12.314 2.9581
218.931 -12.2775 2.96099 0.0118915 218.74 -12.314 2.9581
218.817 -12.3438 2.96433 0.0011474 218.74 -12.314 2.9581
218.703 -12.3088 2.9568 0.0186872 218.74 -12.314 2.9581
218.776 -12.4102 2.95799 0.0194618 218.74 -12.314 2.9581
218.931 -12.2775 2.96099 0.0118915 218.74 -12.314 2.9581
218.602 -12.4471 2.95695 0.00295351 218.74 -12.314 2.9581
218.776 -12.4102 2.95799 0.0194618 218.74 -12.314 2.9581
218.703 -12.3088 2.9568 0.0186872 218.74 -12.314 2.9581
219.005 -12.3601 2.96189 0.00640878 218.74 -12.314 2.9581
218.776 -12.4102 2.95799 0.0194618 218.74 -12.314 2.9581
218.897 -12.1381 2.95618 0.0050773 218.74 -12.314 2.9581
218.602 -12.4471 2.95695 0.00295351 218.74 -12.314 2.9581
218.931 -12.2775 2.96099 0.0118915 218.74 -12.314 2.9581
218.776 -12.4102 2.95799 0.0194618 218.74 -12.314 2.9581
218.703 -12.3088 2.9568 0.0186872 218.74 -12.314 2.9581
218.931 -12.2775 2.96099 0.0118915 218.74 -12.314 2.9581
218.931 -12.2775 2.96099 0.0118915 218.74 -12.314 2.9581
218.524 -12.4075 2.95468 0.00151201 218.74 -12.314 2.9581
218.708 -12.4288 2.94998 0.00126982 218.74 -12.314 2.9581
218.931 -12.2775 2.96099 0.0118915 218.74 -12.314 2.9581
218.652 -12.0843 2.95823 0.000745553 218.74 -12.314 2.9581
218.776 -12.4102 2.95799 0.0194618 218.74 -12.314 2.9581
218.931 -12.2775 2.96099 0.0118915 218.74 -12.314 2.9581
218.685 -12.203 2.96292 0.000314261 218.74 -12.314 2.9581
218.956 -12.1074 2.95805 0.0024367 218.74 -12.314 2.9581
218.652 -12.0843 2.95823 0.000745553 218.74 -12.314 2.9581
218.897 -12.1381 2.95618 0.0050773 218.74 -12.314 2.9581
218.708 -12.4288 2.94998 0.00126982 218.74 -12.314 2.9581
218.703 -12.3088 2.9568 0.0186872 218.74 -12.314 2.9581
218.629 -12.5829 2.95463 0.000691681 218.74 -12.314 2.9581
218.703 -12.3088 2.9568 0.0186872 218.74 -12.314 2.9581
218.956 -12.1074 2.95805 0.0024367 218.74 -12.314 2.9581
218.703 -12.3088 2.9568 0.0186872 218.74 -12.314 2.9581
218.979 -12.4351 2.96537 0.000698641 218.74 -12.314 2.9581
218.817 -12.3438 2.96433 0.0011474 218.74 -12.314 2.9581
218.689 -12.4033 2.95271 0.00752822 218.74 -12.314 2.9581
218.524 -12.4075 2.95468 0.00151201 218.74 -12.314 2.9581
218.786 -12.0265 2.95504 0.000783447 218.74 -12.314 2.9581
218.703 -12.3088 2.9568 0.0186872 218.74 -12.314 2.9581
218.776 -12.4102 2.95799 0.0194618 218.74 -12.314 2.9581
218.931 -12.2775 2.96099 0.0118915 218.74 -12.314 2.9581
218.703 -12.3088 2.9568 0.0186872 218.74 -12.314 2.9581
218.931 -12.2775 2.96099 0.0118915 218.74 -12.314 2.9581
218.703 -12.3088 2.9568 0.0186872 218.74 -12.314 2.9581
219.101 -12.4852 2.96032 0.000999337 218.74 -12.314 2.9581
218.698 -12.0395 2.95625 0.00081197 218.74 -12.314 2.9581
218.956 -12.1074 2.95805 0.0024367 218.74 -12.314 2.9581
218.776 -12.4102 2.95799 0.0194618 218.74 -12.314 2.9581
218.776 -12.4102 2.95799 0.0194618 218.74 -12.314 2.9581
218.776 -12.4102 2.95799 0.0194618 218.74 -12.314 2.9581
218.883 -12.5637 2.95562 0.00196748 218.74 -12.314 2.9581
218.703 -12.3088 2.9568 0.0186872 218.74 -12.314 2.9581
218.743 -12.2067 2.95982 0.00645328 218.74 -12.314 2.9581
218.9 -12.5005 2.95569 0.00487934 218.74 -12.314 2.9581
218.708 -12.4288 2.94998 0.00126982 218.74 -12.314 2.9581
218.931 -12.2775 2.96099 0.0118915 218.74 -12.314 2.9581
218.703 -12.3088 2.9568 0.0186872 218.74 -12.314 2.9581
218.931 -12.2775 2.96099 0.0118915 218.74 -12.314 2.9581
218.703 -12.3088 2.9568 0.0186872 218.74 -12.314 2.9581
218.652 -12.0843 2.95823 0.000745553 218.74 -12.314 2.9581
218.886 -12.0192 2.95504 0.000422248 218.74 -12.314 2.9581
219.005 -12.3601 2.96189 0.00640878 218.74 -12.314 2.9581
218.73 -12.62 2.9597 0.000406721 218.74 -12.314 2.9581
219.005 -12.3601 2.96189 0.00640878 218.74 -12.314 2.9581
218.703 -12.3088 2.9568 0.0186872 218.74 -12.314 2.9581
218.776 -12.4102 2.95799 0.0194618 218.74 -12.314 2.9581
218.78 -12.1296 2.95529 0.00581459 218.74 -12.314 2.9581
218.931 -12.2775 2.96099 0.0118915 218.74 -12.314 2.9581
218.78 -12.1296 2.95529 0.00581459 218.74 -12.314 2.9581
218.621 -12.5912 2.94999 9.33462e-05 218.74 -12.314 2.9581
218.703 -12.3088 2.9568 0.0186872 218.74 -12.314 2.9581
218.9 -12.5005 2.95569 0.00487934 218.74 -12.314 2.9581
218.872 -12.2764 2.96455 0.00128507 218.74 -12.314 2.9581
218.698 -12.0395 2.95625 0.00081197 218.74 -12.314 2.9581
218.883 -12.5637 2.95562 0.00196748 218.74 -12.314 2.9581
218.703 -12.3088 2.9568 0.0186872 218.74 -12.314 2.9581
219.005 -12.3601 2.96189 0.00640878 218.74 -12.314 2.9581
218.689 -12.4033 2.95271 0.00752822 218.74 -12.314 2.9581
218.776 -12.4102 2.95799 0.0194618 218.74 -12.314 2.9581
218.9 -12.5005 2.95569 0.00487934 218.74 -12.314 2.9581
218.776 -12.4102 2.95799 0.0194618 218.74 -12.314 2.9581
218.602 -12.4471 2.95695 0.00295351 218.74 -12.314 2.9581
219.005 -12.3601 2.96189 0.00640878 218.74 -12.314 2.9581
218.776 -12.4102 2.95799 0.0194618 218.74 -12.314 2.9581
218.703 -12.3088 2.9568 0.0186872 218.74 -12.314 2.9581
218.743 -12.2067 2.95982 0.00645328 218.74 -12.314 2.9581
218.652 -12.0843 2.95823 0.000745553 218.74 -12.314 2.9581
218.743 -12.2067 2.95982 0.00645328 218.74 -12.314 2.9581
218.78 -12.1296 2.95529 0.00581459 218.74 -12.314 2.9581
218.78 -12.1296 2.95529 0.00581459 218.74 -12.314 2.9581
218.931 -12.2775 2.96099 0.0118915 218.74 -12.314 2.9581
218.897 -12.1381 2.95618 0.0050773 218.74 -12.314 2.9581
218.703 -12.3088 2.9568 0.0186872 218.74 -12.314 2.9581
218.689 -12.4033 2.95271 0.00752822 218.74 -12.314 2.9581
218.776 -12.4102 2.95799 0.0194618 218.74 -12.314 2.9581
218.654 -12.1028 2.95204 0.00108609 218.74 -12.314 2.9581
218.703 -12.3088 2.9568 0.0186872 218.74 -12.314 2.9581
218.602 -12.4471 2.95695 0.00295351 218.74 -12.314 2.9581
218.602 -12.4471 2.95695 0.00295351 218.74 -12.314 2.9581
219.005 -12.3601 2.96189 0.00640878 218.74 -12.314 2.9581
218.703 -12.3088 2.9568 0.0186872 218.74 -12.314 2.9581
218.931 -12.2775 2.96099 0.0118915 218.74 -12.314 2.9581
218.703 -12.3088 2.9568 0.0186872 218.74 -12.314 2.9581
218.931 -12.2775 2.96099 0.0118915 218.74 -12.314 2.9581
218.743 -12.2067 2.95982 0.00645328 218.74 -12.314 2.9581
218.689 -12.4033 2.95271 0.00752822 218.74 -12.314 2.9581
218.931 -12.2775 2.96099 0.0118915 218.74 -12.314 2.9581
218.524 -12.4075 2.95468 0.00151201 218.74 -12.314 2.9581
218.776 -12.4102 2.95799 0.0194618 218.74 -12.314 2.9581
218.872 -12.2764 2.96455 0.00128507 218.74 -12.314 2.9581
218.689 -12.4033 2.95271 0.00752822 218.74 -12.314 2.9581
218.759 -12.0969 2.96089 0.000932621 218.74 -12.314 2.9581
218.703 -12.3088 2.9568 0.0186872 218.74 -12.314 2.9581
218.776 -12.4102 2.95799 0.0194618 218.74 -12.314 2.9581
218.689 -12.4033 2.95271 0.00752822 218.74 -12.314 2.9581
218.743 -12.2067 2.95982 0.00645328 218.74 -12.314 2.9581
218.931 -12.2775 2.96099 0.0118915 218.74 -12.314 2.9581
218.689 -12.4033 2.95271 0.00752822 218.74 -12.314 2.9581
218.703 -12.3088 2.9568 0.0186872 218.74 -12.314 2.9581
218.9 -12.5005 2.95569 0.00487934 218.74 -12.314 2.9581
218.703 -12.3088 2.9568 0.0186872 218.74 -12.314 2.9581
218.703 -12.3088 2.9568 0.0186872 218.74 -12.314 2.9581
218.966 -12.5721 2.96075 0.00126181 218.74 -12.314 2.9581
218.698 -12.0395 2.95625 0.00081197 218.74 -12.314 2.9581
218.703 -12.3088 2.9568 0.0186872 218.74 -12.314 2.9581
218.872 -12.2764 2.96455 0.00128507 218.74 -12.314 2.9581
218.776 -12.4102 2.95799 0.0194618 218.74 -12.314 2.9581
218.776 -12.4102 2.95799 0.0194618 218.74 -12.314 2.9581
218.931 -12.2775 2.96099 0.0118915 218.74 -12.314 2.9581
218.776 -12.4102 2.95799 0.0194618 218.74 -12.314 2.9581
218.524 -12.4075 2.95468 0.00151201 218.74 -12.314 2.9581
218.703 -12.3088 2.9568 0.0186872 218.74 -12.314 2.9581
218.703 -12.3088 2.9568 0.0186872 218.74 -12.314 2.9581
218.689 -12.4033 2.95271 0.00752822 218.74 -12.314 2.9581
218.776 -12.4102 2.95799 0.0194618 218.74 -12.314 2.9581
218.685 -12.203 2.96292 0.000314261 218.74 -12.314 2.9581
218.703 -12.3088 2.9568 0.0186872 218.74 -12.314 2.9581
218.872 -12.2764 2.96455 0.00128507 218.74 -12.314 2.9581
218.931 -12.2775 2.96099 0.0118915 218.74 -12.314 2.9581
218.703 -12.3088 2.9568 0.0186872 218.74 -12.314 2.9581
219.127 -12.3049 2.966 0.000245279 218.74 -12.314 2.9581
218.689 -12.4033 2.95271 0.00752822 218.74 -12.314 2.9581
218.703 -12.3088 2.9568 0.0186872 218.74 -12.314 2.9581
218.689 -12.4033 2.95271 0.00752822 218.74 -12.314 2.9581
218.776 -12.4102 2.95799 0.0194618 218.74 -12.314 2.9581
218.703 -12.3088 2.9568 0.0186872 218.74 -12.314 2.9581
218.883 -12.5637 2.95562 0.00196748 218.74 -12.314 2.9581
219.127 -12.3049 2.966 0.000245279 218.74 -12.314 2.9581
218.524 -12.4075 2.95468 0.00151201 218.74 -12.314 2.9581
218.78 -12.1296 2.95529 0.00581459 218.74 -12.314 2.9581
218.78 -12.1296 2.95529 0.00581459 218.74 -12.314 2.9581
218.689 -12.4033 2.95271 0.00752822 218.74 -12.314 2.9581
218.776 -12.4102 2.95799 0.0194618 218.74 -12.314 2.9581
218.776 -12.4102 2.95799 0.0194618 218.74 -12.314 2.9581
218.703 -12.3088 2.9568 0.0186872 218.74 -12.314 2.9581
218.931 -12.2775 2.96099 0.0118915 218.74 -12.314 2.9581
218.776 -12.4102 2.95799 0.0194618 218.74 -12.314 2.9581
218.931 -12.2775 2.96099 0.0118915 218.74 -12.314 2.9581
218.931 -12.2775 2.96099 0.0118915 218.74 -12.314 2.9581
218.883 -12.5637 2.95562 0.00196748 218.74 -12.314 2.9581
218.78 -12.1296 2.95529 0.00581459 218.74 -12.314 2.9581
218.956 -12.1074 2.95805 0.0024367 218.74 -12.314 2.9581
218.776 -12.4102 2.95799 0.0194618 218.74 -12.314 2.9581
218.776 -12.4102 2.95799 0.0194618 218.74 -12.314 2.9581
218.897 -12.1381 2.95618 0.0050773 218.74 -12.314 2.9581
218.78 -12.1296 2.95529 0.00581459 218.74 -12.314 2.9581
218.78 -12.1296 2.95529 0.00581459 218.74 -12.314 2.9581
218.931 -12.2775 2.96099 0.0118915 218.74 -12.314 2.9581
218.931 -12.2775 2.96099 0.0118915 218.74 -12.314 2.9581
218.776 -12.4102 2.95799 0.0194618 218.74 -12.314 2.9581
218.703 -12.3088 2.9568 0.0186872 218.74 -12.314 2.9581
