280.153 2.63886 4.61395 0.00821472 279.85 2.5679 4.6152
280.043 2.71475 4.6132 0.0138149 279.85 2.5679 4.6152
279.962 2.72837 4.60139 0.000991858 279.85 2.5679 4.6152
280.023 2.4563 4.6098 0.00678581 279.85 2.5679 4.6152
279.981 2.6034 4.6105 0.019481 279.85 2.5679 4.6152
280.147 2.59854 4.60952 0.00430346 279.85 2.5679 4.6152
280.043 2.71475 4.6132 0.0138149 279.85 2.5679 4.6152
279.955 2.72793 4.61605 0.0106699 279.85 2.5679 4.6152
280.043 2.71475 4.6132 0.0138149 279.85 2.5679 4.6152
280.281 2.66338 4.61483 0.00116762 279.85 2.5679 4.6152
279.996 2.62551 4.6156 0.0162466 279.85 2.5679 4.6152
280.281 2.66338 4.61483 0.00116762 279.85 2.5679 4.6152
279.981 2.6034 4.6105 0.019481 279.85 2.5679 4.6152
279.996 2.62551 4.6156 0.0162466 279.85 2.5679 4.6152
280.043 2.71475 4.6132 0.0138149 279.85 2.5679 4.6152
279.996 2.62551 4.6156 0.0162466 279.85 2.5679 4.6152
280.025 2.50067 4.608 0.00899677 279.85 2.5679 4.6152
279.996 2.62551 4.6156 0.0162466 279.85 2.5679 4.6152
279.922 2.84162 4.61459 0.00285026 279.85 2.5679 4.6152
280.043 2.71475 4.6132 0.0138149 279.85 2.5679 4.6152
280.126 2.78163 4.62289 0.00429551 279.85 2.5679 4.6152
279.835 2.58678 4.61572 0.00341856 279.85 2.5679 4.6152
280.259 2.68643 4.61822 0.00266001 279.85 2.5679 4.6152
280.025 2.50067 4.608 0.00899677 279.85 2.5679 4.6152
280.043 2.71475 4.6132 0.0138149 279.85 2.5679 4.6152
280.043 2.71475 4.6132 0.0138149 279.85 2.5679 4.6152
279.981 2.6034 4.6105 0.019481 279.85 2.5679 4.6152
280.025 2.50067 4.608 0.00899677 279.85 2.5679 4.6152
279.714 2.63337 4.60599 0.00288021 279.85 2.5679 4.6152
280.147 2.59854 4.60952 0.00430346 279.85 2.5679 4.6152
280.025 2.50067 4.608 0.00899677 279.85 2.5679 4.6152
279.765 2.68913 4.61052 0.00335743 279.85 2.5679 4.6152
280.025 2.50067 4.608 0.00899677 279.85 2.5679 4.6152
279.957 2.64208 4.62004 0.00501424 279.85 2.5679 4.6152
279.788 2.36194 4.61073 0.000503955 279.85 2.5679 4.6152
280.043 2.71475 4.6132 0.0138149 279.85 2.5679 4.6152
280.158 2.82192 4.62229 0.00320555 279.85 2.5679 4.6152
279.955 2.72793 4.61605 0.0106699 279.85 2.5679 4.6152
279.957 2.67938 4.61713 0.0108899 279.85 2.5679 4.6152
280.281 2.66338 4.61483 0.00116762 279.85 2.5679 4.6152
279.957 2.67938 4.61713 0.0108899 279.85 2.5679 4.6152
280.26 2.58825 4.60869 0.000348011 279.85 2.5679 4.6152
279.981 2.6034 4.6105 0.019481 279.85 2.5679 4.6152
279.822 2.65724 4.62096 0.000464517 279.85 2.5679 4.6152
279.782 2.52423 4.59284 0.00037017 279.85 2.5679 4.6152
280.153 2.63886 4.61395 0.00821472 279.85 2.5679 4.6152
279.973 2.65654 4.60722 0.0119741 279.85 2.5679 4.6152
280.225 2.82643 4.61409 0.000754448 279.85 2.5679 4.6152
279.973 2.65654 4.60722 0.0119741 279.85 2.5679 4.6152
279.957 2.67938 4.61713 0.0108899 279.85 2.5679 4.6152
279.759 2.3604 4.60794 0.000685858 279.85 2.5679 4.6152
279.973 2.65654 4.60722 0.0119741 279.85 2.5679 4.6152
280.259 2.68643 4.61822 0.00266001 279.85 2.5679 4.6152
279.879 2.64722 4.60612 0.0113443 279.85 2.5679 4.6152
280.259 2.68643 4.61822 0.00266001 279.85 2.5679 4.6152
279.957 2.64208 4.62004 0.00501424 279.85 2.5679 4.6152
280.259 2.68643 4.61822 0.00266001 279.85 2.5679 4.6152
280.153 2.63886 4.61395 0.00821472 279.85 2.5679 4.6152
279.895 2.41306 4.60174 0.00331064 279.85 2.5679 4.6152
280.023 2.4563 4.6098 0.00678581 279.85 2.5679 4.6152
279.922 2.84162 4.61459 0.00285026 279.85 2.5679 4.6152
279.957 2.64208 4.62004 0.00501424 279.85 2.5679 4.6152
280.158 2.82192 4.62229 0.00320555 279.85 2.5679 4.6152
279.955 2.72793 4.61605 0.0106699 279.85 2.5679 4.6152
279.981 2.6034 4.6105 0.019481 279.85 2.5679 4.6152
279.981 2.6034 4.6105 0.019481 279.85 2.5679 4.6152
279.879 2.64722 4.60612 0.0113443 279.85 2.5679 4.6152
280.043 2.71475 4.6132 0.0138149 279.85 2.5679 4.6152
280.153 2.63886 4.61395 0.00821472 279.85 2.5679 4.6152
280.225 2.82643 4.61409 0.000754448 279.85 2.5679 4.6152
279.892 2.73769 4.60302 0.00230424 279.85 2.5679 4.6152
279.973 2.65654 4.60722 0.0119741 279.85 2.5679 4.6152
280.076 2.41073 4.61579 0.00162877 279.85 2.5679 4.6152
279.973 2.65654 4.60722 0.0119741 279.85 2.5679 4.6152
279.765 2.68913 4.61052 0.00335743 279.85 2.5679 4.6152
279.957 2.67938 4.61713 0.0108899 279.85 2.5679 4.6152
279.981 2.6034 4.6105 0.019481 279.85 2.5679 4.6152
279.955 2.72793 4.61605 0.0106699 279.85 2.5679 4.6152
279.981 2.6034 4.6105 0.019481 279.85 2.5679 4.6152
279.981 2.6034 4.6105 0.019481 279.85 2.5679 4.6152
279.953 2.87836 4.60903 0.000891029 279.85 2.5679 4.6152
279.892 2.73769 4.60302 0.00230424 279.85 2.5679 4.6152
279.828 2.69611 4.62087 0.00057167 279.85 2.5679 4.6152
279.957 2.67938 4.61713 0.0108899 279.85 2.5679 4.6152
280.041 2.69888 4.62443 0.00254894 279.85 2.5679 4.6152
279.973 2.65654 4.60722 0.0119741 279.85 2.5679 4.6152
279.981 2.6034 4.6105 0.019481 279.85 2.5679 4.6152
280.259 2.68643 4.61822 0.00266001 279.85 2.5679 4.6152
280.259 2.68643 4.61822 0.00266001 279.85 2.5679 4.6152
279.973 2.65654 4.60722 0.0119741 279.85 2.5679 4.6152
279.72 2.36338 4.60563 0.000661088 279.85 2.5679 4.6152
279.759 2.3604 4.60794 0.000685858 279.85 2.5679 4.6152
279.973 2.65654 4.60722 0.0119741 279.85 2.5679 4.6152
279.973 2.65654 4.60722 0.0119741 279.85 2.5679 4.6152
280.043 2.71475 4.6132 0.0138149 279.85 2.5679 4.6152
279.835 2.58678 4.61572 0.00341856 279.85 2.5679 4.6152
279.873 2.44866 4.6086 0.00653581 279.85 2.5679 4.6152
279.782 2.52423 4.59284 0.00037017 279.85 2.5679 4.6152
279.892 2.73769 4.60302 0.00230424 279.85 2.5679 4.6152
279.973 2.65654 4.60722 0.0119741 279.85 2.5679 4.6152
279.892 2.73769 4.60302 0.00230424 279.85 2.5679 4.6152
279.957 2.67938 4.61713 0.0108899 279.85 2.5679 4.6152
279.973 2.65654 4.60722 0.0119741 279.85 2.5679 4.6152
279.765 2.68913 4.61052 0.00335743 279.85 2.5679 4.6152
280.023 2.4563 4.6098 0.00678581 279.85 2.5679 4.6152
279.943 2.38391 4.6135 0.00151729 279.85 2.5679 4.6152
279.879 2.64722 4.60612 0.0113443 279.85 2.5679 4.6152
280.043 2.71475 4.6132 0.0138149 279.85 2.5679 4.6152
279.879 2.64722 4.60612 0.0113443 279.85 2.5679 4.6152
280.025 2.50067 4.608 0.00899677 279.85 2.5679 4.6152
280.025 2.50067 4.608 0.00899677 279.85 2.5679 4.6152
279.981 2.6034 4.6105 0.019481 279.85 2.5679 4.6152
279.714 2.63337 4.60599 0.00288021 279.85 2.5679 4.6152
279.996 2.62551 4.6156 0.0162466 279.85 2.5679 4.6152
279.957 2.67938 4.61713 0.0108899 279.85 2.5679 4.6152
279.957 2.67938 4.61713 0.0108899 279.85 2.5679 4.6152
280.025 2.50067 4.608 0.00899677 279.85 2.5679 4.6152
280.2 2.88729 4.62148 0.00117984 279.85 2.5679 4.6152
279.981 2.6034 4.6105 0.019481 279.85 2.5679 4.6152
279.879 2.64722 4.60612 0.0113443 279.85 2.5679 4.6152
279.922 2.84162 4.61459 0.00285026 279.85 2.5679 4.6152
280.023 2.4563 4.6098 0.00678581 279.85 2.5679 4.6152
279.642 2.61753 4.60042 0.000842127 279.85 2.5679 4.6152
280.043 2.71475 4.6132 0.0138149 279.85 2.5679 4.6152
279.72 2.36338 4.60563 0.000661088 279.85 2.5679 4.6152
279.714 2.63337 4.60599 0.00288021 279.85 2.5679 4.6152
280.043 2.71475 4.6132 0.0138149 279.85 2.5679 4.6152
280.126 2.78163 4.62289 0.00429551 279.85 2.5679 4.6152
280.158 2.82192 4.62229 0.00320555 279.85 2.5679 4.6152
279.95 2.50135 4.59798 0.0011786 279.85 2.5679 4.6152
280.041 2.69888 4.62443 0.00254894 279.85 2.5679 4.6152
280.153 2.63886 4.61395 0.00821472 279.85 2.5679 4.6152
279.957 2.67938 4.61713 0.0108899 279.85 2.5679 4.6152
280.267 2.70999 4.61032 0.000347763 279.85 2.5679 4.6152
280.043 2.71475 4.6132 0.0138149 279.85 2.5679 4.6152
279.879 2.64722 4.60612 0.0113443 279.85 2.5679 4.6152
280.031 2.79386 4.62624 0.0010078 279.85 2.5679 4.6152
280.126 2.78163 4.62289 0.00429551 279.85 2.5679 4.6152
279.973 2.65654 4.60722 0.0119741 279.85 2.5679 4.6152
279.955 2.72793 4.61605 0.0106699 279.85 2.5679 4.6152
280.128 2.86007 4.61029 0.000564475 279.85 2.5679 4.6152
280.043 2.71475 4.6132 0.0138149 279.85 2.5679 4.6152
280.031 2.79386 4.62624 0.0010078 279.85 2.5679 4.6152
279.957 2.64208 4.62004 0.00501424 279.85 2.5679 4.6152
279.973 2.65654 4.60722 0.0119741 279.85 2.5679 4.6152
280.043 2.71475 4.6132 0.0138149 279.85 2.5679 4.6152
279.922 2.84162 4.61459 0.00285026 279.85 2.5679 4.6152
279.747 2.45752 4.5994 0.00254462 279.85 2.5679 4.6152
279.879 2.64722 4.60612 0.0113443 279.85 2.5679 4.6152
279.95 2.50135 4.59798 0.0011786 279.85 2.5679 4.6152
279.879 2.64722 4.60612 0.0113443 279.85 2.5679 4.6152
279.957 2.64208 4.62004 0.00501424 279.85 2.5679 4.6152
280.043 2.71475 4.6132 0.0138149 279.85 2.5679 4.6152
279.841 2.84487 4.61663 0.000886638 279.85 2.5679 4.6152
280.019 2.43449 4.61873 0.00118327 279.85 2.5679 4.6152
279.957 2.64208 4.62004 0.00501424 279.85 2.5679 4.6152
280.025 2.50067 4.608 0.00899677 279.85 2.5679 4.6152
279.922 2.84162 4.61459 0.00285026 279.85 2.5679 4.6152
280.023 2.4563 4.6098 0.00678581 279.85 2.5679 4.6152
279.957 2.64208 4.62004 0.00501424 279.85 2.5679 4.6152
279.879 2.64722 4.60612 0.0113443 279.85 2.5679 4.6152
280.025 2.55625 4.60312 0.00362383 279.85 2.5679 4.6152
280.025 2.50067 4.608 0.00899677 279.85 2.5679 4.6152
279.873 2.44866 4.6086 0.00653581 279.85 2.5679 4.6152
280.225 2.82643 4.61409 0.000754448 279.85 2.5679 4.6152
279.996 2.62551 4.6156 0.0162466 279.85 2.5679 4.6152
279.957 2.67938 4.61713 0.0108899 279.85 2.5679 4.6152
279.892 2.73769 4.60302 0.00230424 279.85 2.5679 4.6152
280.126 2.78163 4.62289 0.00429551 279.85 2.5679 4.6152
280.025 2.50067 4.608 0.00899677 279.85 2.5679 4.6152
279.835 2.58678 4.61572 0.00341856 279.85 2.5679 4.6152
279.957 2.67938 4.61713 0.0108899 279.85 2.5679 4.6152
279.955 2.72793 4.61605 0.0106699 279.85 2.5679 4.6152
279.981 2.6034 4.6105 0.019481 279.85 2.5679 4.6152
280.019 2.43449 4.61873 0.00118327 279.85 2.5679 4.6152
279.962 2.72837 4.60139 0.000991858 279.85 2.5679 4.6152
280.043 2.71475 4.6132 0.0138149 279.85 2.5679 4.6152
279.957 2.67938 4.61713 0.0108899 279.85 2.5679 4.6152
280.043 2.71475 4.6132 0.0138149 279.85 2.5679 4.6152
279.879 2.64722 4.60612 0.0113443 279.85 2.5679 4.6152
279.714 2.63337 4.60599 0.00288021 279.85 2.5679 4.6152
280.041 2.69888 4.62443 0.00254894 279.85 2.5679 4.6152
279.895 2.41306 4.60174 0.00331064 279.85 2.5679 4.6152
279.957 2.64208 4.62004 0.00501424 279.85 2.5679 4.6152
280.126 2.78163 4.62289 0.00429551 279.85 2.5679 4.6152
279.879 2.64722 4.60612 0.0113443 279.85 2.5679 4.6152
279.955 2.72793 4.61605 0.0106699 279.85 2.5679 4.6152
279.973 2.65654 4.60722 0.0119741 279.85 2.5679 4.6152
279.957 2.67938 4.61713 0.0108899 279.85 2.5679 4.6152
279.981 2.6034 4.6105 0.019481 279.85 2.5679 4.6152
280.153 2.63886 4.61395 0.00821472 279.85 2.5679 4.6152
279.996 2.62551 4.6156 0.0162466 279.85 2.5679 4.6152
280.147 2.59854 4.60952 0.00430346 279.85 2.5679 4.6152
279.981 2.6034 4.6105 0.019481 279.85 2.5679 4.6152
279.981 2.6034 4.6105 0.019481 279.85 2.5679 4.6152
279.973 2.65654 4.60722 0.0119741 279.85 2.5679 4.6152
279.955 2.72793 4.61605 0.0106699 279.85 2.5679 4.6152
280.043 2.71475 4.6132 0.0138149 279.85 2.5679 4.6152
279.873 2.44866 4.6086 0.00653581 279.85 2.5679 4.6152
280.2 2.88729 4.62148 0.00117984 279.85 2.5679 4.6152
