-37.7028 -36.5501 1.3598 0.000490239 -37.674 -36.779 1.3641
-37.7028 -36.5501 1.3598 0.000490239 -37.674 -36.779 1.3641
-37.7927 -36.6868 1.35901 0.000589441 -37.674 -36.779 1.3641
-37.7403 -36.5755 1.36324 0.000485149 -37.674 -36.779 1.3641
-37.7927 -36.6868 1.35901 0.000589441 -37.674 -36.779 1.3641
-37.9617 -36.5867 1.35854 0.000186261 -37.674 -36.779 1.3641
-37.6305 -36.6419 1.36735 0.000135426 -37.674 -36.779 1.3641
-37.7403 -36.5755 1.36324 0.000485149 -37.674 -36.779 1.3641
-37.8278 -36.6554 1.35658 0.000296094 -37.674 -36.779 1.3641
-37.7927 -36.6868 1.35901 0.000589441 -37.674 -36.779 1.3641
-37.6616 -36.6704 1.36368 0.000568084 -37.674 -36.779 1.3641
-37.7352 -36.7405 1.36586 0.000568431 -37.674 -36.779 1.3641
-37.8064 -36.673 1.35986 0.000729156 -37.674 -36.779 1.3641
-37.8064 -36.673 1.35986 0.000729156 -37.674 -36.779 1.3641
-37.5121 -36.6388 1.36826 2.02858e-05 -37.674 -36.779 1.3641
-37.7352 -36.7405 1.36586 0.000568431 -37.674 -36.779 1.3641
-37.6616 -36.6704 1.36368 0.000568084 -37.674 -36.779 1.3641
-37.6616 -36.6704 1.36368 0.000568084 -37.674 -36.779 1.3641
-37.6616 -36.6704 1.36368 0.000568084 -37.674 -36.779 1.3641
-37.6616 -36.6704 1.36368 0.000568084 -37.674 -36.779 1.3641
-37.7403 -36.5755 1.36324 0.000485149 -37.674 -36.779 1.3641
-37.3578 -36.8331 1.36511 1.28744e-06 -37.674 -36.779 1.3641
-37.7403 -36.5755 1.36324 0.000485149 -37.674 -36.779 1.3641
-37.8519 -36.3985 1.35795 9.99386e-05 -37.674 -36.779 1.3641
-37.7927 -36.6868 1.35901 0.000589441 -37.674 -36.779 1.3641
-37.8064 -36.673 1.35986 0.000729156 -37.674 -36.779 1.3641
-37.5884 -36.884 1.36932 7.16399e-05 -37.674 -36.779 1.3641
-37.8278 -36.6554 1.35658 0.000296094 -37.674 -36.779 1.3641
-37.7927 -36.6868 1.35901 0.000589441 -37.674 -36.779 1.3641
-37.9168 -36.7056 1.35487 4.82389e-05 -37.674 -36.779 1.3641
-37.7352 -36.7405 1.36586 0.000568431 -37.674 -36.779 1.3641
-37.7927 -36.6868 1.35901 0.000589441 -37.674 -36.779 1.3641
-37.8656 -36.5963 1.36736 5.83616e-05 -37.674 -36.779 1.3641
-37.7069 -36.5986 1.36086 0.000668454 -37.674 -36.779 1.3641
-37.7028 -36.5501 1.3598 0.000490239 -37.674 -36.779 1.3641
-37.6616 -36.6704 1.36368 0.000568084 -37.674 -36.779 1.3641
-37.7927 -36.6868 1.35901 0.000589441 -37.674 -36.779 1.3641
-37.7927 -36.6868 1.35901 0.000589441 -37.674 -36.779 1.3641
-37.7403 -36.5755 1.36324 0.000485149 -37.674 -36.779 1.3641
-37.7403 -36.5755 1.36324 0.000485149 -37.674 -36.779 1.3641
-37.7069 -36.5986 1.36086 0.000668454 -37.674 -36.779 1.3641
-37.8064 -36.673 1.35986 0.000729156 -37.674 -36.779 1.3641
-37.7352 -36.7405 1.36586 0.000568431 -37.674 -36.779 1.3641
-37.7352 -36.7405 1.36586 0.000568431 -37.674 -36.779 1.3641
-37.8278 -36.6554 1.35658 0.000296094 -37.674 -36.779 1.3641
-37.7403 -36.5755 1.36324 0.000485149 -37.674 -36.779 1.3641
-37.8278 -36.6554 1.35658 0.000296094 -37.674 -36.779 1.3641
-37.6085 -36.4203 1.35624 3.68153e-05 -37.674 -36.779 1.3641
-37.7028 -36.5501 1.3598 0.000490239 -37.674 -36.779 1.3641
-37.8519 -36.3985 1.35795 9.99386e-05 -37.674 -36.779 1.3641
-37.7352 -36.7405 1.36586 0.000568431 -37.674 -36.779 1.3641
-37.7403 -36.5755 1.36324 0.000485149 -37.674 -36.779 1.3641
-37.7352 -36.7405 1.36586 0.000568431 -37.674 -36.779 1.3641
-37.7403 -36.5755 1.36324 0.000485149 -37.674 -36.779 1.3641
-37.7403 -36.5755 1.36324 0.000485149 -37.674 -36.779 1.3641
-37.7352 -36.7405 1.36586 0.000568431 -37.674 -36.779 1.3641
-37.9617 -36.5867 1.35854 0.000186261 -37.674 -36.779 1.3641
-37.7028 -36.5501 1.3598 0.000490239 -37.674 -36.779 1.3641
-37.7345 -36.539 1.36825 2.61783e-05 -37.674 -36.779 1.3641
-37.7028 -36.5501 1.3598 0.000490239 -37.674 -36.779 1.3641
-37.9617 -36.5867 1.35854 0.000186261 -37.674 -36.779 1.3641
-37.6616 -36.6704 1.36368 0.000568084 -37.674 -36.779 1.3641
-37.7069 -36.5986 1.36086 0.000668454 -37.674 -36.779 1.3641
-37.6616 -36.6704 1.36368 0.000568084 -37.674 -36.779 1.3641
-37.8064 -36.673 1.35986 0.000729156 -37.674 -36.779 1.3641
-37.6616 -36.6704 1.36368 0.000568084 -37.674 -36.779 1.3641
-37.6328 -36.6805 1.36946 6.81983e-05 -37.674 -36.779 1.3641
-37.7069 -36.5986 1.36086 0.000668454 -37.674 -36.779 1.3641
-37.6616 -36.6704 1.36368 0.000568084 -37.674 -36.779 1.3641
-37.6616 -36.6704 1.36368 0.000568084 -37.674 -36.779 1.3641
-37.6616 -36.6704 1.36368 0.000568084 -37.674 -36.779 1.3641
-37.6157 -36.8794 1.36616 0.000149691 -37.674 -36.779 1.3641
-37.8278 -36.6554 1.35658 0.000296094 -37.674 -36.779 1.3641
-37.5498 -36.7481 1.36952 4.73804e-05 -37.674 -36.779 1.3641
-37.8064 -36.673 1.35986 0.000729156 -37.674 -36.779 1.3641
-37.8064 -36.673 1.35986 0.000729156 -37.674 -36.779 1.3641
-37.9142 -36.6777 1.36561 0.000164839 -37.674 -36.779 1.3641
-37.9142 -36.6777 1.36561 0.000164839 -37.674 -36.779 1.3641
-37.7069 -36.5986 1.36086 0.000668454 -37.674 -36.779 1.3641
-37.7927 -36.6868 1.35901 0.000589441 -37.674 -36.779 1.3641
-37.8278 -36.6554 1.35658 0.000296094 -37.674 -36.779 1.3641
-37.7927 -36.6868 1.35901 0.000589441 -37.674 -36.779 1.3641
-37.7352 -36.7405 1.36586 0.000568431 -37.674 -36.779 1.3641
-37.7403 -36.5755 1.36324 0.000485149 -37.674 -36.779 1.3641
-37.8064 -36.673 1.35986 0.000729156 -37.674 -36.779 1.3641
-37.8064 -36.673 1.35986 0.000729156 -37.674 -36.779 1.3641
-37.7069 -36.5986 1.36086 0.000668454 -37.674 -36.779 1.3641
-37.7069 -36.5986 1.36086 0.000668454 -37.674 -36.779 1.3641
-37.7069 -36.5986 1.36086 0.000668454 -37.674 -36.779 1.3641
-37.6157 -36.8794 1.36616 0.000149691 -37.674 -36.779 1.3641
-37.7403 -36.5755 1.36324 0.000485149 -37.674 -36.779 1.3641
-37.8064 -36.673 1.35986 0.000729156 -37.674 -36.779 1.3641
-37.9617 -36.5867 1.35854 0.000186261 -37.674 -36.779 1.3641
-37.7927 -36.6868 1.35901 0.000589441 -37.674 -36.779 1.3641
-37.8064 -36.673 1.35986 0.000729156 -37.674 -36.779 1.3641
-37.7927 -36.6868 1.35901 0.000589441 -37.674 -36.779 1.3641
-37.8064 -36.673 1.35986 0.000729156 -37.674 -36.779 1.3641
-37.8278 -36.6554 1.35658 0.000296094 -37.674 -36.779 1.3641
-37.7927 -36.6868 1.35901 0.000589441 -37.674 -36.779 1.3641
-37.7352 -36.7405 1.36586 0.000568431 -37.674 -36.779 1.3641
-37.6305 -36.6419 1.36735 0.000135426 -37.674 -36.779 1.3641
-37.7927 -36.6868 1.35901 0.000589441 -37.674 -36.779 1.3641
-37.7069 -36.5986 1.36086 0.000668454 -37.674 -36.779 1.3641
-37.7142 -36.753 1.35633 7.7134e-05 -37.674 -36.779 1.3641
-37.4384 -36.7343 1.3692 7.24071e-06 -37.674 -36.779 1.3641
-37.7028 -36.5501 1.3598 0.000490239 -37.674 -36.779 1.3641
-37.7028 -36.5501 1.3598 0.000490239 -37.674 -36.779 1.3641
-37.6616 -36.6704 1.36368 0.000568084 -37.674 -36.779 1.3641
-37.6616 -36.6704 1.36368 0.000568084 -37.674 -36.779 1.3641
-37.5884 -36.884 1.36932 7.16399e-05 -37.674 -36.779 1.3641
-37.7069 -36.5986 1.36086 0.000668454 -37.674 -36.779 1.3641
-37.8064 -36.673 1.35986 0.000729156 -37.674 -36.779 1.3641
-37.8064 -36.673 1.35986 0.000729156 -37.674 -36.779 1.3641
-37.5554 -36.8977 1.37386 6.5218e-06 -37.674 -36.779 1.3641
-37.7403 -36.5755 1.36324 0.000485149 -37.674 -36.779 1.3641
-37.6805 -36.6828 1.37032 5.08166e-05 -37.674 -36.779 1.3641
-37.7352 -36.7405 1.36586 0.000568431 -37.674 -36.779 1.3641
-37.6616 -36.6704 1.36368 0.000568084 -37.674 -36.779 1.3641
-37.8064 -36.673 1.35986 0.000729156 -37.674 -36.779 1.3641
-37.6305 -36.6419 1.36735 0.000135426 -37.674 -36.779 1.3641
-37.6616 -36.6704 1.36368 0.000568084 -37.674 -36.779 1.3641
-37.7682 -36.6996 1.36923 0.000112529 -37.674 -36.779 1.3641
-38.0065 -36.7379 1.35838 4.85905e-05 -37.674 -36.779 1.3641
-37.8064 -36.673 1.35986 0.000729156 -37.674 -36.779 1.3641
-37.7352 -36.7405 1.36586 0.000568431 -37.674 -36.779 1.3641
-37.7352 -36.7405 1.36586 0.000568431 -37.674 -36.779 1.3641
-37.8064 -36.673 1.35986 0.000729156 -37.674 -36.779 1.3641
-37.7403 -36.5755 1.36324 0.000485149 -37.674 -36.779 1.3641
-37.7682 -36.6996 1.36923 0.000112529 -37.674 -36.779 1.3641
-37.8064 -36.673 1.35986 0.000729156 -37.674 -36.779 1.3641
-37.7927 -36.6868 1.35901 0.000589441 -37.674 -36.779 1.3641
-37.6305 -36.6419 1.36735 0.000135426 -37.674 -36.779 1.3641
-37.8064 -36.673 1.35986 0.000729156 -37.674 -36.779 1.3641
-37.6616 -36.6704 1.36368 0.000568084 -37.674 -36.779 1.3641
-37.7028 -36.5501 1.3598 0.000490239 -37.674 -36.779 1.3641
-37.8278 -36.6554 1.35658 0.000296094 -37.674 -36.779 1.3641
-37.7028 -36.5501 1.3598 0.000490239 -37.674 -36.779 1.3641
-37.6187 -36.6723 1.37052 2.90997e-05 -37.674 -36.779 1.3641
-37.7028 -36.5501 1.3598 0.000490239 -37.674 -36.779 1.3641
-37.6073 -36.873 1.37486 4.94414e-06 -37.674 -36.779 1.3641
-37.7352 -36.7405 1.36586 0.000568431 -37.674 -36.779 1.3641
-37.7927 -36.6868 1.35901 0.000589441 -37.674 -36.779 1.3641
-37.8519 -36.3985 1.35795 9.99386e-05 -37.674 -36.779 1.3641
-37.7028 -36.5501 1.3598 0.000490239 -37.674 -36.779 1.3641
-37.8656 -36.5963 1.36736 5.83616e-05 -37.674 -36.779 1.3641
-37.7069 -36.5986 1.36086 0.000668454 -37.674 -36.779 1.3641
-37.7403 -36.5755 1.36324 0.000485149 -37.674 -36.779 1.3641
-37.9617 -36.5867 1.35854 0.000186261 -37.674 -36.779 1.3641
-37.7028 -36.5501 1.3598 0.000490239 -37.674 -36.779 1.3641
-37.7403 -36.5755 1.36324 0.000485149 -37.674 -36.779 1.3641
-37.7069 -36.5986 1.36086 0.000668454 -37.674 -36.779 1.3641
-37.95 -36.6772 1.36561 9.65606e-05 -37.674 -36.779 1.3641
-37.6616 -36.6704 1.36368 0.000568084 -37.674 -36.779 1.3641
-37.7927 -36.6868 1.35901 0.000589441 -37.674 -36.779 1.3641
-37.7 -37.0001 1.36839 4.39369e-05 -37.674 -36.779 1.3641
-37.7069 -36.5986 1.36086 0.000668454 -37.674 -36.779 1.3641
-37.7069 -36.5986 1.36086 0.000668454 -37.674 -36.779 1.3641
-37.7352 -36.7405 1.36586 0.000568431 -37.674 -36.779 1.3641
-37.8278 -36.6554 1.35658 0.000296094 -37.674 -36.779 1.3641
-37.7403 -36.5755 1.36324 0.000485149 -37.674 -36.779 1.3641
-37.9617 -36.5867 1.35854 0.000186261 -37.674 -36.779 1.3641
-37.7142 -36.753 1.35633 7.7134e-05 -37.674 -36.779 1.3641
-37.6616 -36.6704 1.36368 0.000568084 -37.674 -36.779 1.3641
-37.7069 -36.5986 1.36086 0.000668454 -37.674 -36.779 1.3641
-37.95 -36.6772 1.36561 9.65606e-05 -37.674 -36.779 1.3641
-37.7927 -36.6868 1.35901 0.000589441 -37.674 -36.779 1.3641
-37.7352 -36.7405 1.36586 0.000568431 -37.674 -36.779 1.3641
-37.7028 -36.5501 1.3598 0.000490239 -37.674 -36.779 1.3641
-37.7352 -36.7405 1.36586 0.000568431 -37.674 -36.779 1.3641
-37.8064 -36.673 1.35986 0.000729156 -37.674 -36.779 1.3641
-37.7352 -36.7405 1.36586 0.000568431 -37.674 -36.779 1.3641
-37.7142 -36.753 1.35633 7.7134e-05 -37.674 -36.779 1.3641
-37.9617 -36.5867 1.35854 0.000186261 -37.674 -36.779 1.3641
-37.9142 -36.6777 1.36561 0.000164839 -37.674 -36.779 1.3641
-37.7352 -36.7405 1.36586 0.000568431 -37.674 -36.779 1.3641
-37.7682 -36.6996 1.36923 0.000112529 -37.674 -36.779 1.3641
-37.6616 -36.6704 1.36368 0.000568084 -37.674 -36.779 1.3641
-37.7352 -36.7405 1.36586 0.000568431 -37.674 -36.779 1.3641
-37.6616 -36.6704 1.36368 0.000568084 -37.674 -36.779 1.3641
-37.7403 -36.5755 1.36324 0.000485149 -37.674 -36.779 1.3641
-37.6305 -36.6419 1.36735 0.000135426 -37.674 -36.779 1.3641
-37.5884 -36.884 1.36932 7.16399e-05 -37.674 -36.779 1.3641
-37.7069 -36.5986 1.36086 0.000668454 -37.674 -36.779 1.3641
-37.7345 -36.539 1.36825 2.61783e-05 -37.674 -36.779 1.3641
-37.7927 -36.6868 1.35901 0.000589441 -37.674 -36.779 1.3641
-37.8278 -36.6554 1.35658 0.000296094 -37.674 -36.779 1.3641
-37.6805 -36.6828 1.37032 5.08166e-05 -37.674 -36.779 1.3641
-37.6616 -36.6704 1.36368 0.000568084 -37.674 -36.779 1.3641
-37.6157 -36.8794 1.36616 0.000149691 -37.674 -36.779 1.3641
-37.7927 -36.6868 1.35901 0.000589441 -37.674 -36.779 1.3641
-37.7069 -36.5986 1.36086 0.000668454 -37.674 -36.779 1.3641
-37.8064 -36.673 1.35986 0.000729156 -37.674 -36.779 1.3641
-37.6616 -36.6704 1.36368 0.000568084 -37.674 -36.779 1.3641
-37.7927 -36.6868 1.35901 0.000589441 -37.674 -36.779 1.3641
-37.5498 -36.7481 1.36952 4.73804e-05 -37.674 -36.779 1.3641
-37.6616 -36.6704 1.36368 0.000568084 -37.674 -36.779 1.3641
-37.8079 -36.3639 1.3584 6.05332e-05 -37.674 -36.779 1.3641
-37.7028 -36.5501 1.3598 0.000490239 -37.674 -36.779 1.3641
-37.9617 -36.5867 1.35854 0.000186261 -37.674 -36.779 1.3641
-37.7927 -36.6868 1.35901 0.000589441 -37.674 -36.779 1.3641
