188.011 24.2859 0.062708 0.106256 187.71 24.288 0.066727
187.899 24.1591 0.0714423 0.0128883 187.71 24.288 0.066727
187.96 24.5286 0.0646264 0.0282754 187.71 24.288 0.066727
187.89 24.4768 0.0691574 0.029911 187.71 24.288 0.066727
188.011 24.2859 0.062708 0.106256 187.71 24.288 0.066727
187.85 24.3394 0.0658737 0.0455775 187.71 24.288 0.066727
187.85 24.3394 0.0658737 0.0455775 187.71 24.288 0.066727
187.96 24.5286 0.0646264 0.0282754 187.71 24.288 0.066727
188.011 24.2859 0.062708 0.106256 187.71 24.288 0.066727
187.985 24.3907 0.0597589 0.0239675 187.71 24.288 0.066727
188.011 24.2859 0.062708 0.106256 187.71 24.288 0.066727
188.057 24.1397 0.0623221 0.0201119 187.71 24.288 0.066727
187.992 24.4076 0.058607 0.0113301 187.71 24.288 0.066727
188.011 24.2859 0.062708 0.106256 187.71 24.288 0.066727
187.985 24.3907 0.0597589 0.0239675 187.71 24.288 0.066727
187.96 24.5286 0.0646264 0.0282754 187.71 24.288 0.066727
188.273 24.3437 0.0633617 0.0227582 187.71 24.288 0.066727
187.985 24.3907 0.0597589 0.0239675 187.71 24.288 0.066727
187.899 24.1591 0.0714423 0.0128883 187.71 24.288 0.066727
187.85 24.3394 0.0658737 0.0455775 187.71 24.288 0.066727
187.899 24.1591 0.0714423 0.0128883 187.71 24.288 0.066727
187.985 24.3907 0.0597589 0.0239675 187.71 24.288 0.066727
188.011 24.2859 0.062708 0.106256 187.71 24.288 0.066727
188.273 24.3437 0.0633617 0.0227582 187.71 24.288 0.066727
187.999 24.4503 0.0599201 0.0203073 187.71 24.288 0.066727
187.835 24.3445 0.067081 0.0405909 187.71 24.288 0.066727
187.992 24.4076 0.058607 0.0113301 187.71 24.288 0.066727
188.057 24.1397 0.0623221 0.0201119 187.71 24.288 0.066727
188.273 24.3437 0.0633617 0.0227582 187.71 24.288 0.066727
187.985 24.3907 0.0597589 0.0239675 187.71 24.288 0.066727
187.999 24.4503 0.0599201 0.0203073 187.71 24.288 0.066727
188.011 24.2859 0.062708 0.106256 187.71 24.288 0.066727
187.992 24.4076 0.058607 0.0113301 187.71 24.288 0.066727
187.835 24.3445 0.067081 0.0405909 187.71 24.288 0.066727
188.011 24.2859 0.062708 0.106256 187.71 24.288 0.066727
188.011 24.2859 0.062708 0.106256 187.71 24.288 0.066727
188.011 24.2859 0.062708 0.106256 187.71 24.288 0.066727
187.85 24.3394 0.0658737 0.0455775 187.71 24.288 0.066727
187.96 24.5286 0.0646264 0.0282754 187.71 24.288 0.066727
187.985 24.3907 0.0597589 0.0239675 187.71 24.288 0.066727
188.011 24.2859 0.062708 0.106256 187.71 24.288 0.066727
187.85 24.3394 0.0658737 0.0455775 187.71 24.288 0.066727
188.011 24.2859 0.062708 0.106256 187.71 24.288 0.066727
188.057 24.1397 0.0623221 0.0201119 187.71 24.288 0.066727
187.85 24.3394 0.0658737 0.0455775 187.71 24.288 0.066727
187.992 24.4076 0.058607 0.0113301 187.71 24.288 0.066727
188.057 24.1397 0.0623221 0.0201119 187.71 24.288 0.066727
187.835 24.3445 0.067081 0.0405909 187.71 24.288 0.066727
187.96 24.5286 0.0646264 0.0282754 187.71 24.288 0.066727
188.273 24.3437 0.0633617 0.0227582 187.71 24.288 0.066727
187.871 24.4 0.06028 0.00583673 187.71 24.288 0.066727
187.835 24.3445 0.067081 0.0405909 187.71 24.288 0.066727
188.197 24.4659 0.0662836 0.0298139 187.71 24.288 0.066727
187.89 24.4768 0.0691574 0.029911 187.71 24.288 0.066727
187.775 24.4725 0.0693263 0.00542066 187.71 24.288 0.066727
188.052 24.5049 0.0706834 0.0166926 187.71 24.288 0.066727
188.197 24.4659 0.0662836 0.0298139 187.71 24.288 0.066727
187.85 24.3394 0.0658737 0.0455775 187.71 24.288 0.066727
187.999 24.4503 0.0599201 0.0203073 187.71 24.288 0.066727
187.883 24.1026 0.0752274 0.000631151 187.71 24.288 0.066727
188.057 24.1397 0.0623221 0.0201119 187.71 24.288 0.066727
187.835 24.3445 0.067081 0.0405909 187.71 24.288 0.066727
187.89 24.4768 0.0691574 0.029911 187.71 24.288 0.066727
187.85 24.3394 0.0658737 0.0455775 187.71 24.288 0.066727
187.835 24.3445 0.067081 0.0405909 187.71 24.288 0.066727
187.999 24.4503 0.0599201 0.0203073 187.71 24.288 0.066727
187.835 24.3445 0.067081 0.0405909 187.71 24.288 0.066727
188.011 24.2859 0.062708 0.106256 187.71 24.288 0.066727
187.999 24.4503 0.0599201 0.0203073 187.71 24.288 0.066727
187.89 24.4768 0.0691574 0.029911 187.71 24.288 0.066727
187.85 24.3394 0.0658737 0.0455775 187.71 24.288 0.066727
188.197 24.4659 0.0662836 0.0298139 187.71 24.288 0.066727
187.96 24.5286 0.0646264 0.0282754 187.71 24.288 0.066727
188.011 24.2859 0.062708 0.106256 187.71 24.288 0.066727
188.011 24.2859 0.062708 0.106256 187.71 24.288 0.066727
187.89 24.4768 0.0691574 0.029911 187.71 24.288 0.066727
188.197 24.4659 0.0662836 0.0298139 187.71 24.288 0.066727
187.985 24.3907 0.0597589 0.0239675 187.71 24.288 0.066727
188.011 24.2859 0.062708 0.106256 187.71 24.288 0.066727
188.011 24.2859 0.062708 0.106256 187.71 24.288 0.066727
188.011 24.2859 0.062708 0.106256 187.71 24.288 0.066727
188.273 24.3437 0.0633617 0.0227582 187.71 24.288 0.066727
188.273 24.3437 0.0633617 0.0227582 187.71 24.288 0.066727
188.052 24.5049 0.0706834 0.0166926 187.71 24.288 0.066727
187.85 24.3394 0.0658737 0.0455775 187.71 24.288 0.066727
188.011 24.2859 0.062708 0.106256 187.71 24.288 0.066727
188.197 24.4659 0.0662836 0.0298139 187.71 24.288 0.066727
187.85 24.3394 0.0658737 0.0455775 187.71 24.288 0.066727
188.011 24.2859 0.062708 0.106256 187.71 24.288 0.066727
187.96 24.5286 0.0646264 0.0282754 187.71 24.288 0.066727
188.197 24.4659 0.0662836 0.0298139 187.71 24.288 0.066727
188.052 24.5049 0.0706834 0.0166926 187.71 24.288 0.066727
188.273 24.3437 0.0633617 0.0227582 187.71 24.288 0.066727
188.011 24.2859 0.062708 0.106256 187.71 24.288 0.066727
187.835 24.3445 0.067081 0.0405909 187.71 24.288 0.066727
188.057 24.1397 0.0623221 0.0201119 187.71 24.288 0.066727
187.85 24.3394 0.0658737 0.0455775 187.71 24.288 0.066727
187.899 24.1591 0.0714423 0.0128883 187.71 24.288 0.066727
188.011 24.2859 0.062708 0.106256 187.71 24.288 0.066727
187.89 24.4768 0.0691574 0.029911 187.71 24.288 0.066727
187.96 24.5286 0.0646264 0.0282754 187.71 24.288 0.066727
187.85 24.3394 0.0658737 0.0455775 187.71 24.288 0.066727
187.96 24.5286 0.0646264 0.0282754 187.71 24.288 0.066727
187.89 24.4768 0.0691574 0.029911 187.71 24.288 0.066727
187.835 24.3445 0.067081 0.0405909 187.71 24.288 0.066727
187.999 24.4503 0.0599201 0.0203073 187.71 24.288 0.066727
188.011 24.2859 0.062708 0.106256 187.71 24.288 0.066727
187.89 24.4768 0.0691574 0.029911 187.71 24.288 0.066727
187.96 24.5286 0.0646264 0.0282754 187.71 24.288 0.066727
187.992 24.4076 0.058607 0.0113301 187.71 24.288 0.066727
187.85 24.3394 0.0658737 0.0455775 187.71 24.288 0.066727
187.835 24.3445 0.067081 0.0405909 187.71 24.288 0.066727
188.052 24.5049 0.0706834 0.0166926 187.71 24.288 0.066727
187.999 24.4503 0.0599201 0.0203073 187.71 24.288 0.066727
188.057 24.1397 0.0623221 0.0201119 187.71 24.288 0.066727
188.273 24.3437 0.0633617 0.0227582 187.71 24.288 0.066727
188.057 24.1397 0.0623221 0.0201119 187.71 24.288 0.066727
187.89 24.4768 0.0691574 0.029911 187.71 24.288 0.066727
187.999 24.4503 0.0599201 0.0203073 187.71 24.288 0.066727
187.89 24.4768 0.0691574 0.029911 187.71 24.288 0.066727
187.835 24.3445 0.067081 0.0405909 187.71 24.288 0.066727
188.197 24.4659 0.0662836 0.0298139 187.71 24.288 0.066727
187.835 24.3445 0.067081 0.0405909 187.71 24.288 0.066727
188.011 24.2859 0.062708 0.106256 187.71 24.288 0.066727
188.057 24.1397 0.0623221 0.0201119 187.71 24.288 0.066727
188.011 24.2859 0.062708 0.106256 187.71 24.288 0.066727
187.999 24.4503 0.0599201 0.0203073 187.71 24.288 0.066727
187.999 24.4503 0.0599201 0.0203073 187.71 24.288 0.066727
188.052 24.5049 0.0706834 0.0166926 187.71 24.288 0.066727
187.985 24.3907 0.0597589 0.0239675 187.71 24.288 0.066727
187.999 24.4503 0.0599201 0.0203073 187.71 24.288 0.066727
188.011 24.2859 0.062708 0.106256 187.71 24.288 0.066727
187.85 24.3394 0.0658737 0.0455775 187.71 24.288 0.066727
188.197 24.4659 0.0662836 0.0298139 187.71 24.288 0.066727
187.85 24.3394 0.0658737 0.0455775 187.71 24.288 0.066727
187.835 24.3445 0.067081 0.0405909 187.71 24.288 0.066727
188.011 24.2859 0.062708 0.106256 187.71 24.288 0.066727
188.011 24.2859 0.062708 0.106256 187.71 24.288 0.066727
187.85 24.3394 0.0658737 0.0455775 187.71 24.288 0.066727
188.197 24.4659 0.0662836 0.0298139 187.71 24.288 0.066727
187.985 24.3907 0.0597589 0.0239675 187.71 24.288 0.066727
188.011 24.2859 0.062708 0.106256 187.71 24.288 0.066727
188.011 24.2859 0.062708 0.106256 187.71 24.288 0.066727
188.011 24.2859 0.062708 0.106256 187.71 24.288 0.066727
187.871 24.4 0.06028 0.00583673 187.71 24.288 0.066727
188.011 24.2859 0.062708 0.106256 187.71 24.288 0.066727
188.197 24.4659 0.0662836 0.0298139 187.71 24.288 0.066727
188.273 24.3437 0.0633617 0.0227582 187.71 24.288 0.066727
187.96 24.5286 0.0646264 0.0282754 187.71 24.288 0.066727
188.057 24.1397 0.0623221 0.0201119 187.71 24.288 0.066727
187.775 24.4725 0.0693263 0.00542066 187.71 24.288 0.066727
187.85 24.3394 0.0658737 0.0455775 187.71 24.288 0.066727
188.273 24.3437 0.0633617 0.0227582 187.71 24.288 0.066727
188.011 24.2859 0.062708 0.106256 187.71 24.288 0.066727
187.85 24.3394 0.0658737 0.0455775 187.71 24.288 0.066727
187.89 24.4768 0.0691574 0.029911 187.71 24.288 0.066727
188.011 24.2859 0.062708 0.106256 187.71 24.288 0.066727
188.011 24.2859 0.062708 0.106256 187.71 24.288 0.066727
188.197 24.4659 0.0662836 0.0298139 187.71 24.288 0.066727
188.011 24.2859 0.062708 0.106256 187.71 24.288 0.066727
188.011 24.2859 0.062708 0.106256 187.71 24.288 0.066727
188.197 24.4659 0.0662836 0.0298139 187.71 24.288 0.066727
187.835 24.3445 0.067081 0.0405909 187.71 24.288 0.066727
188.011 24.2859 0.062708 0.106256 187.71 24.288 0.066727
187.89 24.4768 0.0691574 0.029911 187.71 24.288 0.066727
187.85 24.3394 0.0658737 0.0455775 187.71 24.288 0.066727
187.871 24.4 0.06028 0.00583673 187.71 24.288 0.066727
187.985 24.3907 0.0597589 0.0239675 187.71 24.288 0.066727
188.011 24.2859 0.062708 0.106256 187.71 24.288 0.066727
187.992 24.4076 0.058607 0.0113301 187.71 24.288 0.066727
187.89 24.4768 0.0691574 0.029911 187.71 24.288 0.066727
188.011 24.2859 0.062708 0.106256 187.71 24.288 0.066727
188.011 24.2859 0.062708 0.106256 187.71 24.288 0.066727
188.011 24.2859 0.062708 0.106256 187.71 24.288 0.066727
187.999 24.4503 0.0599201 0.0203073 187.71 24.288 0.066727
188.011 24.2859 0.062708 0.106256 187.71 24.288 0.066727
188.197 24.4659 0.0662836 0.0298139 187.71 24.288 0.066727
188.011 24.2859 0.062708 0.106256 187.71 24.288 0.066727
187.775 24.4725 0.0693263 0.00542066 187.71 24.288 0.066727
187.89 24.4768 0.0691574 0.029911 187.71 24.288 0.066727
188.057 24.1397 0.0623221 0.0201119 187.71 24.288 0.066727
187.89 24.4768 0.0691574 0.029911 187.71 24.288 0.066727
187.899 24.1591 0.0714423 0.0128883 187.71 24.288 0.066727
187.835 24.3445 0.067081 0.0405909 187.71 24.288 0.066727
187.85 24.3394 0.0658737 0.0455775 187.71 24.288 0.066727
187.999 24.4503 0.0599201 0.0203073 187.71 24.288 0.066727
187.85 24.3394 0.0658737 0.0455775 187.71 24.288 0.066727
188.273 24.3437 0.0633617 0.0227582 187.71 24.288 0.066727
188.011 24.2859 0.062708 0.106256 187.71 24.288 0.066727
187.96 24.5286 0.0646264 0.0282754 187.71 24.288 0.066727
188.011 24.2859 0.062708 0.106256 187.71 24.288 0.066727
187.835 24.3445 0.067081 0.0405909 187.71 24.288 0.066727
187.89 24.4768 0.0691574 0.029911 187.71 24.288 0.066727
187.768 24.2835 0.0704771 0.00918189 187.71 24.288 0.066727
188.011 24.2859 0.062708 0.106256 187.71 24.288 0.066727
187.992 24.4076 0.058607 0.0113301 187.71 24.288 0.066727
187.85 24.3394 0.0658737 0.0455775 187.71 24.288 0.066727
187.89 24.4768 0.0691574 0.029911 187.71 24.288 0.066727
187.845 24.0549 0.0644788 0.000842562 187.71 24.288 0.066727
188.011 24.2859 0.062708 0.106256 187.71 24.288 0.066727
