242.391 28.1637 0.0728959 6.08365e-05 242.46 28.243 0.079799
242.382 28.2479 0.0766708 0.000181315 242.46 28.243 0.079799
242.329 28.2236 0.0762544 0.00015266 242.46 28.243 0.079799
242.549 28.2601 0.0794592 1.38281e-05 242.46 28.243 0.079799
242.475 28.3442 0.0796477 8.59989e-06 242.46 28.243 0.079799
242.254 28.1987 0.0808647 4.96988e-05 242.46 28.243 0.079799
242.329 28.2236 0.0762544 0.00015266 242.46 28.243 0.079799
242.361 28.1853 0.0787134 0.000200454 242.46 28.243 0.079799
242.391 28.1637 0.0728959 6.08365e-05 242.46 28.243 0.079799
242.284 28.1299 0.0845665 1.02797e-05 242.46 28.243 0.079799
242.254 28.1987 0.0808647 4.96988e-05 242.46 28.243 0.079799
242.389 28.193 0.0810578 7.36721e-05 242.46 28.243 0.079799
242.249 28.2693 0.0790436 3.69954e-05 242.46 28.243 0.079799
242.578 28.2721 0.0777483 1.7597e-05 242.46 28.243 0.079799
242.329 28.2236 0.0762544 0.00015266 242.46 28.243 0.079799
242.597 28.3186 0.0719807 1.47718e-05 242.46 28.243 0.079799
242.382 28.2479 0.0766708 0.000181315 242.46 28.243 0.079799
242.249 28.2693 0.0790436 3.69954e-05 242.46 28.243 0.079799
242.279 27.8889 0.0812417 4.44806e-06 242.46 28.243 0.079799
242.578 28.2721 0.0777483 1.7597e-05 242.46 28.243 0.079799
242.391 28.1637 0.0728959 6.08365e-05 242.46 28.243 0.079799
242.389 28.193 0.0810578 7.36721e-05 242.46 28.243 0.079799
242.382 28.2479 0.0766708 0.000181315 242.46 28.243 0.079799
242.423 28.1275 0.0737685 8.46515e-05 242.46 28.243 0.079799
242.423 28.1275 0.0737685 8.46515e-05 242.46 28.243 0.079799
242.389 28.193 0.0810578 7.36721e-05 242.46 28.243 0.079799
242.382 28.2479 0.0766708 0.000181315 242.46 28.243 0.079799
242.361 28.1853 0.0787134 0.000200454 242.46 28.243 0.079799
242.382 28.2479 0.0766708 0.000181315 242.46 28.243 0.079799
242.389 28.193 0.0810578 7.36721e-05 242.46 28.243 0.079799
242.423 28.1275 0.0737685 8.46515e-05 242.46 28.243 0.079799
242.29 28.0733 0.0787218 0.000102711 242.46 28.243 0.079799
242.329 28.2236 0.0762544 0.00015266 242.46 28.243 0.079799
242.382 28.2479 0.0766708 0.000181315 242.46 28.243 0.079799
242.506 28.2065 0.0818874 9.13534e-06 242.46 28.243 0.079799
242.329 28.2236 0.0762544 0.00015266 242.46 28.243 0.079799
242.329 28.2236 0.0762544 0.00015266 242.46 28.243 0.079799
242.249 28.2693 0.0790436 3.69954e-05 242.46 28.243 0.079799
242.361 28.1853 0.0787134 0.000200454 242.46 28.243 0.079799
242.361 28.1853 0.0787134 0.000200454 242.46 28.243 0.079799
242.29 28.0733 0.0787218 0.000102711 242.46 28.243 0.079799
242.382 28.2479 0.0766708 0.000181315 242.46 28.243 0.079799
242.382 28.2479 0.0766708 0.000181315 242.46 28.243 0.079799
242.374 28.0703 0.0735071 2.69274e-05 242.46 28.243 0.079799
242.329 28.2236 0.0762544 0.00015266 242.46 28.243 0.079799
242.355 27.9905 0.0738306 5.56606e-06 242.46 28.243 0.079799
242.254 28.1987 0.0808647 4.96988e-05 242.46 28.243 0.079799
242.361 28.1853 0.0787134 0.000200454 242.46 28.243 0.079799
242.382 28.2479 0.0766708 0.000181315 242.46 28.243 0.079799
242.423 28.1275 0.0737685 8.46515e-05 242.46 28.243 0.079799
242.423 28.1275 0.0737685 8.46515e-05 242.46 28.243 0.079799
242.237 28.0554 0.0829607 2.40273e-05 242.46 28.243 0.079799
242.382 28.2479 0.0766708 0.000181315 242.46 28.243 0.079799
242.329 28.2236 0.0762544 0.00015266 242.46 28.243 0.079799
242.29 27.8939 0.0817107 5.27803e-06 242.46 28.243 0.079799
242.428 28.3303 0.0736961 6.30955e-05 242.46 28.243 0.079799
242.361 28.1853 0.0787134 0.000200454 242.46 28.243 0.079799
242.433 28.0739 0.0743989 6.06905e-05 242.46 28.243 0.079799
242.451 28.3838 0.072703 2.28837e-05 242.46 28.243 0.079799
242.29 28.0733 0.0787218 0.000102711 242.46 28.243 0.079799
242.366 28.2382 0.0806139 6.31997e-05 242.46 28.243 0.079799
242.382 28.2479 0.0766708 0.000181315 242.46 28.243 0.079799
242.382 28.2479 0.0766708 0.000181315 242.46 28.243 0.079799
242.29 28.0733 0.0787218 0.000102711 242.46 28.243 0.079799
242.29 28.0733 0.0787218 0.000102711 242.46 28.243 0.079799
242.366 28.2382 0.0806139 6.31997e-05 242.46 28.243 0.079799
242.382 28.2479 0.0766708 0.000181315 242.46 28.243 0.079799
242.383 28.3927 0.0743808 2.15122e-05 242.46 28.243 0.079799
242.451 28.3838 0.072703 2.28837e-05 242.46 28.243 0.079799
242.423 28.1275 0.0737685 8.46515e-05 242.46 28.243 0.079799
242.361 28.1853 0.0787134 0.000200454 242.46 28.243 0.079799
242.597 28.3186 0.0719807 1.47718e-05 242.46 28.243 0.079799
242.391 28.1637 0.0728959 6.08365e-05 242.46 28.243 0.079799
242.428 28.3303 0.0736961 6.30955e-05 242.46 28.243 0.079799
242.382 28.2479 0.0766708 0.000181315 242.46 28.243 0.079799
242.29 28.0733 0.0787218 0.000102711 242.46 28.243 0.079799
242.423 28.1275 0.0737685 8.46515e-05 242.46 28.243 0.079799
242.389 28.193 0.0810578 7.36721e-05 242.46 28.243 0.079799
242.428 28.3303 0.0736961 6.30955e-05 242.46 28.243 0.079799
242.389 28.193 0.0810578 7.36721e-05 242.46 28.243 0.079799
242.391 28.1637 0.0728959 6.08365e-05 242.46 28.243 0.079799
242.29 28.0733 0.0787218 0.000102711 242.46 28.243 0.079799
242.329 28.2236 0.0762544 0.00015266 242.46 28.243 0.079799
242.428 28.3303 0.0736961 6.30955e-05 242.46 28.243 0.079799
242.361 28.1853 0.0787134 0.000200454 242.46 28.243 0.079799
242.382 28.2479 0.0766708 0.000181315 242.46 28.243 0.079799
242.391 28.1637 0.0728959 6.08365e-05 242.46 28.243 0.079799
242.329 28.2236 0.0762544 0.00015266 242.46 28.243 0.079799
242.423 28.1275 0.0737685 8.46515e-05 242.46 28.243 0.079799
242.361 28.1853 0.0787134 0.000200454 242.46 28.243 0.079799
242.361 28.1853 0.0787134 0.000200454 242.46 28.243 0.079799
242.329 28.2236 0.0762544 0.00015266 242.46 28.243 0.079799
242.329 28.2236 0.0762544 0.00015266 242.46 28.243 0.079799
242.361 28.1853 0.0787134 0.000200454 242.46 28.243 0.079799
242.382 28.2479 0.0766708 0.000181315 242.46 28.243 0.079799
242.329 28.2236 0.0762544 0.00015266 242.46 28.243 0.079799
242.361 28.1853 0.0787134 0.000200454 242.46 28.243 0.079799
242.329 28.2236 0.0762544 0.00015266 242.46 28.243 0.079799
242.329 28.2236 0.0762544 0.00015266 242.46 28.243 0.079799
242.382 28.2479 0.0766708 0.000181315 242.46 28.243 0.079799
242.279 27.8889 0.0812417 4.44806e-06 242.46 28.243 0.079799
242.451 28.3838 0.072703 2.28837e-05 242.46 28.243 0.079799
242.382 28.2479 0.0766708 0.000181315 242.46 28.243 0.079799
242.382 28.2479 0.0766708 0.000181315 242.46 28.243 0.079799
242.597 28.3186 0.0719807 1.47718e-05 242.46 28.243 0.079799
242.433 28.0739 0.0743989 6.06905e-05 242.46 28.243 0.079799
242.382 28.2479 0.0766708 0.000181315 242.46 28.243 0.079799
242.366 28.2382 0.0806139 6.31997e-05 242.46 28.243 0.079799
242.289 28.372 0.0724895 5.6422e-06 242.46 28.243 0.079799
242.361 28.1853 0.0787134 0.000200454 242.46 28.243 0.079799
242.418 27.9332 0.0840754 3.15902e-06 242.46 28.243 0.079799
242.382 28.2479 0.0766708 0.000181315 242.46 28.243 0.079799
242.423 28.1275 0.0737685 8.46515e-05 242.46 28.243 0.079799
242.361 28.1853 0.0787134 0.000200454 242.46 28.243 0.079799
242.382 28.2479 0.0766708 0.000181315 242.46 28.243 0.079799
242.451 28.3838 0.072703 2.28837e-05 242.46 28.243 0.079799
242.382 28.2479 0.0766708 0.000181315 242.46 28.243 0.079799
242.29 28.0733 0.0787218 0.000102711 242.46 28.243 0.079799
242.423 28.1275 0.0737685 8.46515e-05 242.46 28.243 0.079799
242.366 28.2382 0.0806139 6.31997e-05 242.46 28.243 0.079799
242.329 28.2236 0.0762544 0.00015266 242.46 28.243 0.079799
242.29 28.0733 0.0787218 0.000102711 242.46 28.243 0.079799
242.451 28.3838 0.072703 2.28837e-05 242.46 28.243 0.079799
242.597 28.3186 0.0719807 1.47718e-05 242.46 28.243 0.079799
242.382 28.2479 0.0766708 0.000181315 242.46 28.243 0.079799
242.433 28.0739 0.0743989 6.06905e-05 242.46 28.243 0.079799
242.329 28.2236 0.0762544 0.00015266 242.46 28.243 0.079799
242.361 28.1853 0.0787134 0.000200454 242.46 28.243 0.079799
242.254 28.1987 0.0808647 4.96988e-05 242.46 28.243 0.079799
242.284 28.1299 0.0845665 1.02797e-05 242.46 28.243 0.079799
242.361 28.1853 0.0787134 0.000200454 242.46 28.243 0.079799
242.329 28.2236 0.0762544 0.00015266 242.46 28.243 0.079799
242.361 28.1853 0.0787134 0.000200454 242.46 28.243 0.079799
242.254 28.1987 0.0808647 4.96988e-05 242.46 28.243 0.079799
242.166 28.2218 0.084347 1.46712e-06 242.46 28.243 0.079799
242.389 28.193 0.0810578 7.36721e-05 242.46 28.243 0.079799
242.29 28.0733 0.0787218 0.000102711 242.46 28.243 0.079799
242.361 28.1853 0.0787134 0.000200454 242.46 28.243 0.079799
242.361 28.1853 0.0787134 0.000200454 242.46 28.243 0.079799
242.433 28.0739 0.0743989 6.06905e-05 242.46 28.243 0.079799
242.382 28.2479 0.0766708 0.000181315 242.46 28.243 0.079799
242.29 28.0733 0.0787218 0.000102711 242.46 28.243 0.079799
242.329 28.2236 0.0762544 0.00015266 242.46 28.243 0.079799
242.254 28.1987 0.0808647 4.96988e-05 242.46 28.243 0.079799
242.433 28.0739 0.0743989 6.06905e-05 242.46 28.243 0.079799
242.423 28.1275 0.0737685 8.46515e-05 242.46 28.243 0.079799
242.428 28.3303 0.0736961 6.30955e-05 242.46 28.243 0.079799
242.428 28.3303 0.0736961 6.30955e-05 242.46 28.243 0.079799
242.28 27.9853 0.0766172 1.32684e-05 242.46 28.243 0.079799
242.382 28.2479 0.0766708 0.000181315 242.46 28.243 0.079799
242.451 28.3838 0.072703 2.28837e-05 242.46 28.243 0.079799
242.389 28.193 0.0810578 7.36721e-05 242.46 28.243 0.079799
242.423 28.1275 0.0737685 8.46515e-05 242.46 28.243 0.079799
242.28 27.9853 0.0766172 1.32684e-05 242.46 28.243 0.079799
242.361 28.1853 0.0787134 0.000200454 242.46 28.243 0.079799
242.389 28.193 0.0810578 7.36721e-05 242.46 28.243 0.079799
242.423 28.1275 0.0737685 8.46515e-05 242.46 28.243 0.079799
242.366 28.2382 0.0806139 6.31997e-05 242.46 28.243 0.079799
242.361 28.1853 0.0787134 0.000200454 242.46 28.243 0.079799
242.361 28.1853 0.0787134 0.000200454 242.46 28.243 0.079799
242.237 28.0554 0.0829607 2.40273e-05 242.46 28.243 0.079799
242.361 28.1853 0.0787134 0.000200454 242.46 28.243 0.079799
242.29 28.0733 0.0787218 0.000102711 242.46 28.243 0.079799
242.389 28.193 0.0810578 7.36721e-05 242.46 28.243 0.079799
242.29 28.0733 0.0787218 0.000102711 242.46 28.243 0.079799
242.329 28.2236 0.0762544 0.00015266 242.46 28.243 0.079799
242.329 28.2236 0.0762544 0.00015266 242.46 28.243 0.079799
242.382 28.2479 0.0766708 0.000181315 242.46 28.243 0.079799
242.361 28.1853 0.0787134 0.000200454 242.46 28.243 0.079799
242.374 28.0703 0.0735071 2.69274e-05 242.46 28.243 0.079799
242.361 28.1853 0.0787134 0.000200454 242.46 28.243 0.079799
242.364 28.4349 0.0734264 6.40212e-06 242.46 28.243 0.079799
242.361 28.1853 0.0787134 0.000200454 242.46 28.243 0.079799
242.433 28.0739 0.0743989 6.06905e-05 242.46 28.243 0.079799
242.382 28.2479 0.0766708 0.000181315 242.46 28.243 0.079799
242.716 28.0892 0.0772894 5.83236e-07 242.46 28.243 0.079799
242.382 28.2479 0.0766708 0.000181315 242.46 28.243 0.079799
242.254 28.1987 0.0808647 4.96988e-05 242.46 28.243 0.079799
242.549 28.2601 0.0794592 1.38281e-05 242.46 28.243 0.079799
242.249 28.2693 0.0790436 3.69954e-05 242.46 28.243 0.079799
242.597 28.3186 0.0719807 1.47718e-05 242.46 28.243 0.079799
242.423 28.1275 0.0737685 8.46515e-05 242.46 28.243 0.079799
242.361 28.1853 0.0787134 0.000200454 242.46 28.243 0.079799
242.423 28.1275 0.0737685 8.46515e-05 242.46 28.243 0.079799
242.382 28.2479 0.0766708 0.000181315 242.46 28.243 0.079799
242.329 28.2236 0.0762544 0.00015266 242.46 28.243 0.079799
242.361 28.1853 0.0787134 0.000200454 242.46 28.243 0.079799
242.382 28.2479 0.0766708 0.000181315 242.46 28.243 0.079799
242.329 28.2236 0.0762544 0.00015266 242.46 28.243 0.079799
242.549 28.2601 0.0794592 1.38281e-05 242.46 28.243 0.079799
242.361 28.1853 0.0787134 0.000200454 242.46 28.243 0.079799
242.366 28.2382 0.0806139 6.31997e-05 242.46 28.243 0.079799
242.382 28.2479 0.0766708 0.000181315 242.46 28.243 0.079799
242.391 28.1637 0.0728959 6.08365e-05 242.46 28.243 0.079799
242.237 28.0554 0.0829607 2.40273e-05 242.46 28.243 0.079799
242.329 28.2236 0.0762544 0.00015266 242.46 28.243 0.079799
242.366 28.2382 0.0806139 6.31997e-05 242.46 28.243 0.079799
242.391 28.1637 0.0728959 6.08365e-05 242.46 28.243 0.079799
242.329 28.2236 0.0762544 0.00015266 242.46 28.243 0.079799
242.329 28.2236 0.0762544 0.00015266 242.46 28.243 0.079799
