60.2684 13.5723 0.13418 0.235083 60.399 13.689 0.13023
60.1935 13.6617 0.140089 0.332188 60.399 13.689 0.13023
60.1935 13.6617 0.140089 0.332188 60.399 13.689 0.13023
60.2088 13.7 0.131833 0.0940617 60.399 13.689 0.13023
60.2684 13.5723 0.13418 0.235083 60.399 13.689 0.13023
60.1935 13.6617 0.140089 0.332188 60.399 13.689 0.13023
60.2349 13.4334 0.136107 0.10593 60.399 13.689 0.13023
60.1935 13.6617 0.140089 0.332188 60.399 13.689 0.13023
60.2684 13.5723 0.13418 0.235083 60.399 13.689 0.13023
60.211 13.7659 0.142555 0.0905894 60.399 13.689 0.13023
60.2684 13.5723 0.13418 0.235083 60.399 13.689 0.13023
60.2088 13.7 0.131833 0.0940617 60.399 13.689 0.13023
60.2999 13.7186 0.128177 0.00961279 60.399 13.689 0.13023
60.1935 13.6617 0.140089 0.332188 60.399 13.689 0.13023
60.2543 13.6713 0.132008 0.119823 60.399 13.689 0.13023
60.2543 13.6713 0.132008 0.119823 60.399 13.689 0.13023
60.4366 13.6997 0.130542 0.017192 60.399 13.689 0.13023
60.1935 13.6617 0.140089 0.332188 60.399 13.689 0.13023
60.3998 13.4979 0.139441 0.0248421 60.399 13.689 0.13023
60.2349 13.4334 0.136107 0.10593 60.399 13.689 0.13023
60.2088 13.7 0.131833 0.0940617 60.399 13.689 0.13023
60.2543 13.6713 0.132008 0.119823 60.399 13.689 0.13023
60.337 13.6253 0.140155 0.0988963 60.399 13.689 0.13023
60.0325 13.7548 0.133719 0.0433172 60.399 13.689 0.13023
60.3998 13.4979 0.139441 0.0248421 60.399 13.689 0.13023
60.2708 13.5372 0.132219 0.115951 60.399 13.689 0.13023
60.1935 13.6617 0.140089 0.332188 60.399 13.689 0.13023
60.211 13.7659 0.142555 0.0905894 60.399 13.689 0.13023
60.0325 13.7548 0.133719 0.0433172 60.399 13.689 0.13023
60.1677 13.6103 0.130373 0.0466814 60.399 13.689 0.13023
60.2088 13.7 0.131833 0.0940617 60.399 13.689 0.13023
60.2543 13.6713 0.132008 0.119823 60.399 13.689 0.13023
60.337 13.6253 0.140155 0.0988963 60.399 13.689 0.13023
60.2249 13.6359 0.144512 0.0433793 60.399 13.689 0.13023
60.1826 13.3841 0.136287 0.055453 60.399 13.689 0.13023
60.2708 13.5372 0.132219 0.115951 60.399 13.689 0.13023
60.1935 13.6617 0.140089 0.332188 60.399 13.689 0.13023
60.1935 13.6617 0.140089 0.332188 60.399 13.689 0.13023
60.1065 13.8049 0.144731 0.0370559 60.399 13.689 0.13023
60.2684 13.5723 0.13418 0.235083 60.399 13.689 0.13023
60.1935 13.6617 0.140089 0.332188 60.399 13.689 0.13023
60.2684 13.5723 0.13418 0.235083 60.399 13.689 0.13023
60.2402 13.5365 0.131332 0.0828169 60.399 13.689 0.13023
60.1935 13.6617 0.140089 0.332188 60.399 13.689 0.13023
60.337 13.6253 0.140155 0.0988963 60.399 13.689 0.13023
60.2543 13.6713 0.132008 0.119823 60.399 13.689 0.13023
60.2708 13.5372 0.132219 0.115951 60.399 13.689 0.13023
60.4942 13.8233 0.133702 0.00495284 60.399 13.689 0.13023
60.3514 13.5451 0.129338 0.0242561 60.399 13.689 0.13023
60.2088 13.7 0.131833 0.0940617 60.399 13.689 0.13023
60.1935 13.6617 0.140089 0.332188 60.399 13.689 0.13023
60.2349 13.4334 0.136107 0.10593 60.399 13.689 0.13023
60.2543 13.6713 0.132008 0.119823 60.399 13.689 0.13023
60.2684 13.5723 0.13418 0.235083 60.399 13.689 0.13023
60.2088 13.7 0.131833 0.0940617 60.399 13.689 0.13023
60.2088 13.7 0.131833 0.0940617 60.399 13.689 0.13023
60.2684 13.5723 0.13418 0.235083 60.399 13.689 0.13023
60.1935 13.6617 0.140089 0.332188 60.399 13.689 0.13023
60.1935 13.6617 0.140089 0.332188 60.399 13.689 0.13023
60.211 13.7659 0.142555 0.0905894 60.399 13.689 0.13023
60.2088 13.7 0.131833 0.0940617 60.399 13.689 0.13023
60.1826 13.3841 0.136287 0.055453 60.399 13.689 0.13023
60.2543 13.6713 0.132008 0.119823 60.399 13.689 0.13023
60.2684 13.5723 0.13418 0.235083 60.399 13.689 0.13023
60.1935 13.6617 0.140089 0.332188 60.399 13.689 0.13023
60.2349 13.4334 0.136107 0.10593 60.399 13.689 0.13023
59.9838 13.5199 0.132569 0.0159783 60.399 13.689 0.13023
60.129 13.3995 0.134998 0.0522907 60.399 13.689 0.13023
59.9197 13.5791 0.136822 0.0411391 60.399 13.689 0.13023
60.2684 13.5723 0.13418 0.235083 60.399 13.689 0.13023
60.1677 13.6103 0.130373 0.0466814 60.399 13.689 0.13023
60.1935 13.6617 0.140089 0.332188 60.399 13.689 0.13023
60.211 13.7659 0.142555 0.0905894 60.399 13.689 0.13023
60.2708 13.5372 0.132219 0.115951 60.399 13.689 0.13023
60.2088 13.7 0.131833 0.0940617 60.399 13.689 0.13023
60.2088 13.7 0.131833 0.0940617 60.399 13.689 0.13023
60.2684 13.5723 0.13418 0.235083 60.399 13.689 0.13023
60.2684 13.5723 0.13418 0.235083 60.399 13.689 0.13023
60.1935 13.6617 0.140089 0.332188 60.399 13.689 0.13023
60.2543 13.6713 0.132008 0.119823 60.399 13.689 0.13023
60.1935 13.6617 0.140089 0.332188 60.399 13.689 0.13023
60.0325 13.7548 0.133719 0.0433172 60.399 13.689 0.13023
60.0029 13.4825 0.146836 0.00593696 60.399 13.689 0.13023
60.2684 13.5723 0.13418 0.235083 60.399 13.689 0.13023
60.1935 13.6617 0.140089 0.332188 60.399 13.689 0.13023
60.2402 13.5365 0.131332 0.0828169 60.399 13.689 0.13023
60.2684 13.5723 0.13418 0.235083 60.399 13.689 0.13023
60.3998 13.4979 0.139441 0.0248421 60.399 13.689 0.13023
60.2708 13.5372 0.132219 0.115951 60.399 13.689 0.13023
60.337 13.6253 0.140155 0.0988963 60.399 13.689 0.13023
60.2684 13.5723 0.13418 0.235083 60.399 13.689 0.13023
60.1935 13.6617 0.140089 0.332188 60.399 13.689 0.13023
60.2088 13.7 0.131833 0.0940617 60.399 13.689 0.13023
60.1677 13.6103 0.130373 0.0466814 60.399 13.689 0.13023
60.1677 13.6103 0.130373 0.0466814 60.399 13.689 0.13023
60.3514 13.5451 0.129338 0.0242561 60.399 13.689 0.13023
60.2088 13.7 0.131833 0.0940617 60.399 13.689 0.13023
60.2402 13.5365 0.131332 0.0828169 60.399 13.689 0.13023
59.9197 13.5791 0.136822 0.0411391 60.399 13.689 0.13023
60.1935 13.6617 0.140089 0.332188 60.399 13.689 0.13023
60.2999 13.7186 0.128177 0.00961279 60.399 13.689 0.13023
60.2088 13.7 0.131833 0.0940617 60.399 13.689 0.13023
60.2088 13.7 0.131833 0.0940617 60.399 13.689 0.13023
60.2088 13.7 0.131833 0.0940617 60.399 13.689 0.13023
60.3514 13.5451 0.129338 0.0242561 60.399 13.689 0.13023
60.0576 14.0052 0.134915 0.00133331 60.399 13.689 0.13023
60.024 13.8971 0.1396 0.0277161 60.399 13.689 0.13023
59.9197 13.5791 0.136822 0.0411391 60.399 13.689 0.13023
60.1935 13.6617 0.140089 0.332188 60.399 13.689 0.13023
60.129 13.3995 0.134998 0.0522907 60.399 13.689 0.13023
60.0325 13.7548 0.133719 0.0433172 60.399 13.689 0.13023
60.2543 13.6713 0.132008 0.119823 60.399 13.689 0.13023
60.3476 13.8908 0.142028 0.00586702 60.399 13.689 0.13023
60.1935 13.6617 0.140089 0.332188 60.399 13.689 0.13023
60.0029 13.4825 0.146836 0.00593696 60.399 13.689 0.13023
60.1935 13.6617 0.140089 0.332188 60.399 13.689 0.13023
60.2349 13.4334 0.136107 0.10593 60.399 13.689 0.13023
60.1935 13.6617 0.140089 0.332188 60.399 13.689 0.13023
60.1935 13.6617 0.140089 0.332188 60.399 13.689 0.13023
60.2684 13.5723 0.13418 0.235083 60.399 13.689 0.13023
60.2249 13.6359 0.144512 0.0433793 60.399 13.689 0.13023
60.2684 13.5723 0.13418 0.235083 60.399 13.689 0.13023
60.3476 13.8908 0.142028 0.00586702 60.399 13.689 0.13023
60.337 13.6253 0.140155 0.0988963 60.399 13.689 0.13023
60.1826 13.3841 0.136287 0.055453 60.399 13.689 0.13023
60.2349 13.4334 0.136107 0.10593 60.399 13.689 0.13023
60.1065 13.8049 0.144731 0.0370559 60.399 13.689 0.13023
60.2543 13.6713 0.132008 0.119823 60.399 13.689 0.13023
60.0325 13.7548 0.133719 0.0433172 60.399 13.689 0.13023
60.3407 13.7184 0.128864 0.013779 60.399 13.689 0.13023
60.2349 13.4334 0.136107 0.10593 60.399 13.689 0.13023
60.2349 13.4334 0.136107 0.10593 60.399 13.689 0.13023
60.1677 13.6103 0.130373 0.0466814 60.399 13.689 0.13023
60.1677 13.6103 0.130373 0.0466814 60.399 13.689 0.13023
60.2543 13.6713 0.132008 0.119823 60.399 13.689 0.13023
60.211 13.7659 0.142555 0.0905894 60.399 13.689 0.13023
60.2684 13.5723 0.13418 0.235083 60.399 13.689 0.13023
60.1065 13.8049 0.144731 0.0370559 60.399 13.689 0.13023
60.2543 13.6713 0.132008 0.119823 60.399 13.689 0.13023
60.1935 13.6617 0.140089 0.332188 60.399 13.689 0.13023
60.1935 13.6617 0.140089 0.332188 60.399 13.689 0.13023
60.2349 13.4334 0.136107 0.10593 60.399 13.689 0.13023
60.2684 13.5723 0.13418 0.235083 60.399 13.689 0.13023
60.337 13.6253 0.140155 0.0988963 60.399 13.689 0.13023
60.211 13.7659 0.142555 0.0905894 60.399 13.689 0.13023
60.2684 13.5723 0.13418 0.235083 60.399 13.689 0.13023
60.1826 13.3841 0.136287 0.055453 60.399 13.689 0.13023
60.1935 13.6617 0.140089 0.332188 60.399 13.689 0.13023
60.337 13.6253 0.140155 0.0988963 60.399 13.689 0.13023
60.2402 13.5365 0.131332 0.0828169 60.399 13.689 0.13023
60.2091 13.8902 0.13205 0.0104659 60.399 13.689 0.13023
60.2091 13.8902 0.13205 0.0104659 60.399 13.689 0.13023
60.2088 13.7 0.131833 0.0940617 60.399 13.689 0.13023
60.211 13.7659 0.142555 0.0905894 60.399 13.689 0.13023
60.2684 13.5723 0.13418 0.235083 60.399 13.689 0.13023
60.2708 13.5372 0.132219 0.115951 60.399 13.689 0.13023
60.2349 13.4334 0.136107 0.10593 60.399 13.689 0.13023
60.2349 13.4334 0.136107 0.10593 60.399 13.689 0.13023
60.287 13.8296 0.142116 0.029608 60.399 13.689 0.13023
60.0325 13.7548 0.133719 0.0433172 60.399 13.689 0.13023
60.3407 13.7184 0.128864 0.013779 60.399 13.689 0.13023
60.1677 13.6103 0.130373 0.0466814 60.399 13.689 0.13023
60.0325 13.7548 0.133719 0.0433172 60.399 13.689 0.13023
60.1065 13.8049 0.144731 0.0370559 60.399 13.689 0.13023
60.211 13.7659 0.142555 0.0905894 60.399 13.689 0.13023
60.2684 13.5723 0.13418 0.235083 60.399 13.689 0.13023
60.2684 13.5723 0.13418 0.235083 60.399 13.689 0.13023
60.2708 13.5372 0.132219 0.115951 60.399 13.689 0.13023
60.129 13.3995 0.134998 0.0522907 60.399 13.689 0.13023
60.1677 13.6103 0.130373 0.0466814 60.399 13.689 0.13023
60.1935 13.6617 0.140089 0.332188 60.399 13.689 0.13023
60.1935 13.6617 0.140089 0.332188 60.399 13.689 0.13023
60.2349 13.4334 0.136107 0.10593 60.399 13.689 0.13023
60.211 13.7659 0.142555 0.0905894 60.399 13.689 0.13023
60.1065 13.8049 0.144731 0.0370559 60.399 13.689 0.13023
60.2349 13.4334 0.136107 0.10593 60.399 13.689 0.13023
60.2088 13.7 0.131833 0.0940617 60.399 13.689 0.13023
60.1826 13.3841 0.136287 0.055453 60.399 13.689 0.13023
60.2349 13.4334 0.136107 0.10593 60.399 13.689 0.13023
60.1935 13.6617 0.140089 0.332188 60.399 13.689 0.13023
60.211 13.7659 0.142555 0.0905894 60.399 13.689 0.13023
60.1935 13.6617 0.140089 0.332188 60.399 13.689 0.13023
60.2684 13.5723 0.13418 0.235083 60.399 13.689 0.13023
60.1935 13.6617 0.140089 0.332188 60.399 13.689 0.13023
60.1935 13.6617 0.140089 0.332188 60.399 13.689 0.13023
60.1935 13.6617 0.140089 0.332188 60.399 13.689 0.13023
60.2249 13.6359 0.144512 0.0433793 60.399 13.689 0.13023
60.2543 13.6713 0.132008 0.119823 60.399 13.689 0.13023
60.2543 13.6713 0.132008 0.119823 60.399 13.689 0.13023
60.024 13.8971 0.1396 0.0277161 60.399 13.689 0.13023
60.2249 13.6359 0.144512 0.0433793 60.399 13.689 0.13023
60.1935 13.6617 0.140089 0.332188 60.399 13.689 0.13023
60.2684 13.5723 0.13418 0.235083 60.399 13.689 0.13023
60.2088 13.7 0.131833 0.0940617 60.399 13.689 0.13023
60.1935 13.6617 0.140089 0.332188 60.399 13.689 0.13023
59.9206 13.5664 0.131709 0.00350724 60.399 13.689 0.13023
60.3998 13.4979 0.139441 0.0248421 60.399 13.689 0.13023
60.337 13.6253 0.140155 0.0988963 60.399 13.689 0.13023
60.1935 13.6617 0.140089 0.332188 60.399 13.689 0.13023
60.1935 13.6617 0.140089 0.332188 60.399 13.689 0.13023
