-7.1358 1.27578 0.39524 1.17095 -7.0284 1.2825 0.39758
-7.1358 1.27578 0.39524 1.17095 -7.0284 1.2825 0.39758
-7.12718 1.18684 0.398049 0.930647 -7.0284 1.2825 0.39758
-7.32513 1.11588 0.40034 0.961242 -7.0284 1.2825 0.39758
-7.14036 1.31661 0.396325 1.06948 -7.0284 1.2825 0.39758
-7.12164 1.21466 0.396016 1.03471 -7.0284 1.2825 0.39758
-7.0722 1.31794 0.392644 0.345754 -7.0284 1.2825 0.39758
-7.12164 1.21466 0.396016 1.03471 -7.0284 1.2825 0.39758
-7.14036 1.31661 0.396325 1.06948 -7.0284 1.2825 0.39758
-7.20806 1.25296 0.402186 0.694422 -7.0284 1.2825 0.39758
-7.14036 1.31661 0.396325 1.06948 -7.0284 1.2825 0.39758
-7.28945 1.16878 0.39401 0.521803 -7.0284 1.2825 0.39758
-7.0722 1.31794 0.392644 0.345754 -7.0284 1.2825 0.39758
-7.32513 1.11588 0.40034 0.961242 -7.0284 1.2825 0.39758
-7.1358 1.27578 0.39524 1.17095 -7.0284 1.2825 0.39758
-7.20195 1.15192 0.395433 0.998797 -7.0284 1.2825 0.39758
-7.1358 1.27578 0.39524 1.17095 -7.0284 1.2825 0.39758
-7.2469 1.09942 0.39775 0.85383 -7.0284 1.2825 0.39758
-7.1358 1.27578 0.39524 1.17095 -7.0284 1.2825 0.39758
-7.20806 1.25296 0.402186 0.694422 -7.0284 1.2825 0.39758
-7.45032 1.2038 0.395368 0.104522 -7.0284 1.2825 0.39758
-7.60595 1.01646 0.400525 0.00113324 -7.0284 1.2825 0.39758
-7.18298 1.19837 0.392195 0.437443 -7.0284 1.2825 0.39758
-7.12413 1.17413 0.393513 0.495796 -7.0284 1.2825 0.39758
-7.12164 1.21466 0.396016 1.03471 -7.0284 1.2825 0.39758
-7.20806 1.25296 0.402186 0.694422 -7.0284 1.2825 0.39758
-7.2469 1.09942 0.39775 0.85383 -7.0284 1.2825 0.39758
-7.2374 1.31807 0.389014 0.0632302 -7.0284 1.2825 0.39758
-7.12164 1.21466 0.396016 1.03471 -7.0284 1.2825 0.39758
-7.12413 1.17413 0.393513 0.495796 -7.0284 1.2825 0.39758
-7.12718 1.18684 0.398049 0.930647 -7.0284 1.2825 0.39758
-7.08032 1.16126 0.395681 0.428089 -7.0284 1.2825 0.39758
-7.12164 1.21466 0.396016 1.03471 -7.0284 1.2825 0.39758
-7.15397 1.35313 0.400232 0.370922 -7.0284 1.2825 0.39758
-7.08032 1.16126 0.395681 0.428089 -7.0284 1.2825 0.39758
-7.12718 1.18684 0.398049 0.930647 -7.0284 1.2825 0.39758
-7.0722 1.31794 0.392644 0.345754 -7.0284 1.2825 0.39758
-7.12164 1.21466 0.396016 1.03471 -7.0284 1.2825 0.39758
-7.12425 1.37857 0.396455 0.490185 -7.0284 1.2825 0.39758
-7.28945 1.16878 0.39401 0.521803 -7.0284 1.2825 0.39758
-7.20195 1.15192 0.395433 0.998797 -7.0284 1.2825 0.39758
-7.0722 1.31794 0.392644 0.345754 -7.0284 1.2825 0.39758
-7.12164 1.21466 0.396016 1.03471 -7.0284 1.2825 0.39758
-7.08032 1.16126 0.395681 0.428089 -7.0284 1.2825 0.39758
-7.12164 1.21466 0.396016 1.03471 -7.0284 1.2825 0.39758
-7.28945 1.16878 0.39401 0.521803 -7.0284 1.2825 0.39758
-7.20806 1.25296 0.402186 0.694422 -7.0284 1.2825 0.39758
-7.00141 1.36816 0.393767 0.0924709 -7.0284 1.2825 0.39758
-7.14036 1.31661 0.396325 1.06948 -7.0284 1.2825 0.39758
-7.12164 1.21466 0.396016 1.03471 -7.0284 1.2825 0.39758
-7.38895 1.28121 0.398441 0.824814 -7.0284 1.2825 0.39758
-7.1358 1.27578 0.39524 1.17095 -7.0284 1.2825 0.39758
-7.38895 1.28121 0.398441 0.824814 -7.0284 1.2825 0.39758
-7.1358 1.27578 0.39524 1.17095 -7.0284 1.2825 0.39758
-7.00141 1.36816 0.393767 0.0924709 -7.0284 1.2825 0.39758
-7.20806 1.25296 0.402186 0.694422 -7.0284 1.2825 0.39758
-7.12164 1.21466 0.396016 1.03471 -7.0284 1.2825 0.39758
-7.12718 1.18684 0.398049 0.930647 -7.0284 1.2825 0.39758
-7.23528 1.3799 0.390892 0.164858 -7.0284 1.2825 0.39758
-7.38895 1.28121 0.398441 0.824814 -7.0284 1.2825 0.39758
-7.12164 1.21466 0.396016 1.03471 -7.0284 1.2825 0.39758
-7.18298 1.19837 0.392195 0.437443 -7.0284 1.2825 0.39758
-7.20195 1.15192 0.395433 0.998797 -7.0284 1.2825 0.39758
-7.20195 1.15192 0.395433 0.998797 -7.0284 1.2825 0.39758
-7.18298 1.19837 0.392195 0.437443 -7.0284 1.2825 0.39758
-7.28945 1.16878 0.39401 0.521803 -7.0284 1.2825 0.39758
-7.12164 1.21466 0.396016 1.03471 -7.0284 1.2825 0.39758
-7.12718 1.18684 0.398049 0.930647 -7.0284 1.2825 0.39758
-7.12718 1.18684 0.398049 0.930647 -7.0284 1.2825 0.39758
-7.1358 1.27578 0.39524 1.17095 -7.0284 1.2825 0.39758
-7.14036 1.31661 0.396325 1.06948 -7.0284 1.2825 0.39758
-7.12425 1.37857 0.396455 0.490185 -7.0284 1.2825 0.39758
-7.20806 1.25296 0.402186 0.694422 -7.0284 1.2825 0.39758
-7.20806 1.25296 0.402186 0.694422 -7.0284 1.2825 0.39758
-7.20195 1.15192 0.395433 0.998797 -7.0284 1.2825 0.39758
-7.12164 1.21466 0.396016 1.03471 -7.0284 1.2825 0.39758
-7.12718 1.18684 0.398049 0.930647 -7.0284 1.2825 0.39758
-7.08032 1.16126 0.395681 0.428089 -7.0284 1.2825 0.39758
-7.18298 1.19837 0.392195 0.437443 -7.0284 1.2825 0.39758
-7.1358 1.27578 0.39524 1.17095 -7.0284 1.2825 0.39758
-7.32513 1.11588 0.40034 0.961242 -7.0284 1.2825 0.39758
-7.14036 1.31661 0.396325 1.06948 -7.0284 1.2825 0.39758
-7.1358 1.27578 0.39524 1.17095 -7.0284 1.2825 0.39758
-7.12718 1.18684 0.398049 0.930647 -7.0284 1.2825 0.39758
-7.38895 1.28121 0.398441 0.824814 -7.0284 1.2825 0.39758
-7.1358 1.27578 0.39524 1.17095 -7.0284 1.2825 0.39758
-7.08032 1.16126 0.395681 0.428089 -7.0284 1.2825 0.39758
-7.18298 1.19837 0.392195 0.437443 -7.0284 1.2825 0.39758
-7.38895 1.28121 0.398441 0.824814 -7.0284 1.2825 0.39758
-7.14036 1.31661 0.396325 1.06948 -7.0284 1.2825 0.39758
-7.38895 1.28121 0.398441 0.824814 -7.0284 1.2825 0.39758
-7.32513 1.11588 0.40034 0.961242 -7.0284 1.2825 0.39758
-7.14036 1.31661 0.396325 1.06948 -7.0284 1.2825 0.39758
-7.19655 1.22067 0.390155 0.146709 -7.0284 1.2825 0.39758
-7.38895 1.28121 0.398441 0.824814 -7.0284 1.2825 0.39758
-7.12164 1.21466 0.396016 1.03471 -7.0284 1.2825 0.39758
-7.12718 1.18684 0.398049 0.930647 -7.0284 1.2825 0.39758
-7.14036 1.31661 0.396325 1.06948 -7.0284 1.2825 0.39758
-7.38895 1.28121 0.398441 0.824814 -7.0284 1.2825 0.39758
-7.14036 1.31661 0.396325 1.06948 -7.0284 1.2825 0.39758
-7.12164 1.21466 0.396016 1.03471 -7.0284 1.2825 0.39758
-7.28945 1.16878 0.39401 0.521803 -7.0284 1.2825 0.39758
-7.2469 1.09942 0.39775 0.85383 -7.0284 1.2825 0.39758
-7.1358 1.27578 0.39524 1.17095 -7.0284 1.2825 0.39758
-7.28945 1.16878 0.39401 0.521803 -7.0284 1.2825 0.39758
-7.28945 1.16878 0.39401 0.521803 -7.0284 1.2825 0.39758
-7.38895 1.28121 0.398441 0.824814 -7.0284 1.2825 0.39758
-7.08032 1.16126 0.395681 0.428089 -7.0284 1.2825 0.39758
-7.20195 1.15192 0.395433 0.998797 -7.0284 1.2825 0.39758
-7.1854 1.46185 0.397327 0.167897 -7.0284 1.2825 0.39758
-7.32513 1.11588 0.40034 0.961242 -7.0284 1.2825 0.39758
-7.2469 1.09942 0.39775 0.85383 -7.0284 1.2825 0.39758
-7.12164 1.21466 0.396016 1.03471 -7.0284 1.2825 0.39758
-7.32513 1.11588 0.40034 0.961242 -7.0284 1.2825 0.39758
-7.23528 1.3799 0.390892 0.164858 -7.0284 1.2825 0.39758
-7.28945 1.16878 0.39401 0.521803 -7.0284 1.2825 0.39758
-7.12718 1.18684 0.398049 0.930647 -7.0284 1.2825 0.39758
-7.20195 1.15192 0.395433 0.998797 -7.0284 1.2825 0.39758
-7.1358 1.27578 0.39524 1.17095 -7.0284 1.2825 0.39758
-7.42704 1.35947 0.397824 0.219255 -7.0284 1.2825 0.39758
-7.1358 1.27578 0.39524 1.17095 -7.0284 1.2825 0.39758
-7.38895 1.28121 0.398441 0.824814 -7.0284 1.2825 0.39758
-7.2469 1.09942 0.39775 0.85383 -7.0284 1.2825 0.39758
-7.12425 1.37857 0.396455 0.490185 -7.0284 1.2825 0.39758
-7.08032 1.16126 0.395681 0.428089 -7.0284 1.2825 0.39758
-7.08032 1.16126 0.395681 0.428089 -7.0284 1.2825 0.39758
-7.12164 1.21466 0.396016 1.03471 -7.0284 1.2825 0.39758
-7.1358 1.27578 0.39524 1.17095 -7.0284 1.2825 0.39758
-7.20195 1.15192 0.395433 0.998797 -7.0284 1.2825 0.39758
-7.1358 1.27578 0.39524 1.17095 -7.0284 1.2825 0.39758
-7.1358 1.27578 0.39524 1.17095 -7.0284 1.2825 0.39758
-7.32513 1.11588 0.40034 0.961242 -7.0284 1.2825 0.39758
-7.1358 1.27578 0.39524 1.17095 -7.0284 1.2825 0.39758
-7.20806 1.25296 0.402186 0.694422 -7.0284 1.2825 0.39758
-7.12718 1.18684 0.398049 0.930647 -7.0284 1.2825 0.39758
-7.2469 1.09942 0.39775 0.85383 -7.0284 1.2825 0.39758
-7.1358 1.27578 0.39524 1.17095 -7.0284 1.2825 0.39758
-7.12425 1.37857 0.396455 0.490185 -7.0284 1.2825 0.39758
-7.12164 1.21466 0.396016 1.03471 -7.0284 1.2825 0.39758
-7.20806 1.25296 0.402186 0.694422 -7.0284 1.2825 0.39758
-7.08032 1.16126 0.395681 0.428089 -7.0284 1.2825 0.39758
-7.18298 1.19837 0.392195 0.437443 -7.0284 1.2825 0.39758
-7.14036 1.31661 0.396325 1.06948 -7.0284 1.2825 0.39758
-7.08032 1.16126 0.395681 0.428089 -7.0284 1.2825 0.39758
-7.08032 1.16126 0.395681 0.428089 -7.0284 1.2825 0.39758
-7.14036 1.31661 0.396325 1.06948 -7.0284 1.2825 0.39758
-7.1358 1.27578 0.39524 1.17095 -7.0284 1.2825 0.39758
-7.14036 1.31661 0.396325 1.06948 -7.0284 1.2825 0.39758
-7.32513 1.11588 0.40034 0.961242 -7.0284 1.2825 0.39758
-7.32513 1.11588 0.40034 0.961242 -7.0284 1.2825 0.39758
-7.19655 1.22067 0.390155 0.146709 -7.0284 1.2825 0.39758
-7.20806 1.25296 0.402186 0.694422 -7.0284 1.2825 0.39758
-7.20195 1.15192 0.395433 0.998797 -7.0284 1.2825 0.39758
-7.12164 1.21466 0.396016 1.03471 -7.0284 1.2825 0.39758
-7.32513 1.11588 0.40034 0.961242 -7.0284 1.2825 0.39758
-7.2374 1.31807 0.389014 0.0632302 -7.0284 1.2825 0.39758
-7.2469 1.09942 0.39775 0.85383 -7.0284 1.2825 0.39758
-7.12425 1.37857 0.396455 0.490185 -7.0284 1.2825 0.39758
-7.20806 1.25296 0.402186 0.694422 -7.0284 1.2825 0.39758
-7.14036 1.31661 0.396325 1.06948 -7.0284 1.2825 0.39758
-7.1358 1.27578 0.39524 1.17095 -7.0284 1.2825 0.39758
-7.12164 1.21466 0.396016 1.03471 -7.0284 1.2825 0.39758
-7.20806 1.25296 0.402186 0.694422 -7.0284 1.2825 0.39758
-7.14036 1.31661 0.396325 1.06948 -7.0284 1.2825 0.39758
-7.28945 1.16878 0.39401 0.521803 -7.0284 1.2825 0.39758
-7.08032 1.16126 0.395681 0.428089 -7.0284 1.2825 0.39758
-7.14036 1.31661 0.396325 1.06948 -7.0284 1.2825 0.39758
-7.20806 1.25296 0.402186 0.694422 -7.0284 1.2825 0.39758
-7.1358 1.27578 0.39524 1.17095 -7.0284 1.2825 0.39758
-7.20195 1.15192 0.395433 0.998797 -7.0284 1.2825 0.39758
-7.14036 1.31661 0.396325 1.06948 -7.0284 1.2825 0.39758
-7.1358 1.27578 0.39524 1.17095 -7.0284 1.2825 0.39758
-7.20195 1.15192 0.395433 0.998797 -7.0284 1.2825 0.39758
-7.38895 1.28121 0.398441 0.824814 -7.0284 1.2825 0.39758
-7.15397 1.35313 0.400232 0.370922 -7.0284 1.2825 0.39758
-7.0722 1.31794 0.392644 0.345754 -7.0284 1.2825 0.39758
-7.12164 1.21466 0.396016 1.03471 -7.0284 1.2825 0.39758
-7.18298 1.19837 0.392195 0.437443 -7.0284 1.2825 0.39758
-7.12413 1.17413 0.393513 0.495796 -7.0284 1.2825 0.39758
-7.20806 1.25296 0.402186 0.694422 -7.0284 1.2825 0.39758
-7.11083 1.416 0.401743 0.0298005 -7.0284 1.2825 0.39758
-7.14036 1.31661 0.396325 1.06948 -7.0284 1.2825 0.39758
-7.14036 1.31661 0.396325 1.06948 -7.0284 1.2825 0.39758
-7.20195 1.15192 0.395433 0.998797 -7.0284 1.2825 0.39758
-7.28945 1.16878 0.39401 0.521803 -7.0284 1.2825 0.39758
-7.1358 1.27578 0.39524 1.17095 -7.0284 1.2825 0.39758
-7.30672 1.42681 0.391764 0.0754936 -7.0284 1.2825 0.39758
-7.12164 1.21466 0.396016 1.03471 -7.0284 1.2825 0.39758
-7.32513 1.11588 0.40034 0.961242 -7.0284 1.2825 0.39758
-7.12413 1.17413 0.393513 0.495796 -7.0284 1.2825 0.39758
-7.56034 1.29893 0.403469 0.0208905 -7.0284 1.2825 0.39758
-7.12718 1.18684 0.398049 0.930647 -7.0284 1.2825 0.39758
-7.38895 1.28121 0.398441 0.824814 -7.0284 1.2825 0.39758
-7.12164 1.21466 0.396016 1.03471 -7.0284 1.2825 0.39758
-7.12425 1.37857 0.396455 0.490185 -7.0284 1.2825 0.39758
-7.20195 1.15192 0.395433 0.998797 -7.0284 1.2825 0.39758
-7.32513 1.11588 0.40034 0.961242 -7.0284 1.2825 0.39758
-7.12164 1.21466 0.396016 1.03471 -7.0284 1.2825 0.39758
-7.12718 1.18684 0.398049 0.930647 -7.0284 1.2825 0.39758
-7.14036 1.31661 0.396325 1.06948 -7.0284 1.2825 0.39758
