155.741 21.6112 0.0793351 0.0765791 155.92 21.648 0.082297
155.883 21.8016 0.0817795 0.0826465 155.92 21.648 0.082297
155.953 21.6147 0.083035 0.0457629 155.92 21.648 0.082297
155.619 21.6116 0.0914652 0.00411086 155.92 21.648 0.082297
155.749 21.5338 0.082212 0.0570543 155.92 21.648 0.082297
155.677 21.4727 0.08678 0.0117507 155.92 21.648 0.082297
155.842 21.4042 0.0823375 0.00659941 155.92 21.648 0.082297
155.953 21.6147 0.083035 0.0457629 155.92 21.648 0.082297
155.749 21.5338 0.082212 0.0570543 155.92 21.648 0.082297
155.787 21.7505 0.081446 0.1436 155.92 21.648 0.082297
155.749 21.5338 0.082212 0.0570543 155.92 21.648 0.082297
155.787 21.7505 0.081446 0.1436 155.92 21.648 0.082297
155.741 21.6112 0.0793351 0.0765791 155.92 21.648 0.082297
155.953 21.6147 0.083035 0.0457629 155.92 21.648 0.082297
155.842 21.4042 0.0823375 0.00659941 155.92 21.648 0.082297
155.741 21.6112 0.0793351 0.0765791 155.92 21.648 0.082297
155.741 21.6112 0.0793351 0.0765791 155.92 21.648 0.082297
155.787 21.7505 0.081446 0.1436 155.92 21.648 0.082297
155.491 21.7852 0.0808958 0.00191158 155.92 21.648 0.082297
155.747 21.5916 0.087562 0.0365045 155.92 21.648 0.082297
155.804 21.8462 0.0796097 0.06787 155.92 21.648 0.082297
155.808 21.4426 0.080815 0.0138011 155.92 21.648 0.082297
155.741 21.6112 0.0793351 0.0765791 155.92 21.648 0.082297
155.997 21.7745 0.0708786 0.00500831 155.92 21.648 0.082297
155.574 21.8229 0.0784087 0.00435136 155.92 21.648 0.082297
155.787 21.7505 0.081446 0.1436 155.92 21.648 0.082297
155.953 21.6147 0.083035 0.0457629 155.92 21.648 0.082297
155.595 21.6226 0.0847573 0.0287795 155.92 21.648 0.082297
155.787 21.7505 0.081446 0.1436 155.92 21.648 0.082297
155.832 21.8259 0.0743859 0.0239054 155.92 21.648 0.082297
155.787 21.7505 0.081446 0.1436 155.92 21.648 0.082297
155.61 21.7339 0.0837425 0.0363126 155.92 21.648 0.082297
155.747 21.5916 0.087562 0.0365045 155.92 21.648 0.082297
155.677 21.4727 0.08678 0.0117507 155.92 21.648 0.082297
155.787 21.7505 0.081446 0.1436 155.92 21.648 0.082297
155.804 21.8462 0.0796097 0.06787 155.92 21.648 0.082297
155.787 21.7505 0.081446 0.1436 155.92 21.648 0.082297
155.629 21.5071 0.0803716 0.0090496 155.92 21.648 0.082297
155.749 21.5338 0.082212 0.0570543 155.92 21.648 0.082297
155.402 21.6363 0.0845264 0.000470467 155.92 21.648 0.082297
155.747 21.5916 0.087562 0.0365045 155.92 21.648 0.082297
155.832 21.8259 0.0743859 0.0239054 155.92 21.648 0.082297
155.749 21.5338 0.082212 0.0570543 155.92 21.648 0.082297
155.787 21.7505 0.081446 0.1436 155.92 21.648 0.082297
155.787 21.7505 0.081446 0.1436 155.92 21.648 0.082297
155.832 21.8259 0.0743859 0.0239054 155.92 21.648 0.082297
155.798 21.4649 0.0825881 0.0232702 155.92 21.648 0.082297
155.883 21.8016 0.0817795 0.0826465 155.92 21.648 0.082297
155.832 21.8259 0.0743859 0.0239054 155.92 21.648 0.082297
155.842 21.4042 0.0823375 0.00659941 155.92 21.648 0.082297
155.641 21.4235 0.0737281 4.8457e-05 155.92 21.648 0.082297
155.808 21.4426 0.080815 0.0138011 155.92 21.648 0.082297
155.705 21.5563 0.0754013 0.00576267 155.92 21.648 0.082297
155.853 21.9476 0.0856555 0.00310314 155.92 21.648 0.082297
155.787 21.7505 0.081446 0.1436 155.92 21.648 0.082297
155.798 21.4649 0.0825881 0.0232702 155.92 21.648 0.082297
155.741 21.6112 0.0793351 0.0765791 155.92 21.648 0.082297
155.595 21.6226 0.0847573 0.0287795 155.92 21.648 0.082297
155.747 21.5916 0.087562 0.0365045 155.92 21.648 0.082297
155.749 21.5338 0.082212 0.0570543 155.92 21.648 0.082297
155.749 21.5338 0.082212 0.0570543 155.92 21.648 0.082297
155.787 21.7505 0.081446 0.1436 155.92 21.648 0.082297
155.787 21.7505 0.081446 0.1436 155.92 21.648 0.082297
155.832 21.8259 0.0743859 0.0239054 155.92 21.648 0.082297
155.61 21.7339 0.0837425 0.0363126 155.92 21.648 0.082297
155.747 21.5916 0.087562 0.0365045 155.92 21.648 0.082297
155.883 21.8016 0.0817795 0.0826465 155.92 21.648 0.082297
155.61 21.7339 0.0837425 0.0363126 155.92 21.648 0.082297
155.883 21.8016 0.0817795 0.0826465 155.92 21.648 0.082297
155.749 21.5338 0.082212 0.0570543 155.92 21.648 0.082297
155.832 21.8259 0.0743859 0.0239054 155.92 21.648 0.082297
155.748 22.0059 0.0809933 0.00324492 155.92 21.648 0.082297
155.612 21.6141 0.0791419 0.0146433 155.92 21.648 0.082297
155.749 21.5338 0.082212 0.0570543 155.92 21.648 0.082297
155.612 21.544 0.0880877 0.0119241 155.92 21.648 0.082297
155.741 21.6112 0.0793351 0.0765791 155.92 21.648 0.082297
155.741 21.6112 0.0793351 0.0765791 155.92 21.648 0.082297
155.832 21.8259 0.0743859 0.0239054 155.92 21.648 0.082297
155.592 21.5572 0.0766252 0.00162808 155.92 21.648 0.082297
155.595 21.6226 0.0847573 0.0287795 155.92 21.648 0.082297
155.653 21.8467 0.0763018 0.00662221 155.92 21.648 0.082297
155.804 21.8462 0.0796097 0.06787 155.92 21.648 0.082297
155.741 21.6112 0.0793351 0.0765791 155.92 21.648 0.082297
155.804 21.8462 0.0796097 0.06787 155.92 21.648 0.082297
155.883 21.8016 0.0817795 0.0826465 155.92 21.648 0.082297
155.741 21.6112 0.0793351 0.0765791 155.92 21.648 0.082297
155.804 21.8462 0.0796097 0.06787 155.92 21.648 0.082297
155.741 21.6112 0.0793351 0.0765791 155.92 21.648 0.082297
155.741 21.6112 0.0793351 0.0765791 155.92 21.648 0.082297
155.61 21.7339 0.0837425 0.0363126 155.92 21.648 0.082297
155.787 21.7505 0.081446 0.1436 155.92 21.648 0.082297
155.749 21.5338 0.082212 0.0570543 155.92 21.648 0.082297
155.804 21.8462 0.0796097 0.06787 155.92 21.648 0.082297
155.741 21.6112 0.0793351 0.0765791 155.92 21.648 0.082297
155.747 21.5916 0.087562 0.0365045 155.92 21.648 0.082297
155.876 21.7577 0.0867591 0.0228257 155.92 21.648 0.082297
155.804 21.8462 0.0796097 0.06787 155.92 21.648 0.082297
155.595 21.6226 0.0847573 0.0287795 155.92 21.648 0.082297
155.953 21.6147 0.083035 0.0457629 155.92 21.648 0.082297
155.681 21.8874 0.081451 0.0195876 155.92 21.648 0.082297
155.787 21.7505 0.081446 0.1436 155.92 21.648 0.082297
155.763 21.9186 0.0861354 0.00632583 155.92 21.648 0.082297
155.741 21.6112 0.0793351 0.0765791 155.92 21.648 0.082297
155.634 21.9005 0.0860476 0.00507677 155.92 21.648 0.082297
155.595 21.6226 0.0847573 0.0287795 155.92 21.648 0.082297
155.747 21.5916 0.087562 0.0365045 155.92 21.648 0.082297
155.798 21.4649 0.0825881 0.0232702 155.92 21.648 0.082297
155.798 21.4649 0.0825881 0.0232702 155.92 21.648 0.082297
155.961 21.8633 0.0867083 0.00229402 155.92 21.648 0.082297
155.749 21.5338 0.082212 0.0570543 155.92 21.648 0.082297
155.787 21.7505 0.081446 0.1436 155.92 21.648 0.082297
155.953 21.6147 0.083035 0.0457629 155.92 21.648 0.082297
155.61 21.7339 0.0837425 0.0363126 155.92 21.648 0.082297
155.804 21.8462 0.0796097 0.06787 155.92 21.648 0.082297
155.749 21.5338 0.082212 0.0570543 155.92 21.648 0.082297
155.662 21.3177 0.081499 0.000301802 155.92 21.648 0.082297
155.741 21.6112 0.0793351 0.0765791 155.92 21.648 0.082297
155.677 21.4727 0.08678 0.0117507 155.92 21.648 0.082297
155.832 21.8259 0.0743859 0.0239054 155.92 21.648 0.082297
155.595 21.6226 0.0847573 0.0287795 155.92 21.648 0.082297
155.741 21.6112 0.0793351 0.0765791 155.92 21.648 0.082297
155.787 21.7505 0.081446 0.1436 155.92 21.648 0.082297
155.798 21.4649 0.0825881 0.0232702 155.92 21.648 0.082297
155.594 21.4275 0.0929832 0.000278706 155.92 21.648 0.082297
155.798 21.4649 0.0825881 0.0232702 155.92 21.648 0.082297
155.61 21.7339 0.0837425 0.0363126 155.92 21.648 0.082297
155.883 21.8016 0.0817795 0.0826465 155.92 21.648 0.082297
155.787 21.7505 0.081446 0.1436 155.92 21.648 0.082297
155.542 21.7592 0.0801534 0.00609278 155.92 21.648 0.082297
155.896 21.7495 0.0887424 0.00575554 155.92 21.648 0.082297
155.883 21.8016 0.0817795 0.0826465 155.92 21.648 0.082297
155.842 21.4042 0.0823375 0.00659941 155.92 21.648 0.082297
155.787 21.7505 0.081446 0.1436 155.92 21.648 0.082297
155.612 21.6141 0.0791419 0.0146433 155.92 21.648 0.082297
155.804 21.8462 0.0796097 0.06787 155.92 21.648 0.082297
155.61 21.7339 0.0837425 0.0363126 155.92 21.648 0.082297
155.997 21.7745 0.0708786 0.00500831 155.92 21.648 0.082297
155.741 21.6112 0.0793351 0.0765791 155.92 21.648 0.082297
155.61 21.7339 0.0837425 0.0363126 155.92 21.648 0.082297
155.542 21.7592 0.0801534 0.00609278 155.92 21.648 0.082297
155.787 21.7505 0.081446 0.1436 155.92 21.648 0.082297
155.749 21.5338 0.082212 0.0570543 155.92 21.648 0.082297
155.832 21.8259 0.0743859 0.0239054 155.92 21.648 0.082297
155.804 21.8462 0.0796097 0.06787 155.92 21.648 0.082297
155.832 21.8259 0.0743859 0.0239054 155.92 21.648 0.082297
155.747 21.5916 0.087562 0.0365045 155.92 21.648 0.082297
155.804 21.8462 0.0796097 0.06787 155.92 21.648 0.082297
155.741 21.6112 0.0793351 0.0765791 155.92 21.648 0.082297
155.984 21.4005 0.0857144 0.000745702 155.92 21.648 0.082297
155.804 21.8462 0.0796097 0.06787 155.92 21.648 0.082297
155.612 21.6141 0.0791419 0.0146433 155.92 21.648 0.082297
155.883 21.8016 0.0817795 0.0826465 155.92 21.648 0.082297
155.787 21.7505 0.081446 0.1436 155.92 21.648 0.082297
155.749 21.5338 0.082212 0.0570543 155.92 21.648 0.082297
155.749 21.5338 0.082212 0.0570543 155.92 21.648 0.082297
155.804 21.8462 0.0796097 0.06787 155.92 21.648 0.082297
155.747 21.5916 0.087562 0.0365045 155.92 21.648 0.082297
155.787 21.7505 0.081446 0.1436 155.92 21.648 0.082297
155.749 21.5338 0.082212 0.0570543 155.92 21.648 0.082297
155.787 21.7505 0.081446 0.1436 155.92 21.648 0.082297
155.883 21.8016 0.0817795 0.0826465 155.92 21.648 0.082297
155.787 21.7505 0.081446 0.1436 155.92 21.648 0.082297
155.749 21.5338 0.082212 0.0570543 155.92 21.648 0.082297
155.798 21.4649 0.0825881 0.0232702 155.92 21.648 0.082297
155.681 21.8874 0.081451 0.0195876 155.92 21.648 0.082297
155.749 21.5338 0.082212 0.0570543 155.92 21.648 0.082297
155.61 21.7339 0.0837425 0.0363126 155.92 21.648 0.082297
155.804 21.8462 0.0796097 0.06787 155.92 21.648 0.082297
155.749 21.5338 0.082212 0.0570543 155.92 21.648 0.082297
155.749 21.5338 0.082212 0.0570543 155.92 21.648 0.082297
155.787 21.7505 0.081446 0.1436 155.92 21.648 0.082297
155.747 21.5916 0.087562 0.0365045 155.92 21.648 0.082297
155.741 21.6112 0.0793351 0.0765791 155.92 21.648 0.082297
155.896 21.7495 0.0887424 0.00575554 155.92 21.648 0.082297
155.751 21.4615 0.0905445 0.00242579 155.92 21.648 0.082297
155.787 21.7505 0.081446 0.1436 155.92 21.648 0.082297
155.961 21.8633 0.0867083 0.00229402 155.92 21.648 0.082297
155.741 21.6112 0.0793351 0.0765791 155.92 21.648 0.082297
155.728 21.8252 0.0730772 0.00431754 155.92 21.648 0.082297
155.747 21.5916 0.087562 0.0365045 155.92 21.648 0.082297
155.747 21.5916 0.087562 0.0365045 155.92 21.648 0.082297
155.747 21.5916 0.087562 0.0365045 155.92 21.648 0.082297
155.787 21.7505 0.081446 0.1436 155.92 21.648 0.082297
155.953 21.6147 0.083035 0.0457629 155.92 21.648 0.082297
155.808 21.4426 0.080815 0.0138011 155.92 21.648 0.082297
155.677 21.4727 0.08678 0.0117507 155.92 21.648 0.082297
155.787 21.7505 0.081446 0.1436 155.92 21.648 0.082297
155.705 21.5563 0.0754013 0.00576267 155.92 21.648 0.082297
155.953 21.6147 0.083035 0.0457629 155.92 21.648 0.082297
155.741 21.6112 0.0793351 0.0765791 155.92 21.648 0.082297
155.997 21.7745 0.0708786 0.00500831 155.92 21.648 0.082297
155.681 21.8874 0.081451 0.0195876 155.92 21.648 0.082297
155.804 21.8462 0.0796097 0.06787 155.92 21.648 0.082297
155.542 21.7592 0.0801534 0.00609278 155.92 21.648 0.082297
155.804 21.8462 0.0796097 0.06787 155.92 21.648 0.082297
155.787 21.7505 0.081446 0.1436 155.92 21.648 0.082297
155.749 21.5338 0.082212 0.0570543 155.92 21.648 0.082297
155.787 21.7505 0.081446 0.1436 155.92 21.648 0.082297
155.741 21.6112 0.0793351 0.0765791 155.92 21.648 0.082297
155.953 21.6147 0.083035 0.0457629 155.92 21.648 0.082297
