277.388 -0.203972 4.4584 4.41438 277.23 -0.33519 4.4547
277.162 -0.318091 4.45682 0.76312 277.23 -0.33519 4.4547
277.178 -0.540585 4.43643 0.0966811 277.23 -0.33519 4.4547
277.641 -0.23666 4.46212 1.93801 277.23 -0.33519 4.4547
277.421 -0.16637 4.45998 2.95758 277.23 -0.33519 4.4547
277.229 -0.505515 4.45302 1.68514 277.23 -0.33519 4.4547
277.444 -0.451059 4.45236 3.64346 277.23 -0.33519 4.4547
277.383 -0.473849 4.46008 1.85333 277.23 -0.33519 4.4547
277.478 -0.280913 4.46626 1.85503 277.23 -0.33519 4.4547
277.602 -0.375134 4.45533 1.42288 277.23 -0.33519 4.4547
277.387 -0.194631 4.4615 2.58845 277.23 -0.33519 4.4547
277.419 -0.284449 4.45188 5.10647 277.23 -0.33519 4.4547
277.247 -0.352757 4.4442 2.24 277.23 -0.33519 4.4547
277.248 -0.310507 4.45947 1.44808 277.23 -0.33519 4.4547
277.388 -0.203972 4.4584 4.41438 277.23 -0.33519 4.4547
277.491 -0.304989 4.45821 6.994 277.23 -0.33519 4.4547
277.421 -0.16637 4.45998 2.95758 277.23 -0.33519 4.4547
277.419 -0.284449 4.45188 5.10647 277.23 -0.33519 4.4547
277.503 -0.484356 4.45705 2.33539 277.23 -0.33519 4.4547
277.602 -0.375134 4.45533 1.42288 277.23 -0.33519 4.4547
277.503 -0.484356 4.45705 2.33539 277.23 -0.33519 4.4547
277.229 -0.505515 4.45302 1.68514 277.23 -0.33519 4.4547
277.419 -0.284449 4.45188 5.10647 277.23 -0.33519 4.4547
277.449 -0.375536 4.44928 2.45126 277.23 -0.33519 4.4547
277.351 -0.416804 4.4493 4.90532 277.23 -0.33519 4.4547
277.383 -0.473849 4.46008 1.85333 277.23 -0.33519 4.4547
277.33 -0.243354 4.45109 4.58345 277.23 -0.33519 4.4547
277.444 -0.451059 4.45236 3.64346 277.23 -0.33519 4.4547
277.217 -0.121376 4.45674 0.39576 277.23 -0.33519 4.4547
277.347 -0.210747 4.44786 1.50776 277.23 -0.33519 4.4547
277.146 -0.372701 4.45939 0.171143 277.23 -0.33519 4.4547
277.421 -0.16637 4.45998 2.95758 277.23 -0.33519 4.4547
277.379 -0.0146276 4.45265 0.110054 277.23 -0.33519 4.4547
277.469 -0.410455 4.4627 2.73196 277.23 -0.33519 4.4547
277.33 -0.243354 4.45109 4.58345 277.23 -0.33519 4.4547
277.69 -0.162324 4.46995 0.467391 277.23 -0.33519 4.4547
277.264 -0.195283 4.45401 2.5445 277.23 -0.33519 4.4547
277.347 -0.210747 4.44786 1.50776 277.23 -0.33519 4.4547
277.63 -0.239556 4.46313 2.24075 277.23 -0.33519 4.4547
277.225 -0.330214 4.46006 0.772432 277.23 -0.33519 4.4547
277.248 -0.379203 4.45128 5.75775 277.23 -0.33519 4.4547
277.641 -0.23666 4.46212 1.93801 277.23 -0.33519 4.4547
277.172 -0.17736 4.45352 0.74838 277.23 -0.33519 4.4547
277.487 -0.187409 4.45393 2.02637 277.23 -0.33519 4.4547
277.316 -0.533115 4.4544 1.74714 277.23 -0.33519 4.4547
277.229 -0.505515 4.45302 1.68514 277.23 -0.33519 4.4547
277.351 -0.416804 4.4493 4.90532 277.23 -0.33519 4.4547
277.247 -0.352757 4.4442 2.24 277.23 -0.33519 4.4547
277.264 -0.195283 4.45401 2.5445 277.23 -0.33519 4.4547
277.351 -0.416804 4.4493 4.90532 277.23 -0.33519 4.4547
277.491 -0.304989 4.45821 6.994 277.23 -0.33519 4.4547
277.162 -0.318091 4.45682 0.76312 277.23 -0.33519 4.4547
277.419 -0.284449 4.45188 5.10647 277.23 -0.33519 4.4547
277.214 -0.0941547 4.44933 0.28038 277.23 -0.33519 4.4547
277.388 -0.203972 4.4584 4.41438 277.23 -0.33519 4.4547
277.387 -0.194631 4.4615 2.58845 277.23 -0.33519 4.4547
277.229 -0.505515 4.45302 1.68514 277.23 -0.33519 4.4547
277.491 -0.304989 4.45821 6.994 277.23 -0.33519 4.4547
277.409 -0.48591 4.449 1.96756 277.23 -0.33519 4.4547
277.388 -0.203972 4.4584 4.41438 277.23 -0.33519 4.4547
277.491 -0.304989 4.45821 6.994 277.23 -0.33519 4.4547
277.423 -0.263861 4.46608 1.26767 277.23 -0.33519 4.4547
277.419 -0.284449 4.45188 5.10647 277.23 -0.33519 4.4547
277.491 -0.304989 4.45821 6.994 277.23 -0.33519 4.4547
277.419 -0.284449 4.45188 5.10647 277.23 -0.33519 4.4547
277.419 -0.284449 4.45188 5.10647 277.23 -0.33519 4.4547
277.641 -0.23666 4.46212 1.93801 277.23 -0.33519 4.4547
277.491 -0.304989 4.45821 6.994 277.23 -0.33519 4.4547
277.49 -0.459861 4.44868 0.812727 277.23 -0.33519 4.4547
277.127 -0.236165 4.43891 0.14661 277.23 -0.33519 4.4547
277.419 -0.284449 4.45188 5.10647 277.23 -0.33519 4.4547
277.423 -0.263861 4.46608 1.26767 277.23 -0.33519 4.4547
277.478 -0.280913 4.46626 1.85503 277.23 -0.33519 4.4547
277.247 -0.352757 4.4442 2.24 277.23 -0.33519 4.4547
277.487 -0.187409 4.45393 2.02637 277.23 -0.33519 4.4547
277.248 -0.379203 4.45128 5.75775 277.23 -0.33519 4.4547
277.388 -0.203972 4.4584 4.41438 277.23 -0.33519 4.4547
277.602 -0.375134 4.45533 1.42288 277.23 -0.33519 4.4547
277.449 -0.375536 4.44928 2.45126 277.23 -0.33519 4.4547
277.316 -0.533115 4.4544 1.74714 277.23 -0.33519 4.4547
277.469 -0.410455 4.4627 2.73196 277.23 -0.33519 4.4547
277.641 -0.23666 4.46212 1.93801 277.23 -0.33519 4.4547
277.444 -0.063601 4.45282 0.270935 277.23 -0.33519 4.4547
277.326 -0.221953 4.46751 0.141907 277.23 -0.33519 4.4547
277.491 -0.304989 4.45821 6.994 277.23 -0.33519 4.4547
277.419 -0.284449 4.45188 5.10647 277.23 -0.33519 4.4547
277.444 -0.451059 4.45236 3.64346 277.23 -0.33519 4.4547
277.469 -0.410455 4.4627 2.73196 277.23 -0.33519 4.4547
277.63 -0.239556 4.46313 2.24075 277.23 -0.33519 4.4547
277.419 -0.284449 4.45188 5.10647 277.23 -0.33519 4.4547
277.388 -0.203972 4.4584 4.41438 277.23 -0.33519 4.4547
277.491 -0.304989 4.45821 6.994 277.23 -0.33519 4.4547
277.214 -0.492562 4.45857 0.327054 277.23 -0.33519 4.4547
277.351 -0.416804 4.4493 4.90532 277.23 -0.33519 4.4547
277.197 -0.285836 4.44669 2.58522 277.23 -0.33519 4.4547
277.491 -0.304989 4.45821 6.994 277.23 -0.33519 4.4547
277.33 -0.243354 4.45109 4.58345 277.23 -0.33519 4.4547
277.419 -0.284449 4.45188 5.10647 277.23 -0.33519 4.4547
277.487 -0.187409 4.45393 2.02637 277.23 -0.33519 4.4547
277.188 -0.377857 4.45619 1.34939 277.23 -0.33519 4.4547
277.491 -0.304989 4.45821 6.994 277.23 -0.33519 4.4547
277.469 -0.410455 4.4627 2.73196 277.23 -0.33519 4.4547
277.466 -0.264184 4.46786 0.942618 277.23 -0.33519 4.4547
277.487 -0.187409 4.45393 2.02637 277.23 -0.33519 4.4547
277.316 -0.533115 4.4544 1.74714 277.23 -0.33519 4.4547
277.33 -0.243354 4.45109 4.58345 277.23 -0.33519 4.4547
277.388 -0.203972 4.4584 4.41438 277.23 -0.33519 4.4547
277.491 -0.304989 4.45821 6.994 277.23 -0.33519 4.4547
277.316 -0.533115 4.4544 1.74714 277.23 -0.33519 4.4547
277.388 -0.203972 4.4584 4.41438 277.23 -0.33519 4.4547
277.453 -0.074302 4.46379 0.561919 277.23 -0.33519 4.4547
277.234 -0.467824 4.45627 1.3517 277.23 -0.33519 4.4547
277.466 -0.330317 4.46834 0.647258 277.23 -0.33519 4.4547
277.264 -0.195283 4.45401 2.5445 277.23 -0.33519 4.4547
277.33 -0.243354 4.45109 4.58345 277.23 -0.33519 4.4547
277.23 -0.234536 4.46657 0.0298054 277.23 -0.33519 4.4547
277.38 -0.0471765 4.45127 0.175057 277.23 -0.33519 4.4547
277.444 -0.451059 4.45236 3.64346 277.23 -0.33519 4.4547
277.351 -0.416804 4.4493 4.90532 277.23 -0.33519 4.4547
277.351 -0.416804 4.4493 4.90532 277.23 -0.33519 4.4547
277.63 -0.239556 4.46313 2.24075 277.23 -0.33519 4.4547
277.409 -0.48591 4.449 1.96756 277.23 -0.33519 4.4547
277.423 -0.263861 4.46608 1.26767 277.23 -0.33519 4.4547
277.229 -0.505515 4.45302 1.68514 277.23 -0.33519 4.4547
277.099 -0.566489 4.44028 0.268662 277.23 -0.33519 4.4547
277.641 -0.23666 4.46212 1.93801 277.23 -0.33519 4.4547
277.444 -0.451059 4.45236 3.64346 277.23 -0.33519 4.4547
277.383 -0.473849 4.46008 1.85333 277.23 -0.33519 4.4547
277.409 -0.48591 4.449 1.96756 277.23 -0.33519 4.4547
277.234 -0.467824 4.45627 1.3517 277.23 -0.33519 4.4547
277.491 -0.304989 4.45821 6.994 277.23 -0.33519 4.4547
277.351 -0.416804 4.4493 4.90532 277.23 -0.33519 4.4547
277.491 -0.304989 4.45821 6.994 277.23 -0.33519 4.4547
277.388 -0.203972 4.4584 4.41438 277.23 -0.33519 4.4547
277.187 -0.33507 4.45765 0.92418 277.23 -0.33519 4.4547
277.635 -0.167379 4.45708 0.507796 277.23 -0.33519 4.4547
277.351 -0.416804 4.4493 4.90532 277.23 -0.33519 4.4547
277.423 -0.263861 4.46608 1.26767 277.23 -0.33519 4.4547
277.404 -0.563038 4.45507 1.1439 277.23 -0.33519 4.4547
277.127 -0.236165 4.43891 0.14661 277.23 -0.33519 4.4547
277.248 -0.379203 4.45128 5.75775 277.23 -0.33519 4.4547
277.487 -0.187409 4.45393 2.02637 277.23 -0.33519 4.4547
277.63 -0.239556 4.46313 2.24075 277.23 -0.33519 4.4547
277.248 -0.379203 4.45128 5.75775 277.23 -0.33519 4.4547
277.248 -0.379203 4.45128 5.75775 277.23 -0.33519 4.4547
277.478 -0.285965 4.44484 0.170068 277.23 -0.33519 4.4547
277.347 -0.210747 4.44786 1.50776 277.23 -0.33519 4.4547
277.187 -0.33507 4.45765 0.92418 277.23 -0.33519 4.4547
277.388 -0.203972 4.4584 4.41438 277.23 -0.33519 4.4547
277.421 -0.16637 4.45998 2.95758 277.23 -0.33519 4.4547
277.351 -0.416804 4.4493 4.90532 277.23 -0.33519 4.4547
277.69 -0.162324 4.46995 0.467391 277.23 -0.33519 4.4547
277.187 -0.33507 4.45765 0.92418 277.23 -0.33519 4.4547
277.444 -0.451059 4.45236 3.64346 277.23 -0.33519 4.4547
277.49 -0.459861 4.44868 0.812727 277.23 -0.33519 4.4547
277.387 -0.194631 4.4615 2.58845 277.23 -0.33519 4.4547
277.466 -0.330317 4.46834 0.647258 277.23 -0.33519 4.4547
277.469 -0.410455 4.4627 2.73196 277.23 -0.33519 4.4547
277.503 -0.484356 4.45705 2.33539 277.23 -0.33519 4.4547
277.388 -0.203972 4.4584 4.41438 277.23 -0.33519 4.4547
277.383 -0.473849 4.46008 1.85333 277.23 -0.33519 4.4547
277.341 -0.592662 4.44773 0.612125 277.23 -0.33519 4.4547
277.49 -0.459861 4.44868 0.812727 277.23 -0.33519 4.4547
277.197 -0.285836 4.44669 2.58522 277.23 -0.33519 4.4547
277.491 -0.304989 4.45821 6.994 277.23 -0.33519 4.4547
277.248 -0.379203 4.45128 5.75775 277.23 -0.33519 4.4547
277.466 -0.264184 4.46786 0.942618 277.23 -0.33519 4.4547
277.316 -0.533115 4.4544 1.74714 277.23 -0.33519 4.4547
277.351 -0.416804 4.4493 4.90532 277.23 -0.33519 4.4547
277.641 -0.23666 4.46212 1.93801 277.23 -0.33519 4.4547
277.388 -0.203972 4.4584 4.41438 277.23 -0.33519 4.4547
277.248 -0.379203 4.45128 5.75775 277.23 -0.33519 4.4547
277.247 -0.352757 4.4442 2.24 277.23 -0.33519 4.4547
277.172 -0.17736 4.45352 0.74838 277.23 -0.33519 4.4547
277.491 -0.304989 4.45821 6.994 277.23 -0.33519 4.4547
277.264 -0.195283 4.45401 2.5445 277.23 -0.33519 4.4547
277.602 -0.375134 4.45533 1.42288 277.23 -0.33519 4.4547
277.478 -0.280913 4.46626 1.85503 277.23 -0.33519 4.4547
277.225 -0.330214 4.46006 0.772432 277.23 -0.33519 4.4547
277.469 -0.410455 4.4627 2.73196 277.23 -0.33519 4.4547
277.478 -0.280913 4.46626 1.85503 277.23 -0.33519 4.4547
277.264 -0.195283 4.45401 2.5445 277.23 -0.33519 4.4547
277.503 -0.484356 4.45705 2.33539 277.23 -0.33519 4.4547
277.402 -0.0466502 4.46047 0.402499 277.23 -0.33519 4.4547
277.316 -0.533115 4.4544 1.74714 277.23 -0.33519 4.4547
277.466 -0.264184 4.46786 0.942618 277.23 -0.33519 4.4547
277.101 -0.261388 4.4553 0.293749 277.23 -0.33519 4.4547
277.388 -0.203972 4.4584 4.41438 277.23 -0.33519 4.4547
277.248 -0.379203 4.45128 5.75775 277.23 -0.33519 4.4547
277.351 -0.416804 4.4493 4.90532 277.23 -0.33519 4.4547
277.387 -0.194631 4.4615 2.58845 277.23 -0.33519 4.4547
277.197 -0.285836 4.44669 2.58522 277.23 -0.33519 4.4547
277.282 -0.184615 4.46278 0.44679 277.23 -0.33519 4.4547
277.248 -0.379203 4.45128 5.75775 277.23 -0.33519 4.4547
277.421 -0.16637 4.45998 2.95758 277.23 -0.33519 4.4547
277.491 -0.304989 4.45821 6.994 277.23 -0.33519 4.4547
277.351 -0.416804 4.4493 4.90532 277.23 -0.33519 4.4547
277.645 -0.36615 4.45321 0.328476 277.23 -0.33519 4.4547
277.469 -0.410455 4.4627 2.73196 277.23 -0.33519 4.4547
277.503 -0.484356 4.45705 2.33539 277.23 -0.33519 4.4547
