62.0946 14.4827 0.11084 0.000803128 62.061 14.656 0.10511
61.9265 14.3337 0.106391 0.00128312 62.061 14.656 0.10511
61.8728 14.4847 0.11227 0.00116582 62.061 14.656 0.10511
61.9265 14.3337 0.106391 0.00128312 62.061 14.656 0.10511
61.8798 14.2751 0.108819 0.000594265 62.061 14.656 0.10511
61.7239 14.3981 0.112844 0.000293031 62.061 14.656 0.10511
62.0132 14.5062 0.103223 0.00154669 62.061 14.656 0.10511
61.8798 14.2751 0.108819 0.000594265 62.061 14.656 0.10511
61.9265 14.3337 0.106391 0.00128312 62.061 14.656 0.10511
62.1702 14.5643 0.10933 0.000429149 62.061 14.656 0.10511
61.9265 14.3337 0.106391 0.00128312 62.061 14.656 0.10511
62.0946 14.4827 0.11084 0.000803128 62.061 14.656 0.10511
61.9265 14.3337 0.106391 0.00128312 62.061 14.656 0.10511
61.8728 14.4847 0.11227 0.00116582 62.061 14.656 0.10511
62.1335 14.4069 0.101749 0.000531609 62.061 14.656 0.10511
61.9785 14.5073 0.102126 0.00119643 62.061 14.656 0.10511
62.0547 14.6045 0.100918 0.00047692 62.061 14.656 0.10511
61.8728 14.4847 0.11227 0.00116582 62.061 14.656 0.10511
61.8728 14.4847 0.11227 0.00116582 62.061 14.656 0.10511
62.1724 14.8669 0.10551 1.20676e-05 62.061 14.656 0.10511
62.0132 14.5062 0.103223 0.00154669 62.061 14.656 0.10511
61.8044 14.2909 0.0991086 4.98242e-05 62.061 14.656 0.10511
62.0547 14.6045 0.100918 0.00047692 62.061 14.656 0.10511
61.8709 14.1867 0.108556 0.000164698 62.061 14.656 0.10511
61.9265 14.3337 0.106391 0.00128312 62.061 14.656 0.10511
61.8728 14.4847 0.11227 0.00116582 62.061 14.656 0.10511
61.8728 14.4847 0.11227 0.00116582 62.061 14.656 0.10511
61.9265 14.3337 0.106391 0.00128312 62.061 14.656 0.10511
61.7128 14.2721 0.105649 0.000120405 62.061 14.656 0.10511
62.0582 14.2785 0.100158 0.000191774 62.061 14.656 0.10511
61.9785 14.5073 0.102126 0.00119643 62.061 14.656 0.10511
61.9785 14.5073 0.102126 0.00119643 62.061 14.656 0.10511
61.8728 14.4847 0.11227 0.00116582 62.061 14.656 0.10511
61.9785 14.5073 0.102126 0.00119643 62.061 14.656 0.10511
61.9265 14.3337 0.106391 0.00128312 62.061 14.656 0.10511
62.2398 14.5648 0.0973557 3.25361e-05 62.061 14.656 0.10511
62.0547 14.6045 0.100918 0.00047692 62.061 14.656 0.10511
62.0946 14.4827 0.11084 0.000803128 62.061 14.656 0.10511
61.504 14.5203 0.111422 1.16013e-05 62.061 14.656 0.10511
61.7772 14.5628 0.109747 0.000932821 62.061 14.656 0.10511
62.1799 14.2957 0.105079 0.000236368 62.061 14.656 0.10511
61.8728 14.4847 0.11227 0.00116582 62.061 14.656 0.10511
62.0132 14.5062 0.103223 0.00154669 62.061 14.656 0.10511
62.0132 14.5062 0.103223 0.00154669 62.061 14.656 0.10511
62.0946 14.4827 0.11084 0.000803128 62.061 14.656 0.10511
62.1702 14.5643 0.10933 0.000429149 62.061 14.656 0.10511
61.8728 14.4847 0.11227 0.00116582 62.061 14.656 0.10511
61.9265 14.3337 0.106391 0.00128312 62.061 14.656 0.10511
61.7239 14.3981 0.112844 0.000293031 62.061 14.656 0.10511
62.1485 14.5576 0.0974969 8.81591e-05 62.061 14.656 0.10511
61.9785 14.5073 0.102126 0.00119643 62.061 14.656 0.10511
62.0132 14.5062 0.103223 0.00154669 62.061 14.656 0.10511
61.9785 14.5073 0.102126 0.00119643 62.061 14.656 0.10511
62.1485 14.5576 0.0974969 8.81591e-05 62.061 14.656 0.10511
61.9265 14.3337 0.106391 0.00128312 62.061 14.656 0.10511
62.1335 14.4069 0.101749 0.000531609 62.061 14.656 0.10511
61.9265 14.3337 0.106391 0.00128312 62.061 14.656 0.10511
62.0132 14.5062 0.103223 0.00154669 62.061 14.656 0.10511
61.7772 14.5628 0.109747 0.000932821 62.061 14.656 0.10511
62.0132 14.5062 0.103223 0.00154669 62.061 14.656 0.10511
61.9265 14.3337 0.106391 0.00128312 62.061 14.656 0.10511
61.9265 14.3337 0.106391 0.00128312 62.061 14.656 0.10511
61.9265 14.3337 0.106391 0.00128312 62.061 14.656 0.10511
61.7772 14.5628 0.109747 0.000932821 62.061 14.656 0.10511
62.0823 14.7745 0.102869 0.000101669 62.061 14.656 0.10511
61.9416 14.7034 0.108714 0.000676446 62.061 14.656 0.10511
62.2416 14.3756 0.109301 0.000119523 62.061 14.656 0.10511
61.8728 14.4847 0.11227 0.00116582 62.061 14.656 0.10511
61.9416 14.7034 0.108714 0.000676446 62.061 14.656 0.10511
62.0132 14.5062 0.103223 0.00154669 62.061 14.656 0.10511
62.0132 14.5062 0.103223 0.00154669 62.061 14.656 0.10511
62.0946 14.4827 0.11084 0.000803128 62.061 14.656 0.10511
62.0132 14.5062 0.103223 0.00154669 62.061 14.656 0.10511
62.0756 14.2213 0.110131 0.000147041 62.061 14.656 0.10511
62.0791 14.331 0.102802 0.000609849 62.061 14.656 0.10511
62.1844 14.2122 0.104788 7.66351e-05 62.061 14.656 0.10511
62.2416 14.3756 0.109301 0.000119523 62.061 14.656 0.10511
62.0582 14.2785 0.100158 0.000191774 62.061 14.656 0.10511
61.7772 14.5628 0.109747 0.000932821 62.061 14.656 0.10511
61.9265 14.3337 0.106391 0.00128312 62.061 14.656 0.10511
62.1799 14.2957 0.105079 0.000236368 62.061 14.656 0.10511
62.0946 14.4827 0.11084 0.000803128 62.061 14.656 0.10511
61.7772 14.5628 0.109747 0.000932821 62.061 14.656 0.10511
61.8728 14.4847 0.11227 0.00116582 62.061 14.656 0.10511
62.0582 14.2785 0.100158 0.000191774 62.061 14.656 0.10511
62.0293 14.4438 0.0982247 0.000249131 62.061 14.656 0.10511
62.0946 14.4827 0.11084 0.000803128 62.061 14.656 0.10511
61.8728 14.4847 0.11227 0.00116582 62.061 14.656 0.10511
62.2152 14.3131 0.102325 0.000138189 62.061 14.656 0.10511
61.7772 14.5628 0.109747 0.000932821 62.061 14.656 0.10511
61.7252 14.3087 0.111734 0.000188724 62.061 14.656 0.10511
62.0132 14.5062 0.103223 0.00154669 62.061 14.656 0.10511
62.0547 14.6045 0.100918 0.00047692 62.061 14.656 0.10511
61.9265 14.3337 0.106391 0.00128312 62.061 14.656 0.10511
62.1844 14.2122 0.104788 7.66351e-05 62.061 14.656 0.10511
61.8728 14.4847 0.11227 0.00116582 62.061 14.656 0.10511
61.8193 14.6179 0.116366 0.000141885 62.061 14.656 0.10511
61.8193 14.6179 0.116366 0.000141885 62.061 14.656 0.10511
61.8093 14.6869 0.0981739 2.18737e-05 62.061 14.656 0.10511
62.0823 14.7745 0.102869 0.000101669 62.061 14.656 0.10511
61.9785 14.5073 0.102126 0.00119643 62.061 14.656 0.10511
62.0582 14.2785 0.100158 0.000191774 62.061 14.656 0.10511
61.8728 14.4847 0.11227 0.00116582 62.061 14.656 0.10511
62.1702 14.5643 0.10933 0.000429149 62.061 14.656 0.10511
62.1799 14.2957 0.105079 0.000236368 62.061 14.656 0.10511
61.7772 14.5628 0.109747 0.000932821 62.061 14.656 0.10511
61.9265 14.3337 0.106391 0.00128312 62.061 14.656 0.10511
61.7772 14.5628 0.109747 0.000932821 62.061 14.656 0.10511
62.2416 14.3756 0.109301 0.000119523 62.061 14.656 0.10511
62.1799 14.2957 0.105079 0.000236368 62.061 14.656 0.10511
62.0946 14.4827 0.11084 0.000803128 62.061 14.656 0.10511
62.1335 14.4069 0.101749 0.000531609 62.061 14.656 0.10511
62.2398 14.5648 0.0973557 3.25361e-05 62.061 14.656 0.10511
61.929 14.3248 0.114958 0.00019261 62.061 14.656 0.10511
61.9785 14.5073 0.102126 0.00119643 62.061 14.656 0.10511
61.9785 14.5073 0.102126 0.00119643 62.061 14.656 0.10511
62.1702 14.5643 0.10933 0.000429149 62.061 14.656 0.10511
61.8798 14.2751 0.108819 0.000594265 62.061 14.656 0.10511
62.0293 14.4438 0.0982247 0.000249131 62.061 14.656 0.10511
61.9785 14.5073 0.102126 0.00119643 62.061 14.656 0.10511
61.9265 14.3337 0.106391 0.00128312 62.061 14.656 0.10511
61.8728 14.4847 0.11227 0.00116582 62.061 14.656 0.10511
62.0791 14.331 0.102802 0.000609849 62.061 14.656 0.10511
61.8728 14.4847 0.11227 0.00116582 62.061 14.656 0.10511
61.8728 14.4847 0.11227 0.00116582 62.061 14.656 0.10511
62.0791 14.331 0.102802 0.000609849 62.061 14.656 0.10511
62.0582 14.2785 0.100158 0.000191774 62.061 14.656 0.10511
61.7618 14.8215 0.0947082 1.09354e-07 62.061 14.656 0.10511
62.0756 14.2213 0.110131 0.000147041 62.061 14.656 0.10511
62.0547 14.6045 0.100918 0.00047692 62.061 14.656 0.10511
62.0547 14.6045 0.100918 0.00047692 62.061 14.656 0.10511
61.7772 14.5628 0.109747 0.000932821 62.061 14.656 0.10511
62.0132 14.5062 0.103223 0.00154669 62.061 14.656 0.10511
62.0132 14.5062 0.103223 0.00154669 62.061 14.656 0.10511
62.0791 14.331 0.102802 0.000609849 62.061 14.656 0.10511
62.2152 14.3131 0.102325 0.000138189 62.061 14.656 0.10511
61.7772 14.5628 0.109747 0.000932821 62.061 14.656 0.10511
61.7252 14.3087 0.111734 0.000188724 62.061 14.656 0.10511
62.0132 14.5062 0.103223 0.00154669 62.061 14.656 0.10511
62.0791 14.331 0.102802 0.000609849 62.061 14.656 0.10511
62.0582 14.2785 0.100158 0.000191774 62.061 14.656 0.10511
62.1815 14.214 0.0999226 3.44227e-05 62.061 14.656 0.10511
61.8798 14.2751 0.108819 0.000594265 62.061 14.656 0.10511
62.1724 14.3603 0.109204 0.000309986 62.061 14.656 0.10511
61.7252 14.3087 0.111734 0.000188724 62.061 14.656 0.10511
62.1815 14.214 0.0999226 3.44227e-05 62.061 14.656 0.10511
62.1799 14.2957 0.105079 0.000236368 62.061 14.656 0.10511
61.8728 14.4847 0.11227 0.00116582 62.061 14.656 0.10511
61.7772 14.5628 0.109747 0.000932821 62.061 14.656 0.10511
62.0946 14.4827 0.11084 0.000803128 62.061 14.656 0.10511
61.7772 14.5628 0.109747 0.000932821 62.061 14.656 0.10511
61.8798 14.2751 0.108819 0.000594265 62.061 14.656 0.10511
62.1895 14.1203 0.100191 6.9173e-06 62.061 14.656 0.10511
61.8728 14.4847 0.11227 0.00116582 62.061 14.656 0.10511
61.9785 14.5073 0.102126 0.00119643 62.061 14.656 0.10511
62.1724 14.3603 0.109204 0.000309986 62.061 14.656 0.10511
61.9785 14.5073 0.102126 0.00119643 62.061 14.656 0.10511
62.0293 14.4438 0.0982247 0.000249131 62.061 14.656 0.10511
61.9785 14.5073 0.102126 0.00119643 62.061 14.656 0.10511
61.9265 14.3337 0.106391 0.00128312 62.061 14.656 0.10511
62.0293 14.4438 0.0982247 0.000249131 62.061 14.656 0.10511
61.9265 14.3337 0.106391 0.00128312 62.061 14.656 0.10511
61.8728 14.4847 0.11227 0.00116582 62.061 14.656 0.10511
62.0946 14.4827 0.11084 0.000803128 62.061 14.656 0.10511
61.7772 14.5628 0.109747 0.000932821 62.061 14.656 0.10511
61.9265 14.3337 0.106391 0.00128312 62.061 14.656 0.10511
61.9794 14.2884 0.0933273 3.97008e-06 62.061 14.656 0.10511
61.929 14.3248 0.114958 0.00019261 62.061 14.656 0.10511
62.1335 14.4069 0.101749 0.000531609 62.061 14.656 0.10511
62.0132 14.5062 0.103223 0.00154669 62.061 14.656 0.10511
61.9265 14.3337 0.106391 0.00128312 62.061 14.656 0.10511
61.7772 14.5628 0.109747 0.000932821 62.061 14.656 0.10511
61.8193 14.6179 0.116366 0.000141885 62.061 14.656 0.10511
62.1844 14.2122 0.104788 7.66351e-05 62.061 14.656 0.10511
62.0132 14.5062 0.103223 0.00154669 62.061 14.656 0.10511
62.1335 14.4069 0.101749 0.000531609 62.061 14.656 0.10511
61.8728 14.4847 0.11227 0.00116582 62.061 14.656 0.10511
62.0132 14.5062 0.103223 0.00154669 62.061 14.656 0.10511
61.7239 14.3981 0.112844 0.000293031 62.061 14.656 0.10511
62.0946 14.4827 0.11084 0.000803128 62.061 14.656 0.10511
61.9785 14.5073 0.102126 0.00119643 62.061 14.656 0.10511
61.9265 14.3337 0.106391 0.00128312 62.061 14.656 0.10511
62.0946 14.4827 0.11084 0.000803128 62.061 14.656 0.10511
62.2007 14.5361 0.0997984 0.000161673 62.061 14.656 0.10511
61.8728 14.4847 0.11227 0.00116582 62.061 14.656 0.10511
62.1702 14.5643 0.10933 0.000429149 62.061 14.656 0.10511
62.0132 14.5062 0.103223 0.00154669 62.061 14.656 0.10511
61.9416 14.7034 0.108714 0.000676446 62.061 14.656 0.10511
61.8798 14.2751 0.108819 0.000594265 62.061 14.656 0.10511
62.0132 14.5062 0.103223 0.00154669 62.061 14.656 0.10511
62.1335 14.4069 0.101749 0.000531609 62.061 14.656 0.10511
61.9946 14.3901 0.0976775 0.000157898 62.061 14.656 0.10511
62.0582 14.2785 0.100158 0.000191774 62.061 14.656 0.10511
61.8798 14.2751 0.108819 0.000594265 62.061 14.656 0.10511
62.0946 14.4827 0.11084 0.000803128 62.061 14.656 0.10511
62.0547 14.6045 0.100918 0.00047692 62.061 14.656 0.10511
61.9785 14.5073 0.102126 0.00119643 62.061 14.656 0.10511
62.0132 14.5062 0.103223 0.00154669 62.061 14.656 0.10511
61.9265 14.3337 0.106391 0.00128312 62.061 14.656 0.10511
61.8728 14.4847 0.11227 0.00116582 62.061 14.656 0.10511
