216.804 26.0739 0.0718395 0.141816 216.69 26.221 0.071782
216.831 26.0706 0.0742858 0.0559419 216.69 26.221 0.071782
216.559 26.139 0.0729424 0.188881 216.69 26.221 0.071782
216.729 26.1005 0.0714173 0.293567 216.69 26.221 0.071782
216.599 26.2175 0.0792271 0.0178483 216.69 26.221 0.071782
216.795 26.3085 0.0666209 0.0191002 216.69 26.221 0.071782
216.669 26.3024 0.0727548 0.13709 216.69 26.221 0.071782
216.696 26.1638 0.0685919 0.201883 216.69 26.221 0.071782
216.646 26.2017 0.0740486 0.259633 216.69 26.221 0.071782
216.695 26.2146 0.0730226 0.291004 216.69 26.221 0.071782
216.646 26.2017 0.0740486 0.259633 216.69 26.221 0.071782
216.646 26.2017 0.0740486 0.259633 216.69 26.221 0.071782
216.751 26.1581 0.0694471 0.235934 216.69 26.221 0.071782
216.892 26.1808 0.073081 0.0398891 216.69 26.221 0.071782
216.729 26.1005 0.0714173 0.293567 216.69 26.221 0.071782
216.695 26.1347 0.0699734 0.298146 216.69 26.221 0.071782
216.646 26.2017 0.0740486 0.259633 216.69 26.221 0.071782
216.729 26.1005 0.0714173 0.293567 216.69 26.221 0.071782
216.682 26.2768 0.0659542 0.0229663 216.69 26.221 0.071782
216.831 26.0706 0.0742858 0.0559419 216.69 26.221 0.071782
216.892 26.1808 0.073081 0.0398891 216.69 26.221 0.071782
216.729 26.1005 0.0714173 0.293567 216.69 26.221 0.071782
216.751 26.1581 0.0694471 0.235934 216.69 26.221 0.071782
216.695 26.2146 0.0730226 0.291004 216.69 26.221 0.071782
216.646 26.2017 0.0740486 0.259633 216.69 26.221 0.071782
216.804 26.0739 0.0718395 0.141816 216.69 26.221 0.071782
216.751 26.1581 0.0694471 0.235934 216.69 26.221 0.071782
216.695 26.2146 0.0730226 0.291004 216.69 26.221 0.071782
216.831 26.0706 0.0742858 0.0559419 216.69 26.221 0.071782
216.695 26.1347 0.0699734 0.298146 216.69 26.221 0.071782
216.624 26.3347 0.073193 0.0748204 216.69 26.221 0.071782
216.729 26.1005 0.0714173 0.293567 216.69 26.221 0.071782
216.729 26.1005 0.0714173 0.293567 216.69 26.221 0.071782
216.604 26.1333 0.0680482 0.101407 216.69 26.221 0.071782
216.599 26.2175 0.0792271 0.0178483 216.69 26.221 0.071782
216.696 26.1638 0.0685919 0.201883 216.69 26.221 0.071782
216.594 26.3513 0.074442 0.0410912 216.69 26.221 0.071782
216.646 26.2017 0.0740486 0.259633 216.69 26.221 0.071782
216.695 26.1347 0.0699734 0.298146 216.69 26.221 0.071782
216.695 26.2146 0.0730226 0.291004 216.69 26.221 0.071782
216.695 26.2146 0.0730226 0.291004 216.69 26.221 0.071782
216.604 26.1333 0.0680482 0.101407 216.69 26.221 0.071782
216.696 26.1638 0.0685919 0.201883 216.69 26.221 0.071782
216.815 26.2313 0.069571 0.111266 216.69 26.221 0.071782
216.815 26.2313 0.069571 0.111266 216.69 26.221 0.071782
216.751 26.1581 0.0694471 0.235934 216.69 26.221 0.071782
216.696 26.1638 0.0685919 0.201883 216.69 26.221 0.071782
216.695 26.2146 0.0730226 0.291004 216.69 26.221 0.071782
216.669 26.3024 0.0727548 0.13709 216.69 26.221 0.071782
216.646 26.2017 0.0740486 0.259633 216.69 26.221 0.071782
216.682 26.2768 0.0659542 0.0229663 216.69 26.221 0.071782
216.646 26.2017 0.0740486 0.259633 216.69 26.221 0.071782
216.67 26.3032 0.075166 0.084733 216.69 26.221 0.071782
216.751 26.1581 0.0694471 0.235934 216.69 26.221 0.071782
216.67 26.3032 0.075166 0.084733 216.69 26.221 0.071782
216.734 25.974 0.0742034 0.0483782 216.69 26.221 0.071782
216.669 26.3024 0.0727548 0.13709 216.69 26.221 0.071782
216.751 26.1581 0.0694471 0.235934 216.69 26.221 0.071782
216.867 26.1956 0.0720014 0.0734015 216.69 26.221 0.071782
216.815 26.2313 0.069571 0.111266 216.69 26.221 0.071782
216.594 26.3513 0.074442 0.0410912 216.69 26.221 0.071782
216.867 26.1956 0.0720014 0.0734015 216.69 26.221 0.071782
216.892 26.1808 0.073081 0.0398891 216.69 26.221 0.071782
216.815 26.2313 0.069571 0.111266 216.69 26.221 0.071782
216.696 26.1638 0.0685919 0.201883 216.69 26.221 0.071782
216.559 26.139 0.0729424 0.188881 216.69 26.221 0.071782
216.646 26.2017 0.0740486 0.259633 216.69 26.221 0.071782
216.604 26.1333 0.0680482 0.101407 216.69 26.221 0.071782
216.751 26.1581 0.0694471 0.235934 216.69 26.221 0.071782
216.669 26.3024 0.0727548 0.13709 216.69 26.221 0.071782
216.559 26.139 0.0729424 0.188881 216.69 26.221 0.071782
216.669 26.3024 0.0727548 0.13709 216.69 26.221 0.071782
216.804 26.0739 0.0718395 0.141816 216.69 26.221 0.071782
216.804 26.0739 0.0718395 0.141816 216.69 26.221 0.071782
216.635 26.1413 0.0796608 0.0138844 216.69 26.221 0.071782
216.604 26.1333 0.0680482 0.101407 216.69 26.221 0.071782
216.892 26.1808 0.073081 0.0398891 216.69 26.221 0.071782
216.729 26.1005 0.0714173 0.293567 216.69 26.221 0.071782
216.695 26.1347 0.0699734 0.298146 216.69 26.221 0.071782
216.804 26.0739 0.0718395 0.141816 216.69 26.221 0.071782
216.669 26.3024 0.0727548 0.13709 216.69 26.221 0.071782
216.729 26.1005 0.0714173 0.293567 216.69 26.221 0.071782
216.646 26.2017 0.0740486 0.259633 216.69 26.221 0.071782
216.815 26.2313 0.069571 0.111266 216.69 26.221 0.071782
216.804 26.0739 0.0718395 0.141816 216.69 26.221 0.071782
216.695 26.2146 0.0730226 0.291004 216.69 26.221 0.071782
216.599 26.2175 0.0792271 0.0178483 216.69 26.221 0.071782
216.596 26.2141 0.0786371 0.0274544 216.69 26.221 0.071782
216.669 26.3024 0.0727548 0.13709 216.69 26.221 0.071782
216.604 26.1333 0.0680482 0.101407 216.69 26.221 0.071782
216.695 26.2146 0.0730226 0.291004 216.69 26.221 0.071782
216.831 26.0706 0.0742858 0.0559419 216.69 26.221 0.071782
216.646 26.2017 0.0740486 0.259633 216.69 26.221 0.071782
216.559 26.139 0.0729424 0.188881 216.69 26.221 0.071782
216.729 26.1005 0.0714173 0.293567 216.69 26.221 0.071782
216.729 26.1005 0.0714173 0.293567 216.69 26.221 0.071782
216.915 26.2359 0.0705719 0.0262457 216.69 26.221 0.071782
216.695 26.1347 0.0699734 0.298146 216.69 26.221 0.071782
216.729 26.1005 0.0714173 0.293567 216.69 26.221 0.071782
216.729 26.1005 0.0714173 0.293567 216.69 26.221 0.071782
216.624 26.3347 0.073193 0.0748204 216.69 26.221 0.071782
216.695 26.1347 0.0699734 0.298146 216.69 26.221 0.071782
216.729 26.1005 0.0714173 0.293567 216.69 26.221 0.071782
216.695 26.2146 0.0730226 0.291004 216.69 26.221 0.071782
216.695 26.2146 0.0730226 0.291004 216.69 26.221 0.071782
216.559 26.139 0.0729424 0.188881 216.69 26.221 0.071782
216.646 26.2017 0.0740486 0.259633 216.69 26.221 0.071782
216.669 26.3024 0.0727548 0.13709 216.69 26.221 0.071782
216.646 26.2017 0.0740486 0.259633 216.69 26.221 0.071782
216.729 26.1005 0.0714173 0.293567 216.69 26.221 0.071782
216.729 26.1005 0.0714173 0.293567 216.69 26.221 0.071782
216.695 26.1347 0.0699734 0.298146 216.69 26.221 0.071782
216.696 26.1638 0.0685919 0.201883 216.69 26.221 0.071782
216.729 26.1005 0.0714173 0.293567 216.69 26.221 0.071782
216.696 26.1638 0.0685919 0.201883 216.69 26.221 0.071782
216.815 26.2313 0.069571 0.111266 216.69 26.221 0.071782
216.751 26.1581 0.0694471 0.235934 216.69 26.221 0.071782
216.669 26.3024 0.0727548 0.13709 216.69 26.221 0.071782
216.669 26.3024 0.0727548 0.13709 216.69 26.221 0.071782
216.734 25.974 0.0742034 0.0483782 216.69 26.221 0.071782
216.815 26.2313 0.069571 0.111266 216.69 26.221 0.071782
216.559 26.139 0.0729424 0.188881 216.69 26.221 0.071782
216.696 26.1638 0.0685919 0.201883 216.69 26.221 0.071782
216.54 26.0155 0.0758901 0.0330694 216.69 26.221 0.071782
216.729 26.1005 0.0714173 0.293567 216.69 26.221 0.071782
216.695 26.2146 0.0730226 0.291004 216.69 26.221 0.071782
216.559 26.139 0.0729424 0.188881 216.69 26.221 0.071782
216.669 26.3024 0.0727548 0.13709 216.69 26.221 0.071782
216.682 26.2768 0.0659542 0.0229663 216.69 26.221 0.071782
216.646 26.2017 0.0740486 0.259633 216.69 26.221 0.071782
216.696 26.1638 0.0685919 0.201883 216.69 26.221 0.071782
216.695 26.1347 0.0699734 0.298146 216.69 26.221 0.071782
216.669 26.3024 0.0727548 0.13709 216.69 26.221 0.071782
216.54 26.0155 0.0758901 0.0330694 216.69 26.221 0.071782
216.804 26.0739 0.0718395 0.141816 216.69 26.221 0.071782
216.646 26.2017 0.0740486 0.259633 216.69 26.221 0.071782
216.559 26.139 0.0729424 0.188881 216.69 26.221 0.071782
216.624 26.3347 0.073193 0.0748204 216.69 26.221 0.071782
216.604 26.1333 0.0680482 0.101407 216.69 26.221 0.071782
216.695 26.1347 0.0699734 0.298146 216.69 26.221 0.071782
216.696 26.1638 0.0685919 0.201883 216.69 26.221 0.071782
216.594 26.3513 0.074442 0.0410912 216.69 26.221 0.071782
216.695 26.1347 0.0699734 0.298146 216.69 26.221 0.071782
216.579 26.1581 0.0783657 0.0333894 216.69 26.221 0.071782
216.646 26.2017 0.0740486 0.259633 216.69 26.221 0.071782
216.646 26.2017 0.0740486 0.259633 216.69 26.221 0.071782
216.795 26.3085 0.0666209 0.0191002 216.69 26.221 0.071782
216.646 26.2017 0.0740486 0.259633 216.69 26.221 0.071782
216.624 26.3347 0.073193 0.0748204 216.69 26.221 0.071782
216.559 26.139 0.0729424 0.188881 216.69 26.221 0.071782
216.669 26.3024 0.0727548 0.13709 216.69 26.221 0.071782
216.729 26.1005 0.0714173 0.293567 216.69 26.221 0.071782
216.804 26.0739 0.0718395 0.141816 216.69 26.221 0.071782
216.751 26.1581 0.0694471 0.235934 216.69 26.221 0.071782
216.815 26.2313 0.069571 0.111266 216.69 26.221 0.071782
216.54 26.0155 0.0758901 0.0330694 216.69 26.221 0.071782
216.646 26.2017 0.0740486 0.259633 216.69 26.221 0.071782
216.559 26.139 0.0729424 0.188881 216.69 26.221 0.071782
216.67 26.3032 0.075166 0.084733 216.69 26.221 0.071782
216.624 26.3347 0.073193 0.0748204 216.69 26.221 0.071782
216.646 26.2017 0.0740486 0.259633 216.69 26.221 0.071782
216.831 26.0706 0.0742858 0.0559419 216.69 26.221 0.071782
216.815 26.2313 0.069571 0.111266 216.69 26.221 0.071782
216.695 26.2146 0.0730226 0.291004 216.69 26.221 0.071782
216.729 26.1005 0.0714173 0.293567 216.69 26.221 0.071782
216.669 26.3024 0.0727548 0.13709 216.69 26.221 0.071782
216.695 26.2146 0.0730226 0.291004 216.69 26.221 0.071782
216.696 26.1638 0.0685919 0.201883 216.69 26.221 0.071782
216.559 26.139 0.0729424 0.188881 216.69 26.221 0.071782
216.696 26.1638 0.0685919 0.201883 216.69 26.221 0.071782
216.559 26.139 0.0729424 0.188881 216.69 26.221 0.071782
216.67 26.3032 0.075166 0.084733 216.69 26.221 0.071782
216.695 26.2146 0.0730226 0.291004 216.69 26.221 0.071782
216.734 25.974 0.0742034 0.0483782 216.69 26.221 0.071782
216.559 26.139 0.0729424 0.188881 216.69 26.221 0.071782
216.729 26.1005 0.0714173 0.293567 216.69 26.221 0.071782
216.646 26.2017 0.0740486 0.259633 216.69 26.221 0.071782
216.695 26.2146 0.0730226 0.291004 216.69 26.221 0.071782
216.734 25.974 0.0742034 0.0483782 216.69 26.221 0.071782
216.696 26.1638 0.0685919 0.201883 216.69 26.221 0.071782
216.751 26.1581 0.0694471 0.235934 216.69 26.221 0.071782
216.729 26.1005 0.0714173 0.293567 216.69 26.221 0.071782
216.729 26.1005 0.0714173 0.293567 216.69 26.221 0.071782
216.695 26.1347 0.0699734 0.298146 216.69 26.221 0.071782
216.596 26.2141 0.0786371 0.0274544 216.69 26.221 0.071782
216.682 26.2768 0.0659542 0.0229663 216.69 26.221 0.071782
216.54 26.0155 0.0758901 0.0330694 216.69 26.221 0.071782
216.559 26.139 0.0729424 0.188881 216.69 26.221 0.071782
216.815 26.2313 0.069571 0.111266 216.69 26.221 0.071782
216.594 26.3513 0.074442 0.0410912 216.69 26.221 0.071782
216.594 26.3513 0.074442 0.0410912 216.69 26.221 0.071782
216.804 26.0739 0.0718395 0.141816 216.69 26.221 0.071782
216.729 26.1005 0.0714173 0.293567 216.69 26.221 0.071782
216.695 26.2146 0.0730226 0.291004 216.69 26.221 0.071782
216.695 26.1347 0.0699734 0.298146 216.69 26.221 0.071782
216.682 26.2768 0.0659542 0.0229663 216.69 26.221 0.071782
216.669 26.3024 0.0727548 0.13709 216.69 26.221 0.071782
216.624 26.3347 0.073193 0.0748204 216.69 26.221 0.071782
216.695 26.2146 0.0730226 0.291004 216.69 26.221 0.071782
216.646 26.2017 0.0740486 0.259633 216.69 26.221 0.071782
