61.1874 13.9929 0.107167 0.0242997 61.132 14.558 0.10508
61.2346 14.5065 0.105214 3.91379 61.132 14.558 0.10508
61.2403 14.5212 0.10643 3.30774 61.132 14.558 0.10508
61.3118 14.3997 0.0998452 2.14108 61.132 14.558 0.10508
61.3004 14.3202 0.10393 4.77487 61.132 14.558 0.10508
61.2163 14.4849 0.107989 3.57208 61.132 14.558 0.10508
61.3515 14.3881 0.103373 3.96721 61.132 14.558 0.10508
61.2009 14.4144 0.101211 2.79671 61.132 14.558 0.10508
61.3004 14.3202 0.10393 4.77487 61.132 14.558 0.10508
61.2163 14.4849 0.107989 3.57208 61.132 14.558 0.10508
61.2163 14.4849 0.107989 3.57208 61.132 14.558 0.10508
61.2009 14.4144 0.101211 2.79671 61.132 14.558 0.10508
61.2346 14.5065 0.105214 3.91379 61.132 14.558 0.10508
61.1782 14.3026 0.0995338 1.1367 61.132 14.558 0.10508
61.2693 14.4316 0.0966209 0.296626 61.132 14.558 0.10508
61.3004 14.3202 0.10393 4.77487 61.132 14.558 0.10508
61.2009 14.4144 0.101211 2.79671 61.132 14.558 0.10508
61.2009 14.4144 0.101211 2.79671 61.132 14.558 0.10508
60.9614 14.3059 0.108763 0.585279 61.132 14.558 0.10508
61.3004 14.3202 0.10393 4.77487 61.132 14.558 0.10508
61.308 14.4663 0.0963912 0.222685 61.132 14.558 0.10508
61.3909 14.3188 0.102669 2.54001 61.132 14.558 0.10508
61.3515 14.3881 0.103373 3.96721 61.132 14.558 0.10508
61.3004 14.3202 0.10393 4.77487 61.132 14.558 0.10508
61.3004 14.3202 0.10393 4.77487 61.132 14.558 0.10508
61.2403 14.5212 0.10643 3.30774 61.132 14.558 0.10508
61.3004 14.3202 0.10393 4.77487 61.132 14.558 0.10508
61.3909 14.3188 0.102669 2.54001 61.132 14.558 0.10508
61.209 14.2716 0.101209 2.32016 61.132 14.558 0.10508
61.2403 14.5212 0.10643 3.30774 61.132 14.558 0.10508
61.3004 14.3202 0.10393 4.77487 61.132 14.558 0.10508
61.2009 14.4144 0.101211 2.79671 61.132 14.558 0.10508
61.2346 14.5065 0.105214 3.91379 61.132 14.558 0.10508
60.9929 14.1547 0.105076 0.176768 61.132 14.558 0.10508
61.0367 14.2485 0.106138 1.11675 61.132 14.558 0.10508
61.0594 14.299 0.0992741 0.233441 61.132 14.558 0.10508
61.2403 14.5212 0.10643 3.30774 61.132 14.558 0.10508
61.3118 14.3997 0.0998452 2.14108 61.132 14.558 0.10508
61.2455 14.347 0.0961596 0.242874 61.132 14.558 0.10508
61.0998 14.1411 0.102891 0.389988 61.132 14.558 0.10508
61.3515 14.3881 0.103373 3.96721 61.132 14.558 0.10508
61.3004 14.3202 0.10393 4.77487 61.132 14.558 0.10508
61.209 14.2716 0.101209 2.32016 61.132 14.558 0.10508
61.2403 14.5212 0.10643 3.30774 61.132 14.558 0.10508
61.3004 14.3202 0.10393 4.77487 61.132 14.558 0.10508
61.3004 14.3202 0.10393 4.77487 61.132 14.558 0.10508
60.9637 14.3771 0.101705 0.18472 61.132 14.558 0.10508
61.3515 14.3881 0.103373 3.96721 61.132 14.558 0.10508
61.4071 14.3695 0.0984777 0.907398 61.132 14.558 0.10508
61.2403 14.5212 0.10643 3.30774 61.132 14.558 0.10508
61.4071 14.3695 0.0984777 0.907398 61.132 14.558 0.10508
61.2346 14.5065 0.105214 3.91379 61.132 14.558 0.10508
61.3118 14.3997 0.0998452 2.14108 61.132 14.558 0.10508
61.3118 14.3997 0.0998452 2.14108 61.132 14.558 0.10508
61.2163 14.4849 0.107989 3.57208 61.132 14.558 0.10508
61.3677 14.5377 0.103713 1.52702 61.132 14.558 0.10508
61.2163 14.4849 0.107989 3.57208 61.132 14.558 0.10508
61.3677 14.5377 0.103713 1.52702 61.132 14.558 0.10508
61.3515 14.3881 0.103373 3.96721 61.132 14.558 0.10508
61.3515 14.3881 0.103373 3.96721 61.132 14.558 0.10508
60.9929 14.1547 0.105076 0.176768 61.132 14.558 0.10508
61.2346 14.5065 0.105214 3.91379 61.132 14.558 0.10508
61.1782 14.3026 0.0995338 1.1367 61.132 14.558 0.10508
61.209 14.2716 0.101209 2.32016 61.132 14.558 0.10508
61.209 14.2716 0.101209 2.32016 61.132 14.558 0.10508
61.0035 14.3101 0.0997036 0.117993 61.132 14.558 0.10508
61.2346 14.5065 0.105214 3.91379 61.132 14.558 0.10508
60.9614 14.3059 0.108763 0.585279 61.132 14.558 0.10508
61.3004 14.3202 0.10393 4.77487 61.132 14.558 0.10508
61.2009 14.4144 0.101211 2.79671 61.132 14.558 0.10508
61.4071 14.3695 0.0984777 0.907398 61.132 14.558 0.10508
61.4179 14.224 0.0998739 0.739675 61.132 14.558 0.10508
61.0034 14.3173 0.103225 0.658476 61.132 14.558 0.10508
61.0367 14.2485 0.106138 1.11675 61.132 14.558 0.10508
61.3677 14.5377 0.103713 1.52702 61.132 14.558 0.10508
61.2346 14.5065 0.105214 3.91379 61.132 14.558 0.10508
61.0034 14.3173 0.103225 0.658476 61.132 14.558 0.10508
61.209 14.2716 0.101209 2.32016 61.132 14.558 0.10508
61.0998 14.1411 0.102891 0.389988 61.132 14.558 0.10508
61.3118 14.3997 0.0998452 2.14108 61.132 14.558 0.10508
61.2009 14.4144 0.101211 2.79671 61.132 14.558 0.10508
61.3118 14.3997 0.0998452 2.14108 61.132 14.558 0.10508
61.2163 14.4849 0.107989 3.57208 61.132 14.558 0.10508
61.2403 14.5212 0.10643 3.30774 61.132 14.558 0.10508
61.2009 14.4144 0.101211 2.79671 61.132 14.558 0.10508
61.3909 14.3188 0.102669 2.54001 61.132 14.558 0.10508
61.0276 14.549 0.100476 0.0999576 61.132 14.558 0.10508
61.2403 14.5212 0.10643 3.30774 61.132 14.558 0.10508
61.3865 14.4088 0.0984739 0.927913 61.132 14.558 0.10508
61.3004 14.3202 0.10393 4.77487 61.132 14.558 0.10508
61.2403 14.5212 0.10643 3.30774 61.132 14.558 0.10508
60.9436 14.4376 0.103372 0.230925 61.132 14.558 0.10508
61.2403 14.5212 0.10643 3.30774 61.132 14.558 0.10508
61.2009 14.4144 0.101211 2.79671 61.132 14.558 0.10508
61.5086 14.3245 0.103114 0.553063 61.132 14.558 0.10508
61.1782 14.3026 0.0995338 1.1367 61.132 14.558 0.10508
61.2346 14.5065 0.105214 3.91379 61.132 14.558 0.10508
61.2403 14.5212 0.10643 3.30774 61.132 14.558 0.10508
61.3677 14.5377 0.103713 1.52702 61.132 14.558 0.10508
61.0034 14.3173 0.103225 0.658476 61.132 14.558 0.10508
61.2009 14.4144 0.101211 2.79671 61.132 14.558 0.10508
61.2009 14.4144 0.101211 2.79671 61.132 14.558 0.10508
61.2403 14.5212 0.10643 3.30774 61.132 14.558 0.10508
61.0034 14.3173 0.103225 0.658476 61.132 14.558 0.10508
61.0066 14.1525 0.105194 0.212935 61.132 14.558 0.10508
61.3004 14.3202 0.10393 4.77487 61.132 14.558 0.10508
61.0727 14.5001 0.101383 0.554968 61.132 14.558 0.10508
61.2163 14.4849 0.107989 3.57208 61.132 14.558 0.10508
61.3677 14.5377 0.103713 1.52702 61.132 14.558 0.10508
61.1782 14.3026 0.0995338 1.1367 61.132 14.558 0.10508
61.3004 14.3202 0.10393 4.77487 61.132 14.558 0.10508
61.1782 14.3026 0.0995338 1.1367 61.132 14.558 0.10508
61.1067 14.3879 0.0992651 0.498923 61.132 14.558 0.10508
61.3515 14.3881 0.103373 3.96721 61.132 14.558 0.10508
61.3118 14.3997 0.0998452 2.14108 61.132 14.558 0.10508
61.2403 14.5212 0.10643 3.30774 61.132 14.558 0.10508
61.2403 14.5212 0.10643 3.30774 61.132 14.558 0.10508
61.2163 14.4849 0.107989 3.57208 61.132 14.558 0.10508
61.1782 14.3026 0.0995338 1.1367 61.132 14.558 0.10508
61.3515 14.3881 0.103373 3.96721 61.132 14.558 0.10508
61.2346 14.5065 0.105214 3.91379 61.132 14.558 0.10508
61.2009 14.4144 0.101211 2.79671 61.132 14.558 0.10508
61.5308 14.4126 0.0963423 0.0905124 61.132 14.558 0.10508
61.3118 14.3997 0.0998452 2.14108 61.132 14.558 0.10508
61.3118 14.3997 0.0998452 2.14108 61.132 14.558 0.10508
61.4071 14.3695 0.0984777 0.907398 61.132 14.558 0.10508
61.1905 14.2887 0.113917 0.151713 61.132 14.558 0.10508
61.3118 14.3997 0.0998452 2.14108 61.132 14.558 0.10508
61.4179 14.224 0.0998739 0.739675 61.132 14.558 0.10508
61.2163 14.4849 0.107989 3.57208 61.132 14.558 0.10508
61.2163 14.4849 0.107989 3.57208 61.132 14.558 0.10508
61.1067 14.3879 0.0992651 0.498923 61.132 14.558 0.10508
61.3865 14.4088 0.0984739 0.927913 61.132 14.558 0.10508
61.209 14.2716 0.101209 2.32016 61.132 14.558 0.10508
61.2346 14.5065 0.105214 3.91379 61.132 14.558 0.10508
61.3677 14.5377 0.103713 1.52702 61.132 14.558 0.10508
60.9466 14.375 0.107812 0.651631 61.132 14.558 0.10508
61.0034 14.3173 0.103225 0.658476 61.132 14.558 0.10508
61.3004 14.3202 0.10393 4.77487 61.132 14.558 0.10508
61.2009 14.4144 0.101211 2.79671 61.132 14.558 0.10508
61.2346 14.5065 0.105214 3.91379 61.132 14.558 0.10508
61.2163 14.4849 0.107989 3.57208 61.132 14.558 0.10508
61.3677 14.5377 0.103713 1.52702 61.132 14.558 0.10508
61.209 14.2716 0.101209 2.32016 61.132 14.558 0.10508
61.1782 14.3026 0.0995338 1.1367 61.132 14.558 0.10508
61.3865 14.4088 0.0984739 0.927913 61.132 14.558 0.10508
61.2009 14.4144 0.101211 2.79671 61.132 14.558 0.10508
61.4179 14.224 0.0998739 0.739675 61.132 14.558 0.10508
61.4071 14.3695 0.0984777 0.907398 61.132 14.558 0.10508
61.2403 14.5212 0.10643 3.30774 61.132 14.558 0.10508
61.3865 14.4088 0.0984739 0.927913 61.132 14.558 0.10508
61.2346 14.5065 0.105214 3.91379 61.132 14.558 0.10508
61.209 14.2716 0.101209 2.32016 61.132 14.558 0.10508
61.2009 14.4144 0.101211 2.79671 61.132 14.558 0.10508
61.2163 14.4849 0.107989 3.57208 61.132 14.558 0.10508
61.4071 14.3695 0.0984777 0.907398 61.132 14.558 0.10508
60.9614 14.3059 0.108763 0.585279 61.132 14.558 0.10508
61.1067 14.3879 0.0992651 0.498923 61.132 14.558 0.10508
61.3004 14.3202 0.10393 4.77487 61.132 14.558 0.10508
61.3515 14.3881 0.103373 3.96721 61.132 14.558 0.10508
61.0594 14.299 0.0992741 0.233441 61.132 14.558 0.10508
61.3515 14.3881 0.103373 3.96721 61.132 14.558 0.10508
61.3909 14.3188 0.102669 2.54001 61.132 14.558 0.10508
61.3118 14.3997 0.0998452 2.14108 61.132 14.558 0.10508
61.3515 14.3881 0.103373 3.96721 61.132 14.558 0.10508
61.209 14.2716 0.101209 2.32016 61.132 14.558 0.10508
61.4179 14.224 0.0998739 0.739675 61.132 14.558 0.10508
61.4071 14.3695 0.0984777 0.907398 61.132 14.558 0.10508
61.2009 14.4144 0.101211 2.79671 61.132 14.558 0.10508
61.3004 14.3202 0.10393 4.77487 61.132 14.558 0.10508
61.3004 14.3202 0.10393 4.77487 61.132 14.558 0.10508
61.3118 14.3997 0.0998452 2.14108 61.132 14.558 0.10508
61.3004 14.3202 0.10393 4.77487 61.132 14.558 0.10508
61.5308 14.4126 0.0963423 0.0905124 61.132 14.558 0.10508
61.3515 14.3881 0.103373 3.96721 61.132 14.558 0.10508
61.3515 14.3881 0.103373 3.96721 61.132 14.558 0.10508
61.2346 14.5065 0.105214 3.91379 61.132 14.558 0.10508
61.2163 14.4849 0.107989 3.57208 61.132 14.558 0.10508
61.3004 14.3202 0.10393 4.77487 61.132 14.558 0.10508
61.2455 14.347 0.0961596 0.242874 61.132 14.558 0.10508
61.209 14.2716 0.101209 2.32016 61.132 14.558 0.10508
61.4071 14.3695 0.0984777 0.907398 61.132 14.558 0.10508
61.4071 14.3695 0.0984777 0.907398 61.132 14.558 0.10508
61.209 14.2716 0.101209 2.32016 61.132 14.558 0.10508
61.2009 14.4144 0.101211 2.79671 61.132 14.558 0.10508
61.2403 14.5212 0.10643 3.30774 61.132 14.558 0.10508
61.3515 14.3881 0.103373 3.96721 61.132 14.558 0.10508
61.2163 14.4849 0.107989 3.57208 61.132 14.558 0.10508
61.2009 14.4144 0.101211 2.79671 61.132 14.558 0.10508
61.3004 14.3202 0.10393 4.77487 61.132 14.558 0.10508
61.3118 14.3997 0.0998452 2.14108 61.132 14.558 0.10508
61.3865 14.4088 0.0984739 0.927913 61.132 14.558 0.10508
61.3004 14.3202 0.10393 4.77487 61.132 14.558 0.10508
61.2009 14.4144 0.101211 2.79671 61.132 14.558 0.10508
60.9466 14.375 0.107812 0.651631 61.132 14.558 0.10508
61.0727 14.5001 0.101383 0.554968 61.132 14.558 0.10508
61.3004 14.3202 0.10393 4.77487 61.132 14.558 0.10508
61.0276 14.549 0.100476 0.0999576 61.132 14.558 0.10508
61.2163 14.4849 0.107989 3.57208 61.132 14.558 0.10508
61.209 14.2716 0.101209 2.32016 61.132 14.558 0.10508
