63.9896 14.8809 0.0942058 0.304714 63.92 14.85 0.10423
63.7533 15.0025 0.1006 1.05665 63.92 14.85 0.10423
63.9904 14.8342 0.108407 0.443839 63.92 14.85 0.10423
64.0515 14.9466 0.106766 0.966354 63.92 14.85 0.10423
63.7516 15.2233 0.101948 0.936674 63.92 14.85 0.10423
63.7516 15.2233 0.101948 0.936674 63.92 14.85 0.10423
63.9052 15.119 0.101615 2.87442 63.92 14.85 0.10423
63.8447 15.0632 0.107438 1.51757 63.92 14.85 0.10423
63.7533 15.0025 0.1006 1.05665 63.92 14.85 0.10423
63.8668 15.1585 0.103875 2.14504 63.92 14.85 0.10423
63.9806 15.0832 0.104104 2.49498 63.92 14.85 0.10423
64.0124 15.2995 0.088399 0.219053 63.92 14.85 0.10423
63.8599 14.95 0.104084 1.65013 63.92 14.85 0.10423
63.878 14.9799 0.099337 1.72951 63.92 14.85 0.10423
63.8668 15.1585 0.103875 2.14504 63.92 14.85 0.10423
64.0515 14.9466 0.106766 0.966354 63.92 14.85 0.10423
63.8874 15.0063 0.0931315 0.603965 63.92 14.85 0.10423
63.7262 15.2395 0.0963763 0.480308 63.92 14.85 0.10423
63.9806 15.0832 0.104104 2.49498 63.92 14.85 0.10423
63.9806 15.0832 0.104104 2.49498 63.92 14.85 0.10423
63.8272 15.0987 0.10137 2.24254 63.92 14.85 0.10423
63.9806 15.0832 0.104104 2.49498 63.92 14.85 0.10423
63.7533 15.0025 0.1006 1.05665 63.92 14.85 0.10423
63.7533 15.0025 0.1006 1.05665 63.92 14.85 0.10423
64.0201 15.0294 0.10218 2.33251 63.92 14.85 0.10423
63.8599 14.95 0.104084 1.65013 63.92 14.85 0.10423
63.9052 15.119 0.101615 2.87442 63.92 14.85 0.10423
63.9806 15.0832 0.104104 2.49498 63.92 14.85 0.10423
64.0515 14.9466 0.106766 0.966354 63.92 14.85 0.10423
63.8668 15.1585 0.103875 2.14504 63.92 14.85 0.10423
63.9806 15.0832 0.104104 2.49498 63.92 14.85 0.10423
63.8668 15.1585 0.103875 2.14504 63.92 14.85 0.10423
63.9806 15.0832 0.104104 2.49498 63.92 14.85 0.10423
63.8272 15.0987 0.10137 2.24254 63.92 14.85 0.10423
64.0201 15.0294 0.10218 2.33251 63.92 14.85 0.10423
63.8272 15.0987 0.10137 2.24254 63.92 14.85 0.10423
64.0201 15.0294 0.10218 2.33251 63.92 14.85 0.10423
63.9052 15.119 0.101615 2.87442 63.92 14.85 0.10423
63.8447 15.0632 0.107438 1.51757 63.92 14.85 0.10423
63.9052 15.119 0.101615 2.87442 63.92 14.85 0.10423
63.8874 15.0063 0.0931315 0.603965 63.92 14.85 0.10423
63.8447 15.0632 0.107438 1.51757 63.92 14.85 0.10423
63.7294 15.3264 0.108147 0.128303 63.92 14.85 0.10423
63.7533 15.0025 0.1006 1.05665 63.92 14.85 0.10423
64.0124 15.2995 0.088399 0.219053 63.92 14.85 0.10423
63.9806 15.0832 0.104104 2.49498 63.92 14.85 0.10423
63.7262 15.2395 0.0963763 0.480308 63.92 14.85 0.10423
64.0897 15.003 0.103367 1.39978 63.92 14.85 0.10423
63.9806 15.0832 0.104104 2.49498 63.92 14.85 0.10423
63.9441 14.7442 0.108999 0.164263 63.92 14.85 0.10423
63.9806 15.0832 0.104104 2.49498 63.92 14.85 0.10423
64.0132 15.0156 0.112335 0.360284 63.92 14.85 0.10423
63.9806 15.0832 0.104104 2.49498 63.92 14.85 0.10423
63.7533 15.0025 0.1006 1.05665 63.92 14.85 0.10423
63.8447 15.0632 0.107438 1.51757 63.92 14.85 0.10423
63.9228 14.9619 0.10619 1.65496 63.92 14.85 0.10423
64.1372 15.2308 0.106984 0.320985 63.92 14.85 0.10423
63.9228 14.9619 0.10619 1.65496 63.92 14.85 0.10423
63.8447 15.0632 0.107438 1.51757 63.92 14.85 0.10423
63.8044 14.8518 0.0970946 0.254148 63.92 14.85 0.10423
63.8272 15.0987 0.10137 2.24254 63.92 14.85 0.10423
63.9605 14.7684 0.1058 0.296781 63.92 14.85 0.10423
63.8447 15.0632 0.107438 1.51757 63.92 14.85 0.10423
63.6408 15.1879 0.100419 0.323156 63.92 14.85 0.10423
63.8447 15.0632 0.107438 1.51757 63.92 14.85 0.10423
63.8599 14.95 0.104084 1.65013 63.92 14.85 0.10423
64.0897 15.003 0.103367 1.39978 63.92 14.85 0.10423
63.9441 14.7442 0.108999 0.164263 63.92 14.85 0.10423
63.9198 14.8632 0.0979491 0.569033 63.92 14.85 0.10423
63.5296 15.0996 0.0952185 0.0240611 63.92 14.85 0.10423
63.8272 15.0987 0.10137 2.24254 63.92 14.85 0.10423
64.0897 15.003 0.103367 1.39978 63.92 14.85 0.10423
63.8599 14.95 0.104084 1.65013 63.92 14.85 0.10423
63.9052 15.119 0.101615 2.87442 63.92 14.85 0.10423
63.9052 15.119 0.101615 2.87442 63.92 14.85 0.10423
63.7516 15.2233 0.101948 0.936674 63.92 14.85 0.10423
63.6408 15.1879 0.100419 0.323156 63.92 14.85 0.10423
63.9198 14.8632 0.0979491 0.569033 63.92 14.85 0.10423
63.878 14.9799 0.099337 1.72951 63.92 14.85 0.10423
63.7516 15.2233 0.101948 0.936674 63.92 14.85 0.10423
63.921 14.8147 0.118089 0.0249304 63.92 14.85 0.10423
63.8272 15.0987 0.10137 2.24254 63.92 14.85 0.10423
64.0201 15.0294 0.10218 2.33251 63.92 14.85 0.10423
63.9052 15.119 0.101615 2.87442 63.92 14.85 0.10423
64.0897 15.003 0.103367 1.39978 63.92 14.85 0.10423
63.8447 15.0632 0.107438 1.51757 63.92 14.85 0.10423
63.8668 15.1585 0.103875 2.14504 63.92 14.85 0.10423
63.8668 15.1585 0.103875 2.14504 63.92 14.85 0.10423
63.8668 15.1585 0.103875 2.14504 63.92 14.85 0.10423
64.0201 15.0294 0.10218 2.33251 63.92 14.85 0.10423
63.9806 15.0832 0.104104 2.49498 63.92 14.85 0.10423
64.2656 14.8791 0.106579 0.0651462 63.92 14.85 0.10423
64.0201 15.0294 0.10218 2.33251 63.92 14.85 0.10423
63.8874 15.0063 0.0931315 0.603965 63.92 14.85 0.10423
63.7908 15.3658 0.105597 0.211864 63.92 14.85 0.10423
64.0897 15.003 0.103367 1.39978 63.92 14.85 0.10423
63.7516 15.2233 0.101948 0.936674 63.92 14.85 0.10423
63.8272 15.0987 0.10137 2.24254 63.92 14.85 0.10423
63.9052 15.119 0.101615 2.87442 63.92 14.85 0.10423
64.0536 15.2583 0.106203 0.600536 63.92 14.85 0.10423
63.9904 14.8342 0.108407 0.443839 63.92 14.85 0.10423
63.7674 15.1774 0.0945221 0.616893 63.92 14.85 0.10423
63.9052 15.119 0.101615 2.87442 63.92 14.85 0.10423
64.1166 15.0083 0.0894368 0.15292 63.92 14.85 0.10423
63.9052 15.119 0.101615 2.87442 63.92 14.85 0.10423
63.6376 15.4956 0.101354 0.0113903 63.92 14.85 0.10423
63.9228 14.9619 0.10619 1.65496 63.92 14.85 0.10423
64.0897 15.003 0.103367 1.39978 63.92 14.85 0.10423
63.7674 15.1774 0.0945221 0.616893 63.92 14.85 0.10423
63.6193 15.168 0.10904 0.135463 63.92 14.85 0.10423
63.9228 14.9619 0.10619 1.65496 63.92 14.85 0.10423
63.9052 15.119 0.101615 2.87442 63.92 14.85 0.10423
64.0897 15.003 0.103367 1.39978 63.92 14.85 0.10423
63.9605 14.7684 0.1058 0.296781 63.92 14.85 0.10423
63.9228 14.9619 0.10619 1.65496 63.92 14.85 0.10423
63.7516 15.2233 0.101948 0.936674 63.92 14.85 0.10423
63.6952 15.0743 0.10696 0.613897 63.92 14.85 0.10423
63.7533 15.0025 0.1006 1.05665 63.92 14.85 0.10423
64.0897 15.003 0.103367 1.39978 63.92 14.85 0.10423
63.6669 14.9594 0.105963 0.397728 63.92 14.85 0.10423
63.9052 15.119 0.101615 2.87442 63.92 14.85 0.10423
64.2416 15.1554 0.108195 0.101719 63.92 14.85 0.10423
63.8668 15.1585 0.103875 2.14504 63.92 14.85 0.10423
63.8044 14.8518 0.0970946 0.254148 63.92 14.85 0.10423
63.9198 14.8632 0.0979491 0.569033 63.92 14.85 0.10423
63.7671 14.7064 0.103272 0.0640788 63.92 14.85 0.10423
63.7569 15.067 0.0986239 1.09724 63.92 14.85 0.10423
63.7533 15.0025 0.1006 1.05665 63.92 14.85 0.10423
63.8272 15.0987 0.10137 2.24254 63.92 14.85 0.10423
64.0515 14.9466 0.106766 0.966354 63.92 14.85 0.10423
63.9052 15.119 0.101615 2.87442 63.92 14.85 0.10423
63.9896 14.8809 0.0942058 0.304714 63.92 14.85 0.10423
63.9896 14.8809 0.0942058 0.304714 63.92 14.85 0.10423
63.8447 15.0632 0.107438 1.51757 63.92 14.85 0.10423
63.8831 15.2342 0.117627 0.0145253 63.92 14.85 0.10423
63.8668 15.1585 0.103875 2.14504 63.92 14.85 0.10423
63.9228 14.9619 0.10619 1.65496 63.92 14.85 0.10423
63.8447 15.0632 0.107438 1.51757 63.92 14.85 0.10423
63.878 14.9799 0.099337 1.72951 63.92 14.85 0.10423
64.0087 14.966 0.113493 0.231908 63.92 14.85 0.10423
63.9806 15.0832 0.104104 2.49498 63.92 14.85 0.10423
63.6408 15.1879 0.100419 0.323156 63.92 14.85 0.10423
63.8272 15.0987 0.10137 2.24254 63.92 14.85 0.10423
63.8874 15.0063 0.0931315 0.603965 63.92 14.85 0.10423
63.9441 14.7442 0.108999 0.164263 63.92 14.85 0.10423
64.0201 15.0294 0.10218 2.33251 63.92 14.85 0.10423
63.7533 15.0025 0.1006 1.05665 63.92 14.85 0.10423
63.878 14.9799 0.099337 1.72951 63.92 14.85 0.10423
64.0897 15.003 0.103367 1.39978 63.92 14.85 0.10423
63.878 14.9799 0.099337 1.72951 63.92 14.85 0.10423
64.0897 15.003 0.103367 1.39978 63.92 14.85 0.10423
64.0897 15.003 0.103367 1.39978 63.92 14.85 0.10423
63.6669 14.9594 0.105963 0.397728 63.92 14.85 0.10423
63.9052 15.119 0.101615 2.87442 63.92 14.85 0.10423
63.8668 15.1585 0.103875 2.14504 63.92 14.85 0.10423
63.7569 15.067 0.0986239 1.09724 63.92 14.85 0.10423
63.9052 15.119 0.101615 2.87442 63.92 14.85 0.10423
63.9228 14.9619 0.10619 1.65496 63.92 14.85 0.10423
63.6952 15.0743 0.10696 0.613897 63.92 14.85 0.10423
63.9228 14.9619 0.10619 1.65496 63.92 14.85 0.10423
63.8447 15.0632 0.107438 1.51757 63.92 14.85 0.10423
63.9228 14.9619 0.10619 1.65496 63.92 14.85 0.10423
64.0201 15.0294 0.10218 2.33251 63.92 14.85 0.10423
63.9904 14.8342 0.108407 0.443839 63.92 14.85 0.10423
64.2656 14.8791 0.106579 0.0651462 63.92 14.85 0.10423
63.8272 15.0987 0.10137 2.24254 63.92 14.85 0.10423
63.878 14.9799 0.099337 1.72951 63.92 14.85 0.10423
64.0515 14.9466 0.106766 0.966354 63.92 14.85 0.10423
64.0201 15.0294 0.10218 2.33251 63.92 14.85 0.10423
63.7908 15.3658 0.105597 0.211864 63.92 14.85 0.10423
63.8668 15.1585 0.103875 2.14504 63.92 14.85 0.10423
63.9228 14.9619 0.10619 1.65496 63.92 14.85 0.10423
64.0201 15.0294 0.10218 2.33251 63.92 14.85 0.10423
63.7674 15.1774 0.0945221 0.616893 63.92 14.85 0.10423
63.9052 15.119 0.101615 2.87442 63.92 14.85 0.10423
63.9904 14.8342 0.108407 0.443839 63.92 14.85 0.10423
63.9228 14.9619 0.10619 1.65496 63.92 14.85 0.10423
63.9605 14.7684 0.1058 0.296781 63.92 14.85 0.10423
63.8272 15.0987 0.10137 2.24254 63.92 14.85 0.10423
63.8668 15.1585 0.103875 2.14504 63.92 14.85 0.10423
63.5592 14.7402 0.108469 0.0110073 63.92 14.85 0.10423
63.9605 14.7684 0.1058 0.296781 63.92 14.85 0.10423
63.8668 15.1585 0.103875 2.14504 63.92 14.85 0.10423
63.9052 15.119 0.101615 2.87442 63.92 14.85 0.10423
63.8447 15.0632 0.107438 1.51757 63.92 14.85 0.10423
63.5726 14.9685 0.09847 0.0647414 63.92 14.85 0.10423
63.7674 15.1774 0.0945221 0.616893 63.92 14.85 0.10423
63.9806 15.0832 0.104104 2.49498 63.92 14.85 0.10423
64.0201 15.0294 0.10218 2.33251 63.92 14.85 0.10423
63.7569 15.067 0.0986239 1.09724 63.92 14.85 0.10423
63.9806 15.0832 0.104104 2.49498 63.92 14.85 0.10423
63.7533 15.0025 0.1006 1.05665 63.92 14.85 0.10423
64.1477 15.3385 0.104932 0.169282 63.92 14.85 0.10423
64.1543 14.8782 0.107989 0.21589 63.92 14.85 0.10423
63.6952 15.0743 0.10696 0.613897 63.92 14.85 0.10423
63.9896 14.8809 0.0942058 0.304714 63.92 14.85 0.10423
63.9052 15.119 0.101615 2.87442 63.92 14.85 0.10423
64.1166 15.0083 0.0894368 0.15292 63.92 14.85 0.10423
63.8668 15.1585 0.103875 2.14504 63.92 14.85 0.10423
63.9052 15.119 0.101615 2.87442 63.92 14.85 0.10423
