-38.0977 -39.3514 1.41049 0.0160505 -38.212 -39.352 1.4054
-38.169 -39.2362 1.40765 0.0215453 -38.212 -39.352 1.4054
-38.3428 -39.1865 1.40578 0.0199954 -38.212 -39.352 1.4054
-38.169 -39.2362 1.40765 0.0215453 -38.212 -39.352 1.4054
-38.2331 -39.2148 1.40278 0.00940459 -38.212 -39.352 1.4054
-38.3428 -39.1865 1.40578 0.0199954 -38.212 -39.352 1.4054
-38.1158 -39.3485 1.40597 0.00748822 -38.212 -39.352 1.4054
-37.9986 -39.3301 1.41169 0.00346443 -38.212 -39.352 1.4054
-38.2089 -39.2625 1.41217 0.0172128 -38.212 -39.352 1.4054
-38.2267 -39.3608 1.41463 0.0136421 -38.212 -39.352 1.4054
-38.169 -39.2362 1.40765 0.0215453 -38.212 -39.352 1.4054
-38.2267 -39.3608 1.41463 0.0136421 -38.212 -39.352 1.4054
-38.3339 -39.1059 1.40632 0.00951296 -38.212 -39.352 1.4054
-38.2089 -39.2625 1.41217 0.0172128 -38.212 -39.352 1.4054
-38.1327 -39.2215 1.41367 0.00418795 -38.212 -39.352 1.4054
-38.1644 -39.4673 1.4156 0.0107491 -38.212 -39.352 1.4054
-38.145 -39.1739 1.40942 0.0095468 -38.212 -39.352 1.4054
-38.284 -39.1537 1.40811 0.0153913 -38.212 -39.352 1.4054
-38.0977 -39.3514 1.41049 0.0160505 -38.212 -39.352 1.4054
-38.0977 -39.3514 1.41049 0.0160505 -38.212 -39.352 1.4054
-38.1327 -39.2215 1.41367 0.00418795 -38.212 -39.352 1.4054
-38.1158 -39.3485 1.40597 0.00748822 -38.212 -39.352 1.4054
-38.284 -39.1537 1.40811 0.0153913 -38.212 -39.352 1.4054
-38.0977 -39.3514 1.41049 0.0160505 -38.212 -39.352 1.4054
-38.2387 -39.3187 1.41396 0.0137752 -38.212 -39.352 1.4054
-38.0775 -39.642 1.41712 0.00122356 -38.212 -39.352 1.4054
-38.3428 -39.1865 1.40578 0.0199954 -38.212 -39.352 1.4054
-38.284 -39.1537 1.40811 0.0153913 -38.212 -39.352 1.4054
-38.2387 -39.3187 1.41396 0.0137752 -38.212 -39.352 1.4054
-38.1188 -39.2025 1.40576 0.00824089 -38.212 -39.352 1.4054
-38.2267 -39.3608 1.41463 0.0136421 -38.212 -39.352 1.4054
-38.1644 -39.4673 1.4156 0.0107491 -38.212 -39.352 1.4054
-38.284 -39.1537 1.40811 0.0153913 -38.212 -39.352 1.4054
-38.284 -39.1537 1.40811 0.0153913 -38.212 -39.352 1.4054
-38.1188 -39.2025 1.40576 0.00824089 -38.212 -39.352 1.4054
-38.169 -39.2362 1.40765 0.0215453 -38.212 -39.352 1.4054
-38.2387 -39.3187 1.41396 0.0137752 -38.212 -39.352 1.4054
-38.145 -39.1739 1.40942 0.0095468 -38.212 -39.352 1.4054
-38.2089 -39.2625 1.41217 0.0172128 -38.212 -39.352 1.4054
-38.145 -39.1739 1.40942 0.0095468 -38.212 -39.352 1.4054
-38.2089 -39.2625 1.41217 0.0172128 -38.212 -39.352 1.4054
-37.9986 -39.3301 1.41169 0.00346443 -38.212 -39.352 1.4054
-38.284 -39.1537 1.40811 0.0153913 -38.212 -39.352 1.4054
-38.3428 -39.1865 1.40578 0.0199954 -38.212 -39.352 1.4054
-38.0775 -39.642 1.41712 0.00122356 -38.212 -39.352 1.4054
-38.1725 -39.3145 1.41815 0.00107682 -38.212 -39.352 1.4054
-38.2267 -39.3608 1.41463 0.0136421 -38.212 -39.352 1.4054
-38.2267 -39.3608 1.41463 0.0136421 -38.212 -39.352 1.4054
-38.053 -39.2841 1.41391 0.00378056 -38.212 -39.352 1.4054
-38.2089 -39.2625 1.41217 0.0172128 -38.212 -39.352 1.4054
-38.1644 -39.4673 1.4156 0.0107491 -38.212 -39.352 1.4054
-38.3428 -39.1865 1.40578 0.0199954 -38.212 -39.352 1.4054
-38.1158 -39.3485 1.40597 0.00748822 -38.212 -39.352 1.4054
-38.0977 -39.3514 1.41049 0.0160505 -38.212 -39.352 1.4054
-38.2331 -39.2148 1.40278 0.00940459 -38.212 -39.352 1.4054
-38.3339 -39.1059 1.40632 0.00951296 -38.212 -39.352 1.4054
-38.2089 -39.2625 1.41217 0.0172128 -38.212 -39.352 1.4054
-38.0977 -39.3514 1.41049 0.0160505 -38.212 -39.352 1.4054
-38.2089 -39.2625 1.41217 0.0172128 -38.212 -39.352 1.4054
-38.053 -39.2841 1.41391 0.00378056 -38.212 -39.352 1.4054
-38.2089 -39.2625 1.41217 0.0172128 -38.212 -39.352 1.4054
-38.0977 -39.3514 1.41049 0.0160505 -38.212 -39.352 1.4054
-38.145 -39.1739 1.40942 0.0095468 -38.212 -39.352 1.4054
-38.2267 -39.3608 1.41463 0.0136421 -38.212 -39.352 1.4054
-38.3428 -39.1865 1.40578 0.0199954 -38.212 -39.352 1.4054
-38.2331 -39.2148 1.40278 0.00940459 -38.212 -39.352 1.4054
-38.2267 -39.3608 1.41463 0.0136421 -38.212 -39.352 1.4054
-38.2267 -39.3608 1.41463 0.0136421 -38.212 -39.352 1.4054
-38.2089 -39.2625 1.41217 0.0172128 -38.212 -39.352 1.4054
-38.2089 -39.2625 1.41217 0.0172128 -38.212 -39.352 1.4054
-37.9986 -39.3301 1.41169 0.00346443 -38.212 -39.352 1.4054
-38.3428 -39.1865 1.40578 0.0199954 -38.212 -39.352 1.4054
-38.2331 -39.2148 1.40278 0.00940459 -38.212 -39.352 1.4054
-38.3428 -39.1865 1.40578 0.0199954 -38.212 -39.352 1.4054
-38.145 -39.1739 1.40942 0.0095468 -38.212 -39.352 1.4054
-38.1644 -39.4673 1.4156 0.0107491 -38.212 -39.352 1.4054
-38.2267 -39.3608 1.41463 0.0136421 -38.212 -39.352 1.4054
-38.1327 -39.2215 1.41367 0.00418795 -38.212 -39.352 1.4054
-38.145 -39.1739 1.40942 0.0095468 -38.212 -39.352 1.4054
-38.169 -39.2362 1.40765 0.0215453 -38.212 -39.352 1.4054
-38.0977 -39.3514 1.41049 0.0160505 -38.212 -39.352 1.4054
-38.2387 -39.3187 1.41396 0.0137752 -38.212 -39.352 1.4054
-38.145 -39.1739 1.40942 0.0095468 -38.212 -39.352 1.4054
-38.2387 -39.3187 1.41396 0.0137752 -38.212 -39.352 1.4054
-38.145 -39.1739 1.40942 0.0095468 -38.212 -39.352 1.4054
-38.1188 -39.2025 1.40576 0.00824089 -38.212 -39.352 1.4054
-38.1158 -39.3485 1.40597 0.00748822 -38.212 -39.352 1.4054
-38.279 -39.3443 1.39822 0.000143816 -38.212 -39.352 1.4054
-38.284 -39.1537 1.40811 0.0153913 -38.212 -39.352 1.4054
-38.0977 -39.3514 1.41049 0.0160505 -38.212 -39.352 1.4054
-38.3428 -39.1865 1.40578 0.0199954 -38.212 -39.352 1.4054
-38.284 -39.1537 1.40811 0.0153913 -38.212 -39.352 1.4054
-38.3339 -39.1059 1.40632 0.00951296 -38.212 -39.352 1.4054
-38.284 -39.1537 1.40811 0.0153913 -38.212 -39.352 1.4054
-38.169 -39.2362 1.40765 0.0215453 -38.212 -39.352 1.4054
-38.3428 -39.1865 1.40578 0.0199954 -38.212 -39.352 1.4054
-38.1644 -39.4673 1.4156 0.0107491 -38.212 -39.352 1.4054
-38.2331 -39.2148 1.40278 0.00940459 -38.212 -39.352 1.4054
-38.2387 -39.3187 1.41396 0.0137752 -38.212 -39.352 1.4054
-38.145 -39.1739 1.40942 0.0095468 -38.212 -39.352 1.4054
-38.2089 -39.2625 1.41217 0.0172128 -38.212 -39.352 1.4054
-38.169 -39.2362 1.40765 0.0215453 -38.212 -39.352 1.4054
-38.2267 -39.3608 1.41463 0.0136421 -38.212 -39.352 1.4054
-38.3339 -39.1059 1.40632 0.00951296 -38.212 -39.352 1.4054
-38.2331 -39.2148 1.40278 0.00940459 -38.212 -39.352 1.4054
-38.284 -39.1537 1.40811 0.0153913 -38.212 -39.352 1.4054
-38.169 -39.2362 1.40765 0.0215453 -38.212 -39.352 1.4054
-38.119 -39.3251 1.40372 0.00299277 -38.212 -39.352 1.4054
-38.2267 -39.3608 1.41463 0.0136421 -38.212 -39.352 1.4054
-38.168 -38.9848 1.41138 9.85872e-05 -38.212 -39.352 1.4054
-38.2089 -39.2625 1.41217 0.0172128 -38.212 -39.352 1.4054
-38.3428 -39.1865 1.40578 0.0199954 -38.212 -39.352 1.4054
-38.053 -39.2841 1.41391 0.00378056 -38.212 -39.352 1.4054
-38.1644 -39.4673 1.4156 0.0107491 -38.212 -39.352 1.4054
-38.3428 -39.1865 1.40578 0.0199954 -38.212 -39.352 1.4054
-38.3339 -39.1059 1.40632 0.00951296 -38.212 -39.352 1.4054
-38.2089 -39.2625 1.41217 0.0172128 -38.212 -39.352 1.4054
-38.2089 -39.2625 1.41217 0.0172128 -38.212 -39.352 1.4054
-38.145 -39.1739 1.40942 0.0095468 -38.212 -39.352 1.4054
-38.3428 -39.1865 1.40578 0.0199954 -38.212 -39.352 1.4054
-38.3339 -39.1059 1.40632 0.00951296 -38.212 -39.352 1.4054
-38.2267 -39.3608 1.41463 0.0136421 -38.212 -39.352 1.4054
-38.053 -39.2841 1.41391 0.00378056 -38.212 -39.352 1.4054
-38.1644 -39.4673 1.4156 0.0107491 -38.212 -39.352 1.4054
-38.2267 -39.3608 1.41463 0.0136421 -38.212 -39.352 1.4054
-38.0977 -39.3514 1.41049 0.0160505 -38.212 -39.352 1.4054
-38.0977 -39.3514 1.41049 0.0160505 -38.212 -39.352 1.4054
-38.284 -39.1537 1.40811 0.0153913 -38.212 -39.352 1.4054
-38.3339 -39.1059 1.40632 0.00951296 -38.212 -39.352 1.4054
-38.284 -39.1537 1.40811 0.0153913 -38.212 -39.352 1.4054
-38.169 -39.2362 1.40765 0.0215453 -38.212 -39.352 1.4054
-38.2267 -39.3608 1.41463 0.0136421 -38.212 -39.352 1.4054
-38.169 -39.2362 1.40765 0.0215453 -38.212 -39.352 1.4054
-38.3339 -39.1059 1.40632 0.00951296 -38.212 -39.352 1.4054
-38.145 -39.1739 1.40942 0.0095468 -38.212 -39.352 1.4054
-38.2089 -39.2625 1.41217 0.0172128 -38.212 -39.352 1.4054
-38.1158 -39.3485 1.40597 0.00748822 -38.212 -39.352 1.4054
-38.1644 -39.4673 1.4156 0.0107491 -38.212 -39.352 1.4054
-38.0977 -39.3514 1.41049 0.0160505 -38.212 -39.352 1.4054
-38.2267 -39.3608 1.41463 0.0136421 -38.212 -39.352 1.4054
-37.9986 -39.3301 1.41169 0.00346443 -38.212 -39.352 1.4054
-38.1158 -39.3485 1.40597 0.00748822 -38.212 -39.352 1.4054
-38.169 -39.2362 1.40765 0.0215453 -38.212 -39.352 1.4054
-38.2267 -39.3608 1.41463 0.0136421 -38.212 -39.352 1.4054
-38.2387 -39.3187 1.41396 0.0137752 -38.212 -39.352 1.4054
-38.284 -39.1537 1.40811 0.0153913 -38.212 -39.352 1.4054
-38.053 -39.2841 1.41391 0.00378056 -38.212 -39.352 1.4054
-38.1158 -39.3485 1.40597 0.00748822 -38.212 -39.352 1.4054
-38.2387 -39.3187 1.41396 0.0137752 -38.212 -39.352 1.4054
-38.0977 -39.3514 1.41049 0.0160505 -38.212 -39.352 1.4054
-38.145 -39.1739 1.40942 0.0095468 -38.212 -39.352 1.4054
-38.169 -39.2362 1.40765 0.0215453 -38.212 -39.352 1.4054
-38.2089 -39.2625 1.41217 0.0172128 -38.212 -39.352 1.4054
-38.2387 -39.3187 1.41396 0.0137752 -38.212 -39.352 1.4054
-38.2267 -39.3608 1.41463 0.0136421 -38.212 -39.352 1.4054
-38.2089 -39.2625 1.41217 0.0172128 -38.212 -39.352 1.4054
-38.2089 -39.2625 1.41217 0.0172128 -38.212 -39.352 1.4054
-38.284 -39.1537 1.40811 0.0153913 -38.212 -39.352 1.4054
-38.0977 -39.3514 1.41049 0.0160505 -38.212 -39.352 1.4054
-38.284 -39.1537 1.40811 0.0153913 -38.212 -39.352 1.4054
-38.1158 -39.3485 1.40597 0.00748822 -38.212 -39.352 1.4054
-38.119 -39.3251 1.40372 0.00299277 -38.212 -39.352 1.4054
-38.3339 -39.1059 1.40632 0.00951296 -38.212 -39.352 1.4054
-38.2331 -39.2148 1.40278 0.00940459 -38.212 -39.352 1.4054
-38.169 -39.2362 1.40765 0.0215453 -38.212 -39.352 1.4054
-38.169 -39.2362 1.40765 0.0215453 -38.212 -39.352 1.4054
-38.2331 -39.2148 1.40278 0.00940459 -38.212 -39.352 1.4054
-38.1644 -39.4673 1.4156 0.0107491 -38.212 -39.352 1.4054
-38.2267 -39.3608 1.41463 0.0136421 -38.212 -39.352 1.4054
-38.1158 -39.3485 1.40597 0.00748822 -38.212 -39.352 1.4054
-38.0977 -39.3514 1.41049 0.0160505 -38.212 -39.352 1.4054
-38.284 -39.1537 1.40811 0.0153913 -38.212 -39.352 1.4054
-38.0977 -39.3514 1.41049 0.0160505 -38.212 -39.352 1.4054
-38.0977 -39.3514 1.41049 0.0160505 -38.212 -39.352 1.4054
-38.2089 -39.2625 1.41217 0.0172128 -38.212 -39.352 1.4054
-38.0977 -39.3514 1.41049 0.0160505 -38.212 -39.352 1.4054
-37.9131 -39.4048 1.41173 0.000557565 -38.212 -39.352 1.4054
-38.0775 -39.642 1.41712 0.00122356 -38.212 -39.352 1.4054
-38.1327 -39.2215 1.41367 0.00418795 -38.212 -39.352 1.4054
-38.2387 -39.3187 1.41396 0.0137752 -38.212 -39.352 1.4054
-38.1644 -39.4673 1.4156 0.0107491 -38.212 -39.352 1.4054
-38.2089 -39.2625 1.41217 0.0172128 -38.212 -39.352 1.4054
-38.169 -39.2362 1.40765 0.0215453 -38.212 -39.352 1.4054
-38.2089 -39.2625 1.41217 0.0172128 -38.212 -39.352 1.4054
-38.0977 -39.3514 1.41049 0.0160505 -38.212 -39.352 1.4054
-38.0977 -39.3514 1.41049 0.0160505 -38.212 -39.352 1.4054
-38.2267 -39.3608 1.41463 0.0136421 -38.212 -39.352 1.4054
-38.169 -39.2362 1.40765 0.0215453 -38.212 -39.352 1.4054
-38.169 -39.2362 1.40765 0.0215453 -38.212 -39.352 1.4054
-38.053 -39.2841 1.41391 0.00378056 -38.212 -39.352 1.4054
-38.145 -39.1739 1.40942 0.0095468 -38.212 -39.352 1.4054
-38.3428 -39.1865 1.40578 0.0199954 -38.212 -39.352 1.4054
-38.2089 -39.2625 1.41217 0.0172128 -38.212 -39.352 1.4054
-38.1644 -39.4673 1.4156 0.0107491 -38.212 -39.352 1.4054
-38.284 -39.1537 1.40811 0.0153913 -38.212 -39.352 1.4054
-38.284 -39.1537 1.40811 0.0153913 -38.212 -39.352 1.4054
-38.3428 -39.1865 1.40578 0.0199954 -38.212 -39.352 1.4054
-38.169 -39.2362 1.40765 0.0215453 -38.212 -39.352 1.4054
-38.284 -39.1537 1.40811 0.0153913 -38.212 -39.352 1.4054
-38.2267 -39.3608 1.41463 0.0136421 -38.212 -39.352 1.4054
