191.718 25.0891 0.0758133 0.0474443 191.77 25.01 0.070598
191.883 25.1871 0.0677726 0.134713 191.77 25.01 0.070598
191.755 24.9652 0.0686323 0.52035 191.77 25.01 0.070598
191.829 24.9679 0.0660221 0.504016 191.77 25.01 0.070598
191.755 24.9652 0.0686323 0.52035 191.77 25.01 0.070598
191.752 25.1898 0.0662271 0.103023 191.77 25.01 0.070598
191.903 25.0764 0.0673726 0.379635 191.77 25.01 0.070598
191.973 24.9784 0.0686907 0.165837 191.77 25.01 0.070598
191.903 25.0764 0.0673726 0.379635 191.77 25.01 0.070598
191.755 24.9652 0.0686323 0.52035 191.77 25.01 0.070598
191.892 24.9673 0.0642926 0.310116 191.77 25.01 0.070598
191.755 24.9652 0.0686323 0.52035 191.77 25.01 0.070598
191.726 25.0161 0.0659055 0.323222 191.77 25.01 0.070598
191.903 25.0764 0.0673726 0.379635 191.77 25.01 0.070598
191.718 25.0891 0.0758133 0.0474443 191.77 25.01 0.070598
191.726 25.0161 0.0659055 0.323222 191.77 25.01 0.070598
191.66 25.1007 0.0746906 0.0653914 191.77 25.01 0.070598
192.028 25.116 0.0639307 0.0485073 191.77 25.01 0.070598
191.883 25.1871 0.0677726 0.134713 191.77 25.01 0.070598
191.66 25.1007 0.0746906 0.0653914 191.77 25.01 0.070598
191.829 24.9679 0.0660221 0.504016 191.77 25.01 0.070598
191.883 25.1871 0.0677726 0.134713 191.77 25.01 0.070598
191.755 24.9652 0.0686323 0.52035 191.77 25.01 0.070598
191.774 24.9435 0.0683089 0.496558 191.77 25.01 0.070598
191.774 24.9435 0.0683089 0.496558 191.77 25.01 0.070598
191.903 25.0764 0.0673726 0.379635 191.77 25.01 0.070598
191.752 25.1898 0.0662271 0.103023 191.77 25.01 0.070598
192.064 24.9623 0.071496 0.00779011 191.77 25.01 0.070598
191.726 25.0161 0.0659055 0.323222 191.77 25.01 0.070598
191.726 25.0161 0.0659055 0.323222 191.77 25.01 0.070598
191.755 24.9652 0.0686323 0.52035 191.77 25.01 0.070598
191.718 25.0891 0.0758133 0.0474443 191.77 25.01 0.070598
191.829 24.9679 0.0660221 0.504016 191.77 25.01 0.070598
191.716 24.9074 0.0691889 0.27457 191.77 25.01 0.070598
191.829 24.9679 0.0660221 0.504016 191.77 25.01 0.070598
191.883 25.1871 0.0677726 0.134713 191.77 25.01 0.070598
191.938 25.1314 0.0601746 0.0206175 191.77 25.01 0.070598
191.903 25.0764 0.0673726 0.379635 191.77 25.01 0.070598
191.679 24.8873 0.0740474 0.0541887 191.77 25.01 0.070598
191.781 25.2263 0.069946 0.0808334 191.77 25.01 0.070598
191.679 24.8873 0.0740474 0.0541887 191.77 25.01 0.070598
191.892 24.9673 0.0642926 0.310116 191.77 25.01 0.070598
191.755 24.9652 0.0686323 0.52035 191.77 25.01 0.070598
191.769 24.9145 0.0703052 0.327021 191.77 25.01 0.070598
191.726 25.0161 0.0659055 0.323222 191.77 25.01 0.070598
191.726 25.0161 0.0659055 0.323222 191.77 25.01 0.070598
191.829 24.9679 0.0660221 0.504016 191.77 25.01 0.070598
191.7 24.9422 0.0630649 0.0593831 191.77 25.01 0.070598
191.726 25.0161 0.0659055 0.323222 191.77 25.01 0.070598
191.903 25.0764 0.0673726 0.379635 191.77 25.01 0.070598
191.716 24.9074 0.0691889 0.27457 191.77 25.01 0.070598
191.973 24.9784 0.0686907 0.165837 191.77 25.01 0.070598
191.903 25.0764 0.0673726 0.379635 191.77 25.01 0.070598
191.726 25.0161 0.0659055 0.323222 191.77 25.01 0.070598
191.635 24.9947 0.074132 0.0827875 191.77 25.01 0.070598
191.774 24.9435 0.0683089 0.496558 191.77 25.01 0.070598
191.769 24.9145 0.0703052 0.327021 191.77 25.01 0.070598
191.829 24.9679 0.0660221 0.504016 191.77 25.01 0.070598
191.78 25.0033 0.0787391 0.00418461 191.77 25.01 0.070598
191.843 25.0291 0.0614325 0.0948513 191.77 25.01 0.070598
191.829 24.9679 0.0660221 0.504016 191.77 25.01 0.070598
191.992 25.1912 0.0655297 0.0386342 191.77 25.01 0.070598
191.755 24.9652 0.0686323 0.52035 191.77 25.01 0.070598
191.7 24.9422 0.0630649 0.0593831 191.77 25.01 0.070598
191.691 24.9976 0.0754674 0.0627329 191.77 25.01 0.070598
191.681 25.1111 0.062559 0.0229991 191.77 25.01 0.070598
191.635 24.9947 0.074132 0.0827875 191.77 25.01 0.070598
191.752 25.1898 0.0662271 0.103023 191.77 25.01 0.070598
191.755 24.9652 0.0686323 0.52035 191.77 25.01 0.070598
191.769 24.9145 0.0703052 0.327021 191.77 25.01 0.070598
191.829 24.9679 0.0660221 0.504016 191.77 25.01 0.070598
191.769 24.9145 0.0703052 0.327021 191.77 25.01 0.070598
191.755 24.9652 0.0686323 0.52035 191.77 25.01 0.070598
191.691 24.9976 0.0754674 0.0627329 191.77 25.01 0.070598
191.716 24.9074 0.0691889 0.27457 191.77 25.01 0.070598
191.973 24.9784 0.0686907 0.165837 191.77 25.01 0.070598
191.903 25.0764 0.0673726 0.379635 191.77 25.01 0.070598
191.829 24.9679 0.0660221 0.504016 191.77 25.01 0.070598
191.755 24.9652 0.0686323 0.52035 191.77 25.01 0.070598
191.691 24.9976 0.0754674 0.0627329 191.77 25.01 0.070598
191.829 24.9679 0.0660221 0.504016 191.77 25.01 0.070598
191.635 24.9947 0.074132 0.0827875 191.77 25.01 0.070598
191.883 25.1871 0.0677726 0.134713 191.77 25.01 0.070598
191.755 24.9652 0.0686323 0.52035 191.77 25.01 0.070598
191.903 25.0764 0.0673726 0.379635 191.77 25.01 0.070598
191.701 24.8312 0.0690532 0.0907655 191.77 25.01 0.070598
192.048 25.1503 0.0732407 0.00219778 191.77 25.01 0.070598
191.829 24.9679 0.0660221 0.504016 191.77 25.01 0.070598
191.829 24.9679 0.0660221 0.504016 191.77 25.01 0.070598
191.892 24.9673 0.0642926 0.310116 191.77 25.01 0.070598
191.769 24.9145 0.0703052 0.327021 191.77 25.01 0.070598
191.774 24.9435 0.0683089 0.496558 191.77 25.01 0.070598
191.635 24.9947 0.074132 0.0827875 191.77 25.01 0.070598
191.973 24.9784 0.0686907 0.165837 191.77 25.01 0.070598
191.755 24.9652 0.0686323 0.52035 191.77 25.01 0.070598
191.829 24.9679 0.0660221 0.504016 191.77 25.01 0.070598
191.903 25.0764 0.0673726 0.379635 191.77 25.01 0.070598
192.106 25.0514 0.0663476 0.0167396 191.77 25.01 0.070598
191.755 24.9652 0.0686323 0.52035 191.77 25.01 0.070598
191.726 25.0161 0.0659055 0.323222 191.77 25.01 0.070598
191.829 24.9679 0.0660221 0.504016 191.77 25.01 0.070598
191.726 25.0161 0.0659055 0.323222 191.77 25.01 0.070598
191.752 25.1898 0.0662271 0.103023 191.77 25.01 0.070598
191.755 24.9652 0.0686323 0.52035 191.77 25.01 0.070598
191.755 24.9652 0.0686323 0.52035 191.77 25.01 0.070598
191.755 24.9652 0.0686323 0.52035 191.77 25.01 0.070598
191.774 24.9435 0.0683089 0.496558 191.77 25.01 0.070598
191.635 24.9947 0.074132 0.0827875 191.77 25.01 0.070598
191.903 25.0764 0.0673726 0.379635 191.77 25.01 0.070598
191.843 25.0291 0.0614325 0.0948513 191.77 25.01 0.070598
191.769 24.9145 0.0703052 0.327021 191.77 25.01 0.070598
191.903 25.0764 0.0673726 0.379635 191.77 25.01 0.070598
191.829 24.9679 0.0660221 0.504016 191.77 25.01 0.070598
191.701 24.8312 0.0690532 0.0907655 191.77 25.01 0.070598
191.769 24.9145 0.0703052 0.327021 191.77 25.01 0.070598
191.829 24.9679 0.0660221 0.504016 191.77 25.01 0.070598
191.701 24.8312 0.0690532 0.0907655 191.77 25.01 0.070598
191.716 24.9074 0.0691889 0.27457 191.77 25.01 0.070598
191.661 24.8662 0.0638892 0.0250203 191.77 25.01 0.070598
191.774 24.9435 0.0683089 0.496558 191.77 25.01 0.070598
191.755 24.9652 0.0686323 0.52035 191.77 25.01 0.070598
191.755 24.9652 0.0686323 0.52035 191.77 25.01 0.070598
191.883 25.1871 0.0677726 0.134713 191.77 25.01 0.070598
191.892 24.9673 0.0642926 0.310116 191.77 25.01 0.070598
191.892 24.9673 0.0642926 0.310116 191.77 25.01 0.070598
191.726 25.0161 0.0659055 0.323222 191.77 25.01 0.070598
191.903 25.0764 0.0673726 0.379635 191.77 25.01 0.070598
191.774 24.9435 0.0683089 0.496558 191.77 25.01 0.070598
191.903 25.0764 0.0673726 0.379635 191.77 25.01 0.070598
191.781 25.2263 0.069946 0.0808334 191.77 25.01 0.070598
191.769 24.9145 0.0703052 0.327021 191.77 25.01 0.070598
191.973 24.9784 0.0686907 0.165837 191.77 25.01 0.070598
191.755 24.9652 0.0686323 0.52035 191.77 25.01 0.070598
191.716 24.9074 0.0691889 0.27457 191.77 25.01 0.070598
191.829 24.9679 0.0660221 0.504016 191.77 25.01 0.070598
191.829 24.9679 0.0660221 0.504016 191.77 25.01 0.070598
191.66 25.1007 0.0746906 0.0653914 191.77 25.01 0.070598
191.755 24.9652 0.0686323 0.52035 191.77 25.01 0.070598
191.892 24.9673 0.0642926 0.310116 191.77 25.01 0.070598
191.647 24.8334 0.0654345 0.0245586 191.77 25.01 0.070598
191.843 25.0291 0.0614325 0.0948513 191.77 25.01 0.070598
191.726 25.0161 0.0659055 0.323222 191.77 25.01 0.070598
191.716 24.9074 0.0691889 0.27457 191.77 25.01 0.070598
191.755 24.9652 0.0686323 0.52035 191.77 25.01 0.070598
191.691 24.9976 0.0754674 0.0627329 191.77 25.01 0.070598
191.973 24.9784 0.0686907 0.165837 191.77 25.01 0.070598
191.829 24.9679 0.0660221 0.504016 191.77 25.01 0.070598
191.769 24.9145 0.0703052 0.327021 191.77 25.01 0.070598
191.422 25.0387 0.076676 0.000681429 191.77 25.01 0.070598
191.769 24.9145 0.0703052 0.327021 191.77 25.01 0.070598
191.774 24.9435 0.0683089 0.496558 191.77 25.01 0.070598
191.903 25.0764 0.0673726 0.379635 191.77 25.01 0.070598
191.755 24.9652 0.0686323 0.52035 191.77 25.01 0.070598
191.973 24.9784 0.0686907 0.165837 191.77 25.01 0.070598
191.829 24.9679 0.0660221 0.504016 191.77 25.01 0.070598
191.755 24.9652 0.0686323 0.52035 191.77 25.01 0.070598
191.781 25.2263 0.069946 0.0808334 191.77 25.01 0.070598
191.903 25.0764 0.0673726 0.379635 191.77 25.01 0.070598
191.829 24.9679 0.0660221 0.504016 191.77 25.01 0.070598
191.755 24.9652 0.0686323 0.52035 191.77 25.01 0.070598
191.633 24.7708 0.066984 0.00977243 191.77 25.01 0.070598
191.816 25.2203 0.0707782 0.0751199 191.77 25.01 0.070598
191.829 24.9679 0.0660221 0.504016 191.77 25.01 0.070598
191.716 24.9074 0.0691889 0.27457 191.77 25.01 0.070598
191.892 24.9673 0.0642926 0.310116 191.77 25.01 0.070598
192.028 25.116 0.0639307 0.0485073 191.77 25.01 0.070598
191.892 24.9673 0.0642926 0.310116 191.77 25.01 0.070598
191.829 24.9679 0.0660221 0.504016 191.77 25.01 0.070598
191.984 24.89 0.0716954 0.0231755 191.77 25.01 0.070598
192.028 25.116 0.0639307 0.0485073 191.77 25.01 0.070598
191.883 25.1871 0.0677726 0.134713 191.77 25.01 0.070598
191.892 24.9673 0.0642926 0.310116 191.77 25.01 0.070598
191.774 24.9435 0.0683089 0.496558 191.77 25.01 0.070598
191.829 24.9679 0.0660221 0.504016 191.77 25.01 0.070598
191.755 24.9652 0.0686323 0.52035 191.77 25.01 0.070598
191.829 24.9679 0.0660221 0.504016 191.77 25.01 0.070598
191.716 24.9074 0.0691889 0.27457 191.77 25.01 0.070598
191.774 24.9435 0.0683089 0.496558 191.77 25.01 0.070598
191.769 24.9145 0.0703052 0.327021 191.77 25.01 0.070598
191.716 24.9074 0.0691889 0.27457 191.77 25.01 0.070598
191.892 24.9673 0.0642926 0.310116 191.77 25.01 0.070598
191.973 24.9784 0.0686907 0.165837 191.77 25.01 0.070598
191.781 25.2263 0.069946 0.0808334 191.77 25.01 0.070598
191.829 24.9679 0.0660221 0.504016 191.77 25.01 0.070598
191.903 25.0764 0.0673726 0.379635 191.77 25.01 0.070598
191.769 24.9145 0.0703052 0.327021 191.77 25.01 0.070598
191.984 24.89 0.0716954 0.0231755 191.77 25.01 0.070598
191.755 24.9652 0.0686323 0.52035 191.77 25.01 0.070598
191.647 24.8334 0.0654345 0.0245586 191.77 25.01 0.070598
191.66 25.1007 0.0746906 0.0653914 191.77 25.01 0.070598
191.716 24.9074 0.0691889 0.27457 191.77 25.01 0.070598
191.635 24.9947 0.074132 0.0827875 191.77 25.01 0.070598
191.769 24.9145 0.0703052 0.327021 191.77 25.01 0.070598
191.774 24.9435 0.0683089 0.496558 191.77 25.01 0.070598
191.903 25.0764 0.0673726 0.379635 191.77 25.01 0.070598
191.679 24.8873 0.0740474 0.0541887 191.77 25.01 0.070598
191.883 25.1871 0.0677726 0.134713 191.77 25.01 0.070598
191.816 25.2203 0.0707782 0.0751199 191.77 25.01 0.070598
191.716 24.9074 0.0691889 0.27457 191.77 25.01 0.070598
191.816 25.2203 0.0707782 0.0751199 191.77 25.01 0.070598
