104.833 18.6362 0.0654837 0.000971824 104.55 18.531 0.068719
104.485 18.4006 0.0780534 0.0037097 104.55 18.531 0.068719
104.628 18.6045 0.0706225 0.0137323 104.55 18.531 0.068719
104.416 18.3643 0.0701619 0.00937769 104.55 18.531 0.068719
104.416 18.3643 0.0701619 0.00937769 104.55 18.531 0.068719
104.372 18.3976 0.0712019 0.00890973 104.55 18.531 0.068719
104.638 18.4929 0.0681321 0.0187223 104.55 18.531 0.068719
104.634 18.6329 0.0670665 0.00899762 104.55 18.531 0.068719
104.633 18.3901 0.070719 0.015861 104.55 18.531 0.068719
104.628 18.6045 0.0706225 0.0137323 104.55 18.531 0.068719
104.562 18.3928 0.0659973 0.00753776 104.55 18.531 0.068719
104.441 18.3727 0.0738542 0.012659 104.55 18.531 0.068719
104.562 18.3928 0.0659973 0.00753776 104.55 18.531 0.068719
104.564 18.5946 0.0716593 0.0168938 104.55 18.531 0.068719
104.65 18.533 0.0609258 0.000821311 104.55 18.531 0.068719
104.628 18.6045 0.0706225 0.0137323 104.55 18.531 0.068719
104.474 18.5251 0.0707752 0.0228412 104.55 18.531 0.068719
104.638 18.4929 0.0681321 0.0187223 104.55 18.531 0.068719
104.372 18.3976 0.0712019 0.00890973 104.55 18.531 0.068719
104.633 18.3901 0.070719 0.015861 104.55 18.531 0.068719
104.609 18.4122 0.0757025 0.00665178 104.55 18.531 0.068719
104.31 18.5937 0.0668022 0.00101651 104.55 18.531 0.068719
104.306 18.4856 0.0700076 0.00384836 104.55 18.531 0.068719
104.417 18.329 0.0683728 0.00420942 104.55 18.531 0.068719
104.555 18.5329 0.0659168 0.0112014 104.55 18.531 0.068719
104.66 18.301 0.0728524 0.00463165 104.55 18.531 0.068719
104.416 18.3643 0.0701619 0.00937769 104.55 18.531 0.068719
104.424 18.406 0.0770275 0.00573783 104.55 18.531 0.068719
104.399 18.2975 0.0778369 0.0018726 104.55 18.531 0.068719
104.634 18.6329 0.0670665 0.00899762 104.55 18.531 0.068719
104.555 18.5329 0.0659168 0.0112014 104.55 18.531 0.068719
104.428 18.2476 0.0716991 0.00321003 104.55 18.531 0.068719
104.441 18.3727 0.0738542 0.012659 104.55 18.531 0.068719
104.31 18.5937 0.0668022 0.00101651 104.55 18.531 0.068719
104.441 18.3727 0.0738542 0.012659 104.55 18.531 0.068719
104.372 18.3976 0.0712019 0.00890973 104.55 18.531 0.068719
104.634 18.6329 0.0670665 0.00899762 104.55 18.531 0.068719
104.555 18.5329 0.0659168 0.0112014 104.55 18.531 0.068719
104.306 18.2728 0.0781136 0.000647815 104.55 18.531 0.068719
104.634 18.6329 0.0670665 0.00899762 104.55 18.531 0.068719
104.474 18.5251 0.0707752 0.0228412 104.55 18.531 0.068719
104.441 18.3727 0.0738542 0.012659 104.55 18.531 0.068719
104.372 18.3976 0.0712019 0.00890973 104.55 18.531 0.068719
104.609 18.4122 0.0757025 0.00665178 104.55 18.531 0.068719
104.441 18.3727 0.0738542 0.012659 104.55 18.531 0.068719
104.441 18.3727 0.0738542 0.012659 104.55 18.531 0.068719
104.634 18.6329 0.0670665 0.00899762 104.55 18.531 0.068719
104.306 18.4856 0.0700076 0.00384836 104.55 18.531 0.068719
104.555 18.5329 0.0659168 0.0112014 104.55 18.531 0.068719
104.424 18.406 0.0770275 0.00573783 104.55 18.531 0.068719
104.628 18.6045 0.0706225 0.0137323 104.55 18.531 0.068719
104.564 18.5946 0.0716593 0.0168938 104.55 18.531 0.068719
104.638 18.4929 0.0681321 0.0187223 104.55 18.531 0.068719
104.562 18.3928 0.0659973 0.00753776 104.55 18.531 0.068719
104.633 18.3901 0.070719 0.015861 104.55 18.531 0.068719
104.564 18.5946 0.0716593 0.0168938 104.55 18.531 0.068719
104.701 18.3958 0.0668633 0.00677944 104.55 18.531 0.068719
104.555 18.5329 0.0659168 0.0112014 104.55 18.531 0.068719
104.562 18.3928 0.0659973 0.00753776 104.55 18.531 0.068719
104.441 18.3727 0.0738542 0.012659 104.55 18.531 0.068719
104.66 18.301 0.0728524 0.00463165 104.55 18.531 0.068719
104.441 18.3727 0.0738542 0.012659 104.55 18.531 0.068719
104.628 18.6045 0.0706225 0.0137323 104.55 18.531 0.068719
104.306 18.2728 0.0781136 0.000647815 104.55 18.531 0.068719
104.441 18.3727 0.0738542 0.012659 104.55 18.531 0.068719
104.416 18.3643 0.0701619 0.00937769 104.55 18.531 0.068719
104.628 18.6045 0.0706225 0.0137323 104.55 18.531 0.068719
104.787 18.3317 0.0674884 0.00164728 104.55 18.531 0.068719
104.474 18.5251 0.0707752 0.0228412 104.55 18.531 0.068719
104.635 18.301 0.0646731 0.0014826 104.55 18.531 0.068719
104.787 18.3317 0.0674884 0.00164728 104.55 18.531 0.068719
104.441 18.3727 0.0738542 0.012659 104.55 18.531 0.068719
104.628 18.6045 0.0706225 0.0137323 104.55 18.531 0.068719
104.306 18.4856 0.0700076 0.00384836 104.55 18.531 0.068719
104.633 18.3901 0.070719 0.015861 104.55 18.531 0.068719
104.306 18.4856 0.0700076 0.00384836 104.55 18.531 0.068719
104.638 18.4929 0.0681321 0.0187223 104.55 18.531 0.068719
104.416 18.3643 0.0701619 0.00937769 104.55 18.531 0.068719
104.372 18.3976 0.0712019 0.00890973 104.55 18.531 0.068719
104.31 18.5937 0.0668022 0.00101651 104.55 18.531 0.068719
104.474 18.5251 0.0707752 0.0228412 104.55 18.531 0.068719
104.562 18.3928 0.0659973 0.00753776 104.55 18.531 0.068719
104.628 18.6045 0.0706225 0.0137323 104.55 18.531 0.068719
104.399 18.2975 0.0778369 0.0018726 104.55 18.531 0.068719
104.562 18.3928 0.0659973 0.00753776 104.55 18.531 0.068719
104.564 18.5946 0.0716593 0.0168938 104.55 18.531 0.068719
104.564 18.5946 0.0716593 0.0168938 104.55 18.531 0.068719
104.474 18.5251 0.0707752 0.0228412 104.55 18.531 0.068719
104.555 18.5329 0.0659168 0.0112014 104.55 18.531 0.068719
104.638 18.4929 0.0681321 0.0187223 104.55 18.531 0.068719
104.416 18.3643 0.0701619 0.00937769 104.55 18.531 0.068719
104.416 18.3643 0.0701619 0.00937769 104.55 18.531 0.068719
104.485 18.4006 0.0780534 0.0037097 104.55 18.531 0.068719
104.609 18.4122 0.0757025 0.00665178 104.55 18.531 0.068719
104.428 18.2476 0.0716991 0.00321003 104.55 18.531 0.068719
104.633 18.3901 0.070719 0.015861 104.55 18.531 0.068719
104.701 18.3958 0.0668633 0.00677944 104.55 18.531 0.068719
104.634 18.6329 0.0670665 0.00899762 104.55 18.531 0.068719
104.628 18.6045 0.0706225 0.0137323 104.55 18.531 0.068719
104.428 18.2476 0.0716991 0.00321003 104.55 18.531 0.068719
104.474 18.5251 0.0707752 0.0228412 104.55 18.531 0.068719
104.555 18.5329 0.0659168 0.0112014 104.55 18.531 0.068719
104.628 18.6045 0.0706225 0.0137323 104.55 18.531 0.068719
104.441 18.3727 0.0738542 0.012659 104.55 18.531 0.068719
104.474 18.5251 0.0707752 0.0228412 104.55 18.531 0.068719
104.254 18.6734 0.0711375 0.000561102 104.55 18.531 0.068719
104.417 18.329 0.0683728 0.00420942 104.55 18.531 0.068719
104.638 18.4929 0.0681321 0.0187223 104.55 18.531 0.068719
104.474 18.5251 0.0707752 0.0228412 104.55 18.531 0.068719
104.372 18.3976 0.0712019 0.00890973 104.55 18.531 0.068719
104.441 18.3727 0.0738542 0.012659 104.55 18.531 0.068719
104.485 18.4006 0.0780534 0.0037097 104.55 18.531 0.068719
104.416 18.3643 0.0701619 0.00937769 104.55 18.531 0.068719
104.564 18.5946 0.0716593 0.0168938 104.55 18.531 0.068719
104.441 18.3727 0.0738542 0.012659 104.55 18.531 0.068719
104.388 18.6823 0.0735868 0.00273917 104.55 18.531 0.068719
104.553 18.6182 0.0771185 0.00198882 104.55 18.531 0.068719
104.628 18.6045 0.0706225 0.0137323 104.55 18.531 0.068719
104.628 18.6045 0.0706225 0.0137323 104.55 18.531 0.068719
104.428 18.2476 0.0716991 0.00321003 104.55 18.531 0.068719
104.306 18.4856 0.0700076 0.00384836 104.55 18.531 0.068719
104.474 18.632 0.0638678 0.0017192 104.55 18.531 0.068719
104.4 18.8124 0.0734769 0.000276263 104.55 18.531 0.068719
104.372 18.3976 0.0712019 0.00890973 104.55 18.531 0.068719
104.474 18.5251 0.0707752 0.0228412 104.55 18.531 0.068719
104.474 18.5251 0.0707752 0.0228412 104.55 18.531 0.068719
104.417 18.329 0.0683728 0.00420942 104.55 18.531 0.068719
104.474 18.5251 0.0707752 0.0228412 104.55 18.531 0.068719
104.638 18.4929 0.0681321 0.0187223 104.55 18.531 0.068719
104.638 18.4929 0.0681321 0.0187223 104.55 18.531 0.068719
104.474 18.5251 0.0707752 0.0228412 104.55 18.531 0.068719
104.628 18.6045 0.0706225 0.0137323 104.55 18.531 0.068719
104.633 18.3901 0.070719 0.015861 104.55 18.531 0.068719
104.306 18.4856 0.0700076 0.00384836 104.55 18.531 0.068719
104.417 18.329 0.0683728 0.00420942 104.55 18.531 0.068719
104.564 18.5946 0.0716593 0.0168938 104.55 18.531 0.068719
104.787 18.3317 0.0674884 0.00164728 104.55 18.531 0.068719
104.474 18.5251 0.0707752 0.0228412 104.55 18.531 0.068719
104.787 18.3317 0.0674884 0.00164728 104.55 18.531 0.068719
104.628 18.6045 0.0706225 0.0137323 104.55 18.531 0.068719
104.701 18.3958 0.0668633 0.00677944 104.55 18.531 0.068719
104.661 18.6758 0.0672569 0.00532634 104.55 18.531 0.068719
104.609 18.4122 0.0757025 0.00665178 104.55 18.531 0.068719
104.609 18.4122 0.0757025 0.00665178 104.55 18.531 0.068719
104.474 18.5251 0.0707752 0.0228412 104.55 18.531 0.068719
104.497 18.7796 0.069173 0.00146218 104.55 18.531 0.068719
104.633 18.3901 0.070719 0.015861 104.55 18.531 0.068719
104.474 18.5251 0.0707752 0.0228412 104.55 18.531 0.068719
104.633 18.3901 0.070719 0.015861 104.55 18.531 0.068719
104.306 18.2728 0.0781136 0.000647815 104.55 18.531 0.068719
104.628 18.6045 0.0706225 0.0137323 104.55 18.531 0.068719
104.27 18.6111 0.0683191 0.000777035 104.55 18.531 0.068719
104.441 18.3727 0.0738542 0.012659 104.55 18.531 0.068719
104.633 18.3901 0.070719 0.015861 104.55 18.531 0.068719
104.6 18.5174 0.07813 0.00171737 104.55 18.531 0.068719
104.441 18.3727 0.0738542 0.012659 104.55 18.531 0.068719
104.441 18.3727 0.0738542 0.012659 104.55 18.531 0.068719
104.474 18.5251 0.0707752 0.0228412 104.55 18.531 0.068719
104.628 18.6045 0.0706225 0.0137323 104.55 18.531 0.068719
104.369 18.7014 0.0625959 9.64489e-05 104.55 18.531 0.068719
104.306 18.4856 0.0700076 0.00384836 104.55 18.531 0.068719
104.564 18.5946 0.0716593 0.0168938 104.55 18.531 0.068719
104.725 18.2722 0.0780118 0.000161447 104.55 18.531 0.068719
104.729 18.255 0.0669004 0.000987037 104.55 18.531 0.068719
104.485 18.4006 0.0780534 0.0037097 104.55 18.531 0.068719
104.441 18.3727 0.0738542 0.012659 104.55 18.531 0.068719
104.562 18.3928 0.0659973 0.00753776 104.55 18.531 0.068719
104.428 18.2476 0.0716991 0.00321003 104.55 18.531 0.068719
104.609 18.4122 0.0757025 0.00665178 104.55 18.531 0.068719
104.441 18.3727 0.0738542 0.012659 104.55 18.531 0.068719
104.553 18.6182 0.0771185 0.00198882 104.55 18.531 0.068719
104.176 18.5288 0.0688483 0.000166574 104.55 18.531 0.068719
104.474 18.5251 0.0707752 0.0228412 104.55 18.531 0.068719
104.66 18.301 0.0728524 0.00463165 104.55 18.531 0.068719
104.701 18.3958 0.0668633 0.00677944 104.55 18.531 0.068719
104.306 18.2728 0.0781136 0.000647815 104.55 18.531 0.068719
104.555 18.5329 0.0659168 0.0112014 104.55 18.531 0.068719
104.562 18.3928 0.0659973 0.00753776 104.55 18.531 0.068719
104.564 18.5946 0.0716593 0.0168938 104.55 18.531 0.068719
104.474 18.5251 0.0707752 0.0228412 104.55 18.531 0.068719
104.474 18.5251 0.0707752 0.0228412 104.55 18.531 0.068719
104.633 18.3901 0.070719 0.015861 104.55 18.531 0.068719
104.633 18.3901 0.070719 0.015861 104.55 18.531 0.068719
104.633 18.3901 0.070719 0.015861 104.55 18.531 0.068719
104.628 18.6045 0.0706225 0.0137323 104.55 18.531 0.068719
104.441 18.3727 0.0738542 0.012659 104.55 18.531 0.068719
104.555 18.5329 0.0659168 0.0112014 104.55 18.531 0.068719
104.557 18.7008 0.0649142 0.00241649 104.55 18.531 0.068719
104.787 18.3317 0.0674884 0.00164728 104.55 18.531 0.068719
104.555 18.5329 0.0659168 0.0112014 104.55 18.531 0.068719
104.474 18.5251 0.0707752 0.0228412 104.55 18.531 0.068719
104.6 18.5174 0.07813 0.00171737 104.55 18.531 0.068719
104.638 18.4929 0.0681321 0.0187223 104.55 18.531 0.068719
104.628 18.6045 0.0706225 0.0137323 104.55 18.531 0.068719
104.31 18.5937 0.0668022 0.00101651 104.55 18.531 0.068719
104.628 18.6045 0.0706225 0.0137323 104.55 18.531 0.068719
104.474 18.5251 0.0707752 0.0228412 104.55 18.531 0.068719
104.474 18.5251 0.0707752 0.0228412 104.55 18.531 0.068719
104.562 18.3928 0.0659973 0.00753776 104.55 18.531 0.068719
104.638 18.4929 0.0681321 0.0187223 104.55 18.531 0.068719
