207.804 26.2557 0.0779429 0.904587 207.97 26.185 0.072882
207.935 26.319 0.0761173 3.83856 207.97 26.185 0.072882
208.038 26.2196 0.0742131 6.54932 207.97 26.185 0.072882
207.909 26.2137 0.0808997 2.58978 207.97 26.185 0.072882
207.898 25.9957 0.0711501 0.211313 207.97 26.185 0.072882
208.073 26.291 0.0640258 0.0932481 207.97 26.185 0.072882
208.139 26.4023 0.076918 3.58313 207.97 26.185 0.072882
208.038 26.2196 0.0742131 6.54932 207.97 26.185 0.072882
208.059 26.4402 0.0854764 1.04398 207.97 26.185 0.072882
208.038 26.2196 0.0742131 6.54932 207.97 26.185 0.072882
208.105 26.4443 0.0755558 2.19274 207.97 26.185 0.072882
208.271 26.3821 0.0747538 1.16518 207.97 26.185 0.072882
208.227 26.3251 0.0792434 2.45017 207.97 26.185 0.072882
207.909 26.2137 0.0808997 2.58978 207.97 26.185 0.072882
208.174 26.1886 0.0716195 3.67412 207.97 26.185 0.072882
208.125 26.2681 0.082913 2.51759 207.97 26.185 0.072882
207.955 26.2209 0.0829831 2.27328 207.97 26.185 0.072882
207.994 26.0567 0.0857624 0.101049 207.97 26.185 0.072882
208.097 26.1647 0.080124 3.54992 207.97 26.185 0.072882
208.174 26.1886 0.0716195 3.67412 207.97 26.185 0.072882
207.955 26.2209 0.0829831 2.27328 207.97 26.185 0.072882
207.775 26.3888 0.0782388 0.354943 207.97 26.185 0.072882
207.935 26.319 0.0761173 3.83856 207.97 26.185 0.072882
208.059 26.4402 0.0854764 1.04398 207.97 26.185 0.072882
208.038 26.2196 0.0742131 6.54932 207.97 26.185 0.072882
208.174 26.1886 0.0716195 3.67412 207.97 26.185 0.072882
207.985 26.3795 0.0785075 4.60702 207.97 26.185 0.072882
207.985 26.3795 0.0785075 4.60702 207.97 26.185 0.072882
208.174 26.1886 0.0716195 3.67412 207.97 26.185 0.072882
208.038 26.2196 0.0742131 6.54932 207.97 26.185 0.072882
208.038 26.2196 0.0742131 6.54932 207.97 26.185 0.072882
207.924 26.3626 0.0773523 3.14149 207.97 26.185 0.072882
207.964 26.1354 0.0838493 0.791489 207.97 26.185 0.072882
208.219 26.1181 0.0657328 0.404521 207.97 26.185 0.072882
208.227 26.3251 0.0792434 2.45017 207.97 26.185 0.072882
208.145 26.0529 0.0716718 1.7606 207.97 26.185 0.072882
208.038 26.2196 0.0742131 6.54932 207.97 26.185 0.072882
208.354 26.162 0.0799085 0.170344 207.97 26.185 0.072882
208.145 26.0529 0.0716718 1.7606 207.97 26.185 0.072882
208.174 26.1886 0.0716195 3.67412 207.97 26.185 0.072882
208.105 26.4443 0.0755558 2.19274 207.97 26.185 0.072882
208.038 26.2196 0.0742131 6.54932 207.97 26.185 0.072882
208.139 25.9327 0.0679924 0.178307 207.97 26.185 0.072882
207.728 26.1849 0.0743383 0.0985927 207.97 26.185 0.072882
207.804 26.2557 0.0779429 0.904587 207.97 26.185 0.072882
208.097 26.1647 0.080124 3.54992 207.97 26.185 0.072882
207.985 26.3795 0.0785075 4.60702 207.97 26.185 0.072882
208.073 26.291 0.0640258 0.0932481 207.97 26.185 0.072882
208.038 26.2196 0.0742131 6.54932 207.97 26.185 0.072882
207.924 26.3626 0.0773523 3.14149 207.97 26.185 0.072882
208.357 26.132 0.0738559 0.407088 207.97 26.185 0.072882
207.935 26.319 0.0761173 3.83856 207.97 26.185 0.072882
207.924 26.3626 0.0773523 3.14149 207.97 26.185 0.072882
208.014 26.1226 0.0649536 0.204788 207.97 26.185 0.072882
208.038 26.2196 0.0742131 6.54932 207.97 26.185 0.072882
208.097 26.1647 0.080124 3.54992 207.97 26.185 0.072882
207.959 26.1752 0.0701647 1.42497 207.97 26.185 0.072882
208.092 25.9861 0.078948 0.404064 207.97 26.185 0.072882
208.344 26.1291 0.0791539 0.19566 207.97 26.185 0.072882
207.985 26.3795 0.0785075 4.60702 207.97 26.185 0.072882
207.955 26.2209 0.0829831 2.27328 207.97 26.185 0.072882
208.064 26.0328 0.0681537 0.644426 207.97 26.185 0.072882
207.898 25.9957 0.0711501 0.211313 207.97 26.185 0.072882
207.869 26.1256 0.0797969 0.989784 207.97 26.185 0.072882
208.125 26.2681 0.082913 2.51759 207.97 26.185 0.072882
208.092 25.9861 0.078948 0.404064 207.97 26.185 0.072882
207.909 26.2137 0.0808997 2.58978 207.97 26.185 0.072882
208.227 26.3251 0.0792434 2.45017 207.97 26.185 0.072882
208.219 26.1181 0.0657328 0.404521 207.97 26.185 0.072882
208.038 26.2196 0.0742131 6.54932 207.97 26.185 0.072882
208.038 26.2196 0.0742131 6.54932 207.97 26.185 0.072882
208.174 26.1886 0.0716195 3.67412 207.97 26.185 0.072882
207.924 26.3626 0.0773523 3.14149 207.97 26.185 0.072882
208.058 26.176 0.0587224 0.00299742 207.97 26.185 0.072882
208.357 26.132 0.0738559 0.407088 207.97 26.185 0.072882
207.869 26.1256 0.0797969 0.989784 207.97 26.185 0.072882
207.985 26.3795 0.0785075 4.60702 207.97 26.185 0.072882
208.174 26.1886 0.0716195 3.67412 207.97 26.185 0.072882
208.105 26.4443 0.0755558 2.19274 207.97 26.185 0.072882
208.139 26.4023 0.076918 3.58313 207.97 26.185 0.072882
207.909 26.2137 0.0808997 2.58978 207.97 26.185 0.072882
208.038 26.2196 0.0742131 6.54932 207.97 26.185 0.072882
207.924 26.3626 0.0773523 3.14149 207.97 26.185 0.072882
208.174 26.1886 0.0716195 3.67412 207.97 26.185 0.072882
208.125 26.2681 0.082913 2.51759 207.97 26.185 0.072882
208.139 26.4023 0.076918 3.58313 207.97 26.185 0.072882
207.959 26.1752 0.0701647 1.42497 207.97 26.185 0.072882
207.955 26.2209 0.0829831 2.27328 207.97 26.185 0.072882
207.935 26.319 0.0761173 3.83856 207.97 26.185 0.072882
208.174 26.1886 0.0716195 3.67412 207.97 26.185 0.072882
208.145 26.0529 0.0716718 1.7606 207.97 26.185 0.072882
208.227 26.3251 0.0792434 2.45017 207.97 26.185 0.072882
207.815 26.5238 0.0785168 0.144929 207.97 26.185 0.072882
208.097 26.1647 0.080124 3.54992 207.97 26.185 0.072882
207.985 26.3795 0.0785075 4.60702 207.97 26.185 0.072882
207.775 26.3888 0.0782388 0.354943 207.97 26.185 0.072882
207.935 26.319 0.0761173 3.83856 207.97 26.185 0.072882
208.038 26.2196 0.0742131 6.54932 207.97 26.185 0.072882
208.139 26.4023 0.076918 3.58313 207.97 26.185 0.072882
207.728 26.1849 0.0743383 0.0985927 207.97 26.185 0.072882
207.985 26.3795 0.0785075 4.60702 207.97 26.185 0.072882
208.125 26.2681 0.082913 2.51759 207.97 26.185 0.072882
208.357 26.132 0.0738559 0.407088 207.97 26.185 0.072882
207.935 26.319 0.0761173 3.83856 207.97 26.185 0.072882
208.174 26.1886 0.0716195 3.67412 207.97 26.185 0.072882
208.139 26.4023 0.076918 3.58313 207.97 26.185 0.072882
207.909 26.2137 0.0808997 2.58978 207.97 26.185 0.072882
208.139 26.4023 0.076918 3.58313 207.97 26.185 0.072882
208.145 26.0529 0.0716718 1.7606 207.97 26.185 0.072882
208.139 26.4023 0.076918 3.58313 207.97 26.185 0.072882
207.955 26.2209 0.0829831 2.27328 207.97 26.185 0.072882
208.105 26.4443 0.0755558 2.19274 207.97 26.185 0.072882
208.174 26.1886 0.0716195 3.67412 207.97 26.185 0.072882
208.139 26.4023 0.076918 3.58313 207.97 26.185 0.072882
207.985 26.3795 0.0785075 4.60702 207.97 26.185 0.072882
208.253 26.1093 0.0791226 0.715592 207.97 26.185 0.072882
208.253 26.1093 0.0791226 0.715592 207.97 26.185 0.072882
207.985 26.3795 0.0785075 4.60702 207.97 26.185 0.072882
208.174 26.1886 0.0716195 3.67412 207.97 26.185 0.072882
207.964 26.1354 0.0838493 0.791489 207.97 26.185 0.072882
207.883 25.9389 0.0703826 0.0585385 207.97 26.185 0.072882
207.878 26.4032 0.0865758 0.54584 207.97 26.185 0.072882
207.955 26.2209 0.0829831 2.27328 207.97 26.185 0.072882
207.869 26.1256 0.0797969 0.989784 207.97 26.185 0.072882
207.935 26.319 0.0761173 3.83856 207.97 26.185 0.072882
208.097 26.1647 0.080124 3.54992 207.97 26.185 0.072882
208.038 26.2196 0.0742131 6.54932 207.97 26.185 0.072882
207.878 26.4032 0.0865758 0.54584 207.97 26.185 0.072882
207.775 26.3888 0.0782388 0.354943 207.97 26.185 0.072882
207.955 26.2209 0.0829831 2.27328 207.97 26.185 0.072882
208.125 26.2681 0.082913 2.51759 207.97 26.185 0.072882
208.174 26.1886 0.0716195 3.67412 207.97 26.185 0.072882
207.878 26.4032 0.0865758 0.54584 207.97 26.185 0.072882
207.955 26.2209 0.0829831 2.27328 207.97 26.185 0.072882
208.227 26.3251 0.0792434 2.45017 207.97 26.185 0.072882
208.038 26.2196 0.0742131 6.54932 207.97 26.185 0.072882
207.985 26.3795 0.0785075 4.60702 207.97 26.185 0.072882
208.038 26.2196 0.0742131 6.54932 207.97 26.185 0.072882
208.174 26.1886 0.0716195 3.67412 207.97 26.185 0.072882
208.105 26.4443 0.0755558 2.19274 207.97 26.185 0.072882
208.249 26.495 0.0725704 0.211592 207.97 26.185 0.072882
207.985 26.3795 0.0785075 4.60702 207.97 26.185 0.072882
207.955 26.2209 0.0829831 2.27328 207.97 26.185 0.072882
207.781 26.1397 0.087566 0.0300247 207.97 26.185 0.072882
207.909 26.2137 0.0808997 2.58978 207.97 26.185 0.072882
207.964 26.1354 0.0838493 0.791489 207.97 26.185 0.072882
207.985 26.3795 0.0785075 4.60702 207.97 26.185 0.072882
208.014 26.1226 0.0649536 0.204788 207.97 26.185 0.072882
208.038 26.2196 0.0742131 6.54932 207.97 26.185 0.072882
207.909 26.2137 0.0808997 2.58978 207.97 26.185 0.072882
208.038 26.2196 0.0742131 6.54932 207.97 26.185 0.072882
207.924 26.3626 0.0773523 3.14149 207.97 26.185 0.072882
208.059 26.4402 0.0854764 1.04398 207.97 26.185 0.072882
208.038 26.2196 0.0742131 6.54932 207.97 26.185 0.072882
207.985 26.3795 0.0785075 4.60702 207.97 26.185 0.072882
208.105 26.4443 0.0755558 2.19274 207.97 26.185 0.072882
207.909 26.2137 0.0808997 2.58978 207.97 26.185 0.072882
207.924 26.3626 0.0773523 3.14149 207.97 26.185 0.072882
208.064 26.0328 0.0681537 0.644426 207.97 26.185 0.072882
207.909 26.2137 0.0808997 2.58978 207.97 26.185 0.072882
207.909 26.2137 0.0808997 2.58978 207.97 26.185 0.072882
208.038 26.2196 0.0742131 6.54932 207.97 26.185 0.072882
208.253 26.1093 0.0791226 0.715592 207.97 26.185 0.072882
207.985 26.3795 0.0785075 4.60702 207.97 26.185 0.072882
207.964 26.1354 0.0838493 0.791489 207.97 26.185 0.072882
208.227 26.3251 0.0792434 2.45017 207.97 26.185 0.072882
207.955 26.2209 0.0829831 2.27328 207.97 26.185 0.072882
208.006 26.2245 0.0653767 0.220165 207.97 26.185 0.072882
208.038 26.2196 0.0742131 6.54932 207.97 26.185 0.072882
208.174 26.1886 0.0716195 3.67412 207.97 26.185 0.072882
207.924 26.3626 0.0773523 3.14149 207.97 26.185 0.072882
208.227 26.3251 0.0792434 2.45017 207.97 26.185 0.072882
207.728 26.1849 0.0743383 0.0985927 207.97 26.185 0.072882
208.125 26.2681 0.082913 2.51759 207.97 26.185 0.072882
208.105 26.4443 0.0755558 2.19274 207.97 26.185 0.072882
207.83 26.1569 0.0845232 0.264611 207.97 26.185 0.072882
208.125 26.2681 0.082913 2.51759 207.97 26.185 0.072882
207.955 26.2209 0.0829831 2.27328 207.97 26.185 0.072882
207.924 26.3626 0.0773523 3.14149 207.97 26.185 0.072882
208.125 26.2681 0.082913 2.51759 207.97 26.185 0.072882
207.909 26.2137 0.0808997 2.58978 207.97 26.185 0.072882
207.876 26.2877 0.0691555 0.247827 207.97 26.185 0.072882
207.804 26.2557 0.0779429 0.904587 207.97 26.185 0.072882
208.105 26.4443 0.0755558 2.19274 207.97 26.185 0.072882
207.935 26.319 0.0761173 3.83856 207.97 26.185 0.072882
207.935 26.319 0.0761173 3.83856 207.97 26.185 0.072882
208.097 26.1647 0.080124 3.54992 207.97 26.185 0.072882
208.139 26.4023 0.076918 3.58313 207.97 26.185 0.072882
207.935 26.319 0.0761173 3.83856 207.97 26.185 0.072882
207.83 26.1569 0.0845232 0.264611 207.97 26.185 0.072882
208.271 26.3821 0.0747538 1.16518 207.97 26.185 0.072882
207.876 26.2877 0.0691555 0.247827 207.97 26.185 0.072882
208.038 26.2196 0.0742131 6.54932 207.97 26.185 0.072882
207.959 26.1752 0.0701647 1.42497 207.97 26.185 0.072882
208.038 26.2196 0.0742131 6.54932 207.97 26.185 0.072882
208.105 26.4443 0.0755558 2.19274 207.97 26.185 0.072882
207.909 26.2137 0.0808997 2.58978 207.97 26.185 0.072882
207.878 26.4032 0.0865758 0.54584 207.97 26.185 0.072882
208.271 26.3821 0.0747538 1.16518 207.97 26.185 0.072882
207.985 26.3795 0.0785075 4.60702 207.97 26.185 0.072882
