-8.09674 0.0499213 0.450188 0.0263702 -8.0528 0.19363 0.44829
-8.07543 0.395086 0.449789 0.000956263 -8.0528 0.19363 0.44829
-8.02705 0.25325 0.44776 0.0163053 -8.0528 0.19363 0.44829
-8.0102 0.0877535 0.451918 0.0524452 -8.0528 0.19363 0.44829
-7.90358 0.248994 0.446771 0.0128736 -8.0528 0.19363 0.44829
-8.0102 0.0877535 0.451918 0.0524452 -8.0528 0.19363 0.44829
-8.03257 0.0512252 0.448593 0.0271461 -8.0528 0.19363 0.44829
-8.0102 0.0877535 0.451918 0.0524452 -8.0528 0.19363 0.44829
-8.09674 0.0499213 0.450188 0.0263702 -8.0528 0.19363 0.44829
-8.0102 0.0877535 0.451918 0.0524452 -8.0528 0.19363 0.44829
-8.09674 0.0499213 0.450188 0.0263702 -8.0528 0.19363 0.44829
-8.03257 0.0512252 0.448593 0.0271461 -8.0528 0.19363 0.44829
-8.04632 -0.0239746 0.448671 0.0105466 -8.0528 0.19363 0.44829
-8.02705 0.25325 0.44776 0.0163053 -8.0528 0.19363 0.44829
-8.04632 -0.0239746 0.448671 0.0105466 -8.0528 0.19363 0.44829
-8.19416 0.0597632 0.457803 0.00530696 -8.0528 0.19363 0.44829
-8.05383 0.21616 0.446648 0.0134185 -8.0528 0.19363 0.44829
-8.04632 -0.0239746 0.448671 0.0105466 -8.0528 0.19363 0.44829
-8.11569 0.377787 0.452466 0.000774735 -8.0528 0.19363 0.44829
-8.02705 0.25325 0.44776 0.0163053 -8.0528 0.19363 0.44829
-8.0102 0.0877535 0.451918 0.0524452 -8.0528 0.19363 0.44829
-8.0102 0.0877535 0.451918 0.0524452 -8.0528 0.19363 0.44829
-8.0102 0.0877535 0.451918 0.0524452 -8.0528 0.19363 0.44829
-8.10196 0.31587 0.45126 0.00464888 -8.0528 0.19363 0.44829
-8.0102 0.0877535 0.451918 0.0524452 -8.0528 0.19363 0.44829
-8.0102 0.0877535 0.451918 0.0524452 -8.0528 0.19363 0.44829
-7.77269 0.00226833 0.452309 0.00130749 -8.0528 0.19363 0.44829
-8.0102 0.0877535 0.451918 0.0524452 -8.0528 0.19363 0.44829
-8.03257 0.0512252 0.448593 0.0271461 -8.0528 0.19363 0.44829
-8.09674 0.0499213 0.450188 0.0263702 -8.0528 0.19363 0.44829
-8.0102 0.0877535 0.451918 0.0524452 -8.0528 0.19363 0.44829
-8.0102 0.0877535 0.451918 0.0524452 -8.0528 0.19363 0.44829
-8.05383 0.21616 0.446648 0.0134185 -8.0528 0.19363 0.44829
-8.03126 0.312561 0.457452 0.000457636 -8.0528 0.19363 0.44829
-8.09674 0.0499213 0.450188 0.0263702 -8.0528 0.19363 0.44829
-8.02705 0.25325 0.44776 0.0163053 -8.0528 0.19363 0.44829
-8.21253 0.250953 0.445961 0.000469755 -8.0528 0.19363 0.44829
-8.19416 0.0597632 0.457803 0.00530696 -8.0528 0.19363 0.44829
-8.0102 0.0877535 0.451918 0.0524452 -8.0528 0.19363 0.44829
-8.0102 0.0877535 0.451918 0.0524452 -8.0528 0.19363 0.44829
-8.0102 0.0877535 0.451918 0.0524452 -8.0528 0.19363 0.44829
-8.09674 0.0499213 0.450188 0.0263702 -8.0528 0.19363 0.44829
-8.03257 0.0512252 0.448593 0.0271461 -8.0528 0.19363 0.44829
-8.02705 0.25325 0.44776 0.0163053 -8.0528 0.19363 0.44829
-8.16564 0.246177 0.449918 0.0060688 -8.0528 0.19363 0.44829
-8.271 0.117361 0.454245 0.00282391 -8.0528 0.19363 0.44829
-8.09674 0.0499213 0.450188 0.0263702 -8.0528 0.19363 0.44829
-8.0102 0.0877535 0.451918 0.0524452 -8.0528 0.19363 0.44829
-8.05383 0.21616 0.446648 0.0134185 -8.0528 0.19363 0.44829
-8.09674 0.0499213 0.450188 0.0263702 -8.0528 0.19363 0.44829
-8.02705 0.25325 0.44776 0.0163053 -8.0528 0.19363 0.44829
-8.10196 0.31587 0.45126 0.00464888 -8.0528 0.19363 0.44829
-8.0102 0.0877535 0.451918 0.0524452 -8.0528 0.19363 0.44829
-8.0102 0.0877535 0.451918 0.0524452 -8.0528 0.19363 0.44829
-8.0102 0.0877535 0.451918 0.0524452 -8.0528 0.19363 0.44829
-8.05383 0.21616 0.446648 0.0134185 -8.0528 0.19363 0.44829
-8.0102 0.0877535 0.451918 0.0524452 -8.0528 0.19363 0.44829
-8.0102 0.0877535 0.451918 0.0524452 -8.0528 0.19363 0.44829
-7.90358 0.248994 0.446771 0.0128736 -8.0528 0.19363 0.44829
-8.02705 0.25325 0.44776 0.0163053 -8.0528 0.19363 0.44829
-8.0102 0.0877535 0.451918 0.0524452 -8.0528 0.19363 0.44829
-8.0102 0.0877535 0.451918 0.0524452 -8.0528 0.19363 0.44829
-8.05383 0.21616 0.446648 0.0134185 -8.0528 0.19363 0.44829
-8.02705 0.25325 0.44776 0.0163053 -8.0528 0.19363 0.44829
-8.0102 0.0877535 0.451918 0.0524452 -8.0528 0.19363 0.44829
-8.0102 0.0877535 0.451918 0.0524452 -8.0528 0.19363 0.44829
-8.10196 0.31587 0.45126 0.00464888 -8.0528 0.19363 0.44829
-7.90358 0.248994 0.446771 0.0128736 -8.0528 0.19363 0.44829
-8.02705 0.25325 0.44776 0.0163053 -8.0528 0.19363 0.44829
-8.02705 0.25325 0.44776 0.0163053 -8.0528 0.19363 0.44829
-8.09674 0.0499213 0.450188 0.0263702 -8.0528 0.19363 0.44829
-8.0102 0.0877535 0.451918 0.0524452 -8.0528 0.19363 0.44829
-8.0102 0.0877535 0.451918 0.0524452 -8.0528 0.19363 0.44829
-8.0102 0.0877535 0.451918 0.0524452 -8.0528 0.19363 0.44829
-8.03257 0.0512252 0.448593 0.0271461 -8.0528 0.19363 0.44829
-7.82892 -0.00458799 0.452221 0.00436055 -8.0528 0.19363 0.44829
-8.0102 0.0877535 0.451918 0.0524452 -8.0528 0.19363 0.44829
-8.09674 0.0499213 0.450188 0.0263702 -8.0528 0.19363 0.44829
-8.0102 0.0877535 0.451918 0.0524452 -8.0528 0.19363 0.44829
-7.98404 0.351617 0.447217 0.0034913 -8.0528 0.19363 0.44829
-7.90358 0.248994 0.446771 0.0128736 -8.0528 0.19363 0.44829
-8.05383 0.21616 0.446648 0.0134185 -8.0528 0.19363 0.44829
-8.03257 0.0512252 0.448593 0.0271461 -8.0528 0.19363 0.44829
-8.05383 0.21616 0.446648 0.0134185 -8.0528 0.19363 0.44829
-8.03257 0.0512252 0.448593 0.0271461 -8.0528 0.19363 0.44829
-8.02705 0.25325 0.44776 0.0163053 -8.0528 0.19363 0.44829
-8.09674 0.0499213 0.450188 0.0263702 -8.0528 0.19363 0.44829
-8.0102 0.0877535 0.451918 0.0524452 -8.0528 0.19363 0.44829
-8.0102 0.0877535 0.451918 0.0524452 -8.0528 0.19363 0.44829
-8.16564 0.246177 0.449918 0.0060688 -8.0528 0.19363 0.44829
-8.05383 0.21616 0.446648 0.0134185 -8.0528 0.19363 0.44829
-8.09674 0.0499213 0.450188 0.0263702 -8.0528 0.19363 0.44829
-8.0102 0.0877535 0.451918 0.0524452 -8.0528 0.19363 0.44829
-7.77269 0.00226833 0.452309 0.00130749 -8.0528 0.19363 0.44829
-8.02705 0.25325 0.44776 0.0163053 -8.0528 0.19363 0.44829
-8.0102 0.0877535 0.451918 0.0524452 -8.0528 0.19363 0.44829
-7.91714 -0.0744691 0.457585 0.00117542 -8.0528 0.19363 0.44829
-8.0102 0.0877535 0.451918 0.0524452 -8.0528 0.19363 0.44829
-7.90358 0.248994 0.446771 0.0128736 -8.0528 0.19363 0.44829
-8.0102 0.0877535 0.451918 0.0524452 -8.0528 0.19363 0.44829
-8.09674 0.0499213 0.450188 0.0263702 -8.0528 0.19363 0.44829
-8.0102 0.0877535 0.451918 0.0524452 -8.0528 0.19363 0.44829
-8.09674 0.0499213 0.450188 0.0263702 -8.0528 0.19363 0.44829
-8.04632 -0.0239746 0.448671 0.0105466 -8.0528 0.19363 0.44829
-8.03257 0.0512252 0.448593 0.0271461 -8.0528 0.19363 0.44829
-8.05383 0.21616 0.446648 0.0134185 -8.0528 0.19363 0.44829
-8.0102 0.0877535 0.451918 0.0524452 -8.0528 0.19363 0.44829
-8.02705 0.25325 0.44776 0.0163053 -8.0528 0.19363 0.44829
-8.16564 0.246177 0.449918 0.0060688 -8.0528 0.19363 0.44829
-8.19416 0.0597632 0.457803 0.00530696 -8.0528 0.19363 0.44829
-8.0102 0.0877535 0.451918 0.0524452 -8.0528 0.19363 0.44829
-8.0102 0.0877535 0.451918 0.0524452 -8.0528 0.19363 0.44829
-7.90358 0.248994 0.446771 0.0128736 -8.0528 0.19363 0.44829
-8.0102 0.0877535 0.451918 0.0524452 -8.0528 0.19363 0.44829
-8.271 0.117361 0.454245 0.00282391 -8.0528 0.19363 0.44829
-8.0102 0.0877535 0.451918 0.0524452 -8.0528 0.19363 0.44829
-8.19416 0.0597632 0.457803 0.00530696 -8.0528 0.19363 0.44829
-8.0102 0.0877535 0.451918 0.0524452 -8.0528 0.19363 0.44829
-8.0102 0.0877535 0.451918 0.0524452 -8.0528 0.19363 0.44829
-8.09674 0.0499213 0.450188 0.0263702 -8.0528 0.19363 0.44829
-8.11569 0.377787 0.452466 0.000774735 -8.0528 0.19363 0.44829
-8.02705 0.25325 0.44776 0.0163053 -8.0528 0.19363 0.44829
-7.90358 0.248994 0.446771 0.0128736 -8.0528 0.19363 0.44829
-8.16564 0.246177 0.449918 0.0060688 -8.0528 0.19363 0.44829
-7.82892 -0.00458799 0.452221 0.00436055 -8.0528 0.19363 0.44829
-8.02705 0.25325 0.44776 0.0163053 -8.0528 0.19363 0.44829
-8.09674 0.0499213 0.450188 0.0263702 -8.0528 0.19363 0.44829
-8.271 0.117361 0.454245 0.00282391 -8.0528 0.19363 0.44829
-8.0102 0.0877535 0.451918 0.0524452 -8.0528 0.19363 0.44829
-8.0102 0.0877535 0.451918 0.0524452 -8.0528 0.19363 0.44829
-7.90358 0.248994 0.446771 0.0128736 -8.0528 0.19363 0.44829
-8.0102 0.0877535 0.451918 0.0524452 -8.0528 0.19363 0.44829
-8.16564 0.246177 0.449918 0.0060688 -8.0528 0.19363 0.44829
-8.09674 0.0499213 0.450188 0.0263702 -8.0528 0.19363 0.44829
-8.05383 0.21616 0.446648 0.0134185 -8.0528 0.19363 0.44829
-7.82892 -0.00458799 0.452221 0.00436055 -8.0528 0.19363 0.44829
-8.19416 0.0597632 0.457803 0.00530696 -8.0528 0.19363 0.44829
-8.09674 0.0499213 0.450188 0.0263702 -8.0528 0.19363 0.44829
-7.82892 -0.00458799 0.452221 0.00436055 -8.0528 0.19363 0.44829
-8.03257 0.0512252 0.448593 0.0271461 -8.0528 0.19363 0.44829
-8.0102 0.0877535 0.451918 0.0524452 -8.0528 0.19363 0.44829
-8.05383 0.21616 0.446648 0.0134185 -8.0528 0.19363 0.44829
-8.02705 0.25325 0.44776 0.0163053 -8.0528 0.19363 0.44829
-8.0102 0.0877535 0.451918 0.0524452 -8.0528 0.19363 0.44829
-8.05383 0.21616 0.446648 0.0134185 -8.0528 0.19363 0.44829
-8.05383 0.21616 0.446648 0.0134185 -8.0528 0.19363 0.44829
-8.05383 0.21616 0.446648 0.0134185 -8.0528 0.19363 0.44829
-8.26134 0.200445 0.445431 0.00011794 -8.0528 0.19363 0.44829
-8.02705 0.25325 0.44776 0.0163053 -8.0528 0.19363 0.44829
-8.16564 0.246177 0.449918 0.0060688 -8.0528 0.19363 0.44829
-7.90358 0.248994 0.446771 0.0128736 -8.0528 0.19363 0.44829
-8.0102 0.0877535 0.451918 0.0524452 -8.0528 0.19363 0.44829
-8.09674 0.0499213 0.450188 0.0263702 -8.0528 0.19363 0.44829
-8.04632 -0.0239746 0.448671 0.0105466 -8.0528 0.19363 0.44829
-7.90358 0.248994 0.446771 0.0128736 -8.0528 0.19363 0.44829
-8.02705 0.25325 0.44776 0.0163053 -8.0528 0.19363 0.44829
-8.0102 0.0877535 0.451918 0.0524452 -8.0528 0.19363 0.44829
-8.09674 0.0499213 0.450188 0.0263702 -8.0528 0.19363 0.44829
-8.02705 0.25325 0.44776 0.0163053 -8.0528 0.19363 0.44829
-8.271 0.117361 0.454245 0.00282391 -8.0528 0.19363 0.44829
-8.03257 0.0512252 0.448593 0.0271461 -8.0528 0.19363 0.44829
-8.0102 0.0877535 0.451918 0.0524452 -8.0528 0.19363 0.44829
-8.09674 0.0499213 0.450188 0.0263702 -8.0528 0.19363 0.44829
-8.0102 0.0877535 0.451918 0.0524452 -8.0528 0.19363 0.44829
-8.0102 0.0877535 0.451918 0.0524452 -8.0528 0.19363 0.44829
-8.03257 0.0512252 0.448593 0.0271461 -8.0528 0.19363 0.44829
-8.05383 0.21616 0.446648 0.0134185 -8.0528 0.19363 0.44829
-8.09674 0.0499213 0.450188 0.0263702 -8.0528 0.19363 0.44829
-8.16564 0.246177 0.449918 0.0060688 -8.0528 0.19363 0.44829
-8.07543 0.395086 0.449789 0.000956263 -8.0528 0.19363 0.44829
-8.271 0.117361 0.454245 0.00282391 -8.0528 0.19363 0.44829
-8.0102 0.0877535 0.451918 0.0524452 -8.0528 0.19363 0.44829
-8.0102 0.0877535 0.451918 0.0524452 -8.0528 0.19363 0.44829
-8.0102 0.0877535 0.451918 0.0524452 -8.0528 0.19363 0.44829
-8.09674 0.0499213 0.450188 0.0263702 -8.0528 0.19363 0.44829
-8.10196 0.31587 0.45126 0.00464888 -8.0528 0.19363 0.44829
-8.09674 0.0499213 0.450188 0.0263702 -8.0528 0.19363 0.44829
-8.02705 0.25325 0.44776 0.0163053 -8.0528 0.19363 0.44829
-8.09674 0.0499213 0.450188 0.0263702 -8.0528 0.19363 0.44829
-8.05383 0.21616 0.446648 0.0134185 -8.0528 0.19363 0.44829
-8.04632 -0.0239746 0.448671 0.0105466 -8.0528 0.19363 0.44829
-8.09674 0.0499213 0.450188 0.0263702 -8.0528 0.19363 0.44829
-8.03257 0.0512252 0.448593 0.0271461 -8.0528 0.19363 0.44829
-8.0102 0.0877535 0.451918 0.0524452 -8.0528 0.19363 0.44829
-8.0102 0.0877535 0.451918 0.0524452 -8.0528 0.19363 0.44829
-8.03257 0.0512252 0.448593 0.0271461 -8.0528 0.19363 0.44829
-8.03911 0.221397 0.441503 0.000616484 -8.0528 0.19363 0.44829
-8.03257 0.0512252 0.448593 0.0271461 -8.0528 0.19363 0.44829
-8.0102 0.0877535 0.451918 0.0524452 -8.0528 0.19363 0.44829
-8.04632 -0.0239746 0.448671 0.0105466 -8.0528 0.19363 0.44829
-8.0102 0.0877535 0.451918 0.0524452 -8.0528 0.19363 0.44829
-8.09674 0.0499213 0.450188 0.0263702 -8.0528 0.19363 0.44829
-8.03257 0.0512252 0.448593 0.0271461 -8.0528 0.19363 0.44829
-8.03257 0.0512252 0.448593 0.0271461 -8.0528 0.19363 0.44829
-8.05383 0.21616 0.446648 0.0134185 -8.0528 0.19363 0.44829
-8.10196 0.31587 0.45126 0.00464888 -8.0528 0.19363 0.44829
-8.0102 0.0877535 0.451918 0.0524452 -8.0528 0.19363 0.44829
-8.0102 0.0877535 0.451918 0.0524452 -8.0528 0.19363 0.44829
-8.09674 0.0499213 0.450188 0.0263702 -8.0528 0.19363 0.44829
-7.90358 0.248994 0.446771 0.0128736 -8.0528 0.19363 0.44829
