-33.6541 -78.3454 2.17977 0.117124 -34.131 -78.247 2.161
-33.9149 -78.2007 2.1681 1.41427 -34.131 -78.247 2.161
-33.6927 -78.2985 2.16608 2.56282 -34.131 -78.247 2.161
-33.7629 -78.1273 2.16735 0.937454 -34.131 -78.247 2.161
-34.1962 -78.5021 2.16499 0.0945398 -34.131 -78.247 2.161
-33.8442 -78.4094 2.16524 3.42858 -34.131 -78.247 2.161
-33.9148 -78.3375 2.17054 2.21264 -34.131 -78.247 2.161
-33.9148 -78.3375 2.17054 2.21264 -34.131 -78.247 2.161
-33.7728 -78.4648 2.17891 0.450898 -34.131 -78.247 2.161
-33.8619 -78.1836 2.1639 1.92383 -34.131 -78.247 2.161
-33.8619 -78.1836 2.1639 1.92383 -34.131 -78.247 2.161
-33.9149 -78.2007 2.1681 1.41427 -34.131 -78.247 2.161
-33.7343 -78.1481 2.16287 1.20267 -34.131 -78.247 2.161
-33.9149 -78.2007 2.1681 1.41427 -34.131 -78.247 2.161
-34.1768 -78.1964 2.16238 0.137638 -34.131 -78.247 2.161
-34.0201 -78.4934 2.17825 0.142994 -34.131 -78.247 2.161
-33.7343 -78.1481 2.16287 1.20267 -34.131 -78.247 2.161
-33.7585 -78.4688 2.17129 3.11002 -34.131 -78.247 2.161
-33.7629 -78.1273 2.16735 0.937454 -34.131 -78.247 2.161
-34.067 -78.5067 2.17174 0.516901 -34.131 -78.247 2.161
-33.6912 -78.2721 2.1764 0.309524 -34.131 -78.247 2.161
-33.9148 -78.3375 2.17054 2.21264 -34.131 -78.247 2.161
-33.9148 -78.3375 2.17054 2.21264 -34.131 -78.247 2.161
-33.8442 -78.4094 2.16524 3.42858 -34.131 -78.247 2.161
-33.9148 -78.3375 2.17054 2.21264 -34.131 -78.247 2.161
-33.8442 -78.4094 2.16524 3.42858 -34.131 -78.247 2.161
-33.6927 -78.2985 2.16608 2.56282 -34.131 -78.247 2.161
-34.0466 -78.1487 2.15788 0.293868 -34.131 -78.247 2.161
-33.7269 -78.7192 2.17535 0.447062 -34.131 -78.247 2.161
-33.9148 -78.3375 2.17054 2.21264 -34.131 -78.247 2.161
-33.9148 -78.3375 2.17054 2.21264 -34.131 -78.247 2.161
-33.9149 -78.2007 2.1681 1.41427 -34.131 -78.247 2.161
-34.0759 -78.393 2.15725 0.14443 -34.131 -78.247 2.161
-33.6927 -78.2985 2.16608 2.56282 -34.131 -78.247 2.161
-33.6927 -78.2985 2.16608 2.56282 -34.131 -78.247 2.161
-33.6927 -78.2985 2.16608 2.56282 -34.131 -78.247 2.161
-33.9148 -78.3375 2.17054 2.21264 -34.131 -78.247 2.161
-33.9149 -78.2007 2.1681 1.41427 -34.131 -78.247 2.161
-33.8442 -78.4094 2.16524 3.42858 -34.131 -78.247 2.161
-33.7629 -78.1273 2.16735 0.937454 -34.131 -78.247 2.161
-33.8442 -78.4094 2.16524 3.42858 -34.131 -78.247 2.161
-33.8442 -78.4094 2.16524 3.42858 -34.131 -78.247 2.161
-33.7343 -78.1481 2.16287 1.20267 -34.131 -78.247 2.161
-33.7909 -78.7226 2.1647 0.145934 -34.131 -78.247 2.161
-33.7629 -78.1273 2.16735 0.937454 -34.131 -78.247 2.161
-33.8619 -78.1836 2.1639 1.92383 -34.131 -78.247 2.161
-33.7343 -78.1481 2.16287 1.20267 -34.131 -78.247 2.161
-34.067 -78.5067 2.17174 0.516901 -34.131 -78.247 2.161
-33.7629 -78.1273 2.16735 0.937454 -34.131 -78.247 2.161
-33.6541 -78.3454 2.17977 0.117124 -34.131 -78.247 2.161
-33.7269 -78.7192 2.17535 0.447062 -34.131 -78.247 2.161
-33.7585 -78.4688 2.17129 3.11002 -34.131 -78.247 2.161
-33.8442 -78.4094 2.16524 3.42858 -34.131 -78.247 2.161
-33.6927 -78.2985 2.16608 2.56282 -34.131 -78.247 2.161
-33.7343 -78.1481 2.16287 1.20267 -34.131 -78.247 2.161
-33.7343 -78.1481 2.16287 1.20267 -34.131 -78.247 2.161
-33.6927 -78.2985 2.16608 2.56282 -34.131 -78.247 2.161
-33.8442 -78.4094 2.16524 3.42858 -34.131 -78.247 2.161
-33.6927 -78.2985 2.16608 2.56282 -34.131 -78.247 2.161
-33.7585 -78.4688 2.17129 3.11002 -34.131 -78.247 2.161
-33.7585 -78.4688 2.17129 3.11002 -34.131 -78.247 2.161
-33.8619 -78.1836 2.1639 1.92383 -34.131 -78.247 2.161
-34.0201 -78.4934 2.17825 0.142994 -34.131 -78.247 2.161
-33.6912 -78.2721 2.1764 0.309524 -34.131 -78.247 2.161
-34.0201 -78.4934 2.17825 0.142994 -34.131 -78.247 2.161
-33.7269 -78.7192 2.17535 0.447062 -34.131 -78.247 2.161
-33.6927 -78.2985 2.16608 2.56282 -34.131 -78.247 2.161
-34.0759 -78.393 2.15725 0.14443 -34.131 -78.247 2.161
-33.8619 -78.1836 2.1639 1.92383 -34.131 -78.247 2.161
-33.9148 -78.3375 2.17054 2.21264 -34.131 -78.247 2.161
-33.9149 -78.2007 2.1681 1.41427 -34.131 -78.247 2.161
-33.8619 -78.1836 2.1639 1.92383 -34.131 -78.247 2.161
-34.1962 -78.5021 2.16499 0.0945398 -34.131 -78.247 2.161
-33.9148 -78.3375 2.17054 2.21264 -34.131 -78.247 2.161
-33.9149 -78.2007 2.1681 1.41427 -34.131 -78.247 2.161
-34.109 -78.0854 2.16237 0.150239 -34.131 -78.247 2.161
-33.8442 -78.4094 2.16524 3.42858 -34.131 -78.247 2.161
-33.9148 -78.3375 2.17054 2.21264 -34.131 -78.247 2.161
-33.7585 -78.4688 2.17129 3.11002 -34.131 -78.247 2.161
-34.1768 -78.1964 2.16238 0.137638 -34.131 -78.247 2.161
-33.9149 -78.2007 2.1681 1.41427 -34.131 -78.247 2.161
-33.6927 -78.2985 2.16608 2.56282 -34.131 -78.247 2.161
-33.7585 -78.4688 2.17129 3.11002 -34.131 -78.247 2.161
-33.6927 -78.2985 2.16608 2.56282 -34.131 -78.247 2.161
-34.067 -78.5067 2.17174 0.516901 -34.131 -78.247 2.161
-33.8442 -78.4094 2.16524 3.42858 -34.131 -78.247 2.161
-34.067 -78.5067 2.17174 0.516901 -34.131 -78.247 2.161
-33.9148 -78.3375 2.17054 2.21264 -34.131 -78.247 2.161
-33.6912 -78.2721 2.1764 0.309524 -34.131 -78.247 2.161
-33.8442 -78.4094 2.16524 3.42858 -34.131 -78.247 2.161
-34.067 -78.5067 2.17174 0.516901 -34.131 -78.247 2.161
-34.1633 -78.307 2.16513 0.259419 -34.131 -78.247 2.161
-33.7585 -78.4688 2.17129 3.11002 -34.131 -78.247 2.161
-33.4746 -78.2195 2.1637 0.155002 -34.131 -78.247 2.161
-33.7728 -78.4648 2.17891 0.450898 -34.131 -78.247 2.161
-34.038 -78.3527 2.17456 0.294364 -34.131 -78.247 2.161
-33.8442 -78.4094 2.16524 3.42858 -34.131 -78.247 2.161
-33.7343 -78.1481 2.16287 1.20267 -34.131 -78.247 2.161
-33.8442 -78.4094 2.16524 3.42858 -34.131 -78.247 2.161
-33.8619 -78.1836 2.1639 1.92383 -34.131 -78.247 2.161
-33.6927 -78.2985 2.16608 2.56282 -34.131 -78.247 2.161
-33.7269 -78.7192 2.17535 0.447062 -34.131 -78.247 2.161
-33.7585 -78.4688 2.17129 3.11002 -34.131 -78.247 2.161
-33.9148 -78.3375 2.17054 2.21264 -34.131 -78.247 2.161
-33.7343 -78.1481 2.16287 1.20267 -34.131 -78.247 2.161
-33.7343 -78.1481 2.16287 1.20267 -34.131 -78.247 2.161
-33.7585 -78.4688 2.17129 3.11002 -34.131 -78.247 2.161
-33.8442 -78.4094 2.16524 3.42858 -34.131 -78.247 2.161
-33.6927 -78.2985 2.16608 2.56282 -34.131 -78.247 2.161
-33.7585 -78.4688 2.17129 3.11002 -34.131 -78.247 2.161
-33.6927 -78.2985 2.16608 2.56282 -34.131 -78.247 2.161
-34.067 -78.5067 2.17174 0.516901 -34.131 -78.247 2.161
-33.7585 -78.4688 2.17129 3.11002 -34.131 -78.247 2.161
-33.9148 -78.3375 2.17054 2.21264 -34.131 -78.247 2.161
-33.7585 -78.4688 2.17129 3.11002 -34.131 -78.247 2.161
-33.7585 -78.4688 2.17129 3.11002 -34.131 -78.247 2.161
-33.7269 -78.7192 2.17535 0.447062 -34.131 -78.247 2.161
-33.6927 -78.2985 2.16608 2.56282 -34.131 -78.247 2.161
-33.9149 -78.2007 2.1681 1.41427 -34.131 -78.247 2.161
-33.6912 -78.2721 2.1764 0.309524 -34.131 -78.247 2.161
-33.6927 -78.2985 2.16608 2.56282 -34.131 -78.247 2.161
-33.6927 -78.2985 2.16608 2.56282 -34.131 -78.247 2.161
-33.8619 -78.1836 2.1639 1.92383 -34.131 -78.247 2.161
-34.2651 -78.1858 2.16398 0.0272514 -34.131 -78.247 2.161
-33.7585 -78.4688 2.17129 3.11002 -34.131 -78.247 2.161
-33.7343 -78.1481 2.16287 1.20267 -34.131 -78.247 2.161
-33.7343 -78.1481 2.16287 1.20267 -34.131 -78.247 2.161
-33.7343 -78.1481 2.16287 1.20267 -34.131 -78.247 2.161
-33.6927 -78.2985 2.16608 2.56282 -34.131 -78.247 2.161
-33.8442 -78.4094 2.16524 3.42858 -34.131 -78.247 2.161
-33.7585 -78.4688 2.17129 3.11002 -34.131 -78.247 2.161
-33.8442 -78.4094 2.16524 3.42858 -34.131 -78.247 2.161
-33.7343 -78.1481 2.16287 1.20267 -34.131 -78.247 2.161
-33.7343 -78.1481 2.16287 1.20267 -34.131 -78.247 2.161
-34.2651 -78.1858 2.16398 0.0272514 -34.131 -78.247 2.161
-33.7585 -78.4688 2.17129 3.11002 -34.131 -78.247 2.161
-33.9465 -78.1528 2.15375 0.14887 -34.131 -78.247 2.161
-33.9148 -78.3375 2.17054 2.21264 -34.131 -78.247 2.161
-33.7343 -78.1481 2.16287 1.20267 -34.131 -78.247 2.161
-33.9149 -78.2007 2.1681 1.41427 -34.131 -78.247 2.161
-33.7585 -78.4688 2.17129 3.11002 -34.131 -78.247 2.161
-33.9148 -78.3375 2.17054 2.21264 -34.131 -78.247 2.161
-34.1633 -78.307 2.16513 0.259419 -34.131 -78.247 2.161
-33.7269 -78.7192 2.17535 0.447062 -34.131 -78.247 2.161
-34.067 -78.5067 2.17174 0.516901 -34.131 -78.247 2.161
-33.8619 -78.1836 2.1639 1.92383 -34.131 -78.247 2.161
-33.8442 -78.4094 2.16524 3.42858 -34.131 -78.247 2.161
-33.7728 -78.4648 2.17891 0.450898 -34.131 -78.247 2.161
-33.7585 -78.4688 2.17129 3.11002 -34.131 -78.247 2.161
-33.9965 -77.9259 2.15717 0.0472178 -34.131 -78.247 2.161
-33.6927 -78.2985 2.16608 2.56282 -34.131 -78.247 2.161
-33.7909 -78.7226 2.1647 0.145934 -34.131 -78.247 2.161
-33.6927 -78.2985 2.16608 2.56282 -34.131 -78.247 2.161
-34.1061 -78.5332 2.17804 0.050445 -34.131 -78.247 2.161
-33.7585 -78.4688 2.17129 3.11002 -34.131 -78.247 2.161
-33.6927 -78.2985 2.16608 2.56282 -34.131 -78.247 2.161
-33.7585 -78.4688 2.17129 3.11002 -34.131 -78.247 2.161
-33.7629 -78.1273 2.16735 0.937454 -34.131 -78.247 2.161
-33.6927 -78.2985 2.16608 2.56282 -34.131 -78.247 2.161
-33.8619 -78.1836 2.1639 1.92383 -34.131 -78.247 2.161
-33.8442 -78.4094 2.16524 3.42858 -34.131 -78.247 2.161
-33.8442 -78.4094 2.16524 3.42858 -34.131 -78.247 2.161
-33.8442 -78.4094 2.16524 3.42858 -34.131 -78.247 2.161
-33.7629 -78.1273 2.16735 0.937454 -34.131 -78.247 2.161
-33.8442 -78.4094 2.16524 3.42858 -34.131 -78.247 2.161
-33.7343 -78.1481 2.16287 1.20267 -34.131 -78.247 2.161
-33.6912 -78.2721 2.1764 0.309524 -34.131 -78.247 2.161
-33.8442 -78.4094 2.16524 3.42858 -34.131 -78.247 2.161
-33.9148 -78.3375 2.17054 2.21264 -34.131 -78.247 2.161
-33.7629 -78.1273 2.16735 0.937454 -34.131 -78.247 2.161
-33.8442 -78.4094 2.16524 3.42858 -34.131 -78.247 2.161
-33.9149 -78.2007 2.1681 1.41427 -34.131 -78.247 2.161
-33.8442 -78.4094 2.16524 3.42858 -34.131 -78.247 2.161
-33.6912 -78.2721 2.1764 0.309524 -34.131 -78.247 2.161
-33.8619 -78.1836 2.1639 1.92383 -34.131 -78.247 2.161
-33.8619 -78.1836 2.1639 1.92383 -34.131 -78.247 2.161
-34.038 -78.3527 2.17456 0.294364 -34.131 -78.247 2.161
-33.7269 -78.7192 2.17535 0.447062 -34.131 -78.247 2.161
-33.7585 -78.4688 2.17129 3.11002 -34.131 -78.247 2.161
-33.7585 -78.4688 2.17129 3.11002 -34.131 -78.247 2.161
-33.8442 -78.4094 2.16524 3.42858 -34.131 -78.247 2.161
-33.8619 -78.1836 2.1639 1.92383 -34.131 -78.247 2.161
-33.9148 -78.3375 2.17054 2.21264 -34.131 -78.247 2.161
-33.8442 -78.4094 2.16524 3.42858 -34.131 -78.247 2.161
-34.038 -78.3527 2.17456 0.294364 -34.131 -78.247 2.161
-33.6927 -78.2985 2.16608 2.56282 -34.131 -78.247 2.161
-34.3215 -78.3493 2.16742 0.011966 -34.131 -78.247 2.161
-33.6927 -78.2985 2.16608 2.56282 -34.131 -78.247 2.161
-34.1633 -78.307 2.16513 0.259419 -34.131 -78.247 2.161
-33.7728 -78.4648 2.17891 0.450898 -34.131 -78.247 2.161
-34.1061 -78.5332 2.17804 0.050445 -34.131 -78.247 2.161
-33.9148 -78.3375 2.17054 2.21264 -34.131 -78.247 2.161
-34.067 -78.5067 2.17174 0.516901 -34.131 -78.247 2.161
-33.7269 -78.7192 2.17535 0.447062 -34.131 -78.247 2.161
-33.7585 -78.4688 2.17129 3.11002 -34.131 -78.247 2.161
-33.9148 -78.3375 2.17054 2.21264 -34.131 -78.247 2.161
-34.0466 -78.1487 2.15788 0.293868 -34.131 -78.247 2.161
-33.8442 -78.4094 2.16524 3.42858 -34.131 -78.247 2.161
-33.7585 -78.4688 2.17129 3.11002 -34.131 -78.247 2.161
-33.7585 -78.4688 2.17129 3.11002 -34.131 -78.247 2.161
