121.428 19.9555 0.0553781 0.430739 121.36 20.016 0.057085
121.17 19.7101 0.0735375 0.00277048 121.36 20.016 0.057085
121.286 19.9215 0.0526756 0.022152 121.36 20.016 0.057085
121.52 19.9188 0.0576669 1.56659 121.36 20.016 0.057085
121.62 19.978 0.0531756 0.533227 121.36 20.016 0.057085
121.529 19.8733 0.0597285 2.08618 121.36 20.016 0.057085
121.52 19.9188 0.0576669 1.56659 121.36 20.016 0.057085
121.52 19.9188 0.0576669 1.56659 121.36 20.016 0.057085
121.727 19.9435 0.0579373 0.859065 121.36 20.016 0.057085
121.708 19.7501 0.0607699 0.808431 121.36 20.016 0.057085
121.293 19.867 0.0629907 0.367502 121.36 20.016 0.057085
121.291 19.679 0.0671119 0.0893745 121.36 20.016 0.057085
121.65 19.4633 0.0558211 0.0336003 121.36 20.016 0.057085
121.52 19.9188 0.0576669 1.56659 121.36 20.016 0.057085
121.605 19.8375 0.0571698 1.97996 121.36 20.016 0.057085
121.475 19.803 0.0629858 1.44552 121.36 20.016 0.057085
121.639 19.9064 0.0535703 0.922639 121.36 20.016 0.057085
121.52 19.9188 0.0576669 1.56659 121.36 20.016 0.057085
121.708 19.7501 0.0607699 0.808431 121.36 20.016 0.057085
121.641 19.8481 0.0617587 1.44693 121.36 20.016 0.057085
121.62 19.978 0.0531756 0.533227 121.36 20.016 0.057085
121.475 19.803 0.0629858 1.44552 121.36 20.016 0.057085
121.475 19.803 0.0629858 1.44552 121.36 20.016 0.057085
121.529 19.8733 0.0597285 2.08618 121.36 20.016 0.057085
121.641 19.8481 0.0617587 1.44693 121.36 20.016 0.057085
121.529 19.8733 0.0597285 2.08618 121.36 20.016 0.057085
121.708 19.7501 0.0607699 0.808431 121.36 20.016 0.057085
121.605 19.8375 0.0571698 1.97996 121.36 20.016 0.057085
121.567 19.8976 0.060017 2.01181 121.36 20.016 0.057085
121.527 19.9935 0.0553382 0.65172 121.36 20.016 0.057085
121.53 20.0333 0.059432 0.784131 121.36 20.016 0.057085
121.53 20.0333 0.059432 0.784131 121.36 20.016 0.057085
121.332 20.0497 0.0613698 0.18797 121.36 20.016 0.057085
121.418 19.9468 0.0603615 0.97528 121.36 20.016 0.057085
121.299 19.6567 0.0626536 0.142724 121.36 20.016 0.057085
121.529 19.8733 0.0597285 2.08618 121.36 20.016 0.057085
121.641 19.8481 0.0617587 1.44693 121.36 20.016 0.057085
121.727 19.9435 0.0579373 0.859065 121.36 20.016 0.057085
121.708 19.7501 0.0607699 0.808431 121.36 20.016 0.057085
121.475 19.803 0.0629858 1.44552 121.36 20.016 0.057085
121.529 19.8733 0.0597285 2.08618 121.36 20.016 0.057085
121.529 19.8733 0.0597285 2.08618 121.36 20.016 0.057085
121.475 19.803 0.0629858 1.44552 121.36 20.016 0.057085
121.288 19.883 0.057723 0.180066 121.36 20.016 0.057085
121.567 19.8976 0.060017 2.01181 121.36 20.016 0.057085
121.293 19.867 0.0629907 0.367502 121.36 20.016 0.057085
121.418 19.9468 0.0603615 0.97528 121.36 20.016 0.057085
121.641 19.8481 0.0617587 1.44693 121.36 20.016 0.057085
121.605 19.8375 0.0571698 1.97996 121.36 20.016 0.057085
121.332 20.0497 0.0613698 0.18797 121.36 20.016 0.057085
121.503 19.8491 0.0527832 0.536718 121.36 20.016 0.057085
121.529 19.8733 0.0597285 2.08618 121.36 20.016 0.057085
121.609 19.8449 0.0718409 0.0301411 121.36 20.016 0.057085
121.567 19.8976 0.060017 2.01181 121.36 20.016 0.057085
121.641 19.8481 0.0617587 1.44693 121.36 20.016 0.057085
121.531 19.8907 0.0527121 0.574095 121.36 20.016 0.057085
121.503 19.8491 0.0527832 0.536718 121.36 20.016 0.057085
121.639 19.9064 0.0535703 0.922639 121.36 20.016 0.057085
121.527 19.9935 0.0553382 0.65172 121.36 20.016 0.057085
121.708 19.7501 0.0607699 0.808431 121.36 20.016 0.057085
121.567 19.8976 0.060017 2.01181 121.36 20.016 0.057085
121.639 19.9064 0.0535703 0.922639 121.36 20.016 0.057085
121.291 19.679 0.0671119 0.0893745 121.36 20.016 0.057085
121.557 19.7574 0.0537219 0.850319 121.36 20.016 0.057085
121.567 19.8976 0.060017 2.01181 121.36 20.016 0.057085
121.567 19.8976 0.060017 2.01181 121.36 20.016 0.057085
121.62 19.978 0.0531756 0.533227 121.36 20.016 0.057085
121.642 19.9114 0.0650506 0.57984 121.36 20.016 0.057085
121.62 19.978 0.0531756 0.533227 121.36 20.016 0.057085
121.53 20.0333 0.059432 0.784131 121.36 20.016 0.057085
121.503 19.8491 0.0527832 0.536718 121.36 20.016 0.057085
121.475 19.803 0.0629858 1.44552 121.36 20.016 0.057085
121.621 20.1776 0.055932 0.0668319 121.36 20.016 0.057085
121.639 19.9064 0.0535703 0.922639 121.36 20.016 0.057085
121.52 19.9188 0.0576669 1.56659 121.36 20.016 0.057085
121.52 19.9188 0.0576669 1.56659 121.36 20.016 0.057085
121.408 19.6756 0.0681744 0.141584 121.36 20.016 0.057085
121.529 19.8733 0.0597285 2.08618 121.36 20.016 0.057085
121.428 19.9555 0.0553781 0.430739 121.36 20.016 0.057085
121.567 19.8976 0.060017 2.01181 121.36 20.016 0.057085
121.475 19.803 0.0629858 1.44552 121.36 20.016 0.057085
121.62 19.978 0.0531756 0.533227 121.36 20.016 0.057085
121.699 19.6868 0.0566709 0.739751 121.36 20.016 0.057085
121.605 19.8375 0.0571698 1.97996 121.36 20.016 0.057085
121.52 19.9188 0.0576669 1.56659 121.36 20.016 0.057085
121.52 19.9188 0.0576669 1.56659 121.36 20.016 0.057085
121.557 19.7574 0.0537219 0.850319 121.36 20.016 0.057085
121.332 20.0497 0.0613698 0.18797 121.36 20.016 0.057085
121.176 19.7181 0.062301 0.03334 121.36 20.016 0.057085
121.529 19.8733 0.0597285 2.08618 121.36 20.016 0.057085
121.708 19.7501 0.0607699 0.808431 121.36 20.016 0.057085
121.567 19.8976 0.060017 2.01181 121.36 20.016 0.057085
121.642 19.9114 0.0650506 0.57984 121.36 20.016 0.057085
121.666 19.9436 0.0679005 0.13054 121.36 20.016 0.057085
121.529 19.8733 0.0597285 2.08618 121.36 20.016 0.057085
121.641 19.8481 0.0617587 1.44693 121.36 20.016 0.057085
121.529 19.8733 0.0597285 2.08618 121.36 20.016 0.057085
121.605 19.8375 0.0571698 1.97996 121.36 20.016 0.057085
121.708 19.7501 0.0607699 0.808431 121.36 20.016 0.057085
121.639 19.9064 0.0535703 0.922639 121.36 20.016 0.057085
121.605 19.8375 0.0571698 1.97996 121.36 20.016 0.057085
121.605 19.8375 0.0571698 1.97996 121.36 20.016 0.057085
121.605 19.8375 0.0571698 1.97996 121.36 20.016 0.057085
121.699 19.6868 0.0566709 0.739751 121.36 20.016 0.057085
121.529 19.8733 0.0597285 2.08618 121.36 20.016 0.057085
121.641 19.8481 0.0617587 1.44693 121.36 20.016 0.057085
121.699 19.6868 0.0566709 0.739751 121.36 20.016 0.057085
121.605 19.8375 0.0571698 1.97996 121.36 20.016 0.057085
121.639 19.9064 0.0535703 0.922639 121.36 20.016 0.057085
121.53 20.0333 0.059432 0.784131 121.36 20.016 0.057085
121.503 19.8491 0.0527832 0.536718 121.36 20.016 0.057085
121.529 19.8733 0.0597285 2.08618 121.36 20.016 0.057085
121.534 20.0986 0.0619262 0.334481 121.36 20.016 0.057085
121.605 19.8375 0.0571698 1.97996 121.36 20.016 0.057085
121.475 19.803 0.0629858 1.44552 121.36 20.016 0.057085
121.503 19.8491 0.0527832 0.536718 121.36 20.016 0.057085
121.605 19.8375 0.0571698 1.97996 121.36 20.016 0.057085
121.557 19.7574 0.0537219 0.850319 121.36 20.016 0.057085
121.53 20.0333 0.059432 0.784131 121.36 20.016 0.057085
121.531 19.8907 0.0527121 0.574095 121.36 20.016 0.057085
121.567 19.8976 0.060017 2.01181 121.36 20.016 0.057085
121.605 19.8375 0.0571698 1.97996 121.36 20.016 0.057085
121.567 19.8976 0.060017 2.01181 121.36 20.016 0.057085
121.503 19.8491 0.0527832 0.536718 121.36 20.016 0.057085
121.52 19.9188 0.0576669 1.56659 121.36 20.016 0.057085
121.557 19.7574 0.0537219 0.850319 121.36 20.016 0.057085
121.527 19.9935 0.0553382 0.65172 121.36 20.016 0.057085
121.641 19.8481 0.0617587 1.44693 121.36 20.016 0.057085
121.641 19.8481 0.0617587 1.44693 121.36 20.016 0.057085
121.53 20.0333 0.059432 0.784131 121.36 20.016 0.057085
121.418 19.9468 0.0603615 0.97528 121.36 20.016 0.057085
121.475 19.803 0.0629858 1.44552 121.36 20.016 0.057085
121.53 20.0333 0.059432 0.784131 121.36 20.016 0.057085
121.639 19.9064 0.0535703 0.922639 121.36 20.016 0.057085
121.7 19.5138 0.0570231 0.0752539 121.36 20.016 0.057085
121.567 19.8976 0.060017 2.01181 121.36 20.016 0.057085
121.639 19.9064 0.0535703 0.922639 121.36 20.016 0.057085
121.727 19.9435 0.0579373 0.859065 121.36 20.016 0.057085
121.686 20.1779 0.0521311 0.023024 121.36 20.016 0.057085
121.52 19.9188 0.0576669 1.56659 121.36 20.016 0.057085
121.567 19.8976 0.060017 2.01181 121.36 20.016 0.057085
121.641 19.8481 0.0617587 1.44693 121.36 20.016 0.057085
121.52 19.9188 0.0576669 1.56659 121.36 20.016 0.057085
121.708 19.7501 0.0607699 0.808431 121.36 20.016 0.057085
121.531 19.8907 0.0527121 0.574095 121.36 20.016 0.057085
121.605 19.8375 0.0571698 1.97996 121.36 20.016 0.057085
121.641 19.8481 0.0617587 1.44693 121.36 20.016 0.057085
121.475 19.803 0.0629858 1.44552 121.36 20.016 0.057085
121.607 19.5765 0.0607852 0.254755 121.36 20.016 0.057085
121.529 19.8733 0.0597285 2.08618 121.36 20.016 0.057085
121.567 19.8976 0.060017 2.01181 121.36 20.016 0.057085
121.475 19.803 0.0629858 1.44552 121.36 20.016 0.057085
121.291 19.679 0.0671119 0.0893745 121.36 20.016 0.057085
121.699 19.6868 0.0566709 0.739751 121.36 20.016 0.057085
121.529 19.8733 0.0597285 2.08618 121.36 20.016 0.057085
121.475 19.803 0.0629858 1.44552 121.36 20.016 0.057085
121.52 19.9188 0.0576669 1.56659 121.36 20.016 0.057085
121.341 19.6651 0.0648459 0.201272 121.36 20.016 0.057085
121.708 19.7501 0.0607699 0.808431 121.36 20.016 0.057085
121.52 19.9188 0.0576669 1.56659 121.36 20.016 0.057085
121.605 19.8375 0.0571698 1.97996 121.36 20.016 0.057085
121.293 19.867 0.0629907 0.367502 121.36 20.016 0.057085
121.475 19.803 0.0629858 1.44552 121.36 20.016 0.057085
121.534 20.0986 0.0619262 0.334481 121.36 20.016 0.057085
121.531 19.8907 0.0527121 0.574095 121.36 20.016 0.057085
121.529 19.8733 0.0597285 2.08618 121.36 20.016 0.057085
121.567 19.8976 0.060017 2.01181 121.36 20.016 0.057085
121.52 19.9188 0.0576669 1.56659 121.36 20.016 0.057085
121.52 19.9188 0.0576669 1.56659 121.36 20.016 0.057085
121.288 19.883 0.057723 0.180066 121.36 20.016 0.057085
121.727 19.9435 0.0579373 0.859065 121.36 20.016 0.057085
121.639 19.9064 0.0535703 0.922639 121.36 20.016 0.057085
121.293 19.867 0.0629907 0.367502 121.36 20.016 0.057085
121.62 19.978 0.0531756 0.533227 121.36 20.016 0.057085
121.52 19.9188 0.0576669 1.56659 121.36 20.016 0.057085
121.529 19.8733 0.0597285 2.08618 121.36 20.016 0.057085
121.527 19.9935 0.0553382 0.65172 121.36 20.016 0.057085
121.52 19.9188 0.0576669 1.56659 121.36 20.016 0.057085
121.529 19.8733 0.0597285 2.08618 121.36 20.016 0.057085
121.418 19.9468 0.0603615 0.97528 121.36 20.016 0.057085
121.529 19.8733 0.0597285 2.08618 121.36 20.016 0.057085
121.529 19.8733 0.0597285 2.08618 121.36 20.016 0.057085
121.418 19.9468 0.0603615 0.97528 121.36 20.016 0.057085
121.639 19.9064 0.0535703 0.922639 121.36 20.016 0.057085
121.293 19.867 0.0629907 0.367502 121.36 20.016 0.057085
121.534 20.0986 0.0619262 0.334481 121.36 20.016 0.057085
121.642 19.9114 0.0650506 0.57984 121.36 20.016 0.057085
121.708 19.7501 0.0607699 0.808431 121.36 20.016 0.057085
121.529 19.8733 0.0597285 2.08618 121.36 20.016 0.057085
121.605 19.8375 0.0571698 1.97996 121.36 20.016 0.057085
121.607 19.5765 0.0607852 0.254755 121.36 20.016 0.057085
121.641 19.8481 0.0617587 1.44693 121.36 20.016 0.057085
121.639 19.9064 0.0535703 0.922639 121.36 20.016 0.057085
121.639 19.9064 0.0535703 0.922639 121.36 20.016 0.057085
121.727 19.9435 0.0579373 0.859065 121.36 20.016 0.057085
121.475 19.803 0.0629858 1.44552 121.36 20.016 0.057085
121.641 19.8481 0.0617587 1.44693 121.36 20.016 0.057085
121.53 20.0333 0.059432 0.784131 121.36 20.016 0.057085
121.475 19.803 0.0629858 1.44552 121.36 20.016 0.057085
121.605 19.8375 0.0571698 1.97996 121.36 20.016 0.057085
