191.703 -10.4296 3.15275 2.75202 191.58 -10.357 3.1472
191.846 -10.4668 3.155 0.921176 191.58 -10.357 3.1472
191.735 -10.4243 3.15031 3.48475 191.58 -10.357 3.1472
191.578 -10.3166 3.14968 2.59811 191.58 -10.357 3.1472
191.58 -10.5125 3.14841 2.53384 191.58 -10.357 3.1472
191.578 -10.3166 3.14968 2.59811 191.58 -10.357 3.1472
191.674 -10.5707 3.15101 1.09518 191.58 -10.357 3.1472
191.624 -10.4203 3.1487 4.2407 191.58 -10.357 3.1472
191.58 -10.5125 3.14841 2.53384 191.58 -10.357 3.1472
191.353 -10.5226 3.14907 0.0922381 191.58 -10.357 3.1472
191.735 -10.4243 3.15031 3.48475 191.58 -10.357 3.1472
191.674 -10.5707 3.15101 1.09518 191.58 -10.357 3.1472
191.624 -10.4203 3.1487 4.2407 191.58 -10.357 3.1472
191.58 -10.5125 3.14841 2.53384 191.58 -10.357 3.1472
191.735 -10.4243 3.15031 3.48475 191.58 -10.357 3.1472
191.703 -10.4296 3.15275 2.75202 191.58 -10.357 3.1472
191.703 -10.4296 3.15275 2.75202 191.58 -10.357 3.1472
191.735 -10.4243 3.15031 3.48475 191.58 -10.357 3.1472
191.624 -10.4203 3.1487 4.2407 191.58 -10.357 3.1472
191.574 -10.3079 3.14574 1.71553 191.58 -10.357 3.1472
191.398 -10.251 3.15108 0.0723985 191.58 -10.357 3.1472
191.676 -10.451 3.14342 0.645559 191.58 -10.357 3.1472
191.581 -10.4545 3.14449 2.14428 191.58 -10.357 3.1472
191.661 -10.5253 3.14888 2.42032 191.58 -10.357 3.1472
191.574 -10.3079 3.14574 1.71553 191.58 -10.357 3.1472
191.574 -10.3079 3.14574 1.71553 191.58 -10.357 3.1472
191.822 -10.4654 3.1566 0.571639 191.58 -10.357 3.1472
191.676 -10.451 3.14342 0.645559 191.58 -10.357 3.1472
191.834 -10.5598 3.15457 0.361769 191.58 -10.357 3.1472
191.58 -10.5125 3.14841 2.53384 191.58 -10.357 3.1472
191.735 -10.4243 3.15031 3.48475 191.58 -10.357 3.1472
191.624 -10.4203 3.1487 4.2407 191.58 -10.357 3.1472
191.526 -10.5893 3.14298 0.673002 191.58 -10.357 3.1472
191.661 -10.5253 3.14888 2.42032 191.58 -10.357 3.1472
191.578 -10.3166 3.14968 2.59811 191.58 -10.357 3.1472
191.571 -10.2829 3.1478 1.93484 191.58 -10.357 3.1472
191.58 -10.5125 3.14841 2.53384 191.58 -10.357 3.1472
191.727 -10.3462 3.15344 2.65559 191.58 -10.357 3.1472
191.558 -10.2341 3.14955 1.03843 191.58 -10.357 3.1472
191.717 -10.1528 3.15056 0.423505 191.58 -10.357 3.1472
191.58 -10.5125 3.14841 2.53384 191.58 -10.357 3.1472
191.581 -10.4545 3.14449 2.14428 191.58 -10.357 3.1472
191.901 -10.0026 3.1539 0.00599828 191.58 -10.357 3.1472
191.581 -10.4545 3.14449 2.14428 191.58 -10.357 3.1472
191.856 -10.3974 3.1612 0.0588676 191.58 -10.357 3.1472
191.676 -10.451 3.14342 0.645559 191.58 -10.357 3.1472
191.58 -10.5125 3.14841 2.53384 191.58 -10.357 3.1472
191.58 -10.5125 3.14841 2.53384 191.58 -10.357 3.1472
191.578 -10.3166 3.14968 2.59811 191.58 -10.357 3.1472
191.578 -10.3166 3.14968 2.59811 191.58 -10.357 3.1472
191.661 -10.5253 3.14888 2.42032 191.58 -10.357 3.1472
191.571 -10.2829 3.1478 1.93484 191.58 -10.357 3.1472
191.735 -10.4243 3.15031 3.48475 191.58 -10.357 3.1472
191.661 -10.5253 3.14888 2.42032 191.58 -10.357 3.1472
191.581 -10.4545 3.14449 2.14428 191.58 -10.357 3.1472
191.661 -10.5253 3.14888 2.42032 191.58 -10.357 3.1472
191.581 -10.4545 3.14449 2.14428 191.58 -10.357 3.1472
191.617 -10.3087 3.15394 1.06678 191.58 -10.357 3.1472
191.727 -10.3462 3.15344 2.65559 191.58 -10.357 3.1472
191.822 -10.4654 3.1566 0.571639 191.58 -10.357 3.1472
191.864 -10.4272 3.15858 0.281453 191.58 -10.357 3.1472
191.703 -10.4296 3.15275 2.75202 191.58 -10.357 3.1472
191.624 -10.4203 3.1487 4.2407 191.58 -10.357 3.1472
191.735 -10.4243 3.15031 3.48475 191.58 -10.357 3.1472
191.703 -10.4296 3.15275 2.75202 191.58 -10.357 3.1472
191.581 -10.4545 3.14449 2.14428 191.58 -10.357 3.1472
191.735 -10.4243 3.15031 3.48475 191.58 -10.357 3.1472
191.735 -10.4243 3.15031 3.48475 191.58 -10.357 3.1472
191.661 -10.5253 3.14888 2.42032 191.58 -10.357 3.1472
191.497 -10.3838 3.15436 0.143321 191.58 -10.357 3.1472
191.776 -10.3806 3.14628 0.727708 191.58 -10.357 3.1472
191.624 -10.4203 3.1487 4.2407 191.58 -10.357 3.1472
191.58 -10.5125 3.14841 2.53384 191.58 -10.357 3.1472
191.703 -10.4296 3.15275 2.75202 191.58 -10.357 3.1472
191.632 -10.4818 3.15559 0.300647 191.58 -10.357 3.1472
191.617 -10.3087 3.15394 1.06678 191.58 -10.357 3.1472
191.383 -10.4577 3.14253 0.713008 191.58 -10.357 3.1472
191.624 -10.4203 3.1487 4.2407 191.58 -10.357 3.1472
191.848 -10.4713 3.149 0.708505 191.58 -10.357 3.1472
191.578 -10.3166 3.14968 2.59811 191.58 -10.357 3.1472
191.581 -10.4545 3.14449 2.14428 191.58 -10.357 3.1472
191.846 -10.4668 3.155 0.921176 191.58 -10.357 3.1472
191.727 -10.3462 3.15344 2.65559 191.58 -10.357 3.1472
191.632 -10.4818 3.15559 0.300647 191.58 -10.357 3.1472
191.848 -10.4713 3.149 0.708505 191.58 -10.357 3.1472
191.578 -10.3166 3.14968 2.59811 191.58 -10.357 3.1472
191.727 -10.3462 3.15344 2.65559 191.58 -10.357 3.1472
191.58 -10.5125 3.14841 2.53384 191.58 -10.357 3.1472
191.624 -10.4203 3.1487 4.2407 191.58 -10.357 3.1472
191.676 -10.451 3.14342 0.645559 191.58 -10.357 3.1472
191.624 -10.4203 3.1487 4.2407 191.58 -10.357 3.1472
191.581 -10.4545 3.14449 2.14428 191.58 -10.357 3.1472
191.735 -10.4243 3.15031 3.48475 191.58 -10.357 3.1472
191.574 -10.3079 3.14574 1.71553 191.58 -10.357 3.1472
191.571 -10.2829 3.1478 1.93484 191.58 -10.357 3.1472
191.624 -10.4203 3.1487 4.2407 191.58 -10.357 3.1472
191.581 -10.4545 3.14449 2.14428 191.58 -10.357 3.1472
191.661 -10.5253 3.14888 2.42032 191.58 -10.357 3.1472
191.958 -10.5779 3.15207 0.0709971 191.58 -10.357 3.1472
191.624 -10.4203 3.1487 4.2407 191.58 -10.357 3.1472
191.551 -10.6713 3.14621 0.307603 191.58 -10.357 3.1472
191.703 -10.4296 3.15275 2.75202 191.58 -10.357 3.1472
191.574 -10.3079 3.14574 1.71553 191.58 -10.357 3.1472
191.624 -10.4203 3.1487 4.2407 191.58 -10.357 3.1472
191.846 -10.4668 3.155 0.921176 191.58 -10.357 3.1472
191.674 -10.5707 3.15101 1.09518 191.58 -10.357 3.1472
191.571 -10.2829 3.1478 1.93484 191.58 -10.357 3.1472
191.705 -10.1318 3.15429 0.24924 191.58 -10.357 3.1472
191.735 -10.4243 3.15031 3.48475 191.58 -10.357 3.1472
191.58 -10.5125 3.14841 2.53384 191.58 -10.357 3.1472
191.763 -10.1429 3.15166 0.341594 191.58 -10.357 3.1472
191.558 -10.2341 3.14955 1.03843 191.58 -10.357 3.1472
191.624 -10.4203 3.1487 4.2407 191.58 -10.357 3.1472
191.58 -10.5125 3.14841 2.53384 191.58 -10.357 3.1472
191.735 -10.4243 3.15031 3.48475 191.58 -10.357 3.1472
191.526 -10.5893 3.14298 0.673002 191.58 -10.357 3.1472
191.578 -10.3166 3.14968 2.59811 191.58 -10.357 3.1472
191.703 -10.4296 3.15275 2.75202 191.58 -10.357 3.1472
191.674 -10.5707 3.15101 1.09518 191.58 -10.357 3.1472
191.617 -10.3087 3.15394 1.06678 191.58 -10.357 3.1472
191.551 -10.6713 3.14621 0.307603 191.58 -10.357 3.1472
191.687 -10.3639 3.15713 0.395897 191.58 -10.357 3.1472
191.558 -10.2341 3.14955 1.03843 191.58 -10.357 3.1472
191.578 -10.3166 3.14968 2.59811 191.58 -10.357 3.1472
191.624 -10.4203 3.1487 4.2407 191.58 -10.357 3.1472
191.727 -10.3462 3.15344 2.65559 191.58 -10.357 3.1472
191.735 -10.4243 3.15031 3.48475 191.58 -10.357 3.1472
191.661 -10.5253 3.14888 2.42032 191.58 -10.357 3.1472
191.58 -10.5125 3.14841 2.53384 191.58 -10.357 3.1472
191.727 -10.3462 3.15344 2.65559 191.58 -10.357 3.1472
191.717 -10.1528 3.15056 0.423505 191.58 -10.357 3.1472
191.624 -10.4203 3.1487 4.2407 191.58 -10.357 3.1472
191.661 -10.5253 3.14888 2.42032 191.58 -10.357 3.1472
191.846 -10.4668 3.155 0.921176 191.58 -10.357 3.1472
191.822 -10.4654 3.1566 0.571639 191.58 -10.357 3.1472
191.705 -10.1318 3.15429 0.24924 191.58 -10.357 3.1472
191.727 -10.3462 3.15344 2.65559 191.58 -10.357 3.1472
191.687 -10.3639 3.15713 0.395897 191.58 -10.357 3.1472
191.578 -10.3166 3.14968 2.59811 191.58 -10.357 3.1472
191.624 -10.4203 3.1487 4.2407 191.58 -10.357 3.1472
191.727 -10.3462 3.15344 2.65559 191.58 -10.357 3.1472
191.617 -10.3087 3.15394 1.06678 191.58 -10.357 3.1472
191.624 -10.4203 3.1487 4.2407 191.58 -10.357 3.1472
191.571 -10.2829 3.1478 1.93484 191.58 -10.357 3.1472
191.92 -10.3065 3.15404 0.701559 191.58 -10.357 3.1472
191.617 -10.3087 3.15394 1.06678 191.58 -10.357 3.1472
191.624 -10.4203 3.1487 4.2407 191.58 -10.357 3.1472
191.735 -10.4243 3.15031 3.48475 191.58 -10.357 3.1472
191.674 -10.5707 3.15101 1.09518 191.58 -10.357 3.1472
191.735 -10.4243 3.15031 3.48475 191.58 -10.357 3.1472
191.776 -10.3806 3.14628 0.727708 191.58 -10.357 3.1472
191.578 -10.3166 3.14968 2.59811 191.58 -10.357 3.1472
191.846 -10.4668 3.155 0.921176 191.58 -10.357 3.1472
191.735 -10.4243 3.15031 3.48475 191.58 -10.357 3.1472
191.574 -10.3079 3.14574 1.71553 191.58 -10.357 3.1472
191.842 -10.4848 3.14664 0.265592 191.58 -10.357 3.1472
191.996 -10.3372 3.15361 0.213834 191.58 -10.357 3.1472
191.703 -10.4296 3.15275 2.75202 191.58 -10.357 3.1472
191.735 -10.4243 3.15031 3.48475 191.58 -10.357 3.1472
191.848 -10.4713 3.149 0.708505 191.58 -10.357 3.1472
191.92 -10.3065 3.15404 0.701559 191.58 -10.357 3.1472
191.578 -10.3166 3.14968 2.59811 191.58 -10.357 3.1472
191.661 -10.5253 3.14888 2.42032 191.58 -10.357 3.1472
191.574 -10.3079 3.14574 1.71553 191.58 -10.357 3.1472
191.502 -10.2093 3.15273 0.159141 191.58 -10.357 3.1472
191.383 -10.4577 3.14253 0.713008 191.58 -10.357 3.1472
191.92 -10.3065 3.15404 0.701559 191.58 -10.357 3.1472
191.578 -10.3166 3.14968 2.59811 191.58 -10.357 3.1472
191.864 -10.4272 3.15858 0.281453 191.58 -10.357 3.1472
191.674 -10.5707 3.15101 1.09518 191.58 -10.357 3.1472
191.58 -10.5125 3.14841 2.53384 191.58 -10.357 3.1472
191.578 -10.3166 3.14968 2.59811 191.58 -10.357 3.1472
191.624 -10.4203 3.1487 4.2407 191.58 -10.357 3.1472
191.735 -10.4243 3.15031 3.48475 191.58 -10.357 3.1472
191.58 -10.5125 3.14841 2.53384 191.58 -10.357 3.1472
191.735 -10.4243 3.15031 3.48475 191.58 -10.357 3.1472
191.581 -10.4545 3.14449 2.14428 191.58 -10.357 3.1472
191.617 -10.3087 3.15394 1.06678 191.58 -10.357 3.1472
191.661 -10.5253 3.14888 2.42032 191.58 -10.357 3.1472
191.727 -10.3462 3.15344 2.65559 191.58 -10.357 3.1472
191.846 -10.4668 3.155 0.921176 191.58 -10.357 3.1472
191.58 -10.5125 3.14841 2.53384 191.58 -10.357 3.1472
191.624 -10.4203 3.1487 4.2407 191.58 -10.357 3.1472
191.624 -10.4203 3.1487 4.2407 191.58 -10.357 3.1472
191.674 -10.5707 3.15101 1.09518 191.58 -10.357 3.1472
191.581 -10.4545 3.14449 2.14428 191.58 -10.357 3.1472
191.846 -10.4668 3.155 0.921176 191.58 -10.357 3.1472
191.846 -10.4668 3.155 0.921176 191.58 -10.357 3.1472
191.996 -10.3372 3.15361 0.213834 191.58 -10.357 3.1472
191.578 -10.3166 3.14968 2.59811 191.58 -10.357 3.1472
191.735 -10.4243 3.15031 3.48475 191.58 -10.357 3.1472
191.624 -10.4203 3.1487 4.2407 191.58 -10.357 3.1472
191.776 -10.3806 3.14628 0.727708 191.58 -10.357 3.1472
191.574 -10.3079 3.14574 1.71553 191.58 -10.357 3.1472
191.661 -10.5253 3.14888 2.42032 191.58 -10.357 3.1472
191.551 -10.6713 3.14621 0.307603 191.58 -10.357 3.1472
191.776 -10.3806 3.14628 0.727708 191.58 -10.357 3.1472
191.552 -10.3001 3.14154 0.240619 191.58 -10.357 3.1472
191.617 -10.3087 3.15394 1.06678 191.58 -10.357 3.1472
191.735 -10.4243 3.15031 3.48475 191.58 -10.357 3.1472
