117.981 -21.417 3.40041 0.00784976 118.17 -21.543 3.4133
118.052 -21.4325 3.40457 0.0475756 118.17 -21.543 3.4133
117.887 -21.5486 3.41173 0.221359 118.17 -21.543 3.4133
117.868 -21.4956 3.41362 0.124354 118.17 -21.543 3.4133
118.091 -21.4836 3.40694 0.096845 118.17 -21.543 3.4133
117.93 -21.4799 3.40726 0.253762 118.17 -21.543 3.4133
118.006 -21.761 3.41178 0.0555678 118.17 -21.543 3.4133
118.047 -21.575 3.40247 0.0119952 118.17 -21.543 3.4133
117.93 -21.4799 3.40726 0.253762 118.17 -21.543 3.4133
117.776 -21.5831 3.41416 0.0286193 118.17 -21.543 3.4133
118.077 -21.6676 3.41473 0.124086 118.17 -21.543 3.4133
118.077 -21.6676 3.41473 0.124086 118.17 -21.543 3.4133
118.141 -21.6501 3.41549 0.110457 118.17 -21.543 3.4133
117.955 -21.5273 3.41439 0.190215 118.17 -21.543 3.4133
118.056 -21.4033 3.40784 0.142476 118.17 -21.543 3.4133
118.056 -21.4033 3.40784 0.142476 118.17 -21.543 3.4133
118.056 -21.4033 3.40784 0.142476 118.17 -21.543 3.4133
118.07 -21.4809 3.41071 0.27839 118.17 -21.543 3.4133
118.07 -21.4809 3.41071 0.27839 118.17 -21.543 3.4133
117.776 -21.5831 3.41416 0.0286193 118.17 -21.543 3.4133
117.887 -21.5486 3.41173 0.221359 118.17 -21.543 3.4133
117.868 -21.4956 3.41362 0.124354 118.17 -21.543 3.4133
118.271 -21.2149 3.4185 0.00317838 118.17 -21.543 3.4133
118.117 -21.5963 3.41974 0.0414378 118.17 -21.543 3.4133
117.93 -21.4799 3.40726 0.253762 118.17 -21.543 3.4133
118.209 -21.3402 3.41402 0.0566371 118.17 -21.543 3.4133
117.815 -21.4186 3.41019 0.141994 118.17 -21.543 3.4133
117.93 -21.4799 3.40726 0.253762 118.17 -21.543 3.4133
118.07 -21.4809 3.41071 0.27839 118.17 -21.543 3.4133
118.167 -21.4916 3.41833 0.0803059 118.17 -21.543 3.4133
118.007 -21.7505 3.41329 0.0593652 118.17 -21.543 3.4133
118.077 -21.6676 3.41473 0.124086 118.17 -21.543 3.4133
117.923 -21.4911 3.41402 0.172218 118.17 -21.543 3.4133
117.982 -21.6942 3.41918 0.013638 118.17 -21.543 3.4133
118.056 -21.4033 3.40784 0.142476 118.17 -21.543 3.4133
118.07 -21.4809 3.41071 0.27839 118.17 -21.543 3.4133
117.887 -21.5486 3.41173 0.221359 118.17 -21.543 3.4133
118.141 -21.6501 3.41549 0.110457 118.17 -21.543 3.4133
118.209 -21.3402 3.41402 0.0566371 118.17 -21.543 3.4133
118.056 -21.4033 3.40784 0.142476 118.17 -21.543 3.4133
118.091 -21.4836 3.40694 0.096845 118.17 -21.543 3.4133
118.127 -21.251 3.41608 0.0223985 118.17 -21.543 3.4133
118.056 -21.4033 3.40784 0.142476 118.17 -21.543 3.4133
118.07 -21.4809 3.41071 0.27839 118.17 -21.543 3.4133
117.887 -21.5486 3.41173 0.221359 118.17 -21.543 3.4133
117.853 -21.7172 3.41234 0.0468128 118.17 -21.543 3.4133
118.167 -21.4916 3.41833 0.0803059 118.17 -21.543 3.4133
118.056 -21.4033 3.40784 0.142476 118.17 -21.543 3.4133
117.887 -21.5486 3.41173 0.221359 118.17 -21.543 3.4133
118.167 -21.4916 3.41833 0.0803059 118.17 -21.543 3.4133
117.887 -21.5486 3.41173 0.221359 118.17 -21.543 3.4133
117.93 -21.4799 3.40726 0.253762 118.17 -21.543 3.4133
117.981 -21.417 3.40041 0.00784976 118.17 -21.543 3.4133
118.077 -21.6676 3.41473 0.124086 118.17 -21.543 3.4133
117.955 -21.5273 3.41439 0.190215 118.17 -21.543 3.4133
118.209 -21.3402 3.41402 0.0566371 118.17 -21.543 3.4133
117.868 -21.4956 3.41362 0.124354 118.17 -21.543 3.4133
118.053 -21.8146 3.40782 0.010135 118.17 -21.543 3.4133
118.052 -21.4325 3.40457 0.0475756 118.17 -21.543 3.4133
118.053 -21.8146 3.40782 0.010135 118.17 -21.543 3.4133
118.141 -21.6501 3.41549 0.110457 118.17 -21.543 3.4133
117.887 -21.5486 3.41173 0.221359 118.17 -21.543 3.4133
118.29 -21.6562 3.42451 0.00237965 118.17 -21.543 3.4133
118.07 -21.4809 3.41071 0.27839 118.17 -21.543 3.4133
117.955 -21.5273 3.41439 0.190215 118.17 -21.543 3.4133
117.923 -21.4911 3.41402 0.172218 118.17 -21.543 3.4133
117.93 -21.4799 3.40726 0.253762 118.17 -21.543 3.4133
117.923 -21.4911 3.41402 0.172218 118.17 -21.543 3.4133
118.288 -21.7457 3.41638 0.0138886 118.17 -21.543 3.4133
118.117 -21.5963 3.41974 0.0414378 118.17 -21.543 3.4133
117.726 -21.6037 3.41025 0.0460387 118.17 -21.543 3.4133
117.887 -21.5486 3.41173 0.221359 118.17 -21.543 3.4133
117.853 -21.7172 3.41234 0.0468128 118.17 -21.543 3.4133
117.765 -21.715 3.4056 0.0277661 118.17 -21.543 3.4133
118.056 -21.4033 3.40784 0.142476 118.17 -21.543 3.4133
118.077 -21.6676 3.41473 0.124086 118.17 -21.543 3.4133
118.238 -21.3651 3.41883 0.0259526 118.17 -21.543 3.4133
118.141 -21.6501 3.41549 0.110457 118.17 -21.543 3.4133
117.868 -21.4956 3.41362 0.124354 118.17 -21.543 3.4133
118.07 -21.4809 3.41071 0.27839 118.17 -21.543 3.4133
118.07 -21.4809 3.41071 0.27839 118.17 -21.543 3.4133
117.93 -21.4799 3.40726 0.253762 118.17 -21.543 3.4133
117.93 -21.4799 3.40726 0.253762 118.17 -21.543 3.4133
118.056 -21.4033 3.40784 0.142476 118.17 -21.543 3.4133
118.056 -21.4033 3.40784 0.142476 118.17 -21.543 3.4133
118.07 -21.4809 3.41071 0.27839 118.17 -21.543 3.4133
117.935 -21.3875 3.41685 0.0390649 118.17 -21.543 3.4133
118.077 -21.6676 3.41473 0.124086 118.17 -21.543 3.4133
118.07 -21.4809 3.41071 0.27839 118.17 -21.543 3.4133
117.868 -21.4956 3.41362 0.124354 118.17 -21.543 3.4133
118.117 -21.5963 3.41974 0.0414378 118.17 -21.543 3.4133
117.726 -21.6037 3.41025 0.0460387 118.17 -21.543 3.4133
117.887 -21.5486 3.41173 0.221359 118.17 -21.543 3.4133
118.052 -21.4325 3.40457 0.0475756 118.17 -21.543 3.4133
118.288 -21.7457 3.41638 0.0138886 118.17 -21.543 3.4133
117.93 -21.4799 3.40726 0.253762 118.17 -21.543 3.4133
118.288 -21.7457 3.41638 0.0138886 118.17 -21.543 3.4133
117.923 -21.4911 3.41402 0.172218 118.17 -21.543 3.4133
118.056 -21.4033 3.40784 0.142476 118.17 -21.543 3.4133
117.887 -21.5486 3.41173 0.221359 118.17 -21.543 3.4133
117.923 -21.4911 3.41402 0.172218 118.17 -21.543 3.4133
118.07 -21.4809 3.41071 0.27839 118.17 -21.543 3.4133
117.815 -21.4186 3.41019 0.141994 118.17 -21.543 3.4133
117.93 -21.4799 3.40726 0.253762 118.17 -21.543 3.4133
118.006 -21.761 3.41178 0.0555678 118.17 -21.543 3.4133
117.887 -21.5486 3.41173 0.221359 118.17 -21.543 3.4133
118.077 -21.6676 3.41473 0.124086 118.17 -21.543 3.4133
118.117 -21.5963 3.41974 0.0414378 118.17 -21.543 3.4133
117.955 -21.5273 3.41439 0.190215 118.17 -21.543 3.4133
117.955 -21.5273 3.41439 0.190215 118.17 -21.543 3.4133
117.887 -21.5486 3.41173 0.221359 118.17 -21.543 3.4133
118.127 -21.251 3.41608 0.0223985 118.17 -21.543 3.4133
118.07 -21.4809 3.41071 0.27839 118.17 -21.543 3.4133
117.923 -21.4911 3.41402 0.172218 118.17 -21.543 3.4133
118.052 -21.4325 3.40457 0.0475756 118.17 -21.543 3.4133
118.07 -21.4809 3.41071 0.27839 118.17 -21.543 3.4133
117.93 -21.4799 3.40726 0.253762 118.17 -21.543 3.4133
117.935 -21.3875 3.41685 0.0390649 118.17 -21.543 3.4133
118.006 -21.761 3.41178 0.0555678 118.17 -21.543 3.4133
118.07 -21.4809 3.41071 0.27839 118.17 -21.543 3.4133
117.93 -21.4799 3.40726 0.253762 118.17 -21.543 3.4133
118.091 -21.4836 3.40694 0.096845 118.17 -21.543 3.4133
117.955 -21.5273 3.41439 0.190215 118.17 -21.543 3.4133
117.93 -21.4799 3.40726 0.253762 118.17 -21.543 3.4133
118.23 -21.4804 3.41601 0.09572 118.17 -21.543 3.4133
117.868 -21.4956 3.41362 0.124354 118.17 -21.543 3.4133
118.167 -21.4916 3.41833 0.0803059 118.17 -21.543 3.4133
118.288 -21.7425 3.41288 0.0102301 118.17 -21.543 3.4133
117.955 -21.5273 3.41439 0.190215 118.17 -21.543 3.4133
118.076 -21.6828 3.41966 0.0223074 118.17 -21.543 3.4133
117.868 -21.4956 3.41362 0.124354 118.17 -21.543 3.4133
117.969 -21.7531 3.41884 0.00776067 118.17 -21.543 3.4133
118.29 -21.6562 3.42451 0.00237965 118.17 -21.543 3.4133
118.056 -21.4033 3.40784 0.142476 118.17 -21.543 3.4133
118.23 -21.4804 3.41601 0.09572 118.17 -21.543 3.4133
118.07 -21.4809 3.41071 0.27839 118.17 -21.543 3.4133
117.868 -21.4956 3.41362 0.124354 118.17 -21.543 3.4133
118.052 -21.4325 3.40457 0.0475756 118.17 -21.543 3.4133
118.23 -21.4804 3.41601 0.09572 118.17 -21.543 3.4133
118.033 -21.8099 3.40872 0.0162225 118.17 -21.543 3.4133
118.141 -21.6501 3.41549 0.110457 118.17 -21.543 3.4133
117.923 -21.4911 3.41402 0.172218 118.17 -21.543 3.4133
117.868 -21.4956 3.41362 0.124354 118.17 -21.543 3.4133
118.117 -21.5963 3.41974 0.0414378 118.17 -21.543 3.4133
117.923 -21.4911 3.41402 0.172218 118.17 -21.543 3.4133
117.923 -21.4911 3.41402 0.172218 118.17 -21.543 3.4133
118.141 -21.6501 3.41549 0.110457 118.17 -21.543 3.4133
118.077 -21.6676 3.41473 0.124086 118.17 -21.543 3.4133
117.923 -21.4911 3.41402 0.172218 118.17 -21.543 3.4133
118.056 -21.4033 3.40784 0.142476 118.17 -21.543 3.4133
117.93 -21.4799 3.40726 0.253762 118.17 -21.543 3.4133
117.884 -21.5111 3.40068 0.0210223 118.17 -21.543 3.4133
118.141 -21.6501 3.41549 0.110457 118.17 -21.543 3.4133
117.93 -21.4799 3.40726 0.253762 118.17 -21.543 3.4133
117.815 -21.4186 3.41019 0.141994 118.17 -21.543 3.4133
118.091 -21.4836 3.40694 0.096845 118.17 -21.543 3.4133
118.07 -21.4809 3.41071 0.27839 118.17 -21.543 3.4133
118.087 -21.2966 3.41519 0.0554435 118.17 -21.543 3.4133
118.167 -21.4916 3.41833 0.0803059 118.17 -21.543 3.4133
118.141 -21.6501 3.41549 0.110457 118.17 -21.543 3.4133
117.815 -21.4186 3.41019 0.141994 118.17 -21.543 3.4133
117.955 -21.5273 3.41439 0.190215 118.17 -21.543 3.4133
117.955 -21.5273 3.41439 0.190215 118.17 -21.543 3.4133
117.815 -21.4186 3.41019 0.141994 118.17 -21.543 3.4133
118.056 -21.4033 3.40784 0.142476 118.17 -21.543 3.4133
118.209 -21.3402 3.41402 0.0566371 118.17 -21.543 3.4133
118.056 -21.4033 3.40784 0.142476 118.17 -21.543 3.4133
117.815 -21.4186 3.41019 0.141994 118.17 -21.543 3.4133
117.923 -21.4911 3.41402 0.172218 118.17 -21.543 3.4133
117.93 -21.4799 3.40726 0.253762 118.17 -21.543 3.4133
118.07 -21.4809 3.41071 0.27839 118.17 -21.543 3.4133
117.868 -21.4956 3.41362 0.124354 118.17 -21.543 3.4133
118.076 -21.6828 3.41966 0.0223074 118.17 -21.543 3.4133
118.007 -21.7505 3.41329 0.0593652 118.17 -21.543 3.4133
118.091 -21.4836 3.40694 0.096845 118.17 -21.543 3.4133
117.955 -21.5273 3.41439 0.190215 118.17 -21.543 3.4133
117.93 -21.4799 3.40726 0.253762 118.17 -21.543 3.4133
117.93 -21.4799 3.40726 0.253762 118.17 -21.543 3.4133
117.93 -21.4799 3.40726 0.253762 118.17 -21.543 3.4133
118.07 -21.4809 3.41071 0.27839 118.17 -21.543 3.4133
118.077 -21.6676 3.41473 0.124086 118.17 -21.543 3.4133
118.052 -21.4325 3.40457 0.0475756 118.17 -21.543 3.4133
118.056 -21.4033 3.40784 0.142476 118.17 -21.543 3.4133
118.052 -21.4325 3.40457 0.0475756 118.17 -21.543 3.4133
118.07 -21.4809 3.41071 0.27839 118.17 -21.543 3.4133
118.141 -21.6501 3.41549 0.110457 118.17 -21.543 3.4133
117.955 -21.5273 3.41439 0.190215 118.17 -21.543 3.4133
117.93 -21.4799 3.40726 0.253762 118.17 -21.543 3.4133
117.887 -21.5486 3.41173 0.221359 118.17 -21.543 3.4133
117.93 -21.4799 3.40726 0.253762 118.17 -21.543 3.4133
117.955 -21.5273 3.41439 0.190215 118.17 -21.543 3.4133
117.93 -21.4799 3.40726 0.253762 118.17 -21.543 3.4133
118.167 -21.4916 3.41833 0.0803059 118.17 -21.543 3.4133
117.815 -21.4186 3.41019 0.141994 118.17 -21.543 3.4133
117.868 -21.4956 3.41362 0.124354 118.17 -21.543 3.4133
118.23 -21.4804 3.41601 0.09572 118.17 -21.543 3.4133
118.007 -21.7505 3.41329 0.0593652 118.17 -21.543 3.4133
118.07 -21.4809 3.41071 0.27839 118.17 -21.543 3.4133
118.23 -21.4804 3.41601 0.09572 118.17 -21.543 3.4133
118.056 -21.4033 3.40784 0.142476 118.17 -21.543 3.4133
