265.176 26.8537 5.82363 0.310017 265.04 26.801 5.8287
265.15 27.0779 5.82498 0.109153 265.04 26.801 5.8287
265.002 26.746 5.83043 0.113267 265.04 26.801 5.8287
265.048 26.8283 5.82701 0.473135 265.04 26.801 5.8287
264.923 26.8778 5.82106 0.316112 265.04 26.801 5.8287
265.11 27.1234 5.82512 0.0711124 265.04 26.801 5.8287
265.149 26.8614 5.81723 0.306508 265.04 26.801 5.8287
265.002 26.746 5.83043 0.113267 265.04 26.801 5.8287
265.141 26.9546 5.82508 0.388641 265.04 26.801 5.8287
265.233 26.8161 5.82452 0.0867896 265.04 26.801 5.8287
265.176 26.8537 5.82363 0.310017 265.04 26.801 5.8287
265.053 26.7102 5.82788 0.0978918 265.04 26.801 5.8287
265.002 26.746 5.83043 0.113267 265.04 26.801 5.8287
265.176 26.8537 5.82363 0.310017 265.04 26.801 5.8287
264.999 27.0653 5.81853 0.156266 265.04 26.801 5.8287
265.141 26.9546 5.82508 0.388641 265.04 26.801 5.8287
265.176 26.8537 5.82363 0.310017 265.04 26.801 5.8287
265.048 26.8283 5.82701 0.473135 265.04 26.801 5.8287
265.15 27.0779 5.82498 0.109153 265.04 26.801 5.8287
264.923 26.8778 5.82106 0.316112 265.04 26.801 5.8287
265.002 26.746 5.83043 0.113267 265.04 26.801 5.8287
264.985 26.8948 5.82373 0.769958 265.04 26.801 5.8287
265.002 26.746 5.83043 0.113267 265.04 26.801 5.8287
265.15 27.0779 5.82498 0.109153 265.04 26.801 5.8287
264.923 26.8778 5.82106 0.316112 265.04 26.801 5.8287
265.151 26.6642 5.82038 0.0306234 265.04 26.801 5.8287
264.985 26.8948 5.82373 0.769958 265.04 26.801 5.8287
265.121 26.606 5.8209 0.00907602 265.04 26.801 5.8287
265.124 26.8068 5.82995 0.0927022 265.04 26.801 5.8287
264.985 26.8948 5.82373 0.769958 265.04 26.801 5.8287
264.923 26.8778 5.82106 0.316112 265.04 26.801 5.8287
265.149 26.8614 5.81723 0.306508 265.04 26.801 5.8287
265.048 26.8283 5.82701 0.473135 265.04 26.801 5.8287
265.11 27.1234 5.82512 0.0711124 265.04 26.801 5.8287
265.176 26.8537 5.82363 0.310017 265.04 26.801 5.8287
265.233 26.7675 5.81808 0.0688699 265.04 26.801 5.8287
265.048 26.8283 5.82701 0.473135 265.04 26.801 5.8287
265.062 26.7748 5.83049 0.111565 265.04 26.801 5.8287
265.149 26.9968 5.83141 0.0292652 265.04 26.801 5.8287
265.146 27.009 5.81348 0.094837 265.04 26.801 5.8287
265.233 26.8161 5.82452 0.0867896 265.04 26.801 5.8287
264.985 26.8948 5.82373 0.769958 265.04 26.801 5.8287
264.999 27.0653 5.81853 0.156266 265.04 26.801 5.8287
264.923 26.8778 5.82106 0.316112 265.04 26.801 5.8287
265.124 26.8068 5.82995 0.0927022 265.04 26.801 5.8287
264.985 26.8948 5.82373 0.769958 265.04 26.801 5.8287
265.351 26.7606 5.8163 0.00666349 265.04 26.801 5.8287
265.176 26.8537 5.82363 0.310017 265.04 26.801 5.8287
265.173 27.1672 5.82758 0.00657631 265.04 26.801 5.8287
264.985 26.8948 5.82373 0.769958 265.04 26.801 5.8287
265.048 26.8283 5.82701 0.473135 265.04 26.801 5.8287
264.923 26.8778 5.82106 0.316112 265.04 26.801 5.8287
264.985 26.8948 5.82373 0.769958 265.04 26.801 5.8287
264.985 26.8948 5.82373 0.769958 265.04 26.801 5.8287
264.98 27.0023 5.81655 0.133211 265.04 26.801 5.8287
264.985 26.8948 5.82373 0.769958 265.04 26.801 5.8287
264.985 26.8948 5.82373 0.769958 265.04 26.801 5.8287
265.141 26.9546 5.82508 0.388641 265.04 26.801 5.8287
265.048 26.8283 5.82701 0.473135 265.04 26.801 5.8287
265.141 26.9546 5.82508 0.388641 265.04 26.801 5.8287
265.048 26.8283 5.82701 0.473135 265.04 26.801 5.8287
265.124 26.8068 5.82995 0.0927022 265.04 26.801 5.8287
265.141 26.7403 5.83351 0.00667444 265.04 26.801 5.8287
264.985 26.8948 5.82373 0.769958 265.04 26.801 5.8287
265.048 26.8283 5.82701 0.473135 265.04 26.801 5.8287
264.985 26.8948 5.82373 0.769958 265.04 26.801 5.8287
264.985 26.8948 5.82373 0.769958 265.04 26.801 5.8287
264.985 26.8948 5.82373 0.769958 265.04 26.801 5.8287
265.048 26.8283 5.82701 0.473135 265.04 26.801 5.8287
265.149 26.8614 5.81723 0.306508 265.04 26.801 5.8287
265.048 26.8283 5.82701 0.473135 265.04 26.801 5.8287
265.15 27.0779 5.82498 0.109153 265.04 26.801 5.8287
265.146 27.009 5.81348 0.094837 265.04 26.801 5.8287
265.048 26.8283 5.82701 0.473135 265.04 26.801 5.8287
265.401 26.9869 5.82248 0.00250346 265.04 26.801 5.8287
265.15 27.0779 5.82498 0.109153 265.04 26.801 5.8287
265.062 26.7748 5.83049 0.111565 265.04 26.801 5.8287
265.004 26.9969 5.83286 0.0732769 265.04 26.801 5.8287
265.048 26.8283 5.82701 0.473135 265.04 26.801 5.8287
265.141 26.9546 5.82508 0.388641 265.04 26.801 5.8287
265.249 26.9196 5.82073 0.163085 265.04 26.801 5.8287
265.229 26.7954 5.8248 0.0722033 265.04 26.801 5.8287
265.048 26.8283 5.82701 0.473135 265.04 26.801 5.8287
265.053 26.7102 5.82788 0.0978918 265.04 26.801 5.8287
264.985 26.8948 5.82373 0.769958 265.04 26.801 5.8287
265.173 27.1672 5.82758 0.00657631 265.04 26.801 5.8287
265.004 26.9969 5.83286 0.0732769 265.04 26.801 5.8287
265.002 26.746 5.83043 0.113267 265.04 26.801 5.8287
264.999 27.0653 5.81853 0.156266 265.04 26.801 5.8287
265.249 26.9196 5.82073 0.163085 265.04 26.801 5.8287
265.141 26.9546 5.82508 0.388641 265.04 26.801 5.8287
265.207 27.0687 5.82833 0.0177415 265.04 26.801 5.8287
265.207 27.0687 5.82833 0.0177415 265.04 26.801 5.8287
265.119 26.7676 5.83222 0.0261791 265.04 26.801 5.8287
264.985 26.8948 5.82373 0.769958 265.04 26.801 5.8287
264.923 26.8778 5.82106 0.316112 265.04 26.801 5.8287
265.151 26.6642 5.82038 0.0306234 265.04 26.801 5.8287
265.249 26.9196 5.82073 0.163085 265.04 26.801 5.8287
265.15 27.0779 5.82498 0.109153 265.04 26.801 5.8287
264.985 26.8948 5.82373 0.769958 265.04 26.801 5.8287
264.985 26.8948 5.82373 0.769958 265.04 26.801 5.8287
265.249 26.9196 5.82073 0.163085 265.04 26.801 5.8287
265.149 26.8614 5.81723 0.306508 265.04 26.801 5.8287
265.149 26.8614 5.81723 0.306508 265.04 26.801 5.8287
264.923 26.8778 5.82106 0.316112 265.04 26.801 5.8287
264.98 27.0023 5.81655 0.133211 265.04 26.801 5.8287
265.048 26.8283 5.82701 0.473135 265.04 26.801 5.8287
265.249 26.9196 5.82073 0.163085 265.04 26.801 5.8287
265.048 26.8283 5.82701 0.473135 265.04 26.801 5.8287
265.149 26.8614 5.81723 0.306508 265.04 26.801 5.8287
265.048 26.8283 5.82701 0.473135 265.04 26.801 5.8287
265.176 26.8537 5.82363 0.310017 265.04 26.801 5.8287
265.249 26.9196 5.82073 0.163085 265.04 26.801 5.8287
265.233 26.7675 5.81808 0.0688699 265.04 26.801 5.8287
265.351 26.7606 5.8163 0.00666349 265.04 26.801 5.8287
265.149 26.8614 5.81723 0.306508 265.04 26.801 5.8287
265.233 26.8161 5.82452 0.0867896 265.04 26.801 5.8287
265.146 27.009 5.81348 0.094837 265.04 26.801 5.8287
264.923 26.8778 5.82106 0.316112 265.04 26.801 5.8287
265.048 26.8283 5.82701 0.473135 265.04 26.801 5.8287
265.149 26.8614 5.81723 0.306508 265.04 26.801 5.8287
264.985 26.8948 5.82373 0.769958 265.04 26.801 5.8287
265.26 27.1647 5.81564 0.00843759 265.04 26.801 5.8287
265.247 27.083 5.82858 0.00544818 265.04 26.801 5.8287
265.233 26.7675 5.81808 0.0688699 265.04 26.801 5.8287
264.985 26.8948 5.82373 0.769958 265.04 26.801 5.8287
265.119 26.7676 5.83222 0.0261791 265.04 26.801 5.8287
265.141 26.9546 5.82508 0.388641 265.04 26.801 5.8287
265.048 26.8283 5.82701 0.473135 265.04 26.801 5.8287
265.141 26.9546 5.82508 0.388641 265.04 26.801 5.8287
265.149 26.8614 5.81723 0.306508 265.04 26.801 5.8287
265.048 26.8283 5.82701 0.473135 265.04 26.801 5.8287
264.985 26.8948 5.82373 0.769958 265.04 26.801 5.8287
264.985 26.8948 5.82373 0.769958 265.04 26.801 5.8287
264.985 26.8948 5.82373 0.769958 265.04 26.801 5.8287
265.149 26.9968 5.83141 0.0292652 265.04 26.801 5.8287
264.985 26.8948 5.82373 0.769958 265.04 26.801 5.8287
264.985 26.8948 5.82373 0.769958 265.04 26.801 5.8287
265.233 26.7675 5.81808 0.0688699 265.04 26.801 5.8287
265.004 26.9969 5.83286 0.0732769 265.04 26.801 5.8287
265.207 27.0687 5.82833 0.0177415 265.04 26.801 5.8287
265.176 26.8537 5.82363 0.310017 265.04 26.801 5.8287
264.985 26.8948 5.82373 0.769958 265.04 26.801 5.8287
265.149 26.8614 5.81723 0.306508 265.04 26.801 5.8287
265.149 26.8614 5.81723 0.306508 265.04 26.801 5.8287
265.062 26.7748 5.83049 0.111565 265.04 26.801 5.8287
265.032 26.8665 5.83313 0.0879883 265.04 26.801 5.8287
265.176 26.8537 5.82363 0.310017 265.04 26.801 5.8287
265.146 27.009 5.81348 0.094837 265.04 26.801 5.8287
264.985 26.8948 5.82373 0.769958 265.04 26.801 5.8287
265.15 27.0779 5.82498 0.109153 265.04 26.801 5.8287
265.048 26.8283 5.82701 0.473135 265.04 26.801 5.8287
264.985 26.8948 5.82373 0.769958 265.04 26.801 5.8287
265.141 26.9546 5.82508 0.388641 265.04 26.801 5.8287
265.048 26.8283 5.82701 0.473135 265.04 26.801 5.8287
265.004 26.9969 5.83286 0.0732769 265.04 26.801 5.8287
265.15 27.0779 5.82498 0.109153 265.04 26.801 5.8287
265.151 26.6642 5.82038 0.0306234 265.04 26.801 5.8287
265.032 26.8665 5.83313 0.0879883 265.04 26.801 5.8287
265.149 26.8614 5.81723 0.306508 265.04 26.801 5.8287
264.98 27.0023 5.81655 0.133211 265.04 26.801 5.8287
264.985 26.8948 5.82373 0.769958 265.04 26.801 5.8287
265.053 26.7102 5.82788 0.0978918 265.04 26.801 5.8287
265.149 26.8614 5.81723 0.306508 265.04 26.801 5.8287
265.141 26.9546 5.82508 0.388641 265.04 26.801 5.8287
265.004 26.9969 5.83286 0.0732769 265.04 26.801 5.8287
265.15 27.0779 5.82498 0.109153 265.04 26.801 5.8287
264.999 27.0653 5.81853 0.156266 265.04 26.801 5.8287
264.985 26.8948 5.82373 0.769958 265.04 26.801 5.8287
265.119 26.7676 5.83222 0.0261791 265.04 26.801 5.8287
264.923 26.8778 5.82106 0.316112 265.04 26.801 5.8287
265.062 26.7748 5.83049 0.111565 265.04 26.801 5.8287
264.629 26.8794 5.82475 0.000798016 265.04 26.801 5.8287
265.151 26.6642 5.82038 0.0306234 265.04 26.801 5.8287
265.149 26.8614 5.81723 0.306508 265.04 26.801 5.8287
265.233 26.7675 5.81808 0.0688699 265.04 26.801 5.8287
265.121 26.606 5.8209 0.00907602 265.04 26.801 5.8287
265.141 26.9546 5.82508 0.388641 265.04 26.801 5.8287
265.048 26.8283 5.82701 0.473135 265.04 26.801 5.8287
265.048 26.8283 5.82701 0.473135 265.04 26.801 5.8287
265.032 26.8665 5.83313 0.0879883 265.04 26.801 5.8287
265.141 26.9546 5.82508 0.388641 265.04 26.801 5.8287
265.176 26.8537 5.82363 0.310017 265.04 26.801 5.8287
265.048 26.8283 5.82701 0.473135 265.04 26.801 5.8287
265.15 27.0779 5.82498 0.109153 265.04 26.801 5.8287
265.11 27.1234 5.82512 0.0711124 265.04 26.801 5.8287
265.146 27.009 5.81348 0.094837 265.04 26.801 5.8287
265.032 26.8665 5.83313 0.0879883 265.04 26.801 5.8287
265.048 26.8283 5.82701 0.473135 265.04 26.801 5.8287
265.176 26.8537 5.82363 0.310017 265.04 26.801 5.8287
265.124 26.8068 5.82995 0.0927022 265.04 26.801 5.8287
264.98 27.0023 5.81655 0.133211 265.04 26.801 5.8287
265.141 26.9546 5.82508 0.388641 265.04 26.801 5.8287
265.141 26.9546 5.82508 0.388641 265.04 26.801 5.8287
265.067 27.1657 5.81757 0.0317967 265.04 26.801 5.8287
265.124 26.8068 5.82995 0.0927022 265.04 26.801 5.8287
265.146 27.009 5.81348 0.094837 265.04 26.801 5.8287
264.923 26.8778 5.82106 0.316112 265.04 26.801 5.8287
265.141 26.9546 5.82508 0.388641 265.04 26.801 5.8287
265.141 26.9546 5.82508 0.388641 265.04 26.801 5.8287
