168.278 -11.9318 3.25764 0.00167549 168.68 -11.912 3.2579
168.524 -11.9973 3.2591 0.00521663 168.68 -11.912 3.2579
168.606 -11.9447 3.26183 0.000991755 168.68 -11.912 3.2579
168.408 -11.9749 3.25886 0.00424402 168.68 -11.912 3.2579
168.365 -12.0755 3.25517 0.00907834 168.68 -11.912 3.2579
168.49 -11.7334 3.2587 0.000354506 168.68 -11.912 3.2579
168.365 -12.0755 3.25517 0.00907834 168.68 -11.912 3.2579
168.49 -11.7334 3.2587 0.000354506 168.68 -11.912 3.2579
168.57 -12.0136 3.25966 0.00368652 168.68 -11.912 3.2579
168.365 -12.0755 3.25517 0.00907834 168.68 -11.912 3.2579
168.637 -12.1647 3.25415 0.00060692 168.68 -11.912 3.2579
168.278 -11.9318 3.25764 0.00167549 168.68 -11.912 3.2579
168.365 -12.0755 3.25517 0.00907834 168.68 -11.912 3.2579
168.459 -12.0036 3.25989 0.00345176 168.68 -11.912 3.2579
168.353 -11.8308 3.25722 0.00205963 168.68 -11.912 3.2579
168.302 -11.7155 3.25081 0.00116214 168.68 -11.912 3.2579
168.657 -11.9706 3.2643 0.000202067 168.68 -11.912 3.2579
168.57 -12.0136 3.25966 0.00368652 168.68 -11.912 3.2579
168.149 -11.9761 3.25366 0.00129915 168.68 -11.912 3.2579
168.302 -11.7155 3.25081 0.00116214 168.68 -11.912 3.2579
168.524 -11.9973 3.2591 0.00521663 168.68 -11.912 3.2579
168.365 -12.0755 3.25517 0.00907834 168.68 -11.912 3.2579
168.524 -11.9973 3.2591 0.00521663 168.68 -11.912 3.2579
168.365 -12.0755 3.25517 0.00907834 168.68 -11.912 3.2579
168.524 -11.9973 3.2591 0.00521663 168.68 -11.912 3.2579
168.459 -12.0036 3.25989 0.00345176 168.68 -11.912 3.2579
168.408 -11.9749 3.25886 0.00424402 168.68 -11.912 3.2579
168.408 -11.9749 3.25886 0.00424402 168.68 -11.912 3.2579
168.365 -12.0755 3.25517 0.00907834 168.68 -11.912 3.2579
168.408 -11.9749 3.25886 0.00424402 168.68 -11.912 3.2579
168.515 -12.03 3.26093 0.00231807 168.68 -11.912 3.2579
168.408 -11.9749 3.25886 0.00424402 168.68 -11.912 3.2579
168.57 -12.0136 3.25966 0.00368652 168.68 -11.912 3.2579
168.408 -11.9749 3.25886 0.00424402 168.68 -11.912 3.2579
168.57 -12.0136 3.25966 0.00368652 168.68 -11.912 3.2579
168.353 -11.8308 3.25722 0.00205963 168.68 -11.912 3.2579
168.408 -11.9749 3.25886 0.00424402 168.68 -11.912 3.2579
168.353 -11.8308 3.25722 0.00205963 168.68 -11.912 3.2579
168.524 -11.9973 3.2591 0.00521663 168.68 -11.912 3.2579
168.606 -11.9447 3.26183 0.000991755 168.68 -11.912 3.2579
168.57 -12.0136 3.25966 0.00368652 168.68 -11.912 3.2579
168.575 -11.8772 3.26084 0.00106604 168.68 -11.912 3.2579
168.459 -12.0036 3.25989 0.00345176 168.68 -11.912 3.2579
168.57 -12.0136 3.25966 0.00368652 168.68 -11.912 3.2579
168.302 -12.194 3.25735 0.000721936 168.68 -11.912 3.2579
168.657 -11.9706 3.2643 0.000202067 168.68 -11.912 3.2579
168.595 -12.1213 3.25275 0.00132023 168.68 -11.912 3.2579
168.365 -12.0755 3.25517 0.00907834 168.68 -11.912 3.2579
168.365 -12.0755 3.25517 0.00907834 168.68 -11.912 3.2579
168.524 -11.9973 3.2591 0.00521663 168.68 -11.912 3.2579
168.57 -12.0136 3.25966 0.00368652 168.68 -11.912 3.2579
168.524 -11.9973 3.2591 0.00521663 168.68 -11.912 3.2579
168.459 -12.0036 3.25989 0.00345176 168.68 -11.912 3.2579
168.595 -12.1213 3.25275 0.00132023 168.68 -11.912 3.2579
168.459 -12.0036 3.25989 0.00345176 168.68 -11.912 3.2579
168.657 -11.9706 3.2643 0.000202067 168.68 -11.912 3.2579
168.365 -12.0755 3.25517 0.00907834 168.68 -11.912 3.2579
168.57 -12.0136 3.25966 0.00368652 168.68 -11.912 3.2579
168.57 -12.0136 3.25966 0.00368652 168.68 -11.912 3.2579
168.657 -11.9706 3.2643 0.000202067 168.68 -11.912 3.2579
168.365 -12.0755 3.25517 0.00907834 168.68 -11.912 3.2579
168.477 -12.1546 3.2614 0.00077927 168.68 -11.912 3.2579
168.709 -11.9906 3.26558 6.46876e-05 168.68 -11.912 3.2579
168.353 -11.8308 3.25722 0.00205963 168.68 -11.912 3.2579
168.365 -12.0755 3.25517 0.00907834 168.68 -11.912 3.2579
168.365 -12.0755 3.25517 0.00907834 168.68 -11.912 3.2579
168.408 -11.9749 3.25886 0.00424402 168.68 -11.912 3.2579
168.365 -12.0755 3.25517 0.00907834 168.68 -11.912 3.2579
168.149 -11.9761 3.25366 0.00129915 168.68 -11.912 3.2579
168.595 -12.1213 3.25275 0.00132023 168.68 -11.912 3.2579
168.365 -12.0755 3.25517 0.00907834 168.68 -11.912 3.2579
168.57 -12.0136 3.25966 0.00368652 168.68 -11.912 3.2579
168.646 -11.9116 3.24893 0.000143167 168.68 -11.912 3.2579
168.416 -11.7376 3.25424 0.00164465 168.68 -11.912 3.2579
168.365 -12.0755 3.25517 0.00907834 168.68 -11.912 3.2579
168.408 -11.9749 3.25886 0.00424402 168.68 -11.912 3.2579
168.595 -12.1213 3.25275 0.00132023 168.68 -11.912 3.2579
168.408 -11.9749 3.25886 0.00424402 168.68 -11.912 3.2579
168.57 -12.0136 3.25966 0.00368652 168.68 -11.912 3.2579
168.302 -11.7155 3.25081 0.00116214 168.68 -11.912 3.2579
168.477 -12.1546 3.2614 0.00077927 168.68 -11.912 3.2579
168.459 -12.0036 3.25989 0.00345176 168.68 -11.912 3.2579
168.365 -12.0755 3.25517 0.00907834 168.68 -11.912 3.2579
168.524 -11.9973 3.2591 0.00521663 168.68 -11.912 3.2579
168.524 -11.9973 3.2591 0.00521663 168.68 -11.912 3.2579
168.459 -12.0036 3.25989 0.00345176 168.68 -11.912 3.2579
168.365 -12.0755 3.25517 0.00907834 168.68 -11.912 3.2579
168.408 -11.9749 3.25886 0.00424402 168.68 -11.912 3.2579
168.365 -12.0755 3.25517 0.00907834 168.68 -11.912 3.2579
168.709 -11.9906 3.26558 6.46876e-05 168.68 -11.912 3.2579
168.365 -12.0755 3.25517 0.00907834 168.68 -11.912 3.2579
168.515 -12.03 3.26093 0.00231807 168.68 -11.912 3.2579
168.49 -11.7334 3.2587 0.000354506 168.68 -11.912 3.2579
168.57 -12.0136 3.25966 0.00368652 168.68 -11.912 3.2579
168.278 -11.9318 3.25764 0.00167549 168.68 -11.912 3.2579
168.302 -12.194 3.25735 0.000721936 168.68 -11.912 3.2579
168.575 -11.8772 3.26084 0.00106604 168.68 -11.912 3.2579
168.606 -11.9447 3.26183 0.000991755 168.68 -11.912 3.2579
168.365 -12.0755 3.25517 0.00907834 168.68 -11.912 3.2579
168.524 -11.9973 3.2591 0.00521663 168.68 -11.912 3.2579
168.365 -12.0755 3.25517 0.00907834 168.68 -11.912 3.2579
168.149 -11.9761 3.25366 0.00129915 168.68 -11.912 3.2579
168.278 -11.9318 3.25764 0.00167549 168.68 -11.912 3.2579
168.408 -11.9749 3.25886 0.00424402 168.68 -11.912 3.2579
168.365 -12.0755 3.25517 0.00907834 168.68 -11.912 3.2579
168.365 -12.0755 3.25517 0.00907834 168.68 -11.912 3.2579
168.524 -11.9973 3.2591 0.00521663 168.68 -11.912 3.2579
168.408 -11.9749 3.25886 0.00424402 168.68 -11.912 3.2579
168.606 -11.9447 3.26183 0.000991755 168.68 -11.912 3.2579
168.595 -12.1213 3.25275 0.00132023 168.68 -11.912 3.2579
168.353 -11.8308 3.25722 0.00205963 168.68 -11.912 3.2579
168.57 -12.0136 3.25966 0.00368652 168.68 -11.912 3.2579
168.365 -12.0755 3.25517 0.00907834 168.68 -11.912 3.2579
168.365 -12.0755 3.25517 0.00907834 168.68 -11.912 3.2579
168.365 -12.0755 3.25517 0.00907834 168.68 -11.912 3.2579
168.524 -11.9973 3.2591 0.00521663 168.68 -11.912 3.2579
168.459 -12.0036 3.25989 0.00345176 168.68 -11.912 3.2579
168.515 -12.03 3.26093 0.00231807 168.68 -11.912 3.2579
168.524 -11.9973 3.2591 0.00521663 168.68 -11.912 3.2579
168.524 -11.9973 3.2591 0.00521663 168.68 -11.912 3.2579
168.416 -11.7376 3.25424 0.00164465 168.68 -11.912 3.2579
168.57 -12.0136 3.25966 0.00368652 168.68 -11.912 3.2579
168.365 -12.0755 3.25517 0.00907834 168.68 -11.912 3.2579
168.408 -11.9749 3.25886 0.00424402 168.68 -11.912 3.2579
168.515 -12.03 3.26093 0.00231807 168.68 -11.912 3.2579
168.575 -11.8772 3.26084 0.00106604 168.68 -11.912 3.2579
168.408 -11.9749 3.25886 0.00424402 168.68 -11.912 3.2579
168.459 -12.0036 3.25989 0.00345176 168.68 -11.912 3.2579
168.353 -11.8308 3.25722 0.00205963 168.68 -11.912 3.2579
168.408 -11.9749 3.25886 0.00424402 168.68 -11.912 3.2579
168.278 -11.9318 3.25764 0.00167549 168.68 -11.912 3.2579
168.524 -11.9973 3.2591 0.00521663 168.68 -11.912 3.2579
168.515 -12.03 3.26093 0.00231807 168.68 -11.912 3.2579
168.515 -12.03 3.26093 0.00231807 168.68 -11.912 3.2579
168.57 -12.0136 3.25966 0.00368652 168.68 -11.912 3.2579
168.646 -11.9116 3.24893 0.000143167 168.68 -11.912 3.2579
168.524 -11.9973 3.2591 0.00521663 168.68 -11.912 3.2579
168.57 -12.0136 3.25966 0.00368652 168.68 -11.912 3.2579
168.591 -11.9557 3.26373 0.000339151 168.68 -11.912 3.2579
168.408 -11.9749 3.25886 0.00424402 168.68 -11.912 3.2579
168.365 -12.0755 3.25517 0.00907834 168.68 -11.912 3.2579
168.365 -12.0755 3.25517 0.00907834 168.68 -11.912 3.2579
168.595 -12.1213 3.25275 0.00132023 168.68 -11.912 3.2579
168.708 -12.1627 3.25842 0.000384297 168.68 -11.912 3.2579
168.637 -12.1647 3.25415 0.00060692 168.68 -11.912 3.2579
168.365 -12.0755 3.25517 0.00907834 168.68 -11.912 3.2579
168.416 -11.7376 3.25424 0.00164465 168.68 -11.912 3.2579
168.365 -12.0755 3.25517 0.00907834 168.68 -11.912 3.2579
168.477 -12.1546 3.2614 0.00077927 168.68 -11.912 3.2579
168.459 -12.0036 3.25989 0.00345176 168.68 -11.912 3.2579
168.515 -12.03 3.26093 0.00231807 168.68 -11.912 3.2579
168.365 -12.0755 3.25517 0.00907834 168.68 -11.912 3.2579
168.515 -12.03 3.26093 0.00231807 168.68 -11.912 3.2579
168.353 -11.8308 3.25722 0.00205963 168.68 -11.912 3.2579
168.679 -11.9295 3.26152 0.000592938 168.68 -11.912 3.2579
168.302 -11.7155 3.25081 0.00116214 168.68 -11.912 3.2579
168.408 -11.9749 3.25886 0.00424402 168.68 -11.912 3.2579
168.57 -12.0136 3.25966 0.00368652 168.68 -11.912 3.2579
168.408 -11.9749 3.25886 0.00424402 168.68 -11.912 3.2579
168.515 -12.03 3.26093 0.00231807 168.68 -11.912 3.2579
168.408 -11.9749 3.25886 0.00424402 168.68 -11.912 3.2579
168.353 -11.8308 3.25722 0.00205963 168.68 -11.912 3.2579
168.408 -11.9749 3.25886 0.00424402 168.68 -11.912 3.2579
168.149 -11.9761 3.25366 0.00129915 168.68 -11.912 3.2579
168.459 -12.0036 3.25989 0.00345176 168.68 -11.912 3.2579
168.515 -12.03 3.26093 0.00231807 168.68 -11.912 3.2579
168.302 -11.7155 3.25081 0.00116214 168.68 -11.912 3.2579
168.57 -12.0136 3.25966 0.00368652 168.68 -11.912 3.2579
168.524 -11.9973 3.2591 0.00521663 168.68 -11.912 3.2579
168.365 -12.0755 3.25517 0.00907834 168.68 -11.912 3.2579
168.408 -11.9749 3.25886 0.00424402 168.68 -11.912 3.2579
168.408 -11.9749 3.25886 0.00424402 168.68 -11.912 3.2579
168.302 -11.7155 3.25081 0.00116214 168.68 -11.912 3.2579
168.365 -12.0755 3.25517 0.00907834 168.68 -11.912 3.2579
168.606 -11.9447 3.26183 0.000991755 168.68 -11.912 3.2579
168.353 -11.8308 3.25722 0.00205963 168.68 -11.912 3.2579
168.57 -12.0136 3.25966 0.00368652 168.68 -11.912 3.2579
168.524 -11.9973 3.2591 0.00521663 168.68 -11.912 3.2579
168.459 -12.0036 3.25989 0.00345176 168.68 -11.912 3.2579
168.353 -11.8308 3.25722 0.00205963 168.68 -11.912 3.2579
168.302 -11.7155 3.25081 0.00116214 168.68 -11.912 3.2579
168.57 -12.0136 3.25966 0.00368652 168.68 -11.912 3.2579
168.408 -11.9749 3.25886 0.00424402 168.68 -11.912 3.2579
168.365 -12.0755 3.25517 0.00907834 168.68 -11.912 3.2579
168.408 -11.9749 3.25886 0.00424402 168.68 -11.912 3.2579
168.524 -11.9973 3.2591 0.00521663 168.68 -11.912 3.2579
168.459 -12.0036 3.25989 0.00345176 168.68 -11.912 3.2579
168.708 -12.1627 3.25842 0.000384297 168.68 -11.912 3.2579
168.637 -12.1647 3.25415 0.00060692 168.68 -11.912 3.2579
168.353 -11.8308 3.25722 0.00205963 168.68 -11.912 3.2579
168.302 -11.7155 3.25081 0.00116214 168.68 -11.912 3.2579
168.302 -12.194 3.25735 0.000721936 168.68 -11.912 3.2579
168.459 -12.0036 3.25989 0.00345176 168.68 -11.912 3.2579
168.524 -11.9973 3.2591 0.00521663 168.68 -11.912 3.2579
168.515 -12.03 3.26093 0.00231807 168.68 -11.912 3.2579
168.459 -12.0036 3.25989 0.00345176 168.68 -11.912 3.2579
168.459 -12.0036 3.25989 0.00345176 168.68 -11.912 3.2579
168.679 -12.2485 3.25992 0.00014792 168.68 -11.912 3.2579
168.353 -11.8308 3.25722 0.00205963 168.68 -11.912 3.2579
168.416 -11.7376 3.25424 0.00164465 168.68 -11.912 3.2579
