-21.335 -7.04134 0.71291 0.0107439 -21.388 -7.0212 0.71468
-21.3774 -7.20142 0.718574 0.00848164 -21.388 -7.0212 0.71468
-21.4902 -6.9818 0.709911 0.00157459 -21.388 -7.0212 0.71468
-21.402 -6.88954 0.71055 0.00420929 -21.388 -7.0212 0.71468
-21.402 -6.88954 0.71055 0.00420929 -21.388 -7.0212 0.71468
-21.5133 -6.95029 0.715134 0.00392512 -21.388 -7.0212 0.71468
-21.3833 -7.23498 0.717846 0.00541176 -21.388 -7.0212 0.71468
-21.4976 -6.86997 0.707322 0.000368947 -21.388 -7.0212 0.71468
-21.4789 -7.00824 0.719498 0.00535379 -21.388 -7.0212 0.71468
-21.3843 -6.97693 0.708589 0.00241679 -21.388 -7.0212 0.71468
-21.3955 -7.19456 0.713846 0.00303472 -21.388 -7.0212 0.71468
-21.4789 -7.00824 0.719498 0.00535379 -21.388 -7.0212 0.71468
-21.335 -7.04134 0.71291 0.0107439 -21.388 -7.0212 0.71468
-21.402 -6.88954 0.71055 0.00420929 -21.388 -7.0212 0.71468
-21.402 -6.88954 0.71055 0.00420929 -21.388 -7.0212 0.71468
-21.2523 -7.31335 0.722618 0.000688779 -21.388 -7.0212 0.71468
-21.3833 -7.23498 0.717846 0.00541176 -21.388 -7.0212 0.71468
-21.568 -6.95397 0.716649 0.00168123 -21.388 -7.0212 0.71468
-21.335 -7.04134 0.71291 0.0107439 -21.388 -7.0212 0.71468
-21.335 -7.04134 0.71291 0.0107439 -21.388 -7.0212 0.71468
-21.335 -7.04134 0.71291 0.0107439 -21.388 -7.0212 0.71468
-21.5161 -7.03682 0.724716 0.000522546 -21.388 -7.0212 0.71468
-21.5477 -7.02908 0.720018 0.00267208 -21.388 -7.0212 0.71468
-21.3774 -7.20142 0.718574 0.00848164 -21.388 -7.0212 0.71468
-21.4902 -6.9818 0.709911 0.00157459 -21.388 -7.0212 0.71468
-21.3379 -7.26989 0.72485 0.00137022 -21.388 -7.0212 0.71468
-21.5133 -6.95029 0.715134 0.00392512 -21.388 -7.0212 0.71468
-21.3774 -7.20142 0.718574 0.00848164 -21.388 -7.0212 0.71468
-21.3833 -7.23498 0.717846 0.00541176 -21.388 -7.0212 0.71468
-21.3379 -7.26989 0.72485 0.00137022 -21.388 -7.0212 0.71468
-21.4471 -6.90631 0.707642 0.000963514 -21.388 -7.0212 0.71468
-21.1419 -7.1906 0.717688 0.000736563 -21.388 -7.0212 0.71468
-21.4155 -7.04274 0.710105 0.00285739 -21.388 -7.0212 0.71468
-21.5477 -7.02908 0.720018 0.00267208 -21.388 -7.0212 0.71468
-21.5171 -7.00559 0.716241 0.00534489 -21.388 -7.0212 0.71468
-21.5133 -6.95029 0.715134 0.00392512 -21.388 -7.0212 0.71468
-21.3774 -7.20142 0.718574 0.00848164 -21.388 -7.0212 0.71468
-21.4789 -7.00824 0.719498 0.00535379 -21.388 -7.0212 0.71468
-21.4155 -7.04274 0.710105 0.00285739 -21.388 -7.0212 0.71468
-21.536 -7.30853 0.718998 0.000755829 -21.388 -7.0212 0.71468
-21.3832 -6.90241 0.709751 0.00400786 -21.388 -7.0212 0.71468
-21.4976 -6.86997 0.707322 0.000368947 -21.388 -7.0212 0.71468
-21.5133 -6.95029 0.715134 0.00392512 -21.388 -7.0212 0.71468
-21.402 -6.88954 0.71055 0.00420929 -21.388 -7.0212 0.71468
-21.3379 -7.26989 0.72485 0.00137022 -21.388 -7.0212 0.71468
-21.6006 -7.15346 0.722274 0.00120848 -21.388 -7.0212 0.71468
-21.335 -7.04134 0.71291 0.0107439 -21.388 -7.0212 0.71468
-21.3843 -6.97693 0.708589 0.00241679 -21.388 -7.0212 0.71468
-21.5435 -6.93114 0.717693 0.00166212 -21.388 -7.0212 0.71468
-21.4789 -7.00824 0.719498 0.00535379 -21.388 -7.0212 0.71468
-21.3796 -7.13942 0.727885 0.000219034 -21.388 -7.0212 0.71468
-21.335 -7.04134 0.71291 0.0107439 -21.388 -7.0212 0.71468
-21.3774 -7.20142 0.718574 0.00848164 -21.388 -7.0212 0.71468
-21.3063 -6.87974 0.719443 0.000841205 -21.388 -7.0212 0.71468
-21.335 -7.04134 0.71291 0.0107439 -21.388 -7.0212 0.71468
-21.3833 -7.23498 0.717846 0.00541176 -21.388 -7.0212 0.71468
-21.4789 -7.00824 0.719498 0.00535379 -21.388 -7.0212 0.71468
-21.4902 -6.9818 0.709911 0.00157459 -21.388 -7.0212 0.71468
-21.4155 -7.04274 0.710105 0.00285739 -21.388 -7.0212 0.71468
-21.5258 -7.09158 0.725583 0.000561479 -21.388 -7.0212 0.71468
-21.4789 -7.00824 0.719498 0.00535379 -21.388 -7.0212 0.71468
-21.3832 -6.90241 0.709751 0.00400786 -21.388 -7.0212 0.71468
-21.4155 -7.04274 0.710105 0.00285739 -21.388 -7.0212 0.71468
-21.5477 -7.02908 0.720018 0.00267208 -21.388 -7.0212 0.71468
-21.2523 -7.31335 0.722618 0.000688779 -21.388 -7.0212 0.71468
-21.5171 -7.00559 0.716241 0.00534489 -21.388 -7.0212 0.71468
-21.335 -7.04134 0.71291 0.0107439 -21.388 -7.0212 0.71468
-21.487 -7.0163 0.707808 0.000386126 -21.388 -7.0212 0.71468
-21.368 -6.98754 0.722362 0.00150493 -21.388 -7.0212 0.71468
-21.2761 -6.86599 0.707343 0.00165672 -21.388 -7.0212 0.71468
-21.3955 -7.19456 0.713846 0.00303472 -21.388 -7.0212 0.71468
-21.3833 -7.23498 0.717846 0.00541176 -21.388 -7.0212 0.71468
-21.3774 -7.20142 0.718574 0.00848164 -21.388 -7.0212 0.71468
-21.3774 -7.20142 0.718574 0.00848164 -21.388 -7.0212 0.71468
-21.4789 -7.00824 0.719498 0.00535379 -21.388 -7.0212 0.71468
-21.5468 -7.28029 0.715361 0.000277462 -21.388 -7.0212 0.71468
-21.4789 -7.00824 0.719498 0.00535379 -21.388 -7.0212 0.71468
-21.335 -7.04134 0.71291 0.0107439 -21.388 -7.0212 0.71468
-21.6006 -7.15346 0.722274 0.00120848 -21.388 -7.0212 0.71468
-21.5133 -6.95029 0.715134 0.00392512 -21.388 -7.0212 0.71468
-21.3832 -6.90241 0.709751 0.00400786 -21.388 -7.0212 0.71468
-21.335 -7.04134 0.71291 0.0107439 -21.388 -7.0212 0.71468
-21.5171 -7.00559 0.716241 0.00534489 -21.388 -7.0212 0.71468
-21.4789 -7.00824 0.719498 0.00535379 -21.388 -7.0212 0.71468
-21.335 -7.04134 0.71291 0.0107439 -21.388 -7.0212 0.71468
-21.3774 -7.20142 0.718574 0.00848164 -21.388 -7.0212 0.71468
-21.3955 -7.19456 0.713846 0.00303472 -21.388 -7.0212 0.71468
-21.568 -6.95397 0.716649 0.00168123 -21.388 -7.0212 0.71468
-21.335 -7.04134 0.71291 0.0107439 -21.388 -7.0212 0.71468
-21.5477 -7.02908 0.720018 0.00267208 -21.388 -7.0212 0.71468
-21.5133 -6.95029 0.715134 0.00392512 -21.388 -7.0212 0.71468
-21.5171 -7.00559 0.716241 0.00534489 -21.388 -7.0212 0.71468
-21.4155 -7.04274 0.710105 0.00285739 -21.388 -7.0212 0.71468
-21.3832 -6.90241 0.709751 0.00400786 -21.388 -7.0212 0.71468
-21.5258 -7.09158 0.725583 0.000561479 -21.388 -7.0212 0.71468
-21.402 -6.88954 0.71055 0.00420929 -21.388 -7.0212 0.71468
-21.3832 -6.90241 0.709751 0.00400786 -21.388 -7.0212 0.71468
-21.4668 -7.3642 0.724306 0.000737861 -21.388 -7.0212 0.71468
-21.335 -7.04134 0.71291 0.0107439 -21.388 -7.0212 0.71468
-21.1815 -6.9612 0.713546 0.00320094 -21.388 -7.0212 0.71468
-21.3774 -7.20142 0.718574 0.00848164 -21.388 -7.0212 0.71468
-21.4471 -6.90631 0.707642 0.000963514 -21.388 -7.0212 0.71468
-21.1703 -7.01017 0.719532 0.000882995 -21.388 -7.0212 0.71468
-21.3832 -6.90241 0.709751 0.00400786 -21.388 -7.0212 0.71468
-21.1703 -7.01017 0.719532 0.000882995 -21.388 -7.0212 0.71468
-21.3955 -7.19456 0.713846 0.00303472 -21.388 -7.0212 0.71468
-21.3796 -7.13942 0.727885 0.000219034 -21.388 -7.0212 0.71468
-21.335 -7.04134 0.71291 0.0107439 -21.388 -7.0212 0.71468
-21.3833 -7.23498 0.717846 0.00541176 -21.388 -7.0212 0.71468
-21.4789 -7.00824 0.719498 0.00535379 -21.388 -7.0212 0.71468
-21.402 -6.88954 0.71055 0.00420929 -21.388 -7.0212 0.71468
-21.4789 -7.00824 0.719498 0.00535379 -21.388 -7.0212 0.71468
-21.3833 -7.23498 0.717846 0.00541176 -21.388 -7.0212 0.71468
-21.3833 -7.23498 0.717846 0.00541176 -21.388 -7.0212 0.71468
-21.3843 -6.97693 0.708589 0.00241679 -21.388 -7.0212 0.71468
-21.335 -7.04134 0.71291 0.0107439 -21.388 -7.0212 0.71468
-21.3774 -7.20142 0.718574 0.00848164 -21.388 -7.0212 0.71468
-21.4471 -6.90631 0.707642 0.000963514 -21.388 -7.0212 0.71468
-21.335 -7.04134 0.71291 0.0107439 -21.388 -7.0212 0.71468
-21.536 -7.30853 0.718998 0.000755829 -21.388 -7.0212 0.71468
-21.5133 -6.95029 0.715134 0.00392512 -21.388 -7.0212 0.71468
-21.4638 -7.17468 0.726721 0.000764052 -21.388 -7.0212 0.71468
-21.4638 -7.17468 0.726721 0.000764052 -21.388 -7.0212 0.71468
-21.402 -6.88954 0.71055 0.00420929 -21.388 -7.0212 0.71468
-21.4638 -7.17468 0.726721 0.000764052 -21.388 -7.0212 0.71468
-21.3774 -7.20142 0.718574 0.00848164 -21.388 -7.0212 0.71468
-21.1815 -6.9612 0.713546 0.00320094 -21.388 -7.0212 0.71468
-21.335 -7.04134 0.71291 0.0107439 -21.388 -7.0212 0.71468
-21.568 -6.95397 0.716649 0.00168123 -21.388 -7.0212 0.71468
-21.3774 -7.20142 0.718574 0.00848164 -21.388 -7.0212 0.71468
-21.5477 -7.02908 0.720018 0.00267208 -21.388 -7.0212 0.71468
-21.4536 -6.80487 0.708267 0.000670847 -21.388 -7.0212 0.71468
-21.3774 -7.20142 0.718574 0.00848164 -21.388 -7.0212 0.71468
-21.5435 -6.93114 0.717693 0.00166212 -21.388 -7.0212 0.71468
-21.3833 -7.23498 0.717846 0.00541176 -21.388 -7.0212 0.71468
-21.1815 -6.9612 0.713546 0.00320094 -21.388 -7.0212 0.71468
-21.4726 -7.2905 0.726598 0.000798381 -21.388 -7.0212 0.71468
-21.1815 -6.9612 0.713546 0.00320094 -21.388 -7.0212 0.71468
-21.4789 -7.00824 0.719498 0.00535379 -21.388 -7.0212 0.71468
-21.1703 -7.01017 0.719532 0.000882995 -21.388 -7.0212 0.71468
-21.4789 -7.00824 0.719498 0.00535379 -21.388 -7.0212 0.71468
-21.4789 -7.00824 0.719498 0.00535379 -21.388 -7.0212 0.71468
-21.2761 -6.86599 0.707343 0.00165672 -21.388 -7.0212 0.71468
-21.7036 -6.96946 0.713855 5.27572e-05 -21.388 -7.0212 0.71468
-21.402 -6.88954 0.71055 0.00420929 -21.388 -7.0212 0.71468
-21.4155 -7.04274 0.710105 0.00285739 -21.388 -7.0212 0.71468
-21.5133 -6.95029 0.715134 0.00392512 -21.388 -7.0212 0.71468
-21.3774 -7.20142 0.718574 0.00848164 -21.388 -7.0212 0.71468
-21.3833 -7.23498 0.717846 0.00541176 -21.388 -7.0212 0.71468
-21.3774 -7.20142 0.718574 0.00848164 -21.388 -7.0212 0.71468
-21.4536 -6.80487 0.708267 0.000670847 -21.388 -7.0212 0.71468
-21.5133 -6.95029 0.715134 0.00392512 -21.388 -7.0212 0.71468
-21.335 -7.04134 0.71291 0.0107439 -21.388 -7.0212 0.71468
-21.5133 -6.95029 0.715134 0.00392512 -21.388 -7.0212 0.71468
-21.402 -6.88954 0.71055 0.00420929 -21.388 -7.0212 0.71468
-21.3832 -6.90241 0.709751 0.00400786 -21.388 -7.0212 0.71468
-21.5435 -6.93114 0.717693 0.00166212 -21.388 -7.0212 0.71468
-21.4155 -7.04274 0.710105 0.00285739 -21.388 -7.0212 0.71468
-21.5171 -7.00559 0.716241 0.00534489 -21.388 -7.0212 0.71468
-21.5171 -7.00559 0.716241 0.00534489 -21.388 -7.0212 0.71468
-21.4726 -7.2905 0.726598 0.000798381 -21.388 -7.0212 0.71468
-21.4789 -7.00824 0.719498 0.00535379 -21.388 -7.0212 0.71468
-21.5477 -7.02908 0.720018 0.00267208 -21.388 -7.0212 0.71468
-21.3774 -7.20142 0.718574 0.00848164 -21.388 -7.0212 0.71468
-21.335 -7.04134 0.71291 0.0107439 -21.388 -7.0212 0.71468
-21.568 -6.95397 0.716649 0.00168123 -21.388 -7.0212 0.71468
-21.1815 -6.9612 0.713546 0.00320094 -21.388 -7.0212 0.71468
-21.5133 -6.95029 0.715134 0.00392512 -21.388 -7.0212 0.71468
-21.368 -6.98754 0.722362 0.00150493 -21.388 -7.0212 0.71468
-21.5171 -7.00559 0.716241 0.00534489 -21.388 -7.0212 0.71468
-21.3833 -7.23498 0.717846 0.00541176 -21.388 -7.0212 0.71468
-21.4789 -7.00824 0.719498 0.00535379 -21.388 -7.0212 0.71468
-21.5258 -7.09158 0.725583 0.000561479 -21.388 -7.0212 0.71468
-21.5477 -7.02908 0.720018 0.00267208 -21.388 -7.0212 0.71468
-21.335 -7.04134 0.71291 0.0107439 -21.388 -7.0212 0.71468
-21.3063 -6.87974 0.719443 0.000841205 -21.388 -7.0212 0.71468
-21.1815 -6.9612 0.713546 0.00320094 -21.388 -7.0212 0.71468
-21.3955 -7.19456 0.713846 0.00303472 -21.388 -7.0212 0.71468
-21.3955 -7.19456 0.713846 0.00303472 -21.388 -7.0212 0.71468
-21.335 -7.04134 0.71291 0.0107439 -21.388 -7.0212 0.71468
-21.3843 -6.97693 0.708589 0.00241679 -21.388 -7.0212 0.71468
-21.4789 -7.00824 0.719498 0.00535379 -21.388 -7.0212 0.71468
-21.335 -7.04134 0.71291 0.0107439 -21.388 -7.0212 0.71468
-21.5477 -7.02908 0.720018 0.00267208 -21.388 -7.0212 0.71468
-21.3833 -7.23498 0.717846 0.00541176 -21.388 -7.0212 0.71468
-21.3843 -6.97693 0.708589 0.00241679 -21.388 -7.0212 0.71468
-21.4155 -7.04274 0.710105 0.00285739 -21.388 -7.0212 0.71468
-21.5161 -7.03682 0.724716 0.000522546 -21.388 -7.0212 0.71468
-21.3843 -6.97693 0.708589 0.00241679 -21.388 -7.0212 0.71468
-21.3832 -6.90241 0.709751 0.00400786 -21.388 -7.0212 0.71468
-21.402 -6.88954 0.71055 0.00420929 -21.388 -7.0212 0.71468
-21.6006 -7.15346 0.722274 0.00120848 -21.388 -7.0212 0.71468
-21.211 -7.0275 0.720591 0.00131548 -21.388 -7.0212 0.71468
-21.335 -7.04134 0.71291 0.0107439 -21.388 -7.0212 0.71468
-21.402 -6.88954 0.71055 0.00420929 -21.388 -7.0212 0.71468
-21.4789 -7.00824 0.719498 0.00535379 -21.388 -7.0212 0.71468
-21.3833 -7.23498 0.717846 0.00541176 -21.388 -7.0212 0.71468
-21.5161 -7.03682 0.724716 0.000522546 -21.388 -7.0212 0.71468
-21.3955 -7.19456 0.713846 0.00303472 -21.388 -7.0212 0.71468
-21.3833 -7.23498 0.717846 0.00541176 -21.388 -7.0212 0.71468
