-16.0661 -92.3906 2.78257 0.38014 -16.374 -92.577 2.7847
-16.0661 -92.3906 2.78257 0.38014 -16.374 -92.577 2.7847
-15.9635 -92.5225 2.79212 0.0647166 -16.374 -92.577 2.7847
-16.2858 -92.4634 2.7853 0.176581 -16.374 -92.577 2.7847
-15.982 -92.1737 2.78313 0.587522 -16.374 -92.577 2.7847
-16.0661 -92.3906 2.78257 0.38014 -16.374 -92.577 2.7847
-16.4266 -92.3905 2.77731 0.0369738 -16.374 -92.577 2.7847
-15.9781 -92.3548 2.78528 0.525678 -16.374 -92.577 2.7847
-15.9018 -92.4611 2.78552 0.0746026 -16.374 -92.577 2.7847
-16.0661 -92.3906 2.78257 0.38014 -16.374 -92.577 2.7847
-16.0936 -92.4992 2.79732 0.0111597 -16.374 -92.577 2.7847
-16.1284 -92.6026 2.7822 0.0138301 -16.374 -92.577 2.7847
-15.982 -92.1737 2.78313 0.587522 -16.374 -92.577 2.7847
-16.1061 -92.5737 2.78719 0.0540831 -16.374 -92.577 2.7847
-16.0661 -92.3906 2.78257 0.38014 -16.374 -92.577 2.7847
-15.982 -92.1737 2.78313 0.587522 -16.374 -92.577 2.7847
-16.1096 -92.4449 2.79303 0.155416 -16.374 -92.577 2.7847
-16.1096 -92.4449 2.79303 0.155416 -16.374 -92.577 2.7847
-15.9781 -92.3548 2.78528 0.525678 -16.374 -92.577 2.7847
-15.9781 -92.3548 2.78528 0.525678 -16.374 -92.577 2.7847
-15.8732 -92.5099 2.7923 0.0409656 -16.374 -92.577 2.7847
-16.0661 -92.3906 2.78257 0.38014 -16.374 -92.577 2.7847
-15.982 -92.1737 2.78313 0.587522 -16.374 -92.577 2.7847
-16.0661 -92.3906 2.78257 0.38014 -16.374 -92.577 2.7847
-15.9781 -92.3548 2.78528 0.525678 -16.374 -92.577 2.7847
-16.4266 -92.3905 2.77731 0.0369738 -16.374 -92.577 2.7847
-16.0661 -92.3906 2.78257 0.38014 -16.374 -92.577 2.7847
-16.2858 -92.4634 2.7853 0.176581 -16.374 -92.577 2.7847
-15.9781 -92.3548 2.78528 0.525678 -16.374 -92.577 2.7847
-15.9781 -92.3548 2.78528 0.525678 -16.374 -92.577 2.7847
-16.0661 -92.3906 2.78257 0.38014 -16.374 -92.577 2.7847
-15.9781 -92.3548 2.78528 0.525678 -16.374 -92.577 2.7847
-15.9781 -92.3548 2.78528 0.525678 -16.374 -92.577 2.7847
-16.4266 -92.3905 2.77731 0.0369738 -16.374 -92.577 2.7847
-16.5689 -92.1724 2.7828 0.0184192 -16.374 -92.577 2.7847
-16.054 -92.5899 2.7925 0.0208739 -16.374 -92.577 2.7847
-15.982 -92.1737 2.78313 0.587522 -16.374 -92.577 2.7847
-15.9781 -92.3548 2.78528 0.525678 -16.374 -92.577 2.7847
-15.982 -92.1737 2.78313 0.587522 -16.374 -92.577 2.7847
-15.9635 -92.5225 2.79212 0.0647166 -16.374 -92.577 2.7847
-15.9781 -92.3548 2.78528 0.525678 -16.374 -92.577 2.7847
-15.9781 -92.3548 2.78528 0.525678 -16.374 -92.577 2.7847
-16.5689 -92.1724 2.7828 0.0184192 -16.374 -92.577 2.7847
-16.2858 -92.4634 2.7853 0.176581 -16.374 -92.577 2.7847
-16.1096 -92.4449 2.79303 0.155416 -16.374 -92.577 2.7847
-15.982 -92.1737 2.78313 0.587522 -16.374 -92.577 2.7847
-15.982 -92.1737 2.78313 0.587522 -16.374 -92.577 2.7847
-15.982 -92.1737 2.78313 0.587522 -16.374 -92.577 2.7847
-15.9781 -92.3548 2.78528 0.525678 -16.374 -92.577 2.7847
-15.982 -92.1737 2.78313 0.587522 -16.374 -92.577 2.7847
-16.0661 -92.3906 2.78257 0.38014 -16.374 -92.577 2.7847
-15.982 -92.1737 2.78313 0.587522 -16.374 -92.577 2.7847
-16.0661 -92.3906 2.78257 0.38014 -16.374 -92.577 2.7847
-16.4266 -92.3905 2.77731 0.0369738 -16.374 -92.577 2.7847
-16.0661 -92.3906 2.78257 0.38014 -16.374 -92.577 2.7847
-15.9781 -92.3548 2.78528 0.525678 -16.374 -92.577 2.7847
-16.2858 -92.4634 2.7853 0.176581 -16.374 -92.577 2.7847
-15.9635 -92.5225 2.79212 0.0647166 -16.374 -92.577 2.7847
-15.982 -92.1737 2.78313 0.587522 -16.374 -92.577 2.7847
-16.0661 -92.3906 2.78257 0.38014 -16.374 -92.577 2.7847
-15.982 -92.1737 2.78313 0.587522 -16.374 -92.577 2.7847
-15.9781 -92.3548 2.78528 0.525678 -16.374 -92.577 2.7847
-15.982 -92.1737 2.78313 0.587522 -16.374 -92.577 2.7847
-16.4266 -92.3905 2.77731 0.0369738 -16.374 -92.577 2.7847
-15.982 -92.1737 2.78313 0.587522 -16.374 -92.577 2.7847
-15.982 -92.1737 2.78313 0.587522 -16.374 -92.577 2.7847
-15.982 -92.1737 2.78313 0.587522 -16.374 -92.577 2.7847
-15.9781 -92.3548 2.78528 0.525678 -16.374 -92.577 2.7847
-15.9781 -92.3548 2.78528 0.525678 -16.374 -92.577 2.7847
-15.9018 -92.4611 2.78552 0.0746026 -16.374 -92.577 2.7847
-16.2858 -92.4634 2.7853 0.176581 -16.374 -92.577 2.7847
-15.982 -92.1737 2.78313 0.587522 -16.374 -92.577 2.7847
-15.9781 -92.3548 2.78528 0.525678 -16.374 -92.577 2.7847
-15.982 -92.1737 2.78313 0.587522 -16.374 -92.577 2.7847
-15.9781 -92.3548 2.78528 0.525678 -16.374 -92.577 2.7847
-16.1284 -92.6026 2.7822 0.0138301 -16.374 -92.577 2.7847
-15.982 -92.1737 2.78313 0.587522 -16.374 -92.577 2.7847
-15.9781 -92.3548 2.78528 0.525678 -16.374 -92.577 2.7847
-16.2858 -92.4634 2.7853 0.176581 -16.374 -92.577 2.7847
-15.982 -92.1737 2.78313 0.587522 -16.374 -92.577 2.7847
-15.9781 -92.3548 2.78528 0.525678 -16.374 -92.577 2.7847
-15.982 -92.1737 2.78313 0.587522 -16.374 -92.577 2.7847
-16.2858 -92.4634 2.7853 0.176581 -16.374 -92.577 2.7847
-16.0661 -92.3906 2.78257 0.38014 -16.374 -92.577 2.7847
-16.1061 -92.5737 2.78719 0.0540831 -16.374 -92.577 2.7847
-16.2858 -92.4634 2.7853 0.176581 -16.374 -92.577 2.7847
-16.0661 -92.3906 2.78257 0.38014 -16.374 -92.577 2.7847
-15.9781 -92.3548 2.78528 0.525678 -16.374 -92.577 2.7847
-15.982 -92.1737 2.78313 0.587522 -16.374 -92.577 2.7847
-15.8732 -92.5099 2.7923 0.0409656 -16.374 -92.577 2.7847
-15.9781 -92.3548 2.78528 0.525678 -16.374 -92.577 2.7847
-15.9781 -92.3548 2.78528 0.525678 -16.374 -92.577 2.7847
-15.9018 -92.4611 2.78552 0.0746026 -16.374 -92.577 2.7847
-16.4266 -92.3905 2.77731 0.0369738 -16.374 -92.577 2.7847
-15.982 -92.1737 2.78313 0.587522 -16.374 -92.577 2.7847
-16.0661 -92.3906 2.78257 0.38014 -16.374 -92.577 2.7847
-15.982 -92.1737 2.78313 0.587522 -16.374 -92.577 2.7847
-15.9018 -92.4611 2.78552 0.0746026 -16.374 -92.577 2.7847
-16.0661 -92.3906 2.78257 0.38014 -16.374 -92.577 2.7847
-15.9781 -92.3548 2.78528 0.525678 -16.374 -92.577 2.7847
-16.2858 -92.4634 2.7853 0.176581 -16.374 -92.577 2.7847
-15.982 -92.1737 2.78313 0.587522 -16.374 -92.577 2.7847
-15.982 -92.1737 2.78313 0.587522 -16.374 -92.577 2.7847
-16.49 -92.3711 2.78722 0.0186288 -16.374 -92.577 2.7847
-16.1096 -92.4449 2.79303 0.155416 -16.374 -92.577 2.7847
-16.236 -92.5111 2.78953 0.075886 -16.374 -92.577 2.7847
-16.236 -92.5111 2.78953 0.075886 -16.374 -92.577 2.7847
-15.739 -92.3942 2.79732 0.011542 -16.374 -92.577 2.7847
-15.9781 -92.3548 2.78528 0.525678 -16.374 -92.577 2.7847
-15.9781 -92.3548 2.78528 0.525678 -16.374 -92.577 2.7847
-15.9635 -92.5225 2.79212 0.0647166 -16.374 -92.577 2.7847
-16.2858 -92.4634 2.7853 0.176581 -16.374 -92.577 2.7847
-15.982 -92.1737 2.78313 0.587522 -16.374 -92.577 2.7847
-16.236 -92.5111 2.78953 0.075886 -16.374 -92.577 2.7847
-16.362 -92.5273 2.78981 0.0115049 -16.374 -92.577 2.7847
-15.982 -92.1737 2.78313 0.587522 -16.374 -92.577 2.7847
-15.982 -92.1737 2.78313 0.587522 -16.374 -92.577 2.7847
-16.0661 -92.3906 2.78257 0.38014 -16.374 -92.577 2.7847
-15.739 -92.3942 2.79732 0.011542 -16.374 -92.577 2.7847
-16.0661 -92.3906 2.78257 0.38014 -16.374 -92.577 2.7847
-16.1096 -92.4449 2.79303 0.155416 -16.374 -92.577 2.7847
-15.982 -92.1737 2.78313 0.587522 -16.374 -92.577 2.7847
-15.9781 -92.3548 2.78528 0.525678 -16.374 -92.577 2.7847
-16.236 -92.5111 2.78953 0.075886 -16.374 -92.577 2.7847
-16.227 -92.2204 2.77078 0.00419653 -16.374 -92.577 2.7847
-16.0661 -92.3906 2.78257 0.38014 -16.374 -92.577 2.7847
-16.2858 -92.4634 2.7853 0.176581 -16.374 -92.577 2.7847
-15.982 -92.1737 2.78313 0.587522 -16.374 -92.577 2.7847
-16.0661 -92.3906 2.78257 0.38014 -16.374 -92.577 2.7847
-16.1061 -92.5737 2.78719 0.0540831 -16.374 -92.577 2.7847
-15.7124 -92.1718 2.78803 0.0258957 -16.374 -92.577 2.7847
-15.982 -92.1737 2.78313 0.587522 -16.374 -92.577 2.7847
-15.982 -92.1737 2.78313 0.587522 -16.374 -92.577 2.7847
-16.1061 -92.5737 2.78719 0.0540831 -16.374 -92.577 2.7847
-16.2858 -92.4634 2.7853 0.176581 -16.374 -92.577 2.7847
-16.1284 -92.6026 2.7822 0.0138301 -16.374 -92.577 2.7847
-16.1096 -92.4449 2.79303 0.155416 -16.374 -92.577 2.7847
-15.9781 -92.3548 2.78528 0.525678 -16.374 -92.577 2.7847
-16.5689 -92.1724 2.7828 0.0184192 -16.374 -92.577 2.7847
-15.9781 -92.3548 2.78528 0.525678 -16.374 -92.577 2.7847
-15.739 -92.3942 2.79732 0.011542 -16.374 -92.577 2.7847
-15.982 -92.1737 2.78313 0.587522 -16.374 -92.577 2.7847
-15.9635 -92.5225 2.79212 0.0647166 -16.374 -92.577 2.7847
-16.0661 -92.3906 2.78257 0.38014 -16.374 -92.577 2.7847
-15.9781 -92.3548 2.78528 0.525678 -16.374 -92.577 2.7847
-16.2858 -92.4634 2.7853 0.176581 -16.374 -92.577 2.7847
-15.9018 -92.4611 2.78552 0.0746026 -16.374 -92.577 2.7847
-15.9781 -92.3548 2.78528 0.525678 -16.374 -92.577 2.7847
-15.982 -92.1737 2.78313 0.587522 -16.374 -92.577 2.7847
-15.9018 -92.4611 2.78552 0.0746026 -16.374 -92.577 2.7847
-15.9781 -92.3548 2.78528 0.525678 -16.374 -92.577 2.7847
-15.982 -92.1737 2.78313 0.587522 -16.374 -92.577 2.7847
-16.0661 -92.3906 2.78257 0.38014 -16.374 -92.577 2.7847
-15.8732 -92.5099 2.7923 0.0409656 -16.374 -92.577 2.7847
-15.982 -92.1737 2.78313 0.587522 -16.374 -92.577 2.7847
-15.9781 -92.3548 2.78528 0.525678 -16.374 -92.577 2.7847
-16.054 -92.5899 2.7925 0.0208739 -16.374 -92.577 2.7847
-15.982 -92.1737 2.78313 0.587522 -16.374 -92.577 2.7847
-16.0661 -92.3906 2.78257 0.38014 -16.374 -92.577 2.7847
-16.2858 -92.4634 2.7853 0.176581 -16.374 -92.577 2.7847
-16.4266 -92.3905 2.77731 0.0369738 -16.374 -92.577 2.7847
-15.9781 -92.3548 2.78528 0.525678 -16.374 -92.577 2.7847
-15.982 -92.1737 2.78313 0.587522 -16.374 -92.577 2.7847
-15.982 -92.1737 2.78313 0.587522 -16.374 -92.577 2.7847
-15.9781 -92.3548 2.78528 0.525678 -16.374 -92.577 2.7847
-15.9781 -92.3548 2.78528 0.525678 -16.374 -92.577 2.7847
-15.982 -92.1737 2.78313 0.587522 -16.374 -92.577 2.7847
-16.0661 -92.3906 2.78257 0.38014 -16.374 -92.577 2.7847
-16.2858 -92.4634 2.7853 0.176581 -16.374 -92.577 2.7847
-16.0661 -92.3906 2.78257 0.38014 -16.374 -92.577 2.7847
-15.9635 -92.5225 2.79212 0.0647166 -16.374 -92.577 2.7847
-16.5689 -92.1724 2.7828 0.0184192 -16.374 -92.577 2.7847
-16.0661 -92.3906 2.78257 0.38014 -16.374 -92.577 2.7847
-15.9781 -92.3548 2.78528 0.525678 -16.374 -92.577 2.7847
-15.9781 -92.3548 2.78528 0.525678 -16.374 -92.577 2.7847
-15.982 -92.1737 2.78313 0.587522 -16.374 -92.577 2.7847
-16.0661 -92.3906 2.78257 0.38014 -16.374 -92.577 2.7847
-16.2858 -92.4634 2.7853 0.176581 -16.374 -92.577 2.7847
-16.0661 -92.3906 2.78257 0.38014 -16.374 -92.577 2.7847
-15.9018 -92.4611 2.78552 0.0746026 -16.374 -92.577 2.7847
-15.982 -92.1737 2.78313 0.587522 -16.374 -92.577 2.7847
-15.8732 -92.5099 2.7923 0.0409656 -16.374 -92.577 2.7847
-16.1096 -92.4449 2.79303 0.155416 -16.374 -92.577 2.7847
-15.9635 -92.5225 2.79212 0.0647166 -16.374 -92.577 2.7847
-15.9781 -92.3548 2.78528 0.525678 -16.374 -92.577 2.7847
-15.9781 -92.3548 2.78528 0.525678 -16.374 -92.577 2.7847
-16.0661 -92.3906 2.78257 0.38014 -16.374 -92.577 2.7847
-15.9781 -92.3548 2.78528 0.525678 -16.374 -92.577 2.7847
-16.0661 -92.3906 2.78257 0.38014 -16.374 -92.577 2.7847
-15.982 -92.1737 2.78313 0.587522 -16.374 -92.577 2.7847
-15.9781 -92.3548 2.78528 0.525678 -16.374 -92.577 2.7847
-15.9781 -92.3548 2.78528 0.525678 -16.374 -92.577 2.7847
-16.0661 -92.3906 2.78257 0.38014 -16.374 -92.577 2.7847
-15.982 -92.1737 2.78313 0.587522 -16.374 -92.577 2.7847
-16.013 -92.5343 2.78135 0.0197127 -16.374 -92.577 2.7847
-16.054 -92.5899 2.7925 0.0208739 -16.374 -92.577 2.7847
-15.662 -92.6239 2.79561 0.000166898 -16.374 -92.577 2.7847
-15.982 -92.1737 2.78313 0.587522 -16.374 -92.577 2.7847
-15.9781 -92.3548 2.78528 0.525678 -16.374 -92.577 2.7847
-15.9781 -92.3548 2.78528 0.525678 -16.374 -92.577 2.7847
