-22.0127 -89.7935 2.63397 0.00726796 -22.035 -89.779 2.6323
-21.9172 -89.7896 2.63702 0.00800619 -22.035 -89.779 2.6323
-21.9751 -89.8246 2.63168 0.00760413 -22.035 -89.779 2.6323
-21.9172 -89.7896 2.63702 0.00800619 -22.035 -89.779 2.6323
-22.0127 -89.7935 2.63397 0.00726796 -22.035 -89.779 2.6323
-21.9291 -89.6829 2.63166 0.00723455 -22.035 -89.779 2.6323
-22.0127 -89.7935 2.63397 0.00726796 -22.035 -89.779 2.6323
-22.0127 -89.7935 2.63397 0.00726796 -22.035 -89.779 2.6323
-22.0127 -89.7935 2.63397 0.00726796 -22.035 -89.779 2.6323
-21.8896 -89.6239 2.63291 0.00505892 -22.035 -89.779 2.6323
-21.9291 -89.6829 2.63166 0.00723455 -22.035 -89.779 2.6323
-22.0127 -89.7935 2.63397 0.00726796 -22.035 -89.779 2.6323
-21.9066 -89.8088 2.64059 0.00323978 -22.035 -89.779 2.6323
-21.8802 -89.9123 2.63854 0.00547993 -22.035 -89.779 2.6323
-21.8896 -89.6239 2.63291 0.00505892 -22.035 -89.779 2.6323
-21.9066 -89.8088 2.64059 0.00323978 -22.035 -89.779 2.6323
-22.0301 -89.8466 2.63533 0.00529196 -22.035 -89.779 2.6323
-21.9172 -89.7896 2.63702 0.00800619 -22.035 -89.779 2.6323
-21.9291 -89.6829 2.63166 0.00723455 -22.035 -89.779 2.6323
-21.9494 -89.6682 2.63218 0.00674574 -22.035 -89.779 2.6323
-22.0127 -89.7935 2.63397 0.00726796 -22.035 -89.779 2.6323
-21.9172 -89.7896 2.63702 0.00800619 -22.035 -89.779 2.6323
-22.0301 -89.8466 2.63533 0.00529196 -22.035 -89.779 2.6323
-21.9751 -89.8246 2.63168 0.00760413 -22.035 -89.779 2.6323
-21.7174 -89.9326 2.63955 0.00288704 -22.035 -89.779 2.6323
-21.9751 -89.8246 2.63168 0.00760413 -22.035 -89.779 2.6323
-22.1392 -89.6672 2.63123 0.00185861 -22.035 -89.779 2.6323
-21.9751 -89.8246 2.63168 0.00760413 -22.035 -89.779 2.6323
-21.9172 -89.7896 2.63702 0.00800619 -22.035 -89.779 2.6323
-22.2896 -89.6453 2.63313 0.000103769 -22.035 -89.779 2.6323
-22.2356 -89.8461 2.63155 0.000502674 -22.035 -89.779 2.6323
-21.9291 -89.6829 2.63166 0.00723455 -22.035 -89.779 2.6323
-21.9172 -89.7896 2.63702 0.00800619 -22.035 -89.779 2.6323
-21.9291 -89.6829 2.63166 0.00723455 -22.035 -89.779 2.6323
-22.0127 -89.7935 2.63397 0.00726796 -22.035 -89.779 2.6323
-21.9066 -89.8088 2.64059 0.00323978 -22.035 -89.779 2.6323
-21.9494 -89.6682 2.63218 0.00674574 -22.035 -89.779 2.6323
-21.9494 -89.6682 2.63218 0.00674574 -22.035 -89.779 2.6323
-21.9494 -89.6682 2.63218 0.00674574 -22.035 -89.779 2.6323
-21.8354 -89.5601 2.62812 0.0011068 -22.035 -89.779 2.6323
-22.0664 -89.9332 2.63326 0.00267014 -22.035 -89.779 2.6323
-21.8896 -89.6239 2.63291 0.00505892 -22.035 -89.779 2.6323
-22.1361 -89.7695 2.6269 0.00131225 -22.035 -89.779 2.6323
-21.8802 -89.9123 2.63854 0.00547993 -22.035 -89.779 2.6323
-21.9291 -89.6829 2.63166 0.00723455 -22.035 -89.779 2.6323
-21.9291 -89.6829 2.63166 0.00723455 -22.035 -89.779 2.6323
-21.9805 -89.9026 2.62409 0.0002753 -22.035 -89.779 2.6323
-21.6527 -89.9283 2.64733 0.000136208 -22.035 -89.779 2.6323
-21.9494 -89.6682 2.63218 0.00674574 -22.035 -89.779 2.6323
-21.9751 -89.8246 2.63168 0.00760413 -22.035 -89.779 2.6323
-21.8896 -89.6239 2.63291 0.00505892 -22.035 -89.779 2.6323
-21.8108 -89.9863 2.63148 0.00160019 -22.035 -89.779 2.6323
-21.9172 -89.7896 2.63702 0.00800619 -22.035 -89.779 2.6323
-21.9657 -89.8171 2.6396 0.00329263 -22.035 -89.779 2.6323
-22.0664 -89.9332 2.63326 0.00267014 -22.035 -89.779 2.6323
-22.0127 -89.7935 2.63397 0.00726796 -22.035 -89.779 2.6323
-21.9291 -89.6829 2.63166 0.00723455 -22.035 -89.779 2.6323
-21.9751 -89.8246 2.63168 0.00760413 -22.035 -89.779 2.6323
-22.1582 -90.0791 2.63628 0.000129881 -22.035 -89.779 2.6323
-21.702 -89.5476 2.63603 0.000663608 -22.035 -89.779 2.6323
-21.9291 -89.6829 2.63166 0.00723455 -22.035 -89.779 2.6323
-21.7853 -89.9417 2.63559 0.00466074 -22.035 -89.779 2.6323
-21.9172 -89.7896 2.63702 0.00800619 -22.035 -89.779 2.6323
-21.702 -89.5476 2.63603 0.000663608 -22.035 -89.779 2.6323
-21.9751 -89.8246 2.63168 0.00760413 -22.035 -89.779 2.6323
-22.1359 -89.9126 2.6255 0.000308873 -22.035 -89.779 2.6323
-21.7174 -89.9326 2.63955 0.00288704 -22.035 -89.779 2.6323
-22.0127 -89.7935 2.63397 0.00726796 -22.035 -89.779 2.6323
-21.9066 -89.8088 2.64059 0.00323978 -22.035 -89.779 2.6323
-22.1392 -89.6672 2.63123 0.00185861 -22.035 -89.779 2.6323
-22.0598 -89.4454 2.62845 0.000306041 -22.035 -89.779 2.6323
-22.0664 -89.9332 2.63326 0.00267014 -22.035 -89.779 2.6323
-22.0598 -89.4454 2.62845 0.000306041 -22.035 -89.779 2.6323
-22.0127 -89.7935 2.63397 0.00726796 -22.035 -89.779 2.6323
-22.0127 -89.7935 2.63397 0.00726796 -22.035 -89.779 2.6323
-21.7174 -89.9326 2.63955 0.00288704 -22.035 -89.779 2.6323
-22.0301 -89.8466 2.63533 0.00529196 -22.035 -89.779 2.6323
-21.9657 -89.8171 2.6396 0.00329263 -22.035 -89.779 2.6323
-21.7853 -89.9417 2.63559 0.00466074 -22.035 -89.779 2.6323
-21.9172 -89.7896 2.63702 0.00800619 -22.035 -89.779 2.6323
-21.8494 -89.5465 2.63075 0.00177568 -22.035 -89.779 2.6323
-21.8802 -89.9123 2.63854 0.00547993 -22.035 -89.779 2.6323
-21.9291 -89.6829 2.63166 0.00723455 -22.035 -89.779 2.6323
-22.0301 -89.8466 2.63533 0.00529196 -22.035 -89.779 2.6323
-21.8354 -89.5601 2.62812 0.0011068 -22.035 -89.779 2.6323
-21.9751 -89.8246 2.63168 0.00760413 -22.035 -89.779 2.6323
-22.0127 -89.7935 2.63397 0.00726796 -22.035 -89.779 2.6323
-22.2356 -89.8461 2.63155 0.000502674 -22.035 -89.779 2.6323
-22.1501 -89.8436 2.63254 0.00182203 -22.035 -89.779 2.6323
-21.7853 -89.9417 2.63559 0.00466074 -22.035 -89.779 2.6323
-21.9172 -89.7896 2.63702 0.00800619 -22.035 -89.779 2.6323
-21.9494 -89.6682 2.63218 0.00674574 -22.035 -89.779 2.6323
-22.0301 -89.8466 2.63533 0.00529196 -22.035 -89.779 2.6323
-21.9494 -89.6682 2.63218 0.00674574 -22.035 -89.779 2.6323
-22.0127 -89.7935 2.63397 0.00726796 -22.035 -89.779 2.6323
-21.7853 -89.9417 2.63559 0.00466074 -22.035 -89.779 2.6323
-22.0301 -89.8466 2.63533 0.00529196 -22.035 -89.779 2.6323
-21.7271 -89.853 2.64886 5.74338e-05 -22.035 -89.779 2.6323
-21.9291 -89.6829 2.63166 0.00723455 -22.035 -89.779 2.6323
-21.9291 -89.6829 2.63166 0.00723455 -22.035 -89.779 2.6323
-21.8896 -89.6239 2.63291 0.00505892 -22.035 -89.779 2.6323
-22.0301 -89.8466 2.63533 0.00529196 -22.035 -89.779 2.6323
-22.0301 -89.8466 2.63533 0.00529196 -22.035 -89.779 2.6323
-21.9751 -89.8246 2.63168 0.00760413 -22.035 -89.779 2.6323
-21.9291 -89.6829 2.63166 0.00723455 -22.035 -89.779 2.6323
-22.0127 -89.7935 2.63397 0.00726796 -22.035 -89.779 2.6323
-21.9291 -89.6829 2.63166 0.00723455 -22.035 -89.779 2.6323
-21.9542 -90.1621 2.63753 0.000245872 -22.035 -89.779 2.6323
-22.1301 -89.875 2.63856 0.000685181 -22.035 -89.779 2.6323
-22.2376 -89.7535 2.6373 0.000145248 -22.035 -89.779 2.6323
-21.6504 -89.8203 2.6317 0.00106247 -22.035 -89.779 2.6323
-21.8494 -89.5465 2.63075 0.00177568 -22.035 -89.779 2.6323
-22.0301 -89.8466 2.63533 0.00529196 -22.035 -89.779 2.6323
-22.0127 -89.7935 2.63397 0.00726796 -22.035 -89.779 2.6323
-22.0127 -89.7935 2.63397 0.00726796 -22.035 -89.779 2.6323
-21.7853 -89.9417 2.63559 0.00466074 -22.035 -89.779 2.6323
-21.6504 -89.8203 2.6317 0.00106247 -22.035 -89.779 2.6323
-21.9494 -89.6682 2.63218 0.00674574 -22.035 -89.779 2.6323
-21.8802 -89.9123 2.63854 0.00547993 -22.035 -89.779 2.6323
-21.8802 -89.9123 2.63854 0.00547993 -22.035 -89.779 2.6323
-21.5408 -89.8843 2.64053 0.000430552 -22.035 -89.779 2.6323
-21.9172 -89.7896 2.63702 0.00800619 -22.035 -89.779 2.6323
-21.9172 -89.7896 2.63702 0.00800619 -22.035 -89.779 2.6323
-21.9657 -89.8171 2.6396 0.00329263 -22.035 -89.779 2.6323
-21.5408 -89.8843 2.64053 0.000430552 -22.035 -89.779 2.6323
-21.8866 -90.1168 2.63684 0.000701185 -22.035 -89.779 2.6323
-21.9291 -89.6829 2.63166 0.00723455 -22.035 -89.779 2.6323
-21.9494 -89.6682 2.63218 0.00674574 -22.035 -89.779 2.6323
-21.6504 -89.8203 2.6317 0.00106247 -22.035 -89.779 2.6323
-22.0145 -89.7729 2.64235 0.000519552 -22.035 -89.779 2.6323
-21.7853 -89.9417 2.63559 0.00466074 -22.035 -89.779 2.6323
-22.0598 -90.0776 2.63609 0.000493367 -22.035 -89.779 2.6323
-21.9291 -89.6829 2.63166 0.00723455 -22.035 -89.779 2.6323
-21.9172 -89.7896 2.63702 0.00800619 -22.035 -89.779 2.6323
-22.0127 -89.7935 2.63397 0.00726796 -22.035 -89.779 2.6323
-21.8896 -89.6239 2.63291 0.00505892 -22.035 -89.779 2.6323
-21.8494 -89.5465 2.63075 0.00177568 -22.035 -89.779 2.6323
-22.0799 -89.5449 2.61976 4.21353e-05 -22.035 -89.779 2.6323
-21.9494 -89.6682 2.63218 0.00674574 -22.035 -89.779 2.6323
-21.9751 -89.8246 2.63168 0.00760413 -22.035 -89.779 2.6323
-21.9291 -89.6829 2.63166 0.00723455 -22.035 -89.779 2.6323
-21.9291 -89.6829 2.63166 0.00723455 -22.035 -89.779 2.6323
-21.9494 -89.6682 2.63218 0.00674574 -22.035 -89.779 2.6323
-22.0301 -89.8466 2.63533 0.00529196 -22.035 -89.779 2.6323
-21.9657 -89.8171 2.6396 0.00329263 -22.035 -89.779 2.6323
-21.8802 -89.9123 2.63854 0.00547993 -22.035 -89.779 2.6323
-21.9291 -89.6829 2.63166 0.00723455 -22.035 -89.779 2.6323
-21.9751 -89.8246 2.63168 0.00760413 -22.035 -89.779 2.6323
-22.0664 -89.9332 2.63326 0.00267014 -22.035 -89.779 2.6323
-21.9291 -89.6829 2.63166 0.00723455 -22.035 -89.779 2.6323
-21.76 -90.0174 2.64314 0.000841879 -22.035 -89.779 2.6323
-22.0127 -89.7935 2.63397 0.00726796 -22.035 -89.779 2.6323
-21.9291 -89.6829 2.63166 0.00723455 -22.035 -89.779 2.6323
-21.9291 -89.6829 2.63166 0.00723455 -22.035 -89.779 2.6323
-21.8802 -89.9123 2.63854 0.00547993 -22.035 -89.779 2.6323
-22.0127 -89.7935 2.63397 0.00726796 -22.035 -89.779 2.6323
-21.9066 -89.8088 2.64059 0.00323978 -22.035 -89.779 2.6323
-21.9172 -89.7896 2.63702 0.00800619 -22.035 -89.779 2.6323
-21.9657 -89.8171 2.6396 0.00329263 -22.035 -89.779 2.6323
-21.9291 -89.6829 2.63166 0.00723455 -22.035 -89.779 2.6323
-21.9751 -89.8246 2.63168 0.00760413 -22.035 -89.779 2.6323
-21.7271 -89.853 2.64886 5.74338e-05 -22.035 -89.779 2.6323
-21.9751 -89.8246 2.63168 0.00760413 -22.035 -89.779 2.6323
-21.7853 -89.9417 2.63559 0.00466074 -22.035 -89.779 2.6323
-21.8315 -90.0741 2.63283 0.000754284 -22.035 -89.779 2.6323
-22.0127 -89.7935 2.63397 0.00726796 -22.035 -89.779 2.6323
-22.0301 -89.8466 2.63533 0.00529196 -22.035 -89.779 2.6323
-21.8896 -89.6239 2.63291 0.00505892 -22.035 -89.779 2.6323
-21.8896 -89.6239 2.63291 0.00505892 -22.035 -89.779 2.6323
-22.1249 -89.9897 2.62505 9.81884e-05 -22.035 -89.779 2.6323
-21.9066 -89.8088 2.64059 0.00323978 -22.035 -89.779 2.6323
-22.0127 -89.7935 2.63397 0.00726796 -22.035 -89.779 2.6323
-21.9291 -89.6829 2.63166 0.00723455 -22.035 -89.779 2.6323
-22.0598 -89.4454 2.62845 0.000306041 -22.035 -89.779 2.6323
-21.9066 -89.8088 2.64059 0.00323978 -22.035 -89.779 2.6323
-21.9172 -89.7896 2.63702 0.00800619 -22.035 -89.779 2.6323
-22.0127 -89.7935 2.63397 0.00726796 -22.035 -89.779 2.6323
-21.8802 -89.9123 2.63854 0.00547993 -22.035 -89.779 2.6323
-21.8802 -89.9123 2.63854 0.00547993 -22.035 -89.779 2.6323
-22.1392 -89.6672 2.63123 0.00185861 -22.035 -89.779 2.6323
-21.8802 -89.9123 2.63854 0.00547993 -22.035 -89.779 2.6323
-21.9291 -89.6829 2.63166 0.00723455 -22.035 -89.779 2.6323
-21.9657 -89.8171 2.6396 0.00329263 -22.035 -89.779 2.6323
-21.8802 -89.9123 2.63854 0.00547993 -22.035 -89.779 2.6323
-21.8896 -89.6239 2.63291 0.00505892 -22.035 -89.779 2.6323
-21.8896 -89.6239 2.63291 0.00505892 -22.035 -89.779 2.6323
-22.1359 -89.9126 2.6255 0.000308873 -22.035 -89.779 2.6323
-21.9494 -89.6682 2.63218 0.00674574 -22.035 -89.779 2.6323
-21.9172 -89.7896 2.63702 0.00800619 -22.035 -89.779 2.6323
-22.0127 -89.7935 2.63397 0.00726796 -22.035 -89.779 2.6323
-21.9291 -89.6829 2.63166 0.00723455 -22.035 -89.779 2.6323
-21.7853 -89.9417 2.63559 0.00466074 -22.035 -89.779 2.6323
-21.8802 -89.9123 2.63854 0.00547993 -22.035 -89.779 2.6323
-22.3562 -89.4822 2.63341 2.78025e-06 -22.035 -89.779 2.6323
-21.9291 -89.6829 2.63166 0.00723455 -22.035 -89.779 2.6323
-21.6504 -89.8203 2.6317 0.00106247 -22.035 -89.779 2.6323
-21.8354 -89.5601 2.62812 0.0011068 -22.035 -89.779 2.6323
-22.0301 -89.8466 2.63533 0.00529196 -22.035 -89.779 2.6323
-21.9494 -89.6682 2.63218 0.00674574 -22.035 -89.779 2.6323
-22.0301 -89.8466 2.63533 0.00529196 -22.035 -89.779 2.6323
