60.1163 -51.5616 3.90902 0.776201 60.173 -51.413 3.9021
60.2974 -51.3388 3.90136 0.0641865 60.173 -51.413 3.9021
60.1163 -51.5616 3.90902 0.776201 60.173 -51.413 3.9021
60.1163 -51.5616 3.90902 0.776201 60.173 -51.413 3.9021
60.2519 -51.4717 3.9024 0.406836 60.173 -51.413 3.9021
60.288 -51.4659 3.89955 0.063386 60.173 -51.413 3.9021
60.1775 -51.3499 3.91295 1.70408 60.173 -51.413 3.9021
60.1163 -51.5616 3.90902 0.776201 60.173 -51.413 3.9021
60.291 -51.6034 3.9052 0.369169 60.173 -51.413 3.9021
60.2214 -51.39 3.91646 1.0835 60.173 -51.413 3.9021
60.2214 -51.39 3.91646 1.0835 60.173 -51.413 3.9021
60.1367 -51.4604 3.90579 1.24451 60.173 -51.413 3.9021
60.1775 -51.3499 3.91295 1.70408 60.173 -51.413 3.9021
60.3076 -51.1318 3.91706 0.0561476 60.173 -51.413 3.9021
60.2519 -51.4717 3.9024 0.406836 60.173 -51.413 3.9021
60.2343 -51.2821 3.90783 0.702295 60.173 -51.413 3.9021
60.1163 -51.5616 3.90902 0.776201 60.173 -51.413 3.9021
60.1775 -51.3499 3.91295 1.70408 60.173 -51.413 3.9021
60.2343 -51.2821 3.90783 0.702295 60.173 -51.413 3.9021
60.2343 -51.2821 3.90783 0.702295 60.173 -51.413 3.9021
60.3869 -51.4523 3.90141 0.045532 60.173 -51.413 3.9021
60.2519 -51.4717 3.9024 0.406836 60.173 -51.413 3.9021
59.9947 -51.5244 3.91074 0.147293 60.173 -51.413 3.9021
60.1775 -51.3499 3.91295 1.70408 60.173 -51.413 3.9021
60.0082 -51.5627 3.90199 0.0799205 60.173 -51.413 3.9021
60.2343 -51.2821 3.90783 0.702295 60.173 -51.413 3.9021
59.8843 -51.4868 3.90527 0.0148927 60.173 -51.413 3.9021
60.1367 -51.4604 3.90579 1.24451 60.173 -51.413 3.9021
60.288 -51.4659 3.89955 0.063386 60.173 -51.413 3.9021
60.1163 -51.5616 3.90902 0.776201 60.173 -51.413 3.9021
60.2519 -51.4717 3.9024 0.406836 60.173 -51.413 3.9021
60.1775 -51.3499 3.91295 1.70408 60.173 -51.413 3.9021
60.2214 -51.39 3.91646 1.0835 60.173 -51.413 3.9021
60.1775 -51.3499 3.91295 1.70408 60.173 -51.413 3.9021
60.4713 -51.4155 3.90645 0.0758906 60.173 -51.413 3.9021
60.2519 -51.4717 3.9024 0.406836 60.173 -51.413 3.9021
60.2519 -51.4717 3.9024 0.406836 60.173 -51.413 3.9021
60.2519 -51.4717 3.9024 0.406836 60.173 -51.413 3.9021
60.1163 -51.5616 3.90902 0.776201 60.173 -51.413 3.9021
60.2343 -51.2821 3.90783 0.702295 60.173 -51.413 3.9021
60.1367 -51.4604 3.90579 1.24451 60.173 -51.413 3.9021
60.1863 -51.0973 3.9154 0.0259773 60.173 -51.413 3.9021
60.1367 -51.4604 3.90579 1.24451 60.173 -51.413 3.9021
60.3076 -51.1318 3.91706 0.0561476 60.173 -51.413 3.9021
60.2343 -51.2821 3.90783 0.702295 60.173 -51.413 3.9021
60.1775 -51.3499 3.91295 1.70408 60.173 -51.413 3.9021
60.1775 -51.3499 3.91295 1.70408 60.173 -51.413 3.9021
60.2519 -51.4717 3.9024 0.406836 60.173 -51.413 3.9021
60.2214 -51.39 3.91646 1.0835 60.173 -51.413 3.9021
59.9709 -51.3356 3.91657 0.0233055 60.173 -51.413 3.9021
60.1775 -51.3499 3.91295 1.70408 60.173 -51.413 3.9021
60.2251 -51.2746 3.90541 0.296576 60.173 -51.413 3.9021
60.2214 -51.39 3.91646 1.0835 60.173 -51.413 3.9021
60.1163 -51.5616 3.90902 0.776201 60.173 -51.413 3.9021
60.2204 -51.1674 3.90938 0.115661 60.173 -51.413 3.9021
60.1163 -51.5616 3.90902 0.776201 60.173 -51.413 3.9021
60.3385 -51.2776 3.90639 0.208353 60.173 -51.413 3.9021
60.1775 -51.3499 3.91295 1.70408 60.173 -51.413 3.9021
60.2866 -51.4247 3.90081 0.115941 60.173 -51.413 3.9021
60.2343 -51.2821 3.90783 0.702295 60.173 -51.413 3.9021
60.2214 -51.39 3.91646 1.0835 60.173 -51.413 3.9021
60.288 -51.4659 3.89955 0.063386 60.173 -51.413 3.9021
60.1163 -51.5616 3.90902 0.776201 60.173 -51.413 3.9021
60.1163 -51.5616 3.90902 0.776201 60.173 -51.413 3.9021
60.1367 -51.4604 3.90579 1.24451 60.173 -51.413 3.9021
60.1367 -51.4604 3.90579 1.24451 60.173 -51.413 3.9021
60.2214 -51.39 3.91646 1.0835 60.173 -51.413 3.9021
60.1367 -51.4604 3.90579 1.24451 60.173 -51.413 3.9021
60.0082 -51.5627 3.90199 0.0799205 60.173 -51.413 3.9021
60.2343 -51.2821 3.90783 0.702295 60.173 -51.413 3.9021
60.2214 -51.39 3.91646 1.0835 60.173 -51.413 3.9021
60.291 -51.6034 3.9052 0.369169 60.173 -51.413 3.9021
60.2519 -51.4717 3.9024 0.406836 60.173 -51.413 3.9021
60.1367 -51.4604 3.90579 1.24451 60.173 -51.413 3.9021
60.1163 -51.5616 3.90902 0.776201 60.173 -51.413 3.9021
60.1367 -51.4604 3.90579 1.24451 60.173 -51.413 3.9021
60.4228 -51.484 3.91527 0.318321 60.173 -51.413 3.9021
60.0082 -51.5627 3.90199 0.0799205 60.173 -51.413 3.9021
60.1163 -51.5616 3.90902 0.776201 60.173 -51.413 3.9021
60.1367 -51.4604 3.90579 1.24451 60.173 -51.413 3.9021
60.2204 -51.1674 3.90938 0.115661 60.173 -51.413 3.9021
60.1775 -51.3499 3.91295 1.70408 60.173 -51.413 3.9021
60.1163 -51.5616 3.90902 0.776201 60.173 -51.413 3.9021
60.1367 -51.4604 3.90579 1.24451 60.173 -51.413 3.9021
60.1775 -51.3499 3.91295 1.70408 60.173 -51.413 3.9021
60.1367 -51.4604 3.90579 1.24451 60.173 -51.413 3.9021
60.1775 -51.3499 3.91295 1.70408 60.173 -51.413 3.9021
60.2214 -51.39 3.91646 1.0835 60.173 -51.413 3.9021
60.1163 -51.5616 3.90902 0.776201 60.173 -51.413 3.9021
60.0966 -51.566 3.90141 0.177099 60.173 -51.413 3.9021
60.2214 -51.39 3.91646 1.0835 60.173 -51.413 3.9021
60.1775 -51.3499 3.91295 1.70408 60.173 -51.413 3.9021
60.1813 -51.3628 3.89881 0.0330199 60.173 -51.413 3.9021
60.2519 -51.4717 3.9024 0.406836 60.173 -51.413 3.9021
60.2214 -51.39 3.91646 1.0835 60.173 -51.413 3.9021
60.0966 -51.566 3.90141 0.177099 60.173 -51.413 3.9021
60.1367 -51.4604 3.90579 1.24451 60.173 -51.413 3.9021
60.2343 -51.2821 3.90783 0.702295 60.173 -51.413 3.9021
60.2974 -51.3388 3.90136 0.0641865 60.173 -51.413 3.9021
60.2357 -51.0491 3.91196 0.00673768 60.173 -51.413 3.9021
60.2214 -51.39 3.91646 1.0835 60.173 -51.413 3.9021
60.1163 -51.5616 3.90902 0.776201 60.173 -51.413 3.9021
60.2214 -51.39 3.91646 1.0835 60.173 -51.413 3.9021
60.2214 -51.39 3.91646 1.0835 60.173 -51.413 3.9021
60.1775 -51.3499 3.91295 1.70408 60.173 -51.413 3.9021
60.291 -51.6034 3.9052 0.369169 60.173 -51.413 3.9021
60.1367 -51.4604 3.90579 1.24451 60.173 -51.413 3.9021
60.3521 -51.5897 3.90518 0.22484 60.173 -51.413 3.9021
60.1367 -51.4604 3.90579 1.24451 60.173 -51.413 3.9021
60.2519 -51.4717 3.9024 0.406836 60.173 -51.413 3.9021
60.291 -51.6034 3.9052 0.369169 60.173 -51.413 3.9021
60.2214 -51.39 3.91646 1.0835 60.173 -51.413 3.9021
59.8843 -51.4868 3.90527 0.0148927 60.173 -51.413 3.9021
60.1367 -51.4604 3.90579 1.24451 60.173 -51.413 3.9021
60.3988 -51.3462 3.91859 0.266954 60.173 -51.413 3.9021
59.9118 -51.5602 3.90494 0.020105 60.173 -51.413 3.9021
59.9709 -51.3356 3.91657 0.0233055 60.173 -51.413 3.9021
60.2214 -51.39 3.91646 1.0835 60.173 -51.413 3.9021
60.0584 -51.6231 3.90968 0.151781 60.173 -51.413 3.9021
60.1367 -51.4604 3.90579 1.24451 60.173 -51.413 3.9021
60.1775 -51.3499 3.91295 1.70408 60.173 -51.413 3.9021
60.1163 -51.5616 3.90902 0.776201 60.173 -51.413 3.9021
60.1775 -51.3499 3.91295 1.70408 60.173 -51.413 3.9021
60.1367 -51.4604 3.90579 1.24451 60.173 -51.413 3.9021
60.2251 -51.2746 3.90541 0.296576 60.173 -51.413 3.9021
60.1367 -51.4604 3.90579 1.24451 60.173 -51.413 3.9021
60.2519 -51.4717 3.9024 0.406836 60.173 -51.413 3.9021
60.2519 -51.4717 3.9024 0.406836 60.173 -51.413 3.9021
60.3385 -51.2776 3.90639 0.208353 60.173 -51.413 3.9021
60.1367 -51.4604 3.90579 1.24451 60.173 -51.413 3.9021
60.3988 -51.3462 3.91859 0.266954 60.173 -51.413 3.9021
60.2343 -51.2821 3.90783 0.702295 60.173 -51.413 3.9021
60.1367 -51.4604 3.90579 1.24451 60.173 -51.413 3.9021
60.0584 -51.6231 3.90968 0.151781 60.173 -51.413 3.9021
60.291 -51.6034 3.9052 0.369169 60.173 -51.413 3.9021
60.4228 -51.484 3.91527 0.318321 60.173 -51.413 3.9021
60.1163 -51.5616 3.90902 0.776201 60.173 -51.413 3.9021
59.9073 -51.2929 3.91203 0.0105249 60.173 -51.413 3.9021
60.1163 -51.5616 3.90902 0.776201 60.173 -51.413 3.9021
59.9947 -51.5244 3.91074 0.147293 60.173 -51.413 3.9021
60.1775 -51.3499 3.91295 1.70408 60.173 -51.413 3.9021
60.1775 -51.3499 3.91295 1.70408 60.173 -51.413 3.9021
60.288 -51.4659 3.89955 0.063386 60.173 -51.413 3.9021
60.1775 -51.3499 3.91295 1.70408 60.173 -51.413 3.9021
60.0584 -51.6231 3.90968 0.151781 60.173 -51.413 3.9021
60.291 -51.6034 3.9052 0.369169 60.173 -51.413 3.9021
60.3988 -51.3462 3.91859 0.266954 60.173 -51.413 3.9021
60.1367 -51.4604 3.90579 1.24451 60.173 -51.413 3.9021
60.0966 -51.566 3.90141 0.177099 60.173 -51.413 3.9021
60.1203 -51.2528 3.90636 0.209561 60.173 -51.413 3.9021
60.2519 -51.4717 3.9024 0.406836 60.173 -51.413 3.9021
60.1775 -51.3499 3.91295 1.70408 60.173 -51.413 3.9021
60.1163 -51.5616 3.90902 0.776201 60.173 -51.413 3.9021
60.1775 -51.3499 3.91295 1.70408 60.173 -51.413 3.9021
60.1163 -51.5616 3.90902 0.776201 60.173 -51.413 3.9021
60.1367 -51.4604 3.90579 1.24451 60.173 -51.413 3.9021
60.1775 -51.3499 3.91295 1.70408 60.173 -51.413 3.9021
60.1775 -51.3499 3.91295 1.70408 60.173 -51.413 3.9021
60.2251 -51.2746 3.90541 0.296576 60.173 -51.413 3.9021
60.2866 -51.4247 3.90081 0.115941 60.173 -51.413 3.9021
60.1775 -51.3499 3.91295 1.70408 60.173 -51.413 3.9021
60.1367 -51.4604 3.90579 1.24451 60.173 -51.413 3.9021
60.1163 -51.5616 3.90902 0.776201 60.173 -51.413 3.9021
60.3385 -51.2776 3.90639 0.208353 60.173 -51.413 3.9021
60.3869 -51.4523 3.90141 0.045532 60.173 -51.413 3.9021
60.2214 -51.39 3.91646 1.0835 60.173 -51.413 3.9021
60.2343 -51.2821 3.90783 0.702295 60.173 -51.413 3.9021
60.2343 -51.2821 3.90783 0.702295 60.173 -51.413 3.9021
60.291 -51.6034 3.9052 0.369169 60.173 -51.413 3.9021
59.9947 -51.5244 3.91074 0.147293 60.173 -51.413 3.9021
60.2866 -51.4247 3.90081 0.115941 60.173 -51.413 3.9021
60.1163 -51.5616 3.90902 0.776201 60.173 -51.413 3.9021
60.1775 -51.3499 3.91295 1.70408 60.173 -51.413 3.9021
60.3988 -51.3462 3.91859 0.266954 60.173 -51.413 3.9021
60.4228 -51.484 3.91527 0.318321 60.173 -51.413 3.9021
60.1163 -51.5616 3.90902 0.776201 60.173 -51.413 3.9021
60.2251 -51.2746 3.90541 0.296576 60.173 -51.413 3.9021
60.2251 -51.2746 3.90541 0.296576 60.173 -51.413 3.9021
60.1775 -51.3499 3.91295 1.70408 60.173 -51.413 3.9021
60.1775 -51.3499 3.91295 1.70408 60.173 -51.413 3.9021
60.4228 -51.484 3.91527 0.318321 60.173 -51.413 3.9021
60.0966 -51.566 3.90141 0.177099 60.173 -51.413 3.9021
60.2214 -51.39 3.91646 1.0835 60.173 -51.413 3.9021
60.0677 -51.2775 3.90266 0.0492877 60.173 -51.413 3.9021
60.2214 -51.39 3.91646 1.0835 60.173 -51.413 3.9021
60.1775 -51.3499 3.91295 1.70408 60.173 -51.413 3.9021
60.3988 -51.3462 3.91859 0.266954 60.173 -51.413 3.9021
60.2343 -51.2821 3.90783 0.702295 60.173 -51.413 3.9021
60.1775 -51.3499 3.91295 1.70408 60.173 -51.413 3.9021
60.1775 -51.3499 3.91295 1.70408 60.173 -51.413 3.9021
60.4879 -51.4914 3.90577 0.0399274 60.173 -51.413 3.9021
60.1203 -51.2528 3.90636 0.209561 60.173 -51.413 3.9021
60.1163 -51.5616 3.90902 0.776201 60.173 -51.413 3.9021
60.1775 -51.3499 3.91295 1.70408 60.173 -51.413 3.9021
60.1367 -51.4604 3.90579 1.24451 60.173 -51.413 3.9021
60.2343 -51.2821 3.90783 0.702295 60.173 -51.413 3.9021
60.1775 -51.3499 3.91295 1.70408 60.173 -51.413 3.9021
60.2214 -51.39 3.91646 1.0835 60.173 -51.413 3.9021
60.291 -51.6034 3.9052 0.369169 60.173 -51.413 3.9021
60.4713 -51.4155 3.90645 0.0758906 60.173 -51.413 3.9021
