115.347 19.7424 0.0602787 0.00142594 115.26 19.665 0.059966
115.285 19.8028 0.0680012 0.000415481 115.26 19.665 0.059966
115.018 19.4623 0.0586481 0.000455093 115.26 19.665 0.059966
115.177 19.6386 0.0593482 0.00347067 115.26 19.665 0.059966
114.949 19.5969 0.0692472 0.00134611 115.26 19.665 0.059966
115.126 19.582 0.0667222 0.00357595 115.26 19.665 0.059966
115.285 19.8028 0.0680012 0.000415481 115.26 19.665 0.059966
115.375 19.4127 0.0692622 7.25625e-05 115.26 19.665 0.059966
115.199 19.5113 0.0657011 0.00252718 115.26 19.665 0.059966
115.289 19.6697 0.0616828 0.00290822 115.26 19.665 0.059966
115.213 19.769 0.0631107 0.00262707 115.26 19.665 0.059966
115.204 19.7413 0.0624874 0.00333123 115.26 19.665 0.059966
115.077 19.7107 0.065055 0.00346715 115.26 19.665 0.059966
115.265 19.6399 0.0547134 0.000967033 115.26 19.665 0.059966
115.435 19.5655 0.0498832 3.70151e-05 115.26 19.665 0.059966
115.493 19.5855 0.054797 0.000136803 115.26 19.665 0.059966
115.117 19.5163 0.0669279 0.00270548 115.26 19.665 0.059966
115.048 19.3715 0.0667466 0.000608361 115.26 19.665 0.059966
115.265 19.6399 0.0547134 0.000967033 115.26 19.665 0.059966
115.177 19.6386 0.0593482 0.00347067 115.26 19.665 0.059966
115.285 19.8028 0.0680012 0.000415481 115.26 19.665 0.059966
115.126 19.582 0.0667222 0.00357595 115.26 19.665 0.059966
115.265 19.6399 0.0547134 0.000967033 115.26 19.665 0.059966
115.289 19.6697 0.0616828 0.00290822 115.26 19.665 0.059966
115.274 19.8468 0.0606539 0.00104186 115.26 19.665 0.059966
115.285 19.8028 0.0680012 0.000415481 115.26 19.665 0.059966
115.126 19.582 0.0667222 0.00357595 115.26 19.665 0.059966
115.289 19.6697 0.0616828 0.00290822 115.26 19.665 0.059966
115.182 19.4676 0.0748404 9.41388e-05 115.26 19.665 0.059966
115.126 19.582 0.0667222 0.00357595 115.26 19.665 0.059966
115.204 19.7413 0.0624874 0.00333123 115.26 19.665 0.059966
115.126 19.582 0.0667222 0.00357595 115.26 19.665 0.059966
115.289 19.6697 0.0616828 0.00290822 115.26 19.665 0.059966
115.199 19.5113 0.0657011 0.00252718 115.26 19.665 0.059966
115.256 19.8567 0.0627652 0.000932165 115.26 19.665 0.059966
115.177 19.6386 0.0593482 0.00347067 115.26 19.665 0.059966
115.177 19.6386 0.0593482 0.00347067 115.26 19.665 0.059966
115.029 19.7059 0.0694097 0.00152204 115.26 19.665 0.059966
115.293 19.7074 0.0623243 0.00249015 115.26 19.665 0.059966
115.265 19.6399 0.0547134 0.000967033 115.26 19.665 0.059966
115.077 19.7107 0.065055 0.00346715 115.26 19.665 0.059966
114.889 19.6671 0.0701076 0.000609346 115.26 19.665 0.059966
115.117 19.5163 0.0669279 0.00270548 115.26 19.665 0.059966
115.077 19.7107 0.065055 0.00346715 115.26 19.665 0.059966
115.289 19.6697 0.0616828 0.00290822 115.26 19.665 0.059966
115.204 19.7413 0.0624874 0.00333123 115.26 19.665 0.059966
115.289 19.6697 0.0616828 0.00290822 115.26 19.665 0.059966
115.177 19.6386 0.0593482 0.00347067 115.26 19.665 0.059966
115.233 19.6881 0.0677519 0.0016503 115.26 19.665 0.059966
115.227 19.4568 0.0690295 0.000712727 115.26 19.665 0.059966
114.949 19.5969 0.0692472 0.00134611 115.26 19.665 0.059966
115.204 19.7413 0.0624874 0.00333123 115.26 19.665 0.059966
115.274 19.8468 0.0606539 0.00104186 115.26 19.665 0.059966
115.029 19.7059 0.0694097 0.00152204 115.26 19.665 0.059966
114.889 19.6671 0.0701076 0.000609346 115.26 19.665 0.059966
115.204 19.7413 0.0624874 0.00333123 115.26 19.665 0.059966
115.252 19.2982 0.0596589 0.000103622 115.26 19.665 0.059966
114.889 19.6671 0.0701076 0.000609346 115.26 19.665 0.059966
115.147 19.6919 0.057525 0.00210733 115.26 19.665 0.059966
115.346 19.6149 0.0699619 0.000242232 115.26 19.665 0.059966
115.233 19.6881 0.0677519 0.0016503 115.26 19.665 0.059966
115.227 19.4568 0.0690295 0.000712727 115.26 19.665 0.059966
115.045 19.7118 0.0656032 0.00295712 115.26 19.665 0.059966
115.018 19.4623 0.0586481 0.000455093 115.26 19.665 0.059966
115.177 19.6386 0.0593482 0.00347067 115.26 19.665 0.059966
115.265 19.6399 0.0547134 0.000967033 115.26 19.665 0.059966
115.233 19.6881 0.0677519 0.0016503 115.26 19.665 0.059966
115.147 19.6919 0.057525 0.00210733 115.26 19.665 0.059966
114.949 19.5969 0.0692472 0.00134611 115.26 19.665 0.059966
115.126 19.582 0.0667222 0.00357595 115.26 19.665 0.059966
115.289 19.6697 0.0616828 0.00290822 115.26 19.665 0.059966
115.045 19.7118 0.0656032 0.00295712 115.26 19.665 0.059966
115.293 19.7074 0.0623243 0.00249015 115.26 19.665 0.059966
115.018 19.4623 0.0586481 0.000455093 115.26 19.665 0.059966
115.233 19.6881 0.0677519 0.0016503 115.26 19.665 0.059966
115.117 19.5163 0.0669279 0.00270548 115.26 19.665 0.059966
115.117 19.5163 0.0669279 0.00270548 115.26 19.665 0.059966
115.213 19.769 0.0631107 0.00262707 115.26 19.665 0.059966
115.293 19.7074 0.0623243 0.00249015 115.26 19.665 0.059966
115.204 19.7413 0.0624874 0.00333123 115.26 19.665 0.059966
115.045 19.7118 0.0656032 0.00295712 115.26 19.665 0.059966
115.233 19.6881 0.0677519 0.0016503 115.26 19.665 0.059966
115.045 19.7118 0.0656032 0.00295712 115.26 19.665 0.059966
115.048 19.3715 0.0667466 0.000608361 115.26 19.665 0.059966
115.117 19.5163 0.0669279 0.00270548 115.26 19.665 0.059966
115.177 19.6386 0.0593482 0.00347067 115.26 19.665 0.059966
115.347 19.7424 0.0602787 0.00142594 115.26 19.665 0.059966
115.225 19.7989 0.0690307 0.000507904 115.26 19.665 0.059966
115.077 19.7107 0.065055 0.00346715 115.26 19.665 0.059966
115.289 19.6697 0.0616828 0.00290822 115.26 19.665 0.059966
114.889 19.6671 0.0701076 0.000609346 115.26 19.665 0.059966
115.077 19.7107 0.065055 0.00346715 115.26 19.665 0.059966
115.333 19.4244 0.0579568 0.00036703 115.26 19.665 0.059966
115.045 19.7118 0.0656032 0.00295712 115.26 19.665 0.059966
115.293 19.7074 0.0623243 0.00249015 115.26 19.665 0.059966
115.289 19.5438 0.065205 0.00176778 115.26 19.665 0.059966
114.909 19.8665 0.0594219 0.00011446 115.26 19.665 0.059966
115.452 19.4639 0.0597218 0.000193544 115.26 19.665 0.059966
115.045 19.7118 0.0656032 0.00295712 115.26 19.665 0.059966
115.126 19.582 0.0667222 0.00357595 115.26 19.665 0.059966
115.029 19.7059 0.0694097 0.00152204 115.26 19.665 0.059966
115.126 19.582 0.0667222 0.00357595 115.26 19.665 0.059966
115.101 20.0456 0.0598222 4.01953e-05 115.26 19.665 0.059966
115.289 19.5438 0.065205 0.00176778 115.26 19.665 0.059966
115.213 19.769 0.0631107 0.00262707 115.26 19.665 0.059966
114.889 19.6671 0.0701076 0.000609346 115.26 19.665 0.059966
115.233 19.6881 0.0677519 0.0016503 115.26 19.665 0.059966
115.285 19.8028 0.0680012 0.000415481 115.26 19.665 0.059966
115.199 19.5113 0.0657011 0.00252718 115.26 19.665 0.059966
115.045 19.7118 0.0656032 0.00295712 115.26 19.665 0.059966
115.077 19.7107 0.065055 0.00346715 115.26 19.665 0.059966
115.289 19.5438 0.065205 0.00176778 115.26 19.665 0.059966
115.191 19.3439 0.055267 6.23277e-05 115.26 19.665 0.059966
115.045 19.7118 0.0656032 0.00295712 115.26 19.665 0.059966
115.077 19.7107 0.065055 0.00346715 115.26 19.665 0.059966
115.117 19.5163 0.0669279 0.00270548 115.26 19.665 0.059966
115.455 19.6039 0.0590746 0.000454397 115.26 19.665 0.059966
115.045 19.7118 0.0656032 0.00295712 115.26 19.665 0.059966
115.045 19.7118 0.0656032 0.00295712 115.26 19.665 0.059966
115.126 19.582 0.0667222 0.00357595 115.26 19.665 0.059966
115.147 19.6919 0.057525 0.00210733 115.26 19.665 0.059966
115.212 19.8496 0.0649872 0.000948837 115.26 19.665 0.059966
115.347 19.7424 0.0602787 0.00142594 115.26 19.665 0.059966
115.265 19.6399 0.0547134 0.000967033 115.26 19.665 0.059966
115.126 19.582 0.0667222 0.00357595 115.26 19.665 0.059966
115.077 19.7107 0.065055 0.00346715 115.26 19.665 0.059966
115.455 19.6039 0.0590746 0.000454397 115.26 19.665 0.059966
114.949 19.5969 0.0692472 0.00134611 115.26 19.665 0.059966
115.077 19.7107 0.065055 0.00346715 115.26 19.665 0.059966
115.117 19.5163 0.0669279 0.00270548 115.26 19.665 0.059966
115.289 19.6697 0.0616828 0.00290822 115.26 19.665 0.059966
115.463 19.7722 0.0643821 0.000134022 115.26 19.665 0.059966
115.147 19.6919 0.057525 0.00210733 115.26 19.665 0.059966
115.177 19.6386 0.0593482 0.00347067 115.26 19.665 0.059966
115.289 19.6697 0.0616828 0.00290822 115.26 19.665 0.059966
115.213 19.769 0.0631107 0.00262707 115.26 19.665 0.059966
115.289 19.6697 0.0616828 0.00290822 115.26 19.665 0.059966
115.077 19.7107 0.065055 0.00346715 115.26 19.665 0.059966
115.045 19.7118 0.0656032 0.00295712 115.26 19.665 0.059966
115.147 19.6919 0.057525 0.00210733 115.26 19.665 0.059966
114.949 19.5969 0.0692472 0.00134611 115.26 19.665 0.059966
115.289 19.6697 0.0616828 0.00290822 115.26 19.665 0.059966
115.347 19.7424 0.0602787 0.00142594 115.26 19.665 0.059966
115.191 19.3439 0.055267 6.23277e-05 115.26 19.665 0.059966
115.199 19.5113 0.0657011 0.00252718 115.26 19.665 0.059966
115.177 19.6386 0.0593482 0.00347067 115.26 19.665 0.059966
115.289 19.6697 0.0616828 0.00290822 115.26 19.665 0.059966
115.289 19.6697 0.0616828 0.00290822 115.26 19.665 0.059966
115.045 19.7118 0.0656032 0.00295712 115.26 19.665 0.059966
115.177 19.6386 0.0593482 0.00347067 115.26 19.665 0.059966
115.045 19.7118 0.0656032 0.00295712 115.26 19.665 0.059966
115.178 19.9557 0.0609162 0.000295097 115.26 19.665 0.059966
115.293 19.7074 0.0623243 0.00249015 115.26 19.665 0.059966
115.136 19.8087 0.0552044 0.000545501 115.26 19.665 0.059966
115.463 19.7722 0.0643821 0.000134022 115.26 19.665 0.059966
115.204 19.7413 0.0624874 0.00333123 115.26 19.665 0.059966
115.077 19.7107 0.065055 0.00346715 115.26 19.665 0.059966
115.045 19.7118 0.0656032 0.00295712 115.26 19.665 0.059966
115.045 19.7118 0.0656032 0.00295712 115.26 19.665 0.059966
115.045 19.7118 0.0656032 0.00295712 115.26 19.665 0.059966
115.289 19.6697 0.0616828 0.00290822 115.26 19.665 0.059966
115.177 19.6386 0.0593482 0.00347067 115.26 19.665 0.059966
115.182 19.4676 0.0748404 9.41388e-05 115.26 19.665 0.059966
114.91 19.2175 0.0573983 8.43898e-07 115.26 19.665 0.059966
115.347 19.7424 0.0602787 0.00142594 115.26 19.665 0.059966
115.347 19.7424 0.0602787 0.00142594 115.26 19.665 0.059966
115.204 19.7413 0.0624874 0.00333123 115.26 19.665 0.059966
115.265 19.6399 0.0547134 0.000967033 115.26 19.665 0.059966
114.791 19.5408 0.065322 0.000164709 115.26 19.665 0.059966
115.213 19.769 0.0631107 0.00262707 115.26 19.665 0.059966
115.289 19.5438 0.065205 0.00176778 115.26 19.665 0.059966
115.045 19.7118 0.0656032 0.00295712 115.26 19.665 0.059966
115.274 19.8468 0.0606539 0.00104186 115.26 19.665 0.059966
115.199 19.5113 0.0657011 0.00252718 115.26 19.665 0.059966
115.045 19.7118 0.0656032 0.00295712 115.26 19.665 0.059966
115.126 19.582 0.0667222 0.00357595 115.26 19.665 0.059966
115.177 19.6386 0.0593482 0.00347067 115.26 19.665 0.059966
115.256 19.8567 0.0627652 0.000932165 115.26 19.665 0.059966
115.204 19.7413 0.0624874 0.00333123 115.26 19.665 0.059966
115.177 19.6386 0.0593482 0.00347067 115.26 19.665 0.059966
115.274 19.8468 0.0606539 0.00104186 115.26 19.665 0.059966
115.213 19.769 0.0631107 0.00262707 115.26 19.665 0.059966
115.213 19.769 0.0631107 0.00262707 115.26 19.665 0.059966
115.293 19.7074 0.0623243 0.00249015 115.26 19.665 0.059966
115.126 19.582 0.0667222 0.00357595 115.26 19.665 0.059966
115.289 19.5438 0.065205 0.00176778 115.26 19.665 0.059966
115.244 19.9678 0.0567909 0.000146316 115.26 19.665 0.059966
115.213 19.769 0.0631107 0.00262707 115.26 19.665 0.059966
115.274 19.8468 0.0606539 0.00104186 115.26 19.665 0.059966
115.029 19.7059 0.0694097 0.00152204 115.26 19.665 0.059966
115.213 19.769 0.0631107 0.00262707 115.26 19.665 0.059966
115.136 19.8087 0.0552044 0.000545501 115.26 19.665 0.059966
115.045 19.7118 0.0656032 0.00295712 115.26 19.665 0.059966
115.225 19.7989 0.0690307 0.000507904 115.26 19.665 0.059966
114.791 19.5408 0.065322 0.000164709 115.26 19.665 0.059966
115.045 19.7118 0.0656032 0.00295712 115.26 19.665 0.059966
115.204 19.7413 0.0624874 0.00333123 115.26 19.665 0.059966
115.045 19.7118 0.0656032 0.00295712 115.26 19.665 0.059966
115.177 19.6386 0.0593482 0.00347067 115.26 19.665 0.059966
115.045 19.7118 0.0656032 0.00295712 115.26 19.665 0.059966
