86.4416 16.9535 0.0863792 0.266126 86.463 17.083 0.094418
86.6016 17.1165 0.0892471 1.0043 86.463 17.083 0.094418
86.3899 17.134 0.0843835 0.429497 86.463 17.083 0.094418
86.4868 17.2328 0.0802919 0.758068 86.463 17.083 0.094418
86.5834 16.9499 0.0837327 0.458591 86.463 17.083 0.094418
86.6155 17.0952 0.082279 1.23548 86.463 17.083 0.094418
86.421 17.1203 0.0816472 0.460492 86.463 17.083 0.094418
86.7131 17.152 0.0838101 1.30976 86.463 17.083 0.094418
86.6434 16.9229 0.082453 0.318557 86.463 17.083 0.094418
86.2895 17.2297 0.0889415 0.0962008 86.463 17.083 0.094418
86.7483 17.1045 0.0866815 0.876824 86.463 17.083 0.094418
86.4868 17.2328 0.0802919 0.758068 86.463 17.083 0.094418
86.3011 17.327 0.0871708 0.0780734 86.463 17.083 0.094418
86.4868 17.2328 0.0802919 0.758068 86.463 17.083 0.094418
86.4079 17.1712 0.091254 0.30693 86.463 17.083 0.094418
86.3011 17.327 0.0871708 0.0780734 86.463 17.083 0.094418
86.7483 17.1045 0.0866815 0.876824 86.463 17.083 0.094418
86.5457 17.2628 0.0945723 0.177217 86.463 17.083 0.094418
86.519 17.2135 0.0760805 0.451426 86.463 17.083 0.094418
86.3946 17.114 0.0903104 0.324189 86.463 17.083 0.094418
86.421 17.1203 0.0816472 0.460492 86.463 17.083 0.094418
86.7483 17.1045 0.0866815 0.876824 86.463 17.083 0.094418
86.2512 17.1143 0.089507 0.0591467 86.463 17.083 0.094418
86.4089 16.9411 0.0853354 0.170451 86.463 17.083 0.094418
86.3899 17.134 0.0843835 0.429497 86.463 17.083 0.094418
86.7483 17.1045 0.0866815 0.876824 86.463 17.083 0.094418
86.4079 17.1712 0.091254 0.30693 86.463 17.083 0.094418
86.3899 17.134 0.0843835 0.429497 86.463 17.083 0.094418
86.2512 17.1143 0.089507 0.0591467 86.463 17.083 0.094418
86.4868 17.2328 0.0802919 0.758068 86.463 17.083 0.094418
86.3946 17.114 0.0903104 0.324189 86.463 17.083 0.094418
86.4416 16.9535 0.0863792 0.266126 86.463 17.083 0.094418
86.7131 17.152 0.0838101 1.30976 86.463 17.083 0.094418
86.3882 17.0558 0.0902837 0.267491 86.463 17.083 0.094418
86.3946 17.114 0.0903104 0.324189 86.463 17.083 0.094418
86.3182 17.311 0.0814137 0.109988 86.463 17.083 0.094418
86.6016 17.1165 0.0892471 1.0043 86.463 17.083 0.094418
86.4868 17.2328 0.0802919 0.758068 86.463 17.083 0.094418
86.3011 17.327 0.0871708 0.0780734 86.463 17.083 0.094418
86.7131 17.152 0.0838101 1.30976 86.463 17.083 0.094418
86.4278 17.2249 0.0804305 0.477633 86.463 17.083 0.094418
86.7131 17.152 0.0838101 1.30976 86.463 17.083 0.094418
86.7483 17.1045 0.0866815 0.876824 86.463 17.083 0.094418
86.421 17.1203 0.0816472 0.460492 86.463 17.083 0.094418
86.3182 17.311 0.0814137 0.109988 86.463 17.083 0.094418
86.3182 17.311 0.0814137 0.109988 86.463 17.083 0.094418
86.4278 17.2249 0.0804305 0.477633 86.463 17.083 0.094418
86.3011 17.327 0.0871708 0.0780734 86.463 17.083 0.094418
86.5834 16.9499 0.0837327 0.458591 86.463 17.083 0.094418
86.4868 17.2328 0.0802919 0.758068 86.463 17.083 0.094418
86.7131 17.152 0.0838101 1.30976 86.463 17.083 0.094418
86.7131 17.152 0.0838101 1.30976 86.463 17.083 0.094418
86.6155 17.0952 0.082279 1.23548 86.463 17.083 0.094418
86.4291 17.2855 0.0905485 0.257422 86.463 17.083 0.094418
86.519 17.2135 0.0760805 0.451426 86.463 17.083 0.094418
86.5834 16.9499 0.0837327 0.458591 86.463 17.083 0.094418
86.6434 16.9229 0.082453 0.318557 86.463 17.083 0.094418
86.7483 17.1045 0.0866815 0.876824 86.463 17.083 0.094418
86.5834 16.9499 0.0837327 0.458591 86.463 17.083 0.094418
86.6016 17.1165 0.0892471 1.0043 86.463 17.083 0.094418
86.7131 17.152 0.0838101 1.30976 86.463 17.083 0.094418
86.7483 17.1045 0.0866815 0.876824 86.463 17.083 0.094418
86.4761 17.2699 0.0951223 0.111655 86.463 17.083 0.094418
86.421 17.1203 0.0816472 0.460492 86.463 17.083 0.094418
86.7483 17.1045 0.0866815 0.876824 86.463 17.083 0.094418
86.4079 17.1712 0.091254 0.30693 86.463 17.083 0.094418
86.7131 17.152 0.0838101 1.30976 86.463 17.083 0.094418
86.6016 17.1165 0.0892471 1.0043 86.463 17.083 0.094418
86.6016 17.1165 0.0892471 1.0043 86.463 17.083 0.094418
86.421 17.1203 0.0816472 0.460492 86.463 17.083 0.094418
86.2744 16.8383 0.0973478 0.00400379 86.463 17.083 0.094418
86.6467 16.9365 0.0769541 0.133724 86.463 17.083 0.094418
86.7131 17.152 0.0838101 1.30976 86.463 17.083 0.094418
86.7131 17.152 0.0838101 1.30976 86.463 17.083 0.094418
86.6155 17.0952 0.082279 1.23548 86.463 17.083 0.094418
86.7131 17.152 0.0838101 1.30976 86.463 17.083 0.094418
86.2744 16.8383 0.0973478 0.00400379 86.463 17.083 0.094418
86.5475 16.8565 0.0851633 0.148291 86.463 17.083 0.094418
86.5457 17.2628 0.0945723 0.177217 86.463 17.083 0.094418
86.4023 16.9061 0.0867496 0.117034 86.463 17.083 0.094418
86.7483 17.1045 0.0866815 0.876824 86.463 17.083 0.094418
86.6467 16.9365 0.0769541 0.133724 86.463 17.083 0.094418
86.7483 17.1045 0.0866815 0.876824 86.463 17.083 0.094418
86.6155 17.0952 0.082279 1.23548 86.463 17.083 0.094418
86.6384 17.3186 0.0861471 0.839932 86.463 17.083 0.094418
86.5401 17.1896 0.0948082 0.237923 86.463 17.083 0.094418
86.3052 16.9345 0.0868704 0.0511211 86.463 17.083 0.094418
86.6155 17.0952 0.082279 1.23548 86.463 17.083 0.094418
86.6384 17.3186 0.0861471 0.839932 86.463 17.083 0.094418
86.7131 17.152 0.0838101 1.30976 86.463 17.083 0.094418
86.3899 17.134 0.0843835 0.429497 86.463 17.083 0.094418
86.6155 17.0952 0.082279 1.23548 86.463 17.083 0.094418
86.6155 17.0952 0.082279 1.23548 86.463 17.083 0.094418
86.6434 16.9229 0.082453 0.318557 86.463 17.083 0.094418
86.6384 17.3186 0.0861471 0.839932 86.463 17.083 0.094418
86.6016 17.1165 0.0892471 1.0043 86.463 17.083 0.094418
86.421 17.1203 0.0816472 0.460492 86.463 17.083 0.094418
86.3182 17.311 0.0814137 0.109988 86.463 17.083 0.094418
86.3946 17.114 0.0903104 0.324189 86.463 17.083 0.094418
86.4761 17.2699 0.0951223 0.111655 86.463 17.083 0.094418
86.6155 17.0952 0.082279 1.23548 86.463 17.083 0.094418
86.6016 17.1165 0.0892471 1.0043 86.463 17.083 0.094418
86.421 17.1203 0.0816472 0.460492 86.463 17.083 0.094418
86.7483 17.1045 0.0866815 0.876824 86.463 17.083 0.094418
86.5401 17.1896 0.0948082 0.237923 86.463 17.083 0.094418
86.7131 17.152 0.0838101 1.30976 86.463 17.083 0.094418
86.3882 17.0558 0.0902837 0.267491 86.463 17.083 0.094418
86.6384 17.3186 0.0861471 0.839932 86.463 17.083 0.094418
86.4291 17.2855 0.0905485 0.257422 86.463 17.083 0.094418
86.4868 17.2328 0.0802919 0.758068 86.463 17.083 0.094418
86.4868 17.2328 0.0802919 0.758068 86.463 17.083 0.094418
86.6155 17.0952 0.082279 1.23548 86.463 17.083 0.094418
86.5834 16.9499 0.0837327 0.458591 86.463 17.083 0.094418
86.7483 17.1045 0.0866815 0.876824 86.463 17.083 0.094418
86.3903 16.8636 0.0835979 0.0465464 86.463 17.083 0.094418
86.4761 17.2699 0.0951223 0.111655 86.463 17.083 0.094418
86.5457 17.2628 0.0945723 0.177217 86.463 17.083 0.094418
86.4278 17.2249 0.0804305 0.477633 86.463 17.083 0.094418
86.4278 17.2249 0.0804305 0.477633 86.463 17.083 0.094418
86.2895 17.2297 0.0889415 0.0962008 86.463 17.083 0.094418
86.6016 17.1165 0.0892471 1.0043 86.463 17.083 0.094418
86.6016 17.1165 0.0892471 1.0043 86.463 17.083 0.094418
86.4079 17.1712 0.091254 0.30693 86.463 17.083 0.094418
86.6016 17.1165 0.0892471 1.0043 86.463 17.083 0.094418
86.6016 17.1165 0.0892471 1.0043 86.463 17.083 0.094418
86.7131 17.152 0.0838101 1.30976 86.463 17.083 0.094418
86.4278 17.2249 0.0804305 0.477633 86.463 17.083 0.094418
86.6384 17.3186 0.0861471 0.839932 86.463 17.083 0.094418
86.4416 16.9535 0.0863792 0.266126 86.463 17.083 0.094418
86.421 17.1203 0.0816472 0.460492 86.463 17.083 0.094418
86.754 16.8997 0.088258 0.183173 86.463 17.083 0.094418
86.6155 17.0952 0.082279 1.23548 86.463 17.083 0.094418
86.6384 17.3186 0.0861471 0.839932 86.463 17.083 0.094418
86.7131 17.152 0.0838101 1.30976 86.463 17.083 0.094418
86.8944 17.2797 0.083181 0.272425 86.463 17.083 0.094418
86.6384 17.3186 0.0861471 0.839932 86.463 17.083 0.094418
86.6016 17.1165 0.0892471 1.0043 86.463 17.083 0.094418
86.4868 17.2328 0.0802919 0.758068 86.463 17.083 0.094418
86.6155 17.0952 0.082279 1.23548 86.463 17.083 0.094418
86.8944 17.2797 0.083181 0.272425 86.463 17.083 0.094418
86.4291 17.2855 0.0905485 0.257422 86.463 17.083 0.094418
86.4291 17.2855 0.0905485 0.257422 86.463 17.083 0.094418
86.6155 17.0952 0.082279 1.23548 86.463 17.083 0.094418
86.5464 16.8759 0.0926889 0.128285 86.463 17.083 0.094418
86.7131 17.152 0.0838101 1.30976 86.463 17.083 0.094418
86.5834 16.9499 0.0837327 0.458591 86.463 17.083 0.094418
86.4868 17.2328 0.0802919 0.758068 86.463 17.083 0.094418
86.4868 17.2328 0.0802919 0.758068 86.463 17.083 0.094418
86.421 17.1203 0.0816472 0.460492 86.463 17.083 0.094418
86.5464 16.8759 0.0926889 0.128285 86.463 17.083 0.094418
86.6155 17.0952 0.082279 1.23548 86.463 17.083 0.094418
86.6467 16.9365 0.0769541 0.133724 86.463 17.083 0.094418
86.2895 17.2297 0.0889415 0.0962008 86.463 17.083 0.094418
86.4079 17.1712 0.091254 0.30693 86.463 17.083 0.094418
86.4374 17.444 0.0897967 0.0651373 86.463 17.083 0.094418
86.7483 17.1045 0.0866815 0.876824 86.463 17.083 0.094418
86.4278 17.2249 0.0804305 0.477633 86.463 17.083 0.094418
86.2895 17.2297 0.0889415 0.0962008 86.463 17.083 0.094418
86.6016 17.1165 0.0892471 1.0043 86.463 17.083 0.094418
86.421 17.1203 0.0816472 0.460492 86.463 17.083 0.094418
86.6016 17.1165 0.0892471 1.0043 86.463 17.083 0.094418
86.754 16.8997 0.088258 0.183173 86.463 17.083 0.094418
86.443 16.8536 0.0931928 0.0587981 86.463 17.083 0.094418
86.4868 17.2328 0.0802919 0.758068 86.463 17.083 0.094418
86.7483 17.1045 0.0866815 0.876824 86.463 17.083 0.094418
86.747 16.7352 0.0896636 0.0155958 86.463 17.083 0.094418
86.3946 17.114 0.0903104 0.324189 86.463 17.083 0.094418
86.3899 17.134 0.0843835 0.429497 86.463 17.083 0.094418
86.4868 17.2328 0.0802919 0.758068 86.463 17.083 0.094418
86.7131 17.152 0.0838101 1.30976 86.463 17.083 0.094418
86.6016 17.1165 0.0892471 1.0043 86.463 17.083 0.094418
86.3946 17.114 0.0903104 0.324189 86.463 17.083 0.094418
86.4291 17.2855 0.0905485 0.257422 86.463 17.083 0.094418
86.6016 17.1165 0.0892471 1.0043 86.463 17.083 0.094418
86.519 17.2135 0.0760805 0.451426 86.463 17.083 0.094418
86.6016 17.1165 0.0892471 1.0043 86.463 17.083 0.094418
86.7131 17.152 0.0838101 1.30976 86.463 17.083 0.094418
86.7131 17.152 0.0838101 1.30976 86.463 17.083 0.094418
86.4433 17.0302 0.0975794 0.0711247 86.463 17.083 0.094418
86.3011 17.327 0.0871708 0.0780734 86.463 17.083 0.094418
86.3899 17.134 0.0843835 0.429497 86.463 17.083 0.094418
86.7483 17.1045 0.0866815 0.876824 86.463 17.083 0.094418
86.421 17.1203 0.0816472 0.460492 86.463 17.083 0.094418
86.5834 16.9499 0.0837327 0.458591 86.463 17.083 0.094418
86.5584 16.8723 0.0892472 0.187632 86.463 17.083 0.094418
86.7131 17.152 0.0838101 1.30976 86.463 17.083 0.094418
86.6155 17.0952 0.082279 1.23548 86.463 17.083 0.094418
86.3899 17.134 0.0843835 0.429497 86.463 17.083 0.094418
86.421 17.1203 0.0816472 0.460492 86.463 17.083 0.094418
86.7131 17.152 0.0838101 1.30976 86.463 17.083 0.094418
86.6016 17.1165 0.0892471 1.0043 86.463 17.083 0.094418
86.7131 17.152 0.0838101 1.30976 86.463 17.083 0.094418
86.7483 17.1045 0.0866815 0.876824 86.463 17.083 0.094418
86.3946 17.114 0.0903104 0.324189 86.463 17.083 0.094418
86.6155 17.0952 0.082279 1.23548 86.463 17.083 0.094418
86.5475 16.8565 0.0851633 0.148291 86.463 17.083 0.094418
86.443 16.8536 0.0931928 0.0587981 86.463 17.083 0.094418
86.6155 17.0952 0.082279 1.23548 86.463 17.083 0.094418
86.4291 17.2855 0.0905485 0.257422 86.463 17.083 0.094418
86.6155 17.0952 0.082279 1.23548 86.463 17.083 0.094418
