74.0549 15.2092 0.108116 0.184088 74.032 15.265 0.10625
73.9764 15.1865 0.102748 0.0646224 74.032 15.265 0.10625
73.9755 15.4589 0.0991933 0.0689833 74.032 15.265 0.10625
73.8678 15.4355 0.122563 0.0187078 74.032 15.265 0.10625
73.9755 15.4589 0.0991933 0.0689833 74.032 15.265 0.10625
74.0916 15.4661 0.0996828 0.137761 74.032 15.265 0.10625
74.3355 15.4193 0.111671 0.119993 74.032 15.265 0.10625
74.0291 15.0935 0.104392 0.0352823 74.032 15.265 0.10625
73.9774 15.3341 0.115482 0.181072 74.032 15.265 0.10625
73.916 15.2964 0.104133 0.115817 74.032 15.265 0.10625
73.9267 15.3965 0.110391 0.281552 74.032 15.265 0.10625
74.0266 15.6885 0.105089 0.070935 74.032 15.265 0.10625
73.9267 15.3965 0.110391 0.281552 74.032 15.265 0.10625
74.0549 15.2092 0.108116 0.184088 74.032 15.265 0.10625
73.916 15.2964 0.104133 0.115817 74.032 15.265 0.10625
73.9755 15.4589 0.0991933 0.0689833 74.032 15.265 0.10625
73.9267 15.3965 0.110391 0.281552 74.032 15.265 0.10625
74.0549 15.2092 0.108116 0.184088 74.032 15.265 0.10625
73.9774 15.3341 0.115482 0.181072 74.032 15.265 0.10625
74.3565 15.5094 0.103265 0.0842931 74.032 15.265 0.10625
73.8614 15.3814 0.113987 0.125151 74.032 15.265 0.10625
73.9764 15.1865 0.102748 0.0646224 74.032 15.265 0.10625
74.2513 15.2676 0.118812 0.0237598 74.032 15.265 0.10625
73.9508 15.4504 0.10241 0.142063 74.032 15.265 0.10625
73.898 15.2518 0.108005 0.110339 74.032 15.265 0.10625
74.0288 15.3001 0.113616 0.239339 74.032 15.265 0.10625
74.0916 15.4661 0.0996828 0.137761 74.032 15.265 0.10625
74.0266 15.6885 0.105089 0.070935 74.032 15.265 0.10625
74.1829 15.274 0.105515 0.266368 74.032 15.265 0.10625
74.0549 15.2092 0.108116 0.184088 74.032 15.265 0.10625
74.1736 15.4687 0.109506 0.457306 74.032 15.265 0.10625
74.301 15.5231 0.0965615 0.025511 74.032 15.265 0.10625
74.0637 15.5859 0.104749 0.208563 74.032 15.265 0.10625
73.9267 15.3965 0.110391 0.281552 74.032 15.265 0.10625
74.1829 15.274 0.105515 0.266368 74.032 15.265 0.10625
74.4405 15.4436 0.106413 0.0435838 74.032 15.265 0.10625
73.8614 15.3814 0.113987 0.125151 74.032 15.265 0.10625
74.1421 15.4668 0.10574 0.441443 74.032 15.265 0.10625
73.916 15.2964 0.104133 0.115817 74.032 15.265 0.10625
73.9267 15.3965 0.110391 0.281552 74.032 15.265 0.10625
74.0291 15.0935 0.104392 0.0352823 74.032 15.265 0.10625
74.3355 15.4193 0.111671 0.119993 74.032 15.265 0.10625
73.9508 15.4504 0.10241 0.142063 74.032 15.265 0.10625
74.1421 15.4668 0.10574 0.441443 74.032 15.265 0.10625
74.2305 15.4969 0.103867 0.249246 74.032 15.265 0.10625
73.9508 15.4504 0.10241 0.142063 74.032 15.265 0.10625
74.0266 15.6885 0.105089 0.070935 74.032 15.265 0.10625
74.0549 15.2092 0.108116 0.184088 74.032 15.265 0.10625
74.0637 15.5859 0.104749 0.208563 74.032 15.265 0.10625
74.1736 15.4687 0.109506 0.457306 74.032 15.265 0.10625
73.916 15.2964 0.104133 0.115817 74.032 15.265 0.10625
74.1421 15.4668 0.10574 0.441443 74.032 15.265 0.10625
74.1421 15.4668 0.10574 0.441443 74.032 15.265 0.10625
74.2305 15.4969 0.103867 0.249246 74.032 15.265 0.10625
74.3355 15.4193 0.111671 0.119993 74.032 15.265 0.10625
74.1829 15.274 0.105515 0.266368 74.032 15.265 0.10625
74.2305 15.4969 0.103867 0.249246 74.032 15.265 0.10625
74.1829 15.274 0.105515 0.266368 74.032 15.265 0.10625
74.1421 15.4668 0.10574 0.441443 74.032 15.265 0.10625
73.9508 15.4504 0.10241 0.142063 74.032 15.265 0.10625
74.1736 15.4687 0.109506 0.457306 74.032 15.265 0.10625
73.916 15.2964 0.104133 0.115817 74.032 15.265 0.10625
74.0288 15.3001 0.113616 0.239339 74.032 15.265 0.10625
74.1829 15.274 0.105515 0.266368 74.032 15.265 0.10625
74.0549 15.2092 0.108116 0.184088 74.032 15.265 0.10625
74.1421 15.4668 0.10574 0.441443 74.032 15.265 0.10625
74.2191 15.261 0.0996178 0.0911719 74.032 15.265 0.10625
74.1165 15.3392 0.115252 0.220887 74.032 15.265 0.10625
74.1833 15.7462 0.102049 0.0199874 74.032 15.265 0.10625
74.0916 15.4661 0.0996828 0.137761 74.032 15.265 0.10625
74.0288 15.3001 0.113616 0.239339 74.032 15.265 0.10625
73.9267 15.3965 0.110391 0.281552 74.032 15.265 0.10625
74.1421 15.4668 0.10574 0.441443 74.032 15.265 0.10625
73.7129 15.4594 0.114323 0.0198124 74.032 15.265 0.10625
74.2305 15.4969 0.103867 0.249246 74.032 15.265 0.10625
74.1829 15.274 0.105515 0.266368 74.032 15.265 0.10625
73.9774 15.3341 0.115482 0.181072 74.032 15.265 0.10625
74.375 15.574 0.107266 0.0630144 74.032 15.265 0.10625
73.9774 15.3341 0.115482 0.181072 74.032 15.265 0.10625
74.0056 15.4499 0.0927137 0.00585487 74.032 15.265 0.10625
73.8614 15.3814 0.113987 0.125151 74.032 15.265 0.10625
73.8614 15.3814 0.113987 0.125151 74.032 15.265 0.10625
73.9197 15.3379 0.101619 0.0848254 74.032 15.265 0.10625
74.1661 15.4087 0.0996897 0.158866 74.032 15.265 0.10625
74.0288 15.3001 0.113616 0.239339 74.032 15.265 0.10625
74.1736 15.4687 0.109506 0.457306 74.032 15.265 0.10625
74.4405 15.4436 0.106413 0.0435838 74.032 15.265 0.10625
74.0288 15.3001 0.113616 0.239339 74.032 15.265 0.10625
74.0266 15.6885 0.105089 0.070935 74.032 15.265 0.10625
74.1421 15.4668 0.10574 0.441443 74.032 15.265 0.10625
74.1829 15.274 0.105515 0.266368 74.032 15.265 0.10625
74.0549 15.2092 0.108116 0.184088 74.032 15.265 0.10625
74.0549 15.2092 0.108116 0.184088 74.032 15.265 0.10625
74.0637 15.5859 0.104749 0.208563 74.032 15.265 0.10625
73.916 15.2964 0.104133 0.115817 74.032 15.265 0.10625
74.1736 15.4687 0.109506 0.457306 74.032 15.265 0.10625
74.1736 15.4687 0.109506 0.457306 74.032 15.265 0.10625
74.2191 15.261 0.0996178 0.0911719 74.032 15.265 0.10625
74.2305 15.4969 0.103867 0.249246 74.032 15.265 0.10625
74.0288 15.3001 0.113616 0.239339 74.032 15.265 0.10625
74.3494 15.6296 0.112154 0.0421138 74.032 15.265 0.10625
74.1661 15.4087 0.0996897 0.158866 74.032 15.265 0.10625
73.9197 15.3379 0.101619 0.0848254 74.032 15.265 0.10625
74.3355 15.4193 0.111671 0.119993 74.032 15.265 0.10625
74.3355 15.4193 0.111671 0.119993 74.032 15.265 0.10625
74.1421 15.4668 0.10574 0.441443 74.032 15.265 0.10625
74.1165 15.3392 0.115252 0.220887 74.032 15.265 0.10625
74.1736 15.4687 0.109506 0.457306 74.032 15.265 0.10625
74.1829 15.274 0.105515 0.266368 74.032 15.265 0.10625
74.0266 15.6885 0.105089 0.070935 74.032 15.265 0.10625
74.4747 15.3984 0.100697 0.0164175 74.032 15.265 0.10625
73.916 15.2964 0.104133 0.115817 74.032 15.265 0.10625
74.3355 15.4193 0.111671 0.119993 74.032 15.265 0.10625
74.1661 15.4087 0.0996897 0.158866 74.032 15.265 0.10625
74.1165 15.3392 0.115252 0.220887 74.032 15.265 0.10625
74.1524 15.7422 0.10327 0.0292793 74.032 15.265 0.10625
74.2246 15.1314 0.101505 0.0396087 74.032 15.265 0.10625
74.2589 15.1578 0.103374 0.0575009 74.032 15.265 0.10625
74.0288 15.3001 0.113616 0.239339 74.032 15.265 0.10625
74.1421 15.4668 0.10574 0.441443 74.032 15.265 0.10625
73.9764 15.1865 0.102748 0.0646224 74.032 15.265 0.10625
73.898 15.2518 0.108005 0.110339 74.032 15.265 0.10625
74.112 15.1983 0.101246 0.0916266 74.032 15.265 0.10625
73.9267 15.3965 0.110391 0.281552 74.032 15.265 0.10625
74.1736 15.4687 0.109506 0.457306 74.032 15.265 0.10625
74.4405 15.4436 0.106413 0.0435838 74.032 15.265 0.10625
73.9755 15.4589 0.0991933 0.0689833 74.032 15.265 0.10625
73.9197 15.3379 0.101619 0.0848254 74.032 15.265 0.10625
74.301 15.5231 0.0965615 0.025511 74.032 15.265 0.10625
74.3355 15.4193 0.111671 0.119993 74.032 15.265 0.10625
74.1661 15.4087 0.0996897 0.158866 74.032 15.265 0.10625
74.1736 15.4687 0.109506 0.457306 74.032 15.265 0.10625
74.1108 15.5798 0.0949958 0.0134328 74.032 15.265 0.10625
74.3565 15.5094 0.103265 0.0842931 74.032 15.265 0.10625
73.8678 15.4355 0.122563 0.0187078 74.032 15.265 0.10625
74.0288 15.3001 0.113616 0.239339 74.032 15.265 0.10625
73.8718 15.4406 0.108148 0.166723 74.032 15.265 0.10625
74.0637 15.5859 0.104749 0.208563 74.032 15.265 0.10625
74.3355 15.4193 0.111671 0.119993 74.032 15.265 0.10625
74.0916 15.4661 0.0996828 0.137761 74.032 15.265 0.10625
74.2305 15.4969 0.103867 0.249246 74.032 15.265 0.10625
74.1421 15.4668 0.10574 0.441443 74.032 15.265 0.10625
74.1829 15.274 0.105515 0.266368 74.032 15.265 0.10625
74.1736 15.4687 0.109506 0.457306 74.032 15.265 0.10625
74.2191 15.261 0.0996178 0.0911719 74.032 15.265 0.10625
74.4405 15.4436 0.106413 0.0435838 74.032 15.265 0.10625
74.4405 15.4436 0.106413 0.0435838 74.032 15.265 0.10625
74.1165 15.3392 0.115252 0.220887 74.032 15.265 0.10625
74.1736 15.4687 0.109506 0.457306 74.032 15.265 0.10625
74.1661 15.4087 0.0996897 0.158866 74.032 15.265 0.10625
74.3072 15.1053 0.109717 0.0190658 74.032 15.265 0.10625
74.2282 15.2202 0.107804 0.151474 74.032 15.265 0.10625
74.1736 15.4687 0.109506 0.457306 74.032 15.265 0.10625
74.0637 15.5859 0.104749 0.208563 74.032 15.265 0.10625
74.2305 15.4969 0.103867 0.249246 74.032 15.265 0.10625
74.1661 15.4087 0.0996897 0.158866 74.032 15.265 0.10625
73.9755 15.4589 0.0991933 0.0689833 74.032 15.265 0.10625
74.1661 15.4087 0.0996897 0.158866 74.032 15.265 0.10625
74.0288 15.3001 0.113616 0.239339 74.032 15.265 0.10625
73.9197 15.3379 0.101619 0.0848254 74.032 15.265 0.10625
74.3494 15.6296 0.112154 0.0421138 74.032 15.265 0.10625
74.1736 15.4687 0.109506 0.457306 74.032 15.265 0.10625
74.0637 15.5859 0.104749 0.208563 74.032 15.265 0.10625
74.5298 15.2772 0.108595 0.00545616 74.032 15.265 0.10625
73.9508 15.4504 0.10241 0.142063 74.032 15.265 0.10625
74.0637 15.5859 0.104749 0.208563 74.032 15.265 0.10625
74.1165 15.3392 0.115252 0.220887 74.032 15.265 0.10625
74.1165 15.3392 0.115252 0.220887 74.032 15.265 0.10625
73.8115 15.5492 0.0998975 0.00934332 74.032 15.265 0.10625
73.9267 15.3965 0.110391 0.281552 74.032 15.265 0.10625
73.9755 15.4589 0.0991933 0.0689833 74.032 15.265 0.10625
74.3355 15.4193 0.111671 0.119993 74.032 15.265 0.10625
73.9508 15.4504 0.10241 0.142063 74.032 15.265 0.10625
74.0637 15.5859 0.104749 0.208563 74.032 15.265 0.10625
74.1165 15.3392 0.115252 0.220887 74.032 15.265 0.10625
73.9774 15.3341 0.115482 0.181072 74.032 15.265 0.10625
74.1829 15.274 0.105515 0.266368 74.032 15.265 0.10625
73.8718 15.4406 0.108148 0.166723 74.032 15.265 0.10625
74.0637 15.5859 0.104749 0.208563 74.032 15.265 0.10625
74.112 15.1983 0.101246 0.0916266 74.032 15.265 0.10625
74.4747 15.3984 0.100697 0.0164175 74.032 15.265 0.10625
74.2282 15.2202 0.107804 0.151474 74.032 15.265 0.10625
74.0288 15.3001 0.113616 0.239339 74.032 15.265 0.10625
73.9267 15.3965 0.110391 0.281552 74.032 15.265 0.10625
74.1736 15.4687 0.109506 0.457306 74.032 15.265 0.10625
73.8614 15.3814 0.113987 0.125151 74.032 15.265 0.10625
73.9755 15.4589 0.0991933 0.0689833 74.032 15.265 0.10625
74.1829 15.274 0.105515 0.266368 74.032 15.265 0.10625
74.1421 15.4668 0.10574 0.441443 74.032 15.265 0.10625
74.0288 15.3001 0.113616 0.239339 74.032 15.265 0.10625
74.1421 15.4668 0.10574 0.441443 74.032 15.265 0.10625
73.8558 15.1801 0.118154 0.0119547 74.032 15.265 0.10625
73.9755 15.4589 0.0991933 0.0689833 74.032 15.265 0.10625
74.1829 15.274 0.105515 0.266368 74.032 15.265 0.10625
74.0637 15.5859 0.104749 0.208563 74.032 15.265 0.10625
73.7128 15.5853 0.11007 0.0127293 74.032 15.265 0.10625
74.2305 15.4969 0.103867 0.249246 74.032 15.265 0.10625
74.1421 15.4668 0.10574 0.441443 74.032 15.265 0.10625
74.1829 15.274 0.105515 0.266368 74.032 15.265 0.10625
74.112 15.1983 0.101246 0.0916266 74.032 15.265 0.10625
