13.2939 6.71086 0.243331 0.0735753 13.523 6.7966 0.24224
13.3137 6.56134 0.241548 0.0122189 13.523 6.7966 0.24224
13.4463 6.74587 0.241572 0.0988949 13.523 6.7966 0.24224
13.4463 6.74587 0.241572 0.0988949 13.523 6.7966 0.24224
13.2837 6.71057 0.244106 0.0731429 13.523 6.7966 0.24224
13.4324 6.85193 0.244732 0.0229492 13.523 6.7966 0.24224
13.2837 6.71057 0.244106 0.0731429 13.523 6.7966 0.24224
13.2485 6.73889 0.251657 0.00295872 13.523 6.7966 0.24224
13.2939 6.71086 0.243331 0.0735753 13.523 6.7966 0.24224
13.3305 6.73823 0.245799 0.0744601 13.523 6.7966 0.24224
13.2485 6.73889 0.251657 0.00295872 13.523 6.7966 0.24224
13.2939 6.71086 0.243331 0.0735753 13.523 6.7966 0.24224
13.3305 6.73823 0.245799 0.0744601 13.523 6.7966 0.24224
13.3305 6.73823 0.245799 0.0744601 13.523 6.7966 0.24224
13.5421 6.90286 0.242674 0.00557159 13.523 6.7966 0.24224
13.2939 6.71086 0.243331 0.0735753 13.523 6.7966 0.24224
13.3305 6.73823 0.245799 0.0744601 13.523 6.7966 0.24224
13.554 6.8867 0.241732 0.00882133 13.523 6.7966 0.24224
13.2837 6.71057 0.244106 0.0731429 13.523 6.7966 0.24224
13.4463 6.74587 0.241572 0.0988949 13.523 6.7966 0.24224
13.2939 6.71086 0.243331 0.0735753 13.523 6.7966 0.24224
13.6135 6.90066 0.237082 0.00419151 13.523 6.7966 0.24224
13.3339 6.91511 0.241545 0.0106052 13.523 6.7966 0.24224
13.3305 6.73823 0.245799 0.0744601 13.523 6.7966 0.24224
13.4463 6.74587 0.241572 0.0988949 13.523 6.7966 0.24224
13.3305 6.73823 0.245799 0.0744601 13.523 6.7966 0.24224
13.2939 6.71086 0.243331 0.0735753 13.523 6.7966 0.24224
13.3339 6.91511 0.241545 0.0106052 13.523 6.7966 0.24224
13.2939 6.71086 0.243331 0.0735753 13.523 6.7966 0.24224
13.4463 6.74587 0.241572 0.0988949 13.523 6.7966 0.24224
13.3137 6.56134 0.241548 0.0122189 13.523 6.7966 0.24224
13.2939 6.71086 0.243331 0.0735753 13.523 6.7966 0.24224
13.6493 6.67717 0.242778 0.00266137 13.523 6.7966 0.24224
13.2837 6.71057 0.244106 0.0731429 13.523 6.7966 0.24224
13.2837 6.71057 0.244106 0.0731429 13.523 6.7966 0.24224
13.3305 6.73823 0.245799 0.0744601 13.523 6.7966 0.24224
13.2837 6.71057 0.244106 0.0731429 13.523 6.7966 0.24224
13.5444 6.96071 0.236284 0.00183448 13.523 6.7966 0.24224
13.4463 6.74587 0.241572 0.0988949 13.523 6.7966 0.24224
13.2837 6.71057 0.244106 0.0731429 13.523 6.7966 0.24224
13.4495 6.78697 0.23965 0.0639059 13.523 6.7966 0.24224
13.3305 6.73823 0.245799 0.0744601 13.523 6.7966 0.24224
13.3137 6.56134 0.241548 0.0122189 13.523 6.7966 0.24224
13.2837 6.71057 0.244106 0.0731429 13.523 6.7966 0.24224
13.554 6.8867 0.241732 0.00882133 13.523 6.7966 0.24224
13.3305 6.73823 0.245799 0.0744601 13.523 6.7966 0.24224
13.4463 6.74587 0.241572 0.0988949 13.523 6.7966 0.24224
13.3137 6.56134 0.241548 0.0122189 13.523 6.7966 0.24224
13.4495 6.78697 0.23965 0.0639059 13.523 6.7966 0.24224
13.4495 6.78697 0.23965 0.0639059 13.523 6.7966 0.24224
13.4495 6.78697 0.23965 0.0639059 13.523 6.7966 0.24224
13.5117 6.71597 0.245624 0.0155716 13.523 6.7966 0.24224
13.2837 6.71057 0.244106 0.0731429 13.523 6.7966 0.24224
13.4463 6.74587 0.241572 0.0988949 13.523 6.7966 0.24224
13.4463 6.74587 0.241572 0.0988949 13.523 6.7966 0.24224
13.4463 6.74587 0.241572 0.0988949 13.523 6.7966 0.24224
13.2939 6.71086 0.243331 0.0735753 13.523 6.7966 0.24224
13.2837 6.71057 0.244106 0.0731429 13.523 6.7966 0.24224
13.3305 6.73823 0.245799 0.0744601 13.523 6.7966 0.24224
13.3305 6.73823 0.245799 0.0744601 13.523 6.7966 0.24224
13.4463 6.74587 0.241572 0.0988949 13.523 6.7966 0.24224
13.2837 6.71057 0.244106 0.0731429 13.523 6.7966 0.24224
13.3305 6.73823 0.245799 0.0744601 13.523 6.7966 0.24224
13.4495 6.78697 0.23965 0.0639059 13.523 6.7966 0.24224
13.5421 6.90286 0.242674 0.00557159 13.523 6.7966 0.24224
13.4495 6.78697 0.23965 0.0639059 13.523 6.7966 0.24224
13.4463 6.74587 0.241572 0.0988949 13.523 6.7966 0.24224
13.222 6.65581 0.242609 0.0165306 13.523 6.7966 0.24224
13.6137 6.63856 0.240107 0.00940514 13.523 6.7966 0.24224
13.3305 6.73823 0.245799 0.0744601 13.523 6.7966 0.24224
13.4495 6.78697 0.23965 0.0639059 13.523 6.7966 0.24224
13.4463 6.74587 0.241572 0.0988949 13.523 6.7966 0.24224
13.3305 6.73823 0.245799 0.0744601 13.523 6.7966 0.24224
13.2837 6.71057 0.244106 0.0731429 13.523 6.7966 0.24224
13.554 6.8867 0.241732 0.00882133 13.523 6.7966 0.24224
13.3305 6.73823 0.245799 0.0744601 13.523 6.7966 0.24224
13.3305 6.73823 0.245799 0.0744601 13.523 6.7966 0.24224
13.4324 6.85193 0.244732 0.0229492 13.523 6.7966 0.24224
13.2939 6.71086 0.243331 0.0735753 13.523 6.7966 0.24224
13.2837 6.71057 0.244106 0.0731429 13.523 6.7966 0.24224
13.2837 6.71057 0.244106 0.0731429 13.523 6.7966 0.24224
13.2939 6.71086 0.243331 0.0735753 13.523 6.7966 0.24224
13.2837 6.71057 0.244106 0.0731429 13.523 6.7966 0.24224
13.4463 6.74587 0.241572 0.0988949 13.523 6.7966 0.24224
13.4463 6.74587 0.241572 0.0988949 13.523 6.7966 0.24224
13.2939 6.71086 0.243331 0.0735753 13.523 6.7966 0.24224
13.4463 6.74587 0.241572 0.0988949 13.523 6.7966 0.24224
13.4463 6.74587 0.241572 0.0988949 13.523 6.7966 0.24224
13.2939 6.71086 0.243331 0.0735753 13.523 6.7966 0.24224
13.554 6.8867 0.241732 0.00882133 13.523 6.7966 0.24224
13.2485 6.73889 0.251657 0.00295872 13.523 6.7966 0.24224
13.4463 6.74587 0.241572 0.0988949 13.523 6.7966 0.24224
13.2837 6.71057 0.244106 0.0731429 13.523 6.7966 0.24224
13.4463 6.74587 0.241572 0.0988949 13.523 6.7966 0.24224
13.3305 6.73823 0.245799 0.0744601 13.523 6.7966 0.24224
13.6137 6.63856 0.240107 0.00940514 13.523 6.7966 0.24224
13.2837 6.71057 0.244106 0.0731429 13.523 6.7966 0.24224
13.2939 6.71086 0.243331 0.0735753 13.523 6.7966 0.24224
13.6018 6.58672 0.237799 0.00383101 13.523 6.7966 0.24224
13.4324 6.85193 0.244732 0.0229492 13.523 6.7966 0.24224
13.5487 6.82411 0.237269 0.019218 13.523 6.7966 0.24224
13.4495 6.78697 0.23965 0.0639059 13.523 6.7966 0.24224
13.554 6.8867 0.241732 0.00882133 13.523 6.7966 0.24224
13.4463 6.74587 0.241572 0.0988949 13.523 6.7966 0.24224
13.3305 6.73823 0.245799 0.0744601 13.523 6.7966 0.24224
13.2939 6.71086 0.243331 0.0735753 13.523 6.7966 0.24224
13.4324 6.85193 0.244732 0.0229492 13.523 6.7966 0.24224
13.2837 6.71057 0.244106 0.0731429 13.523 6.7966 0.24224
13.3305 6.73823 0.245799 0.0744601 13.523 6.7966 0.24224
13.3305 6.73823 0.245799 0.0744601 13.523 6.7966 0.24224
13.4495 6.78697 0.23965 0.0639059 13.523 6.7966 0.24224
13.4463 6.74587 0.241572 0.0988949 13.523 6.7966 0.24224
13.4495 6.78697 0.23965 0.0639059 13.523 6.7966 0.24224
13.2837 6.71057 0.244106 0.0731429 13.523 6.7966 0.24224
13.3305 6.73823 0.245799 0.0744601 13.523 6.7966 0.24224
13.4463 6.74587 0.241572 0.0988949 13.523 6.7966 0.24224
13.4495 6.78697 0.23965 0.0639059 13.523 6.7966 0.24224
13.3305 6.73823 0.245799 0.0744601 13.523 6.7966 0.24224
13.2939 6.71086 0.243331 0.0735753 13.523 6.7966 0.24224
13.4495 6.78697 0.23965 0.0639059 13.523 6.7966 0.24224
13.4324 6.85193 0.244732 0.0229492 13.523 6.7966 0.24224
13.3305 6.73823 0.245799 0.0744601 13.523 6.7966 0.24224
13.3305 6.73823 0.245799 0.0744601 13.523 6.7966 0.24224
13.4495 6.78697 0.23965 0.0639059 13.523 6.7966 0.24224
13.4806 6.98801 0.238618 0.0020754 13.523 6.7966 0.24224
13.5195 6.58448 0.237992 0.00780615 13.523 6.7966 0.24224
13.2837 6.71057 0.244106 0.0731429 13.523 6.7966 0.24224
13.2837 6.71057 0.244106 0.0731429 13.523 6.7966 0.24224
13.4324 6.85193 0.244732 0.0229492 13.523 6.7966 0.24224
13.3305 6.73823 0.245799 0.0744601 13.523 6.7966 0.24224
13.4463 6.74587 0.241572 0.0988949 13.523 6.7966 0.24224
13.3305 6.73823 0.245799 0.0744601 13.523 6.7966 0.24224
13.4495 6.78697 0.23965 0.0639059 13.523 6.7966 0.24224
13.4463 6.74587 0.241572 0.0988949 13.523 6.7966 0.24224
13.2939 6.71086 0.243331 0.0735753 13.523 6.7966 0.24224
13.2939 6.71086 0.243331 0.0735753 13.523 6.7966 0.24224
13.222 6.65581 0.242609 0.0165306 13.523 6.7966 0.24224
13.4324 6.85193 0.244732 0.0229492 13.523 6.7966 0.24224
13.4463 6.74587 0.241572 0.0988949 13.523 6.7966 0.24224
13.2837 6.71057 0.244106 0.0731429 13.523 6.7966 0.24224
13.5117 6.71597 0.245624 0.0155716 13.523 6.7966 0.24224
13.614 6.72636 0.243455 0.00536325 13.523 6.7966 0.24224
13.614 6.72636 0.243455 0.00536325 13.523 6.7966 0.24224
13.4463 6.74587 0.241572 0.0988949 13.523 6.7966 0.24224
13.4463 6.74587 0.241572 0.0988949 13.523 6.7966 0.24224
13.2837 6.71057 0.244106 0.0731429 13.523 6.7966 0.24224
13.3305 6.73823 0.245799 0.0744601 13.523 6.7966 0.24224
13.2837 6.71057 0.244106 0.0731429 13.523 6.7966 0.24224
13.5117 6.71597 0.245624 0.0155716 13.523 6.7966 0.24224
13.2939 6.71086 0.243331 0.0735753 13.523 6.7966 0.24224
13.5117 6.71597 0.245624 0.0155716 13.523 6.7966 0.24224
13.4463 6.74587 0.241572 0.0988949 13.523 6.7966 0.24224
13.4495 6.78697 0.23965 0.0639059 13.523 6.7966 0.24224
13.6137 6.63856 0.240107 0.00940514 13.523 6.7966 0.24224
13.3305 6.73823 0.245799 0.0744601 13.523 6.7966 0.24224
13.2837 6.71057 0.244106 0.0731429 13.523 6.7966 0.24224
13.4324 6.85193 0.244732 0.0229492 13.523 6.7966 0.24224
13.222 6.65581 0.242609 0.0165306 13.523 6.7966 0.24224
13.2837 6.71057 0.244106 0.0731429 13.523 6.7966 0.24224
13.5421 6.90286 0.242674 0.00557159 13.523 6.7966 0.24224
13.2837 6.71057 0.244106 0.0731429 13.523 6.7966 0.24224
13.4324 6.85193 0.244732 0.0229492 13.523 6.7966 0.24224
13.4896 6.70887 0.25109 0.00015202 13.523 6.7966 0.24224
13.5117 6.71597 0.245624 0.0155716 13.523 6.7966 0.24224
13.3305 6.73823 0.245799 0.0744601 13.523 6.7966 0.24224
13.4463 6.74587 0.241572 0.0988949 13.523 6.7966 0.24224
13.4463 6.74587 0.241572 0.0988949 13.523 6.7966 0.24224
13.4463 6.74587 0.241572 0.0988949 13.523 6.7966 0.24224
13.4495 6.78697 0.23965 0.0639059 13.523 6.7966 0.24224
13.4495 6.78697 0.23965 0.0639059 13.523 6.7966 0.24224
13.4806 6.98801 0.238618 0.0020754 13.523 6.7966 0.24224
13.4495 6.78697 0.23965 0.0639059 13.523 6.7966 0.24224
13.6257 6.84727 0.236952 0.00695315 13.523 6.7966 0.24224
13.4495 6.78697 0.23965 0.0639059 13.523 6.7966 0.24224
13.5964 6.64197 0.245182 0.0022977 13.523 6.7966 0.24224
13.3305 6.73823 0.245799 0.0744601 13.523 6.7966 0.24224
13.2837 6.71057 0.244106 0.0731429 13.523 6.7966 0.24224
13.2939 6.71086 0.243331 0.0735753 13.523 6.7966 0.24224
13.4463 6.74587 0.241572 0.0988949 13.523 6.7966 0.24224
13.2939 6.71086 0.243331 0.0735753 13.523 6.7966 0.24224
13.4463 6.74587 0.241572 0.0988949 13.523 6.7966 0.24224
13.222 6.65581 0.242609 0.0165306 13.523 6.7966 0.24224
13.2939 6.71086 0.243331 0.0735753 13.523 6.7966 0.24224
13.4463 6.74587 0.241572 0.0988949 13.523 6.7966 0.24224
13.4463 6.74587 0.241572 0.0988949 13.523 6.7966 0.24224
13.2837 6.71057 0.244106 0.0731429 13.523 6.7966 0.24224
13.6137 6.63856 0.240107 0.00940514 13.523 6.7966 0.24224
13.4495 6.78697 0.23965 0.0639059 13.523 6.7966 0.24224
13.3305 6.73823 0.245799 0.0744601 13.523 6.7966 0.24224
13.4495 6.78697 0.23965 0.0639059 13.523 6.7966 0.24224
13.2939 6.71086 0.243331 0.0735753 13.523 6.7966 0.24224
13.6137 6.63856 0.240107 0.00940514 13.523 6.7966 0.24224
13.4495 6.78697 0.23965 0.0639059 13.523 6.7966 0.24224
13.5195 6.58448 0.237992 0.00780615 13.523 6.7966 0.24224
13.4463 6.74587 0.241572 0.0988949 13.523 6.7966 0.24224
13.5487 6.82411 0.237269 0.019218 13.523 6.7966 0.24224
13.222 6.65581 0.242609 0.0165306 13.523 6.7966 0.24224
13.2939 6.71086 0.243331 0.0735753 13.523 6.7966 0.24224
13.3133 6.56949 0.239093 0.00310605 13.523 6.7966 0.24224
13.3305 6.73823 0.245799 0.0744601 13.523 6.7966 0.24224
