-15.8571 -3.08562 0.572114 0.0223826 -15.815 -3.0728 0.57461
-15.6086 -2.96831 0.571537 0.23463 -15.815 -3.0728 0.57461
-15.7974 -3.04816 0.578572 0.053603 -15.815 -3.0728 0.57461
-15.8585 -2.87594 0.573925 0.0430407 -15.815 -3.0728 0.57461
-15.6998 -2.93215 0.569917 0.22873 -15.815 -3.0728 0.57461
-15.6086 -2.96831 0.571537 0.23463 -15.815 -3.0728 0.57461
-15.4408 -3.17297 0.572394 0.00269687 -15.815 -3.0728 0.57461
-15.7527 -2.864 0.566422 0.0576354 -15.815 -3.0728 0.57461
-15.6998 -2.93215 0.569917 0.22873 -15.815 -3.0728 0.57461
-15.6676 -3.00686 0.573897 0.20803 -15.815 -3.0728 0.57461
-15.6676 -3.00686 0.573897 0.20803 -15.815 -3.0728 0.57461
-15.6086 -2.96831 0.571537 0.23463 -15.815 -3.0728 0.57461
-15.7974 -3.04816 0.578572 0.053603 -15.815 -3.0728 0.57461
-15.6086 -2.96831 0.571537 0.23463 -15.815 -3.0728 0.57461
-15.569 -2.9958 0.577276 0.0371126 -15.815 -3.0728 0.57461
-15.4897 -2.92632 0.571957 0.068464 -15.815 -3.0728 0.57461
-15.7527 -2.864 0.566422 0.0576354 -15.815 -3.0728 0.57461
-15.7525 -3.02956 0.563748 0.0039852 -15.815 -3.0728 0.57461
-15.6076 -2.77551 0.569721 0.10121 -15.815 -3.0728 0.57461
-15.6676 -3.00686 0.573897 0.20803 -15.815 -3.0728 0.57461
-15.5204 -3.09317 0.577762 0.00969283 -15.815 -3.0728 0.57461
-15.7089 -2.90096 0.578638 0.0342311 -15.815 -3.0728 0.57461
-15.6676 -3.00686 0.573897 0.20803 -15.815 -3.0728 0.57461
-15.6676 -3.00686 0.573897 0.20803 -15.815 -3.0728 0.57461
-15.6076 -2.77551 0.569721 0.10121 -15.815 -3.0728 0.57461
-15.6676 -3.00686 0.573897 0.20803 -15.815 -3.0728 0.57461
-15.39 -2.85302 0.572841 0.00452986 -15.815 -3.0728 0.57461
-15.4897 -2.92632 0.571957 0.068464 -15.815 -3.0728 0.57461
-15.6998 -2.93215 0.569917 0.22873 -15.815 -3.0728 0.57461
-15.6998 -2.93215 0.569917 0.22873 -15.815 -3.0728 0.57461
-15.7141 -3.01076 0.579403 0.0448879 -15.815 -3.0728 0.57461
-15.6998 -2.93215 0.569917 0.22873 -15.815 -3.0728 0.57461
-15.6086 -2.96831 0.571537 0.23463 -15.815 -3.0728 0.57461
-15.7754 -2.92255 0.573508 0.153419 -15.815 -3.0728 0.57461
-15.6676 -3.00686 0.573897 0.20803 -15.815 -3.0728 0.57461
-15.7141 -3.01076 0.579403 0.0448879 -15.815 -3.0728 0.57461
-15.5011 -2.96499 0.562941 0.0190788 -15.815 -3.0728 0.57461
-15.7974 -3.04816 0.578572 0.053603 -15.815 -3.0728 0.57461
-15.6676 -3.00686 0.573897 0.20803 -15.815 -3.0728 0.57461
-15.6676 -3.00686 0.573897 0.20803 -15.815 -3.0728 0.57461
-15.8585 -2.87594 0.573925 0.0430407 -15.815 -3.0728 0.57461
-15.7527 -2.864 0.566422 0.0576354 -15.815 -3.0728 0.57461
-15.8571 -3.08562 0.572114 0.0223826 -15.815 -3.0728 0.57461
-15.6086 -2.96831 0.571537 0.23463 -15.815 -3.0728 0.57461
-15.569 -2.9958 0.577276 0.0371126 -15.815 -3.0728 0.57461
-15.6998 -2.93215 0.569917 0.22873 -15.815 -3.0728 0.57461
-15.7754 -2.92255 0.573508 0.153419 -15.815 -3.0728 0.57461
-15.6328 -3.13068 0.579583 0.0154663 -15.815 -3.0728 0.57461
-15.8571 -3.08562 0.572114 0.0223826 -15.815 -3.0728 0.57461
-15.7527 -2.864 0.566422 0.0576354 -15.815 -3.0728 0.57461
-15.6086 -2.96831 0.571537 0.23463 -15.815 -3.0728 0.57461
-15.7527 -2.864 0.566422 0.0576354 -15.815 -3.0728 0.57461
-15.7754 -2.92255 0.573508 0.153419 -15.815 -3.0728 0.57461
-15.6676 -3.00686 0.573897 0.20803 -15.815 -3.0728 0.57461
-15.5011 -2.96499 0.562941 0.0190788 -15.815 -3.0728 0.57461
-15.7141 -3.01076 0.579403 0.0448879 -15.815 -3.0728 0.57461
-15.6086 -2.96831 0.571537 0.23463 -15.815 -3.0728 0.57461
-15.5122 -2.88458 0.563648 0.0484914 -15.815 -3.0728 0.57461
-15.6676 -3.00686 0.573897 0.20803 -15.815 -3.0728 0.57461
-15.7974 -3.04816 0.578572 0.053603 -15.815 -3.0728 0.57461
-15.6998 -2.93215 0.569917 0.22873 -15.815 -3.0728 0.57461
-15.7754 -2.92255 0.573508 0.153419 -15.815 -3.0728 0.57461
-15.6076 -2.77551 0.569721 0.10121 -15.815 -3.0728 0.57461
-15.6328 -3.13068 0.579583 0.0154663 -15.815 -3.0728 0.57461
-15.6086 -2.96831 0.571537 0.23463 -15.815 -3.0728 0.57461
-15.7754 -2.92255 0.573508 0.153419 -15.815 -3.0728 0.57461
-15.6076 -2.77551 0.569721 0.10121 -15.815 -3.0728 0.57461
-15.6998 -2.93215 0.569917 0.22873 -15.815 -3.0728 0.57461
-15.5122 -2.88458 0.563648 0.0484914 -15.815 -3.0728 0.57461
-15.6086 -2.96831 0.571537 0.23463 -15.815 -3.0728 0.57461
-15.6998 -2.93215 0.569917 0.22873 -15.815 -3.0728 0.57461
-15.7141 -3.01076 0.579403 0.0448879 -15.815 -3.0728 0.57461
-15.5732 -3.15163 0.567051 0.00742467 -15.815 -3.0728 0.57461
-15.7527 -2.864 0.566422 0.0576354 -15.815 -3.0728 0.57461
-16.0058 -2.89509 0.578118 0.0014921 -15.815 -3.0728 0.57461
-15.4796 -2.923 0.571579 0.062879 -15.815 -3.0728 0.57461
-15.7141 -3.01076 0.579403 0.0448879 -15.815 -3.0728 0.57461
-15.8585 -2.87594 0.573925 0.0430407 -15.815 -3.0728 0.57461
-15.7089 -2.90096 0.578638 0.0342311 -15.815 -3.0728 0.57461
-15.7527 -2.864 0.566422 0.0576354 -15.815 -3.0728 0.57461
-15.7141 -3.01076 0.579403 0.0448879 -15.815 -3.0728 0.57461
-15.6043 -2.80891 0.566643 0.12495 -15.815 -3.0728 0.57461
-15.6676 -3.00686 0.573897 0.20803 -15.815 -3.0728 0.57461
-15.4491 -3.17393 0.573133 0.00295464 -15.815 -3.0728 0.57461
-15.6086 -2.96831 0.571537 0.23463 -15.815 -3.0728 0.57461
-15.5011 -2.96499 0.562941 0.0190788 -15.815 -3.0728 0.57461
-15.6086 -2.96831 0.571537 0.23463 -15.815 -3.0728 0.57461
-15.6086 -2.96831 0.571537 0.23463 -15.815 -3.0728 0.57461
-15.6043 -2.80891 0.566643 0.12495 -15.815 -3.0728 0.57461
-15.668 -2.92808 0.57576 0.130322 -15.815 -3.0728 0.57461
-15.6201 -3.0993 0.569029 0.0491482 -15.815 -3.0728 0.57461
-15.6676 -3.00686 0.573897 0.20803 -15.815 -3.0728 0.57461
-15.4897 -2.92632 0.571957 0.068464 -15.815 -3.0728 0.57461
-15.6201 -3.0993 0.569029 0.0491482 -15.815 -3.0728 0.57461
-15.6676 -3.00686 0.573897 0.20803 -15.815 -3.0728 0.57461
-15.7527 -2.864 0.566422 0.0576354 -15.815 -3.0728 0.57461
-15.6676 -3.00686 0.573897 0.20803 -15.815 -3.0728 0.57461
-15.6998 -2.93215 0.569917 0.22873 -15.815 -3.0728 0.57461
-15.6998 -2.93215 0.569917 0.22873 -15.815 -3.0728 0.57461
-15.6043 -2.80891 0.566643 0.12495 -15.815 -3.0728 0.57461
-15.7527 -2.864 0.566422 0.0576354 -15.815 -3.0728 0.57461
-15.668 -2.92808 0.57576 0.130322 -15.815 -3.0728 0.57461
-15.8585 -2.87594 0.573925 0.0430407 -15.815 -3.0728 0.57461
-15.6998 -2.93215 0.569917 0.22873 -15.815 -3.0728 0.57461
-15.7834 -2.75776 0.572152 0.0314467 -15.815 -3.0728 0.57461
-15.7527 -2.864 0.566422 0.0576354 -15.815 -3.0728 0.57461
-15.4796 -2.923 0.571579 0.062879 -15.815 -3.0728 0.57461
-15.6676 -3.00686 0.573897 0.20803 -15.815 -3.0728 0.57461
-15.6043 -2.80891 0.566643 0.12495 -15.815 -3.0728 0.57461
-15.6086 -2.96831 0.571537 0.23463 -15.815 -3.0728 0.57461
-15.6043 -2.80891 0.566643 0.12495 -15.815 -3.0728 0.57461
-15.5147 -3.04303 0.574041 0.0456047 -15.815 -3.0728 0.57461
-15.4897 -2.92632 0.571957 0.068464 -15.815 -3.0728 0.57461
-15.7527 -2.864 0.566422 0.0576354 -15.815 -3.0728 0.57461
-15.6676 -3.00686 0.573897 0.20803 -15.815 -3.0728 0.57461
-15.6998 -2.93215 0.569917 0.22873 -15.815 -3.0728 0.57461
-15.4897 -2.92632 0.571957 0.068464 -15.815 -3.0728 0.57461
-15.4897 -2.92632 0.571957 0.068464 -15.815 -3.0728 0.57461
-15.6998 -2.93215 0.569917 0.22873 -15.815 -3.0728 0.57461
-15.7754 -2.92255 0.573508 0.153419 -15.815 -3.0728 0.57461
-15.5614 -2.70853 0.567121 0.0373459 -15.815 -3.0728 0.57461
-15.668 -2.92808 0.57576 0.130322 -15.815 -3.0728 0.57461
-15.7834 -2.75776 0.572152 0.0314467 -15.815 -3.0728 0.57461
-15.6676 -3.00686 0.573897 0.20803 -15.815 -3.0728 0.57461
-15.5147 -3.04303 0.574041 0.0456047 -15.815 -3.0728 0.57461
-15.4897 -2.92632 0.571957 0.068464 -15.815 -3.0728 0.57461
-15.6676 -3.00686 0.573897 0.20803 -15.815 -3.0728 0.57461
-15.6998 -2.93215 0.569917 0.22873 -15.815 -3.0728 0.57461
-15.6882 -3.17509 0.580328 0.0108826 -15.815 -3.0728 0.57461
-15.7754 -2.92255 0.573508 0.153419 -15.815 -3.0728 0.57461
-15.6998 -2.93215 0.569917 0.22873 -15.815 -3.0728 0.57461
-15.6086 -2.96831 0.571537 0.23463 -15.815 -3.0728 0.57461
-15.5011 -2.96499 0.562941 0.0190788 -15.815 -3.0728 0.57461
-15.7754 -2.92255 0.573508 0.153419 -15.815 -3.0728 0.57461
-15.6043 -2.80891 0.566643 0.12495 -15.815 -3.0728 0.57461
-15.6086 -2.96831 0.571537 0.23463 -15.815 -3.0728 0.57461
-15.8571 -3.08562 0.572114 0.0223826 -15.815 -3.0728 0.57461
-15.6676 -3.00686 0.573897 0.20803 -15.815 -3.0728 0.57461
-15.4796 -2.923 0.571579 0.062879 -15.815 -3.0728 0.57461
-15.8585 -2.87594 0.573925 0.0430407 -15.815 -3.0728 0.57461
-15.7974 -3.04816 0.578572 0.053603 -15.815 -3.0728 0.57461
-15.6676 -3.00686 0.573897 0.20803 -15.815 -3.0728 0.57461
-15.6043 -2.80891 0.566643 0.12495 -15.815 -3.0728 0.57461
-15.6676 -3.00686 0.573897 0.20803 -15.815 -3.0728 0.57461
-15.6043 -2.80891 0.566643 0.12495 -15.815 -3.0728 0.57461
-15.8585 -2.87594 0.573925 0.0430407 -15.815 -3.0728 0.57461
-15.6086 -2.96831 0.571537 0.23463 -15.815 -3.0728 0.57461
-15.7754 -2.92255 0.573508 0.153419 -15.815 -3.0728 0.57461
-15.7527 -2.864 0.566422 0.0576354 -15.815 -3.0728 0.57461
-15.6043 -2.80891 0.566643 0.12495 -15.815 -3.0728 0.57461
-15.6076 -2.77551 0.569721 0.10121 -15.815 -3.0728 0.57461
-15.7754 -2.92255 0.573508 0.153419 -15.815 -3.0728 0.57461
-15.6086 -2.96831 0.571537 0.23463 -15.815 -3.0728 0.57461
-15.4796 -2.923 0.571579 0.062879 -15.815 -3.0728 0.57461
-15.6086 -2.96831 0.571537 0.23463 -15.815 -3.0728 0.57461
-15.6998 -2.93215 0.569917 0.22873 -15.815 -3.0728 0.57461
-15.4897 -2.92632 0.571957 0.068464 -15.815 -3.0728 0.57461
-15.6043 -2.80891 0.566643 0.12495 -15.815 -3.0728 0.57461
-15.6043 -2.80891 0.566643 0.12495 -15.815 -3.0728 0.57461
-15.7754 -2.92255 0.573508 0.153419 -15.815 -3.0728 0.57461
-15.4897 -2.92632 0.571957 0.068464 -15.815 -3.0728 0.57461
-15.6086 -2.96831 0.571537 0.23463 -15.815 -3.0728 0.57461
-15.6998 -2.93215 0.569917 0.22873 -15.815 -3.0728 0.57461
-15.569 -2.9958 0.577276 0.0371126 -15.815 -3.0728 0.57461
-15.4796 -2.923 0.571579 0.062879 -15.815 -3.0728 0.57461
-15.6076 -2.77551 0.569721 0.10121 -15.815 -3.0728 0.57461
-15.6998 -2.93215 0.569917 0.22873 -15.815 -3.0728 0.57461
-15.6998 -2.93215 0.569917 0.22873 -15.815 -3.0728 0.57461
-15.5147 -3.04303 0.574041 0.0456047 -15.815 -3.0728 0.57461
-15.6076 -2.77551 0.569721 0.10121 -15.815 -3.0728 0.57461
-15.7754 -2.92255 0.573508 0.153419 -15.815 -3.0728 0.57461
-15.6076 -2.77551 0.569721 0.10121 -15.815 -3.0728 0.57461
-15.5122 -2.88458 0.563648 0.0484914 -15.815 -3.0728 0.57461
-15.668 -2.92808 0.57576 0.130322 -15.815 -3.0728 0.57461
-15.668 -2.92808 0.57576 0.130322 -15.815 -3.0728 0.57461
-15.6998 -2.93215 0.569917 0.22873 -15.815 -3.0728 0.57461
-15.6086 -2.96831 0.571537 0.23463 -15.815 -3.0728 0.57461
-15.668 -2.92808 0.57576 0.130322 -15.815 -3.0728 0.57461
-15.7141 -3.01076 0.579403 0.0448879 -15.815 -3.0728 0.57461
-15.6086 -2.96831 0.571537 0.23463 -15.815 -3.0728 0.57461
-15.6201 -3.0993 0.569029 0.0491482 -15.815 -3.0728 0.57461
-15.6676 -3.00686 0.573897 0.20803 -15.815 -3.0728 0.57461
-15.6676 -3.00686 0.573897 0.20803 -15.815 -3.0728 0.57461
-15.5614 -2.70853 0.567121 0.0373459 -15.815 -3.0728 0.57461
-15.7754 -2.92255 0.573508 0.153419 -15.815 -3.0728 0.57461
-15.8571 -3.08562 0.572114 0.0223826 -15.815 -3.0728 0.57461
-15.6076 -2.77551 0.569721 0.10121 -15.815 -3.0728 0.57461
-15.7834 -2.75776 0.572152 0.0314467 -15.815 -3.0728 0.57461
-15.6043 -2.80891 0.566643 0.12495 -15.815 -3.0728 0.57461
-15.6676 -3.00686 0.573897 0.20803 -15.815 -3.0728 0.57461
-15.5204 -3.09317 0.577762 0.00969283 -15.815 -3.0728 0.57461
-15.4796 -2.923 0.571579 0.062879 -15.815 -3.0728 0.57461
-15.668 -2.92808 0.57576 0.130322 -15.815 -3.0728 0.57461
-15.8585 -2.87594 0.573925 0.0430407 -15.815 -3.0728 0.57461
-15.6086 -2.96831 0.571537 0.23463 -15.815 -3.0728 0.57461
-15.5204 -3.09317 0.577762 0.00969283 -15.815 -3.0728 0.57461
-15.7754 -2.92255 0.573508 0.153419 -15.815 -3.0728 0.57461
-15.668 -2.92808 0.57576 0.130322 -15.815 -3.0728 0.57461
-15.8571 -3.08562 0.572114 0.0223826 -15.815 -3.0728 0.57461
-15.6676 -3.00686 0.573897 0.20803 -15.815 -3.0728 0.57461
