6.99647 -93.6821 3.40892 2.18938 6.9922 -93.676 3.4062
7.02857 -93.5274 3.40874 2.90035 6.9922 -93.676 3.4062
6.88991 -93.706 3.40056 0.322301 6.9922 -93.676 3.4062
6.87485 -93.6442 3.41072 3.28005 6.9922 -93.676 3.4062
6.95103 -93.5605 3.41021 4.61325 6.9922 -93.676 3.4062
6.87485 -93.6442 3.41072 3.28005 6.9922 -93.676 3.4062
6.95103 -93.5605 3.41021 4.61325 6.9922 -93.676 3.4062
6.97052 -93.6281 3.41513 2.78559 6.9922 -93.676 3.4062
7.03099 -93.5106 3.40794 2.3247 6.9922 -93.676 3.4062
6.83437 -93.5604 3.40357 1.13069 6.9922 -93.676 3.4062
6.90696 -93.9191 3.40258 0.104832 6.9922 -93.676 3.4062
6.80455 -93.6303 3.41477 1.57047 6.9922 -93.676 3.4062
7.02857 -93.5274 3.40874 2.90035 6.9922 -93.676 3.4062
7.06511 -93.5163 3.41584 3.93779 6.9922 -93.676 3.4062
7.27329 -93.2935 3.41323 0.273307 6.9922 -93.676 3.4062
6.99647 -93.6821 3.40892 2.18938 6.9922 -93.676 3.4062
7.02857 -93.5274 3.40874 2.90035 6.9922 -93.676 3.4062
6.83437 -93.5604 3.40357 1.13069 6.9922 -93.676 3.4062
6.97052 -93.6281 3.41513 2.78559 6.9922 -93.676 3.4062
6.95103 -93.5605 3.41021 4.61325 6.9922 -93.676 3.4062
6.84013 -93.4558 3.40628 1.81539 6.9922 -93.676 3.4062
7.0284 -93.5701 3.40904 3.01346 6.9922 -93.676 3.4062
7.10237 -93.5951 3.41024 2.10303 6.9922 -93.676 3.4062
6.89033 -93.3957 3.41804 2.89989 6.9922 -93.676 3.4062
7.25557 -93.7411 3.40987 0.133165 6.9922 -93.676 3.4062
6.99647 -93.6821 3.40892 2.18938 6.9922 -93.676 3.4062
7.05349 -93.7681 3.40553 0.466995 6.9922 -93.676 3.4062
7.0284 -93.5701 3.40904 3.01346 6.9922 -93.676 3.4062
6.87485 -93.6442 3.41072 3.28005 6.9922 -93.676 3.4062
6.7458 -93.4821 3.40674 1.55556 6.9922 -93.676 3.4062
7.17719 -93.3071 3.41628 1.47253 6.9922 -93.676 3.4062
7.02857 -93.5274 3.40874 2.90035 6.9922 -93.676 3.4062
6.7458 -93.4821 3.40674 1.55556 6.9922 -93.676 3.4062
7.17719 -93.3071 3.41628 1.47253 6.9922 -93.676 3.4062
6.99647 -93.6821 3.40892 2.18938 6.9922 -93.676 3.4062
7.14377 -93.6189 3.41564 1.50782 6.9922 -93.676 3.4062
7.0284 -93.5701 3.40904 3.01346 6.9922 -93.676 3.4062
7.02857 -93.5274 3.40874 2.90035 6.9922 -93.676 3.4062
7.17719 -93.3071 3.41628 1.47253 6.9922 -93.676 3.4062
6.80455 -93.6303 3.41477 1.57047 6.9922 -93.676 3.4062
6.92077 -93.6235 3.39815 0.0846085 6.9922 -93.676 3.4062
7.14377 -93.6189 3.41564 1.50782 6.9922 -93.676 3.4062
7.06511 -93.5163 3.41584 3.93779 6.9922 -93.676 3.4062
6.84013 -93.4558 3.40628 1.81539 6.9922 -93.676 3.4062
7.0284 -93.5701 3.40904 3.01346 6.9922 -93.676 3.4062
6.8821 -93.7935 3.41664 0.212981 6.9922 -93.676 3.4062
7.14377 -93.6189 3.41564 1.50782 6.9922 -93.676 3.4062
6.87485 -93.6442 3.41072 3.28005 6.9922 -93.676 3.4062
7.14377 -93.6189 3.41564 1.50782 6.9922 -93.676 3.4062
6.87485 -93.6442 3.41072 3.28005 6.9922 -93.676 3.4062
6.80455 -93.6303 3.41477 1.57047 6.9922 -93.676 3.4062
7.10237 -93.5951 3.41024 2.10303 6.9922 -93.676 3.4062
7.07219 -93.6684 3.41741 1.03345 6.9922 -93.676 3.4062
7.02857 -93.5274 3.40874 2.90035 6.9922 -93.676 3.4062
6.99647 -93.6821 3.40892 2.18938 6.9922 -93.676 3.4062
7.10237 -93.5951 3.41024 2.10303 6.9922 -93.676 3.4062
7.06511 -93.5163 3.41584 3.93779 6.9922 -93.676 3.4062
6.83437 -93.5604 3.40357 1.13069 6.9922 -93.676 3.4062
6.89033 -93.3957 3.41804 2.89989 6.9922 -93.676 3.4062
7.08717 -93.5703 3.40716 1.2873 6.9922 -93.676 3.4062
6.95103 -93.5605 3.41021 4.61325 6.9922 -93.676 3.4062
7.14377 -93.6189 3.41564 1.50782 6.9922 -93.676 3.4062
6.83437 -93.5604 3.40357 1.13069 6.9922 -93.676 3.4062
7.10237 -93.5951 3.41024 2.10303 6.9922 -93.676 3.4062
7.10105 -93.1536 3.42661 0.181513 6.9922 -93.676 3.4062
6.80455 -93.6303 3.41477 1.57047 6.9922 -93.676 3.4062
6.52612 -93.4975 3.40703 0.146455 6.9922 -93.676 3.4062
6.7458 -93.4821 3.40674 1.55556 6.9922 -93.676 3.4062
7.06511 -93.5163 3.41584 3.93779 6.9922 -93.676 3.4062
6.72607 -93.5993 3.41676 0.534236 6.9922 -93.676 3.4062
7.06511 -93.5163 3.41584 3.93779 6.9922 -93.676 3.4062
7.1103 -93.7116 3.40417 0.263924 6.9922 -93.676 3.4062
6.91886 -93.66 3.41651 1.4361 6.9922 -93.676 3.4062
7.0284 -93.5701 3.40904 3.01346 6.9922 -93.676 3.4062
6.91886 -93.66 3.41651 1.4361 6.9922 -93.676 3.4062
6.82439 -93.7242 3.40611 1.36865 6.9922 -93.676 3.4062
6.80455 -93.6303 3.41477 1.57047 6.9922 -93.676 3.4062
6.97052 -93.6281 3.41513 2.78559 6.9922 -93.676 3.4062
6.72607 -93.5993 3.41676 0.534236 6.9922 -93.676 3.4062
7.10237 -93.5951 3.41024 2.10303 6.9922 -93.676 3.4062
7.07295 -93.6726 3.40341 0.343615 6.9922 -93.676 3.4062
6.82439 -93.7242 3.40611 1.36865 6.9922 -93.676 3.4062
6.82439 -93.7242 3.40611 1.36865 6.9922 -93.676 3.4062
7.23285 -93.6776 3.41256 0.419823 6.9922 -93.676 3.4062
6.83437 -93.5604 3.40357 1.13069 6.9922 -93.676 3.4062
6.91886 -93.66 3.41651 1.4361 6.9922 -93.676 3.4062
6.7458 -93.4821 3.40674 1.55556 6.9922 -93.676 3.4062
6.82439 -93.7242 3.40611 1.36865 6.9922 -93.676 3.4062
6.89033 -93.3957 3.41804 2.89989 6.9922 -93.676 3.4062
6.68674 -93.7983 3.40876 0.308622 6.9922 -93.676 3.4062
6.97052 -93.6281 3.41513 2.78559 6.9922 -93.676 3.4062
7.0284 -93.5701 3.40904 3.01346 6.9922 -93.676 3.4062
7.0284 -93.5701 3.40904 3.01346 6.9922 -93.676 3.4062
7.13794 -93.3891 3.40678 0.347919 6.9922 -93.676 3.4062
6.80455 -93.6303 3.41477 1.57047 6.9922 -93.676 3.4062
7.27329 -93.2935 3.41323 0.273307 6.9922 -93.676 3.4062
6.82439 -93.7242 3.40611 1.36865 6.9922 -93.676 3.4062
6.82439 -93.7242 3.40611 1.36865 6.9922 -93.676 3.4062
6.84013 -93.4558 3.40628 1.81539 6.9922 -93.676 3.4062
7.10237 -93.5951 3.41024 2.10303 6.9922 -93.676 3.4062
6.91886 -93.66 3.41651 1.4361 6.9922 -93.676 3.4062
6.87485 -93.6442 3.41072 3.28005 6.9922 -93.676 3.4062
7.0284 -93.5701 3.40904 3.01346 6.9922 -93.676 3.4062
6.99647 -93.6821 3.40892 2.18938 6.9922 -93.676 3.4062
6.95103 -93.5605 3.41021 4.61325 6.9922 -93.676 3.4062
6.83437 -93.5604 3.40357 1.13069 6.9922 -93.676 3.4062
7.17719 -93.3071 3.41628 1.47253 6.9922 -93.676 3.4062
7.0284 -93.5701 3.40904 3.01346 6.9922 -93.676 3.4062
7.0284 -93.5701 3.40904 3.01346 6.9922 -93.676 3.4062
7.0284 -93.5701 3.40904 3.01346 6.9922 -93.676 3.4062
7.0284 -93.5701 3.40904 3.01346 6.9922 -93.676 3.4062
6.87485 -93.6442 3.41072 3.28005 6.9922 -93.676 3.4062
6.95103 -93.5605 3.41021 4.61325 6.9922 -93.676 3.4062
6.83437 -93.5604 3.40357 1.13069 6.9922 -93.676 3.4062
7.0284 -93.5701 3.40904 3.01346 6.9922 -93.676 3.4062
7.06511 -93.5163 3.41584 3.93779 6.9922 -93.676 3.4062
6.82439 -93.7242 3.40611 1.36865 6.9922 -93.676 3.4062
7.03099 -93.5106 3.40794 2.3247 6.9922 -93.676 3.4062
6.82439 -93.7242 3.40611 1.36865 6.9922 -93.676 3.4062
7.03099 -93.5106 3.40794 2.3247 6.9922 -93.676 3.4062
7.12642 -93.6849 3.41561 0.941504 6.9922 -93.676 3.4062
7.07219 -93.6684 3.41741 1.03345 6.9922 -93.676 3.4062
6.95103 -93.5605 3.41021 4.61325 6.9922 -93.676 3.4062
6.97052 -93.6281 3.41513 2.78559 6.9922 -93.676 3.4062
7.0284 -93.5701 3.40904 3.01346 6.9922 -93.676 3.4062
6.7458 -93.4821 3.40674 1.55556 6.9922 -93.676 3.4062
7.12642 -93.6849 3.41561 0.941504 6.9922 -93.676 3.4062
7.10237 -93.5951 3.41024 2.10303 6.9922 -93.676 3.4062
6.89033 -93.3957 3.41804 2.89989 6.9922 -93.676 3.4062
7.30192 -93.639 3.41477 0.236129 6.9922 -93.676 3.4062
6.7458 -93.4821 3.40674 1.55556 6.9922 -93.676 3.4062
7.03099 -93.5106 3.40794 2.3247 6.9922 -93.676 3.4062
6.80455 -93.6303 3.41477 1.57047 6.9922 -93.676 3.4062
7.10237 -93.5951 3.41024 2.10303 6.9922 -93.676 3.4062
7.02857 -93.5274 3.40874 2.90035 6.9922 -93.676 3.4062
6.95103 -93.5605 3.41021 4.61325 6.9922 -93.676 3.4062
7.0284 -93.5701 3.40904 3.01346 6.9922 -93.676 3.4062
7.0284 -93.5701 3.40904 3.01346 6.9922 -93.676 3.4062
7.14377 -93.6189 3.41564 1.50782 6.9922 -93.676 3.4062
6.80455 -93.6303 3.41477 1.57047 6.9922 -93.676 3.4062
7.14209 -93.6556 3.40469 0.274358 6.9922 -93.676 3.4062
6.99647 -93.6821 3.40892 2.18938 6.9922 -93.676 3.4062
6.74685 -93.7605 3.41584 0.167848 6.9922 -93.676 3.4062
6.89033 -93.3957 3.41804 2.89989 6.9922 -93.676 3.4062
6.82439 -93.7242 3.40611 1.36865 6.9922 -93.676 3.4062
6.97052 -93.6281 3.41513 2.78559 6.9922 -93.676 3.4062
7.23285 -93.6776 3.41256 0.419823 6.9922 -93.676 3.4062
6.84804 -93.2634 3.41001 0.954975 6.9922 -93.676 3.4062
6.89033 -93.3957 3.41804 2.89989 6.9922 -93.676 3.4062
6.89033 -93.3957 3.41804 2.89989 6.9922 -93.676 3.4062
6.89033 -93.3957 3.41804 2.89989 6.9922 -93.676 3.4062
7.07219 -93.6684 3.41741 1.03345 6.9922 -93.676 3.4062
7.14377 -93.6189 3.41564 1.50782 6.9922 -93.676 3.4062
6.87485 -93.6442 3.41072 3.28005 6.9922 -93.676 3.4062
7.0284 -93.5701 3.40904 3.01346 6.9922 -93.676 3.4062
6.95103 -93.5605 3.41021 4.61325 6.9922 -93.676 3.4062
6.91886 -93.66 3.41651 1.4361 6.9922 -93.676 3.4062
7.07219 -93.6684 3.41741 1.03345 6.9922 -93.676 3.4062
7.06511 -93.5163 3.41584 3.93779 6.9922 -93.676 3.4062
6.73404 -93.3117 3.42692 0.0139323 6.9922 -93.676 3.4062
6.82439 -93.7242 3.40611 1.36865 6.9922 -93.676 3.4062
7.17719 -93.3071 3.41628 1.47253 6.9922 -93.676 3.4062
6.89033 -93.3957 3.41804 2.89989 6.9922 -93.676 3.4062
6.82439 -93.7242 3.40611 1.36865 6.9922 -93.676 3.4062
7.03099 -93.5106 3.40794 2.3247 6.9922 -93.676 3.4062
6.87485 -93.6442 3.41072 3.28005 6.9922 -93.676 3.4062
7.06511 -93.5163 3.41584 3.93779 6.9922 -93.676 3.4062
6.97052 -93.6281 3.41513 2.78559 6.9922 -93.676 3.4062
7.05349 -93.7681 3.40553 0.466995 6.9922 -93.676 3.4062
6.97052 -93.6281 3.41513 2.78559 6.9922 -93.676 3.4062
6.87485 -93.6442 3.41072 3.28005 6.9922 -93.676 3.4062
6.99647 -93.6821 3.40892 2.18938 6.9922 -93.676 3.4062
6.87485 -93.6442 3.41072 3.28005 6.9922 -93.676 3.4062
6.99647 -93.6821 3.40892 2.18938 6.9922 -93.676 3.4062
7.06511 -93.5163 3.41584 3.93779 6.9922 -93.676 3.4062
6.84013 -93.4558 3.40628 1.81539 6.9922 -93.676 3.4062
7.02857 -93.5274 3.40874 2.90035 6.9922 -93.676 3.4062
6.83437 -93.5604 3.40357 1.13069 6.9922 -93.676 3.4062
6.80455 -93.6303 3.41477 1.57047 6.9922 -93.676 3.4062
7.03099 -93.5106 3.40794 2.3247 6.9922 -93.676 3.4062
7.0284 -93.5701 3.40904 3.01346 6.9922 -93.676 3.4062
7.17719 -93.3071 3.41628 1.47253 6.9922 -93.676 3.4062
6.80455 -93.6303 3.41477 1.57047 6.9922 -93.676 3.4062
7.08717 -93.5703 3.40716 1.2873 6.9922 -93.676 3.4062
7.10237 -93.5951 3.41024 2.10303 6.9922 -93.676 3.4062
7.27329 -93.2935 3.41323 0.273307 6.9922 -93.676 3.4062
7.0284 -93.5701 3.40904 3.01346 6.9922 -93.676 3.4062
6.87485 -93.6442 3.41072 3.28005 6.9922 -93.676 3.4062
7.0284 -93.5701 3.40904 3.01346 6.9922 -93.676 3.4062
6.97052 -93.6281 3.41513 2.78559 6.9922 -93.676 3.4062
6.95103 -93.5605 3.41021 4.61325 6.9922 -93.676 3.4062
7.12642 -93.6849 3.41561 0.941504 6.9922 -93.676 3.4062
6.97052 -93.6281 3.41513 2.78559 6.9922 -93.676 3.4062
6.80455 -93.6303 3.41477 1.57047 6.9922 -93.676 3.4062
6.83437 -93.5604 3.40357 1.13069 6.9922 -93.676 3.4062
7.10386 -93.8664 3.41286 0.133742 6.9922 -93.676 3.4062
7.0284 -93.5701 3.40904 3.01346 6.9922 -93.676 3.4062
6.83437 -93.5604 3.40357 1.13069 6.9922 -93.676 3.4062
6.82439 -93.7242 3.40611 1.36865 6.9922 -93.676 3.4062
6.84013 -93.4558 3.40628 1.81539 6.9922 -93.676 3.4062
