275.407 18.2296 5.31653 0.25762 275.32 18.404 5.3256
275.518 18.4366 5.32337 0.242244 275.32 18.404 5.3256
275.632 18.3397 5.31847 0.422982 275.32 18.404 5.3256
275.417 18.3763 5.31355 0.0594803 275.32 18.404 5.3256
275.402 18.1699 5.32133 0.154234 275.32 18.404 5.3256
275.501 18.3733 5.31606 0.260632 275.32 18.404 5.3256
275.407 18.2296 5.31653 0.25762 275.32 18.404 5.3256
275.359 18.0923 5.32285 0.0196628 275.32 18.404 5.3256
275.402 18.1699 5.32133 0.154234 275.32 18.404 5.3256
275.523 18.409 5.31513 0.135647 275.32 18.404 5.3256
275.402 18.1699 5.32133 0.154234 275.32 18.404 5.3256
275.385 18.2188 5.31901 0.210707 275.32 18.404 5.3256
275.489 18.1622 5.31772 0.415709 275.32 18.404 5.3256
275.417 18.3763 5.31355 0.0594803 275.32 18.404 5.3256
275.563 18.4417 5.32087 0.232878 275.32 18.404 5.3256
275.489 18.1622 5.31772 0.415709 275.32 18.404 5.3256
275.489 18.1622 5.31772 0.415709 275.32 18.404 5.3256
275.461 18.4341 5.32446 0.174926 275.32 18.404 5.3256
275.523 18.409 5.31513 0.135647 275.32 18.404 5.3256
275.402 18.1699 5.32133 0.154234 275.32 18.404 5.3256
275.632 18.3397 5.31847 0.422982 275.32 18.404 5.3256
275.337 18.2083 5.31741 0.0862634 275.32 18.404 5.3256
275.463 18.5304 5.32132 0.0372378 275.32 18.404 5.3256
275.501 18.3733 5.31606 0.260632 275.32 18.404 5.3256
275.407 18.2296 5.31653 0.25762 275.32 18.404 5.3256
275.632 18.3397 5.31847 0.422982 275.32 18.404 5.3256
275.632 18.3397 5.31847 0.422982 275.32 18.404 5.3256
275.408 18.0724 5.31529 0.0664431 275.32 18.404 5.3256
275.489 18.1622 5.31772 0.415709 275.32 18.404 5.3256
275.501 18.3733 5.31606 0.260632 275.32 18.404 5.3256
275.632 18.3397 5.31847 0.422982 275.32 18.404 5.3256
275.407 18.2296 5.31653 0.25762 275.32 18.404 5.3256
275.385 18.2188 5.31901 0.210707 275.32 18.404 5.3256
275.385 18.2188 5.31901 0.210707 275.32 18.404 5.3256
275.402 18.1699 5.32133 0.154234 275.32 18.404 5.3256
275.632 18.3397 5.31847 0.422982 275.32 18.404 5.3256
275.27 18.3808 5.31975 0.0150408 275.32 18.404 5.3256
275.489 18.1622 5.31772 0.415709 275.32 18.404 5.3256
275.407 18.2296 5.31653 0.25762 275.32 18.404 5.3256
275.407 18.2296 5.31653 0.25762 275.32 18.404 5.3256
275.337 18.2083 5.31741 0.0862634 275.32 18.404 5.3256
275.461 18.4341 5.32446 0.174926 275.32 18.404 5.3256
275.372 18.0302 5.31391 0.0182749 275.32 18.404 5.3256
275.563 18.4417 5.32087 0.232878 275.32 18.404 5.3256
275.632 18.3397 5.31847 0.422982 275.32 18.404 5.3256
275.541 18.4074 5.3287 0.110716 275.32 18.404 5.3256
275.417 18.3763 5.31355 0.0594803 275.32 18.404 5.3256
275.385 18.2188 5.31901 0.210707 275.32 18.404 5.3256
275.489 18.1622 5.31772 0.415709 275.32 18.404 5.3256
275.632 18.3397 5.31847 0.422982 275.32 18.404 5.3256
275.417 18.3763 5.31355 0.0594803 275.32 18.404 5.3256
275.489 18.1622 5.31772 0.415709 275.32 18.404 5.3256
275.489 18.1622 5.31772 0.415709 275.32 18.404 5.3256
275.501 18.3733 5.31606 0.260632 275.32 18.404 5.3256
275.501 18.3733 5.31606 0.260632 275.32 18.404 5.3256
275.659 18.264 5.32803 0.0643947 275.32 18.404 5.3256
275.337 18.2083 5.31741 0.0862634 275.32 18.404 5.3256
275.523 18.409 5.31513 0.135647 275.32 18.404 5.3256
275.368 18.4202 5.32605 0.0560365 275.32 18.404 5.3256
275.501 18.3733 5.31606 0.260632 275.32 18.404 5.3256
275.632 18.3397 5.31847 0.422982 275.32 18.404 5.3256
275.337 18.2083 5.31741 0.0862634 275.32 18.404 5.3256
275.489 18.1622 5.31772 0.415709 275.32 18.404 5.3256
275.541 18.4074 5.3287 0.110716 275.32 18.404 5.3256
275.489 18.1622 5.31772 0.415709 275.32 18.404 5.3256
275.461 18.4341 5.32446 0.174926 275.32 18.404 5.3256
275.359 18.0923 5.32285 0.0196628 275.32 18.404 5.3256
275.385 18.2188 5.31901 0.210707 275.32 18.404 5.3256
275.573 18.0675 5.32135 0.0794029 275.32 18.404 5.3256
275.632 18.3397 5.31847 0.422982 275.32 18.404 5.3256
275.541 18.4074 5.3287 0.110716 275.32 18.404 5.3256
275.422 18.0378 5.32188 0.0198108 275.32 18.404 5.3256
275.489 18.1622 5.31772 0.415709 275.32 18.404 5.3256
275.501 18.3733 5.31606 0.260632 275.32 18.404 5.3256
275.551 18.1781 5.30686 0.0345797 275.32 18.404 5.3256
275.307 18.2753 5.32192 0.054533 275.32 18.404 5.3256
275.631 18.6116 5.31705 0.00159906 275.32 18.404 5.3256
275.767 18.4614 5.32465 0.0167568 275.32 18.404 5.3256
275.408 18.0724 5.31529 0.0664431 275.32 18.404 5.3256
275.632 18.3397 5.31847 0.422982 275.32 18.404 5.3256
275.501 18.3733 5.31606 0.260632 275.32 18.404 5.3256
275.523 18.409 5.31513 0.135647 275.32 18.404 5.3256
275.385 18.2188 5.31901 0.210707 275.32 18.404 5.3256
275.501 18.3733 5.31606 0.260632 275.32 18.404 5.3256
275.523 18.409 5.31513 0.135647 275.32 18.404 5.3256
275.461 18.4341 5.32446 0.174926 275.32 18.404 5.3256
275.518 18.4366 5.32337 0.242244 275.32 18.404 5.3256
275.368 18.4202 5.32605 0.0560365 275.32 18.404 5.3256
275.461 18.4341 5.32446 0.174926 275.32 18.404 5.3256
275.749 18.3494 5.33363 0.00135407 275.32 18.404 5.3256
275.461 18.4341 5.32446 0.174926 275.32 18.404 5.3256
275.518 18.4366 5.32337 0.242244 275.32 18.404 5.3256
275.516 18.4095 5.33167 0.0332943 275.32 18.404 5.3256
275.489 18.1622 5.31772 0.415709 275.32 18.404 5.3256
275.461 18.4341 5.32446 0.174926 275.32 18.404 5.3256
275.463 18.5304 5.32132 0.0372378 275.32 18.404 5.3256
275.598 18.4462 5.30851 0.00303544 275.32 18.404 5.3256
275.632 18.3397 5.31847 0.422982 275.32 18.404 5.3256
275.461 18.4341 5.32446 0.174926 275.32 18.404 5.3256
275.489 18.1622 5.31772 0.415709 275.32 18.404 5.3256
275.463 18.5304 5.32132 0.0372378 275.32 18.404 5.3256
275.523 18.409 5.31513 0.135647 275.32 18.404 5.3256
275.385 18.2188 5.31901 0.210707 275.32 18.404 5.3256
275.518 18.4366 5.32337 0.242244 275.32 18.404 5.3256
275.523 18.409 5.31513 0.135647 275.32 18.404 5.3256
275.463 18.5304 5.32132 0.0372378 275.32 18.404 5.3256
275.412 18.1175 5.31839 0.128402 275.32 18.404 5.3256
275.402 18.1699 5.32133 0.154234 275.32 18.404 5.3256
275.385 18.2188 5.31901 0.210707 275.32 18.404 5.3256
275.632 18.3397 5.31847 0.422982 275.32 18.404 5.3256
275.632 18.3397 5.31847 0.422982 275.32 18.404 5.3256
275.385 18.2188 5.31901 0.210707 275.32 18.404 5.3256
275.463 18.5304 5.32132 0.0372378 275.32 18.404 5.3256
275.489 18.1622 5.31772 0.415709 275.32 18.404 5.3256
275.385 18.2188 5.31901 0.210707 275.32 18.404 5.3256
275.489 18.1622 5.31772 0.415709 275.32 18.404 5.3256
275.523 18.409 5.31513 0.135647 275.32 18.404 5.3256
275.632 18.3397 5.31847 0.422982 275.32 18.404 5.3256
275.563 18.4417 5.32087 0.232878 275.32 18.404 5.3256
275.307 18.2753 5.32192 0.054533 275.32 18.404 5.3256
275.518 18.4366 5.32337 0.242244 275.32 18.404 5.3256
275.523 18.409 5.31513 0.135647 275.32 18.404 5.3256
275.541 18.4074 5.3287 0.110716 275.32 18.404 5.3256
275.563 18.4417 5.32087 0.232878 275.32 18.404 5.3256
275.385 18.2188 5.31901 0.210707 275.32 18.404 5.3256
275.489 18.1622 5.31772 0.415709 275.32 18.404 5.3256
275.501 18.3733 5.31606 0.260632 275.32 18.404 5.3256
275.659 18.264 5.32803 0.0643947 275.32 18.404 5.3256
275.501 18.3733 5.31606 0.260632 275.32 18.404 5.3256
275.461 18.4341 5.32446 0.174926 275.32 18.404 5.3256
275.337 18.2083 5.31741 0.0862634 275.32 18.404 5.3256
275.632 18.3397 5.31847 0.422982 275.32 18.404 5.3256
275.573 18.0675 5.32135 0.0794029 275.32 18.404 5.3256
275.489 18.1622 5.31772 0.415709 275.32 18.404 5.3256
275.516 18.4095 5.33167 0.0332943 275.32 18.404 5.3256
275.501 18.3733 5.31606 0.260632 275.32 18.404 5.3256
275.461 18.4341 5.32446 0.174926 275.32 18.404 5.3256
275.447 18.536 5.32805 0.0218271 275.32 18.404 5.3256
275.659 18.264 5.32803 0.0643947 275.32 18.404 5.3256
275.368 18.4202 5.32605 0.0560365 275.32 18.404 5.3256
275.489 18.1622 5.31772 0.415709 275.32 18.404 5.3256
275.489 18.1622 5.31772 0.415709 275.32 18.404 5.3256
275.563 18.4417 5.32087 0.232878 275.32 18.404 5.3256
275.461 18.4341 5.32446 0.174926 275.32 18.404 5.3256
275.518 18.4366 5.32337 0.242244 275.32 18.404 5.3256
275.632 18.3397 5.31847 0.422982 275.32 18.404 5.3256
275.518 18.4366 5.32337 0.242244 275.32 18.404 5.3256
275.541 18.4074 5.3287 0.110716 275.32 18.404 5.3256
275.632 18.3397 5.31847 0.422982 275.32 18.404 5.3256
275.461 18.4341 5.32446 0.174926 275.32 18.404 5.3256
275.407 18.2296 5.31653 0.25762 275.32 18.404 5.3256
275.563 18.4417 5.32087 0.232878 275.32 18.404 5.3256
275.518 18.4366 5.32337 0.242244 275.32 18.404 5.3256
275.632 18.3397 5.31847 0.422982 275.32 18.404 5.3256
275.632 18.3397 5.31847 0.422982 275.32 18.404 5.3256
275.385 18.2188 5.31901 0.210707 275.32 18.404 5.3256
275.518 18.4366 5.32337 0.242244 275.32 18.404 5.3256
275.541 18.4074 5.3287 0.110716 275.32 18.404 5.3256
275.632 18.3397 5.31847 0.422982 275.32 18.404 5.3256
275.518 18.4366 5.32337 0.242244 275.32 18.404 5.3256
275.563 18.4417 5.32087 0.232878 275.32 18.404 5.3256
275.501 18.3733 5.31606 0.260632 275.32 18.404 5.3256
275.489 18.1622 5.31772 0.415709 275.32 18.404 5.3256
275.489 18.1622 5.31772 0.415709 275.32 18.404 5.3256
275.402 18.1699 5.32133 0.154234 275.32 18.404 5.3256
275.489 18.1622 5.31772 0.415709 275.32 18.404 5.3256
275.632 18.3397 5.31847 0.422982 275.32 18.404 5.3256
275.501 18.3733 5.31606 0.260632 275.32 18.404 5.3256
275.385 18.2188 5.31901 0.210707 275.32 18.404 5.3256
275.632 18.3397 5.31847 0.422982 275.32 18.404 5.3256
275.518 18.4366 5.32337 0.242244 275.32 18.404 5.3256
275.632 18.3397 5.31847 0.422982 275.32 18.404 5.3256
275.408 18.0724 5.31529 0.0664431 275.32 18.404 5.3256
275.489 18.1622 5.31772 0.415709 275.32 18.404 5.3256
275.313 18.3614 5.3297 0.00993283 275.32 18.404 5.3256
275.307 18.2753 5.32192 0.054533 275.32 18.404 5.3256
275.463 18.5304 5.32132 0.0372378 275.32 18.404 5.3256
275.659 18.264 5.32803 0.0643947 275.32 18.404 5.3256
275.518 18.4366 5.32337 0.242244 275.32 18.404 5.3256
275.417 18.3763 5.31355 0.0594803 275.32 18.404 5.3256
275.407 18.2296 5.31653 0.25762 275.32 18.404 5.3256
275.489 18.1622 5.31772 0.415709 275.32 18.404 5.3256
275.573 18.0675 5.32135 0.0794029 275.32 18.404 5.3256
275.659 18.264 5.32803 0.0643947 275.32 18.404 5.3256
275.541 18.4074 5.3287 0.110716 275.32 18.404 5.3256
275.518 18.4366 5.32337 0.242244 275.32 18.404 5.3256
275.573 18.0675 5.32135 0.0794029 275.32 18.404 5.3256
275.501 18.3733 5.31606 0.260632 275.32 18.404 5.3256
275.632 18.3397 5.31847 0.422982 275.32 18.404 5.3256
275.489 18.1622 5.31772 0.415709 275.32 18.404 5.3256
275.632 18.3397 5.31847 0.422982 275.32 18.404 5.3256
275.551 18.1781 5.30686 0.0345797 275.32 18.404 5.3256
275.501 18.3733 5.31606 0.260632 275.32 18.404 5.3256
275.461 18.4341 5.32446 0.174926 275.32 18.404 5.3256
275.523 18.409 5.31513 0.135647 275.32 18.404 5.3256
275.541 18.4074 5.3287 0.110716 275.32 18.404 5.3256
275.632 18.3397 5.31847 0.422982 275.32 18.404 5.3256
275.407 18.2296 5.31653 0.25762 275.32 18.404 5.3256
275.573 18.0675 5.32135 0.0794029 275.32 18.404 5.3256
275.632 18.3397 5.31847 0.422982 275.32 18.404 5.3256
