-35.0202 -74.3883 2.06602 0.0415753 -35.086 -74.267 2.0652
-35.2492 -74.0703 2.05495 0.0712411 -35.086 -74.267 2.0652
-35.0737 -73.828 2.05811 0.146103 -35.086 -74.267 2.0652
-34.998 -74.2791 2.06241 0.125215 -35.086 -74.267 2.0652
-35.0354 -73.9862 2.05446 0.133792 -35.086 -74.267 2.0652
-34.998 -74.2791 2.06241 0.125215 -35.086 -74.267 2.0652
-35.2492 -74.0703 2.05495 0.0712411 -35.086 -74.267 2.0652
-35.0057 -74.0028 2.06298 0.29 -35.086 -74.267 2.0652
-35.1491 -74.1545 2.06294 0.243261 -35.086 -74.267 2.0652
-35.2445 -73.9914 2.05214 0.0391693 -35.086 -74.267 2.0652
-35.2062 -73.8533 2.05836 0.116208 -35.086 -74.267 2.0652
-34.99 -74.3395 2.05988 0.0279975 -35.086 -74.267 2.0652
-34.7282 -74.0187 2.06464 0.0181157 -35.086 -74.267 2.0652
-35.0354 -73.9862 2.05446 0.133792 -35.086 -74.267 2.0652
-35.1491 -74.1545 2.06294 0.243261 -35.086 -74.267 2.0652
-34.99 -74.3395 2.05988 0.0279975 -35.086 -74.267 2.0652
-35.1233 -74.1308 2.06067 0.315437 -35.086 -74.267 2.0652
-35.0023 -74.3767 2.07 0.0258959 -35.086 -74.267 2.0652
-35.1071 -73.8723 2.05621 0.191859 -35.086 -74.267 2.0652
-35.0382 -74.1962 2.06435 0.257247 -35.086 -74.267 2.0652
-34.8703 -73.9225 2.06642 0.0258636 -35.086 -74.267 2.0652
-35.0941 -73.8638 2.0631 0.0785585 -35.086 -74.267 2.0652
-35.137 -74.2052 2.06511 0.159761 -35.086 -74.267 2.0652
-35.0525 -74.1104 2.06653 0.172964 -35.086 -74.267 2.0652
-35.2492 -74.0703 2.05495 0.0712411 -35.086 -74.267 2.0652
-35.1032 -74.1756 2.06133 0.274374 -35.086 -74.267 2.0652
-35.1233 -74.1308 2.06067 0.315437 -35.086 -74.267 2.0652
-34.8288 -74.2535 2.06119 0.0356388 -35.086 -74.267 2.0652
-35.1491 -74.1545 2.06294 0.243261 -35.086 -74.267 2.0652
-34.9363 -74.0536 2.05721 0.148567 -35.086 -74.267 2.0652
-35.1032 -74.1756 2.06133 0.274374 -35.086 -74.267 2.0652
-35.1491 -74.1545 2.06294 0.243261 -35.086 -74.267 2.0652
-34.99 -74.3395 2.05988 0.0279975 -35.086 -74.267 2.0652
-35.0057 -74.0028 2.06298 0.29 -35.086 -74.267 2.0652
-35.1491 -74.1545 2.06294 0.243261 -35.086 -74.267 2.0652
-34.998 -74.2791 2.06241 0.125215 -35.086 -74.267 2.0652
-35.0023 -74.3767 2.07 0.0258959 -35.086 -74.267 2.0652
-35.1527 -74.0843 2.05082 0.0123692 -35.086 -74.267 2.0652
-34.8051 -73.7829 2.05248 0.00313324 -35.086 -74.267 2.0652
-35.1233 -74.1308 2.06067 0.315437 -35.086 -74.267 2.0652
-35.2825 -73.8945 2.05916 0.0716637 -35.086 -74.267 2.0652
-34.8703 -73.9225 2.06642 0.0258636 -35.086 -74.267 2.0652
-35.1032 -74.1756 2.06133 0.274374 -35.086 -74.267 2.0652
-35.0354 -73.9862 2.05446 0.133792 -35.086 -74.267 2.0652
-35.0737 -73.828 2.05811 0.146103 -35.086 -74.267 2.0652
-35.0057 -74.0028 2.06298 0.29 -35.086 -74.267 2.0652
-34.998 -74.2791 2.06241 0.125215 -35.086 -74.267 2.0652
-35.0382 -74.1962 2.06435 0.257247 -35.086 -74.267 2.0652
-35.1071 -73.8723 2.05621 0.191859 -35.086 -74.267 2.0652
-35.1233 -74.1308 2.06067 0.315437 -35.086 -74.267 2.0652
-35.1032 -74.1756 2.06133 0.274374 -35.086 -74.267 2.0652
-34.998 -74.2791 2.06241 0.125215 -35.086 -74.267 2.0652
-35.2492 -74.0703 2.05495 0.0712411 -35.086 -74.267 2.0652
-34.9363 -74.0536 2.05721 0.148567 -35.086 -74.267 2.0652
-35.1746 -74.1837 2.06655 0.0887988 -35.086 -74.267 2.0652
-34.998 -74.2791 2.06241 0.125215 -35.086 -74.267 2.0652
-35.0023 -74.3767 2.07 0.0258959 -35.086 -74.267 2.0652
-35.0525 -74.1104 2.06653 0.172964 -35.086 -74.267 2.0652
-34.998 -74.2791 2.06241 0.125215 -35.086 -74.267 2.0652
-35.2492 -74.0703 2.05495 0.0712411 -35.086 -74.267 2.0652
-35.1288 -74.0604 2.051 0.0180236 -35.086 -74.267 2.0652
-35.1233 -74.1308 2.06067 0.315437 -35.086 -74.267 2.0652
-35.1233 -74.1308 2.06067 0.315437 -35.086 -74.267 2.0652
-35.1233 -74.1308 2.06067 0.315437 -35.086 -74.267 2.0652
-35.1071 -73.8723 2.05621 0.191859 -35.086 -74.267 2.0652
-35.0525 -74.1104 2.06653 0.172964 -35.086 -74.267 2.0652
-35.1071 -73.8723 2.05621 0.191859 -35.086 -74.267 2.0652
-35.107 -74.2762 2.06083 0.100095 -35.086 -74.267 2.0652
-35.0382 -74.1962 2.06435 0.257247 -35.086 -74.267 2.0652
-35.1233 -74.1308 2.06067 0.315437 -35.086 -74.267 2.0652
-35.107 -74.2762 2.06083 0.100095 -35.086 -74.267 2.0652
-35.1032 -74.1756 2.06133 0.274374 -35.086 -74.267 2.0652
-35.3205 -74.0626 2.04893 0.00185583 -35.086 -74.267 2.0652
-35.0382 -74.1962 2.06435 0.257247 -35.086 -74.267 2.0652
-34.8288 -74.2535 2.06119 0.0356388 -35.086 -74.267 2.0652
-35.0382 -74.1962 2.06435 0.257247 -35.086 -74.267 2.0652
-35.0382 -74.1962 2.06435 0.257247 -35.086 -74.267 2.0652
-34.9184 -74.1569 2.05323 0.00770197 -35.086 -74.267 2.0652
-35.1032 -74.1756 2.06133 0.274374 -35.086 -74.267 2.0652
-35.1071 -73.8723 2.05621 0.191859 -35.086 -74.267 2.0652
-34.8824 -74.4348 2.07085 0.00874915 -35.086 -74.267 2.0652
-34.9363 -74.0536 2.05721 0.148567 -35.086 -74.267 2.0652
-34.8288 -74.2535 2.06119 0.0356388 -35.086 -74.267 2.0652
-34.8392 -74.2547 2.0641 0.0643994 -35.086 -74.267 2.0652
-35.0737 -73.828 2.05811 0.146103 -35.086 -74.267 2.0652
-34.9686 -74.3201 2.05787 0.0147072 -35.086 -74.267 2.0652
-35.0354 -73.9862 2.05446 0.133792 -35.086 -74.267 2.0652
-35.137 -74.2052 2.06511 0.159761 -35.086 -74.267 2.0652
-35.0525 -74.1104 2.06653 0.172964 -35.086 -74.267 2.0652
-35.1071 -73.8723 2.05621 0.191859 -35.086 -74.267 2.0652
-34.9498 -73.8999 2.05345 0.0533686 -35.086 -74.267 2.0652
-35.107 -74.2762 2.06083 0.100095 -35.086 -74.267 2.0652
-35.0057 -74.0028 2.06298 0.29 -35.086 -74.267 2.0652
-34.8996 -74.1955 2.07171 0.019554 -35.086 -74.267 2.0652
-35.1032 -74.1756 2.06133 0.274374 -35.086 -74.267 2.0652
-35.1233 -74.1308 2.06067 0.315437 -35.086 -74.267 2.0652
-34.998 -74.2791 2.06241 0.125215 -35.086 -74.267 2.0652
-35.2062 -73.8533 2.05836 0.116208 -35.086 -74.267 2.0652
-35.1032 -74.1756 2.06133 0.274374 -35.086 -74.267 2.0652
-35.0941 -73.8638 2.0631 0.0785585 -35.086 -74.267 2.0652
-35.1491 -74.1545 2.06294 0.243261 -35.086 -74.267 2.0652
-35.1233 -74.1308 2.06067 0.315437 -35.086 -74.267 2.0652
-35.0941 -73.8638 2.0631 0.0785585 -35.086 -74.267 2.0652
-34.8392 -74.2547 2.0641 0.0643994 -35.086 -74.267 2.0652
-35.2062 -73.8533 2.05836 0.116208 -35.086 -74.267 2.0652
-34.851 -74.2204 2.05678 0.0124056 -35.086 -74.267 2.0652
-35.0525 -74.1104 2.06653 0.172964 -35.086 -74.267 2.0652
-34.9363 -74.0536 2.05721 0.148567 -35.086 -74.267 2.0652
-35.0354 -73.9862 2.05446 0.133792 -35.086 -74.267 2.0652
-35.137 -74.2052 2.06511 0.159761 -35.086 -74.267 2.0652
-35.1071 -73.8723 2.05621 0.191859 -35.086 -74.267 2.0652
-35.1233 -74.1308 2.06067 0.315437 -35.086 -74.267 2.0652
-35.1233 -74.1308 2.06067 0.315437 -35.086 -74.267 2.0652
-35.0382 -74.1962 2.06435 0.257247 -35.086 -74.267 2.0652
-35.0382 -74.1962 2.06435 0.257247 -35.086 -74.267 2.0652
-35.0941 -73.8638 2.0631 0.0785585 -35.086 -74.267 2.0652
-35.1056 -73.8512 2.04844 0.0104564 -35.086 -74.267 2.0652
-35.1122 -74.0912 2.05246 0.032025 -35.086 -74.267 2.0652
-35.1233 -74.1308 2.06067 0.315437 -35.086 -74.267 2.0652
-35.1491 -74.1545 2.06294 0.243261 -35.086 -74.267 2.0652
-35.0525 -74.1104 2.06653 0.172964 -35.086 -74.267 2.0652
-35.1233 -74.1308 2.06067 0.315437 -35.086 -74.267 2.0652
-35.1233 -74.1308 2.06067 0.315437 -35.086 -74.267 2.0652
-35.0354 -73.9862 2.05446 0.133792 -35.086 -74.267 2.0652
-35.1233 -74.1308 2.06067 0.315437 -35.086 -74.267 2.0652
-35.2825 -73.8945 2.05916 0.0716637 -35.086 -74.267 2.0652
-34.9498 -73.8999 2.05345 0.0533686 -35.086 -74.267 2.0652
-35.0057 -74.0028 2.06298 0.29 -35.086 -74.267 2.0652
-35.0382 -74.1962 2.06435 0.257247 -35.086 -74.267 2.0652
-35.0941 -73.8638 2.0631 0.0785585 -35.086 -74.267 2.0652
-34.9363 -74.0536 2.05721 0.148567 -35.086 -74.267 2.0652
-35.1233 -74.1308 2.06067 0.315437 -35.086 -74.267 2.0652
-35.0941 -73.8638 2.0631 0.0785585 -35.086 -74.267 2.0652
-35.1233 -74.1308 2.06067 0.315437 -35.086 -74.267 2.0652
-34.998 -74.2791 2.06241 0.125215 -35.086 -74.267 2.0652
-35.1071 -73.8723 2.05621 0.191859 -35.086 -74.267 2.0652
-35.1032 -74.1756 2.06133 0.274374 -35.086 -74.267 2.0652
-34.9437 -74.4055 2.07055 0.016274 -35.086 -74.267 2.0652
-35.0737 -73.828 2.05811 0.146103 -35.086 -74.267 2.0652
-35.1233 -74.1308 2.06067 0.315437 -35.086 -74.267 2.0652
-35.0941 -73.8638 2.0631 0.0785585 -35.086 -74.267 2.0652
-35.3173 -74.0018 2.06442 0.0213191 -35.086 -74.267 2.0652
-34.8703 -73.9225 2.06642 0.0258636 -35.086 -74.267 2.0652
-35.1071 -73.8723 2.05621 0.191859 -35.086 -74.267 2.0652
-34.8824 -74.4348 2.07085 0.00874915 -35.086 -74.267 2.0652
-35.1746 -74.1837 2.06655 0.0887988 -35.086 -74.267 2.0652
-35.0382 -74.1962 2.06435 0.257247 -35.086 -74.267 2.0652
-35.0354 -73.9862 2.05446 0.133792 -35.086 -74.267 2.0652
-35.0382 -74.1962 2.06435 0.257247 -35.086 -74.267 2.0652
-35.3921 -74.0937 2.06094 0.0180509 -35.086 -74.267 2.0652
-35.0202 -74.3883 2.06602 0.0415753 -35.086 -74.267 2.0652
-35.1491 -74.1545 2.06294 0.243261 -35.086 -74.267 2.0652
-35.0057 -74.0028 2.06298 0.29 -35.086 -74.267 2.0652
-35.1032 -74.1756 2.06133 0.274374 -35.086 -74.267 2.0652
-35.137 -74.2052 2.06511 0.159761 -35.086 -74.267 2.0652
-35.1491 -74.1545 2.06294 0.243261 -35.086 -74.267 2.0652
-35.2255 -73.962 2.06519 0.0387968 -35.086 -74.267 2.0652
-34.6537 -73.9832 2.05812 0.00225719 -35.086 -74.267 2.0652
-35.107 -74.2762 2.06083 0.100095 -35.086 -74.267 2.0652
-35.0525 -74.1104 2.06653 0.172964 -35.086 -74.267 2.0652
-34.8392 -74.2547 2.0641 0.0643994 -35.086 -74.267 2.0652
-34.7022 -74.097 2.059 0.00734691 -35.086 -74.267 2.0652
-35.0525 -74.1104 2.06653 0.172964 -35.086 -74.267 2.0652
-35.1071 -73.8723 2.05621 0.191859 -35.086 -74.267 2.0652
-35.2081 -74.1196 2.07147 0.00395337 -35.086 -74.267 2.0652
-35.0057 -74.0028 2.06298 0.29 -35.086 -74.267 2.0652
-34.9363 -74.0536 2.05721 0.148567 -35.086 -74.267 2.0652
-35.1056 -73.8512 2.04844 0.0104564 -35.086 -74.267 2.0652
-35.1233 -74.1308 2.06067 0.315437 -35.086 -74.267 2.0652
-35.0525 -74.1104 2.06653 0.172964 -35.086 -74.267 2.0652
-35.1491 -74.1545 2.06294 0.243261 -35.086 -74.267 2.0652
-35.1233 -74.1308 2.06067 0.315437 -35.086 -74.267 2.0652
-35.1032 -74.1756 2.06133 0.274374 -35.086 -74.267 2.0652
-35.1032 -74.1756 2.06133 0.274374 -35.086 -74.267 2.0652
-35.3173 -74.0018 2.06442 0.0213191 -35.086 -74.267 2.0652
-35.2062 -73.8533 2.05836 0.116208 -35.086 -74.267 2.0652
-35.1032 -74.1756 2.06133 0.274374 -35.086 -74.267 2.0652
-35.1032 -74.1756 2.06133 0.274374 -35.086 -74.267 2.0652
-34.9363 -74.0536 2.05721 0.148567 -35.086 -74.267 2.0652
-35.0057 -74.0028 2.06298 0.29 -35.086 -74.267 2.0652
-35.0737 -73.828 2.05811 0.146103 -35.086 -74.267 2.0652
-35.2445 -73.9914 2.05214 0.0391693 -35.086 -74.267 2.0652
-35.0057 -74.0028 2.06298 0.29 -35.086 -74.267 2.0652
-35.0382 -74.1962 2.06435 0.257247 -35.086 -74.267 2.0652
-35.1032 -74.1756 2.06133 0.274374 -35.086 -74.267 2.0652
-35.2062 -73.8533 2.05836 0.116208 -35.086 -74.267 2.0652
-35.1032 -74.1756 2.06133 0.274374 -35.086 -74.267 2.0652
-35.107 -74.2762 2.06083 0.100095 -35.086 -74.267 2.0652
-34.8392 -74.2547 2.0641 0.0643994 -35.086 -74.267 2.0652
-35.0382 -74.1962 2.06435 0.257247 -35.086 -74.267 2.0652
-35.0737 -73.828 2.05811 0.146103 -35.086 -74.267 2.0652
-35.1233 -74.1308 2.06067 0.315437 -35.086 -74.267 2.0652
-34.9498 -73.8999 2.05345 0.0533686 -35.086 -74.267 2.0652
-35.0382 -74.1962 2.06435 0.257247 -35.086 -74.267 2.0652
-35.1491 -74.1545 2.06294 0.243261 -35.086 -74.267 2.0652
-34.9498 -73.8999 2.05345 0.0533686 -35.086 -74.267 2.0652
-34.8392 -74.2547 2.0641 0.0643994 -35.086 -74.267 2.0652
-35.1491 -74.1545 2.06294 0.243261 -35.086 -74.267 2.0652
-35.1491 -74.1545 2.06294 0.243261 -35.086 -74.267 2.0652
-35.137 -74.2052 2.06511 0.159761 -35.086 -74.267 2.0652
