271.862 21.8834 5.54476 0.0748571 272.05 21.82 5.5414
272.015 21.782 5.54656 0.135865 272.05 21.82 5.5414
272.089 21.8012 5.53602 0.139811 272.05 21.82 5.5414
272.015 21.782 5.54656 0.135865 272.05 21.82 5.5414
271.893 21.5606 5.53641 0.0174291 272.05 21.82 5.5414
272.015 21.782 5.54656 0.135865 272.05 21.82 5.5414
272.015 21.782 5.54656 0.135865 272.05 21.82 5.5414
272.089 21.8012 5.53602 0.139811 272.05 21.82 5.5414
272.089 21.8012 5.53602 0.139811 272.05 21.82 5.5414
271.904 21.8269 5.54913 0.0603787 272.05 21.82 5.5414
272.033 21.7667 5.53533 0.15934 272.05 21.82 5.5414
272.033 21.7667 5.53533 0.15934 272.05 21.82 5.5414
272.039 21.6008 5.54449 0.0377515 272.05 21.82 5.5414
271.854 21.5787 5.53792 0.017053 272.05 21.82 5.5414
272.033 21.7667 5.53533 0.15934 272.05 21.82 5.5414
272.039 21.6008 5.54449 0.0377515 272.05 21.82 5.5414
271.904 21.8269 5.54913 0.0603787 272.05 21.82 5.5414
272.136 21.5627 5.54794 0.00204126 272.05 21.82 5.5414
271.897 21.7852 5.54128 0.176724 272.05 21.82 5.5414
272.089 21.8012 5.53602 0.139811 272.05 21.82 5.5414
272.09 21.8968 5.53924 0.0998376 272.05 21.82 5.5414
272.015 21.782 5.54656 0.135865 272.05 21.82 5.5414
271.862 21.8834 5.54476 0.0748571 272.05 21.82 5.5414
272.09 21.8968 5.53924 0.0998376 272.05 21.82 5.5414
271.862 21.8834 5.54476 0.0748571 272.05 21.82 5.5414
271.897 21.7852 5.54128 0.176724 272.05 21.82 5.5414
272.105 22.0238 5.53834 0.00884965 272.05 21.82 5.5414
271.897 21.7852 5.54128 0.176724 272.05 21.82 5.5414
271.904 21.8269 5.54913 0.0603787 272.05 21.82 5.5414
271.897 21.7852 5.54128 0.176724 272.05 21.82 5.5414
271.764 21.7227 5.54535 0.017758 272.05 21.82 5.5414
272.09 21.8968 5.53924 0.0998376 272.05 21.82 5.5414
272.039 21.6008 5.54449 0.0377515 272.05 21.82 5.5414
271.897 21.7852 5.54128 0.176724 272.05 21.82 5.5414
272.089 21.8012 5.53602 0.139811 272.05 21.82 5.5414
272.089 21.8012 5.53602 0.139811 272.05 21.82 5.5414
272.033 21.7667 5.53533 0.15934 272.05 21.82 5.5414
271.862 21.8834 5.54476 0.0748571 272.05 21.82 5.5414
271.851 21.9241 5.53666 0.0155842 272.05 21.82 5.5414
271.764 21.7227 5.54535 0.017758 272.05 21.82 5.5414
271.897 21.7852 5.54128 0.176724 272.05 21.82 5.5414
272.089 21.8012 5.53602 0.139811 272.05 21.82 5.5414
272.033 21.7667 5.53533 0.15934 272.05 21.82 5.5414
272.015 21.782 5.54656 0.135865 272.05 21.82 5.5414
272.089 21.8012 5.53602 0.139811 272.05 21.82 5.5414
272.089 21.8012 5.53602 0.139811 272.05 21.82 5.5414
272.09 21.8968 5.53924 0.0998376 272.05 21.82 5.5414
272.015 21.782 5.54656 0.135865 272.05 21.82 5.5414
272.089 21.8012 5.53602 0.139811 272.05 21.82 5.5414
271.893 21.5606 5.53641 0.0174291 272.05 21.82 5.5414
272.122 21.9688 5.54296 0.0282417 272.05 21.82 5.5414
271.862 21.8834 5.54476 0.0748571 272.05 21.82 5.5414
271.904 21.8269 5.54913 0.0603787 272.05 21.82 5.5414
272.09 21.8968 5.53924 0.0998376 272.05 21.82 5.5414
271.862 21.8834 5.54476 0.0748571 272.05 21.82 5.5414
271.764 21.7227 5.54535 0.017758 272.05 21.82 5.5414
271.897 21.7852 5.54128 0.176724 272.05 21.82 5.5414
272.09 21.8968 5.53924 0.0998376 272.05 21.82 5.5414
271.897 21.7852 5.54128 0.176724 272.05 21.82 5.5414
272.033 21.7667 5.53533 0.15934 272.05 21.82 5.5414
271.862 21.8834 5.54476 0.0748571 272.05 21.82 5.5414
272.09 21.8968 5.53924 0.0998376 272.05 21.82 5.5414
272.065 21.9774 5.53782 0.0275583 272.05 21.82 5.5414
271.904 21.8269 5.54913 0.0603787 272.05 21.82 5.5414
271.876 21.9978 5.54622 0.0179474 272.05 21.82 5.5414
272.089 21.8012 5.53602 0.139811 272.05 21.82 5.5414
272.015 21.782 5.54656 0.135865 272.05 21.82 5.5414
271.897 21.7852 5.54128 0.176724 272.05 21.82 5.5414
272.105 22.0238 5.53834 0.00884965 272.05 21.82 5.5414
271.897 21.7852 5.54128 0.176724 272.05 21.82 5.5414
271.84 21.9892 5.54784 0.0117378 272.05 21.82 5.5414
271.897 21.7852 5.54128 0.176724 272.05 21.82 5.5414
272.09 21.8968 5.53924 0.0998376 272.05 21.82 5.5414
271.897 21.7852 5.54128 0.176724 272.05 21.82 5.5414
272.039 21.6008 5.54449 0.0377515 272.05 21.82 5.5414
272.089 21.8012 5.53602 0.139811 272.05 21.82 5.5414
272.015 21.782 5.54656 0.135865 272.05 21.82 5.5414
271.904 21.8269 5.54913 0.0603787 272.05 21.82 5.5414
272.033 21.7667 5.53533 0.15934 272.05 21.82 5.5414
272.065 21.9774 5.53782 0.0275583 272.05 21.82 5.5414
272.015 21.782 5.54656 0.135865 272.05 21.82 5.5414
272.033 21.7667 5.53533 0.15934 272.05 21.82 5.5414
271.897 21.7852 5.54128 0.176724 272.05 21.82 5.5414
271.897 21.7852 5.54128 0.176724 272.05 21.82 5.5414
272.015 21.782 5.54656 0.135865 272.05 21.82 5.5414
271.897 21.7852 5.54128 0.176724 272.05 21.82 5.5414
271.854 21.5787 5.53792 0.017053 272.05 21.82 5.5414
272.065 21.9774 5.53782 0.0275583 272.05 21.82 5.5414
271.904 21.8269 5.54913 0.0603787 272.05 21.82 5.5414
272.015 21.782 5.54656 0.135865 272.05 21.82 5.5414
271.862 21.8834 5.54476 0.0748571 272.05 21.82 5.5414
271.854 21.5787 5.53792 0.017053 272.05 21.82 5.5414
272.039 21.6008 5.54449 0.0377515 272.05 21.82 5.5414
272.089 21.8012 5.53602 0.139811 272.05 21.82 5.5414
272.039 21.6008 5.54449 0.0377515 272.05 21.82 5.5414
272.209 22.022 5.54086 0.00299514 272.05 21.82 5.5414
271.897 21.7852 5.54128 0.176724 272.05 21.82 5.5414
271.862 21.8834 5.54476 0.0748571 272.05 21.82 5.5414
271.897 21.7852 5.54128 0.176724 272.05 21.82 5.5414
271.897 21.7852 5.54128 0.176724 272.05 21.82 5.5414
271.897 21.7852 5.54128 0.176724 272.05 21.82 5.5414
271.862 21.8834 5.54476 0.0748571 272.05 21.82 5.5414
271.84 21.9892 5.54784 0.0117378 272.05 21.82 5.5414
271.862 21.8834 5.54476 0.0748571 272.05 21.82 5.5414
272.039 21.6008 5.54449 0.0377515 272.05 21.82 5.5414
271.862 21.8834 5.54476 0.0748571 272.05 21.82 5.5414
272.015 21.782 5.54656 0.135865 272.05 21.82 5.5414
271.897 21.7852 5.54128 0.176724 272.05 21.82 5.5414
272.089 21.8012 5.53602 0.139811 272.05 21.82 5.5414
271.851 21.9241 5.53666 0.0155842 272.05 21.82 5.5414
272.015 21.782 5.54656 0.135865 272.05 21.82 5.5414
272.209 22.022 5.54086 0.00299514 272.05 21.82 5.5414
271.862 21.8834 5.54476 0.0748571 272.05 21.82 5.5414
271.897 21.7852 5.54128 0.176724 272.05 21.82 5.5414
272.033 21.7667 5.53533 0.15934 272.05 21.82 5.5414
272.033 21.7667 5.53533 0.15934 272.05 21.82 5.5414
272.089 21.8012 5.53602 0.139811 272.05 21.82 5.5414
272.033 21.7667 5.53533 0.15934 272.05 21.82 5.5414
271.897 21.7852 5.54128 0.176724 272.05 21.82 5.5414
271.904 21.8269 5.54913 0.0603787 272.05 21.82 5.5414
271.904 21.8269 5.54913 0.0603787 272.05 21.82 5.5414
272.09 21.8968 5.53924 0.0998376 272.05 21.82 5.5414
271.897 21.7852 5.54128 0.176724 272.05 21.82 5.5414
272.033 21.7667 5.53533 0.15934 272.05 21.82 5.5414
272.033 21.7667 5.53533 0.15934 272.05 21.82 5.5414
272.015 21.782 5.54656 0.135865 272.05 21.82 5.5414
272.089 21.8012 5.53602 0.139811 272.05 21.82 5.5414
271.904 21.8269 5.54913 0.0603787 272.05 21.82 5.5414
272.01 22.0534 5.55142 0.0025814 272.05 21.82 5.5414
272.105 22.0238 5.53834 0.00884965 272.05 21.82 5.5414
272.089 21.8012 5.53602 0.139811 272.05 21.82 5.5414
271.897 21.7852 5.54128 0.176724 272.05 21.82 5.5414
271.897 21.7852 5.54128 0.176724 272.05 21.82 5.5414
271.854 21.5787 5.53792 0.017053 272.05 21.82 5.5414
272.09 21.8968 5.53924 0.0998376 272.05 21.82 5.5414
272.015 21.782 5.54656 0.135865 272.05 21.82 5.5414
271.897 21.7852 5.54128 0.176724 272.05 21.82 5.5414
272.089 21.8012 5.53602 0.139811 272.05 21.82 5.5414
271.897 21.7852 5.54128 0.176724 272.05 21.82 5.5414
271.897 21.7852 5.54128 0.176724 272.05 21.82 5.5414
272.065 21.9774 5.53782 0.0275583 272.05 21.82 5.5414
271.897 21.7852 5.54128 0.176724 272.05 21.82 5.5414
272.033 21.7667 5.53533 0.15934 272.05 21.82 5.5414
272.089 21.8012 5.53602 0.139811 272.05 21.82 5.5414
272.089 21.8012 5.53602 0.139811 272.05 21.82 5.5414
271.897 21.7852 5.54128 0.176724 272.05 21.82 5.5414
272.033 21.7667 5.53533 0.15934 272.05 21.82 5.5414
272.015 21.782 5.54656 0.135865 272.05 21.82 5.5414
272.089 21.8012 5.53602 0.139811 272.05 21.82 5.5414
271.851 21.9241 5.53666 0.0155842 272.05 21.82 5.5414
271.904 21.8269 5.54913 0.0603787 272.05 21.82 5.5414
271.897 21.7852 5.54128 0.176724 272.05 21.82 5.5414
272.174 21.5178 5.54238 0.00300082 272.05 21.82 5.5414
272.09 21.8968 5.53924 0.0998376 272.05 21.82 5.5414
272.015 21.782 5.54656 0.135865 272.05 21.82 5.5414
271.851 21.9241 5.53666 0.0155842 272.05 21.82 5.5414
272.039 21.6008 5.54449 0.0377515 272.05 21.82 5.5414
272.033 21.7667 5.53533 0.15934 272.05 21.82 5.5414
271.897 21.7852 5.54128 0.176724 272.05 21.82 5.5414
271.851 21.9241 5.53666 0.0155842 272.05 21.82 5.5414
272.219 21.7555 5.53392 0.0255738 272.05 21.82 5.5414
271.854 21.5787 5.53792 0.017053 272.05 21.82 5.5414
271.897 21.7852 5.54128 0.176724 272.05 21.82 5.5414
271.904 21.8269 5.54913 0.0603787 272.05 21.82 5.5414
272.015 21.782 5.54656 0.135865 272.05 21.82 5.5414
272.09 21.8968 5.53924 0.0998376 272.05 21.82 5.5414
271.859 22.014 5.54544 0.0117489 272.05 21.82 5.5414
272.015 21.782 5.54656 0.135865 272.05 21.82 5.5414
272.015 21.782 5.54656 0.135865 272.05 21.82 5.5414
272.09 21.8968 5.53924 0.0998376 272.05 21.82 5.5414
272.089 21.8012 5.53602 0.139811 272.05 21.82 5.5414
272.09 21.8968 5.53924 0.0998376 272.05 21.82 5.5414
272.219 21.7555 5.53392 0.0255738 272.05 21.82 5.5414
271.893 21.5606 5.53641 0.0174291 272.05 21.82 5.5414
272.09 21.8968 5.53924 0.0998376 272.05 21.82 5.5414
272.09 21.8968 5.53924 0.0998376 272.05 21.82 5.5414
272.015 21.782 5.54656 0.135865 272.05 21.82 5.5414
271.862 21.8834 5.54476 0.0748571 272.05 21.82 5.5414
272.033 21.7667 5.53533 0.15934 272.05 21.82 5.5414
272.09 21.8968 5.53924 0.0998376 272.05 21.82 5.5414
272.039 21.6008 5.54449 0.0377515 272.05 21.82 5.5414
271.897 21.7852 5.54128 0.176724 272.05 21.82 5.5414
271.897 21.7852 5.54128 0.176724 272.05 21.82 5.5414
272.033 21.7667 5.53533 0.15934 272.05 21.82 5.5414
272.176 22.0446 5.54284 0.00305286 272.05 21.82 5.5414
272.089 21.8012 5.53602 0.139811 272.05 21.82 5.5414
272.033 21.7667 5.53533 0.15934 272.05 21.82 5.5414
272.089 21.8012 5.53602 0.139811 272.05 21.82 5.5414
272.033 21.7667 5.53533 0.15934 272.05 21.82 5.5414
271.904 21.8269 5.54913 0.0603787 272.05 21.82 5.5414
272.219 21.7555 5.53392 0.0255738 272.05 21.82 5.5414
271.893 21.5606 5.53641 0.0174291 272.05 21.82 5.5414
272.033 21.7667 5.53533 0.15934 272.05 21.82 5.5414
272.122 21.9688 5.54296 0.0282417 272.05 21.82 5.5414
272.089 21.8012 5.53602 0.139811 272.05 21.82 5.5414
272.122 21.9688 5.54296 0.0282417 272.05 21.82 5.5414
272.015 21.782 5.54656 0.135865 272.05 21.82 5.5414
271.893 21.5606 5.53641 0.0174291 272.05 21.82 5.5414
271.783 21.7102 5.53625 0.0131907 272.05 21.82 5.5414
271.904 21.8269 5.54913 0.0603787 272.05 21.82 5.5414
