-5.65824 -95.201 3.00786 0.877264 -5.5015 -95.264 3.0085
-5.4912 -95.1302 3.017 0.173989 -5.5015 -95.264 3.0085
-5.79873 -95.1196 3.01164 0.161875 -5.5015 -95.264 3.0085
-5.65824 -95.201 3.00786 0.877264 -5.5015 -95.264 3.0085
-5.65679 -95.0923 3.0079 0.766342 -5.5015 -95.264 3.0085
-5.52377 -95.2899 3.01098 0.436233 -5.5015 -95.264 3.0085
-5.49384 -95.3384 3.0033 0.0858997 -5.5015 -95.264 3.0085
-5.79873 -95.1196 3.01164 0.161875 -5.5015 -95.264 3.0085
-5.65824 -95.201 3.00786 0.877264 -5.5015 -95.264 3.0085
-5.47774 -95.0668 3.00835 0.415664 -5.5015 -95.264 3.0085
-5.6041 -94.8649 3.006 0.043547 -5.5015 -95.264 3.0085
-5.65824 -95.201 3.00786 0.877264 -5.5015 -95.264 3.0085
-5.84393 -95.1509 2.99906 0.0718845 -5.5015 -95.264 3.0085
-5.68433 -95.4108 3.0039 0.157272 -5.5015 -95.264 3.0085
-5.52312 -95.2078 3.00138 0.0765477 -5.5015 -95.264 3.0085
-5.47774 -95.0668 3.00835 0.415664 -5.5015 -95.264 3.0085
-5.70631 -95.0033 3.00945 0.349651 -5.5015 -95.264 3.0085
-5.65679 -95.0923 3.0079 0.766342 -5.5015 -95.264 3.0085
-5.72364 -94.979 3.01248 0.147062 -5.5015 -95.264 3.0085
-5.65038 -95.0325 3.01164 0.447238 -5.5015 -95.264 3.0085
-5.79873 -95.1196 3.01164 0.161875 -5.5015 -95.264 3.0085
-5.4912 -95.1302 3.017 0.173989 -5.5015 -95.264 3.0085
-5.69144 -95.1368 3.00512 0.634484 -5.5015 -95.264 3.0085
-5.44465 -95.1042 3.00937 0.437535 -5.5015 -95.264 3.0085
-5.47774 -95.0668 3.00835 0.415664 -5.5015 -95.264 3.0085
-5.65824 -95.201 3.00786 0.877264 -5.5015 -95.264 3.0085
-5.47997 -95.2725 3.01223 0.359426 -5.5015 -95.264 3.0085
-5.65038 -95.0325 3.01164 0.447238 -5.5015 -95.264 3.0085
-5.69144 -95.1368 3.00512 0.634484 -5.5015 -95.264 3.0085
-5.74269 -95.023 3.01087 0.253878 -5.5015 -95.264 3.0085
-5.52377 -95.2899 3.01098 0.436233 -5.5015 -95.264 3.0085
-5.79873 -95.1196 3.01164 0.161875 -5.5015 -95.264 3.0085
-5.4186 -95.3141 3.01362 0.138638 -5.5015 -95.264 3.0085
-5.44465 -95.1042 3.00937 0.437535 -5.5015 -95.264 3.0085
-5.65824 -95.201 3.00786 0.877264 -5.5015 -95.264 3.0085
-5.65679 -95.0923 3.0079 0.766342 -5.5015 -95.264 3.0085
-5.68433 -95.4108 3.0039 0.157272 -5.5015 -95.264 3.0085
-5.44465 -95.1042 3.00937 0.437535 -5.5015 -95.264 3.0085
-5.65038 -95.0325 3.01164 0.447238 -5.5015 -95.264 3.0085
-5.65824 -95.201 3.00786 0.877264 -5.5015 -95.264 3.0085
-5.70422 -95.3352 3.00169 0.193113 -5.5015 -95.264 3.0085
-5.65038 -95.0325 3.01164 0.447238 -5.5015 -95.264 3.0085
-5.54867 -95.0919 3.00959 0.772034 -5.5015 -95.264 3.0085
-5.65679 -95.0923 3.0079 0.766342 -5.5015 -95.264 3.0085
-5.79873 -95.1196 3.01164 0.161875 -5.5015 -95.264 3.0085
-5.40999 -95.1473 3.01277 0.380097 -5.5015 -95.264 3.0085
-5.44465 -95.1042 3.00937 0.437535 -5.5015 -95.264 3.0085
-5.61281 -94.8713 3.01204 0.0916944 -5.5015 -95.264 3.0085
-5.69144 -95.1368 3.00512 0.634484 -5.5015 -95.264 3.0085
-5.47774 -95.0668 3.00835 0.415664 -5.5015 -95.264 3.0085
-5.69144 -95.1368 3.00512 0.634484 -5.5015 -95.264 3.0085
-5.69144 -95.1368 3.00512 0.634484 -5.5015 -95.264 3.0085
-5.4912 -95.1302 3.017 0.173989 -5.5015 -95.264 3.0085
-5.65776 -95.3878 3.00183 0.117101 -5.5015 -95.264 3.0085
-5.52377 -95.2899 3.01098 0.436233 -5.5015 -95.264 3.0085
-5.45132 -95.2475 3.01337 0.308112 -5.5015 -95.264 3.0085
-5.65824 -95.201 3.00786 0.877264 -5.5015 -95.264 3.0085
-5.84393 -95.1509 2.99906 0.0718845 -5.5015 -95.264 3.0085
-5.65679 -95.0923 3.0079 0.766342 -5.5015 -95.264 3.0085
-5.70631 -95.0033 3.00945 0.349651 -5.5015 -95.264 3.0085
-5.65679 -95.0923 3.0079 0.766342 -5.5015 -95.264 3.0085
-5.40999 -95.1473 3.01277 0.380097 -5.5015 -95.264 3.0085
-5.54867 -95.0919 3.00959 0.772034 -5.5015 -95.264 3.0085
-5.70631 -95.0033 3.00945 0.349651 -5.5015 -95.264 3.0085
-5.65679 -95.0923 3.0079 0.766342 -5.5015 -95.264 3.0085
-5.44465 -95.1042 3.00937 0.437535 -5.5015 -95.264 3.0085
-5.65679 -95.0923 3.0079 0.766342 -5.5015 -95.264 3.0085
-5.70631 -95.0033 3.00945 0.349651 -5.5015 -95.264 3.0085
-5.47774 -95.0668 3.00835 0.415664 -5.5015 -95.264 3.0085
-5.65679 -95.0923 3.0079 0.766342 -5.5015 -95.264 3.0085
-5.70631 -95.0033 3.00945 0.349651 -5.5015 -95.264 3.0085
-5.65679 -95.0923 3.0079 0.766342 -5.5015 -95.264 3.0085
-5.47997 -95.2725 3.01223 0.359426 -5.5015 -95.264 3.0085
-5.74269 -95.023 3.01087 0.253878 -5.5015 -95.264 3.0085
-5.7942 -94.9612 3.00902 0.116885 -5.5015 -95.264 3.0085
-5.4912 -95.1302 3.017 0.173989 -5.5015 -95.264 3.0085
-5.92758 -95.0752 3.00755 0.0611016 -5.5015 -95.264 3.0085
-5.23517 -95.1821 3.01348 0.0426056 -5.5015 -95.264 3.0085
-5.31416 -95.0677 3.01094 0.106587 -5.5015 -95.264 3.0085
-5.44465 -95.1042 3.00937 0.437535 -5.5015 -95.264 3.0085
-5.40448 -95.3771 3.01128 0.0832663 -5.5015 -95.264 3.0085
-5.44465 -95.1042 3.00937 0.437535 -5.5015 -95.264 3.0085
-5.65679 -95.0923 3.0079 0.766342 -5.5015 -95.264 3.0085
-5.72364 -94.979 3.01248 0.147062 -5.5015 -95.264 3.0085
-5.44465 -95.1042 3.00937 0.437535 -5.5015 -95.264 3.0085
-5.54867 -95.0919 3.00959 0.772034 -5.5015 -95.264 3.0085
-5.72364 -94.979 3.01248 0.147062 -5.5015 -95.264 3.0085
-5.44465 -95.1042 3.00937 0.437535 -5.5015 -95.264 3.0085
-5.52377 -95.2899 3.01098 0.436233 -5.5015 -95.264 3.0085
-5.81755 -95.1677 3.00185 0.227335 -5.5015 -95.264 3.0085
-5.67872 -95.0562 3.00346 0.266337 -5.5015 -95.264 3.0085
-5.54867 -95.0919 3.00959 0.772034 -5.5015 -95.264 3.0085
-5.69144 -95.1368 3.00512 0.634484 -5.5015 -95.264 3.0085
-5.67872 -95.0562 3.00346 0.266337 -5.5015 -95.264 3.0085
-5.54867 -95.0919 3.00959 0.772034 -5.5015 -95.264 3.0085
-5.65679 -95.0923 3.0079 0.766342 -5.5015 -95.264 3.0085
-5.79873 -95.1196 3.01164 0.161875 -5.5015 -95.264 3.0085
-5.70631 -95.0033 3.00945 0.349651 -5.5015 -95.264 3.0085
-5.47774 -95.0668 3.00835 0.415664 -5.5015 -95.264 3.0085
-5.54867 -95.0919 3.00959 0.772034 -5.5015 -95.264 3.0085
-5.52377 -95.2899 3.01098 0.436233 -5.5015 -95.264 3.0085
-5.70631 -95.0033 3.00945 0.349651 -5.5015 -95.264 3.0085
-5.45132 -95.2475 3.01337 0.308112 -5.5015 -95.264 3.0085
-5.74269 -95.023 3.01087 0.253878 -5.5015 -95.264 3.0085
-5.65038 -95.0325 3.01164 0.447238 -5.5015 -95.264 3.0085
-5.65679 -95.0923 3.0079 0.766342 -5.5015 -95.264 3.0085
-5.40999 -95.1473 3.01277 0.380097 -5.5015 -95.264 3.0085
-5.67872 -95.0562 3.00346 0.266337 -5.5015 -95.264 3.0085
-5.65824 -95.201 3.00786 0.877264 -5.5015 -95.264 3.0085
-5.54867 -95.0919 3.00959 0.772034 -5.5015 -95.264 3.0085
-5.47997 -95.2725 3.01223 0.359426 -5.5015 -95.264 3.0085
-5.45132 -95.2475 3.01337 0.308112 -5.5015 -95.264 3.0085
-5.65679 -95.0923 3.0079 0.766342 -5.5015 -95.264 3.0085
-5.67872 -95.0562 3.00346 0.266337 -5.5015 -95.264 3.0085
-5.69144 -95.1368 3.00512 0.634484 -5.5015 -95.264 3.0085
-5.74269 -95.023 3.01087 0.253878 -5.5015 -95.264 3.0085
-5.47774 -95.0668 3.00835 0.415664 -5.5015 -95.264 3.0085
-5.6041 -94.8649 3.006 0.043547 -5.5015 -95.264 3.0085
-5.65824 -95.201 3.00786 0.877264 -5.5015 -95.264 3.0085
-5.65679 -95.0923 3.0079 0.766342 -5.5015 -95.264 3.0085
-5.65679 -95.0923 3.0079 0.766342 -5.5015 -95.264 3.0085
-5.81755 -95.1677 3.00185 0.227335 -5.5015 -95.264 3.0085
-5.70631 -95.0033 3.00945 0.349651 -5.5015 -95.264 3.0085
-5.65824 -95.201 3.00786 0.877264 -5.5015 -95.264 3.0085
-5.52312 -95.2078 3.00138 0.0765477 -5.5015 -95.264 3.0085
-5.52377 -95.2899 3.01098 0.436233 -5.5015 -95.264 3.0085
-5.70631 -95.0033 3.00945 0.349651 -5.5015 -95.264 3.0085
-5.40448 -95.3771 3.01128 0.0832663 -5.5015 -95.264 3.0085
-5.61281 -94.8713 3.01204 0.0916944 -5.5015 -95.264 3.0085
-5.67872 -95.0562 3.00346 0.266337 -5.5015 -95.264 3.0085
-5.65679 -95.0923 3.0079 0.766342 -5.5015 -95.264 3.0085
-5.65824 -95.201 3.00786 0.877264 -5.5015 -95.264 3.0085
-5.45132 -95.2475 3.01337 0.308112 -5.5015 -95.264 3.0085
-5.47997 -95.2725 3.01223 0.359426 -5.5015 -95.264 3.0085
-5.81928 -94.9084 3.00934 0.0439643 -5.5015 -95.264 3.0085
-5.69144 -95.1368 3.00512 0.634484 -5.5015 -95.264 3.0085
-5.65038 -95.0325 3.01164 0.447238 -5.5015 -95.264 3.0085
-5.4186 -95.3141 3.01362 0.138638 -5.5015 -95.264 3.0085
-5.65824 -95.201 3.00786 0.877264 -5.5015 -95.264 3.0085
-5.67872 -95.0562 3.00346 0.266337 -5.5015 -95.264 3.0085
-5.70631 -95.0033 3.00945 0.349651 -5.5015 -95.264 3.0085
-5.65824 -95.201 3.00786 0.877264 -5.5015 -95.264 3.0085
-5.65824 -95.201 3.00786 0.877264 -5.5015 -95.264 3.0085
-5.70631 -95.0033 3.00945 0.349651 -5.5015 -95.264 3.0085
-5.40999 -95.1473 3.01277 0.380097 -5.5015 -95.264 3.0085
-5.65824 -95.201 3.00786 0.877264 -5.5015 -95.264 3.0085
-5.65824 -95.201 3.00786 0.877264 -5.5015 -95.264 3.0085
-5.4186 -95.3141 3.01362 0.138638 -5.5015 -95.264 3.0085
-5.65679 -95.0923 3.0079 0.766342 -5.5015 -95.264 3.0085
-5.70631 -95.0033 3.00945 0.349651 -5.5015 -95.264 3.0085
-5.4912 -95.1302 3.017 0.173989 -5.5015 -95.264 3.0085
-5.70422 -95.3352 3.00169 0.193113 -5.5015 -95.264 3.0085
-5.54867 -95.0919 3.00959 0.772034 -5.5015 -95.264 3.0085
-5.69144 -95.1368 3.00512 0.634484 -5.5015 -95.264 3.0085
-5.70631 -95.0033 3.00945 0.349651 -5.5015 -95.264 3.0085
-5.68433 -95.4108 3.0039 0.157272 -5.5015 -95.264 3.0085
-5.69144 -95.1368 3.00512 0.634484 -5.5015 -95.264 3.0085
-5.65824 -95.201 3.00786 0.877264 -5.5015 -95.264 3.0085
-5.68433 -95.4108 3.0039 0.157272 -5.5015 -95.264 3.0085
-5.45132 -95.2475 3.01337 0.308112 -5.5015 -95.264 3.0085
-5.52377 -95.2899 3.01098 0.436233 -5.5015 -95.264 3.0085
-5.79873 -95.1196 3.01164 0.161875 -5.5015 -95.264 3.0085
-5.47774 -95.0668 3.00835 0.415664 -5.5015 -95.264 3.0085
-5.40999 -95.1473 3.01277 0.380097 -5.5015 -95.264 3.0085
-5.26247 -95.4176 3.01179 0.00741397 -5.5015 -95.264 3.0085
-5.54867 -95.0919 3.00959 0.772034 -5.5015 -95.264 3.0085
-5.74269 -95.023 3.01087 0.253878 -5.5015 -95.264 3.0085
-5.74269 -95.023 3.01087 0.253878 -5.5015 -95.264 3.0085
-5.65824 -95.201 3.00786 0.877264 -5.5015 -95.264 3.0085
-5.65824 -95.201 3.00786 0.877264 -5.5015 -95.264 3.0085
-5.65824 -95.201 3.00786 0.877264 -5.5015 -95.264 3.0085
-5.52377 -95.2899 3.01098 0.436233 -5.5015 -95.264 3.0085
-5.40448 -95.3771 3.01128 0.0832663 -5.5015 -95.264 3.0085
-5.52377 -95.2899 3.01098 0.436233 -5.5015 -95.264 3.0085
-5.72364 -94.979 3.01248 0.147062 -5.5015 -95.264 3.0085
-5.45132 -95.2475 3.01337 0.308112 -5.5015 -95.264 3.0085
-5.65824 -95.201 3.00786 0.877264 -5.5015 -95.264 3.0085
-5.54867 -95.0919 3.00959 0.772034 -5.5015 -95.264 3.0085
-5.65679 -95.0923 3.0079 0.766342 -5.5015 -95.264 3.0085
-5.47997 -95.2725 3.01223 0.359426 -5.5015 -95.264 3.0085
-5.7942 -94.9612 3.00902 0.116885 -5.5015 -95.264 3.0085
-5.81755 -95.1677 3.00185 0.227335 -5.5015 -95.264 3.0085
-5.65679 -95.0923 3.0079 0.766342 -5.5015 -95.264 3.0085
-5.54867 -95.0919 3.00959 0.772034 -5.5015 -95.264 3.0085
-5.47997 -95.2725 3.01223 0.359426 -5.5015 -95.264 3.0085
-5.44465 -95.1042 3.00937 0.437535 -5.5015 -95.264 3.0085
-5.65776 -95.3878 3.00183 0.117101 -5.5015 -95.264 3.0085
-5.40999 -95.1473 3.01277 0.380097 -5.5015 -95.264 3.0085
-5.65824 -95.201 3.00786 0.877264 -5.5015 -95.264 3.0085
-5.47997 -95.2725 3.01223 0.359426 -5.5015 -95.264 3.0085
-5.70631 -95.0033 3.00945 0.349651 -5.5015 -95.264 3.0085
-5.52377 -95.2899 3.01098 0.436233 -5.5015 -95.264 3.0085
-5.84393 -95.1509 2.99906 0.0718845 -5.5015 -95.264 3.0085
-5.40999 -95.1473 3.01277 0.380097 -5.5015 -95.264 3.0085
-5.69144 -95.1368 3.00512 0.634484 -5.5015 -95.264 3.0085
-5.65679 -95.0923 3.0079 0.766342 -5.5015 -95.264 3.0085
-5.65824 -95.201 3.00786 0.877264 -5.5015 -95.264 3.0085
-5.44465 -95.1042 3.00937 0.437535 -5.5015 -95.264 3.0085
-5.70631 -95.0033 3.00945 0.349651 -5.5015 -95.264 3.0085
-5.47997 -95.2725 3.01223 0.359426 -5.5015 -95.264 3.0085
