56.1899 -54.2971 3.9089 1.10294 56.22 -54.376 3.8997
56.1665 -54.2633 3.90353 1.03846 56.22 -54.376 3.8997
56.1539 -54.2838 3.90478 1.60459 56.22 -54.376 3.8997
56.1899 -54.2971 3.9089 1.10294 56.22 -54.376 3.8997
56.0706 -54.2544 3.90288 0.89557 56.22 -54.376 3.8997
56.1539 -54.2838 3.90478 1.60459 56.22 -54.376 3.8997
56.0706 -54.2544 3.90288 0.89557 56.22 -54.376 3.8997
56.0706 -54.2544 3.90288 0.89557 56.22 -54.376 3.8997
56.1539 -54.2838 3.90478 1.60459 56.22 -54.376 3.8997
56.1356 -54.3531 3.90084 0.45332 56.22 -54.376 3.8997
56.1305 -54.11 3.90192 0.0643316 56.22 -54.376 3.8997
56.0706 -54.2544 3.90288 0.89557 56.22 -54.376 3.8997
56.0761 -54.3286 3.90658 1.30692 56.22 -54.376 3.8997
56.1665 -54.2633 3.90353 1.03846 56.22 -54.376 3.8997
56.0706 -54.2544 3.90288 0.89557 56.22 -54.376 3.8997
56.1899 -54.2971 3.9089 1.10294 56.22 -54.376 3.8997
56.0149 -54.4729 3.90229 0.170347 56.22 -54.376 3.8997
56.0778 -54.1855 3.91058 0.423693 56.22 -54.376 3.8997
56.2388 -54.2934 3.90378 0.592512 56.22 -54.376 3.8997
56.1899 -54.2971 3.9089 1.10294 56.22 -54.376 3.8997
56.0706 -54.2544 3.90288 0.89557 56.22 -54.376 3.8997
56.1899 -54.2971 3.9089 1.10294 56.22 -54.376 3.8997
56.0761 -54.3286 3.90658 1.30692 56.22 -54.376 3.8997
56.0706 -54.2544 3.90288 0.89557 56.22 -54.376 3.8997
56.1665 -54.2633 3.90353 1.03846 56.22 -54.376 3.8997
56.1324 -54.2023 3.90895 1.10745 56.22 -54.376 3.8997
56.0521 -54.26 3.90341 0.983302 56.22 -54.376 3.8997
56.078 -54.121 3.90521 0.329686 56.22 -54.376 3.8997
56.0521 -54.26 3.90341 0.983302 56.22 -54.376 3.8997
56.0521 -54.26 3.90341 0.983302 56.22 -54.376 3.8997
56.0706 -54.2544 3.90288 0.89557 56.22 -54.376 3.8997
56.1324 -54.2023 3.90895 1.10745 56.22 -54.376 3.8997
56.1539 -54.2838 3.90478 1.60459 56.22 -54.376 3.8997
55.9086 -54.3356 3.90475 0.129381 56.22 -54.376 3.8997
56.0761 -54.3286 3.90658 1.30692 56.22 -54.376 3.8997
55.887 -54.3566 3.90627 0.0467804 56.22 -54.376 3.8997
56.1665 -54.2633 3.90353 1.03846 56.22 -54.376 3.8997
56.1665 -54.2633 3.90353 1.03846 56.22 -54.376 3.8997
56.078 -54.121 3.90521 0.329686 56.22 -54.376 3.8997
56.2388 -54.2934 3.90378 0.592512 56.22 -54.376 3.8997
56.078 -54.121 3.90521 0.329686 56.22 -54.376 3.8997
56.0931 -54.1476 3.9069 0.682353 56.22 -54.376 3.8997
56.0521 -54.26 3.90341 0.983302 56.22 -54.376 3.8997
56.0778 -54.1855 3.91058 0.423693 56.22 -54.376 3.8997
56.0931 -54.1476 3.9069 0.682353 56.22 -54.376 3.8997
56.0761 -54.3286 3.90658 1.30692 56.22 -54.376 3.8997
56.0706 -54.2544 3.90288 0.89557 56.22 -54.376 3.8997
56.3143 -54.207 3.90273 0.0495183 56.22 -54.376 3.8997
56.0706 -54.2544 3.90288 0.89557 56.22 -54.376 3.8997
56.2525 -54.326 3.91006 0.402491 56.22 -54.376 3.8997
56.2388 -54.2934 3.90378 0.592512 56.22 -54.376 3.8997
56.1356 -54.3531 3.90084 0.45332 56.22 -54.376 3.8997
56.1899 -54.2971 3.9089 1.10294 56.22 -54.376 3.8997
56.2525 -54.326 3.91006 0.402491 56.22 -54.376 3.8997
56.1344 -54.4637 3.91007 0.0566439 56.22 -54.376 3.8997
56.0541 -54.0656 3.9121 0.040615 56.22 -54.376 3.8997
56.0778 -54.1855 3.91058 0.423693 56.22 -54.376 3.8997
56.1665 -54.2633 3.90353 1.03846 56.22 -54.376 3.8997
56.0521 -54.26 3.90341 0.983302 56.22 -54.376 3.8997
56.0541 -54.0656 3.9121 0.040615 56.22 -54.376 3.8997
56.0761 -54.3286 3.90658 1.30692 56.22 -54.376 3.8997
56.1539 -54.2838 3.90478 1.60459 56.22 -54.376 3.8997
56.1899 -54.2971 3.9089 1.10294 56.22 -54.376 3.8997
56.0778 -54.1855 3.91058 0.423693 56.22 -54.376 3.8997
56.1539 -54.2838 3.90478 1.60459 56.22 -54.376 3.8997
56.1899 -54.2971 3.9089 1.10294 56.22 -54.376 3.8997
56.0521 -54.26 3.90341 0.983302 56.22 -54.376 3.8997
56.0149 -54.4729 3.90229 0.170347 56.22 -54.376 3.8997
56.2381 -54.2405 3.90384 0.493711 56.22 -54.376 3.8997
56.0761 -54.3286 3.90658 1.30692 56.22 -54.376 3.8997
56.2388 -54.2934 3.90378 0.592512 56.22 -54.376 3.8997
56.0761 -54.3286 3.90658 1.30692 56.22 -54.376 3.8997
56.1539 -54.2838 3.90478 1.60459 56.22 -54.376 3.8997
56.2381 -54.2405 3.90384 0.493711 56.22 -54.376 3.8997
56.1324 -54.2023 3.90895 1.10745 56.22 -54.376 3.8997
56.2388 -54.2934 3.90378 0.592512 56.22 -54.376 3.8997
56.1539 -54.2838 3.90478 1.60459 56.22 -54.376 3.8997
56.1539 -54.2838 3.90478 1.60459 56.22 -54.376 3.8997
56.1665 -54.2633 3.90353 1.03846 56.22 -54.376 3.8997
56.1539 -54.2838 3.90478 1.60459 56.22 -54.376 3.8997
56.0706 -54.2544 3.90288 0.89557 56.22 -54.376 3.8997
56.0761 -54.3286 3.90658 1.30692 56.22 -54.376 3.8997
56.0706 -54.2544 3.90288 0.89557 56.22 -54.376 3.8997
56.2525 -54.326 3.91006 0.402491 56.22 -54.376 3.8997
56.2388 -54.2934 3.90378 0.592512 56.22 -54.376 3.8997
56.0637 -54.4881 3.90142 0.15452 56.22 -54.376 3.8997
56.0931 -54.1476 3.9069 0.682353 56.22 -54.376 3.8997
56.1194 -54.4659 3.90588 0.287663 56.22 -54.376 3.8997
56.1665 -54.2633 3.90353 1.03846 56.22 -54.376 3.8997
56.1324 -54.2023 3.90895 1.10745 56.22 -54.376 3.8997
56.1899 -54.2971 3.9089 1.10294 56.22 -54.376 3.8997
56.0706 -54.2544 3.90288 0.89557 56.22 -54.376 3.8997
56.0761 -54.3286 3.90658 1.30692 56.22 -54.376 3.8997
56.1324 -54.2023 3.90895 1.10745 56.22 -54.376 3.8997
56.0149 -54.4729 3.90229 0.170347 56.22 -54.376 3.8997
56.0761 -54.3286 3.90658 1.30692 56.22 -54.376 3.8997
56.1899 -54.2971 3.9089 1.10294 56.22 -54.376 3.8997
56.0706 -54.2544 3.90288 0.89557 56.22 -54.376 3.8997
56.0366 -54.5916 3.90083 0.0109934 56.22 -54.376 3.8997
56.1356 -54.3531 3.90084 0.45332 56.22 -54.376 3.8997
55.9936 -54.3665 3.89999 0.213036 56.22 -54.376 3.8997
56.0761 -54.3286 3.90658 1.30692 56.22 -54.376 3.8997
56.0761 -54.3286 3.90658 1.30692 56.22 -54.376 3.8997
56.0761 -54.3286 3.90658 1.30692 56.22 -54.376 3.8997
56.0778 -54.1855 3.91058 0.423693 56.22 -54.376 3.8997
56.1539 -54.2838 3.90478 1.60459 56.22 -54.376 3.8997
56.1324 -54.2023 3.90895 1.10745 56.22 -54.376 3.8997
56.1539 -54.2838 3.90478 1.60459 56.22 -54.376 3.8997
56.0931 -54.1476 3.9069 0.682353 56.22 -54.376 3.8997
56.1539 -54.2838 3.90478 1.60459 56.22 -54.376 3.8997
56.0761 -54.3286 3.90658 1.30692 56.22 -54.376 3.8997
56.0706 -54.2544 3.90288 0.89557 56.22 -54.376 3.8997
56.0761 -54.3286 3.90658 1.30692 56.22 -54.376 3.8997
56.3425 -54.3767 3.90406 0.0623279 56.22 -54.376 3.8997
56.0931 -54.1476 3.9069 0.682353 56.22 -54.376 3.8997
56.1194 -54.4659 3.90588 0.287663 56.22 -54.376 3.8997
56.1899 -54.2971 3.9089 1.10294 56.22 -54.376 3.8997
56.1373 -54.0196 3.90624 0.0440641 56.22 -54.376 3.8997
56.0521 -54.26 3.90341 0.983302 56.22 -54.376 3.8997
56.0778 -54.1855 3.91058 0.423693 56.22 -54.376 3.8997
56.0761 -54.3286 3.90658 1.30692 56.22 -54.376 3.8997
56.1324 -54.2023 3.90895 1.10745 56.22 -54.376 3.8997
56.1899 -54.2971 3.9089 1.10294 56.22 -54.376 3.8997
56.1665 -54.2633 3.90353 1.03846 56.22 -54.376 3.8997
56.0706 -54.2544 3.90288 0.89557 56.22 -54.376 3.8997
56.1194 -54.4659 3.90588 0.287663 56.22 -54.376 3.8997
56.3313 -54.135 3.91161 0.0801414 56.22 -54.376 3.8997
56.1899 -54.2971 3.9089 1.10294 56.22 -54.376 3.8997
56.0706 -54.2544 3.90288 0.89557 56.22 -54.376 3.8997
56.1899 -54.2971 3.9089 1.10294 56.22 -54.376 3.8997
56.0761 -54.3286 3.90658 1.30692 56.22 -54.376 3.8997
56.1426 -54.382 3.89811 0.0710178 56.22 -54.376 3.8997
56.0706 -54.2544 3.90288 0.89557 56.22 -54.376 3.8997
56.0931 -54.1476 3.9069 0.682353 56.22 -54.376 3.8997
56.078 -54.121 3.90521 0.329686 56.22 -54.376 3.8997
56.1899 -54.2971 3.9089 1.10294 56.22 -54.376 3.8997
56.1539 -54.2838 3.90478 1.60459 56.22 -54.376 3.8997
56.2525 -54.326 3.91006 0.402491 56.22 -54.376 3.8997
56.1539 -54.2838 3.90478 1.60459 56.22 -54.376 3.8997
56.078 -54.121 3.90521 0.329686 56.22 -54.376 3.8997
56.0706 -54.2544 3.90288 0.89557 56.22 -54.376 3.8997
56.1539 -54.2838 3.90478 1.60459 56.22 -54.376 3.8997
56.0761 -54.3286 3.90658 1.30692 56.22 -54.376 3.8997
56.1665 -54.2633 3.90353 1.03846 56.22 -54.376 3.8997
56.0778 -54.1855 3.91058 0.423693 56.22 -54.376 3.8997
56.0761 -54.3286 3.90658 1.30692 56.22 -54.376 3.8997
56.1899 -54.2971 3.9089 1.10294 56.22 -54.376 3.8997
56.0761 -54.3286 3.90658 1.30692 56.22 -54.376 3.8997
56.1356 -54.3531 3.90084 0.45332 56.22 -54.376 3.8997
56.1665 -54.2633 3.90353 1.03846 56.22 -54.376 3.8997
56.0706 -54.2544 3.90288 0.89557 56.22 -54.376 3.8997
56.1356 -54.3531 3.90084 0.45332 56.22 -54.376 3.8997
56.1356 -54.3531 3.90084 0.45332 56.22 -54.376 3.8997
56.0706 -54.2544 3.90288 0.89557 56.22 -54.376 3.8997
56.1899 -54.2971 3.9089 1.10294 56.22 -54.376 3.8997
56.1899 -54.2971 3.9089 1.10294 56.22 -54.376 3.8997
56.0761 -54.3286 3.90658 1.30692 56.22 -54.376 3.8997
56.1539 -54.2838 3.90478 1.60459 56.22 -54.376 3.8997
56.078 -54.121 3.90521 0.329686 56.22 -54.376 3.8997
56.1324 -54.2023 3.90895 1.10745 56.22 -54.376 3.8997
56.078 -54.121 3.90521 0.329686 56.22 -54.376 3.8997
56.0761 -54.3286 3.90658 1.30692 56.22 -54.376 3.8997
56.2381 -54.2405 3.90384 0.493711 56.22 -54.376 3.8997
56.1539 -54.2838 3.90478 1.60459 56.22 -54.376 3.8997
56.3836 -54.1881 3.91264 0.0292203 56.22 -54.376 3.8997
56.2381 -54.2405 3.90384 0.493711 56.22 -54.376 3.8997
56.0931 -54.1476 3.9069 0.682353 56.22 -54.376 3.8997
56.1899 -54.2971 3.9089 1.10294 56.22 -54.376 3.8997
56.1665 -54.2633 3.90353 1.03846 56.22 -54.376 3.8997
56.2381 -54.2405 3.90384 0.493711 56.22 -54.376 3.8997
56.1194 -54.4659 3.90588 0.287663 56.22 -54.376 3.8997
56.1426 -54.382 3.89811 0.0710178 56.22 -54.376 3.8997
56.0149 -54.4729 3.90229 0.170347 56.22 -54.376 3.8997
56.1324 -54.2023 3.90895 1.10745 56.22 -54.376 3.8997
56.0778 -54.1855 3.91058 0.423693 56.22 -54.376 3.8997
56.1899 -54.2971 3.9089 1.10294 56.22 -54.376 3.8997
56.1539 -54.2838 3.90478 1.60459 56.22 -54.376 3.8997
56.1539 -54.2838 3.90478 1.60459 56.22 -54.376 3.8997
56.0521 -54.26 3.90341 0.983302 56.22 -54.376 3.8997
56.1539 -54.2838 3.90478 1.60459 56.22 -54.376 3.8997
56.0931 -54.1476 3.9069 0.682353 56.22 -54.376 3.8997
56.1899 -54.2971 3.9089 1.10294 56.22 -54.376 3.8997
56.1665 -54.2633 3.90353 1.03846 56.22 -54.376 3.8997
56.0521 -54.26 3.90341 0.983302 56.22 -54.376 3.8997
56.2388 -54.2934 3.90378 0.592512 56.22 -54.376 3.8997
56.0521 -54.26 3.90341 0.983302 56.22 -54.376 3.8997
56.0761 -54.3286 3.90658 1.30692 56.22 -54.376 3.8997
56.1899 -54.2971 3.9089 1.10294 56.22 -54.376 3.8997
56.3143 -54.207 3.90273 0.0495183 56.22 -54.376 3.8997
56.1324 -54.2023 3.90895 1.10745 56.22 -54.376 3.8997
56.0521 -54.26 3.90341 0.983302 56.22 -54.376 3.8997
56.1665 -54.2633 3.90353 1.03846 56.22 -54.376 3.8997
56.1539 -54.2838 3.90478 1.60459 56.22 -54.376 3.8997
56.1539 -54.2838 3.90478 1.60459 56.22 -54.376 3.8997
56.1539 -54.2838 3.90478 1.60459 56.22 -54.376 3.8997
56.0761 -54.3286 3.90658 1.30692 56.22 -54.376 3.8997
56.0706 -54.2544 3.90288 0.89557 56.22 -54.376 3.8997
56.0778 -54.1855 3.91058 0.423693 56.22 -54.376 3.8997
56.0761 -54.3286 3.90658 1.30692 56.22 -54.376 3.8997
56.1356 -54.3531 3.90084 0.45332 56.22 -54.376 3.8997
