189.365 -10.2827 3.15672 0.0347489 189.36 -9.9417 3.1692
189.529 -10.0529 3.16208 0.0284485 189.36 -9.9417 3.1692
189.543 -10.1424 3.16692 0.107838 189.36 -9.9417 3.1692
189.542 -10.0044 3.1675 0.0482636 189.36 -9.9417 3.1692
189.543 -10.1424 3.16692 0.107838 189.36 -9.9417 3.1692
189.543 -10.1424 3.16692 0.107838 189.36 -9.9417 3.1692
189.383 -10.0803 3.16014 0.115753 189.36 -9.9417 3.1692
189.543 -10.1424 3.16692 0.107838 189.36 -9.9417 3.1692
189.529 -10.0529 3.16208 0.0284485 189.36 -9.9417 3.1692
189.219 -9.94912 3.16477 0.0249135 189.36 -9.9417 3.1692
189.229 -10.2742 3.1602 0.230755 189.36 -9.9417 3.1692
189.593 -10.0044 3.16489 0.016311 189.36 -9.9417 3.1692
189.195 -10.1581 3.16125 0.254662 189.36 -9.9417 3.1692
189.542 -10.0044 3.1675 0.0482636 189.36 -9.9417 3.1692
189.229 -10.2742 3.1602 0.230755 189.36 -9.9417 3.1692
189.383 -10.0803 3.16014 0.115753 189.36 -9.9417 3.1692
189.178 -10.2051 3.16345 0.135679 189.36 -9.9417 3.1692
189.406 -10.1486 3.16939 0.0878905 189.36 -9.9417 3.1692
189.543 -10.1424 3.16692 0.107838 189.36 -9.9417 3.1692
189.445 -10.025 3.16372 0.105232 189.36 -9.9417 3.1692
189.529 -10.0529 3.16208 0.0284485 189.36 -9.9417 3.1692
189.533 -10.287 3.16477 0.0571499 189.36 -9.9417 3.1692
189.383 -10.0803 3.16014 0.115753 189.36 -9.9417 3.1692
189.195 -10.1581 3.16125 0.254662 189.36 -9.9417 3.1692
189.445 -10.025 3.16372 0.105232 189.36 -9.9417 3.1692
189.229 -10.2742 3.1602 0.230755 189.36 -9.9417 3.1692
189.164 -9.92944 3.16023 0.0165982 189.36 -9.9417 3.1692
189.593 -10.0044 3.16489 0.016311 189.36 -9.9417 3.1692
189.543 -10.1424 3.16692 0.107838 189.36 -9.9417 3.1692
189.383 -10.0803 3.16014 0.115753 189.36 -9.9417 3.1692
189.445 -10.025 3.16372 0.105232 189.36 -9.9417 3.1692
189.195 -10.1581 3.16125 0.254662 189.36 -9.9417 3.1692
189.383 -10.0803 3.16014 0.115753 189.36 -9.9417 3.1692
189.542 -10.0044 3.1675 0.0482636 189.36 -9.9417 3.1692
189.219 -9.94912 3.16477 0.0249135 189.36 -9.9417 3.1692
189.229 -10.2742 3.1602 0.230755 189.36 -9.9417 3.1692
189.543 -10.1424 3.16692 0.107838 189.36 -9.9417 3.1692
189.383 -10.0803 3.16014 0.115753 189.36 -9.9417 3.1692
189.229 -10.2742 3.1602 0.230755 189.36 -9.9417 3.1692
189.496 -10.2199 3.16967 0.0661479 189.36 -9.9417 3.1692
189.195 -10.1581 3.16125 0.254662 189.36 -9.9417 3.1692
189.229 -10.2742 3.1602 0.230755 189.36 -9.9417 3.1692
189.229 -10.2742 3.1602 0.230755 189.36 -9.9417 3.1692
189.622 -10.1191 3.16948 0.0368463 189.36 -9.9417 3.1692
189.195 -10.1581 3.16125 0.254662 189.36 -9.9417 3.1692
189.543 -10.1424 3.16692 0.107838 189.36 -9.9417 3.1692
189.383 -10.0803 3.16014 0.115753 189.36 -9.9417 3.1692
189.383 -10.0803 3.16014 0.115753 189.36 -9.9417 3.1692
189.195 -10.1581 3.16125 0.254662 189.36 -9.9417 3.1692
189.178 -10.2051 3.16345 0.135679 189.36 -9.9417 3.1692
189.195 -10.1581 3.16125 0.254662 189.36 -9.9417 3.1692
189.533 -10.287 3.16477 0.0571499 189.36 -9.9417 3.1692
189.229 -10.2742 3.1602 0.230755 189.36 -9.9417 3.1692
189.394 -9.85383 3.1664 0.00748338 189.36 -9.9417 3.1692
189.543 -10.1424 3.16692 0.107838 189.36 -9.9417 3.1692
189.406 -10.1486 3.16939 0.0878905 189.36 -9.9417 3.1692
189.195 -10.1581 3.16125 0.254662 189.36 -9.9417 3.1692
189.406 -10.1486 3.16939 0.0878905 189.36 -9.9417 3.1692
189.383 -10.0803 3.16014 0.115753 189.36 -9.9417 3.1692
189.774 -9.93936 3.17224 0.000669304 189.36 -9.9417 3.1692
189.219 -9.94912 3.16477 0.0249135 189.36 -9.9417 3.1692
189.229 -10.2742 3.1602 0.230755 189.36 -9.9417 3.1692
189.229 -10.2742 3.1602 0.230755 189.36 -9.9417 3.1692
189.172 -10.3727 3.16247 0.0378163 189.36 -9.9417 3.1692
189.219 -9.94912 3.16477 0.0249135 189.36 -9.9417 3.1692
189.383 -10.0803 3.16014 0.115753 189.36 -9.9417 3.1692
189.195 -10.1581 3.16125 0.254662 189.36 -9.9417 3.1692
189.622 -10.1191 3.16948 0.0368463 189.36 -9.9417 3.1692
189.383 -10.0803 3.16014 0.115753 189.36 -9.9417 3.1692
189.195 -10.1581 3.16125 0.254662 189.36 -9.9417 3.1692
189.383 -10.0803 3.16014 0.115753 189.36 -9.9417 3.1692
189.622 -10.1191 3.16948 0.0368463 189.36 -9.9417 3.1692
189.365 -10.2827 3.15672 0.0347489 189.36 -9.9417 3.1692
189.172 -10.3727 3.16247 0.0378163 189.36 -9.9417 3.1692
189.229 -10.2742 3.1602 0.230755 189.36 -9.9417 3.1692
189.416 -9.93033 3.17512 0.000451861 189.36 -9.9417 3.1692
189.229 -10.2742 3.1602 0.230755 189.36 -9.9417 3.1692
189.178 -10.2051 3.16345 0.135679 189.36 -9.9417 3.1692
189.622 -10.1191 3.16948 0.0368463 189.36 -9.9417 3.1692
189.445 -10.025 3.16372 0.105232 189.36 -9.9417 3.1692
189.542 -10.0044 3.1675 0.0482636 189.36 -9.9417 3.1692
189.162 -10.1533 3.16954 0.0025388 189.36 -9.9417 3.1692
189.229 -10.2742 3.1602 0.230755 189.36 -9.9417 3.1692
189.195 -10.1581 3.16125 0.254662 189.36 -9.9417 3.1692
189.543 -10.1424 3.16692 0.107838 189.36 -9.9417 3.1692
189.533 -10.287 3.16477 0.0571499 189.36 -9.9417 3.1692
189.543 -10.1424 3.16692 0.107838 189.36 -9.9417 3.1692
189.164 -9.92944 3.16023 0.0165982 189.36 -9.9417 3.1692
189.445 -10.025 3.16372 0.105232 189.36 -9.9417 3.1692
189.229 -10.2742 3.1602 0.230755 189.36 -9.9417 3.1692
189.178 -10.2051 3.16345 0.135679 189.36 -9.9417 3.1692
189.172 -10.3727 3.16247 0.0378163 189.36 -9.9417 3.1692
189.554 -9.89737 3.16914 0.00806807 189.36 -9.9417 3.1692
189.543 -10.1424 3.16692 0.107838 189.36 -9.9417 3.1692
189.445 -10.025 3.16372 0.105232 189.36 -9.9417 3.1692
189.383 -10.0803 3.16014 0.115753 189.36 -9.9417 3.1692
189.195 -10.1581 3.16125 0.254662 189.36 -9.9417 3.1692
189.692 -10.0514 3.17201 0.00790305 189.36 -9.9417 3.1692
189.178 -10.2051 3.16345 0.135679 189.36 -9.9417 3.1692
189.445 -10.025 3.16372 0.105232 189.36 -9.9417 3.1692
189.543 -10.1424 3.16692 0.107838 189.36 -9.9417 3.1692
189.383 -10.0803 3.16014 0.115753 189.36 -9.9417 3.1692
189.195 -10.1581 3.16125 0.254662 189.36 -9.9417 3.1692
189.229 -10.2742 3.1602 0.230755 189.36 -9.9417 3.1692
189.365 -10.2827 3.15672 0.0347489 189.36 -9.9417 3.1692
189.383 -10.0803 3.16014 0.115753 189.36 -9.9417 3.1692
189.394 -9.85383 3.1664 0.00748338 189.36 -9.9417 3.1692
189.383 -10.0803 3.16014 0.115753 189.36 -9.9417 3.1692
189.172 -10.3727 3.16247 0.0378163 189.36 -9.9417 3.1692
189.2 -9.91976 3.1561 0.00447102 189.36 -9.9417 3.1692
189.178 -10.2051 3.16345 0.135679 189.36 -9.9417 3.1692
189.543 -10.1424 3.16692 0.107838 189.36 -9.9417 3.1692
189.195 -10.1581 3.16125 0.254662 189.36 -9.9417 3.1692
189.394 -9.85383 3.1664 0.00748338 189.36 -9.9417 3.1692
189.406 -10.1486 3.16939 0.0878905 189.36 -9.9417 3.1692
189.482 -10.077 3.1729 0.0155027 189.36 -9.9417 3.1692
189.383 -10.0803 3.16014 0.115753 189.36 -9.9417 3.1692
189.285 -10.0127 3.17051 0.00750636 189.36 -9.9417 3.1692
189.533 -10.287 3.16477 0.0571499 189.36 -9.9417 3.1692
189.608 -10.1519 3.16164 0.0078046 189.36 -9.9417 3.1692
189.195 -10.1581 3.16125 0.254662 189.36 -9.9417 3.1692
189.229 -10.2742 3.1602 0.230755 189.36 -9.9417 3.1692
189.406 -10.1486 3.16939 0.0878905 189.36 -9.9417 3.1692
189.172 -10.3727 3.16247 0.0378163 189.36 -9.9417 3.1692
189.543 -10.1424 3.16692 0.107838 189.36 -9.9417 3.1692
189.654 -10.2785 3.16773 0.011789 189.36 -9.9417 3.1692
189.178 -10.2051 3.16345 0.135679 189.36 -9.9417 3.1692
189.496 -10.2199 3.16967 0.0661479 189.36 -9.9417 3.1692
189.172 -10.3727 3.16247 0.0378163 189.36 -9.9417 3.1692
189.383 -10.0803 3.16014 0.115753 189.36 -9.9417 3.1692
189.229 -10.2742 3.1602 0.230755 189.36 -9.9417 3.1692
189.496 -10.2199 3.16967 0.0661479 189.36 -9.9417 3.1692
189.178 -10.2051 3.16345 0.135679 189.36 -9.9417 3.1692
189.195 -10.1581 3.16125 0.254662 189.36 -9.9417 3.1692
189.195 -10.1581 3.16125 0.254662 189.36 -9.9417 3.1692
189.195 -10.1581 3.16125 0.254662 189.36 -9.9417 3.1692
189.195 -10.1581 3.16125 0.254662 189.36 -9.9417 3.1692
189.406 -10.1486 3.16939 0.0878905 189.36 -9.9417 3.1692
189.383 -10.0803 3.16014 0.115753 189.36 -9.9417 3.1692
189.543 -10.1424 3.16692 0.107838 189.36 -9.9417 3.1692
189.229 -10.2742 3.1602 0.230755 189.36 -9.9417 3.1692
189.406 -10.1486 3.16939 0.0878905 189.36 -9.9417 3.1692
189.533 -10.287 3.16477 0.0571499 189.36 -9.9417 3.1692
189.61 -10.1829 3.16907 0.0416218 189.36 -9.9417 3.1692
189.195 -10.1581 3.16125 0.254662 189.36 -9.9417 3.1692
189.61 -10.1829 3.16907 0.0416218 189.36 -9.9417 3.1692
189.529 -10.0529 3.16208 0.0284485 189.36 -9.9417 3.1692
189.195 -10.1581 3.16125 0.254662 189.36 -9.9417 3.1692
189.219 -9.94912 3.16477 0.0249135 189.36 -9.9417 3.1692
189.496 -10.2199 3.16967 0.0661479 189.36 -9.9417 3.1692
189.229 -10.2742 3.1602 0.230755 189.36 -9.9417 3.1692
189.229 -10.2742 3.1602 0.230755 189.36 -9.9417 3.1692
189.445 -10.025 3.16372 0.105232 189.36 -9.9417 3.1692
189.178 -10.2051 3.16345 0.135679 189.36 -9.9417 3.1692
189.406 -10.1486 3.16939 0.0878905 189.36 -9.9417 3.1692
189.543 -10.1424 3.16692 0.107838 189.36 -9.9417 3.1692
189.229 -10.2742 3.1602 0.230755 189.36 -9.9417 3.1692
189.543 -10.1424 3.16692 0.107838 189.36 -9.9417 3.1692
189.529 -10.0529 3.16208 0.0284485 189.36 -9.9417 3.1692
189.221 -10.1441 3.17078 0.00310318 189.36 -9.9417 3.1692
189.195 -10.1581 3.16125 0.254662 189.36 -9.9417 3.1692
189.406 -10.1486 3.16939 0.0878905 189.36 -9.9417 3.1692
189.229 -10.2742 3.1602 0.230755 189.36 -9.9417 3.1692
189.543 -10.1424 3.16692 0.107838 189.36 -9.9417 3.1692
189.543 -10.1424 3.16692 0.107838 189.36 -9.9417 3.1692
189.529 -10.0529 3.16208 0.0284485 189.36 -9.9417 3.1692
189.229 -10.2742 3.1602 0.230755 189.36 -9.9417 3.1692
189.195 -10.1581 3.16125 0.254662 189.36 -9.9417 3.1692
189.229 -10.2742 3.1602 0.230755 189.36 -9.9417 3.1692
189.229 -10.2742 3.1602 0.230755 189.36 -9.9417 3.1692
189.195 -10.1581 3.16125 0.254662 189.36 -9.9417 3.1692
189.229 -10.2742 3.1602 0.230755 189.36 -9.9417 3.1692
189.172 -10.3727 3.16247 0.0378163 189.36 -9.9417 3.1692
189.394 -9.85383 3.1664 0.00748338 189.36 -9.9417 3.1692
189.533 -10.287 3.16477 0.0571499 189.36 -9.9417 3.1692
189.248 -9.78851 3.16312 0.000968144 189.36 -9.9417 3.1692
189.533 -10.287 3.16477 0.0571499 189.36 -9.9417 3.1692
189.543 -10.1424 3.16692 0.107838 189.36 -9.9417 3.1692
189.229 -10.2742 3.1602 0.230755 189.36 -9.9417 3.1692
189.285 -10.0127 3.17051 0.00750636 189.36 -9.9417 3.1692
189.229 -10.2742 3.1602 0.230755 189.36 -9.9417 3.1692
189.406 -10.1486 3.16939 0.0878905 189.36 -9.9417 3.1692
189.195 -10.1581 3.16125 0.254662 189.36 -9.9417 3.1692
189.195 -10.1581 3.16125 0.254662 189.36 -9.9417 3.1692
189.383 -10.0803 3.16014 0.115753 189.36 -9.9417 3.1692
189.445 -10.025 3.16372 0.105232 189.36 -9.9417 3.1692
189.529 -10.0529 3.16208 0.0284485 189.36 -9.9417 3.1692
189.229 -10.2742 3.1602 0.230755 189.36 -9.9417 3.1692
189.622 -10.1191 3.16948 0.0368463 189.36 -9.9417 3.1692
189.593 -10.0044 3.16489 0.016311 189.36 -9.9417 3.1692
189.383 -10.0803 3.16014 0.115753 189.36 -9.9417 3.1692
189.445 -10.025 3.16372 0.105232 189.36 -9.9417 3.1692
189.221 -10.1441 3.17078 0.00310318 189.36 -9.9417 3.1692
189.178 -10.2051 3.16345 0.135679 189.36 -9.9417 3.1692
189.229 -10.2742 3.1602 0.230755 189.36 -9.9417 3.1692
189.229 -10.2742 3.1602 0.230755 189.36 -9.9417 3.1692
189.195 -10.1581 3.16125 0.254662 189.36 -9.9417 3.1692
189.608 -10.1519 3.16164 0.0078046 189.36 -9.9417 3.1692
189.496 -10.2199 3.16967 0.0661479 189.36 -9.9417 3.1692
189.445 -10.025 3.16372 0.105232 189.36 -9.9417 3.1692
