43.738 -67.9944 3.93873 0.62285 43.976 -67.927 3.9404
43.9206 -68.1623 3.93717 1.38482 43.976 -67.927 3.9404
43.9909 -67.8425 3.93535 0.171929 43.976 -67.927 3.9404
43.9206 -68.1623 3.93717 1.38482 43.976 -67.927 3.9404
43.7174 -67.9444 3.93483 0.696715 43.976 -67.927 3.9404
43.9319 -68.0294 3.93814 2.64168 43.976 -67.927 3.9404
43.7641 -68.2492 3.94295 0.0070152 43.976 -67.927 3.9404
43.791 -68.1087 3.93892 0.985502 43.976 -67.927 3.9404
43.9319 -68.0294 3.93814 2.64168 43.976 -67.927 3.9404
43.9873 -67.905 3.94178 0.437243 43.976 -67.927 3.9404
43.791 -68.1087 3.93892 0.985502 43.976 -67.927 3.9404
43.8891 -67.9648 3.93564 2.2688 43.976 -67.927 3.9404
43.791 -68.1087 3.93892 0.985502 43.976 -67.927 3.9404
43.9319 -68.0294 3.93814 2.64168 43.976 -67.927 3.9404
43.9319 -68.0294 3.93814 2.64168 43.976 -67.927 3.9404
43.8891 -67.9648 3.93564 2.2688 43.976 -67.927 3.9404
43.6064 -67.9475 3.93492 0.0836749 43.976 -67.927 3.9404
43.791 -68.1087 3.93892 0.985502 43.976 -67.927 3.9404
43.9909 -67.8425 3.93535 0.171929 43.976 -67.927 3.9404
43.8891 -67.9648 3.93564 2.2688 43.976 -67.927 3.9404
43.9206 -68.1623 3.93717 1.38482 43.976 -67.927 3.9404
43.7073 -68.0474 3.93744 0.623394 43.976 -67.927 3.9404
43.986 -68.0006 3.94159 0.93042 43.976 -67.927 3.9404
43.9206 -68.1623 3.93717 1.38482 43.976 -67.927 3.9404
44.0078 -68.0735 3.9451 0.126358 43.976 -67.927 3.9404
43.8891 -67.9648 3.93564 2.2688 43.976 -67.927 3.9404
43.9206 -68.1623 3.93717 1.38482 43.976 -67.927 3.9404
43.986 -68.0006 3.94159 0.93042 43.976 -67.927 3.9404
43.7188 -67.8194 3.93739 0.0696882 43.976 -67.927 3.9404
43.8891 -67.9648 3.93564 2.2688 43.976 -67.927 3.9404
43.9206 -68.1623 3.93717 1.38482 43.976 -67.927 3.9404
43.9206 -68.1623 3.93717 1.38482 43.976 -67.927 3.9404
43.7802 -67.9805 3.94198 0.228986 43.976 -67.927 3.9404
43.8613 -68.0417 3.9293 0.377006 43.976 -67.927 3.9404
43.9206 -68.1623 3.93717 1.38482 43.976 -67.927 3.9404
43.9206 -68.1623 3.93717 1.38482 43.976 -67.927 3.9404
43.7672 -68.1814 3.93136 0.557685 43.976 -67.927 3.9404
43.7073 -68.0474 3.93744 0.623394 43.976 -67.927 3.9404
43.9319 -68.0294 3.93814 2.64168 43.976 -67.927 3.9404
43.986 -68.0006 3.94159 0.93042 43.976 -67.927 3.9404
43.6064 -67.9475 3.93492 0.0836749 43.976 -67.927 3.9404
43.9319 -68.0294 3.93814 2.64168 43.976 -67.927 3.9404
43.8769 -68.0581 3.93012 0.561564 43.976 -67.927 3.9404
43.8384 -67.9816 3.94341 0.205019 43.976 -67.927 3.9404
43.9319 -68.0294 3.93814 2.64168 43.976 -67.927 3.9404
43.791 -68.1087 3.93892 0.985502 43.976 -67.927 3.9404
43.9319 -68.0294 3.93814 2.64168 43.976 -67.927 3.9404
43.791 -68.1087 3.93892 0.985502 43.976 -67.927 3.9404
43.986 -68.0006 3.94159 0.93042 43.976 -67.927 3.9404
43.8089 -67.8982 3.94308 0.0894231 43.976 -67.927 3.9404
43.986 -68.0006 3.94159 0.93042 43.976 -67.927 3.9404
43.7174 -67.9444 3.93483 0.696715 43.976 -67.927 3.9404
43.8891 -67.9648 3.93564 2.2688 43.976 -67.927 3.9404
43.7672 -68.1814 3.93136 0.557685 43.976 -67.927 3.9404
43.8891 -67.9648 3.93564 2.2688 43.976 -67.927 3.9404
43.9713 -68.1245 3.94473 0.110131 43.976 -67.927 3.9404
43.5964 -67.9588 3.93465 0.0755374 43.976 -67.927 3.9404
43.7981 -67.8038 3.93769 0.128663 43.976 -67.927 3.9404
43.8401 -68.2603 3.93702 0.259574 43.976 -67.927 3.9404
43.9319 -68.0294 3.93814 2.64168 43.976 -67.927 3.9404
43.981 -68.1182 3.92924 0.0651474 43.976 -67.927 3.9404
43.6116 -67.9522 3.93307 0.114801 43.976 -67.927 3.9404
43.9319 -68.0294 3.93814 2.64168 43.976 -67.927 3.9404
43.8891 -67.9648 3.93564 2.2688 43.976 -67.927 3.9404
43.7174 -67.9444 3.93483 0.696715 43.976 -67.927 3.9404
43.7188 -67.8194 3.93739 0.0696882 43.976 -67.927 3.9404
43.7174 -67.9444 3.93483 0.696715 43.976 -67.927 3.9404
43.7981 -67.8038 3.93769 0.128663 43.976 -67.927 3.9404
43.7174 -67.9444 3.93483 0.696715 43.976 -67.927 3.9404
43.981 -68.1182 3.92924 0.0651474 43.976 -67.927 3.9404
43.791 -68.1087 3.93892 0.985502 43.976 -67.927 3.9404
43.8769 -68.0581 3.93012 0.561564 43.976 -67.927 3.9404
43.9206 -68.1623 3.93717 1.38482 43.976 -67.927 3.9404
43.986 -68.0006 3.94159 0.93042 43.976 -67.927 3.9404
43.738 -67.9944 3.93873 0.62285 43.976 -67.927 3.9404
43.8891 -67.9648 3.93564 2.2688 43.976 -67.927 3.9404
43.8891 -67.9648 3.93564 2.2688 43.976 -67.927 3.9404
43.9319 -68.0294 3.93814 2.64168 43.976 -67.927 3.9404
43.8089 -67.8982 3.94308 0.0894231 43.976 -67.927 3.9404
43.9319 -68.0294 3.93814 2.64168 43.976 -67.927 3.9404
43.9978 -67.9278 3.94584 0.0666259 43.976 -67.927 3.9404
43.791 -68.1087 3.93892 0.985502 43.976 -67.927 3.9404
43.986 -68.0006 3.94159 0.93042 43.976 -67.927 3.9404
43.791 -68.1087 3.93892 0.985502 43.976 -67.927 3.9404
43.9206 -68.1623 3.93717 1.38482 43.976 -67.927 3.9404
43.8769 -68.0581 3.93012 0.561564 43.976 -67.927 3.9404
43.8891 -67.9648 3.93564 2.2688 43.976 -67.927 3.9404
43.9319 -68.0294 3.93814 2.64168 43.976 -67.927 3.9404
43.986 -68.0006 3.94159 0.93042 43.976 -67.927 3.9404
43.8891 -67.9648 3.93564 2.2688 43.976 -67.927 3.9404
43.7174 -67.9444 3.93483 0.696715 43.976 -67.927 3.9404
43.6116 -67.9522 3.93307 0.114801 43.976 -67.927 3.9404
43.8089 -67.8982 3.94308 0.0894231 43.976 -67.927 3.9404
43.986 -68.0006 3.94159 0.93042 43.976 -67.927 3.9404
43.7672 -68.1814 3.93136 0.557685 43.976 -67.927 3.9404
43.9319 -68.0294 3.93814 2.64168 43.976 -67.927 3.9404
43.8769 -68.0581 3.93012 0.561564 43.976 -67.927 3.9404
43.8769 -68.0581 3.93012 0.561564 43.976 -67.927 3.9404
43.986 -68.0006 3.94159 0.93042 43.976 -67.927 3.9404
43.9206 -68.1623 3.93717 1.38482 43.976 -67.927 3.9404
43.8891 -67.9648 3.93564 2.2688 43.976 -67.927 3.9404
43.8891 -67.9648 3.93564 2.2688 43.976 -67.927 3.9404
43.8769 -68.0581 3.93012 0.561564 43.976 -67.927 3.9404
43.7073 -68.0474 3.93744 0.623394 43.976 -67.927 3.9404
43.8891 -67.9648 3.93564 2.2688 43.976 -67.927 3.9404
43.8891 -67.9648 3.93564 2.2688 43.976 -67.927 3.9404
43.791 -68.1087 3.93892 0.985502 43.976 -67.927 3.9404
43.9713 -68.1245 3.94473 0.110131 43.976 -67.927 3.9404
43.986 -68.0006 3.94159 0.93042 43.976 -67.927 3.9404
43.7073 -68.0474 3.93744 0.623394 43.976 -67.927 3.9404
43.986 -68.0006 3.94159 0.93042 43.976 -67.927 3.9404
43.986 -68.0006 3.94159 0.93042 43.976 -67.927 3.9404
43.8891 -67.9648 3.93564 2.2688 43.976 -67.927 3.9404
43.9206 -68.1623 3.93717 1.38482 43.976 -67.927 3.9404
43.8891 -67.9648 3.93564 2.2688 43.976 -67.927 3.9404
43.986 -68.0006 3.94159 0.93042 43.976 -67.927 3.9404
43.7672 -68.1814 3.93136 0.557685 43.976 -67.927 3.9404
43.7073 -68.0474 3.93744 0.623394 43.976 -67.927 3.9404
43.9319 -68.0294 3.93814 2.64168 43.976 -67.927 3.9404
43.791 -68.1087 3.93892 0.985502 43.976 -67.927 3.9404
43.8384 -67.9816 3.94341 0.205019 43.976 -67.927 3.9404
43.8099 -67.7762 3.93631 0.0775466 43.976 -67.927 3.9404
43.9319 -68.0294 3.93814 2.64168 43.976 -67.927 3.9404
43.986 -68.0006 3.94159 0.93042 43.976 -67.927 3.9404
43.738 -67.9944 3.93873 0.62285 43.976 -67.927 3.9404
43.9319 -68.0294 3.93814 2.64168 43.976 -67.927 3.9404
43.7174 -67.9444 3.93483 0.696715 43.976 -67.927 3.9404
43.7672 -68.1814 3.93136 0.557685 43.976 -67.927 3.9404
43.9206 -68.1623 3.93717 1.38482 43.976 -67.927 3.9404
43.8401 -68.2603 3.93702 0.259574 43.976 -67.927 3.9404
43.9319 -68.0294 3.93814 2.64168 43.976 -67.927 3.9404
43.8891 -67.9648 3.93564 2.2688 43.976 -67.927 3.9404
43.8099 -67.7762 3.93631 0.0775466 43.976 -67.927 3.9404
43.9641 -67.9181 3.9284 0.0168839 43.976 -67.927 3.9404
43.8891 -67.9648 3.93564 2.2688 43.976 -67.927 3.9404
43.7981 -67.8038 3.93769 0.128663 43.976 -67.927 3.9404
43.9319 -68.0294 3.93814 2.64168 43.976 -67.927 3.9404
43.9713 -68.1245 3.94473 0.110131 43.976 -67.927 3.9404
43.986 -68.0006 3.94159 0.93042 43.976 -67.927 3.9404
43.9206 -68.1623 3.93717 1.38482 43.976 -67.927 3.9404
43.9319 -68.0294 3.93814 2.64168 43.976 -67.927 3.9404
43.738 -67.9944 3.93873 0.62285 43.976 -67.927 3.9404
43.9206 -68.1623 3.93717 1.38482 43.976 -67.927 3.9404
43.9978 -67.9278 3.94584 0.0666259 43.976 -67.927 3.9404
43.9978 -67.9278 3.94584 0.0666259 43.976 -67.927 3.9404
43.9319 -68.0294 3.93814 2.64168 43.976 -67.927 3.9404
43.6064 -67.9475 3.93492 0.0836749 43.976 -67.927 3.9404
43.9873 -67.905 3.94178 0.437243 43.976 -67.927 3.9404
43.9873 -67.905 3.94178 0.437243 43.976 -67.927 3.9404
43.9206 -68.1623 3.93717 1.38482 43.976 -67.927 3.9404
43.791 -68.1087 3.93892 0.985502 43.976 -67.927 3.9404
43.8348 -67.7816 3.93299 0.0540239 43.976 -67.927 3.9404
43.8891 -67.9648 3.93564 2.2688 43.976 -67.927 3.9404
43.9206 -68.1623 3.93717 1.38482 43.976 -67.927 3.9404
43.9206 -68.1623 3.93717 1.38482 43.976 -67.927 3.9404
43.9319 -68.0294 3.93814 2.64168 43.976 -67.927 3.9404
43.9319 -68.0294 3.93814 2.64168 43.976 -67.927 3.9404
43.8089 -67.8982 3.94308 0.0894231 43.976 -67.927 3.9404
43.7073 -68.0474 3.93744 0.623394 43.976 -67.927 3.9404
43.986 -68.0006 3.94159 0.93042 43.976 -67.927 3.9404
43.7672 -68.1814 3.93136 0.557685 43.976 -67.927 3.9404
43.8891 -67.9648 3.93564 2.2688 43.976 -67.927 3.9404
43.9094 -67.9078 3.9462 0.030471 43.976 -67.927 3.9404
43.8891 -67.9648 3.93564 2.2688 43.976 -67.927 3.9404
43.8769 -68.0581 3.93012 0.561564 43.976 -67.927 3.9404
43.6116 -67.9522 3.93307 0.114801 43.976 -67.927 3.9404
43.7073 -68.0474 3.93744 0.623394 43.976 -67.927 3.9404
43.8099 -67.7762 3.93631 0.0775466 43.976 -67.927 3.9404
43.8401 -68.2603 3.93702 0.259574 43.976 -67.927 3.9404
43.9319 -68.0294 3.93814 2.64168 43.976 -67.927 3.9404
43.8891 -67.9648 3.93564 2.2688 43.976 -67.927 3.9404
43.9206 -68.1623 3.93717 1.38482 43.976 -67.927 3.9404
43.9319 -68.0294 3.93814 2.64168 43.976 -67.927 3.9404
43.8891 -67.9648 3.93564 2.2688 43.976 -67.927 3.9404
43.986 -68.0006 3.94159 0.93042 43.976 -67.927 3.9404
43.6383 -68.0579 3.92959 0.18593 43.976 -67.927 3.9404
43.8891 -67.9648 3.93564 2.2688 43.976 -67.927 3.9404
43.8089 -67.8982 3.94308 0.0894231 43.976 -67.927 3.9404
43.791 -68.1087 3.93892 0.985502 43.976 -67.927 3.9404
43.9319 -68.0294 3.93814 2.64168 43.976 -67.927 3.9404
43.791 -68.1087 3.93892 0.985502 43.976 -67.927 3.9404
43.7073 -68.0474 3.93744 0.623394 43.976 -67.927 3.9404
43.986 -68.0006 3.94159 0.93042 43.976 -67.927 3.9404
43.8891 -67.9648 3.93564 2.2688 43.976 -67.927 3.9404
43.9206 -68.1623 3.93717 1.38482 43.976 -67.927 3.9404
43.9319 -68.0294 3.93814 2.64168 43.976 -67.927 3.9404
43.9206 -68.1623 3.93717 1.38482 43.976 -67.927 3.9404
43.791 -68.1087 3.93892 0.985502 43.976 -67.927 3.9404
43.9319 -68.0294 3.93814 2.64168 43.976 -67.927 3.9404
43.9319 -68.0294 3.93814 2.64168 43.976 -67.927 3.9404
43.8348 -67.7816 3.93299 0.0540239 43.976 -67.927 3.9404
43.9319 -68.0294 3.93814 2.64168 43.976 -67.927 3.9404
43.9206 -68.1623 3.93717 1.38482 43.976 -67.927 3.9404
43.9873 -67.905 3.94178 0.437243 43.976 -67.927 3.9404
43.6116 -67.9522 3.93307 0.114801 43.976 -67.927 3.9404
43.7073 -68.0474 3.93744 0.623394 43.976 -67.927 3.9404
43.7672 -68.1814 3.93136 0.557685 43.976 -67.927 3.9404
43.9206 -68.1623 3.93717 1.38482 43.976 -67.927 3.9404
43.9873 -67.905 3.94178 0.437243 43.976 -67.927 3.9404
43.791 -68.1087 3.93892 0.985502 43.976 -67.927 3.9404
