163.553 22.2949 0.0799044 0.984943 163.61 22.266 0.079487
163.761 22.3861 0.0762136 0.0618682 163.61 22.266 0.079487
163.592 22.2602 0.0814589 0.684161 163.61 22.266 0.079487
163.569 22.24 0.0878555 0.0525089 163.61 22.266 0.079487
163.553 22.2949 0.0799044 0.984943 163.61 22.266 0.079487
163.654 22.2586 0.0809727 0.388455 163.61 22.266 0.079487
163.553 22.2949 0.0799044 0.984943 163.61 22.266 0.079487
163.553 22.2949 0.0799044 0.984943 163.61 22.266 0.079487
163.591 22.0806 0.0786001 0.0634107 163.61 22.266 0.079487
163.493 22.319 0.0891522 0.038242 163.61 22.266 0.079487
163.727 22.2804 0.0829793 0.072897 163.61 22.266 0.079487
163.553 22.2949 0.0799044 0.984943 163.61 22.266 0.079487
163.592 22.2602 0.0814589 0.684161 163.61 22.266 0.079487
163.586 22.3914 0.08047 0.653782 163.61 22.266 0.079487
163.553 22.2949 0.0799044 0.984943 163.61 22.266 0.079487
163.591 22.1624 0.0813521 0.300944 163.61 22.266 0.079487
163.415 22.4409 0.0805507 0.320099 163.61 22.266 0.079487
163.654 22.2586 0.0809727 0.388455 163.61 22.266 0.079487
163.591 22.1624 0.0813521 0.300944 163.61 22.266 0.079487
163.654 22.2586 0.0809727 0.388455 163.61 22.266 0.079487
163.592 22.2602 0.0814589 0.684161 163.61 22.266 0.079487
163.553 22.2949 0.0799044 0.984943 163.61 22.266 0.079487
163.591 22.1624 0.0813521 0.300944 163.61 22.266 0.079487
163.591 22.0806 0.0786001 0.0634107 163.61 22.266 0.079487
163.553 22.2949 0.0799044 0.984943 163.61 22.266 0.079487
163.586 22.3914 0.08047 0.653782 163.61 22.266 0.079487
163.592 22.2602 0.0814589 0.684161 163.61 22.266 0.079487
163.586 22.3914 0.08047 0.653782 163.61 22.266 0.079487
163.553 22.2949 0.0799044 0.984943 163.61 22.266 0.079487
163.727 22.3719 0.0802669 0.131892 163.61 22.266 0.079487
163.553 22.2949 0.0799044 0.984943 163.61 22.266 0.079487
163.592 22.2602 0.0814589 0.684161 163.61 22.266 0.079487
163.423 22.1421 0.0865695 0.0842953 163.61 22.266 0.079487
163.727 22.3719 0.0802669 0.131892 163.61 22.266 0.079487
163.654 22.2586 0.0809727 0.388455 163.61 22.266 0.079487
163.423 22.1421 0.0865695 0.0842953 163.61 22.266 0.079487
163.592 22.2602 0.0814589 0.684161 163.61 22.266 0.079487
163.4 22.1608 0.0769337 0.0637591 163.61 22.266 0.079487
163.727 22.2804 0.0829793 0.072897 163.61 22.266 0.079487
163.592 22.2602 0.0814589 0.684161 163.61 22.266 0.079487
163.391 22.3716 0.0756863 0.0849383 163.61 22.266 0.079487
163.586 22.3914 0.08047 0.653782 163.61 22.266 0.079487
163.372 22.3723 0.07622 0.0848357 163.61 22.266 0.079487
163.553 22.2949 0.0799044 0.984943 163.61 22.266 0.079487
163.391 22.3716 0.0756863 0.0849383 163.61 22.266 0.079487
163.591 22.1624 0.0813521 0.300944 163.61 22.266 0.079487
163.592 22.2602 0.0814589 0.684161 163.61 22.266 0.079487
163.553 22.2949 0.0799044 0.984943 163.61 22.266 0.079487
163.553 22.2949 0.0799044 0.984943 163.61 22.266 0.079487
163.592 22.2602 0.0814589 0.684161 163.61 22.266 0.079487
163.553 22.2949 0.0799044 0.984943 163.61 22.266 0.079487
163.591 22.1624 0.0813521 0.300944 163.61 22.266 0.079487
163.64 22.4931 0.0747204 0.0568525 163.61 22.266 0.079487
163.423 22.1421 0.0865695 0.0842953 163.61 22.266 0.079487
163.761 22.3861 0.0762136 0.0618682 163.61 22.266 0.079487
163.654 22.2586 0.0809727 0.388455 163.61 22.266 0.079487
163.569 22.24 0.0878555 0.0525089 163.61 22.266 0.079487
163.553 22.2949 0.0799044 0.984943 163.61 22.266 0.079487
163.586 22.3914 0.08047 0.653782 163.61 22.266 0.079487
163.586 22.3914 0.08047 0.653782 163.61 22.266 0.079487
163.415 22.4409 0.0805507 0.320099 163.61 22.266 0.079487
163.423 22.1421 0.0865695 0.0842953 163.61 22.266 0.079487
163.586 22.3914 0.08047 0.653782 163.61 22.266 0.079487
163.755 22.1842 0.0802992 0.0434929 163.61 22.266 0.079487
163.591 22.1624 0.0813521 0.300944 163.61 22.266 0.079487
163.592 22.2602 0.0814589 0.684161 163.61 22.266 0.079487
163.654 22.2586 0.0809727 0.388455 163.61 22.266 0.079487
163.553 22.2949 0.0799044 0.984943 163.61 22.266 0.079487
163.592 22.2602 0.0814589 0.684161 163.61 22.266 0.079487
163.553 22.2949 0.0799044 0.984943 163.61 22.266 0.079487
163.591 22.0806 0.0786001 0.0634107 163.61 22.266 0.079487
163.553 22.2949 0.0799044 0.984943 163.61 22.266 0.079487
163.553 22.2949 0.0799044 0.984943 163.61 22.266 0.079487
163.592 22.2602 0.0814589 0.684161 163.61 22.266 0.079487
163.592 22.2602 0.0814589 0.684161 163.61 22.266 0.079487
163.285 22.4016 0.0811705 0.0759965 163.61 22.266 0.079487
163.592 22.2602 0.0814589 0.684161 163.61 22.266 0.079487
163.592 22.2602 0.0814589 0.684161 163.61 22.266 0.079487
163.415 22.4409 0.0805507 0.320099 163.61 22.266 0.079487
163.285 22.4016 0.0811705 0.0759965 163.61 22.266 0.079487
163.592 22.2602 0.0814589 0.684161 163.61 22.266 0.079487
163.553 22.2949 0.0799044 0.984943 163.61 22.266 0.079487
163.654 22.2586 0.0809727 0.388455 163.61 22.266 0.079487
163.592 22.2602 0.0814589 0.684161 163.61 22.266 0.079487
163.553 22.2949 0.0799044 0.984943 163.61 22.266 0.079487
163.415 22.4409 0.0805507 0.320099 163.61 22.266 0.079487
163.415 22.4409 0.0805507 0.320099 163.61 22.266 0.079487
163.586 22.3914 0.08047 0.653782 163.61 22.266 0.079487
163.415 22.4409 0.0805507 0.320099 163.61 22.266 0.079487
163.592 22.2602 0.0814589 0.684161 163.61 22.266 0.079487
163.766 22.4998 0.0764806 0.0179696 163.61 22.266 0.079487
163.592 22.2602 0.0814589 0.684161 163.61 22.266 0.079487
163.553 22.2949 0.0799044 0.984943 163.61 22.266 0.079487
163.553 22.2949 0.0799044 0.984943 163.61 22.266 0.079487
163.586 22.3914 0.08047 0.653782 163.61 22.266 0.079487
163.64 22.4931 0.0747204 0.0568525 163.61 22.266 0.079487
163.654 22.2586 0.0809727 0.388455 163.61 22.266 0.079487
163.553 22.2949 0.0799044 0.984943 163.61 22.266 0.079487
163.586 22.3914 0.08047 0.653782 163.61 22.266 0.079487
163.592 22.2602 0.0814589 0.684161 163.61 22.266 0.079487
163.654 22.2586 0.0809727 0.388455 163.61 22.266 0.079487
163.591 22.1624 0.0813521 0.300944 163.61 22.266 0.079487
163.553 22.2949 0.0799044 0.984943 163.61 22.266 0.079487
163.592 22.2602 0.0814589 0.684161 163.61 22.266 0.079487
163.592 22.2602 0.0814589 0.684161 163.61 22.266 0.079487
163.415 22.4409 0.0805507 0.320099 163.61 22.266 0.079487
163.553 22.2949 0.0799044 0.984943 163.61 22.266 0.079487
163.654 22.2586 0.0809727 0.388455 163.61 22.266 0.079487
163.592 22.2602 0.0814589 0.684161 163.61 22.266 0.079487
163.553 22.2949 0.0799044 0.984943 163.61 22.266 0.079487
163.727 22.3719 0.0802669 0.131892 163.61 22.266 0.079487
163.553 22.2949 0.0799044 0.984943 163.61 22.266 0.079487
163.654 22.2586 0.0809727 0.388455 163.61 22.266 0.079487
163.586 22.3914 0.08047 0.653782 163.61 22.266 0.079487
163.591 22.1624 0.0813521 0.300944 163.61 22.266 0.079487
163.592 22.2602 0.0814589 0.684161 163.61 22.266 0.079487
163.553 22.2949 0.0799044 0.984943 163.61 22.266 0.079487
163.553 22.2949 0.0799044 0.984943 163.61 22.266 0.079487
163.64 22.4931 0.0747204 0.0568525 163.61 22.266 0.079487
163.791 22.0962 0.0825783 0.00281498 163.61 22.266 0.079487
163.766 22.4998 0.0764806 0.0179696 163.61 22.266 0.079487
163.285 22.4016 0.0811705 0.0759965 163.61 22.266 0.079487
163.553 22.2949 0.0799044 0.984943 163.61 22.266 0.079487
163.591 22.1624 0.0813521 0.300944 163.61 22.266 0.079487
163.592 22.2602 0.0814589 0.684161 163.61 22.266 0.079487
163.553 22.2949 0.0799044 0.984943 163.61 22.266 0.079487
163.591 22.1624 0.0813521 0.300944 163.61 22.266 0.079487
163.586 22.3914 0.08047 0.653782 163.61 22.266 0.079487
163.553 22.2949 0.0799044 0.984943 163.61 22.266 0.079487
163.579 22.4926 0.084599 0.0648126 163.61 22.266 0.079487
163.553 22.2949 0.0799044 0.984943 163.61 22.266 0.079487
163.586 22.3914 0.08047 0.653782 163.61 22.266 0.079487
163.553 22.2949 0.0799044 0.984943 163.61 22.266 0.079487
163.391 22.3716 0.0756863 0.0849383 163.61 22.266 0.079487
163.75 22.236 0.0831258 0.0347027 163.61 22.266 0.079487
163.553 22.2949 0.0799044 0.984943 163.61 22.266 0.079487
163.423 22.1421 0.0865695 0.0842953 163.61 22.266 0.079487
163.285 22.4016 0.0811705 0.0759965 163.61 22.266 0.079487
163.553 22.2949 0.0799044 0.984943 163.61 22.266 0.079487
163.553 22.2949 0.0799044 0.984943 163.61 22.266 0.079487
163.553 22.2949 0.0799044 0.984943 163.61 22.266 0.079487
163.553 22.2949 0.0799044 0.984943 163.61 22.266 0.079487
163.553 22.2949 0.0799044 0.984943 163.61 22.266 0.079487
163.654 22.2586 0.0809727 0.388455 163.61 22.266 0.079487
163.592 22.2602 0.0814589 0.684161 163.61 22.266 0.079487
163.591 22.1624 0.0813521 0.300944 163.61 22.266 0.079487
163.654 22.2586 0.0809727 0.388455 163.61 22.266 0.079487
163.592 22.2602 0.0814589 0.684161 163.61 22.266 0.079487
163.285 22.4016 0.0811705 0.0759965 163.61 22.266 0.079487
163.487 22.3527 0.0716657 0.0161906 163.61 22.266 0.079487
163.415 22.4409 0.0805507 0.320099 163.61 22.266 0.079487
163.553 22.2949 0.0799044 0.984943 163.61 22.266 0.079487
163.769 22.4149 0.0744178 0.0272286 163.61 22.266 0.079487
163.769 22.4149 0.0744178 0.0272286 163.61 22.266 0.079487
163.553 22.2949 0.0799044 0.984943 163.61 22.266 0.079487
163.553 22.2949 0.0799044 0.984943 163.61 22.266 0.079487
163.592 22.2602 0.0814589 0.684161 163.61 22.266 0.079487
163.592 22.2602 0.0814589 0.684161 163.61 22.266 0.079487
163.592 22.2602 0.0814589 0.684161 163.61 22.266 0.079487
163.579 22.4926 0.084599 0.0648126 163.61 22.266 0.079487
163.591 22.1624 0.0813521 0.300944 163.61 22.266 0.079487
163.553 22.2949 0.0799044 0.984943 163.61 22.266 0.079487
163.592 22.2602 0.0814589 0.684161 163.61 22.266 0.079487
163.592 22.2602 0.0814589 0.684161 163.61 22.266 0.079487
163.592 22.2602 0.0814589 0.684161 163.61 22.266 0.079487
163.553 22.2949 0.0799044 0.984943 163.61 22.266 0.079487
163.586 22.3914 0.08047 0.653782 163.61 22.266 0.079487
163.641 22.4093 0.0685932 0.00151483 163.61 22.266 0.079487
163.553 22.2949 0.0799044 0.984943 163.61 22.266 0.079487
163.579 22.4926 0.084599 0.0648126 163.61 22.266 0.079487
163.769 22.4149 0.0744178 0.0272286 163.61 22.266 0.079487
163.553 22.2949 0.0799044 0.984943 163.61 22.266 0.079487
163.591 22.0806 0.0786001 0.0634107 163.61 22.266 0.079487
163.415 22.4409 0.0805507 0.320099 163.61 22.266 0.079487
163.644 22.3546 0.0860124 0.0616322 163.61 22.266 0.079487
163.586 22.3914 0.08047 0.653782 163.61 22.266 0.079487
163.553 22.2949 0.0799044 0.984943 163.61 22.266 0.079487
163.592 22.2602 0.0814589 0.684161 163.61 22.266 0.079487
163.591 22.1624 0.0813521 0.300944 163.61 22.266 0.079487
163.553 22.2949 0.0799044 0.984943 163.61 22.266 0.079487
163.372 22.3723 0.07622 0.0848357 163.61 22.266 0.079487
163.54 22.5069 0.0762062 0.100323 163.61 22.266 0.079487
163.54 22.5069 0.0762062 0.100323 163.61 22.266 0.079487
163.553 22.2949 0.0799044 0.984943 163.61 22.266 0.079487
163.586 22.3914 0.08047 0.653782 163.61 22.266 0.079487
163.591 22.1624 0.0813521 0.300944 163.61 22.266 0.079487
163.553 22.2949 0.0799044 0.984943 163.61 22.266 0.079487
163.487 22.3527 0.0716657 0.0161906 163.61 22.266 0.079487
163.415 22.4409 0.0805507 0.320099 163.61 22.266 0.079487
163.553 22.2949 0.0799044 0.984943 163.61 22.266 0.079487
163.591 22.0806 0.0786001 0.0634107 163.61 22.266 0.079487
163.592 22.2602 0.0814589 0.684161 163.61 22.266 0.079487
163.4 22.1608 0.0769337 0.0637591 163.61 22.266 0.079487
163.592 22.2602 0.0814589 0.684161 163.61 22.266 0.079487
163.727 22.3719 0.0802669 0.131892 163.61 22.266 0.079487
163.586 22.3914 0.08047 0.653782 163.61 22.266 0.079487
163.553 22.2949 0.0799044 0.984943 163.61 22.266 0.079487
163.654 22.2586 0.0809727 0.388455 163.61 22.266 0.079487
163.586 22.3914 0.08047 0.653782 163.61 22.266 0.079487
163.415 22.4409 0.0805507 0.320099 163.61 22.266 0.079487
