62.3404 -49.231 3.86819 0.005898 62.224 -48.866 3.8594
62.5032 -48.9276 3.86748 0.141568 62.224 -48.866 3.8594
62.6922 -49.1161 3.86467 0.00659047 62.224 -48.866 3.8594
62.1883 -48.9409 3.865 0.0273601 62.224 -48.866 3.8594
62.2556 -49.1084 3.85801 0.0866285 62.224 -48.866 3.8594
62.2556 -49.1084 3.85801 0.0866285 62.224 -48.866 3.8594
62.2785 -48.805 3.86058 0.015651 62.224 -48.866 3.8594
62.3508 -49.0526 3.86567 0.206834 62.224 -48.866 3.8594
62.3264 -48.9975 3.86046 0.246594 62.224 -48.866 3.8594
62.5032 -48.9276 3.86748 0.141568 62.224 -48.866 3.8594
62.2693 -49.0422 3.85827 0.117009 62.224 -48.866 3.8594
62.3264 -48.9975 3.86046 0.246594 62.224 -48.866 3.8594
62.3264 -48.9975 3.86046 0.246594 62.224 -48.866 3.8594
62.5032 -48.9276 3.86748 0.141568 62.224 -48.866 3.8594
62.3264 -48.9975 3.86046 0.246594 62.224 -48.866 3.8594
62.2215 -49.0577 3.86158 0.078251 62.224 -48.866 3.8594
62.1521 -49.0176 3.86042 0.020212 62.224 -48.866 3.8594
62.5032 -48.9276 3.86748 0.141568 62.224 -48.866 3.8594
62.2556 -49.1084 3.85801 0.0866285 62.224 -48.866 3.8594
62.2886 -49.238 3.85601 0.0270378 62.224 -48.866 3.8594
62.3931 -48.8734 3.86808 0.109215 62.224 -48.866 3.8594
62.2693 -49.0422 3.85827 0.117009 62.224 -48.866 3.8594
62.3264 -48.9975 3.86046 0.246594 62.224 -48.866 3.8594
62.3508 -49.0526 3.86567 0.206834 62.224 -48.866 3.8594
62.2215 -49.0577 3.86158 0.078251 62.224 -48.866 3.8594
62.2556 -49.1084 3.85801 0.0866285 62.224 -48.866 3.8594
62.5032 -48.9276 3.86748 0.141568 62.224 -48.866 3.8594
62.2556 -49.1084 3.85801 0.0866285 62.224 -48.866 3.8594
62.5032 -48.9276 3.86748 0.141568 62.224 -48.866 3.8594
62.3264 -48.9975 3.86046 0.246594 62.224 -48.866 3.8594
62.2215 -49.0577 3.86158 0.078251 62.224 -48.866 3.8594
62.3508 -49.0526 3.86567 0.206834 62.224 -48.866 3.8594
62.2556 -49.1084 3.85801 0.0866285 62.224 -48.866 3.8594
62.1521 -49.0176 3.86042 0.020212 62.224 -48.866 3.8594
62.3931 -48.8734 3.86808 0.109215 62.224 -48.866 3.8594
62.1521 -49.0176 3.86042 0.020212 62.224 -48.866 3.8594
62.3931 -48.8734 3.86808 0.109215 62.224 -48.866 3.8594
62.2726 -48.9899 3.85414 0.0230973 62.224 -48.866 3.8594
62.3508 -49.0526 3.86567 0.206834 62.224 -48.866 3.8594
62.3545 -48.7992 3.87051 0.0210878 62.224 -48.866 3.8594
62.5032 -48.9276 3.86748 0.141568 62.224 -48.866 3.8594
62.2693 -49.0422 3.85827 0.117009 62.224 -48.866 3.8594
62.1883 -48.9409 3.865 0.0273601 62.224 -48.866 3.8594
62.1521 -49.0176 3.86042 0.020212 62.224 -48.866 3.8594
62.2215 -49.0577 3.86158 0.078251 62.224 -48.866 3.8594
62.5032 -48.9276 3.86748 0.141568 62.224 -48.866 3.8594
62.3508 -49.0526 3.86567 0.206834 62.224 -48.866 3.8594
62.3508 -49.0526 3.86567 0.206834 62.224 -48.866 3.8594
62.3932 -48.7646 3.8632 0.023396 62.224 -48.866 3.8594
62.3931 -48.8734 3.86808 0.109215 62.224 -48.866 3.8594
62.2693 -49.0422 3.85827 0.117009 62.224 -48.866 3.8594
62.2215 -49.0577 3.86158 0.078251 62.224 -48.866 3.8594
62.5032 -48.9276 3.86748 0.141568 62.224 -48.866 3.8594
62.2215 -49.0577 3.86158 0.078251 62.224 -48.866 3.8594
62.2886 -49.238 3.85601 0.0270378 62.224 -48.866 3.8594
62.6922 -49.1161 3.86467 0.00659047 62.224 -48.866 3.8594
62.2693 -49.0422 3.85827 0.117009 62.224 -48.866 3.8594
62.2215 -49.0577 3.86158 0.078251 62.224 -48.866 3.8594
62.3508 -49.0526 3.86567 0.206834 62.224 -48.866 3.8594
62.2556 -49.1084 3.85801 0.0866285 62.224 -48.866 3.8594
62.4123 -49.2412 3.84937 0.0028272 62.224 -48.866 3.8594
62.3619 -48.5881 3.8601 3.27073e-05 62.224 -48.866 3.8594
62.2886 -49.238 3.85601 0.0270378 62.224 -48.866 3.8594
62.3264 -48.9975 3.86046 0.246594 62.224 -48.866 3.8594
62.6922 -49.1161 3.86467 0.00659047 62.224 -48.866 3.8594
62.3508 -49.0526 3.86567 0.206834 62.224 -48.866 3.8594
62.3931 -48.8734 3.86808 0.109215 62.224 -48.866 3.8594
62.3508 -49.0526 3.86567 0.206834 62.224 -48.866 3.8594
62.3932 -48.7646 3.8632 0.023396 62.224 -48.866 3.8594
62.1883 -48.9409 3.865 0.0273601 62.224 -48.866 3.8594
62.2556 -49.1084 3.85801 0.0866285 62.224 -48.866 3.8594
62.5032 -48.9276 3.86748 0.141568 62.224 -48.866 3.8594
62.2886 -49.238 3.85601 0.0270378 62.224 -48.866 3.8594
62.3931 -48.8734 3.86808 0.109215 62.224 -48.866 3.8594
62.3545 -48.7992 3.87051 0.0210878 62.224 -48.866 3.8594
62.3931 -48.8734 3.86808 0.109215 62.224 -48.866 3.8594
62.3264 -48.9975 3.86046 0.246594 62.224 -48.866 3.8594
62.3508 -49.0526 3.86567 0.206834 62.224 -48.866 3.8594
62.5032 -48.9276 3.86748 0.141568 62.224 -48.866 3.8594
62.3264 -48.9975 3.86046 0.246594 62.224 -48.866 3.8594
62.3508 -49.0526 3.86567 0.206834 62.224 -48.866 3.8594
62.2886 -49.238 3.85601 0.0270378 62.224 -48.866 3.8594
62.2726 -48.9899 3.85414 0.0230973 62.224 -48.866 3.8594
62.5032 -48.9276 3.86748 0.141568 62.224 -48.866 3.8594
62.3508 -49.0526 3.86567 0.206834 62.224 -48.866 3.8594
62.5032 -48.9276 3.86748 0.141568 62.224 -48.866 3.8594
62.2726 -48.9899 3.85414 0.0230973 62.224 -48.866 3.8594
62.3508 -49.0526 3.86567 0.206834 62.224 -48.866 3.8594
62.3508 -49.0526 3.86567 0.206834 62.224 -48.866 3.8594
62.3264 -48.9975 3.86046 0.246594 62.224 -48.866 3.8594
62.2693 -49.0422 3.85827 0.117009 62.224 -48.866 3.8594
62.3931 -48.8734 3.86808 0.109215 62.224 -48.866 3.8594
62.3508 -49.0526 3.86567 0.206834 62.224 -48.866 3.8594
62.3545 -48.7992 3.87051 0.0210878 62.224 -48.866 3.8594
62.2215 -49.0577 3.86158 0.078251 62.224 -48.866 3.8594
62.3264 -48.9975 3.86046 0.246594 62.224 -48.866 3.8594
62.3508 -49.0526 3.86567 0.206834 62.224 -48.866 3.8594
62.3508 -49.0526 3.86567 0.206834 62.224 -48.866 3.8594
62.3931 -48.8734 3.86808 0.109215 62.224 -48.866 3.8594
62.3931 -48.8734 3.86808 0.109215 62.224 -48.866 3.8594
62.3264 -48.9975 3.86046 0.246594 62.224 -48.866 3.8594
62.3931 -48.8734 3.86808 0.109215 62.224 -48.866 3.8594
62.2693 -49.0422 3.85827 0.117009 62.224 -48.866 3.8594
62.3264 -48.9975 3.86046 0.246594 62.224 -48.866 3.8594
62.3508 -49.0526 3.86567 0.206834 62.224 -48.866 3.8594
62.2556 -49.1084 3.85801 0.0866285 62.224 -48.866 3.8594
62.3264 -48.9975 3.86046 0.246594 62.224 -48.866 3.8594
62.2215 -49.0577 3.86158 0.078251 62.224 -48.866 3.8594
62.2785 -48.805 3.86058 0.015651 62.224 -48.866 3.8594
62.2886 -49.238 3.85601 0.0270378 62.224 -48.866 3.8594
62.3404 -49.231 3.86819 0.005898 62.224 -48.866 3.8594
62.2556 -49.1084 3.85801 0.0866285 62.224 -48.866 3.8594
62.3264 -48.9975 3.86046 0.246594 62.224 -48.866 3.8594
62.5032 -48.9276 3.86748 0.141568 62.224 -48.866 3.8594
62.5032 -48.9276 3.86748 0.141568 62.224 -48.866 3.8594
62.3508 -49.0526 3.86567 0.206834 62.224 -48.866 3.8594
62.2886 -49.238 3.85601 0.0270378 62.224 -48.866 3.8594
62.3508 -49.0526 3.86567 0.206834 62.224 -48.866 3.8594
62.5032 -48.9276 3.86748 0.141568 62.224 -48.866 3.8594
62.2215 -49.0577 3.86158 0.078251 62.224 -48.866 3.8594
62.3931 -48.8734 3.86808 0.109215 62.224 -48.866 3.8594
62.3264 -48.9975 3.86046 0.246594 62.224 -48.866 3.8594
62.5032 -48.9276 3.86748 0.141568 62.224 -48.866 3.8594
62.3508 -49.0526 3.86567 0.206834 62.224 -48.866 3.8594
62.2215 -49.0577 3.86158 0.078251 62.224 -48.866 3.8594
62.2215 -49.0577 3.86158 0.078251 62.224 -48.866 3.8594
62.3508 -49.0526 3.86567 0.206834 62.224 -48.866 3.8594
62.3508 -49.0526 3.86567 0.206834 62.224 -48.866 3.8594
62.3508 -49.0526 3.86567 0.206834 62.224 -48.866 3.8594
62.3264 -48.9975 3.86046 0.246594 62.224 -48.866 3.8594
62.2886 -49.238 3.85601 0.0270378 62.224 -48.866 3.8594
62.2215 -49.0577 3.86158 0.078251 62.224 -48.866 3.8594
62.2886 -49.238 3.85601 0.0270378 62.224 -48.866 3.8594
62.5032 -48.9276 3.86748 0.141568 62.224 -48.866 3.8594
62.3264 -48.9975 3.86046 0.246594 62.224 -48.866 3.8594
62.3508 -49.0526 3.86567 0.206834 62.224 -48.866 3.8594
62.1521 -49.0176 3.86042 0.020212 62.224 -48.866 3.8594
62.3508 -49.0526 3.86567 0.206834 62.224 -48.866 3.8594
62.5032 -48.9276 3.86748 0.141568 62.224 -48.866 3.8594
62.3931 -48.8734 3.86808 0.109215 62.224 -48.866 3.8594
62.6922 -49.1161 3.86467 0.00659047 62.224 -48.866 3.8594
62.3931 -48.8734 3.86808 0.109215 62.224 -48.866 3.8594
62.2886 -49.238 3.85601 0.0270378 62.224 -48.866 3.8594
62.5032 -48.9276 3.86748 0.141568 62.224 -48.866 3.8594
62.3931 -48.8734 3.86808 0.109215 62.224 -48.866 3.8594
62.3931 -48.8734 3.86808 0.109215 62.224 -48.866 3.8594
62.5032 -48.9276 3.86748 0.141568 62.224 -48.866 3.8594
62.5032 -48.9276 3.86748 0.141568 62.224 -48.866 3.8594
62.5032 -48.9276 3.86748 0.141568 62.224 -48.866 3.8594
62.3508 -49.0526 3.86567 0.206834 62.224 -48.866 3.8594
62.5032 -48.9276 3.86748 0.141568 62.224 -48.866 3.8594
62.2785 -48.805 3.86058 0.015651 62.224 -48.866 3.8594
62.2556 -49.1084 3.85801 0.0866285 62.224 -48.866 3.8594
62.3932 -48.7646 3.8632 0.023396 62.224 -48.866 3.8594
62.3508 -49.0526 3.86567 0.206834 62.224 -48.866 3.8594
62.3264 -48.9975 3.86046 0.246594 62.224 -48.866 3.8594
62.5032 -48.9276 3.86748 0.141568 62.224 -48.866 3.8594
62.2726 -48.9899 3.85414 0.0230973 62.224 -48.866 3.8594
62.3264 -48.9975 3.86046 0.246594 62.224 -48.866 3.8594
62.2215 -49.0577 3.86158 0.078251 62.224 -48.866 3.8594
62.3508 -49.0526 3.86567 0.206834 62.224 -48.866 3.8594
62.2693 -49.0422 3.85827 0.117009 62.224 -48.866 3.8594
62.3931 -48.8734 3.86808 0.109215 62.224 -48.866 3.8594
62.3508 -49.0526 3.86567 0.206834 62.224 -48.866 3.8594
62.3264 -48.9975 3.86046 0.246594 62.224 -48.866 3.8594
62.2693 -49.0422 3.85827 0.117009 62.224 -48.866 3.8594
62.2693 -49.0422 3.85827 0.117009 62.224 -48.866 3.8594
62.3931 -48.8734 3.86808 0.109215 62.224 -48.866 3.8594
62.3264 -48.9975 3.86046 0.246594 62.224 -48.866 3.8594
62.2693 -49.0422 3.85827 0.117009 62.224 -48.866 3.8594
62.2693 -49.0422 3.85827 0.117009 62.224 -48.866 3.8594
62.5032 -48.9276 3.86748 0.141568 62.224 -48.866 3.8594
62.2726 -48.9899 3.85414 0.0230973 62.224 -48.866 3.8594
62.1521 -49.0176 3.86042 0.020212 62.224 -48.866 3.8594
62.3931 -48.8734 3.86808 0.109215 62.224 -48.866 3.8594
62.1521 -49.0176 3.86042 0.020212 62.224 -48.866 3.8594
62.2556 -49.1084 3.85801 0.0866285 62.224 -48.866 3.8594
62.3508 -49.0526 3.86567 0.206834 62.224 -48.866 3.8594
62.2886 -49.238 3.85601 0.0270378 62.224 -48.866 3.8594
62.3931 -48.8734 3.86808 0.109215 62.224 -48.866 3.8594
62.1883 -48.9409 3.865 0.0273601 62.224 -48.866 3.8594
62.103 -49.1764 3.85613 0.00224506 62.224 -48.866 3.8594
62.3932 -48.7646 3.8632 0.023396 62.224 -48.866 3.8594
62.2693 -49.0422 3.85827 0.117009 62.224 -48.866 3.8594
62.3264 -48.9975 3.86046 0.246594 62.224 -48.866 3.8594
62.4084 -48.792 3.87472 0.00434923 62.224 -48.866 3.8594
62.2693 -49.0422 3.85827 0.117009 62.224 -48.866 3.8594
62.3264 -48.9975 3.86046 0.246594 62.224 -48.866 3.8594
62.3508 -49.0526 3.86567 0.206834 62.224 -48.866 3.8594
62.3931 -48.8734 3.86808 0.109215 62.224 -48.866 3.8594
62.2693 -49.0422 3.85827 0.117009 62.224 -48.866 3.8594
62.2556 -49.1084 3.85801 0.0866285 62.224 -48.866 3.8594
62.2693 -49.0422 3.85827 0.117009 62.224 -48.866 3.8594
62.3931 -48.8734 3.86808 0.109215 62.224 -48.866 3.8594
62.3508 -49.0526 3.86567 0.206834 62.224 -48.866 3.8594
62.3932 -48.7646 3.8632 0.023396 62.224 -48.866 3.8594
62.3404 -49.231 3.86819 0.005898 62.224 -48.866 3.8594
62.3508 -49.0526 3.86567 0.206834 62.224 -48.866 3.8594
62.6106 -48.7811 3.85878 0.00137383 62.224 -48.866 3.8594
62.3931 -48.8734 3.86808 0.109215 62.224 -48.866 3.8594
