-31.2022 -82.9283 2.35779 0.662889 -31.218 -82.759 2.36
-31.2988 -82.8104 2.35969 0.870521 -31.218 -82.759 2.36
-31.1237 -83.0301 2.35903 0.283992 -31.218 -82.759 2.36
-31.1001 -83.0106 2.37046 0.0570235 -31.218 -82.759 2.36
-31.2929 -83.0057 2.36205 0.636357 -31.218 -82.759 2.36
-31.0262 -82.6786 2.35724 0.127227 -31.218 -82.759 2.36
-31.2929 -83.0057 2.36205 0.636357 -31.218 -82.759 2.36
-31.1629 -82.9116 2.36241 0.815904 -31.218 -82.759 2.36
-31.2818 -82.8409 2.35988 0.970139 -31.218 -82.759 2.36
-31.2818 -82.8409 2.35988 0.970139 -31.218 -82.759 2.36
-31.2022 -82.9283 2.35779 0.662889 -31.218 -82.759 2.36
-31.1237 -83.0301 2.35903 0.283992 -31.218 -82.759 2.36
-31.1629 -82.9116 2.36241 0.815904 -31.218 -82.759 2.36
-31.2929 -83.0057 2.36205 0.636357 -31.218 -82.759 2.36
-31.0021 -82.6552 2.35247 0.0308377 -31.218 -82.759 2.36
-31.2929 -83.0057 2.36205 0.636357 -31.218 -82.759 2.36
-31.1629 -82.9116 2.36241 0.815904 -31.218 -82.759 2.36
-31.0883 -82.6194 2.36069 0.0864601 -31.218 -82.759 2.36
-31.2818 -82.8409 2.35988 0.970139 -31.218 -82.759 2.36
-31.041 -83.1314 2.36503 0.108119 -31.218 -82.759 2.36
-31.1379 -82.9932 2.37026 0.0702639 -31.218 -82.759 2.36
-31.0792 -82.8775 2.35824 0.432753 -31.218 -82.759 2.36
-30.9293 -82.9697 2.36185 0.0703256 -31.218 -82.759 2.36
-31.1977 -82.9568 2.36402 0.699866 -31.218 -82.759 2.36
-31.1237 -83.0301 2.35903 0.283992 -31.218 -82.759 2.36
-31.0021 -82.6552 2.35247 0.0308377 -31.218 -82.759 2.36
-31.1237 -83.0301 2.35903 0.283992 -31.218 -82.759 2.36
-31.0673 -82.8052 2.35757 0.36312 -31.218 -82.759 2.36
-31.2929 -83.0057 2.36205 0.636357 -31.218 -82.759 2.36
-31.1909 -82.8496 2.36387 0.578095 -31.218 -82.759 2.36
-31.4526 -82.9546 2.3651 0.1169 -31.218 -82.759 2.36
-31.1977 -82.9568 2.36402 0.699866 -31.218 -82.759 2.36
-31.018 -82.9499 2.3683 0.0703435 -31.218 -82.759 2.36
-31.0792 -82.8775 2.35824 0.432753 -31.218 -82.759 2.36
-31.1977 -82.9568 2.36402 0.699866 -31.218 -82.759 2.36
-31.1977 -82.9568 2.36402 0.699866 -31.218 -82.759 2.36
-31.2022 -82.9283 2.35779 0.662889 -31.218 -82.759 2.36
-31.1246 -82.802 2.36182 0.545673 -31.218 -82.759 2.36
-31.1629 -82.9116 2.36241 0.815904 -31.218 -82.759 2.36
-31.3884 -82.8961 2.36281 0.406964 -31.218 -82.759 2.36
-31.0696 -82.932 2.36125 0.465269 -31.218 -82.759 2.36
-31.1909 -82.8496 2.36387 0.578095 -31.218 -82.759 2.36
-31.1629 -82.9116 2.36241 0.815904 -31.218 -82.759 2.36
-31.1629 -82.9116 2.36241 0.815904 -31.218 -82.759 2.36
-31.2929 -83.0057 2.36205 0.636357 -31.218 -82.759 2.36
-31.2929 -83.0057 2.36205 0.636357 -31.218 -82.759 2.36
-31.174 -82.9241 2.35619 0.398375 -31.218 -82.759 2.36
-31.0792 -82.8775 2.35824 0.432753 -31.218 -82.759 2.36
-31.1237 -83.0301 2.35903 0.283992 -31.218 -82.759 2.36
-31.1237 -83.0301 2.35903 0.283992 -31.218 -82.759 2.36
-31.2929 -83.0057 2.36205 0.636357 -31.218 -82.759 2.36
-31.1629 -82.9116 2.36241 0.815904 -31.218 -82.759 2.36
-31.0696 -82.932 2.36125 0.465269 -31.218 -82.759 2.36
-31.1629 -82.9116 2.36241 0.815904 -31.218 -82.759 2.36
-31.174 -82.9241 2.35619 0.398375 -31.218 -82.759 2.36
-31.0696 -82.932 2.36125 0.465269 -31.218 -82.759 2.36
-31.2929 -83.0057 2.36205 0.636357 -31.218 -82.759 2.36
-31.2988 -82.8104 2.35969 0.870521 -31.218 -82.759 2.36
-31.0792 -82.8775 2.35824 0.432753 -31.218 -82.759 2.36
-31.5409 -82.8364 2.35546 0.0610766 -31.218 -82.759 2.36
-31.2988 -82.8104 2.35969 0.870521 -31.218 -82.759 2.36
-31.2988 -82.8104 2.35969 0.870521 -31.218 -82.759 2.36
-31.2022 -82.9283 2.35779 0.662889 -31.218 -82.759 2.36
-31.2224 -83.2313 2.36715 0.0666553 -31.218 -82.759 2.36
-31.2929 -83.0057 2.36205 0.636357 -31.218 -82.759 2.36
-31.3884 -82.8961 2.36281 0.406964 -31.218 -82.759 2.36
-31.0043 -82.7371 2.35393 0.0656184 -31.218 -82.759 2.36
-31.1909 -82.8496 2.36387 0.578095 -31.218 -82.759 2.36
-31.0673 -82.8052 2.35757 0.36312 -31.218 -82.759 2.36
-31.0707 -82.9973 2.35959 0.283206 -31.218 -82.759 2.36
-31.2988 -82.8104 2.35969 0.870521 -31.218 -82.759 2.36
-31.174 -82.9241 2.35619 0.398375 -31.218 -82.759 2.36
-31.0707 -82.9973 2.35959 0.283206 -31.218 -82.759 2.36
-31.0509 -82.9332 2.35878 0.295177 -31.218 -82.759 2.36
-31.2818 -82.8409 2.35988 0.970139 -31.218 -82.759 2.36
-31.2988 -82.8104 2.35969 0.870521 -31.218 -82.759 2.36
-31.2783 -82.4159 2.35013 0.0119649 -31.218 -82.759 2.36
-31.1977 -82.9568 2.36402 0.699866 -31.218 -82.759 2.36
-31.1246 -82.802 2.36182 0.545673 -31.218 -82.759 2.36
-31.041 -83.1314 2.36503 0.108119 -31.218 -82.759 2.36
-31.1909 -82.8496 2.36387 0.578095 -31.218 -82.759 2.36
-31.1977 -82.9568 2.36402 0.699866 -31.218 -82.759 2.36
-31.2821 -82.9372 2.36549 0.437006 -31.218 -82.759 2.36
-31.2988 -82.8104 2.35969 0.870521 -31.218 -82.759 2.36
-31.0673 -82.8052 2.35757 0.36312 -31.218 -82.759 2.36
-31.126 -82.9846 2.36637 0.328617 -31.218 -82.759 2.36
-31.0696 -82.932 2.36125 0.465269 -31.218 -82.759 2.36
-30.9832 -82.8708 2.36217 0.172316 -31.218 -82.759 2.36
-31.2818 -82.8409 2.35988 0.970139 -31.218 -82.759 2.36
-31.1246 -82.802 2.36182 0.545673 -31.218 -82.759 2.36
-31.2929 -83.0057 2.36205 0.636357 -31.218 -82.759 2.36
-31.2022 -82.9283 2.35779 0.662889 -31.218 -82.759 2.36
-31.2022 -82.9283 2.35779 0.662889 -31.218 -82.759 2.36
-31.126 -82.9846 2.36637 0.328617 -31.218 -82.759 2.36
-31.0673 -82.8052 2.35757 0.36312 -31.218 -82.759 2.36
-31.2929 -83.0057 2.36205 0.636357 -31.218 -82.759 2.36
-30.9867 -82.9779 2.3672 0.079478 -31.218 -82.759 2.36
-31.0792 -82.8775 2.35824 0.432753 -31.218 -82.759 2.36
-31.2821 -82.9372 2.36549 0.437006 -31.218 -82.759 2.36
-31.174 -82.9241 2.35619 0.398375 -31.218 -82.759 2.36
-31.2929 -83.0057 2.36205 0.636357 -31.218 -82.759 2.36
-31.126 -82.9846 2.36637 0.328617 -31.218 -82.759 2.36
-31.2818 -82.8409 2.35988 0.970139 -31.218 -82.759 2.36
-31.0262 -82.6786 2.35724 0.127227 -31.218 -82.759 2.36
-31.018 -82.9499 2.3683 0.0703435 -31.218 -82.759 2.36
-31.2929 -83.0057 2.36205 0.636357 -31.218 -82.759 2.36
-31.0792 -82.8775 2.35824 0.432753 -31.218 -82.759 2.36
-30.945 -83.106 2.36669 0.0360301 -31.218 -82.759 2.36
-31.2988 -82.8104 2.35969 0.870521 -31.218 -82.759 2.36
-30.9867 -82.9779 2.3672 0.079478 -31.218 -82.759 2.36
-31.0792 -82.8775 2.35824 0.432753 -31.218 -82.759 2.36
-31.1629 -82.9116 2.36241 0.815904 -31.218 -82.759 2.36
-31.3884 -82.8961 2.36281 0.406964 -31.218 -82.759 2.36
-31.1246 -82.802 2.36182 0.545673 -31.218 -82.759 2.36
-31.2022 -82.9283 2.35779 0.662889 -31.218 -82.759 2.36
-31.2988 -82.8104 2.35969 0.870521 -31.218 -82.759 2.36
-31.1629 -82.9116 2.36241 0.815904 -31.218 -82.759 2.36
-31.1909 -82.8496 2.36387 0.578095 -31.218 -82.759 2.36
-31.1629 -82.9116 2.36241 0.815904 -31.218 -82.759 2.36
-31.2988 -82.8104 2.35969 0.870521 -31.218 -82.759 2.36
-31.126 -82.9846 2.36637 0.328617 -31.218 -82.759 2.36
-31.2988 -82.8104 2.35969 0.870521 -31.218 -82.759 2.36
-31.018 -82.9499 2.3683 0.0703435 -31.218 -82.759 2.36
-30.9293 -82.9697 2.36185 0.0703256 -31.218 -82.759 2.36
-31.126 -82.9846 2.36637 0.328617 -31.218 -82.759 2.36
-31.0673 -82.8052 2.35757 0.36312 -31.218 -82.759 2.36
-31.0614 -83.1468 2.36584 0.10767 -31.218 -82.759 2.36
-31.0673 -82.8052 2.35757 0.36312 -31.218 -82.759 2.36
-31.1629 -82.9116 2.36241 0.815904 -31.218 -82.759 2.36
-31.2818 -82.8409 2.35988 0.970139 -31.218 -82.759 2.36
-31.0509 -82.9332 2.35878 0.295177 -31.218 -82.759 2.36
-31.2988 -82.8104 2.35969 0.870521 -31.218 -82.759 2.36
-31.1961 -83.1944 2.36706 0.105589 -31.218 -82.759 2.36
-30.9867 -82.9779 2.3672 0.079478 -31.218 -82.759 2.36
-30.9867 -82.9779 2.3672 0.079478 -31.218 -82.759 2.36
-31.058 -83.1009 2.36928 0.0693425 -31.218 -82.759 2.36
-31.2929 -83.0057 2.36205 0.636357 -31.218 -82.759 2.36
-31.1629 -82.9116 2.36241 0.815904 -31.218 -82.759 2.36
-31.1629 -82.9116 2.36241 0.815904 -31.218 -82.759 2.36
-31.2022 -82.9283 2.35779 0.662889 -31.218 -82.759 2.36
-31.1977 -82.9568 2.36402 0.699866 -31.218 -82.759 2.36
-31.0696 -82.932 2.36125 0.465269 -31.218 -82.759 2.36
-30.9867 -82.9779 2.3672 0.079478 -31.218 -82.759 2.36
-31.2818 -82.8409 2.35988 0.970139 -31.218 -82.759 2.36
-31.2818 -82.8409 2.35988 0.970139 -31.218 -82.759 2.36
-31.1977 -82.9568 2.36402 0.699866 -31.218 -82.759 2.36
-31.255 -82.805 2.35085 0.0998556 -31.218 -82.759 2.36
-31.4719 -83.0611 2.36247 0.0916964 -31.218 -82.759 2.36
-31.0696 -82.932 2.36125 0.465269 -31.218 -82.759 2.36
-31.2022 -82.9283 2.35779 0.662889 -31.218 -82.759 2.36
-31.3884 -82.8961 2.36281 0.406964 -31.218 -82.759 2.36
-31.2022 -82.9283 2.35779 0.662889 -31.218 -82.759 2.36
-31.2821 -82.9372 2.36549 0.437006 -31.218 -82.759 2.36
-31.1909 -82.8496 2.36387 0.578095 -31.218 -82.759 2.36
-31.2929 -83.0057 2.36205 0.636357 -31.218 -82.759 2.36
-31.2988 -82.8104 2.35969 0.870521 -31.218 -82.759 2.36
-31.1909 -82.8496 2.36387 0.578095 -31.218 -82.759 2.36
-31.2095 -83.0243 2.3549 0.0932797 -31.218 -82.759 2.36
-31.2929 -83.0057 2.36205 0.636357 -31.218 -82.759 2.36
-31.2022 -82.9283 2.35779 0.662889 -31.218 -82.759 2.36
-31.2988 -82.8104 2.35969 0.870521 -31.218 -82.759 2.36
-31.1977 -82.9568 2.36402 0.699866 -31.218 -82.759 2.36
-31.174 -82.9241 2.35619 0.398375 -31.218 -82.759 2.36
-31.2821 -82.9372 2.36549 0.437006 -31.218 -82.759 2.36
-31.1246 -82.802 2.36182 0.545673 -31.218 -82.759 2.36
-31.0509 -82.9332 2.35878 0.295177 -31.218 -82.759 2.36
-31.1977 -82.9568 2.36402 0.699866 -31.218 -82.759 2.36
-31.1246 -82.802 2.36182 0.545673 -31.218 -82.759 2.36
-31.2818 -82.8409 2.35988 0.970139 -31.218 -82.759 2.36
-31.0792 -82.8775 2.35824 0.432753 -31.218 -82.759 2.36
-31.1977 -82.9568 2.36402 0.699866 -31.218 -82.759 2.36
-31.0707 -82.9973 2.35959 0.283206 -31.218 -82.759 2.36
-31.1977 -82.9568 2.36402 0.699866 -31.218 -82.759 2.36
-31.3884 -82.8961 2.36281 0.406964 -31.218 -82.759 2.36
-31.0673 -82.8052 2.35757 0.36312 -31.218 -82.759 2.36
-31.0673 -82.8052 2.35757 0.36312 -31.218 -82.759 2.36
-31.1977 -82.9568 2.36402 0.699866 -31.218 -82.759 2.36
-31.1246 -82.802 2.36182 0.545673 -31.218 -82.759 2.36
-31.2818 -82.8409 2.35988 0.970139 -31.218 -82.759 2.36
-31.0696 -82.932 2.36125 0.465269 -31.218 -82.759 2.36
-31.2022 -82.9283 2.35779 0.662889 -31.218 -82.759 2.36
-31.0792 -82.8775 2.35824 0.432753 -31.218 -82.759 2.36
-31.1629 -82.9116 2.36241 0.815904 -31.218 -82.759 2.36
-31.2224 -83.2313 2.36715 0.0666553 -31.218 -82.759 2.36
-31.2929 -83.0057 2.36205 0.636357 -31.218 -82.759 2.36
-31.2988 -82.8104 2.35969 0.870521 -31.218 -82.759 2.36
-31.1977 -82.9568 2.36402 0.699866 -31.218 -82.759 2.36
-31.1909 -82.8496 2.36387 0.578095 -31.218 -82.759 2.36
-31.174 -82.9241 2.35619 0.398375 -31.218 -82.759 2.36
-31.5047 -82.6417 2.35352 0.0532546 -31.218 -82.759 2.36
-31.0792 -82.8775 2.35824 0.432753 -31.218 -82.759 2.36
-31.2022 -82.9283 2.35779 0.662889 -31.218 -82.759 2.36
-31.3929 -82.4965 2.34948 0.0196488 -31.218 -82.759 2.36
-31.0614 -83.1468 2.36584 0.10767 -31.218 -82.759 2.36
-31.2818 -82.8409 2.35988 0.970139 -31.218 -82.759 2.36
-31.1246 -82.802 2.36182 0.545673 -31.218 -82.759 2.36
-31.0509 -82.9332 2.35878 0.295177 -31.218 -82.759 2.36
-31.1909 -82.8496 2.36387 0.578095 -31.218 -82.759 2.36
-31.1246 -82.802 2.36182 0.545673 -31.218 -82.759 2.36
-31.3433 -82.5775 2.36067 0.058106 -31.218 -82.759 2.36
