273.112 -8.92478 4.08608 0.0851763 272.62 -8.8408 4.059
272.592 -8.76589 4.06463 0.0549168 272.62 -8.8408 4.059
272.826 -8.89215 4.07212 0.216922 272.62 -8.8408 4.059
272.684 -8.79725 4.07354 0.197542 272.62 -8.8408 4.059
272.787 -8.89967 4.08675 0.0028683 272.62 -8.8408 4.059
272.863 -8.91786 4.07311 0.196423 272.62 -8.8408 4.059
272.784 -8.96285 4.07156 0.183369 272.62 -8.8408 4.059
272.784 -8.96285 4.07156 0.183369 272.62 -8.8408 4.059
273.048 -8.95173 4.07783 0.0751997 272.62 -8.8408 4.059
272.333 -8.83768 4.0606 0.0148607 272.62 -8.8408 4.059
272.684 -8.79725 4.07354 0.197542 272.62 -8.8408 4.059
272.57 -8.97366 4.06367 0.0488081 272.62 -8.8408 4.059
272.889 -9.11507 4.07944 0.0281057 272.62 -8.8408 4.059
272.684 -8.79725 4.07354 0.197542 272.62 -8.8408 4.059
272.863 -8.91786 4.07311 0.196423 272.62 -8.8408 4.059
272.684 -8.79725 4.07354 0.197542 272.62 -8.8408 4.059
272.587 -8.9634 4.07206 0.0950736 272.62 -8.8408 4.059
272.592 -8.76589 4.06463 0.0549168 272.62 -8.8408 4.059
272.784 -8.96285 4.07156 0.183369 272.62 -8.8408 4.059
272.863 -8.91786 4.07311 0.196423 272.62 -8.8408 4.059
272.592 -8.76589 4.06463 0.0549168 272.62 -8.8408 4.059
272.784 -8.96285 4.07156 0.183369 272.62 -8.8408 4.059
272.606 -8.94994 4.06487 0.0749752 272.62 -8.8408 4.059
272.784 -8.96285 4.07156 0.183369 272.62 -8.8408 4.059
273.037 -8.98568 4.08496 0.0770417 272.62 -8.8408 4.059
272.726 -8.63835 4.07027 0.0272942 272.62 -8.8408 4.059
272.863 -8.91786 4.07311 0.196423 272.62 -8.8408 4.059
273.113 -8.93575 4.08357 0.0945232 272.62 -8.8408 4.059
272.826 -8.89215 4.07212 0.216922 272.62 -8.8408 4.059
272.684 -8.79725 4.07354 0.197542 272.62 -8.8408 4.059
272.994 -8.72574 4.07535 0.0411666 272.62 -8.8408 4.059
272.468 -8.85686 4.06858 0.0542144 272.62 -8.8408 4.059
273.113 -8.93575 4.08357 0.0945232 272.62 -8.8408 4.059
272.281 -8.84275 4.05909 0.00761881 272.62 -8.8408 4.059
272.684 -8.79725 4.07354 0.197542 272.62 -8.8408 4.059
272.826 -8.89215 4.07212 0.216922 272.62 -8.8408 4.059
272.606 -8.94994 4.06487 0.0749752 272.62 -8.8408 4.059
272.383 -8.8407 4.06756 0.0162351 272.62 -8.8408 4.059
272.606 -8.94994 4.06487 0.0749752 272.62 -8.8408 4.059
272.863 -8.91786 4.07311 0.196423 272.62 -8.8408 4.059
273.112 -8.92478 4.08608 0.0851763 272.62 -8.8408 4.059
272.606 -8.94994 4.06487 0.0749752 272.62 -8.8408 4.059
272.644 -8.67002 4.07053 0.0454348 272.62 -8.8408 4.059
272.784 -8.96285 4.07156 0.183369 272.62 -8.8408 4.059
272.863 -8.91786 4.07311 0.196423 272.62 -8.8408 4.059
272.587 -8.9634 4.07206 0.0950736 272.62 -8.8408 4.059
273.048 -8.95173 4.07783 0.0751997 272.62 -8.8408 4.059
272.606 -8.94994 4.06487 0.0749752 272.62 -8.8408 4.059
273.113 -8.93575 4.08357 0.0945232 272.62 -8.8408 4.059
273.048 -8.95173 4.07783 0.0751997 272.62 -8.8408 4.059
272.583 -9.08829 4.06703 0.026124 272.62 -8.8408 4.059
272.863 -8.91786 4.07311 0.196423 272.62 -8.8408 4.059
272.994 -8.72574 4.07535 0.0411666 272.62 -8.8408 4.059
272.57 -8.97366 4.06367 0.0488081 272.62 -8.8408 4.059
272.684 -8.79725 4.07354 0.197542 272.62 -8.8408 4.059
272.863 -8.91786 4.07311 0.196423 272.62 -8.8408 4.059
272.863 -8.91786 4.07311 0.196423 272.62 -8.8408 4.059
272.606 -8.94994 4.06487 0.0749752 272.62 -8.8408 4.059
272.863 -8.91786 4.07311 0.196423 272.62 -8.8408 4.059
272.784 -8.96285 4.07156 0.183369 272.62 -8.8408 4.059
272.738 -9.08294 4.06976 0.0390291 272.62 -8.8408 4.059
272.738 -9.08294 4.06976 0.0390291 272.62 -8.8408 4.059
272.281 -8.84275 4.05909 0.00761881 272.62 -8.8408 4.059
272.684 -8.79725 4.07354 0.197542 272.62 -8.8408 4.059
272.826 -8.89215 4.07212 0.216922 272.62 -8.8408 4.059
272.459 -8.82456 4.07139 0.0191582 272.62 -8.8408 4.059
272.863 -8.91786 4.07311 0.196423 272.62 -8.8408 4.059
272.784 -8.96285 4.07156 0.183369 272.62 -8.8408 4.059
272.784 -8.96285 4.07156 0.183369 272.62 -8.8408 4.059
272.723 -9.04979 4.06909 0.0582337 272.62 -8.8408 4.059
272.606 -8.94994 4.06487 0.0749752 272.62 -8.8408 4.059
272.784 -8.96285 4.07156 0.183369 272.62 -8.8408 4.059
273.112 -8.92478 4.08608 0.0851763 272.62 -8.8408 4.059
273.048 -8.95173 4.07783 0.0751997 272.62 -8.8408 4.059
272.863 -8.91786 4.07311 0.196423 272.62 -8.8408 4.059
272.994 -8.72574 4.07535 0.0411666 272.62 -8.8408 4.059
272.826 -8.89215 4.07212 0.216922 272.62 -8.8408 4.059
272.88 -8.68877 4.0723 0.0371604 272.62 -8.8408 4.059
272.738 -9.08294 4.06976 0.0390291 272.62 -8.8408 4.059
272.831 -9.12488 4.07319 0.0229864 272.62 -8.8408 4.059
272.88 -8.68877 4.0723 0.0371604 272.62 -8.8408 4.059
272.684 -8.79725 4.07354 0.197542 272.62 -8.8408 4.059
272.863 -8.91786 4.07311 0.196423 272.62 -8.8408 4.059
273.112 -8.92478 4.08608 0.0851763 272.62 -8.8408 4.059
272.684 -8.79725 4.07354 0.197542 272.62 -8.8408 4.059
272.684 -8.79725 4.07354 0.197542 272.62 -8.8408 4.059
272.738 -9.08294 4.06976 0.0390291 272.62 -8.8408 4.059
272.684 -8.79725 4.07354 0.197542 272.62 -8.8408 4.059
272.863 -8.91786 4.07311 0.196423 272.62 -8.8408 4.059
272.826 -8.89215 4.07212 0.216922 272.62 -8.8408 4.059
272.893 -8.79684 4.06847 0.0151499 272.62 -8.8408 4.059
272.644 -8.67002 4.07053 0.0454348 272.62 -8.8408 4.059
272.333 -8.83768 4.0606 0.0148607 272.62 -8.8408 4.059
273.113 -8.93575 4.08357 0.0945232 272.62 -8.8408 4.059
273.048 -8.95173 4.07783 0.0751997 272.62 -8.8408 4.059
273.037 -8.98568 4.08496 0.0770417 272.62 -8.8408 4.059
272.644 -8.67002 4.07053 0.0454348 272.62 -8.8408 4.059
272.784 -8.96285 4.07156 0.183369 272.62 -8.8408 4.059
272.583 -9.08829 4.06703 0.026124 272.62 -8.8408 4.059
272.826 -8.89215 4.07212 0.216922 272.62 -8.8408 4.059
273.113 -8.93575 4.08357 0.0945232 272.62 -8.8408 4.059
272.468 -8.85686 4.06858 0.0542144 272.62 -8.8408 4.059
272.826 -8.89215 4.07212 0.216922 272.62 -8.8408 4.059
272.583 -9.08829 4.06703 0.026124 272.62 -8.8408 4.059
272.863 -8.91786 4.07311 0.196423 272.62 -8.8408 4.059
272.57 -8.97366 4.06367 0.0488081 272.62 -8.8408 4.059
272.606 -8.94994 4.06487 0.0749752 272.62 -8.8408 4.059
272.994 -8.72574 4.07535 0.0411666 272.62 -8.8408 4.059
272.784 -8.96285 4.07156 0.183369 272.62 -8.8408 4.059
272.863 -8.91786 4.07311 0.196423 272.62 -8.8408 4.059
272.592 -8.76589 4.06463 0.0549168 272.62 -8.8408 4.059
272.826 -8.89215 4.07212 0.216922 272.62 -8.8408 4.059
272.784 -8.96285 4.07156 0.183369 272.62 -8.8408 4.059
272.826 -8.89215 4.07212 0.216922 272.62 -8.8408 4.059
272.587 -8.9634 4.07206 0.0950736 272.62 -8.8408 4.059
273.037 -8.98568 4.08496 0.0770417 272.62 -8.8408 4.059
272.57 -8.97366 4.06367 0.0488081 272.62 -8.8408 4.059
272.863 -8.91786 4.07311 0.196423 272.62 -8.8408 4.059
273.113 -8.93575 4.08357 0.0945232 272.62 -8.8408 4.059
273.037 -8.98568 4.08496 0.0770417 272.62 -8.8408 4.059
272.606 -8.94994 4.06487 0.0749752 272.62 -8.8408 4.059
273.112 -8.92478 4.08608 0.0851763 272.62 -8.8408 4.059
272.606 -8.94994 4.06487 0.0749752 272.62 -8.8408 4.059
272.826 -8.89215 4.07212 0.216922 272.62 -8.8408 4.059
272.684 -8.79725 4.07354 0.197542 272.62 -8.8408 4.059
273.037 -8.98568 4.08496 0.0770417 272.62 -8.8408 4.059
272.587 -8.9634 4.07206 0.0950736 272.62 -8.8408 4.059
272.587 -8.9634 4.07206 0.0950736 272.62 -8.8408 4.059
273.113 -8.93575 4.08357 0.0945232 272.62 -8.8408 4.059
272.468 -8.85686 4.06858 0.0542144 272.62 -8.8408 4.059
272.281 -8.84275 4.05909 0.00761881 272.62 -8.8408 4.059
273.113 -8.93575 4.08357 0.0945232 272.62 -8.8408 4.059
272.592 -8.76589 4.06463 0.0549168 272.62 -8.8408 4.059
272.863 -8.91786 4.07311 0.196423 272.62 -8.8408 4.059
272.784 -8.96285 4.07156 0.183369 272.62 -8.8408 4.059
272.684 -8.79725 4.07354 0.197542 272.62 -8.8408 4.059
272.863 -8.91786 4.07311 0.196423 272.62 -8.8408 4.059
272.684 -8.79725 4.07354 0.197542 272.62 -8.8408 4.059
272.863 -8.91786 4.07311 0.196423 272.62 -8.8408 4.059
272.587 -8.9634 4.07206 0.0950736 272.62 -8.8408 4.059
272.644 -8.67002 4.07053 0.0454348 272.62 -8.8408 4.059
272.684 -8.79725 4.07354 0.197542 272.62 -8.8408 4.059
272.723 -8.97718 4.06358 0.0119147 272.62 -8.8408 4.059
273.113 -8.93575 4.08357 0.0945232 272.62 -8.8408 4.059
272.826 -8.89215 4.07212 0.216922 272.62 -8.8408 4.059
272.57 -8.97366 4.06367 0.0488081 272.62 -8.8408 4.059
273.112 -8.92478 4.08608 0.0851763 272.62 -8.8408 4.059
272.994 -8.72574 4.07535 0.0411666 272.62 -8.8408 4.059
273.048 -8.95173 4.07783 0.0751997 272.62 -8.8408 4.059
272.826 -8.89215 4.07212 0.216922 272.62 -8.8408 4.059
272.25 -8.68617 4.06393 0.00071879 272.62 -8.8408 4.059
273.112 -8.92478 4.08608 0.0851763 272.62 -8.8408 4.059
272.826 -8.89215 4.07212 0.216922 272.62 -8.8408 4.059
272.723 -9.04979 4.06909 0.0582337 272.62 -8.8408 4.059
273.037 -8.98568 4.08496 0.0770417 272.62 -8.8408 4.059
272.826 -8.89215 4.07212 0.216922 272.62 -8.8408 4.059
272.863 -8.91786 4.07311 0.196423 272.62 -8.8408 4.059
272.88 -8.68877 4.0723 0.0371604 272.62 -8.8408 4.059
272.587 -8.9634 4.07206 0.0950736 272.62 -8.8408 4.059
272.826 -8.89215 4.07212 0.216922 272.62 -8.8408 4.059
272.784 -8.96285 4.07156 0.183369 272.62 -8.8408 4.059
272.606 -8.94994 4.06487 0.0749752 272.62 -8.8408 4.059
272.684 -8.79725 4.07354 0.197542 272.62 -8.8408 4.059
272.723 -9.04979 4.06909 0.0582337 272.62 -8.8408 4.059
273.113 -8.93575 4.08357 0.0945232 272.62 -8.8408 4.059
272.826 -8.89215 4.07212 0.216922 272.62 -8.8408 4.059
272.738 -9.08294 4.06976 0.0390291 272.62 -8.8408 4.059
272.863 -8.91786 4.07311 0.196423 272.62 -8.8408 4.059
272.723 -9.04979 4.06909 0.0582337 272.62 -8.8408 4.059
272.592 -8.76589 4.06463 0.0549168 272.62 -8.8408 4.059
272.684 -8.79725 4.07354 0.197542 272.62 -8.8408 4.059
272.819 -8.57067 4.08153 0.00347306 272.62 -8.8408 4.059
272.57 -8.97366 4.06367 0.0488081 272.62 -8.8408 4.059
273.113 -8.93575 4.08357 0.0945232 272.62 -8.8408 4.059
273.112 -8.92478 4.08608 0.0851763 272.62 -8.8408 4.059
272.826 -8.89215 4.07212 0.216922 272.62 -8.8408 4.059
272.784 -8.96285 4.07156 0.183369 272.62 -8.8408 4.059
273.112 -8.92478 4.08608 0.0851763 272.62 -8.8408 4.059
272.863 -8.91786 4.07311 0.196423 272.62 -8.8408 4.059
273.112 -8.92478 4.08608 0.0851763 272.62 -8.8408 4.059
272.863 -8.91786 4.07311 0.196423 272.62 -8.8408 4.059
272.826 -8.89215 4.07212 0.216922 272.62 -8.8408 4.059
272.784 -8.96285 4.07156 0.183369 272.62 -8.8408 4.059
272.784 -8.96285 4.07156 0.183369 272.62 -8.8408 4.059
272.723 -9.04979 4.06909 0.0582337 272.62 -8.8408 4.059
273.037 -8.98568 4.08496 0.0770417 272.62 -8.8408 4.059
272.684 -8.79725 4.07354 0.197542 272.62 -8.8408 4.059
272.677 -8.91286 4.08127 0.0117319 272.62 -8.8408 4.059
272.684 -8.79725 4.07354 0.197542 272.62 -8.8408 4.059
272.994 -8.72574 4.07535 0.0411666 272.62 -8.8408 4.059
272.723 -9.04979 4.06909 0.0582337 272.62 -8.8408 4.059
272.324 -8.59726 4.06295 0.000664699 272.62 -8.8408 4.059
273.112 -8.92478 4.08608 0.0851763 272.62 -8.8408 4.059
273.048 -8.95173 4.07783 0.0751997 272.62 -8.8408 4.059
272.863 -8.91786 4.07311 0.196423 272.62 -8.8408 4.059
272.996 -8.98402 4.06888 0.00157086 272.62 -8.8408 4.059
272.281 -8.84275 4.05909 0.00761881 272.62 -8.8408 4.059
272.635 -8.63099 4.07404 0.0149116 272.62 -8.8408 4.059
273.113 -8.93575 4.08357 0.0945232 272.62 -8.8408 4.059
272.587 -8.9634 4.07206 0.0950736 272.62 -8.8408 4.059
