-18.1276 -91.9216 2.73169 0.0592536 -18.292 -91.751 2.7349
-18.2659 -91.6926 2.72749 0.0224881 -18.292 -91.751 2.7349
-17.9131 -92.0624 2.74083 0.00618156 -18.292 -91.751 2.7349
-17.8947 -91.6757 2.73703 0.00665229 -18.292 -91.751 2.7349
-18.1393 -91.8015 2.72842 0.0320254 -18.292 -91.751 2.7349
-18.3321 -91.5803 2.72519 0.00343536 -18.292 -91.751 2.7349
-18.294 -91.8497 2.73038 0.0600755 -18.292 -91.751 2.7349
-18.0259 -91.9529 2.73978 0.034925 -18.292 -91.751 2.7349
-18.2402 -91.8761 2.73635 0.0686194 -18.292 -91.751 2.7349
-18.3538 -91.5704 2.72975 0.00675924 -18.292 -91.751 2.7349
-17.9242 -91.856 2.73182 0.0101008 -18.292 -91.751 2.7349
-18.294 -91.8497 2.73038 0.0600755 -18.292 -91.751 2.7349
-18.1254 -91.7507 2.73703 0.059535 -18.292 -91.751 2.7349
-18.4477 -91.5461 2.73081 0.00182704 -18.292 -91.751 2.7349
-18.1567 -91.9688 2.7366 0.0621196 -18.292 -91.751 2.7349
-18.2233 -91.594 2.73706 0.00919381 -18.292 -91.751 2.7349
-18.294 -91.8497 2.73038 0.0600755 -18.292 -91.751 2.7349
-18.1254 -91.7507 2.73703 0.059535 -18.292 -91.751 2.7349
-18.3363 -91.9002 2.73433 0.042827 -18.292 -91.751 2.7349
-18.385 -91.8069 2.73529 0.0217078 -18.292 -91.751 2.7349
-18.4029 -91.7573 2.73267 0.0227347 -18.292 -91.751 2.7349
-18.2659 -91.6926 2.72749 0.0224881 -18.292 -91.751 2.7349
-18.2123 -91.8376 2.73407 0.0962748 -18.292 -91.751 2.7349
-18.4017 -91.8943 2.73164 0.0263375 -18.292 -91.751 2.7349
-17.7967 -91.6759 2.73998 0.00128876 -18.292 -91.751 2.7349
-18.4029 -91.7573 2.73267 0.0227347 -18.292 -91.751 2.7349
-18.1254 -91.7507 2.73703 0.059535 -18.292 -91.751 2.7349
-18.2618 -91.6934 2.73676 0.0261211 -18.292 -91.751 2.7349
-18.1254 -91.7507 2.73703 0.059535 -18.292 -91.751 2.7349
-18.358 -91.5944 2.73464 0.00593713 -18.292 -91.751 2.7349
-18.0259 -91.9529 2.73978 0.034925 -18.292 -91.751 2.7349
-18.2618 -91.6934 2.73676 0.0261211 -18.292 -91.751 2.7349
-18.1276 -91.9216 2.73169 0.0592536 -18.292 -91.751 2.7349
-18.294 -91.8497 2.73038 0.0600755 -18.292 -91.751 2.7349
-18.4154 -91.5401 2.73446 0.00131569 -18.292 -91.751 2.7349
-18.3363 -91.9002 2.73433 0.042827 -18.292 -91.751 2.7349
-18.2313 -91.9434 2.73838 0.0388885 -18.292 -91.751 2.7349
-18.294 -91.8497 2.73038 0.0600755 -18.292 -91.751 2.7349
-18.2123 -91.8376 2.73407 0.0962748 -18.292 -91.751 2.7349
-17.8947 -91.6757 2.73703 0.00665229 -18.292 -91.751 2.7349
-18.1276 -91.9216 2.73169 0.0592536 -18.292 -91.751 2.7349
-18.2579 -91.6503 2.7393 0.00712878 -18.292 -91.751 2.7349
-18.1567 -91.9688 2.7366 0.0621196 -18.292 -91.751 2.7349
-18.294 -91.8497 2.73038 0.0600755 -18.292 -91.751 2.7349
-18.294 -91.8497 2.73038 0.0600755 -18.292 -91.751 2.7349
-18.3363 -91.9002 2.73433 0.042827 -18.292 -91.751 2.7349
-18.2123 -91.8376 2.73407 0.0962748 -18.292 -91.751 2.7349
-18.1276 -91.9216 2.73169 0.0592536 -18.292 -91.751 2.7349
-18.2402 -91.8761 2.73635 0.0686194 -18.292 -91.751 2.7349
-18.2053 -92.1203 2.73783 0.00985669 -18.292 -91.751 2.7349
-18.2123 -91.8376 2.73407 0.0962748 -18.292 -91.751 2.7349
-18.3363 -91.9002 2.73433 0.042827 -18.292 -91.751 2.7349
-18.0259 -91.9529 2.73978 0.034925 -18.292 -91.751 2.7349
-18.2402 -91.8761 2.73635 0.0686194 -18.292 -91.751 2.7349
-18.4017 -91.8943 2.73164 0.0263375 -18.292 -91.751 2.7349
-18.1232 -92.2679 2.73754 0.000810677 -18.292 -91.751 2.7349
-18.4721 -91.9969 2.7321 0.00550778 -18.292 -91.751 2.7349
-18.385 -91.8069 2.73529 0.0217078 -18.292 -91.751 2.7349
-18.391 -91.9176 2.72838 0.0188664 -18.292 -91.751 2.7349
-18.4017 -91.8943 2.73164 0.0263375 -18.292 -91.751 2.7349
-18.4017 -91.8943 2.73164 0.0263375 -18.292 -91.751 2.7349
-18.2123 -91.8376 2.73407 0.0962748 -18.292 -91.751 2.7349
-18.294 -91.8497 2.73038 0.0600755 -18.292 -91.751 2.7349
-18.1254 -91.7507 2.73703 0.059535 -18.292 -91.751 2.7349
-18.2404 -91.9054 2.72632 0.016442 -18.292 -91.751 2.7349
-18.2123 -91.8376 2.73407 0.0962748 -18.292 -91.751 2.7349
-18.385 -91.8069 2.73529 0.0217078 -18.292 -91.751 2.7349
-18.1254 -91.7507 2.73703 0.059535 -18.292 -91.751 2.7349
-18.1254 -91.7507 2.73703 0.059535 -18.292 -91.751 2.7349
-18.1276 -91.9216 2.73169 0.0592536 -18.292 -91.751 2.7349
-18.3345 -91.9369 2.74231 0.00250357 -18.292 -91.751 2.7349
-18.1254 -91.7507 2.73703 0.059535 -18.292 -91.751 2.7349
-18.3363 -91.9002 2.73433 0.042827 -18.292 -91.751 2.7349
-18.1133 -92.0339 2.72679 0.0033303 -18.292 -91.751 2.7349
-18.2402 -91.8761 2.73635 0.0686194 -18.292 -91.751 2.7349
-17.8967 -92.0655 2.73421 0.0033062 -18.292 -91.751 2.7349
-18.2402 -91.8761 2.73635 0.0686194 -18.292 -91.751 2.7349
-18.1567 -91.9688 2.7366 0.0621196 -18.292 -91.751 2.7349
-18.1276 -91.9216 2.73169 0.0592536 -18.292 -91.751 2.7349
-18.5028 -91.7162 2.73615 0.00152948 -18.292 -91.751 2.7349
-18.1567 -91.9688 2.7366 0.0621196 -18.292 -91.751 2.7349
-18.1254 -91.7507 2.73703 0.059535 -18.292 -91.751 2.7349
-17.9242 -91.856 2.73182 0.0101008 -18.292 -91.751 2.7349
-18.2659 -91.6926 2.72749 0.0224881 -18.292 -91.751 2.7349
-18.2123 -91.8376 2.73407 0.0962748 -18.292 -91.751 2.7349
-18.1254 -91.7507 2.73703 0.059535 -18.292 -91.751 2.7349
-18.2123 -91.8376 2.73407 0.0962748 -18.292 -91.751 2.7349
-18.2313 -91.9434 2.73838 0.0388885 -18.292 -91.751 2.7349
-18.2123 -91.8376 2.73407 0.0962748 -18.292 -91.751 2.7349
-18.1254 -91.7507 2.73703 0.059535 -18.292 -91.751 2.7349
-18.2402 -91.8761 2.73635 0.0686194 -18.292 -91.751 2.7349
-18.1276 -91.9216 2.73169 0.0592536 -18.292 -91.751 2.7349
-18.2123 -91.8376 2.73407 0.0962748 -18.292 -91.751 2.7349
-18.391 -91.9176 2.72838 0.0188664 -18.292 -91.751 2.7349
-18.2579 -91.6503 2.7393 0.00712878 -18.292 -91.751 2.7349
-18.1567 -91.9688 2.7366 0.0621196 -18.292 -91.751 2.7349
-18.2123 -91.8376 2.73407 0.0962748 -18.292 -91.751 2.7349
-18.2053 -92.1203 2.73783 0.00985669 -18.292 -91.751 2.7349
-18.4721 -91.9969 2.7321 0.00550778 -18.292 -91.751 2.7349
-18.0853 -91.928 2.7478 0.00090215 -18.292 -91.751 2.7349
-18.1567 -91.9688 2.7366 0.0621196 -18.292 -91.751 2.7349
-18.2402 -91.8761 2.73635 0.0686194 -18.292 -91.751 2.7349
-18.294 -91.8497 2.73038 0.0600755 -18.292 -91.751 2.7349
-18.2307 -91.9323 2.72839 0.0303818 -18.292 -91.751 2.7349
-18.2618 -91.6934 2.73676 0.0261211 -18.292 -91.751 2.7349
-18.2313 -91.9434 2.73838 0.0388885 -18.292 -91.751 2.7349
-18.1254 -91.7507 2.73703 0.059535 -18.292 -91.751 2.7349
-17.94 -91.7186 2.74192 0.00707935 -18.292 -91.751 2.7349
-18.2123 -91.8376 2.73407 0.0962748 -18.292 -91.751 2.7349
-18.2123 -91.8376 2.73407 0.0962748 -18.292 -91.751 2.7349
-18.1567 -91.9688 2.7366 0.0621196 -18.292 -91.751 2.7349
-18.3649 -91.4283 2.73348 0.000326824 -18.292 -91.751 2.7349
-18.1393 -91.8015 2.72842 0.0320254 -18.292 -91.751 2.7349
-18.385 -91.8069 2.73529 0.0217078 -18.292 -91.751 2.7349
-18.0246 -92.1103 2.74344 0.00336217 -18.292 -91.751 2.7349
-18.2123 -91.8376 2.73407 0.0962748 -18.292 -91.751 2.7349
-18.2618 -91.6934 2.73676 0.0261211 -18.292 -91.751 2.7349
-17.9242 -91.856 2.73182 0.0101008 -18.292 -91.751 2.7349
-18.2123 -91.8376 2.73407 0.0962748 -18.292 -91.751 2.7349
-18.0259 -91.9529 2.73978 0.034925 -18.292 -91.751 2.7349
-18.1254 -91.7507 2.73703 0.059535 -18.292 -91.751 2.7349
-18.2123 -91.8376 2.73407 0.0962748 -18.292 -91.751 2.7349
-18.2123 -91.8376 2.73407 0.0962748 -18.292 -91.751 2.7349
-18.3363 -91.9002 2.73433 0.042827 -18.292 -91.751 2.7349
-18.2123 -91.8376 2.73407 0.0962748 -18.292 -91.751 2.7349
-18.385 -91.8069 2.73529 0.0217078 -18.292 -91.751 2.7349
-18.1276 -91.9216 2.73169 0.0592536 -18.292 -91.751 2.7349
-18.4029 -91.7573 2.73267 0.0227347 -18.292 -91.751 2.7349
-18.1254 -91.7507 2.73703 0.059535 -18.292 -91.751 2.7349
-18.1567 -91.9688 2.7366 0.0621196 -18.292 -91.751 2.7349
-18.2307 -91.9323 2.72839 0.0303818 -18.292 -91.751 2.7349
-18.4029 -91.7573 2.73267 0.0227347 -18.292 -91.751 2.7349
-18.2618 -91.6934 2.73676 0.0261211 -18.292 -91.751 2.7349
-18.1254 -91.7507 2.73703 0.059535 -18.292 -91.751 2.7349
-18.294 -91.8497 2.73038 0.0600755 -18.292 -91.751 2.7349
-18.385 -91.8069 2.73529 0.0217078 -18.292 -91.751 2.7349
-18.2123 -91.8376 2.73407 0.0962748 -18.292 -91.751 2.7349
-18.5348 -91.812 2.7271 0.0038791 -18.292 -91.751 2.7349
-18.1276 -91.9216 2.73169 0.0592536 -18.292 -91.751 2.7349
-18.294 -91.8497 2.73038 0.0600755 -18.292 -91.751 2.7349
-18.2618 -91.6934 2.73676 0.0261211 -18.292 -91.751 2.7349
-18.1567 -91.9688 2.7366 0.0621196 -18.292 -91.751 2.7349
-18.2123 -91.8376 2.73407 0.0962748 -18.292 -91.751 2.7349
-18.385 -91.8069 2.73529 0.0217078 -18.292 -91.751 2.7349
-18.294 -91.8497 2.73038 0.0600755 -18.292 -91.751 2.7349
-18.1567 -91.9688 2.7366 0.0621196 -18.292 -91.751 2.7349
-18.0259 -91.9529 2.73978 0.034925 -18.292 -91.751 2.7349
-17.94 -91.7186 2.74192 0.00707935 -18.292 -91.751 2.7349
-18.2313 -91.9434 2.73838 0.0388885 -18.292 -91.751 2.7349
-18.3345 -91.9369 2.74231 0.00250357 -18.292 -91.751 2.7349
-18.2579 -91.6503 2.7393 0.00712878 -18.292 -91.751 2.7349
-18.3363 -91.9002 2.73433 0.042827 -18.292 -91.751 2.7349
-18.2659 -91.6926 2.72749 0.0224881 -18.292 -91.751 2.7349
-18.2402 -91.8761 2.73635 0.0686194 -18.292 -91.751 2.7349
-18.2404 -91.9054 2.72632 0.016442 -18.292 -91.751 2.7349
-18.2307 -91.9323 2.72839 0.0303818 -18.292 -91.751 2.7349
-18.1276 -91.9216 2.73169 0.0592536 -18.292 -91.751 2.7349
-18.5348 -91.812 2.7271 0.0038791 -18.292 -91.751 2.7349
-18.1276 -91.9216 2.73169 0.0592536 -18.292 -91.751 2.7349
-18.3321 -91.5803 2.72519 0.00343536 -18.292 -91.751 2.7349
-18.2233 -91.594 2.73706 0.00919381 -18.292 -91.751 2.7349
-18.391 -91.9176 2.72838 0.0188664 -18.292 -91.751 2.7349
-18.294 -91.8497 2.73038 0.0600755 -18.292 -91.751 2.7349
-18.3363 -91.9002 2.73433 0.042827 -18.292 -91.751 2.7349
-18.2404 -91.9054 2.72632 0.016442 -18.292 -91.751 2.7349
-18.3363 -91.9002 2.73433 0.042827 -18.292 -91.751 2.7349
-18.1276 -91.9216 2.73169 0.0592536 -18.292 -91.751 2.7349
-18.2659 -91.6926 2.72749 0.0224881 -18.292 -91.751 2.7349
-18.294 -91.8497 2.73038 0.0600755 -18.292 -91.751 2.7349
-18.4017 -91.8943 2.73164 0.0263375 -18.292 -91.751 2.7349
-18.44 -91.8554 2.73726 0.00559786 -18.292 -91.751 2.7349
-18.2313 -91.9434 2.73838 0.0388885 -18.292 -91.751 2.7349
-18.2123 -91.8376 2.73407 0.0962748 -18.292 -91.751 2.7349
-18.1276 -91.9216 2.73169 0.0592536 -18.292 -91.751 2.7349
-18.1393 -91.8015 2.72842 0.0320254 -18.292 -91.751 2.7349
-18.3363 -91.9002 2.73433 0.042827 -18.292 -91.751 2.7349
-18.294 -91.8497 2.73038 0.0600755 -18.292 -91.751 2.7349
-18.2579 -91.6503 2.7393 0.00712878 -18.292 -91.751 2.7349
-18.2402 -91.8761 2.73635 0.0686194 -18.292 -91.751 2.7349
-18.1254 -91.7507 2.73703 0.059535 -18.292 -91.751 2.7349
-18.1567 -91.9688 2.7366 0.0621196 -18.292 -91.751 2.7349
-18.2618 -91.6934 2.73676 0.0261211 -18.292 -91.751 2.7349
-18.0454 -91.671 2.7422 0.00595818 -18.292 -91.751 2.7349
-18.1254 -91.7507 2.73703 0.059535 -18.292 -91.751 2.7349
-18.2402 -91.8761 2.73635 0.0686194 -18.292 -91.751 2.7349
-18.2123 -91.8376 2.73407 0.0962748 -18.292 -91.751 2.7349
-18.2402 -91.8761 2.73635 0.0686194 -18.292 -91.751 2.7349
-18.2402 -91.8761 2.73635 0.0686194 -18.292 -91.751 2.7349
-18.1567 -91.9688 2.7366 0.0621196 -18.292 -91.751 2.7349
-18.1393 -91.8015 2.72842 0.0320254 -18.292 -91.751 2.7349
-17.9131 -92.0624 2.74083 0.00618156 -18.292 -91.751 2.7349
-18.3363 -91.9002 2.73433 0.042827 -18.292 -91.751 2.7349
-18.2402 -91.8761 2.73635 0.0686194 -18.292 -91.751 2.7349
-18.385 -91.8069 2.73529 0.0217078 -18.292 -91.751 2.7349
-18.294 -91.8497 2.73038 0.0600755 -18.292 -91.751 2.7349
-17.94 -91.7186 2.74192 0.00707935 -18.292 -91.751 2.7349
-18.1567 -91.9688 2.7366 0.0621196 -18.292 -91.751 2.7349
-18.1254 -91.7507 2.73703 0.059535 -18.292 -91.751 2.7349
-18.2307 -91.9323 2.72839 0.0303818 -18.292 -91.751 2.7349
-18.1254 -91.7507 2.73703 0.059535 -18.292 -91.751 2.7349
