179.15 23.8579 0.0694746 0.875863 178.8 23.682 0.069764
179.248 23.9719 0.0645794 1.60926 178.8 23.682 0.069764
179.237 23.7751 0.0642861 0.344506 178.8 23.682 0.069764
179.248 23.9719 0.0645794 1.60926 178.8 23.682 0.069764
178.994 24.0849 0.0720755 0.184003 178.8 23.682 0.069764
179.023 23.791 0.0711032 0.256323 178.8 23.682 0.069764
178.994 24.0849 0.0720755 0.184003 178.8 23.682 0.069764
178.95 23.5589 0.0752352 0.000527339 178.8 23.682 0.069764
179.15 23.8579 0.0694746 0.875863 178.8 23.682 0.069764
179.023 24.0507 0.0629391 0.359333 178.8 23.682 0.069764
179.248 23.9719 0.0645794 1.60926 178.8 23.682 0.069764
179.162 23.7192 0.0672888 0.176191 178.8 23.682 0.069764
179.248 23.9719 0.0645794 1.60926 178.8 23.682 0.069764
179.15 23.8579 0.0694746 0.875863 178.8 23.682 0.069764
179.162 23.7192 0.0672888 0.176191 178.8 23.682 0.069764
179.062 23.9247 0.0715529 0.67695 178.8 23.682 0.069764
179.198 23.7159 0.0663871 0.155251 178.8 23.682 0.069764
179.023 24.0507 0.0629391 0.359333 178.8 23.682 0.069764
179.062 23.9247 0.0715529 0.67695 178.8 23.682 0.069764
179.237 23.7751 0.0642861 0.344506 178.8 23.682 0.069764
179.198 23.7159 0.0663871 0.155251 178.8 23.682 0.069764
179.248 23.9719 0.0645794 1.60926 178.8 23.682 0.069764
179.15 23.8579 0.0694746 0.875863 178.8 23.682 0.069764
179.027 24.0906 0.0722675 0.198717 178.8 23.682 0.069764
179.248 23.9719 0.0645794 1.60926 178.8 23.682 0.069764
179.15 23.8579 0.0694746 0.875863 178.8 23.682 0.069764
179.15 23.8579 0.0694746 0.875863 178.8 23.682 0.069764
179.15 23.8579 0.0694746 0.875863 178.8 23.682 0.069764
179.15 23.8579 0.0694746 0.875863 178.8 23.682 0.069764
179.023 23.791 0.0711032 0.256323 178.8 23.682 0.069764
179.027 24.0906 0.0722675 0.198717 178.8 23.682 0.069764
179.248 23.9719 0.0645794 1.60926 178.8 23.682 0.069764
179.062 23.9247 0.0715529 0.67695 178.8 23.682 0.069764
179.023 24.0507 0.0629391 0.359333 178.8 23.682 0.069764
179.023 24.0507 0.0629391 0.359333 178.8 23.682 0.069764
179.162 23.7192 0.0672888 0.176191 178.8 23.682 0.069764
179.062 23.9247 0.0715529 0.67695 178.8 23.682 0.069764
179.15 23.8579 0.0694746 0.875863 178.8 23.682 0.069764
178.941 23.8842 0.0650493 0.151843 178.8 23.682 0.069764
179.15 23.8579 0.0694746 0.875863 178.8 23.682 0.069764
179.248 23.9719 0.0645794 1.60926 178.8 23.682 0.069764
179.023 24.0507 0.0629391 0.359333 178.8 23.682 0.069764
179.15 23.8579 0.0694746 0.875863 178.8 23.682 0.069764
179.202 23.7357 0.0721565 0.0721647 178.8 23.682 0.069764
179.248 23.9719 0.0645794 1.60926 178.8 23.682 0.069764
179.023 24.0507 0.0629391 0.359333 178.8 23.682 0.069764
179.248 23.9719 0.0645794 1.60926 178.8 23.682 0.069764
179.152 23.9421 0.0768178 0.0340461 178.8 23.682 0.069764
179.198 23.7159 0.0663871 0.155251 178.8 23.682 0.069764
179.023 23.791 0.0711032 0.256323 178.8 23.682 0.069764
179.15 23.8579 0.0694746 0.875863 178.8 23.682 0.069764
179.062 23.9247 0.0715529 0.67695 178.8 23.682 0.069764
179.248 23.9719 0.0645794 1.60926 178.8 23.682 0.069764
179.15 23.8579 0.0694746 0.875863 178.8 23.682 0.069764
179.027 24.0906 0.0722675 0.198717 178.8 23.682 0.069764
179.062 23.9247 0.0715529 0.67695 178.8 23.682 0.069764
179.15 23.8579 0.0694746 0.875863 178.8 23.682 0.069764
179.248 23.9719 0.0645794 1.60926 178.8 23.682 0.069764
179.237 23.7751 0.0642861 0.344506 178.8 23.682 0.069764
179.248 23.9719 0.0645794 1.60926 178.8 23.682 0.069764
179.15 23.8579 0.0694746 0.875863 178.8 23.682 0.069764
179.062 23.9247 0.0715529 0.67695 178.8 23.682 0.069764
179.248 23.9719 0.0645794 1.60926 178.8 23.682 0.069764
179.027 24.0906 0.0722675 0.198717 178.8 23.682 0.069764
179.062 23.9247 0.0715529 0.67695 178.8 23.682 0.069764
179.15 23.8579 0.0694746 0.875863 178.8 23.682 0.069764
179.062 23.9247 0.0715529 0.67695 178.8 23.682 0.069764
178.985 24.1512 0.0762855 0.00918132 178.8 23.682 0.069764
179.062 23.9247 0.0715529 0.67695 178.8 23.682 0.069764
179.237 23.7751 0.0642861 0.344506 178.8 23.682 0.069764
179.062 23.9247 0.0715529 0.67695 178.8 23.682 0.069764
179.062 23.9247 0.0715529 0.67695 178.8 23.682 0.069764
179.248 23.9719 0.0645794 1.60926 178.8 23.682 0.069764
179.062 23.9247 0.0715529 0.67695 178.8 23.682 0.069764
179.248 23.9719 0.0645794 1.60926 178.8 23.682 0.069764
179.062 23.9247 0.0715529 0.67695 178.8 23.682 0.069764
179.023 24.0507 0.0629391 0.359333 178.8 23.682 0.069764
179.15 23.8579 0.0694746 0.875863 178.8 23.682 0.069764
179.248 23.9719 0.0645794 1.60926 178.8 23.682 0.069764
179.023 23.791 0.0711032 0.256323 178.8 23.682 0.069764
179.023 23.791 0.0711032 0.256323 178.8 23.682 0.069764
179.32 24.2104 0.0683989 0.0359524 178.8 23.682 0.069764
179.062 23.9247 0.0715529 0.67695 178.8 23.682 0.069764
179.162 23.7192 0.0672888 0.176191 178.8 23.682 0.069764
179.248 23.9719 0.0645794 1.60926 178.8 23.682 0.069764
179.15 23.8579 0.0694746 0.875863 178.8 23.682 0.069764
178.994 24.0849 0.0720755 0.184003 178.8 23.682 0.069764
179.062 23.9247 0.0715529 0.67695 178.8 23.682 0.069764
179.248 23.9719 0.0645794 1.60926 178.8 23.682 0.069764
179.027 24.0906 0.0722675 0.198717 178.8 23.682 0.069764
179.15 23.8579 0.0694746 0.875863 178.8 23.682 0.069764
179.248 23.9719 0.0645794 1.60926 178.8 23.682 0.069764
179.248 23.9719 0.0645794 1.60926 178.8 23.682 0.069764
179.15 23.8579 0.0694746 0.875863 178.8 23.682 0.069764
179.023 24.0507 0.0629391 0.359333 178.8 23.682 0.069764
178.885 23.582 0.0731695 0.000718211 178.8 23.682 0.069764
179.202 23.7357 0.0721565 0.0721647 178.8 23.682 0.069764
179.023 23.791 0.0711032 0.256323 178.8 23.682 0.069764
179.15 23.8579 0.0694746 0.875863 178.8 23.682 0.069764
179.248 23.9719 0.0645794 1.60926 178.8 23.682 0.069764
178.925 23.8563 0.0794172 0.0071696 178.8 23.682 0.069764
178.978 23.6294 0.0661559 0.00558842 178.8 23.682 0.069764
179.027 24.0906 0.0722675 0.198717 178.8 23.682 0.069764
179.248 23.9719 0.0645794 1.60926 178.8 23.682 0.069764
179.023 23.791 0.0711032 0.256323 178.8 23.682 0.069764
179.027 24.0906 0.0722675 0.198717 178.8 23.682 0.069764
179.15 23.8579 0.0694746 0.875863 178.8 23.682 0.069764
179.15 23.8579 0.0694746 0.875863 178.8 23.682 0.069764
179.248 23.9719 0.0645794 1.60926 178.8 23.682 0.069764
178.922 23.9692 0.0786248 0.0113018 178.8 23.682 0.069764
179.248 23.9719 0.0645794 1.60926 178.8 23.682 0.069764
178.941 23.8842 0.0650493 0.151843 178.8 23.682 0.069764
179.237 23.7751 0.0642861 0.344506 178.8 23.682 0.069764
179.237 23.7751 0.0642861 0.344506 178.8 23.682 0.069764
179.198 23.7159 0.0663871 0.155251 178.8 23.682 0.069764
179.027 24.0906 0.0722675 0.198717 178.8 23.682 0.069764
178.994 24.0849 0.0720755 0.184003 178.8 23.682 0.069764
179.15 23.8579 0.0694746 0.875863 178.8 23.682 0.069764
179.023 24.0507 0.0629391 0.359333 178.8 23.682 0.069764
178.953 24.1033 0.0722495 0.0963548 178.8 23.682 0.069764
179.248 23.9719 0.0645794 1.60926 178.8 23.682 0.069764
179.248 23.9719 0.0645794 1.60926 178.8 23.682 0.069764
179.15 23.8579 0.0694746 0.875863 178.8 23.682 0.069764
179.202 23.7357 0.0721565 0.0721647 178.8 23.682 0.069764
179.248 23.9719 0.0645794 1.60926 178.8 23.682 0.069764
179.237 23.7751 0.0642861 0.344506 178.8 23.682 0.069764
179.248 23.9719 0.0645794 1.60926 178.8 23.682 0.069764
179.15 23.8579 0.0694746 0.875863 178.8 23.682 0.069764
179.248 23.9719 0.0645794 1.60926 178.8 23.682 0.069764
179.248 23.9719 0.0645794 1.60926 178.8 23.682 0.069764
179.15 23.8579 0.0694746 0.875863 178.8 23.682 0.069764
179.023 24.0507 0.0629391 0.359333 178.8 23.682 0.069764
179.062 23.9247 0.0715529 0.67695 178.8 23.682 0.069764
179.023 24.0507 0.0629391 0.359333 178.8 23.682 0.069764
179.15 23.8579 0.0694746 0.875863 178.8 23.682 0.069764
179.023 23.791 0.0711032 0.256323 178.8 23.682 0.069764
179.027 24.0906 0.0722675 0.198717 178.8 23.682 0.069764
179.248 23.9719 0.0645794 1.60926 178.8 23.682 0.069764
179.027 24.0906 0.0722675 0.198717 178.8 23.682 0.069764
179.248 23.9719 0.0645794 1.60926 178.8 23.682 0.069764
179.062 23.9247 0.0715529 0.67695 178.8 23.682 0.069764
179.027 24.0906 0.0722675 0.198717 178.8 23.682 0.069764
179.15 23.8579 0.0694746 0.875863 178.8 23.682 0.069764
179.248 23.9719 0.0645794 1.60926 178.8 23.682 0.069764
179.248 23.9719 0.0645794 1.60926 178.8 23.682 0.069764
179.062 23.9247 0.0715529 0.67695 178.8 23.682 0.069764
179.027 24.0906 0.0722675 0.198717 178.8 23.682 0.069764
179.023 23.791 0.0711032 0.256323 178.8 23.682 0.069764
179.237 23.7751 0.0642861 0.344506 178.8 23.682 0.069764
179.248 23.9719 0.0645794 1.60926 178.8 23.682 0.069764
179.062 23.9247 0.0715529 0.67695 178.8 23.682 0.069764
179.162 23.7192 0.0672888 0.176191 178.8 23.682 0.069764
179.248 23.9719 0.0645794 1.60926 178.8 23.682 0.069764
179.248 23.9719 0.0645794 1.60926 178.8 23.682 0.069764
179.248 23.9719 0.0645794 1.60926 178.8 23.682 0.069764
179.023 24.0507 0.0629391 0.359333 178.8 23.682 0.069764
179.248 23.9719 0.0645794 1.60926 178.8 23.682 0.069764
179.198 23.7159 0.0663871 0.155251 178.8 23.682 0.069764
179.15 23.8579 0.0694746 0.875863 178.8 23.682 0.069764
179.248 23.9719 0.0645794 1.60926 178.8 23.682 0.069764
179.248 23.9719 0.0645794 1.60926 178.8 23.682 0.069764
179.023 23.791 0.0711032 0.256323 178.8 23.682 0.069764
179.248 23.9719 0.0645794 1.60926 178.8 23.682 0.069764
179.237 23.7751 0.0642861 0.344506 178.8 23.682 0.069764
179.248 23.9719 0.0645794 1.60926 178.8 23.682 0.069764
179.15 23.8579 0.0694746 0.875863 178.8 23.682 0.069764
179.248 23.9719 0.0645794 1.60926 178.8 23.682 0.069764
179.15 23.8579 0.0694746 0.875863 178.8 23.682 0.069764
179.15 23.8579 0.0694746 0.875863 178.8 23.682 0.069764
179.15 23.8579 0.0694746 0.875863 178.8 23.682 0.069764
179.023 24.0507 0.0629391 0.359333 178.8 23.682 0.069764
179.15 23.8579 0.0694746 0.875863 178.8 23.682 0.069764
179.248 23.9719 0.0645794 1.60926 178.8 23.682 0.069764
179.248 23.9719 0.0645794 1.60926 178.8 23.682 0.069764
179.248 23.9719 0.0645794 1.60926 178.8 23.682 0.069764
179.248 23.9719 0.0645794 1.60926 178.8 23.682 0.069764
179.248 23.9719 0.0645794 1.60926 178.8 23.682 0.069764
179.237 23.7751 0.0642861 0.344506 178.8 23.682 0.069764
179.248 23.9719 0.0645794 1.60926 178.8 23.682 0.069764
179.027 24.0906 0.0722675 0.198717 178.8 23.682 0.069764
179.248 23.9719 0.0645794 1.60926 178.8 23.682 0.069764
179.15 23.8579 0.0694746 0.875863 178.8 23.682 0.069764
179.248 23.9719 0.0645794 1.60926 178.8 23.682 0.069764
179.202 23.7357 0.0721565 0.0721647 178.8 23.682 0.069764
179.248 23.9719 0.0645794 1.60926 178.8 23.682 0.069764
179.15 23.8579 0.0694746 0.875863 178.8 23.682 0.069764
179.023 23.791 0.0711032 0.256323 178.8 23.682 0.069764
178.951 23.8413 0.0763417 0.0460721 178.8 23.682 0.069764
178.819 23.8835 0.0652944 0.00979078 178.8 23.682 0.069764
179.027 24.0906 0.0722675 0.198717 178.8 23.682 0.069764
178.819 23.8835 0.0652944 0.00979078 178.8 23.682 0.069764
179.023 23.791 0.0711032 0.256323 178.8 23.682 0.069764
179.248 23.9719 0.0645794 1.60926 178.8 23.682 0.069764
179.15 23.8579 0.0694746 0.875863 178.8 23.682 0.069764
179.202 23.7357 0.0721565 0.0721647 178.8 23.682 0.069764
179.237 23.7751 0.0642861 0.344506 178.8 23.682 0.069764
179.15 23.8579 0.0694746 0.875863 178.8 23.682 0.069764
179.248 23.9719 0.0645794 1.60926 178.8 23.682 0.069764
179.062 23.9247 0.0715529 0.67695 178.8 23.682 0.069764
179.023 24.0507 0.0629391 0.359333 178.8 23.682 0.069764
