278.2 3.21936 4.61475 0.00852132 278.07 3.5184 4.6182
278.237 3.38772 4.61609 0.0458773 278.07 3.5184 4.6182
278.237 3.38772 4.61609 0.0458773 278.07 3.5184 4.6182
278.174 3.5302 4.60948 0.0239877 278.07 3.5184 4.6182
278.155 3.2026 4.61934 0.00393887 278.07 3.5184 4.6182
278.107 3.52489 4.60855 0.0331178 278.07 3.5184 4.6182
278.16 3.57823 4.61872 0.05181 278.07 3.5184 4.6182
278.097 3.56162 4.61821 0.0548687 278.07 3.5184 4.6182
278.041 3.44023 4.61146 0.08379 278.07 3.5184 4.6182
278.319 3.53184 4.62185 0.0257925 278.07 3.5184 4.6182
277.96 3.69161 4.61467 0.0043342 278.07 3.5184 4.6182
278.16 3.57823 4.61872 0.05181 278.07 3.5184 4.6182
278.186 3.47546 4.61486 0.0734668 278.07 3.5184 4.6182
278.266 3.44089 4.62901 0.00706302 278.07 3.5184 4.6182
278.186 3.47546 4.61486 0.0734668 278.07 3.5184 4.6182
278.097 3.56162 4.61821 0.0548687 278.07 3.5184 4.6182
278.146 3.44038 4.61949 0.0689181 278.07 3.5184 4.6182
278.16 3.57823 4.61872 0.05181 278.07 3.5184 4.6182
278.116 3.66524 4.61986 0.0171218 278.07 3.5184 4.6182
278.305 3.55815 4.62843 0.0108538 278.07 3.5184 4.6182
278.237 3.38772 4.61609 0.0458773 278.07 3.5184 4.6182
278.2 3.21936 4.61475 0.00852132 278.07 3.5184 4.6182
277.887 3.49181 4.60806 0.0216221 278.07 3.5184 4.6182
278.146 3.44038 4.61949 0.0689181 278.07 3.5184 4.6182
278.041 3.44023 4.61146 0.08379 278.07 3.5184 4.6182
278.097 3.56162 4.61821 0.0548687 278.07 3.5184 4.6182
278.181 3.57065 4.61274 0.0324716 278.07 3.5184 4.6182
278.262 3.7384 4.61806 0.0029806 278.07 3.5184 4.6182
278.111 3.57364 4.61413 0.0509647 278.07 3.5184 4.6182
278.181 3.57065 4.61274 0.0324716 278.07 3.5184 4.6182
278.041 3.44023 4.61146 0.08379 278.07 3.5184 4.6182
278.16 3.57823 4.61872 0.05181 278.07 3.5184 4.6182
278.118 3.49432 4.62913 0.00363431 278.07 3.5184 4.6182
278.111 3.57364 4.61413 0.0509647 278.07 3.5184 4.6182
278.261 3.31889 4.61915 0.0190107 278.07 3.5184 4.6182
278.146 3.44038 4.61949 0.0689181 278.07 3.5184 4.6182
278.159 3.32278 4.61292 0.0443138 278.07 3.5184 4.6182
278.174 3.5302 4.60948 0.0239877 278.07 3.5184 4.6182
278.221 3.48194 4.63036 0.004731 278.07 3.5184 4.6182
278.187 3.63067 4.62358 0.0206225 278.07 3.5184 4.6182
278.222 3.50814 4.62371 0.0383702 278.07 3.5184 4.6182
278.041 3.44023 4.61146 0.08379 278.07 3.5184 4.6182
278.086 3.71635 4.62826 0.00100387 278.07 3.5184 4.6182
278.111 3.57364 4.61413 0.0509647 278.07 3.5184 4.6182
278.111 3.57364 4.61413 0.0509647 278.07 3.5184 4.6182
278.097 3.56162 4.61821 0.0548687 278.07 3.5184 4.6182
278.246 3.55826 4.61287 0.0196241 278.07 3.5184 4.6182
278.294 3.54718 4.62615 0.0190593 278.07 3.5184 4.6182
278.246 3.55826 4.61287 0.0196241 278.07 3.5184 4.6182
278.097 3.56162 4.61821 0.0548687 278.07 3.5184 4.6182
278.088 3.32132 4.62466 0.00410083 278.07 3.5184 4.6182
278.319 3.53184 4.62185 0.0257925 278.07 3.5184 4.6182
278.186 3.47546 4.61486 0.0734668 278.07 3.5184 4.6182
278.017 3.65997 4.61325 0.0120953 278.07 3.5184 4.6182
278.088 3.32132 4.62466 0.00410083 278.07 3.5184 4.6182
278.155 3.2026 4.61934 0.00393887 278.07 3.5184 4.6182
278.041 3.44023 4.61146 0.08379 278.07 3.5184 4.6182
278.097 3.56162 4.61821 0.0548687 278.07 3.5184 4.6182
278.055 3.79644 4.62073 0.000852121 278.07 3.5184 4.6182
278.319 3.53184 4.62185 0.0257925 278.07 3.5184 4.6182
277.947 3.24877 4.59811 0.00325136 278.07 3.5184 4.6182
278.246 3.55826 4.61287 0.0196241 278.07 3.5184 4.6182
278.319 3.53184 4.62185 0.0257925 278.07 3.5184 4.6182
277.887 3.49181 4.60806 0.0216221 278.07 3.5184 4.6182
278.181 3.57065 4.61274 0.0324716 278.07 3.5184 4.6182
278.097 3.56162 4.61821 0.0548687 278.07 3.5184 4.6182
278.222 3.50814 4.62371 0.0383702 278.07 3.5184 4.6182
278.146 3.44038 4.61949 0.0689181 278.07 3.5184 4.6182
278.159 3.32278 4.61292 0.0443138 278.07 3.5184 4.6182
278.123 3.19632 4.61672 0.00581357 278.07 3.5184 4.6182
277.887 3.49181 4.60806 0.0216221 278.07 3.5184 4.6182
278.041 3.44023 4.61146 0.08379 278.07 3.5184 4.6182
278.097 3.56162 4.61821 0.0548687 278.07 3.5184 4.6182
278.43 3.53777 4.62807 0.00421642 278.07 3.5184 4.6182
278.222 3.50814 4.62371 0.0383702 278.07 3.5184 4.6182
278.261 3.31889 4.61915 0.0190107 278.07 3.5184 4.6182
278.041 3.44023 4.61146 0.08379 278.07 3.5184 4.6182
278.097 3.56162 4.61821 0.0548687 278.07 3.5184 4.6182
277.917 3.53581 4.6193 0.00676207 278.07 3.5184 4.6182
278.16 3.57823 4.61872 0.05181 278.07 3.5184 4.6182
278.159 3.32278 4.61292 0.0443138 278.07 3.5184 4.6182
278.16 3.57823 4.61872 0.05181 278.07 3.5184 4.6182
278.262 3.59065 4.62794 0.0118663 278.07 3.5184 4.6182
278.159 3.32278 4.61292 0.0443138 278.07 3.5184 4.6182
278.017 3.65997 4.61325 0.0120953 278.07 3.5184 4.6182
278.186 3.47546 4.61486 0.0734668 278.07 3.5184 4.6182
278.186 3.47546 4.61486 0.0734668 278.07 3.5184 4.6182
278.186 3.47546 4.61486 0.0734668 278.07 3.5184 4.6182
278.422 3.46514 4.62648 0.00505658 278.07 3.5184 4.6182
278.16 3.57823 4.61872 0.05181 278.07 3.5184 4.6182
278.111 3.57364 4.61413 0.0509647 278.07 3.5184 4.6182
278.237 3.38772 4.61609 0.0458773 278.07 3.5184 4.6182
278.159 3.32278 4.61292 0.0443138 278.07 3.5184 4.6182
278.422 3.46514 4.62648 0.00505658 278.07 3.5184 4.6182
277.887 3.49181 4.60806 0.0216221 278.07 3.5184 4.6182
277.887 3.49181 4.60806 0.0216221 278.07 3.5184 4.6182
278.159 3.32278 4.61292 0.0443138 278.07 3.5184 4.6182
278.05 3.36486 4.60116 0.00940076 278.07 3.5184 4.6182
278.017 3.65997 4.61325 0.0120953 278.07 3.5184 4.6182
278.16 3.57823 4.61872 0.05181 278.07 3.5184 4.6182
278.186 3.47546 4.61486 0.0734668 278.07 3.5184 4.6182
278.237 3.38772 4.61609 0.0458773 278.07 3.5184 4.6182
277.887 3.49181 4.60806 0.0216221 278.07 3.5184 4.6182
277.887 3.49181 4.60806 0.0216221 278.07 3.5184 4.6182
278.017 3.65997 4.61325 0.0120953 278.07 3.5184 4.6182
278.319 3.53184 4.62185 0.0257925 278.07 3.5184 4.6182
277.887 3.49181 4.60806 0.0216221 278.07 3.5184 4.6182
278.111 3.57364 4.61413 0.0509647 278.07 3.5184 4.6182
278.22 3.41431 4.62651 0.0129334 278.07 3.5184 4.6182
278.107 3.52489 4.60855 0.0331178 278.07 3.5184 4.6182
278.146 3.44038 4.61949 0.0689181 278.07 3.5184 4.6182
278.097 3.56162 4.61821 0.0548687 278.07 3.5184 4.6182
278.187 3.63067 4.62358 0.0206225 278.07 3.5184 4.6182
278.041 3.44023 4.61146 0.08379 278.07 3.5184 4.6182
278.22 3.41431 4.62651 0.0129334 278.07 3.5184 4.6182
278.222 3.50814 4.62371 0.0383702 278.07 3.5184 4.6182
278.111 3.57364 4.61413 0.0509647 278.07 3.5184 4.6182
278.181 3.57065 4.61274 0.0324716 278.07 3.5184 4.6182
278.319 3.53184 4.62185 0.0257925 278.07 3.5184 4.6182
278.181 3.57065 4.61274 0.0324716 278.07 3.5184 4.6182
278.187 3.63067 4.62358 0.0206225 278.07 3.5184 4.6182
278.237 3.38772 4.61609 0.0458773 278.07 3.5184 4.6182
278.159 3.32278 4.61292 0.0443138 278.07 3.5184 4.6182
278.222 3.50814 4.62371 0.0383702 278.07 3.5184 4.6182
277.896 3.28984 4.59673 0.00277574 278.07 3.5184 4.6182
277.978 3.54941 4.62222 0.00761921 278.07 3.5184 4.6182
278.186 3.47546 4.61486 0.0734668 278.07 3.5184 4.6182
278.294 3.54718 4.62615 0.0190593 278.07 3.5184 4.6182
277.831 3.47324 4.61531 0.0042851 278.07 3.5184 4.6182
278.107 3.52489 4.60855 0.0331178 278.07 3.5184 4.6182
278.181 3.57065 4.61274 0.0324716 278.07 3.5184 4.6182
278.159 3.32278 4.61292 0.0443138 278.07 3.5184 4.6182
278.237 3.38772 4.61609 0.0458773 278.07 3.5184 4.6182
278.146 3.44038 4.61949 0.0689181 278.07 3.5184 4.6182
278.041 3.44023 4.61146 0.08379 278.07 3.5184 4.6182
277.887 3.49181 4.60806 0.0216221 278.07 3.5184 4.6182
278.319 3.53184 4.62185 0.0257925 278.07 3.5184 4.6182
278.041 3.44023 4.61146 0.08379 278.07 3.5184 4.6182
278.189 3.72674 4.61899 0.00636708 278.07 3.5184 4.6182
278.186 3.47546 4.61486 0.0734668 278.07 3.5184 4.6182
278.422 3.46514 4.62648 0.00505658 278.07 3.5184 4.6182
278.319 3.53184 4.62185 0.0257925 278.07 3.5184 4.6182
278.186 3.47546 4.61486 0.0734668 278.07 3.5184 4.6182
278.222 3.50814 4.62371 0.0383702 278.07 3.5184 4.6182
278.319 3.53184 4.62185 0.0257925 278.07 3.5184 4.6182
278.097 3.56162 4.61821 0.0548687 278.07 3.5184 4.6182
278.16 3.57823 4.61872 0.05181 278.07 3.5184 4.6182
277.978 3.54941 4.62222 0.00761921 278.07 3.5184 4.6182
278.159 3.32278 4.61292 0.0443138 278.07 3.5184 4.6182
278.146 3.44038 4.61949 0.0689181 278.07 3.5184 4.6182
278.294 3.54718 4.62615 0.0190593 278.07 3.5184 4.6182
278.294 3.54718 4.62615 0.0190593 278.07 3.5184 4.6182
277.826 3.35809 4.60434 0.0109573 278.07 3.5184 4.6182
278.146 3.44038 4.61949 0.0689181 278.07 3.5184 4.6182
278.159 3.32278 4.61292 0.0443138 278.07 3.5184 4.6182
278.118 3.49432 4.62913 0.00363431 278.07 3.5184 4.6182
278.222 3.50814 4.62371 0.0383702 278.07 3.5184 4.6182
278.041 3.44023 4.61146 0.08379 278.07 3.5184 4.6182
278.174 3.5302 4.60948 0.0239877 278.07 3.5184 4.6182
278.111 3.57364 4.61413 0.0509647 278.07 3.5184 4.6182
278.107 3.52489 4.60855 0.0331178 278.07 3.5184 4.6182
278.111 3.57364 4.61413 0.0509647 278.07 3.5184 4.6182
278.041 3.44023 4.61146 0.08379 278.07 3.5184 4.6182
278.237 3.38772 4.61609 0.0458773 278.07 3.5184 4.6182
278.307 3.46162 4.62996 0.00558333 278.07 3.5184 4.6182
278.294 3.54718 4.62615 0.0190593 278.07 3.5184 4.6182
278.146 3.44038 4.61949 0.0689181 278.07 3.5184 4.6182
278.237 3.38772 4.61609 0.0458773 278.07 3.5184 4.6182
277.917 3.53581 4.6193 0.00676207 278.07 3.5184 4.6182
278.111 3.57364 4.61413 0.0509647 278.07 3.5184 4.6182
278.107 3.52489 4.60855 0.0331178 278.07 3.5184 4.6182
278.111 3.57364 4.61413 0.0509647 278.07 3.5184 4.6182
278.174 3.5302 4.60948 0.0239877 278.07 3.5184 4.6182
278.16 3.57823 4.61872 0.05181 278.07 3.5184 4.6182
278.159 3.32278 4.61292 0.0443138 278.07 3.5184 4.6182
278.107 3.52489 4.60855 0.0331178 278.07 3.5184 4.6182
278.16 3.57823 4.61872 0.05181 278.07 3.5184 4.6182
278.083 3.62225 4.62612 0.00593067 278.07 3.5184 4.6182
278.319 3.53184 4.62185 0.0257925 278.07 3.5184 4.6182
278.146 3.44038 4.61949 0.0689181 278.07 3.5184 4.6182
277.887 3.49181 4.60806 0.0216221 278.07 3.5184 4.6182
278.222 3.50814 4.62371 0.0383702 278.07 3.5184 4.6182
278.159 3.32278 4.61292 0.0443138 278.07 3.5184 4.6182
278.237 3.38772 4.61609 0.0458773 278.07 3.5184 4.6182
278.16 3.57823 4.61872 0.05181 278.07 3.5184 4.6182
278.237 3.38772 4.61609 0.0458773 278.07 3.5184 4.6182
278.181 3.57065 4.61274 0.0324716 278.07 3.5184 4.6182
278.111 3.57364 4.61413 0.0509647 278.07 3.5184 4.6182
278.041 3.44023 4.61146 0.08379 278.07 3.5184 4.6182
278.246 3.55826 4.61287 0.0196241 278.07 3.5184 4.6182
278.083 3.62225 4.62612 0.00593067 278.07 3.5184 4.6182
278.186 3.47546 4.61486 0.0734668 278.07 3.5184 4.6182
278.097 3.56162 4.61821 0.0548687 278.07 3.5184 4.6182
278.174 3.5302 4.60948 0.0239877 278.07 3.5184 4.6182
278.319 3.53184 4.62185 0.0257925 278.07 3.5184 4.6182
278.174 3.5302 4.60948 0.0239877 278.07 3.5184 4.6182
278.186 3.47546 4.61486 0.0734668 278.07 3.5184 4.6182
278.186 3.47546 4.61486 0.0734668 278.07 3.5184 4.6182
278.146 3.44038 4.61949 0.0689181 278.07 3.5184 4.6182
278.16 3.57823 4.61872 0.05181 278.07 3.5184 4.6182
