205.827 25.9569 0.0718253 0.367534 205.82 26.027 0.072064
206.024 25.6018 0.0711175 0.00593915 205.82 26.027 0.072064
205.81 25.8332 0.0723462 0.261318 205.82 26.027 0.072064
205.863 26.2984 0.0650927 0.000408769 205.82 26.027 0.072064
205.827 25.9569 0.0718253 0.367534 205.82 26.027 0.072064
205.827 25.9569 0.0718253 0.367534 205.82 26.027 0.072064
206.196 25.8438 0.0736654 0.00654289 205.82 26.027 0.072064
205.79 25.9212 0.0803361 0.0790581 205.82 26.027 0.072064
205.81 25.8332 0.0723462 0.261318 205.82 26.027 0.072064
205.75 25.9479 0.0833516 0.0212012 205.82 26.027 0.072064
206.127 25.9571 0.0721099 0.0430846 205.82 26.027 0.072064
205.827 25.9569 0.0718253 0.367534 205.82 26.027 0.072064
205.827 25.9569 0.0718253 0.367534 205.82 26.027 0.072064
205.81 25.8332 0.0723462 0.261318 205.82 26.027 0.072064
206.056 25.6705 0.065909 0.016416 205.82 26.027 0.072064
205.822 25.8945 0.0772212 0.1943 205.82 26.027 0.072064
205.81 25.8332 0.0723462 0.261318 205.82 26.027 0.072064
205.75 25.9479 0.0833516 0.0212012 205.82 26.027 0.072064
205.718 26.0897 0.0777683 0.0778868 205.82 26.027 0.072064
205.827 25.9569 0.0718253 0.367534 205.82 26.027 0.072064
205.718 26.0897 0.0777683 0.0778868 205.82 26.027 0.072064
205.709 25.8505 0.0697222 0.111219 205.82 26.027 0.072064
205.748 25.9198 0.0737452 0.248597 205.82 26.027 0.072064
205.81 25.8332 0.0723462 0.261318 205.82 26.027 0.072064
206.035 25.9887 0.0697877 0.138171 205.82 26.027 0.072064
205.918 25.9137 0.075475 0.257697 205.82 26.027 0.072064
205.883 25.8829 0.0799916 0.0666783 205.82 26.027 0.072064
206.018 25.903 0.0655921 0.103688 205.82 26.027 0.072064
205.81 25.8332 0.0723462 0.261318 205.82 26.027 0.072064
205.918 25.9137 0.075475 0.257697 205.82 26.027 0.072064
205.822 25.8945 0.0772212 0.1943 205.82 26.027 0.072064
205.714 26.1969 0.0788647 0.0186303 205.82 26.027 0.072064
205.861 25.9787 0.0789807 0.139857 205.82 26.027 0.072064
205.982 25.9032 0.0820534 0.0130009 205.82 26.027 0.072064
205.883 25.8305 0.075736 0.176057 205.82 26.027 0.072064
205.883 25.8829 0.0799916 0.0666783 205.82 26.027 0.072064
205.81 25.8332 0.0723462 0.261318 205.82 26.027 0.072064
205.827 25.9569 0.0718253 0.367534 205.82 26.027 0.072064
205.81 25.8332 0.0723462 0.261318 205.82 26.027 0.072064
205.714 26.1969 0.0788647 0.0186303 205.82 26.027 0.072064
206.087 25.8463 0.0736717 0.0510453 205.82 26.027 0.072064
205.709 25.8505 0.0697222 0.111219 205.82 26.027 0.072064
205.822 25.8945 0.0772212 0.1943 205.82 26.027 0.072064
206.018 25.903 0.0655921 0.103688 205.82 26.027 0.072064
206.088 26.2677 0.0868433 2.10342e-05 205.82 26.027 0.072064
205.827 25.9569 0.0718253 0.367534 205.82 26.027 0.072064
205.883 25.8305 0.075736 0.176057 205.82 26.027 0.072064
205.709 25.8505 0.0697222 0.111219 205.82 26.027 0.072064
205.693 26.0786 0.0712195 0.0599379 205.82 26.027 0.072064
205.81 25.8332 0.0723462 0.261318 205.82 26.027 0.072064
206.018 25.903 0.0655921 0.103688 205.82 26.027 0.072064
205.822 25.8945 0.0772212 0.1943 205.82 26.027 0.072064
205.643 26.0591 0.0781786 0.0424068 205.82 26.027 0.072064
205.918 25.9137 0.075475 0.257697 205.82 26.027 0.072064
205.883 25.8305 0.075736 0.176057 205.82 26.027 0.072064
205.748 25.9198 0.0737452 0.248597 205.82 26.027 0.072064
205.579 25.9246 0.0733237 0.0268569 205.82 26.027 0.072064
206.003 25.6221 0.0694949 0.0128592 205.82 26.027 0.072064
205.709 25.8505 0.0697222 0.111219 205.82 26.027 0.072064
205.827 25.9569 0.0718253 0.367534 205.82 26.027 0.072064
205.861 25.9787 0.0789807 0.139857 205.82 26.027 0.072064
205.81 25.8332 0.0723462 0.261318 205.82 26.027 0.072064
205.748 25.9198 0.0737452 0.248597 205.82 26.027 0.072064
205.748 25.9198 0.0737452 0.248597 205.82 26.027 0.072064
205.693 26.0786 0.0712195 0.0599379 205.82 26.027 0.072064
205.827 25.9569 0.0718253 0.367534 205.82 26.027 0.072064
205.748 25.9198 0.0737452 0.248597 205.82 26.027 0.072064
205.883 25.8829 0.0799916 0.0666783 205.82 26.027 0.072064
206.035 25.9887 0.0697877 0.138171 205.82 26.027 0.072064
205.693 26.0786 0.0712195 0.0599379 205.82 26.027 0.072064
205.773 26.2344 0.0782469 0.0155985 205.82 26.027 0.072064
205.718 26.0897 0.0777683 0.0778868 205.82 26.027 0.072064
205.748 25.9198 0.0737452 0.248597 205.82 26.027 0.072064
205.658 26.0145 0.0707358 0.0578653 205.82 26.027 0.072064
205.918 25.9137 0.075475 0.257697 205.82 26.027 0.072064
205.511 26.0181 0.0766734 0.00605135 205.82 26.027 0.072064
205.861 25.9787 0.0789807 0.139857 205.82 26.027 0.072064
205.861 25.9787 0.0789807 0.139857 205.82 26.027 0.072064
205.861 25.9787 0.0789807 0.139857 205.82 26.027 0.072064
205.827 25.9569 0.0718253 0.367534 205.82 26.027 0.072064
206.035 25.9887 0.0697877 0.138171 205.82 26.027 0.072064
206.018 25.903 0.0655921 0.103688 205.82 26.027 0.072064
205.75 25.9479 0.0833516 0.0212012 205.82 26.027 0.072064
205.81 25.8332 0.0723462 0.261318 205.82 26.027 0.072064
205.822 25.8945 0.0772212 0.1943 205.82 26.027 0.072064
205.793 26.0893 0.0851319 0.00827046 205.82 26.027 0.072064
206.056 25.6705 0.065909 0.016416 205.82 26.027 0.072064
205.748 25.9198 0.0737452 0.248597 205.82 26.027 0.072064
205.883 25.8829 0.0799916 0.0666783 205.82 26.027 0.072064
205.748 25.9198 0.0737452 0.248597 205.82 26.027 0.072064
205.81 25.8332 0.0723462 0.261318 205.82 26.027 0.072064
205.861 25.9787 0.0789807 0.139857 205.82 26.027 0.072064
206.127 25.9571 0.0721099 0.0430846 205.82 26.027 0.072064
205.752 26.1542 0.0745178 0.0591513 205.82 26.027 0.072064
205.79 25.9212 0.0803361 0.0790581 205.82 26.027 0.072064
205.861 25.9787 0.0789807 0.139857 205.82 26.027 0.072064
206.127 25.9571 0.0721099 0.0430846 205.82 26.027 0.072064
205.827 25.9569 0.0718253 0.367534 205.82 26.027 0.072064
205.918 25.9137 0.075475 0.257697 205.82 26.027 0.072064
205.835 26.2828 0.0849811 0.000916135 205.82 26.027 0.072064
205.81 25.8332 0.0723462 0.261318 205.82 26.027 0.072064
205.79 25.9212 0.0803361 0.0790581 205.82 26.027 0.072064
205.918 25.9137 0.075475 0.257697 205.82 26.027 0.072064
205.861 25.9787 0.0789807 0.139857 205.82 26.027 0.072064
205.827 25.9569 0.0718253 0.367534 205.82 26.027 0.072064
205.883 25.8305 0.075736 0.176057 205.82 26.027 0.072064
205.81 25.8332 0.0723462 0.261318 205.82 26.027 0.072064
205.661 25.938 0.0800843 0.0406225 205.82 26.027 0.072064
205.661 25.938 0.0800843 0.0406225 205.82 26.027 0.072064
205.658 26.0145 0.0707358 0.0578653 205.82 26.027 0.072064
206.018 25.903 0.0655921 0.103688 205.82 26.027 0.072064
205.718 26.0897 0.0777683 0.0778868 205.82 26.027 0.072064
205.918 25.9137 0.075475 0.257697 205.82 26.027 0.072064
206.035 25.9887 0.0697877 0.138171 205.82 26.027 0.072064
205.861 25.9787 0.0789807 0.139857 205.82 26.027 0.072064
205.81 25.8332 0.0723462 0.261318 205.82 26.027 0.072064
205.827 25.9569 0.0718253 0.367534 205.82 26.027 0.072064
206.127 25.9571 0.0721099 0.0430846 205.82 26.027 0.072064
205.748 25.9198 0.0737452 0.248597 205.82 26.027 0.072064
205.658 26.0145 0.0707358 0.0578653 205.82 26.027 0.072064
205.643 26.0591 0.0781786 0.0424068 205.82 26.027 0.072064
206.056 25.6705 0.065909 0.016416 205.82 26.027 0.072064
205.658 26.0145 0.0707358 0.0578653 205.82 26.027 0.072064
205.79 25.9212 0.0803361 0.0790581 205.82 26.027 0.072064
205.81 25.8332 0.0723462 0.261318 205.82 26.027 0.072064
205.918 25.9137 0.075475 0.257697 205.82 26.027 0.072064
205.827 25.9569 0.0718253 0.367534 205.82 26.027 0.072064
205.772 25.6926 0.0759681 0.0243678 205.82 26.027 0.072064
205.752 26.1542 0.0745178 0.0591513 205.82 26.027 0.072064
205.827 25.9569 0.0718253 0.367534 205.82 26.027 0.072064
205.883 25.8305 0.075736 0.176057 205.82 26.027 0.072064
206.018 25.903 0.0655921 0.103688 205.82 26.027 0.072064
205.748 25.9198 0.0737452 0.248597 205.82 26.027 0.072064
205.827 25.9569 0.0718253 0.367534 205.82 26.027 0.072064
205.774 26.2464 0.0680065 0.00336841 205.82 26.027 0.072064
205.861 25.9787 0.0789807 0.139857 205.82 26.027 0.072064
206.035 25.9887 0.0697877 0.138171 205.82 26.027 0.072064
205.827 25.9569 0.0718253 0.367534 205.82 26.027 0.072064
205.748 25.9198 0.0737452 0.248597 205.82 26.027 0.072064
205.709 25.8505 0.0697222 0.111219 205.82 26.027 0.072064
206.003 25.6221 0.0694949 0.0128592 205.82 26.027 0.072064
205.883 25.8829 0.0799916 0.0666783 205.82 26.027 0.072064
205.861 25.9787 0.0789807 0.139857 205.82 26.027 0.072064
205.956 26.1436 0.0748938 0.0674597 205.82 26.027 0.072064
205.81 25.8332 0.0723462 0.261318 205.82 26.027 0.072064
205.918 25.9137 0.075475 0.257697 205.82 26.027 0.072064
205.661 25.938 0.0800843 0.0406225 205.82 26.027 0.072064
205.81 25.8332 0.0723462 0.261318 205.82 26.027 0.072064
205.693 26.0786 0.0712195 0.0599379 205.82 26.027 0.072064
205.822 25.8945 0.0772212 0.1943 205.82 26.027 0.072064
205.661 25.938 0.0800843 0.0406225 205.82 26.027 0.072064
205.661 25.938 0.0800843 0.0406225 205.82 26.027 0.072064
205.748 25.9198 0.0737452 0.248597 205.82 26.027 0.072064
205.709 25.8505 0.0697222 0.111219 205.82 26.027 0.072064
205.827 25.9569 0.0718253 0.367534 205.82 26.027 0.072064
205.658 26.0145 0.0707358 0.0578653 205.82 26.027 0.072064
205.81 25.8332 0.0723462 0.261318 205.82 26.027 0.072064
205.75 25.9479 0.0833516 0.0212012 205.82 26.027 0.072064
205.861 25.9787 0.0789807 0.139857 205.82 26.027 0.072064
205.752 26.1542 0.0745178 0.0591513 205.82 26.027 0.072064
205.748 25.9198 0.0737452 0.248597 205.82 26.027 0.072064
206.011 26.2156 0.0713191 0.0127457 205.82 26.027 0.072064
205.81 25.8332 0.0723462 0.261318 205.82 26.027 0.072064
206.018 25.903 0.0655921 0.103688 205.82 26.027 0.072064
205.81 25.8332 0.0723462 0.261318 205.82 26.027 0.072064
205.918 25.9137 0.075475 0.257697 205.82 26.027 0.072064
206.119 26.1083 0.0711551 0.0175324 205.82 26.027 0.072064
205.827 25.9569 0.0718253 0.367534 205.82 26.027 0.072064
205.883 25.8829 0.0799916 0.0666783 205.82 26.027 0.072064
206.087 25.8463 0.0736717 0.0510453 205.82 26.027 0.072064
205.709 25.8505 0.0697222 0.111219 205.82 26.027 0.072064
205.822 25.8945 0.0772212 0.1943 205.82 26.027 0.072064
205.709 25.8505 0.0697222 0.111219 205.82 26.027 0.072064
205.748 25.9198 0.0737452 0.248597 205.82 26.027 0.072064
205.579 25.9246 0.0733237 0.0268569 205.82 26.027 0.072064
205.883 25.8829 0.0799916 0.0666783 205.82 26.027 0.072064
205.658 26.0145 0.0707358 0.0578653 205.82 26.027 0.072064
206.035 25.9887 0.0697877 0.138171 205.82 26.027 0.072064
205.718 26.0897 0.0777683 0.0778868 205.82 26.027 0.072064
205.714 26.1969 0.0788647 0.0186303 205.82 26.027 0.072064
205.818 26.2509 0.0742038 0.0151912 205.82 26.027 0.072064
206.198 26.035 0.0721091 0.00771 205.82 26.027 0.072064
205.918 25.9137 0.075475 0.257697 205.82 26.027 0.072064
205.918 25.9137 0.075475 0.257697 205.82 26.027 0.072064
205.643 26.0591 0.0781786 0.0424068 205.82 26.027 0.072064
205.883 25.8305 0.075736 0.176057 205.82 26.027 0.072064
205.818 26.2509 0.0742038 0.0151912 205.82 26.027 0.072064
205.918 25.9137 0.075475 0.257697 205.82 26.027 0.072064
205.883 25.8305 0.075736 0.176057 205.82 26.027 0.072064
205.861 25.9787 0.0789807 0.139857 205.82 26.027 0.072064
205.883 25.8305 0.075736 0.176057 205.82 26.027 0.072064
205.643 26.0591 0.0781786 0.0424068 205.82 26.027 0.072064
206.035 25.9887 0.0697877 0.138171 205.82 26.027 0.072064
205.918 25.9137 0.075475 0.257697 205.82 26.027 0.072064
206.035 25.9887 0.0697877 0.138171 205.82 26.027 0.072064
206.018 25.903 0.0655921 0.103688 205.82 26.027 0.072064
205.827 25.9569 0.0718253 0.367534 205.82 26.027 0.072064
205.827 25.9569 0.0718253 0.367534 205.82 26.027 0.072064
205.709 25.8505 0.0697222 0.111219 205.82 26.027 0.072064
205.748 25.9198 0.0737452 0.248597 205.82 26.027 0.072064
