235.944 -15.3764 2.88905 0.0143823 235.93 -15.353 2.8869
235.72 -15.1836 2.88959 0.0079019 235.93 -15.353 2.8869
235.752 -15.1295 2.88746 0.0100693 235.93 -15.353 2.8869
235.883 -15.3721 2.88748 0.0220197 235.93 -15.353 2.8869
235.794 -15.3879 2.88221 0.0103034 235.93 -15.353 2.8869
235.883 -15.3721 2.88748 0.0220197 235.93 -15.353 2.8869
235.883 -15.3721 2.88748 0.0220197 235.93 -15.353 2.8869
235.826 -15.263 2.88911 0.0231277 235.93 -15.353 2.8869
235.675 -15.4532 2.88608 0.0165098 235.93 -15.353 2.8869
235.79 -15.1094 2.88765 0.00771188 235.93 -15.353 2.8869
235.751 -15.3383 2.88568 0.0365267 235.93 -15.353 2.8869
235.788 -15.3663 2.88786 0.0302433 235.93 -15.353 2.8869
235.788 -15.3663 2.88786 0.0302433 235.93 -15.353 2.8869
235.751 -15.3383 2.88568 0.0365267 235.93 -15.353 2.8869
235.883 -15.3721 2.88748 0.0220197 235.93 -15.353 2.8869
235.459 -15.2673 2.87721 0.00279453 235.93 -15.353 2.8869
235.788 -15.3663 2.88786 0.0302433 235.93 -15.353 2.8869
235.788 -15.3663 2.88786 0.0302433 235.93 -15.353 2.8869
235.751 -15.3383 2.88568 0.0365267 235.93 -15.353 2.8869
235.72 -15.1836 2.88959 0.0079019 235.93 -15.353 2.8869
235.751 -15.3383 2.88568 0.0365267 235.93 -15.353 2.8869
235.755 -15.5458 2.88581 0.00625336 235.93 -15.353 2.8869
235.675 -15.4532 2.88608 0.0165098 235.93 -15.353 2.8869
235.933 -15.2167 2.88518 0.00653341 235.93 -15.353 2.8869
235.675 -15.4532 2.88608 0.0165098 235.93 -15.353 2.8869
236.113 -15.2603 2.89141 0.00177498 235.93 -15.353 2.8869
235.662 -15.4601 2.88112 0.00774854 235.93 -15.353 2.8869
235.675 -15.4532 2.88608 0.0165098 235.93 -15.353 2.8869
235.788 -15.3663 2.88786 0.0302433 235.93 -15.353 2.8869
235.855 -15.5137 2.88975 0.006719 235.93 -15.353 2.8869
235.883 -15.3721 2.88748 0.0220197 235.93 -15.353 2.8869
235.822 -15.2844 2.88403 0.020031 235.93 -15.353 2.8869
235.788 -15.3663 2.88786 0.0302433 235.93 -15.353 2.8869
235.751 -15.3383 2.88568 0.0365267 235.93 -15.353 2.8869
235.52 -15.3177 2.88157 0.0129645 235.93 -15.353 2.8869
235.7 -15.5922 2.88516 0.00267502 235.93 -15.353 2.8869
235.822 -15.2844 2.88403 0.020031 235.93 -15.353 2.8869
235.79 -15.1094 2.88765 0.00771188 235.93 -15.353 2.8869
235.662 -15.4601 2.88112 0.00774854 235.93 -15.353 2.8869
235.751 -15.3383 2.88568 0.0365267 235.93 -15.353 2.8869
235.79 -15.1094 2.88765 0.00771188 235.93 -15.353 2.8869
235.76 -15.4155 2.89492 0.000519611 235.93 -15.353 2.8869
235.662 -15.4601 2.88112 0.00774854 235.93 -15.353 2.8869
235.822 -15.2844 2.88403 0.020031 235.93 -15.353 2.8869
235.751 -15.3383 2.88568 0.0365267 235.93 -15.353 2.8869
235.751 -15.3383 2.88568 0.0365267 235.93 -15.353 2.8869
235.751 -15.3383 2.88568 0.0365267 235.93 -15.353 2.8869
235.822 -15.2844 2.88403 0.020031 235.93 -15.353 2.8869
235.822 -15.2844 2.88403 0.020031 235.93 -15.353 2.8869
235.675 -15.4532 2.88608 0.0165098 235.93 -15.353 2.8869
235.822 -15.2844 2.88403 0.020031 235.93 -15.353 2.8869
235.822 -15.2844 2.88403 0.020031 235.93 -15.353 2.8869
235.675 -15.4532 2.88608 0.0165098 235.93 -15.353 2.8869
235.826 -15.263 2.88911 0.0231277 235.93 -15.353 2.8869
235.675 -15.4532 2.88608 0.0165098 235.93 -15.353 2.8869
235.751 -15.3383 2.88568 0.0365267 235.93 -15.353 2.8869
235.72 -15.1836 2.88959 0.0079019 235.93 -15.353 2.8869
235.883 -15.3721 2.88748 0.0220197 235.93 -15.353 2.8869
235.788 -15.3663 2.88786 0.0302433 235.93 -15.353 2.8869
235.54 -15.3723 2.87553 0.000895237 235.93 -15.353 2.8869
235.56 -15.4369 2.88739 0.00429045 235.93 -15.353 2.8869
235.944 -15.3764 2.88905 0.0143823 235.93 -15.353 2.8869
235.58 -15.4684 2.88299 0.00911347 235.93 -15.353 2.8869
235.788 -15.3663 2.88786 0.0302433 235.93 -15.353 2.8869
235.751 -15.3383 2.88568 0.0365267 235.93 -15.353 2.8869
235.883 -15.3721 2.88748 0.0220197 235.93 -15.353 2.8869
235.459 -15.2673 2.87721 0.00279453 235.93 -15.353 2.8869
235.58 -15.4684 2.88299 0.00911347 235.93 -15.353 2.8869
235.7 -15.5922 2.88516 0.00267502 235.93 -15.353 2.8869
235.794 -15.3879 2.88221 0.0103034 235.93 -15.353 2.8869
235.822 -15.2844 2.88403 0.020031 235.93 -15.353 2.8869
235.56 -15.4369 2.88739 0.00429045 235.93 -15.353 2.8869
235.788 -15.3663 2.88786 0.0302433 235.93 -15.353 2.8869
235.883 -15.3721 2.88748 0.0220197 235.93 -15.353 2.8869
235.826 -15.263 2.88911 0.0231277 235.93 -15.353 2.8869
235.883 -15.3721 2.88748 0.0220197 235.93 -15.353 2.8869
235.788 -15.3663 2.88786 0.0302433 235.93 -15.353 2.8869
235.788 -15.3663 2.88786 0.0302433 235.93 -15.353 2.8869
235.855 -15.5137 2.88975 0.006719 235.93 -15.353 2.8869
236.175 -15.3894 2.89126 0.000593487 235.93 -15.353 2.8869
235.751 -15.3383 2.88568 0.0365267 235.93 -15.353 2.8869
235.822 -15.2844 2.88403 0.020031 235.93 -15.353 2.8869
235.826 -15.263 2.88911 0.0231277 235.93 -15.353 2.8869
235.883 -15.3721 2.88748 0.0220197 235.93 -15.353 2.8869
235.751 -15.3383 2.88568 0.0365267 235.93 -15.353 2.8869
235.752 -15.1295 2.88746 0.0100693 235.93 -15.353 2.8869
235.675 -15.4532 2.88608 0.0165098 235.93 -15.353 2.8869
235.826 -15.263 2.88911 0.0231277 235.93 -15.353 2.8869
235.788 -15.3663 2.88786 0.0302433 235.93 -15.353 2.8869
235.751 -15.3383 2.88568 0.0365267 235.93 -15.353 2.8869
235.944 -15.3764 2.88905 0.0143823 235.93 -15.353 2.8869
235.751 -15.3383 2.88568 0.0365267 235.93 -15.353 2.8869
235.751 -15.3383 2.88568 0.0365267 235.93 -15.353 2.8869
235.7 -15.5922 2.88516 0.00267502 235.93 -15.353 2.8869
235.751 -15.3383 2.88568 0.0365267 235.93 -15.353 2.8869
235.788 -15.3663 2.88786 0.0302433 235.93 -15.353 2.8869
235.72 -15.1836 2.88959 0.0079019 235.93 -15.353 2.8869
235.675 -15.4532 2.88608 0.0165098 235.93 -15.353 2.8869
235.755 -15.5458 2.88581 0.00625336 235.93 -15.353 2.8869
235.742 -15.6521 2.87902 5.09724e-05 235.93 -15.353 2.8869
235.788 -15.3663 2.88786 0.0302433 235.93 -15.353 2.8869
235.675 -15.4532 2.88608 0.0165098 235.93 -15.353 2.8869
235.822 -15.2844 2.88403 0.020031 235.93 -15.353 2.8869
235.883 -15.3721 2.88748 0.0220197 235.93 -15.353 2.8869
235.675 -15.4532 2.88608 0.0165098 235.93 -15.353 2.8869
235.751 -15.3383 2.88568 0.0365267 235.93 -15.353 2.8869
235.826 -15.263 2.88911 0.0231277 235.93 -15.353 2.8869
235.751 -15.3383 2.88568 0.0365267 235.93 -15.353 2.8869
235.788 -15.3663 2.88786 0.0302433 235.93 -15.353 2.8869
235.752 -15.1295 2.88746 0.0100693 235.93 -15.353 2.8869
235.883 -15.3721 2.88748 0.0220197 235.93 -15.353 2.8869
235.58 -15.4684 2.88299 0.00911347 235.93 -15.353 2.8869
235.662 -15.4601 2.88112 0.00774854 235.93 -15.353 2.8869
235.822 -15.2844 2.88403 0.020031 235.93 -15.353 2.8869
235.944 -15.3764 2.88905 0.0143823 235.93 -15.353 2.8869
235.944 -15.3764 2.88905 0.0143823 235.93 -15.353 2.8869
235.755 -15.5458 2.88581 0.00625336 235.93 -15.353 2.8869
235.79 -15.1094 2.88765 0.00771188 235.93 -15.353 2.8869
235.52 -15.3177 2.88157 0.0129645 235.93 -15.353 2.8869
235.56 -15.4369 2.88739 0.00429045 235.93 -15.353 2.8869
235.788 -15.3663 2.88786 0.0302433 235.93 -15.353 2.8869
235.883 -15.3721 2.88748 0.0220197 235.93 -15.353 2.8869
235.794 -15.3879 2.88221 0.0103034 235.93 -15.353 2.8869
235.788 -15.3663 2.88786 0.0302433 235.93 -15.353 2.8869
235.933 -15.2167 2.88518 0.00653341 235.93 -15.353 2.8869
235.788 -15.3663 2.88786 0.0302433 235.93 -15.353 2.8869
235.883 -15.3721 2.88748 0.0220197 235.93 -15.353 2.8869
235.944 -15.3764 2.88905 0.0143823 235.93 -15.353 2.8869
235.79 -15.1094 2.88765 0.00771188 235.93 -15.353 2.8869
235.58 -15.4684 2.88299 0.00911347 235.93 -15.353 2.8869
235.933 -15.2167 2.88518 0.00653341 235.93 -15.353 2.8869
235.58 -15.4684 2.88299 0.00911347 235.93 -15.353 2.8869
235.712 -15.5667 2.88841 0.00300731 235.93 -15.353 2.8869
235.662 -15.4601 2.88112 0.00774854 235.93 -15.353 2.8869
235.675 -15.4674 2.88876 0.00736874 235.93 -15.353 2.8869
235.751 -15.3383 2.88568 0.0365267 235.93 -15.353 2.8869
235.822 -15.2844 2.88403 0.020031 235.93 -15.353 2.8869
235.751 -15.3383 2.88568 0.0365267 235.93 -15.353 2.8869
235.79 -15.1094 2.88765 0.00771188 235.93 -15.353 2.8869
235.675 -15.4674 2.88876 0.00736874 235.93 -15.353 2.8869
235.794 -15.5465 2.8821 0.00175624 235.93 -15.353 2.8869
235.52 -15.3177 2.88157 0.0129645 235.93 -15.353 2.8869
235.788 -15.3663 2.88786 0.0302433 235.93 -15.353 2.8869
235.751 -15.3383 2.88568 0.0365267 235.93 -15.353 2.8869
235.751 -15.3383 2.88568 0.0365267 235.93 -15.353 2.8869
235.883 -15.3721 2.88748 0.0220197 235.93 -15.353 2.8869
235.751 -15.3383 2.88568 0.0365267 235.93 -15.353 2.8869
235.794 -15.3879 2.88221 0.0103034 235.93 -15.353 2.8869
235.751 -15.3383 2.88568 0.0365267 235.93 -15.353 2.8869
235.675 -15.4532 2.88608 0.0165098 235.93 -15.353 2.8869
235.52 -15.3177 2.88157 0.0129645 235.93 -15.353 2.8869
235.54 -15.3723 2.87553 0.000895237 235.93 -15.353 2.8869
235.675 -15.4532 2.88608 0.0165098 235.93 -15.353 2.8869
235.826 -15.263 2.88911 0.0231277 235.93 -15.353 2.8869
235.788 -15.3663 2.88786 0.0302433 235.93 -15.353 2.8869
235.822 -15.2844 2.88403 0.020031 235.93 -15.353 2.8869
235.826 -15.263 2.88911 0.0231277 235.93 -15.353 2.8869
235.52 -15.3177 2.88157 0.0129645 235.93 -15.353 2.8869
235.788 -15.3663 2.88786 0.0302433 235.93 -15.353 2.8869
235.826 -15.263 2.88911 0.0231277 235.93 -15.353 2.8869
235.883 -15.3721 2.88748 0.0220197 235.93 -15.353 2.8869
236.113 -15.2603 2.89141 0.00177498 235.93 -15.353 2.8869
235.751 -15.3383 2.88568 0.0365267 235.93 -15.353 2.8869
235.751 -15.3383 2.88568 0.0365267 235.93 -15.353 2.8869
235.56 -15.4369 2.88739 0.00429045 235.93 -15.353 2.8869
235.826 -15.263 2.88911 0.0231277 235.93 -15.353 2.8869
235.675 -15.4532 2.88608 0.0165098 235.93 -15.353 2.8869
235.822 -15.2844 2.88403 0.020031 235.93 -15.353 2.8869
235.58 -15.4684 2.88299 0.00911347 235.93 -15.353 2.8869
235.675 -15.4532 2.88608 0.0165098 235.93 -15.353 2.8869
235.944 -15.3764 2.88905 0.0143823 235.93 -15.353 2.8869
235.751 -15.3383 2.88568 0.0365267 235.93 -15.353 2.8869
235.822 -15.2844 2.88403 0.020031 235.93 -15.353 2.8869
235.855 -15.5137 2.88975 0.006719 235.93 -15.353 2.8869
235.933 -15.2167 2.88518 0.00653341 235.93 -15.353 2.8869
235.826 -15.263 2.88911 0.0231277 235.93 -15.353 2.8869
235.662 -15.4601 2.88112 0.00774854 235.93 -15.353 2.8869
235.822 -15.2844 2.88403 0.020031 235.93 -15.353 2.8869
235.675 -15.4674 2.88876 0.00736874 235.93 -15.353 2.8869
235.675 -15.4532 2.88608 0.0165098 235.93 -15.353 2.8869
235.822 -15.2844 2.88403 0.020031 235.93 -15.353 2.8869
235.788 -15.3663 2.88786 0.0302433 235.93 -15.353 2.8869
235.883 -15.3721 2.88748 0.0220197 235.93 -15.353 2.8869
235.675 -15.4532 2.88608 0.0165098 235.93 -15.353 2.8869
235.794 -15.3879 2.88221 0.0103034 235.93 -15.353 2.8869
235.54 -15.3723 2.87553 0.000895237 235.93 -15.353 2.8869
235.788 -15.3663 2.88786 0.0302433 235.93 -15.353 2.8869
235.6 -15.6337 2.88096 0.000437296 235.93 -15.353 2.8869
235.675 -15.4674 2.88876 0.00736874 235.93 -15.353 2.8869
235.822 -15.2844 2.88403 0.020031 235.93 -15.353 2.8869
235.752 -15.1295 2.88746 0.0100693 235.93 -15.353 2.8869
235.788 -15.3663 2.88786 0.0302433 235.93 -15.353 2.8869
235.662 -15.4601 2.88112 0.00774854 235.93 -15.353 2.8869
235.675 -15.4532 2.88608 0.0165098 235.93 -15.353 2.8869
235.826 -15.263 2.88911 0.0231277 235.93 -15.353 2.8869
235.788 -15.3663 2.88786 0.0302433 235.93 -15.353 2.8869
235.752 -15.1295 2.88746 0.0100693 235.93 -15.353 2.8869
235.79 -15.1094 2.88765 0.00771188 235.93 -15.353 2.8869
235.79 -15.1094 2.88765 0.00771188 235.93 -15.353 2.8869
235.52 -15.3177 2.88157 0.0129645 235.93 -15.353 2.8869
