68.039 -44.14 3.82328 0.352261 67.705 -44.216 3.8229
67.8546 -44.3689 3.82128 14.3737 67.705 -44.216 3.8229
67.5811 -44.334 3.82032 3.81784 67.705 -44.216 3.8229
67.8505 -44.4026 3.82299 6.03188 67.705 -44.216 3.8229
67.7729 -44.2553 3.82172 23.0299 67.705 -44.216 3.8229
67.8505 -44.4026 3.82299 6.03188 67.705 -44.216 3.8229
67.8659 -44.5472 3.81164 0.593243 67.705 -44.216 3.8229
67.8959 -44.2918 3.81633 6.70153 67.705 -44.216 3.8229
67.8546 -44.3689 3.82128 14.3737 67.705 -44.216 3.8229
67.7824 -44.4985 3.82117 3.0179 67.705 -44.216 3.8229
67.8546 -44.3689 3.82128 14.3737 67.705 -44.216 3.8229
67.4694 -44.2012 3.81883 0.136282 67.705 -44.216 3.8229
67.9863 -44.3156 3.82282 2.38689 67.705 -44.216 3.8229
67.8505 -44.4026 3.82299 6.03188 67.705 -44.216 3.8229
67.5846 -44.2281 3.82296 2.19364 67.705 -44.216 3.8229
67.9133 -44.2723 3.8267 1.97252 67.705 -44.216 3.8229
67.7729 -44.2553 3.82172 23.0299 67.705 -44.216 3.8229
67.7729 -44.2553 3.82172 23.0299 67.705 -44.216 3.8229
67.8937 -44.2288 3.82024 10.9552 67.705 -44.216 3.8229
67.8546 -44.3689 3.82128 14.3737 67.705 -44.216 3.8229
67.6138 -44.2732 3.82393 2.85685 67.705 -44.216 3.8229
67.5846 -44.2281 3.82296 2.19364 67.705 -44.216 3.8229
67.5935 -44.4636 3.81795 2.37024 67.705 -44.216 3.8229
67.8546 -44.3689 3.82128 14.3737 67.705 -44.216 3.8229
67.7729 -44.2553 3.82172 23.0299 67.705 -44.216 3.8229
67.7252 -44.555 3.81384 2.02961 67.705 -44.216 3.8229
67.7824 -44.4985 3.82117 3.0179 67.705 -44.216 3.8229
67.8505 -44.4026 3.82299 6.03188 67.705 -44.216 3.8229
67.8546 -44.3689 3.82128 14.3737 67.705 -44.216 3.8229
67.8937 -44.2288 3.82024 10.9552 67.705 -44.216 3.8229
67.7824 -44.4985 3.82117 3.0179 67.705 -44.216 3.8229
67.7729 -44.2553 3.82172 23.0299 67.705 -44.216 3.8229
67.8959 -44.2918 3.81633 6.70153 67.705 -44.216 3.8229
67.8937 -44.2288 3.82024 10.9552 67.705 -44.216 3.8229
67.8546 -44.3689 3.82128 14.3737 67.705 -44.216 3.8229
67.873 -44.2465 3.81515 3.4269 67.705 -44.216 3.8229
67.7533 -44.2873 3.81388 5.32324 67.705 -44.216 3.8229
68.0608 -44.338 3.82069 0.48254 67.705 -44.216 3.8229
67.8546 -44.3689 3.82128 14.3737 67.705 -44.216 3.8229
67.8546 -44.3689 3.82128 14.3737 67.705 -44.216 3.8229
67.7666 -44.0703 3.82196 2.50395 67.705 -44.216 3.8229
67.8959 -44.2918 3.81633 6.70153 67.705 -44.216 3.8229
67.9863 -44.3156 3.82282 2.38689 67.705 -44.216 3.8229
67.7729 -44.2553 3.82172 23.0299 67.705 -44.216 3.8229
67.8505 -44.4026 3.82299 6.03188 67.705 -44.216 3.8229
67.5811 -44.334 3.82032 3.81784 67.705 -44.216 3.8229
67.8546 -44.3689 3.82128 14.3737 67.705 -44.216 3.8229
67.9863 -44.3156 3.82282 2.38689 67.705 -44.216 3.8229
67.88 -44.1946 3.82604 4.10558 67.705 -44.216 3.8229
67.5846 -44.2281 3.82296 2.19364 67.705 -44.216 3.8229
67.8937 -44.2288 3.82024 10.9552 67.705 -44.216 3.8229
67.8937 -44.2288 3.82024 10.9552 67.705 -44.216 3.8229
67.9507 -44.1923 3.81756 1.61583 67.705 -44.216 3.8229
67.5811 -44.334 3.82032 3.81784 67.705 -44.216 3.8229
67.873 -44.2465 3.81515 3.4269 67.705 -44.216 3.8229
67.7533 -44.2873 3.81388 5.32324 67.705 -44.216 3.8229
67.7729 -44.2553 3.82172 23.0299 67.705 -44.216 3.8229
67.8546 -44.3689 3.82128 14.3737 67.705 -44.216 3.8229
67.7824 -44.4985 3.82117 3.0179 67.705 -44.216 3.8229
67.873 -44.2465 3.81515 3.4269 67.705 -44.216 3.8229
67.7729 -44.2553 3.82172 23.0299 67.705 -44.216 3.8229
67.7729 -44.2553 3.82172 23.0299 67.705 -44.216 3.8229
67.8546 -44.3689 3.82128 14.3737 67.705 -44.216 3.8229
67.7729 -44.2553 3.82172 23.0299 67.705 -44.216 3.8229
67.8546 -44.3689 3.82128 14.3737 67.705 -44.216 3.8229
67.6952 -44.4687 3.8256 0.268148 67.705 -44.216 3.8229
67.7533 -44.2873 3.81388 5.32324 67.705 -44.216 3.8229
67.9863 -44.3156 3.82282 2.38689 67.705 -44.216 3.8229
67.5846 -44.2281 3.82296 2.19364 67.705 -44.216 3.8229
67.6952 -44.4687 3.8256 0.268148 67.705 -44.216 3.8229
67.7729 -44.2553 3.82172 23.0299 67.705 -44.216 3.8229
67.7549 -44.4578 3.82614 0.346522 67.705 -44.216 3.8229
68.0608 -44.338 3.82069 0.48254 67.705 -44.216 3.8229
67.8937 -44.2288 3.82024 10.9552 67.705 -44.216 3.8229
67.7729 -44.2553 3.82172 23.0299 67.705 -44.216 3.8229
67.8937 -44.2288 3.82024 10.9552 67.705 -44.216 3.8229
67.8505 -44.4026 3.82299 6.03188 67.705 -44.216 3.8229
67.6952 -44.4687 3.8256 0.268148 67.705 -44.216 3.8229
67.7666 -44.0703 3.82196 2.50395 67.705 -44.216 3.8229
67.88 -44.1946 3.82604 4.10558 67.705 -44.216 3.8229
67.7729 -44.2553 3.82172 23.0299 67.705 -44.216 3.8229
67.8649 -44.2132 3.82834 1.35235 67.705 -44.216 3.8229
67.6509 -44.0683 3.81888 0.549602 67.705 -44.216 3.8229
67.7729 -44.2553 3.82172 23.0299 67.705 -44.216 3.8229
67.8937 -44.2288 3.82024 10.9552 67.705 -44.216 3.8229
67.7729 -44.2553 3.82172 23.0299 67.705 -44.216 3.8229
67.7439 -44.2953 3.82444 9.3427 67.705 -44.216 3.8229
67.7533 -44.2873 3.81388 5.32324 67.705 -44.216 3.8229
67.7439 -44.2953 3.82444 9.3427 67.705 -44.216 3.8229
67.7729 -44.2553 3.82172 23.0299 67.705 -44.216 3.8229
67.7533 -44.2873 3.81388 5.32324 67.705 -44.216 3.8229
67.8546 -44.3689 3.82128 14.3737 67.705 -44.216 3.8229
67.8959 -44.2918 3.81633 6.70153 67.705 -44.216 3.8229
67.8937 -44.2288 3.82024 10.9552 67.705 -44.216 3.8229
67.8649 -44.2132 3.82834 1.35235 67.705 -44.216 3.8229
67.5811 -44.334 3.82032 3.81784 67.705 -44.216 3.8229
67.8937 -44.2288 3.82024 10.9552 67.705 -44.216 3.8229
67.8546 -44.3689 3.82128 14.3737 67.705 -44.216 3.8229
67.5592 -44.3383 3.81362 1.026 67.705 -44.216 3.8229
67.8505 -44.4026 3.82299 6.03188 67.705 -44.216 3.8229
67.6096 -44.4298 3.82184 1.74235 67.705 -44.216 3.8229
67.7729 -44.2553 3.82172 23.0299 67.705 -44.216 3.8229
67.5811 -44.334 3.82032 3.81784 67.705 -44.216 3.8229
67.9507 -44.1923 3.81756 1.61583 67.705 -44.216 3.8229
67.8959 -44.2918 3.81633 6.70153 67.705 -44.216 3.8229
67.6771 -43.9682 3.81731 0.0147993 67.705 -44.216 3.8229
67.5811 -44.334 3.82032 3.81784 67.705 -44.216 3.8229
67.9507 -44.1923 3.81756 1.61583 67.705 -44.216 3.8229
67.8546 -44.3689 3.82128 14.3737 67.705 -44.216 3.8229
67.7439 -44.2953 3.82444 9.3427 67.705 -44.216 3.8229
67.8505 -44.4026 3.82299 6.03188 67.705 -44.216 3.8229
67.7439 -44.2953 3.82444 9.3427 67.705 -44.216 3.8229
67.7439 -44.2953 3.82444 9.3427 67.705 -44.216 3.8229
67.8959 -44.2918 3.81633 6.70153 67.705 -44.216 3.8229
67.6138 -44.2732 3.82393 2.85685 67.705 -44.216 3.8229
67.8546 -44.3689 3.82128 14.3737 67.705 -44.216 3.8229
67.8546 -44.3689 3.82128 14.3737 67.705 -44.216 3.8229
67.8546 -44.3689 3.82128 14.3737 67.705 -44.216 3.8229
67.8649 -44.2132 3.82834 1.35235 67.705 -44.216 3.8229
67.8937 -44.2288 3.82024 10.9552 67.705 -44.216 3.8229
67.7824 -44.4985 3.82117 3.0179 67.705 -44.216 3.8229
67.8937 -44.2288 3.82024 10.9552 67.705 -44.216 3.8229
67.6138 -44.2732 3.82393 2.85685 67.705 -44.216 3.8229
67.7729 -44.2553 3.82172 23.0299 67.705 -44.216 3.8229
67.8546 -44.3689 3.82128 14.3737 67.705 -44.216 3.8229
67.9507 -44.1923 3.81756 1.61583 67.705 -44.216 3.8229
67.7252 -44.555 3.81384 2.02961 67.705 -44.216 3.8229
67.9507 -44.1923 3.81756 1.61583 67.705 -44.216 3.8229
67.6404 -44.4111 3.82516 0.598918 67.705 -44.216 3.8229
67.8505 -44.4026 3.82299 6.03188 67.705 -44.216 3.8229
67.7533 -44.2873 3.81388 5.32324 67.705 -44.216 3.8229
67.7729 -44.2553 3.82172 23.0299 67.705 -44.216 3.8229
67.8959 -44.2918 3.81633 6.70153 67.705 -44.216 3.8229
67.8959 -44.2918 3.81633 6.70153 67.705 -44.216 3.8229
67.873 -44.2465 3.81515 3.4269 67.705 -44.216 3.8229
67.8546 -44.3689 3.82128 14.3737 67.705 -44.216 3.8229
67.5592 -44.3383 3.81362 1.026 67.705 -44.216 3.8229
67.9133 -44.2723 3.8267 1.97252 67.705 -44.216 3.8229
67.6978 -44.1128 3.82804 0.752099 67.705 -44.216 3.8229
67.8937 -44.2288 3.82024 10.9552 67.705 -44.216 3.8229
67.8937 -44.2288 3.82024 10.9552 67.705 -44.216 3.8229
67.7439 -44.2953 3.82444 9.3427 67.705 -44.216 3.8229
67.8505 -44.4026 3.82299 6.03188 67.705 -44.216 3.8229
67.7252 -44.555 3.81384 2.02961 67.705 -44.216 3.8229
67.5811 -44.334 3.82032 3.81784 67.705 -44.216 3.8229
67.7439 -44.2953 3.82444 9.3427 67.705 -44.216 3.8229
67.8937 -44.2288 3.82024 10.9552 67.705 -44.216 3.8229
67.7439 -44.2953 3.82444 9.3427 67.705 -44.216 3.8229
67.9863 -44.3156 3.82282 2.38689 67.705 -44.216 3.8229
67.7729 -44.2553 3.82172 23.0299 67.705 -44.216 3.8229
67.8959 -44.2918 3.81633 6.70153 67.705 -44.216 3.8229
67.6404 -44.4111 3.82516 0.598918 67.705 -44.216 3.8229
67.9507 -44.1923 3.81756 1.61583 67.705 -44.216 3.8229
67.8959 -44.2918 3.81633 6.70153 67.705 -44.216 3.8229
67.8505 -44.4026 3.82299 6.03188 67.705 -44.216 3.8229
67.7729 -44.2553 3.82172 23.0299 67.705 -44.216 3.8229
67.8546 -44.3689 3.82128 14.3737 67.705 -44.216 3.8229
67.7533 -44.2873 3.81388 5.32324 67.705 -44.216 3.8229
67.8937 -44.2288 3.82024 10.9552 67.705 -44.216 3.8229
67.8937 -44.2288 3.82024 10.9552 67.705 -44.216 3.8229
67.7729 -44.2553 3.82172 23.0299 67.705 -44.216 3.8229
67.7729 -44.2553 3.82172 23.0299 67.705 -44.216 3.8229
67.7729 -44.2553 3.82172 23.0299 67.705 -44.216 3.8229
67.7252 -44.555 3.81384 2.02961 67.705 -44.216 3.8229
67.8937 -44.2288 3.82024 10.9552 67.705 -44.216 3.8229
67.7729 -44.2553 3.82172 23.0299 67.705 -44.216 3.8229
67.7729 -44.2553 3.82172 23.0299 67.705 -44.216 3.8229
67.7439 -44.2953 3.82444 9.3427 67.705 -44.216 3.8229
67.8937 -44.2288 3.82024 10.9552 67.705 -44.216 3.8229
67.8959 -44.2918 3.81633 6.70153 67.705 -44.216 3.8229
67.88 -44.1946 3.82604 4.10558 67.705 -44.216 3.8229
67.8959 -44.2918 3.81633 6.70153 67.705 -44.216 3.8229
67.5846 -44.2281 3.82296 2.19364 67.705 -44.216 3.8229
67.8546 -44.3689 3.82128 14.3737 67.705 -44.216 3.8229
67.8937 -44.2288 3.82024 10.9552 67.705 -44.216 3.8229
67.8937 -44.2288 3.82024 10.9552 67.705 -44.216 3.8229
67.8505 -44.4026 3.82299 6.03188 67.705 -44.216 3.8229
67.8546 -44.3689 3.82128 14.3737 67.705 -44.216 3.8229
67.8937 -44.2288 3.82024 10.9552 67.705 -44.216 3.8229
67.8546 -44.3689 3.82128 14.3737 67.705 -44.216 3.8229
67.6404 -44.4111 3.82516 0.598918 67.705 -44.216 3.8229
67.7729 -44.2553 3.82172 23.0299 67.705 -44.216 3.8229
67.7439 -44.2953 3.82444 9.3427 67.705 -44.216 3.8229
67.7824 -44.4985 3.82117 3.0179 67.705 -44.216 3.8229
67.8546 -44.3689 3.82128 14.3737 67.705 -44.216 3.8229
67.8959 -44.2918 3.81633 6.70153 67.705 -44.216 3.8229
67.9863 -44.3156 3.82282 2.38689 67.705 -44.216 3.8229
67.7666 -44.0703 3.82196 2.50395 67.705 -44.216 3.8229
67.8546 -44.3689 3.82128 14.3737 67.705 -44.216 3.8229
67.7533 -44.2873 3.81388 5.32324 67.705 -44.216 3.8229
67.7666 -44.0703 3.82196 2.50395 67.705 -44.216 3.8229
67.7252 -44.555 3.81384 2.02961 67.705 -44.216 3.8229
67.7252 -44.555 3.81384 2.02961 67.705 -44.216 3.8229
67.7533 -44.2873 3.81388 5.32324 67.705 -44.216 3.8229
67.8959 -44.2918 3.81633 6.70153 67.705 -44.216 3.8229
67.8959 -44.2918 3.81633 6.70153 67.705 -44.216 3.8229
67.7729 -44.2553 3.82172 23.0299 67.705 -44.216 3.8229
67.88 -44.1946 3.82604 4.10558 67.705 -44.216 3.8229
67.7729 -44.2553 3.82172 23.0299 67.705 -44.216 3.8229
67.8546 -44.3689 3.82128 14.3737 67.705 -44.216 3.8229
