225.383 26.7482 0.0794504 3.16172 225.41 26.872 0.077804
225.395 26.6485 0.079273 1.30306 225.41 26.872 0.077804
225.383 26.7482 0.0794504 3.16172 225.41 26.872 0.077804
225.384 26.9506 0.0732759 0.184262 225.41 26.872 0.077804
225.485 26.7677 0.0766006 2.72214 225.41 26.872 0.077804
225.485 26.7677 0.0766006 2.72214 225.41 26.872 0.077804
225.478 27.0024 0.0801023 0.630867 225.41 26.872 0.077804
225.511 26.6951 0.0740728 0.532385 225.41 26.872 0.077804
225.499 26.9898 0.0789937 0.814944 225.41 26.872 0.077804
225.383 26.7482 0.0794504 3.16172 225.41 26.872 0.077804
225.383 26.7482 0.0794504 3.16172 225.41 26.872 0.077804
225.499 26.9898 0.0789937 0.814944 225.41 26.872 0.077804
225.431 26.8321 0.0827455 1.894 225.41 26.872 0.077804
225.463 26.7642 0.0728238 0.410334 225.41 26.872 0.077804
225.457 26.8538 0.0802673 3.4245 225.41 26.872 0.077804
225.511 26.6951 0.0740728 0.532385 225.41 26.872 0.077804
225.457 26.8538 0.0802673 3.4245 225.41 26.872 0.077804
225.457 26.8538 0.0802673 3.4245 225.41 26.872 0.077804
225.383 26.7482 0.0794504 3.16172 225.41 26.872 0.077804
225.457 26.8538 0.0802673 3.4245 225.41 26.872 0.077804
225.485 26.7677 0.0766006 2.72214 225.41 26.872 0.077804
225.383 26.7482 0.0794504 3.16172 225.41 26.872 0.077804
225.383 26.7482 0.0794504 3.16172 225.41 26.872 0.077804
225.485 26.7677 0.0766006 2.72214 225.41 26.872 0.077804
225.431 26.8321 0.0827455 1.894 225.41 26.872 0.077804
225.499 26.9898 0.0789937 0.814944 225.41 26.872 0.077804
225.485 26.7677 0.0766006 2.72214 225.41 26.872 0.077804
225.383 26.7482 0.0794504 3.16172 225.41 26.872 0.077804
225.419 26.9852 0.0802945 0.876677 225.41 26.872 0.077804
225.383 26.7482 0.0794504 3.16172 225.41 26.872 0.077804
225.431 26.8321 0.0827455 1.894 225.41 26.872 0.077804
225.431 26.8321 0.0827455 1.894 225.41 26.872 0.077804
225.419 26.9852 0.0802945 0.876677 225.41 26.872 0.077804
225.478 27.0024 0.0801023 0.630867 225.41 26.872 0.077804
225.463 26.7642 0.0728238 0.410334 225.41 26.872 0.077804
225.485 26.7677 0.0766006 2.72214 225.41 26.872 0.077804
225.485 26.7677 0.0766006 2.72214 225.41 26.872 0.077804
225.419 26.9852 0.0802945 0.876677 225.41 26.872 0.077804
225.602 26.7694 0.0831664 0.334166 225.41 26.872 0.077804
225.23 26.6054 0.0802799 0.108517 225.41 26.872 0.077804
225.457 26.8538 0.0802673 3.4245 225.41 26.872 0.077804
225.383 26.7482 0.0794504 3.16172 225.41 26.872 0.077804
225.485 26.7677 0.0766006 2.72214 225.41 26.872 0.077804
225.665 26.7861 0.075793 0.402434 225.41 26.872 0.077804
225.463 26.7642 0.0728238 0.410334 225.41 26.872 0.077804
225.602 26.7694 0.0831664 0.334166 225.41 26.872 0.077804
225.615 26.6514 0.07682 0.363416 225.41 26.872 0.077804
225.457 26.8538 0.0802673 3.4245 225.41 26.872 0.077804
225.516 27.0348 0.0777626 0.326164 225.41 26.872 0.077804
225.555 26.5918 0.0766338 0.248931 225.41 26.872 0.077804
225.457 26.8538 0.0802673 3.4245 225.41 26.872 0.077804
225.457 26.8538 0.0802673 3.4245 225.41 26.872 0.077804
225.485 26.7677 0.0766006 2.72214 225.41 26.872 0.077804
225.665 26.7861 0.075793 0.402434 225.41 26.872 0.077804
225.483 27.08 0.0795257 0.13144 225.41 26.872 0.077804
225.395 26.6485 0.079273 1.30306 225.41 26.872 0.077804
225.483 27.08 0.0795257 0.13144 225.41 26.872 0.077804
225.457 26.8538 0.0802673 3.4245 225.41 26.872 0.077804
225.39 26.9953 0.0890948 0.00216635 225.41 26.872 0.077804
225.457 26.8538 0.0802673 3.4245 225.41 26.872 0.077804
225.381 26.8456 0.0860088 0.255613 225.41 26.872 0.077804
225.457 26.8538 0.0802673 3.4245 225.41 26.872 0.077804
225.431 26.8321 0.0827455 1.894 225.41 26.872 0.077804
225.419 26.9852 0.0802945 0.876677 225.41 26.872 0.077804
225.499 26.9898 0.0789937 0.814944 225.41 26.872 0.077804
225.615 26.6514 0.07682 0.363416 225.41 26.872 0.077804
225.395 26.6485 0.079273 1.30306 225.41 26.872 0.077804
225.615 26.6514 0.07682 0.363416 225.41 26.872 0.077804
225.383 26.7482 0.0794504 3.16172 225.41 26.872 0.077804
225.431 26.8321 0.0827455 1.894 225.41 26.872 0.077804
225.499 26.9898 0.0789937 0.814944 225.41 26.872 0.077804
225.483 27.08 0.0795257 0.13144 225.41 26.872 0.077804
225.457 26.8538 0.0802673 3.4245 225.41 26.872 0.077804
225.431 26.8321 0.0827455 1.894 225.41 26.872 0.077804
225.383 26.7482 0.0794504 3.16172 225.41 26.872 0.077804
225.383 26.7482 0.0794504 3.16172 225.41 26.872 0.077804
225.61 26.6745 0.074121 0.212833 225.41 26.872 0.077804
225.457 26.8538 0.0802673 3.4245 225.41 26.872 0.077804
225.511 26.6951 0.0740728 0.532385 225.41 26.872 0.077804
225.485 26.7677 0.0766006 2.72214 225.41 26.872 0.077804
225.499 26.9898 0.0789937 0.814944 225.41 26.872 0.077804
225.485 26.7677 0.0766006 2.72214 225.41 26.872 0.077804
225.555 26.5918 0.0766338 0.248931 225.41 26.872 0.077804
225.383 26.7482 0.0794504 3.16172 225.41 26.872 0.077804
225.383 26.7482 0.0794504 3.16172 225.41 26.872 0.077804
225.485 26.7677 0.0766006 2.72214 225.41 26.872 0.077804
225.485 26.7677 0.0766006 2.72214 225.41 26.872 0.077804
225.383 26.7482 0.0794504 3.16172 225.41 26.872 0.077804
225.516 27.0348 0.0777626 0.326164 225.41 26.872 0.077804
225.499 26.9898 0.0789937 0.814944 225.41 26.872 0.077804
225.516 27.0348 0.0777626 0.326164 225.41 26.872 0.077804
225.485 26.7677 0.0766006 2.72214 225.41 26.872 0.077804
225.457 26.8538 0.0802673 3.4245 225.41 26.872 0.077804
225.383 26.7482 0.0794504 3.16172 225.41 26.872 0.077804
225.457 26.8538 0.0802673 3.4245 225.41 26.872 0.077804
225.485 26.7677 0.0766006 2.72214 225.41 26.872 0.077804
225.457 26.8538 0.0802673 3.4245 225.41 26.872 0.077804
225.383 26.7482 0.0794504 3.16172 225.41 26.872 0.077804
225.381 26.8456 0.0860088 0.255613 225.41 26.872 0.077804
225.457 26.8538 0.0802673 3.4245 225.41 26.872 0.077804
225.457 26.8538 0.0802673 3.4245 225.41 26.872 0.077804
225.457 26.8538 0.0802673 3.4245 225.41 26.872 0.077804
225.463 26.7642 0.0728238 0.410334 225.41 26.872 0.077804
225.395 26.6485 0.079273 1.30306 225.41 26.872 0.077804
225.395 26.6485 0.079273 1.30306 225.41 26.872 0.077804
225.511 26.6951 0.0740728 0.532385 225.41 26.872 0.077804
225.665 26.7861 0.075793 0.402434 225.41 26.872 0.077804
225.478 27.0024 0.0801023 0.630867 225.41 26.872 0.077804
225.499 26.9898 0.0789937 0.814944 225.41 26.872 0.077804
225.395 26.6485 0.079273 1.30306 225.41 26.872 0.077804
225.457 26.8538 0.0802673 3.4245 225.41 26.872 0.077804
225.457 26.8538 0.0802673 3.4245 225.41 26.872 0.077804
225.457 26.8538 0.0802673 3.4245 225.41 26.872 0.077804
225.383 26.7482 0.0794504 3.16172 225.41 26.872 0.077804
225.419 26.9852 0.0802945 0.876677 225.41 26.872 0.077804
225.457 26.8538 0.0802673 3.4245 225.41 26.872 0.077804
225.485 26.7677 0.0766006 2.72214 225.41 26.872 0.077804
225.555 26.5918 0.0766338 0.248931 225.41 26.872 0.077804
225.478 27.0024 0.0801023 0.630867 225.41 26.872 0.077804
225.485 26.7677 0.0766006 2.72214 225.41 26.872 0.077804
225.438 26.6437 0.0735045 0.182501 225.41 26.872 0.077804
225.457 26.8538 0.0802673 3.4245 225.41 26.872 0.077804
225.431 26.8321 0.0827455 1.894 225.41 26.872 0.077804
225.457 26.8538 0.0802673 3.4245 225.41 26.872 0.077804
225.457 26.8538 0.0802673 3.4245 225.41 26.872 0.077804
225.602 26.7694 0.0831664 0.334166 225.41 26.872 0.077804
225.419 26.9852 0.0802945 0.876677 225.41 26.872 0.077804
225.236 26.7842 0.077166 0.383542 225.41 26.872 0.077804
225.457 26.8538 0.0802673 3.4245 225.41 26.872 0.077804
225.602 26.7694 0.0831664 0.334166 225.41 26.872 0.077804
225.383 26.7482 0.0794504 3.16172 225.41 26.872 0.077804
225.457 26.8538 0.0802673 3.4245 225.41 26.872 0.077804
225.457 26.8538 0.0802673 3.4245 225.41 26.872 0.077804
225.383 26.7482 0.0794504 3.16172 225.41 26.872 0.077804
225.485 26.7677 0.0766006 2.72214 225.41 26.872 0.077804
225.457 26.8538 0.0802673 3.4245 225.41 26.872 0.077804
225.457 26.8538 0.0802673 3.4245 225.41 26.872 0.077804
225.457 26.8538 0.0802673 3.4245 225.41 26.872 0.077804
225.457 26.8538 0.0802673 3.4245 225.41 26.872 0.077804
225.431 26.8321 0.0827455 1.894 225.41 26.872 0.077804
225.485 26.7677 0.0766006 2.72214 225.41 26.872 0.077804
225.485 26.7677 0.0766006 2.72214 225.41 26.872 0.077804
225.236 26.7842 0.077166 0.383542 225.41 26.872 0.077804
225.236 26.7842 0.077166 0.383542 225.41 26.872 0.077804
225.383 26.7482 0.0794504 3.16172 225.41 26.872 0.077804
225.485 26.7677 0.0766006 2.72214 225.41 26.872 0.077804
225.384 26.9506 0.0732759 0.184262 225.41 26.872 0.077804
225.383 26.7482 0.0794504 3.16172 225.41 26.872 0.077804
225.383 26.7482 0.0794504 3.16172 225.41 26.872 0.077804
225.431 26.8321 0.0827455 1.894 225.41 26.872 0.077804
225.457 26.8538 0.0802673 3.4245 225.41 26.872 0.077804
225.457 26.8538 0.0802673 3.4245 225.41 26.872 0.077804
225.463 26.7642 0.0728238 0.410334 225.41 26.872 0.077804
225.395 26.6485 0.079273 1.30306 225.41 26.872 0.077804
225.61 26.6745 0.074121 0.212833 225.41 26.872 0.077804
225.485 26.7677 0.0766006 2.72214 225.41 26.872 0.077804
225.485 26.7677 0.0766006 2.72214 225.41 26.872 0.077804
225.383 26.7482 0.0794504 3.16172 225.41 26.872 0.077804
225.395 26.6485 0.079273 1.30306 225.41 26.872 0.077804
225.602 26.7694 0.0831664 0.334166 225.41 26.872 0.077804
225.431 26.8321 0.0827455 1.894 225.41 26.872 0.077804
225.478 27.0024 0.0801023 0.630867 225.41 26.872 0.077804
225.431 26.8321 0.0827455 1.894 225.41 26.872 0.077804
225.419 26.9852 0.0802945 0.876677 225.41 26.872 0.077804
225.419 26.9852 0.0802945 0.876677 225.41 26.872 0.077804
225.383 26.7482 0.0794504 3.16172 225.41 26.872 0.077804
225.457 26.8538 0.0802673 3.4245 225.41 26.872 0.077804
225.395 26.6485 0.079273 1.30306 225.41 26.872 0.077804
225.431 26.8321 0.0827455 1.894 225.41 26.872 0.077804
225.499 26.9898 0.0789937 0.814944 225.41 26.872 0.077804
225.485 26.7677 0.0766006 2.72214 225.41 26.872 0.077804
225.383 26.7482 0.0794504 3.16172 225.41 26.872 0.077804
225.395 26.6485 0.079273 1.30306 225.41 26.872 0.077804
225.457 26.8538 0.0802673 3.4245 225.41 26.872 0.077804
225.395 26.6485 0.079273 1.30306 225.41 26.872 0.077804
225.669 26.6977 0.0728538 0.0611339 225.41 26.872 0.077804
225.431 26.8321 0.0827455 1.894 225.41 26.872 0.077804
225.431 26.8321 0.0827455 1.894 225.41 26.872 0.077804
225.431 26.8321 0.0827455 1.894 225.41 26.872 0.077804
225.383 26.7482 0.0794504 3.16172 225.41 26.872 0.077804
225.457 26.8538 0.0802673 3.4245 225.41 26.872 0.077804
225.485 26.7677 0.0766006 2.72214 225.41 26.872 0.077804
225.463 26.7642 0.0728238 0.410334 225.41 26.872 0.077804
225.395 26.6485 0.079273 1.30306 225.41 26.872 0.077804
225.17 26.8175 0.0749319 0.0265797 225.41 26.872 0.077804
225.383 26.7482 0.0794504 3.16172 225.41 26.872 0.077804
225.238 26.7237 0.0740736 0.0542055 225.41 26.872 0.077804
225.431 26.8321 0.0827455 1.894 225.41 26.872 0.077804
225.499 26.9898 0.0789937 0.814944 225.41 26.872 0.077804
225.457 26.8538 0.0802673 3.4245 225.41 26.872 0.077804
225.419 26.9852 0.0802945 0.876677 225.41 26.872 0.077804
225.485 26.7677 0.0766006 2.72214 225.41 26.872 0.077804
225.457 26.8538 0.0802673 3.4245 225.41 26.872 0.077804
225.485 26.7677 0.0766006 2.72214 225.41 26.872 0.077804
225.601 26.9569 0.0767363 0.500113 225.41 26.872 0.077804
225.485 26.7677 0.0766006 2.72214 225.41 26.872 0.077804
225.383 26.7482 0.0794504 3.16172 225.41 26.872 0.077804
225.384 26.9506 0.0732759 0.184262 225.41 26.872 0.077804
225.478 27.0024 0.0801023 0.630867 225.41 26.872 0.077804
225.395 26.6485 0.079273 1.30306 225.41 26.872 0.077804
