169.125 -11.0456 3.24063 1.52689 168.9 -10.72 3.241
168.948 -10.8766 3.23565 1.06864 168.9 -10.72 3.241
168.948 -10.8766 3.23565 1.06864 168.9 -10.72 3.241
169.21 -10.871 3.24497 0.844614 168.9 -10.72 3.241
169.076 -10.7317 3.23558 0.235626 168.9 -10.72 3.241
169.125 -11.0456 3.24063 1.52689 168.9 -10.72 3.241
169.21 -10.871 3.24497 0.844614 168.9 -10.72 3.241
169.076 -10.7317 3.23558 0.235626 168.9 -10.72 3.241
169.259 -10.9823 3.24498 0.782393 168.9 -10.72 3.241
169.125 -11.0456 3.24063 1.52689 168.9 -10.72 3.241
169.12 -11.0454 3.24259 1.60863 168.9 -10.72 3.241
169.125 -11.0456 3.24063 1.52689 168.9 -10.72 3.241
169.16 -11.2057 3.24379 0.152607 168.9 -10.72 3.241
168.948 -10.8766 3.23565 1.06864 168.9 -10.72 3.241
168.744 -10.9024 3.23534 0.118285 168.9 -10.72 3.241
169.12 -11.0454 3.24259 1.60863 168.9 -10.72 3.241
168.92 -11.1905 3.24372 0.047639 168.9 -10.72 3.241
169.259 -10.9823 3.24498 0.782393 168.9 -10.72 3.241
169.12 -11.0454 3.24259 1.60863 168.9 -10.72 3.241
168.987 -10.9173 3.23491 0.905156 168.9 -10.72 3.241
169.125 -11.0456 3.24063 1.52689 168.9 -10.72 3.241
169.024 -10.6832 3.2371 0.199211 168.9 -10.72 3.241
168.987 -10.9173 3.23491 0.905156 168.9 -10.72 3.241
168.987 -10.9173 3.23491 0.905156 168.9 -10.72 3.241
169.12 -11.0454 3.24259 1.60863 168.9 -10.72 3.241
168.867 -11.02 3.23194 0.102335 168.9 -10.72 3.241
169.259 -10.9823 3.24498 0.782393 168.9 -10.72 3.241
169.259 -10.9823 3.24498 0.782393 168.9 -10.72 3.241
169.063 -11.1231 3.24458 0.452594 168.9 -10.72 3.241
169.125 -11.0456 3.24063 1.52689 168.9 -10.72 3.241
169.125 -11.0456 3.24063 1.52689 168.9 -10.72 3.241
169.061 -11.0395 3.23317 0.119884 168.9 -10.72 3.241
169.21 -10.871 3.24497 0.844614 168.9 -10.72 3.241
169.12 -11.0454 3.24259 1.60863 168.9 -10.72 3.241
169.259 -10.9823 3.24498 0.782393 168.9 -10.72 3.241
169.144 -10.9164 3.23626 0.615201 168.9 -10.72 3.241
168.763 -10.7464 3.23479 0.0561149 168.9 -10.72 3.241
169.144 -10.9164 3.23626 0.615201 168.9 -10.72 3.241
168.948 -10.8766 3.23565 1.06864 168.9 -10.72 3.241
169.125 -11.0456 3.24063 1.52689 168.9 -10.72 3.241
169.243 -10.7749 3.23678 0.0813495 168.9 -10.72 3.241
169.259 -10.9823 3.24498 0.782393 168.9 -10.72 3.241
169.125 -11.0456 3.24063 1.52689 168.9 -10.72 3.241
169.259 -10.9823 3.24498 0.782393 168.9 -10.72 3.241
168.948 -10.8766 3.23565 1.06864 168.9 -10.72 3.241
169.21 -10.871 3.24497 0.844614 168.9 -10.72 3.241
169.076 -10.7317 3.23558 0.235626 168.9 -10.72 3.241
168.893 -11.0981 3.2414 0.265984 168.9 -10.72 3.241
169.12 -11.0454 3.24259 1.60863 168.9 -10.72 3.241
169.125 -11.0456 3.24063 1.52689 168.9 -10.72 3.241
168.904 -10.8539 3.23429 0.552929 168.9 -10.72 3.241
169.063 -11.1231 3.24458 0.452594 168.9 -10.72 3.241
169.125 -11.0456 3.24063 1.52689 168.9 -10.72 3.241
169.12 -11.0454 3.24259 1.60863 168.9 -10.72 3.241
169.125 -11.0456 3.24063 1.52689 168.9 -10.72 3.241
169.03 -10.7623 3.24476 0.218404 168.9 -10.72 3.241
169.144 -10.9164 3.23626 0.615201 168.9 -10.72 3.241
169.017 -10.9082 3.24774 0.137925 168.9 -10.72 3.241
169.038 -11.0131 3.22918 0.00643517 168.9 -10.72 3.241
169.012 -10.7765 3.2417 0.713777 168.9 -10.72 3.241
168.904 -10.8539 3.23429 0.552929 168.9 -10.72 3.241
169.259 -10.9823 3.24498 0.782393 168.9 -10.72 3.241
168.987 -10.9173 3.23491 0.905156 168.9 -10.72 3.241
168.948 -10.8766 3.23565 1.06864 168.9 -10.72 3.241
169.012 -10.7765 3.2417 0.713777 168.9 -10.72 3.241
169.144 -10.9164 3.23626 0.615201 168.9 -10.72 3.241
169.424 -10.9678 3.24752 0.0516901 168.9 -10.72 3.241
169.12 -11.0454 3.24259 1.60863 168.9 -10.72 3.241
169.21 -10.871 3.24497 0.844614 168.9 -10.72 3.241
169.125 -11.0456 3.24063 1.52689 168.9 -10.72 3.241
169.12 -11.0454 3.24259 1.60863 168.9 -10.72 3.241
169.125 -11.0456 3.24063 1.52689 168.9 -10.72 3.241
169.21 -10.871 3.24497 0.844614 168.9 -10.72 3.241
169.031 -11.2591 3.24487 0.0286929 168.9 -10.72 3.241
169.125 -11.0456 3.24063 1.52689 168.9 -10.72 3.241
168.939 -10.8666 3.24612 0.103599 168.9 -10.72 3.241
168.987 -10.9173 3.23491 0.905156 168.9 -10.72 3.241
168.834 -11.0745 3.23925 0.202833 168.9 -10.72 3.241
169.259 -10.9823 3.24498 0.782393 168.9 -10.72 3.241
168.917 -11.1785 3.23479 0.0457907 168.9 -10.72 3.241
168.948 -10.8766 3.23565 1.06864 168.9 -10.72 3.241
169.158 -10.729 3.23981 0.339646 168.9 -10.72 3.241
168.744 -10.9024 3.23534 0.118285 168.9 -10.72 3.241
168.904 -10.8539 3.23429 0.552929 168.9 -10.72 3.241
169.076 -10.7317 3.23558 0.235626 168.9 -10.72 3.241
169.144 -10.9164 3.23626 0.615201 168.9 -10.72 3.241
169.259 -10.9823 3.24498 0.782393 168.9 -10.72 3.241
169.017 -10.9082 3.24774 0.137925 168.9 -10.72 3.241
169.024 -10.6832 3.2371 0.199211 168.9 -10.72 3.241
168.987 -10.9173 3.23491 0.905156 168.9 -10.72 3.241
169.012 -10.7765 3.2417 0.713777 168.9 -10.72 3.241
169.125 -11.0456 3.24063 1.52689 168.9 -10.72 3.241
169.259 -10.9823 3.24498 0.782393 168.9 -10.72 3.241
169.063 -11.1231 3.24458 0.452594 168.9 -10.72 3.241
168.893 -11.0981 3.2414 0.265984 168.9 -10.72 3.241
168.987 -10.9173 3.23491 0.905156 168.9 -10.72 3.241
168.948 -10.8766 3.23565 1.06864 168.9 -10.72 3.241
169.024 -10.6832 3.2371 0.199211 168.9 -10.72 3.241
169.12 -11.0454 3.24259 1.60863 168.9 -10.72 3.241
169.12 -11.0454 3.24259 1.60863 168.9 -10.72 3.241
169.05 -10.6612 3.23345 0.0345798 168.9 -10.72 3.241
169.061 -11.0395 3.23317 0.119884 168.9 -10.72 3.241
169.063 -10.8044 3.24735 0.116625 168.9 -10.72 3.241
169.012 -10.7765 3.2417 0.713777 168.9 -10.72 3.241
168.845 -10.9749 3.23219 0.147477 168.9 -10.72 3.241
168.845 -10.9749 3.23219 0.147477 168.9 -10.72 3.241
169.125 -11.0456 3.24063 1.52689 168.9 -10.72 3.241
169.158 -10.729 3.23981 0.339646 168.9 -10.72 3.241
169.136 -11.0551 3.23478 0.133634 168.9 -10.72 3.241
169.21 -10.871 3.24497 0.844614 168.9 -10.72 3.241
169.259 -10.9823 3.24498 0.782393 168.9 -10.72 3.241
168.987 -10.9173 3.23491 0.905156 168.9 -10.72 3.241
168.987 -10.9173 3.23491 0.905156 168.9 -10.72 3.241
169.125 -11.0456 3.24063 1.52689 168.9 -10.72 3.241
169.125 -11.0456 3.24063 1.52689 168.9 -10.72 3.241
169.152 -10.8386 3.23301 0.0618641 168.9 -10.72 3.241
169.12 -11.0454 3.24259 1.60863 168.9 -10.72 3.241
168.904 -10.8539 3.23429 0.552929 168.9 -10.72 3.241
168.967 -11.0611 3.23539 0.454856 168.9 -10.72 3.241
168.987 -10.9173 3.23491 0.905156 168.9 -10.72 3.241
169.012 -10.7765 3.2417 0.713777 168.9 -10.72 3.241
169.125 -11.0456 3.24063 1.52689 168.9 -10.72 3.241
169.418 -10.9182 3.24591 0.0628729 168.9 -10.72 3.241
168.867 -11.02 3.23194 0.102335 168.9 -10.72 3.241
169.076 -10.7317 3.23558 0.235626 168.9 -10.72 3.241
169.144 -10.9164 3.23626 0.615201 168.9 -10.72 3.241
169.12 -11.0454 3.24259 1.60863 168.9 -10.72 3.241
169.259 -10.9823 3.24498 0.782393 168.9 -10.72 3.241
169.21 -10.871 3.24497 0.844614 168.9 -10.72 3.241
168.987 -10.9173 3.23491 0.905156 168.9 -10.72 3.241
169.125 -11.0456 3.24063 1.52689 168.9 -10.72 3.241
168.834 -11.0745 3.23925 0.202833 168.9 -10.72 3.241
168.843 -11.0453 3.24134 0.199808 168.9 -10.72 3.241
169.061 -11.0395 3.23317 0.119884 168.9 -10.72 3.241
169.063 -11.1231 3.24458 0.452594 168.9 -10.72 3.241
168.987 -10.9173 3.23491 0.905156 168.9 -10.72 3.241
169.21 -10.871 3.24497 0.844614 168.9 -10.72 3.241
169.012 -10.7765 3.2417 0.713777 168.9 -10.72 3.241
169.12 -11.0454 3.24259 1.60863 168.9 -10.72 3.241
169.12 -11.0454 3.24259 1.60863 168.9 -10.72 3.241
169.259 -10.9823 3.24498 0.782393 168.9 -10.72 3.241
169.158 -10.729 3.23981 0.339646 168.9 -10.72 3.241
169.144 -10.9164 3.23626 0.615201 168.9 -10.72 3.241
169.125 -11.0456 3.24063 1.52689 168.9 -10.72 3.241
169.012 -10.7765 3.2417 0.713777 168.9 -10.72 3.241
168.948 -10.8766 3.23565 1.06864 168.9 -10.72 3.241
169.267 -11.193 3.24478 0.089857 168.9 -10.72 3.241
169.21 -10.871 3.24497 0.844614 168.9 -10.72 3.241
169.12 -11.0454 3.24259 1.60863 168.9 -10.72 3.241
169.144 -10.9164 3.23626 0.615201 168.9 -10.72 3.241
169.158 -10.729 3.23981 0.339646 168.9 -10.72 3.241
168.987 -10.9173 3.23491 0.905156 168.9 -10.72 3.241
169.144 -10.9164 3.23626 0.615201 168.9 -10.72 3.241
169.012 -10.7765 3.2417 0.713777 168.9 -10.72 3.241
169.21 -10.871 3.24497 0.844614 168.9 -10.72 3.241
169.063 -11.1231 3.24458 0.452594 168.9 -10.72 3.241
169.063 -11.1231 3.24458 0.452594 168.9 -10.72 3.241
168.987 -10.9173 3.23491 0.905156 168.9 -10.72 3.241
169.345 -10.8314 3.24481 0.142172 168.9 -10.72 3.241
168.893 -11.0981 3.2414 0.265984 168.9 -10.72 3.241
169.259 -10.9823 3.24498 0.782393 168.9 -10.72 3.241
168.967 -11.0611 3.23539 0.454856 168.9 -10.72 3.241
168.904 -10.8539 3.23429 0.552929 168.9 -10.72 3.241
169.21 -10.871 3.24497 0.844614 168.9 -10.72 3.241
169.12 -11.0454 3.24259 1.60863 168.9 -10.72 3.241
168.867 -11.02 3.23194 0.102335 168.9 -10.72 3.241
169.005 -10.6771 3.24428 0.045553 168.9 -10.72 3.241
168.939 -10.8666 3.24612 0.103599 168.9 -10.72 3.241
169.259 -10.9823 3.24498 0.782393 168.9 -10.72 3.241
169.125 -11.0456 3.24063 1.52689 168.9 -10.72 3.241
168.843 -11.0453 3.24134 0.199808 168.9 -10.72 3.241
169.076 -10.7317 3.23558 0.235626 168.9 -10.72 3.241
169.12 -11.0454 3.24259 1.60863 168.9 -10.72 3.241
169.21 -10.871 3.24497 0.844614 168.9 -10.72 3.241
169.12 -11.0454 3.24259 1.60863 168.9 -10.72 3.241
169.012 -10.7765 3.2417 0.713777 168.9 -10.72 3.241
168.845 -10.9749 3.23219 0.147477 168.9 -10.72 3.241
169.21 -10.871 3.24497 0.844614 168.9 -10.72 3.241
169.12 -11.0454 3.24259 1.60863 168.9 -10.72 3.241
168.904 -10.8539 3.23429 0.552929 168.9 -10.72 3.241
168.948 -10.8766 3.23565 1.06864 168.9 -10.72 3.241
169.144 -10.9164 3.23626 0.615201 168.9 -10.72 3.241
169.125 -11.0456 3.24063 1.52689 168.9 -10.72 3.241
169.012 -10.7765 3.2417 0.713777 168.9 -10.72 3.241
168.915 -11.1763 3.23321 0.0217053 168.9 -10.72 3.241
168.834 -11.0745 3.23925 0.202833 168.9 -10.72 3.241
169.12 -11.0454 3.24259 1.60863 168.9 -10.72 3.241
169.12 -11.0454 3.24259 1.60863 168.9 -10.72 3.241
168.948 -10.8766 3.23565 1.06864 168.9 -10.72 3.241
169.12 -11.0454 3.24259 1.60863 168.9 -10.72 3.241
168.843 -11.0453 3.24134 0.199808 168.9 -10.72 3.241
168.867 -11.02 3.23194 0.102335 168.9 -10.72 3.241
168.948 -10.8766 3.23565 1.06864 168.9 -10.72 3.241
169.063 -11.1231 3.24458 0.452594 168.9 -10.72 3.241
168.843 -11.0453 3.24134 0.199808 168.9 -10.72 3.241
168.967 -11.0611 3.23539 0.454856 168.9 -10.72 3.241
169.012 -10.7765 3.2417 0.713777 168.9 -10.72 3.241
169.125 -11.0456 3.24063 1.52689 168.9 -10.72 3.241
168.843 -11.0453 3.24134 0.199808 168.9 -10.72 3.241
168.967 -11.0611 3.23539 0.454856 168.9 -10.72 3.241
