50.9089 -62.4752 3.9381 1.93403e-05 50.757 -62.52 3.9364
50.9539 -62.6533 3.94538 5.47002e-05 50.757 -62.52 3.9364
50.9854 -62.8063 3.94195 2.59424e-05 50.757 -62.52 3.9364
50.8039 -62.5533 3.94144 5.31051e-05 50.757 -62.52 3.9364
50.9539 -62.6533 3.94538 5.47002e-05 50.757 -62.52 3.9364
50.9539 -62.6533 3.94538 5.47002e-05 50.757 -62.52 3.9364
50.8521 -62.6893 3.94809 2.71044e-06 50.757 -62.52 3.9364
50.9854 -62.8063 3.94195 2.59424e-05 50.757 -62.52 3.9364
50.7641 -62.5933 3.94284 2.57728e-05 50.757 -62.52 3.9364
50.9539 -62.6533 3.94538 5.47002e-05 50.757 -62.52 3.9364
50.7641 -62.5933 3.94284 2.57728e-05 50.757 -62.52 3.9364
50.9854 -62.8063 3.94195 2.59424e-05 50.757 -62.52 3.9364
50.8039 -62.5533 3.94144 5.31051e-05 50.757 -62.52 3.9364
50.9539 -62.6533 3.94538 5.47002e-05 50.757 -62.52 3.9364
50.9539 -62.6533 3.94538 5.47002e-05 50.757 -62.52 3.9364
50.8039 -62.5533 3.94144 5.31051e-05 50.757 -62.52 3.9364
50.9539 -62.6533 3.94538 5.47002e-05 50.757 -62.52 3.9364
50.7641 -62.5933 3.94284 2.57728e-05 50.757 -62.52 3.9364
50.8039 -62.5533 3.94144 5.31051e-05 50.757 -62.52 3.9364
50.8039 -62.5533 3.94144 5.31051e-05 50.757 -62.52 3.9364
50.9854 -62.8063 3.94195 2.59424e-05 50.757 -62.52 3.9364
50.8039 -62.5533 3.94144 5.31051e-05 50.757 -62.52 3.9364
50.9854 -62.8063 3.94195 2.59424e-05 50.757 -62.52 3.9364
51.0652 -62.3201 3.94528 2.56523e-07 50.757 -62.52 3.9364
50.8039 -62.5533 3.94144 5.31051e-05 50.757 -62.52 3.9364
50.8039 -62.5533 3.94144 5.31051e-05 50.757 -62.52 3.9364
50.9089 -62.4752 3.9381 1.93403e-05 50.757 -62.52 3.9364
50.6951 -62.5492 3.93975 7.75231e-06 50.757 -62.52 3.9364
50.7641 -62.5933 3.94284 2.57728e-05 50.757 -62.52 3.9364
50.7641 -62.5933 3.94284 2.57728e-05 50.757 -62.52 3.9364
50.9539 -62.6533 3.94538 5.47002e-05 50.757 -62.52 3.9364
50.9539 -62.6533 3.94538 5.47002e-05 50.757 -62.52 3.9364
50.8039 -62.5533 3.94144 5.31051e-05 50.757 -62.52 3.9364
50.6951 -62.5492 3.93975 7.75231e-06 50.757 -62.52 3.9364
50.9539 -62.6533 3.94538 5.47002e-05 50.757 -62.52 3.9364
50.9854 -62.8063 3.94195 2.59424e-05 50.757 -62.52 3.9364
50.9539 -62.6533 3.94538 5.47002e-05 50.757 -62.52 3.9364
50.9854 -62.8063 3.94195 2.59424e-05 50.757 -62.52 3.9364
50.8039 -62.5533 3.94144 5.31051e-05 50.757 -62.52 3.9364
50.8039 -62.5533 3.94144 5.31051e-05 50.757 -62.52 3.9364
50.7641 -62.5933 3.94284 2.57728e-05 50.757 -62.52 3.9364
50.7641 -62.5933 3.94284 2.57728e-05 50.757 -62.52 3.9364
50.9854 -62.8063 3.94195 2.59424e-05 50.757 -62.52 3.9364
50.9539 -62.6533 3.94538 5.47002e-05 50.757 -62.52 3.9364
50.6951 -62.5492 3.93975 7.75231e-06 50.757 -62.52 3.9364
50.8039 -62.5533 3.94144 5.31051e-05 50.757 -62.52 3.9364
50.8521 -62.6893 3.94809 2.71044e-06 50.757 -62.52 3.9364
50.8039 -62.5533 3.94144 5.31051e-05 50.757 -62.52 3.9364
50.7641 -62.5933 3.94284 2.57728e-05 50.757 -62.52 3.9364
50.9539 -62.6533 3.94538 5.47002e-05 50.757 -62.52 3.9364
50.6951 -62.5492 3.93975 7.75231e-06 50.757 -62.52 3.9364
50.7641 -62.5933 3.94284 2.57728e-05 50.757 -62.52 3.9364
50.9539 -62.6533 3.94538 5.47002e-05 50.757 -62.52 3.9364
50.9089 -62.4752 3.9381 1.93403e-05 50.757 -62.52 3.9364
50.8039 -62.5533 3.94144 5.31051e-05 50.757 -62.52 3.9364
50.7641 -62.5933 3.94284 2.57728e-05 50.757 -62.52 3.9364
50.9854 -62.8063 3.94195 2.59424e-05 50.757 -62.52 3.9364
50.8039 -62.5533 3.94144 5.31051e-05 50.757 -62.52 3.9364
50.8039 -62.5533 3.94144 5.31051e-05 50.757 -62.52 3.9364
50.8039 -62.5533 3.94144 5.31051e-05 50.757 -62.52 3.9364
50.9089 -62.4752 3.9381 1.93403e-05 50.757 -62.52 3.9364
50.9539 -62.6533 3.94538 5.47002e-05 50.757 -62.52 3.9364
50.8039 -62.5533 3.94144 5.31051e-05 50.757 -62.52 3.9364
50.7641 -62.5933 3.94284 2.57728e-05 50.757 -62.52 3.9364
50.9089 -62.4752 3.9381 1.93403e-05 50.757 -62.52 3.9364
50.8039 -62.5533 3.94144 5.31051e-05 50.757 -62.52 3.9364
50.7641 -62.5933 3.94284 2.57728e-05 50.757 -62.52 3.9364
50.9539 -62.6533 3.94538 5.47002e-05 50.757 -62.52 3.9364
50.6951 -62.5492 3.93975 7.75231e-06 50.757 -62.52 3.9364
50.9539 -62.6533 3.94538 5.47002e-05 50.757 -62.52 3.9364
50.8039 -62.5533 3.94144 5.31051e-05 50.757 -62.52 3.9364
50.9539 -62.6533 3.94538 5.47002e-05 50.757 -62.52 3.9364
50.8039 -62.5533 3.94144 5.31051e-05 50.757 -62.52 3.9364
50.8039 -62.5533 3.94144 5.31051e-05 50.757 -62.52 3.9364
50.8039 -62.5533 3.94144 5.31051e-05 50.757 -62.52 3.9364
50.8039 -62.5533 3.94144 5.31051e-05 50.757 -62.52 3.9364
50.9539 -62.6533 3.94538 5.47002e-05 50.757 -62.52 3.9364
50.9854 -62.8063 3.94195 2.59424e-05 50.757 -62.52 3.9364
50.9539 -62.6533 3.94538 5.47002e-05 50.757 -62.52 3.9364
50.9539 -62.6533 3.94538 5.47002e-05 50.757 -62.52 3.9364
50.8039 -62.5533 3.94144 5.31051e-05 50.757 -62.52 3.9364
50.9089 -62.4752 3.9381 1.93403e-05 50.757 -62.52 3.9364
50.9854 -62.8063 3.94195 2.59424e-05 50.757 -62.52 3.9364
50.9854 -62.8063 3.94195 2.59424e-05 50.757 -62.52 3.9364
50.8039 -62.5533 3.94144 5.31051e-05 50.757 -62.52 3.9364
50.8039 -62.5533 3.94144 5.31051e-05 50.757 -62.52 3.9364
50.8039 -62.5533 3.94144 5.31051e-05 50.757 -62.52 3.9364
50.8039 -62.5533 3.94144 5.31051e-05 50.757 -62.52 3.9364
50.7641 -62.5933 3.94284 2.57728e-05 50.757 -62.52 3.9364
50.6951 -62.5492 3.93975 7.75231e-06 50.757 -62.52 3.9364
50.8039 -62.5533 3.94144 5.31051e-05 50.757 -62.52 3.9364
50.9539 -62.6533 3.94538 5.47002e-05 50.757 -62.52 3.9364
50.9089 -62.4752 3.9381 1.93403e-05 50.757 -62.52 3.9364
50.9539 -62.6533 3.94538 5.47002e-05 50.757 -62.52 3.9364
50.9854 -62.8063 3.94195 2.59424e-05 50.757 -62.52 3.9364
50.9539 -62.6533 3.94538 5.47002e-05 50.757 -62.52 3.9364
50.9089 -62.4752 3.9381 1.93403e-05 50.757 -62.52 3.9364
50.8039 -62.5533 3.94144 5.31051e-05 50.757 -62.52 3.9364
50.8039 -62.5533 3.94144 5.31051e-05 50.757 -62.52 3.9364
50.6951 -62.5492 3.93975 7.75231e-06 50.757 -62.52 3.9364
50.7641 -62.5933 3.94284 2.57728e-05 50.757 -62.52 3.9364
50.9854 -62.8063 3.94195 2.59424e-05 50.757 -62.52 3.9364
50.9089 -62.4752 3.9381 1.93403e-05 50.757 -62.52 3.9364
50.8521 -62.6893 3.94809 2.71044e-06 50.757 -62.52 3.9364
50.7641 -62.5933 3.94284 2.57728e-05 50.757 -62.52 3.9364
50.9854 -62.8063 3.94195 2.59424e-05 50.757 -62.52 3.9364
50.9539 -62.6533 3.94538 5.47002e-05 50.757 -62.52 3.9364
50.8039 -62.5533 3.94144 5.31051e-05 50.757 -62.52 3.9364
50.9539 -62.6533 3.94538 5.47002e-05 50.757 -62.52 3.9364
50.8039 -62.5533 3.94144 5.31051e-05 50.757 -62.52 3.9364
50.9854 -62.8063 3.94195 2.59424e-05 50.757 -62.52 3.9364
50.8039 -62.5533 3.94144 5.31051e-05 50.757 -62.52 3.9364
50.8039 -62.5533 3.94144 5.31051e-05 50.757 -62.52 3.9364
50.8039 -62.5533 3.94144 5.31051e-05 50.757 -62.52 3.9364
50.9089 -62.4752 3.9381 1.93403e-05 50.757 -62.52 3.9364
50.9854 -62.8063 3.94195 2.59424e-05 50.757 -62.52 3.9364
50.8039 -62.5533 3.94144 5.31051e-05 50.757 -62.52 3.9364
50.7641 -62.5933 3.94284 2.57728e-05 50.757 -62.52 3.9364
51.0626 -62.8633 3.93333 9.76936e-08 50.757 -62.52 3.9364
50.7641 -62.5933 3.94284 2.57728e-05 50.757 -62.52 3.9364
50.9854 -62.8063 3.94195 2.59424e-05 50.757 -62.52 3.9364
50.7641 -62.5933 3.94284 2.57728e-05 50.757 -62.52 3.9364
50.9854 -62.8063 3.94195 2.59424e-05 50.757 -62.52 3.9364
50.9539 -62.6533 3.94538 5.47002e-05 50.757 -62.52 3.9364
50.8039 -62.5533 3.94144 5.31051e-05 50.757 -62.52 3.9364
50.9854 -62.8063 3.94195 2.59424e-05 50.757 -62.52 3.9364
50.9539 -62.6533 3.94538 5.47002e-05 50.757 -62.52 3.9364
50.7264 -62.7233 3.93212 1.1746e-06 50.757 -62.52 3.9364
50.8039 -62.5533 3.94144 5.31051e-05 50.757 -62.52 3.9364
50.8039 -62.5533 3.94144 5.31051e-05 50.757 -62.52 3.9364
50.8039 -62.5533 3.94144 5.31051e-05 50.757 -62.52 3.9364
50.9089 -62.4752 3.9381 1.93403e-05 50.757 -62.52 3.9364
50.9539 -62.6533 3.94538 5.47002e-05 50.757 -62.52 3.9364
50.8039 -62.5533 3.94144 5.31051e-05 50.757 -62.52 3.9364
50.8039 -62.5533 3.94144 5.31051e-05 50.757 -62.52 3.9364
50.9539 -62.6533 3.94538 5.47002e-05 50.757 -62.52 3.9364
50.7641 -62.5933 3.94284 2.57728e-05 50.757 -62.52 3.9364
50.7641 -62.5933 3.94284 2.57728e-05 50.757 -62.52 3.9364
50.7641 -62.5933 3.94284 2.57728e-05 50.757 -62.52 3.9364
50.8039 -62.5533 3.94144 5.31051e-05 50.757 -62.52 3.9364
50.6951 -62.5492 3.93975 7.75231e-06 50.757 -62.52 3.9364
50.8039 -62.5533 3.94144 5.31051e-05 50.757 -62.52 3.9364
50.8146 -62.8617 3.94479 9.86029e-07 50.757 -62.52 3.9364
50.8039 -62.5533 3.94144 5.31051e-05 50.757 -62.52 3.9364
50.8039 -62.5533 3.94144 5.31051e-05 50.757 -62.52 3.9364
50.9089 -62.4752 3.9381 1.93403e-05 50.757 -62.52 3.9364
50.8039 -62.5533 3.94144 5.31051e-05 50.757 -62.52 3.9364
50.8039 -62.5533 3.94144 5.31051e-05 50.757 -62.52 3.9364
50.8039 -62.5533 3.94144 5.31051e-05 50.757 -62.52 3.9364
50.9089 -62.4752 3.9381 1.93403e-05 50.757 -62.52 3.9364
50.9089 -62.4752 3.9381 1.93403e-05 50.757 -62.52 3.9364
50.9539 -62.6533 3.94538 5.47002e-05 50.757 -62.52 3.9364
50.8039 -62.5533 3.94144 5.31051e-05 50.757 -62.52 3.9364
50.9089 -62.4752 3.9381 1.93403e-05 50.757 -62.52 3.9364
50.8039 -62.5533 3.94144 5.31051e-05 50.757 -62.52 3.9364
50.6951 -62.5492 3.93975 7.75231e-06 50.757 -62.52 3.9364
50.9854 -62.8063 3.94195 2.59424e-05 50.757 -62.52 3.9364
50.8039 -62.5533 3.94144 5.31051e-05 50.757 -62.52 3.9364
50.8039 -62.5533 3.94144 5.31051e-05 50.757 -62.52 3.9364
50.8039 -62.5533 3.94144 5.31051e-05 50.757 -62.52 3.9364
50.7641 -62.5933 3.94284 2.57728e-05 50.757 -62.52 3.9364
50.9539 -62.6533 3.94538 5.47002e-05 50.757 -62.52 3.9364
50.9539 -62.6533 3.94538 5.47002e-05 50.757 -62.52 3.9364
50.9539 -62.6533 3.94538 5.47002e-05 50.757 -62.52 3.9364
50.9539 -62.6533 3.94538 5.47002e-05 50.757 -62.52 3.9364
50.9539 -62.6533 3.94538 5.47002e-05 50.757 -62.52 3.9364
50.9539 -62.6533 3.94538 5.47002e-05 50.757 -62.52 3.9364
50.9854 -62.8063 3.94195 2.59424e-05 50.757 -62.52 3.9364
50.7641 -62.5933 3.94284 2.57728e-05 50.757 -62.52 3.9364
50.9854 -62.8063 3.94195 2.59424e-05 50.757 -62.52 3.9364
50.8039 -62.5533 3.94144 5.31051e-05 50.757 -62.52 3.9364
50.9089 -62.4752 3.9381 1.93403e-05 50.757 -62.52 3.9364
50.9854 -62.8063 3.94195 2.59424e-05 50.757 -62.52 3.9364
50.9539 -62.6533 3.94538 5.47002e-05 50.757 -62.52 3.9364
50.9539 -62.6533 3.94538 5.47002e-05 50.757 -62.52 3.9364
50.9089 -62.4752 3.9381 1.93403e-05 50.757 -62.52 3.9364
50.9539 -62.6533 3.94538 5.47002e-05 50.757 -62.52 3.9364
50.9854 -62.8063 3.94195 2.59424e-05 50.757 -62.52 3.9364
50.9854 -62.8063 3.94195 2.59424e-05 50.757 -62.52 3.9364
50.9089 -62.4752 3.9381 1.93403e-05 50.757 -62.52 3.9364
50.6951 -62.5492 3.93975 7.75231e-06 50.757 -62.52 3.9364
50.9539 -62.6533 3.94538 5.47002e-05 50.757 -62.52 3.9364
50.9539 -62.6533 3.94538 5.47002e-05 50.757 -62.52 3.9364
50.7641 -62.5933 3.94284 2.57728e-05 50.757 -62.52 3.9364
50.8039 -62.5533 3.94144 5.31051e-05 50.757 -62.52 3.9364
50.9089 -62.4752 3.9381 1.93403e-05 50.757 -62.52 3.9364
50.9089 -62.4752 3.9381 1.93403e-05 50.757 -62.52 3.9364
50.9854 -62.8063 3.94195 2.59424e-05 50.757 -62.52 3.9364
50.9089 -62.4752 3.9381 1.93403e-05 50.757 -62.52 3.9364
50.9539 -62.6533 3.94538 5.47002e-05 50.757 -62.52 3.9364
50.8039 -62.5533 3.94144 5.31051e-05 50.757 -62.52 3.9364
50.7641 -62.5933 3.94284 2.57728e-05 50.757 -62.52 3.9364
50.9539 -62.6533 3.94538 5.47002e-05 50.757 -62.52 3.9364
50.9539 -62.6533 3.94538 5.47002e-05 50.757 -62.52 3.9364
50.9854 -62.8063 3.94195 2.59424e-05 50.757 -62.52 3.9364
50.9539 -62.6533 3.94538 5.47002e-05 50.757 -62.52 3.9364
50.9089 -62.4752 3.9381 1.93403e-05 50.757 -62.52 3.9364
50.8039 -62.5533 3.94144 5.31051e-05 50.757 -62.52 3.9364
50.9539 -62.6533 3.94538 5.47002e-05 50.757 -62.52 3.9364
50.7641 -62.5933 3.94284 2.57728e-05 50.757 -62.52 3.9364
