117.319 -23.2004 3.40365 0.0375884 117.02 -22.782 3.3992
117.319 -23.2004 3.40365 0.0375884 117.02 -22.782 3.3992
117.045 -22.7907 3.3964 0.00403689 117.02 -22.782 3.3992
116.889 -23.0777 3.39076 0.00803022 117.02 -22.782 3.3992
117.319 -23.2004 3.40365 0.0375884 117.02 -22.782 3.3992
117.319 -23.2004 3.40365 0.0375884 117.02 -22.782 3.3992
117.242 -22.854 3.40351 0.00758341 117.02 -22.782 3.3992
117.045 -22.7907 3.3964 0.00403689 117.02 -22.782 3.3992
116.889 -23.0777 3.39076 0.00803022 117.02 -22.782 3.3992
117.085 -22.877 3.4032 0.00817936 117.02 -22.782 3.3992
117.319 -23.2004 3.40365 0.0375884 117.02 -22.782 3.3992
116.714 -22.9208 3.39384 0.00133581 117.02 -22.782 3.3992
117.319 -23.2004 3.40365 0.0375884 117.02 -22.782 3.3992
117.319 -23.2004 3.40365 0.0375884 117.02 -22.782 3.3992
117.242 -22.854 3.40351 0.00758341 117.02 -22.782 3.3992
117.085 -22.877 3.4032 0.00817936 117.02 -22.782 3.3992
117.319 -23.2004 3.40365 0.0375884 117.02 -22.782 3.3992
117.319 -23.2004 3.40365 0.0375884 117.02 -22.782 3.3992
116.722 -23.0744 3.39255 0.00305486 117.02 -22.782 3.3992
117.319 -23.2004 3.40365 0.0375884 117.02 -22.782 3.3992
117.484 -22.7685 3.40031 0.000105233 117.02 -22.782 3.3992
117.319 -23.2004 3.40365 0.0375884 117.02 -22.782 3.3992
117.319 -23.2004 3.40365 0.0375884 117.02 -22.782 3.3992
116.889 -23.0777 3.39076 0.00803022 117.02 -22.782 3.3992
117.319 -23.2004 3.40365 0.0375884 117.02 -22.782 3.3992
116.722 -23.0744 3.39255 0.00305486 117.02 -22.782 3.3992
117.242 -22.854 3.40351 0.00758341 117.02 -22.782 3.3992
117.242 -22.854 3.40351 0.00758341 117.02 -22.782 3.3992
117.242 -22.854 3.40351 0.00758341 117.02 -22.782 3.3992
117.319 -23.2004 3.40365 0.0375884 117.02 -22.782 3.3992
117.319 -23.2004 3.40365 0.0375884 117.02 -22.782 3.3992
117.045 -22.7907 3.3964 0.00403689 117.02 -22.782 3.3992
117.319 -23.2004 3.40365 0.0375884 117.02 -22.782 3.3992
117.319 -23.2004 3.40365 0.0375884 117.02 -22.782 3.3992
117.319 -23.2004 3.40365 0.0375884 117.02 -22.782 3.3992
116.889 -23.0777 3.39076 0.00803022 117.02 -22.782 3.3992
116.955 -23.0202 3.389 0.00303656 117.02 -22.782 3.3992
117.085 -22.877 3.4032 0.00817936 117.02 -22.782 3.3992
117.085 -22.877 3.4032 0.00817936 117.02 -22.782 3.3992
117.319 -23.2004 3.40365 0.0375884 117.02 -22.782 3.3992
117.319 -23.2004 3.40365 0.0375884 117.02 -22.782 3.3992
117.242 -22.854 3.40351 0.00758341 117.02 -22.782 3.3992
117.242 -22.854 3.40351 0.00758341 117.02 -22.782 3.3992
117.319 -23.2004 3.40365 0.0375884 117.02 -22.782 3.3992
116.714 -22.9208 3.39384 0.00133581 117.02 -22.782 3.3992
117.319 -23.2004 3.40365 0.0375884 117.02 -22.782 3.3992
117.319 -23.2004 3.40365 0.0375884 117.02 -22.782 3.3992
117.319 -23.2004 3.40365 0.0375884 117.02 -22.782 3.3992
117.319 -23.2004 3.40365 0.0375884 117.02 -22.782 3.3992
117.319 -23.2004 3.40365 0.0375884 117.02 -22.782 3.3992
116.955 -23.0202 3.389 0.00303656 117.02 -22.782 3.3992
117.319 -23.2004 3.40365 0.0375884 117.02 -22.782 3.3992
117.319 -23.2004 3.40365 0.0375884 117.02 -22.782 3.3992
117.242 -22.854 3.40351 0.00758341 117.02 -22.782 3.3992
117.085 -22.877 3.4032 0.00817936 117.02 -22.782 3.3992
117.242 -22.854 3.40351 0.00758341 117.02 -22.782 3.3992
116.889 -23.0777 3.39076 0.00803022 117.02 -22.782 3.3992
117.319 -23.2004 3.40365 0.0375884 117.02 -22.782 3.3992
117.319 -23.2004 3.40365 0.0375884 117.02 -22.782 3.3992
117.319 -23.2004 3.40365 0.0375884 117.02 -22.782 3.3992
117.242 -22.854 3.40351 0.00758341 117.02 -22.782 3.3992
117.319 -23.2004 3.40365 0.0375884 117.02 -22.782 3.3992
117.319 -23.2004 3.40365 0.0375884 117.02 -22.782 3.3992
117.319 -23.2004 3.40365 0.0375884 117.02 -22.782 3.3992
117.319 -23.2004 3.40365 0.0375884 117.02 -22.782 3.3992
116.889 -23.0777 3.39076 0.00803022 117.02 -22.782 3.3992
117.319 -23.2004 3.40365 0.0375884 117.02 -22.782 3.3992
117.045 -22.7907 3.3964 0.00403689 117.02 -22.782 3.3992
117.045 -22.7907 3.3964 0.00403689 117.02 -22.782 3.3992
117.085 -22.877 3.4032 0.00817936 117.02 -22.782 3.3992
116.889 -23.0777 3.39076 0.00803022 117.02 -22.782 3.3992
117.319 -23.2004 3.40365 0.0375884 117.02 -22.782 3.3992
116.714 -22.9208 3.39384 0.00133581 117.02 -22.782 3.3992
116.889 -23.0777 3.39076 0.00803022 117.02 -22.782 3.3992
117.319 -23.2004 3.40365 0.0375884 117.02 -22.782 3.3992
117.242 -22.854 3.40351 0.00758341 117.02 -22.782 3.3992
116.889 -23.0777 3.39076 0.00803022 117.02 -22.782 3.3992
117.319 -23.2004 3.40365 0.0375884 117.02 -22.782 3.3992
117.045 -22.7907 3.3964 0.00403689 117.02 -22.782 3.3992
117.085 -22.877 3.4032 0.00817936 117.02 -22.782 3.3992
117.085 -22.877 3.4032 0.00817936 117.02 -22.782 3.3992
117.319 -23.2004 3.40365 0.0375884 117.02 -22.782 3.3992
117.319 -23.2004 3.40365 0.0375884 117.02 -22.782 3.3992
117.319 -23.2004 3.40365 0.0375884 117.02 -22.782 3.3992
116.714 -22.9208 3.39384 0.00133581 117.02 -22.782 3.3992
117.319 -23.2004 3.40365 0.0375884 117.02 -22.782 3.3992
117.319 -23.2004 3.40365 0.0375884 117.02 -22.782 3.3992
117.319 -23.2004 3.40365 0.0375884 117.02 -22.782 3.3992
117.319 -23.2004 3.40365 0.0375884 117.02 -22.782 3.3992
117.319 -23.2004 3.40365 0.0375884 117.02 -22.782 3.3992
117.085 -22.877 3.4032 0.00817936 117.02 -22.782 3.3992
116.889 -23.0777 3.39076 0.00803022 117.02 -22.782 3.3992
117.319 -23.2004 3.40365 0.0375884 117.02 -22.782 3.3992
117.319 -23.2004 3.40365 0.0375884 117.02 -22.782 3.3992
117.319 -23.2004 3.40365 0.0375884 117.02 -22.782 3.3992
117.319 -23.2004 3.40365 0.0375884 117.02 -22.782 3.3992
117.067 -22.7442 3.39812 0.00189782 117.02 -22.782 3.3992
117.045 -22.7907 3.3964 0.00403689 117.02 -22.782 3.3992
116.889 -23.0777 3.39076 0.00803022 117.02 -22.782 3.3992
116.889 -23.0777 3.39076 0.00803022 117.02 -22.782 3.3992
117.319 -23.2004 3.40365 0.0375884 117.02 -22.782 3.3992
117.319 -23.2004 3.40365 0.0375884 117.02 -22.782 3.3992
117.319 -23.2004 3.40365 0.0375884 117.02 -22.782 3.3992
117.319 -23.2004 3.40365 0.0375884 117.02 -22.782 3.3992
117.319 -23.2004 3.40365 0.0375884 117.02 -22.782 3.3992
117.242 -22.854 3.40351 0.00758341 117.02 -22.782 3.3992
116.889 -23.0777 3.39076 0.00803022 117.02 -22.782 3.3992
117.319 -23.2004 3.40365 0.0375884 117.02 -22.782 3.3992
117.319 -23.2004 3.40365 0.0375884 117.02 -22.782 3.3992
117.319 -23.2004 3.40365 0.0375884 117.02 -22.782 3.3992
117.064 -22.6676 3.39648 0.000329118 117.02 -22.782 3.3992
117.319 -23.2004 3.40365 0.0375884 117.02 -22.782 3.3992
117.319 -23.2004 3.40365 0.0375884 117.02 -22.782 3.3992
116.968 -22.8165 3.38941 0.000697302 117.02 -22.782 3.3992
117.319 -23.2004 3.40365 0.0375884 117.02 -22.782 3.3992
117.242 -22.854 3.40351 0.00758341 117.02 -22.782 3.3992
117.045 -22.7907 3.3964 0.00403689 117.02 -22.782 3.3992
117.045 -22.7907 3.3964 0.00403689 117.02 -22.782 3.3992
117.242 -22.854 3.40351 0.00758341 117.02 -22.782 3.3992
117.319 -23.2004 3.40365 0.0375884 117.02 -22.782 3.3992
117.319 -23.2004 3.40365 0.0375884 117.02 -22.782 3.3992
116.889 -23.0777 3.39076 0.00803022 117.02 -22.782 3.3992
117.319 -23.2004 3.40365 0.0375884 117.02 -22.782 3.3992
117.319 -23.2004 3.40365 0.0375884 117.02 -22.782 3.3992
117.319 -23.2004 3.40365 0.0375884 117.02 -22.782 3.3992
116.955 -23.0202 3.389 0.00303656 117.02 -22.782 3.3992
116.889 -23.0777 3.39076 0.00803022 117.02 -22.782 3.3992
116.722 -23.0744 3.39255 0.00305486 117.02 -22.782 3.3992
117.045 -22.7907 3.3964 0.00403689 117.02 -22.782 3.3992
117.319 -23.2004 3.40365 0.0375884 117.02 -22.782 3.3992
116.955 -23.0202 3.389 0.00303656 117.02 -22.782 3.3992
117.242 -22.854 3.40351 0.00758341 117.02 -22.782 3.3992
117.319 -23.2004 3.40365 0.0375884 117.02 -22.782 3.3992
117.319 -23.2004 3.40365 0.0375884 117.02 -22.782 3.3992
116.722 -23.0744 3.39255 0.00305486 117.02 -22.782 3.3992
117.319 -23.2004 3.40365 0.0375884 117.02 -22.782 3.3992
117.319 -23.2004 3.40365 0.0375884 117.02 -22.782 3.3992
116.889 -23.0777 3.39076 0.00803022 117.02 -22.782 3.3992
117.319 -23.2004 3.40365 0.0375884 117.02 -22.782 3.3992
117.085 -22.877 3.4032 0.00817936 117.02 -22.782 3.3992
117.319 -23.2004 3.40365 0.0375884 117.02 -22.782 3.3992
117.319 -23.2004 3.40365 0.0375884 117.02 -22.782 3.3992
117.319 -23.2004 3.40365 0.0375884 117.02 -22.782 3.3992
117.319 -23.2004 3.40365 0.0375884 117.02 -22.782 3.3992
117.045 -22.7907 3.3964 0.00403689 117.02 -22.782 3.3992
117.319 -23.2004 3.40365 0.0375884 117.02 -22.782 3.3992
117.045 -22.7907 3.3964 0.00403689 117.02 -22.782 3.3992
117.319 -23.2004 3.40365 0.0375884 117.02 -22.782 3.3992
117.242 -22.854 3.40351 0.00758341 117.02 -22.782 3.3992
117.319 -23.2004 3.40365 0.0375884 117.02 -22.782 3.3992
117.319 -23.2004 3.40365 0.0375884 117.02 -22.782 3.3992
117.242 -22.854 3.40351 0.00758341 117.02 -22.782 3.3992
117.242 -22.854 3.40351 0.00758341 117.02 -22.782 3.3992
117.319 -23.2004 3.40365 0.0375884 117.02 -22.782 3.3992
116.955 -23.0202 3.389 0.00303656 117.02 -22.782 3.3992
117.319 -23.2004 3.40365 0.0375884 117.02 -22.782 3.3992
117.319 -23.2004 3.40365 0.0375884 117.02 -22.782 3.3992
117.319 -23.2004 3.40365 0.0375884 117.02 -22.782 3.3992
116.955 -23.0202 3.389 0.00303656 117.02 -22.782 3.3992
117.085 -22.877 3.4032 0.00817936 117.02 -22.782 3.3992
117.319 -23.2004 3.40365 0.0375884 117.02 -22.782 3.3992
117.242 -22.854 3.40351 0.00758341 117.02 -22.782 3.3992
117.319 -23.2004 3.40365 0.0375884 117.02 -22.782 3.3992
117.319 -23.2004 3.40365 0.0375884 117.02 -22.782 3.3992
117.319 -23.2004 3.40365 0.0375884 117.02 -22.782 3.3992
117.319 -23.2004 3.40365 0.0375884 117.02 -22.782 3.3992
117.319 -23.2004 3.40365 0.0375884 117.02 -22.782 3.3992
116.722 -23.0744 3.39255 0.00305486 117.02 -22.782 3.3992
117.319 -23.2004 3.40365 0.0375884 117.02 -22.782 3.3992
117.242 -22.854 3.40351 0.00758341 117.02 -22.782 3.3992
117.319 -23.2004 3.40365 0.0375884 117.02 -22.782 3.3992
117.242 -22.854 3.40351 0.00758341 117.02 -22.782 3.3992
117.091 -22.7641 3.39057 0.000285086 117.02 -22.782 3.3992
117.319 -23.2004 3.40365 0.0375884 117.02 -22.782 3.3992
117.319 -23.2004 3.40365 0.0375884 117.02 -22.782 3.3992
117.319 -23.2004 3.40365 0.0375884 117.02 -22.782 3.3992
117.319 -23.2004 3.40365 0.0375884 117.02 -22.782 3.3992
117.319 -23.2004 3.40365 0.0375884 117.02 -22.782 3.3992
116.714 -22.9208 3.39384 0.00133581 117.02 -22.782 3.3992
116.722 -23.0744 3.39255 0.00305486 117.02 -22.782 3.3992
117.242 -22.854 3.40351 0.00758341 117.02 -22.782 3.3992
117.319 -23.2004 3.40365 0.0375884 117.02 -22.782 3.3992
117.319 -23.2004 3.40365 0.0375884 117.02 -22.782 3.3992
117.319 -23.2004 3.40365 0.0375884 117.02 -22.782 3.3992
117.242 -22.854 3.40351 0.00758341 117.02 -22.782 3.3992
117.319 -23.2004 3.40365 0.0375884 117.02 -22.782 3.3992
117.319 -23.2004 3.40365 0.0375884 117.02 -22.782 3.3992
116.889 -23.0777 3.39076 0.00803022 117.02 -22.782 3.3992
117.319 -23.2004 3.40365 0.0375884 117.02 -22.782 3.3992
116.955 -23.0202 3.389 0.00303656 117.02 -22.782 3.3992
116.889 -23.0777 3.39076 0.00803022 117.02 -22.782 3.3992
117.319 -23.2004 3.40365 0.0375884 117.02 -22.782 3.3992
116.889 -23.0777 3.39076 0.00803022 117.02 -22.782 3.3992
117.242 -22.854 3.40351 0.00758341 117.02 -22.782 3.3992
117.319 -23.2004 3.40365 0.0375884 117.02 -22.782 3.3992
117.242 -22.854 3.40351 0.00758341 117.02 -22.782 3.3992
117.242 -22.854 3.40351 0.00758341 117.02 -22.782 3.3992
116.955 -23.0202 3.389 0.00303656 117.02 -22.782 3.3992
116.889 -23.0777 3.39076 0.00803022 117.02 -22.782 3.3992
116.889 -23.0777 3.39076 0.00803022 117.02 -22.782 3.3992
