238.31 -16.7656 2.90457 1.20292 238.15 -16.655 2.9041
238.234 -16.6391 2.90435 3.08621 238.15 -16.655 2.9041
238.431 -16.5624 2.90664 2.51001 238.15 -16.655 2.9041
238.234 -16.6391 2.90435 3.08621 238.15 -16.655 2.9041
238.203 -16.6714 2.90857 1.22091 238.15 -16.655 2.9041
238.052 -16.7115 2.90283 0.411456 238.15 -16.655 2.9041
238.454 -16.5817 2.90363 0.499239 238.15 -16.655 2.9041
238.443 -16.7918 2.90735 0.958593 238.15 -16.655 2.9041
238.278 -16.7905 2.905 1.03106 238.15 -16.655 2.9041
238.183 -16.8846 2.90117 0.0346336 238.15 -16.655 2.9041
238.234 -16.6391 2.90435 3.08621 238.15 -16.655 2.9041
238.325 -16.6527 2.90882 3.4383 238.15 -16.655 2.9041
238.117 -16.6745 2.9098 0.123253 238.15 -16.655 2.9041
238.473 -16.6969 2.90872 2.31695 238.15 -16.655 2.9041
238.431 -16.5624 2.90664 2.51001 238.15 -16.655 2.9041
238.234 -16.6391 2.90435 3.08621 238.15 -16.655 2.9041
238.431 -16.5624 2.90664 2.51001 238.15 -16.655 2.9041
238.203 -16.6714 2.90857 1.22091 238.15 -16.655 2.9041
238.052 -16.7115 2.90283 0.411456 238.15 -16.655 2.9041
238.378 -16.5341 2.90276 0.718604 238.15 -16.655 2.9041
238.473 -16.6969 2.90872 2.31695 238.15 -16.655 2.9041
238.278 -16.7905 2.905 1.03106 238.15 -16.655 2.9041
238.305 -16.6194 2.91281 0.32327 238.15 -16.655 2.9041
238.325 -16.6527 2.90882 3.4383 238.15 -16.655 2.9041
238.31 -16.7656 2.90457 1.20292 238.15 -16.655 2.9041
238.234 -16.6391 2.90435 3.08621 238.15 -16.655 2.9041
238.473 -16.6969 2.90872 2.31695 238.15 -16.655 2.9041
238.234 -16.6391 2.90435 3.08621 238.15 -16.655 2.9041
238.323 -16.3741 2.90154 0.114171 238.15 -16.655 2.9041
238.471 -16.5896 2.90404 0.50162 238.15 -16.655 2.9041
238.325 -16.6527 2.90882 3.4383 238.15 -16.655 2.9041
238.325 -16.6527 2.90882 3.4383 238.15 -16.655 2.9041
238.473 -16.6969 2.90872 2.31695 238.15 -16.655 2.9041
238.31 -16.7656 2.90457 1.20292 238.15 -16.655 2.9041
238.133 -16.4659 2.90119 0.597308 238.15 -16.655 2.9041
238.023 -16.4455 2.90467 0.119744 238.15 -16.655 2.9041
238.234 -16.6391 2.90435 3.08621 238.15 -16.655 2.9041
238.133 -16.4659 2.90119 0.597308 238.15 -16.655 2.9041
238.234 -16.6391 2.90435 3.08621 238.15 -16.655 2.9041
238.473 -16.6969 2.90872 2.31695 238.15 -16.655 2.9041
238.25 -16.9168 2.90966 0.0619572 238.15 -16.655 2.9041
238.234 -16.6391 2.90435 3.08621 238.15 -16.655 2.9041
238.325 -16.6527 2.90882 3.4383 238.15 -16.655 2.9041
238.31 -16.7656 2.90457 1.20292 238.15 -16.655 2.9041
238.325 -16.6527 2.90882 3.4383 238.15 -16.655 2.9041
238.234 -16.6391 2.90435 3.08621 238.15 -16.655 2.9041
238.305 -16.6194 2.91281 0.32327 238.15 -16.655 2.9041
238.431 -16.5624 2.90664 2.51001 238.15 -16.655 2.9041
238.431 -16.5624 2.90664 2.51001 238.15 -16.655 2.9041
238.052 -16.7115 2.90283 0.411456 238.15 -16.655 2.9041
238.378 -16.5341 2.90276 0.718604 238.15 -16.655 2.9041
238.099 -16.7132 2.90496 0.691131 238.15 -16.655 2.9041
238.325 -16.6527 2.90882 3.4383 238.15 -16.655 2.9041
238.431 -16.5624 2.90664 2.51001 238.15 -16.655 2.9041
238.473 -16.6969 2.90872 2.31695 238.15 -16.655 2.9041
238.546 -16.6377 2.9143 0.513259 238.15 -16.655 2.9041
238.234 -16.6391 2.90435 3.08621 238.15 -16.655 2.9041
238.473 -16.6969 2.90872 2.31695 238.15 -16.655 2.9041
238.378 -16.5341 2.90276 0.718604 238.15 -16.655 2.9041
238.431 -16.5624 2.90664 2.51001 238.15 -16.655 2.9041
238.248 -16.5728 2.89913 0.206382 238.15 -16.655 2.9041
238.31 -16.7656 2.90457 1.20292 238.15 -16.655 2.9041
238.325 -16.6527 2.90882 3.4383 238.15 -16.655 2.9041
238.325 -16.6527 2.90882 3.4383 238.15 -16.655 2.9041
238.431 -16.5624 2.90664 2.51001 238.15 -16.655 2.9041
238.234 -16.6391 2.90435 3.08621 238.15 -16.655 2.9041
238.234 -16.6391 2.90435 3.08621 238.15 -16.655 2.9041
238.454 -16.5817 2.90363 0.499239 238.15 -16.655 2.9041
238.121 -16.6433 2.90055 0.664795 238.15 -16.655 2.9041
238.431 -16.5624 2.90664 2.51001 238.15 -16.655 2.9041
238.378 -16.5341 2.90276 0.718604 238.15 -16.655 2.9041
238.234 -16.6391 2.90435 3.08621 238.15 -16.655 2.9041
238.153 -16.4414 2.90849 0.169953 238.15 -16.655 2.9041
238.269 -16.8135 2.9037 0.477774 238.15 -16.655 2.9041
238.325 -16.6527 2.90882 3.4383 238.15 -16.655 2.9041
238.31 -16.7656 2.90457 1.20292 238.15 -16.655 2.9041
238.473 -16.6969 2.90872 2.31695 238.15 -16.655 2.9041
238.325 -16.6527 2.90882 3.4383 238.15 -16.655 2.9041
238.325 -16.6527 2.90882 3.4383 238.15 -16.655 2.9041
238.431 -16.5624 2.90664 2.51001 238.15 -16.655 2.9041
238.31 -16.7656 2.90457 1.20292 238.15 -16.655 2.9041
238.305 -16.6194 2.91281 0.32327 238.15 -16.655 2.9041
238.31 -16.7656 2.90457 1.20292 238.15 -16.655 2.9041
238.473 -16.6969 2.90872 2.31695 238.15 -16.655 2.9041
238.431 -16.5624 2.90664 2.51001 238.15 -16.655 2.9041
238.325 -16.6527 2.90882 3.4383 238.15 -16.655 2.9041
238.473 -16.6969 2.90872 2.31695 238.15 -16.655 2.9041
238.099 -16.7132 2.90496 0.691131 238.15 -16.655 2.9041
238.234 -16.6391 2.90435 3.08621 238.15 -16.655 2.9041
238.325 -16.6527 2.90882 3.4383 238.15 -16.655 2.9041
238.473 -16.6969 2.90872 2.31695 238.15 -16.655 2.9041
238.431 -16.5624 2.90664 2.51001 238.15 -16.655 2.9041
238.454 -16.5817 2.90363 0.499239 238.15 -16.655 2.9041
238.121 -16.6433 2.90055 0.664795 238.15 -16.655 2.9041
238.234 -16.6391 2.90435 3.08621 238.15 -16.655 2.9041
238.569 -16.8464 2.91036 0.220816 238.15 -16.655 2.9041
238.445 -16.6741 2.90258 0.206578 238.15 -16.655 2.9041
238.325 -16.6527 2.90882 3.4383 238.15 -16.655 2.9041
238.454 -16.5817 2.90363 0.499239 238.15 -16.655 2.9041
238.099 -16.7132 2.90496 0.691131 238.15 -16.655 2.9041
238.234 -16.6391 2.90435 3.08621 238.15 -16.655 2.9041
238.234 -16.6391 2.90435 3.08621 238.15 -16.655 2.9041
238.431 -16.5624 2.90664 2.51001 238.15 -16.655 2.9041
238.336 -16.3833 2.90718 0.506521 238.15 -16.655 2.9041
238.278 -16.7905 2.905 1.03106 238.15 -16.655 2.9041
238.473 -16.6969 2.90872 2.31695 238.15 -16.655 2.9041
238.269 -16.8135 2.9037 0.477774 238.15 -16.655 2.9041
238.234 -16.6391 2.90435 3.08621 238.15 -16.655 2.9041
238.325 -16.6527 2.90882 3.4383 238.15 -16.655 2.9041
238.104 -16.3919 2.89956 0.121567 238.15 -16.655 2.9041
238.454 -16.5817 2.90363 0.499239 238.15 -16.655 2.9041
238.325 -16.6527 2.90882 3.4383 238.15 -16.655 2.9041
238.25 -16.9168 2.90966 0.0619572 238.15 -16.655 2.9041
238.269 -16.8135 2.9037 0.477774 238.15 -16.655 2.9041
238.546 -16.6377 2.9143 0.513259 238.15 -16.655 2.9041
238.431 -16.5624 2.90664 2.51001 238.15 -16.655 2.9041
238.121 -16.6433 2.90055 0.664795 238.15 -16.655 2.9041
238.431 -16.5624 2.90664 2.51001 238.15 -16.655 2.9041
238.325 -16.6527 2.90882 3.4383 238.15 -16.655 2.9041
238.278 -16.7905 2.905 1.03106 238.15 -16.655 2.9041
238.473 -16.6969 2.90872 2.31695 238.15 -16.655 2.9041
238.248 -16.5728 2.89913 0.206382 238.15 -16.655 2.9041
238.325 -16.6527 2.90882 3.4383 238.15 -16.655 2.9041
238.431 -16.5624 2.90664 2.51001 238.15 -16.655 2.9041
238.378 -16.5341 2.90276 0.718604 238.15 -16.655 2.9041
238.431 -16.5624 2.90664 2.51001 238.15 -16.655 2.9041
238.473 -16.6969 2.90872 2.31695 238.15 -16.655 2.9041
238.234 -16.6391 2.90435 3.08621 238.15 -16.655 2.9041
238.121 -16.6433 2.90055 0.664795 238.15 -16.655 2.9041
238.203 -16.6714 2.90857 1.22091 238.15 -16.655 2.9041
238.473 -16.6969 2.90872 2.31695 238.15 -16.655 2.9041
238.234 -16.6391 2.90435 3.08621 238.15 -16.655 2.9041
238.234 -16.6391 2.90435 3.08621 238.15 -16.655 2.9041
238.121 -16.6433 2.90055 0.664795 238.15 -16.655 2.9041
238.31 -16.7656 2.90457 1.20292 238.15 -16.655 2.9041
238.31 -16.7656 2.90457 1.20292 238.15 -16.655 2.9041
238.569 -16.8464 2.91036 0.220816 238.15 -16.655 2.9041
238.539 -16.8772 2.90487 0.0149107 238.15 -16.655 2.9041
238.431 -16.5624 2.90664 2.51001 238.15 -16.655 2.9041
238.31 -16.7656 2.90457 1.20292 238.15 -16.655 2.9041
238.3 -16.336 2.89764 0.00295142 238.15 -16.655 2.9041
238.325 -16.6527 2.90882 3.4383 238.15 -16.655 2.9041
238.473 -16.6969 2.90872 2.31695 238.15 -16.655 2.9041
238.218 -16.7598 2.9106 0.285325 238.15 -16.655 2.9041
238.234 -16.6391 2.90435 3.08621 238.15 -16.655 2.9041
238.378 -16.5341 2.90276 0.718604 238.15 -16.655 2.9041
238.431 -16.5624 2.90664 2.51001 238.15 -16.655 2.9041
238.378 -16.5341 2.90276 0.718604 238.15 -16.655 2.9041
238.445 -16.6741 2.90258 0.206578 238.15 -16.655 2.9041
238.473 -16.6969 2.90872 2.31695 238.15 -16.655 2.9041
238.121 -16.6433 2.90055 0.664795 238.15 -16.655 2.9041
238.473 -16.6969 2.90872 2.31695 238.15 -16.655 2.9041
238.234 -16.6391 2.90435 3.08621 238.15 -16.655 2.9041
238.292 -16.8449 2.90919 0.436459 238.15 -16.655 2.9041
238.189 -16.9109 2.90549 0.0796534 238.15 -16.655 2.9041
238.269 -16.8135 2.9037 0.477774 238.15 -16.655 2.9041
238.473 -16.6969 2.90872 2.31695 238.15 -16.655 2.9041
238.473 -16.6969 2.90872 2.31695 238.15 -16.655 2.9041
238.218 -16.7598 2.9106 0.285325 238.15 -16.655 2.9041
238.336 -16.3833 2.90718 0.506521 238.15 -16.655 2.9041
238.431 -16.5624 2.90664 2.51001 238.15 -16.655 2.9041
237.949 -16.6924 2.9042 0.0568055 238.15 -16.655 2.9041
238.234 -16.6391 2.90435 3.08621 238.15 -16.655 2.9041
238.325 -16.6527 2.90882 3.4383 238.15 -16.655 2.9041
238.203 -16.6714 2.90857 1.22091 238.15 -16.655 2.9041
238.431 -16.5624 2.90664 2.51001 238.15 -16.655 2.9041
238.121 -16.6433 2.90055 0.664795 238.15 -16.655 2.9041
238.546 -16.6377 2.9143 0.513259 238.15 -16.655 2.9041
238.431 -16.5624 2.90664 2.51001 238.15 -16.655 2.9041
238.234 -16.6391 2.90435 3.08621 238.15 -16.655 2.9041
238.471 -16.5896 2.90404 0.50162 238.15 -16.655 2.9041
238.325 -16.6527 2.90882 3.4383 238.15 -16.655 2.9041
238.234 -16.6391 2.90435 3.08621 238.15 -16.655 2.9041
238.325 -16.6527 2.90882 3.4383 238.15 -16.655 2.9041
238.121 -16.6433 2.90055 0.664795 238.15 -16.655 2.9041
238.378 -16.5341 2.90276 0.718604 238.15 -16.655 2.9041
238.248 -16.5728 2.89913 0.206382 238.15 -16.655 2.9041
238.378 -16.5341 2.90276 0.718604 238.15 -16.655 2.9041
238.133 -16.4659 2.90119 0.597308 238.15 -16.655 2.9041
238.473 -16.6969 2.90872 2.31695 238.15 -16.655 2.9041
238.133 -16.4659 2.90119 0.597308 238.15 -16.655 2.9041
238.278 -16.7905 2.905 1.03106 238.15 -16.655 2.9041
238.31 -16.7656 2.90457 1.20292 238.15 -16.655 2.9041
238.325 -16.6527 2.90882 3.4383 238.15 -16.655 2.9041
238.325 -16.6527 2.90882 3.4383 238.15 -16.655 2.9041
238.325 -16.6527 2.90882 3.4383 238.15 -16.655 2.9041
238.31 -16.7656 2.90457 1.20292 238.15 -16.655 2.9041
238.302 -16.8861 2.9115 0.0883292 238.15 -16.655 2.9041
238.378 -16.5341 2.90276 0.718604 238.15 -16.655 2.9041
238.473 -16.6969 2.90872 2.31695 238.15 -16.655 2.9041
238.325 -16.6527 2.90882 3.4383 238.15 -16.655 2.9041
238.234 -16.6391 2.90435 3.08621 238.15 -16.655 2.9041
238.203 -16.6714 2.90857 1.22091 238.15 -16.655 2.9041
238.473 -16.6969 2.90872 2.31695 238.15 -16.655 2.9041
238.473 -16.6969 2.90872 2.31695 238.15 -16.655 2.9041
238.023 -16.4455 2.90467 0.119744 238.15 -16.655 2.9041
238.31 -16.7656 2.90457 1.20292 238.15 -16.655 2.9041
238.325 -16.6527 2.90882 3.4383 238.15 -16.655 2.9041
238.471 -16.5896 2.90404 0.50162 238.15 -16.655 2.9041
238.443 -16.7918 2.90735 0.958593 238.15 -16.655 2.9041
