0.686001 -95.5498 3.18088 1.30662 0.72119 -95.74 3.1825
0.507153 -95.6011 3.17906 1.58365 0.72119 -95.74 3.1825
0.768973 -95.5677 3.18207 0.748014 0.72119 -95.74 3.1825
0.65076 -95.4578 3.19163 0.337733 0.72119 -95.74 3.1825
0.507153 -95.6011 3.17906 1.58365 0.72119 -95.74 3.1825
0.753427 -95.3065 3.19305 0.140353 0.72119 -95.74 3.1825
0.733898 -95.6482 3.17831 0.466956 0.72119 -95.74 3.1825
0.846197 -95.4537 3.19123 0.223834 0.72119 -95.74 3.1825
0.613058 -95.7646 3.17488 0.252074 0.72119 -95.74 3.1825
0.894443 -95.707 3.17766 0.0334649 0.72119 -95.74 3.1825
0.56001 -95.5561 3.17622 1.16956 0.72119 -95.74 3.1825
0.555237 -95.4216 3.18229 1.64808 0.72119 -95.74 3.1825
0.272323 -95.7327 3.17299 0.162882 0.72119 -95.74 3.1825
0.555237 -95.4216 3.18229 1.64808 0.72119 -95.74 3.1825
0.686001 -95.5498 3.18088 1.30662 0.72119 -95.74 3.1825
0.825084 -95.4572 3.1919 0.216215 0.72119 -95.74 3.1825
0.623806 -95.4168 3.17835 1.0109 0.72119 -95.74 3.1825
0.555237 -95.4216 3.18229 1.64808 0.72119 -95.74 3.1825
0.761982 -95.5153 3.17691 0.32369 0.72119 -95.74 3.1825
0.513997 -95.3061 3.18363 0.709307 0.72119 -95.74 3.1825
0.733898 -95.6482 3.17831 0.466956 0.72119 -95.74 3.1825
0.553706 -95.6528 3.17607 0.90293 0.72119 -95.74 3.1825
0.822495 -95.7109 3.18046 0.163166 0.72119 -95.74 3.1825
0.686001 -95.5498 3.18088 1.30662 0.72119 -95.74 3.1825
0.625109 -95.5509 3.18848 0.71895 0.72119 -95.74 3.1825
0.625109 -95.5509 3.18848 0.71895 0.72119 -95.74 3.1825
0.768973 -95.5677 3.18207 0.748014 0.72119 -95.74 3.1825
0.639062 -95.549 3.17928 1.42667 0.72119 -95.74 3.1825
0.623806 -95.4168 3.17835 1.0109 0.72119 -95.74 3.1825
0.513798 -95.6308 3.1851 0.815287 0.72119 -95.74 3.1825
0.272323 -95.7327 3.17299 0.162882 0.72119 -95.74 3.1825
0.372106 -95.4947 3.18399 0.589247 0.72119 -95.74 3.1825
0.614112 -95.2139 3.18659 0.268402 0.72119 -95.74 3.1825
0.507153 -95.6011 3.17906 1.58365 0.72119 -95.74 3.1825
0.609332 -95.7749 3.18065 0.415169 0.72119 -95.74 3.1825
0.912041 -95.4549 3.18846 0.187614 0.72119 -95.74 3.1825
0.56001 -95.5561 3.17622 1.16956 0.72119 -95.74 3.1825
0.639062 -95.549 3.17928 1.42667 0.72119 -95.74 3.1825
0.639062 -95.549 3.17928 1.42667 0.72119 -95.74 3.1825
0.491965 -95.5659 3.17995 1.72524 0.72119 -95.74 3.1825
0.513798 -95.6308 3.1851 0.815287 0.72119 -95.74 3.1825
0.555237 -95.4216 3.18229 1.64808 0.72119 -95.74 3.1825
0.733898 -95.6482 3.17831 0.466956 0.72119 -95.74 3.1825
0.623806 -95.4168 3.17835 1.0109 0.72119 -95.74 3.1825
0.674096 -95.6715 3.18056 0.823302 0.72119 -95.74 3.1825
0.736696 -95.308 3.17875 0.225514 0.72119 -95.74 3.1825
0.48802 -95.475 3.17163 0.316405 0.72119 -95.74 3.1825
0.609332 -95.7749 3.18065 0.415169 0.72119 -95.74 3.1825
0.822495 -95.7109 3.18046 0.163166 0.72119 -95.74 3.1825
0.623806 -95.4168 3.17835 1.0109 0.72119 -95.74 3.1825
0.507153 -95.6011 3.17906 1.58365 0.72119 -95.74 3.1825
0.513798 -95.6308 3.1851 0.815287 0.72119 -95.74 3.1825
0.553706 -95.6528 3.17607 0.90293 0.72119 -95.74 3.1825
0.399893 -95.2917 3.17812 0.327778 0.72119 -95.74 3.1825
0.597025 -95.1235 3.19602 0.00558726 0.72119 -95.74 3.1825
0.507153 -95.6011 3.17906 1.58365 0.72119 -95.74 3.1825
0.272323 -95.7327 3.17299 0.162882 0.72119 -95.74 3.1825
0.507153 -95.6011 3.17906 1.58365 0.72119 -95.74 3.1825
0.513798 -95.6308 3.1851 0.815287 0.72119 -95.74 3.1825
0.56001 -95.5561 3.17622 1.16956 0.72119 -95.74 3.1825
0.48802 -95.475 3.17163 0.316405 0.72119 -95.74 3.1825
0.613058 -95.7646 3.17488 0.252074 0.72119 -95.74 3.1825
0.639062 -95.549 3.17928 1.42667 0.72119 -95.74 3.1825
0.513798 -95.6308 3.1851 0.815287 0.72119 -95.74 3.1825
0.491965 -95.5659 3.17995 1.72524 0.72119 -95.74 3.1825
0.932381 -95.6594 3.1829 0.0696512 0.72119 -95.74 3.1825
0.822495 -95.7109 3.18046 0.163166 0.72119 -95.74 3.1825
0.898455 -95.3167 3.18619 0.135365 0.72119 -95.74 3.1825
0.768973 -95.5677 3.18207 0.748014 0.72119 -95.74 3.1825
0.372106 -95.4947 3.18399 0.589247 0.72119 -95.74 3.1825
0.513798 -95.6308 3.1851 0.815287 0.72119 -95.74 3.1825
0.555237 -95.4216 3.18229 1.64808 0.72119 -95.74 3.1825
0.513798 -95.6308 3.1851 0.815287 0.72119 -95.74 3.1825
0.513798 -95.6308 3.1851 0.815287 0.72119 -95.74 3.1825
0.625109 -95.5509 3.18848 0.71895 0.72119 -95.74 3.1825
0.491965 -95.5659 3.17995 1.72524 0.72119 -95.74 3.1825
0.639062 -95.549 3.17928 1.42667 0.72119 -95.74 3.1825
0.513798 -95.6308 3.1851 0.815287 0.72119 -95.74 3.1825
0.639062 -95.549 3.17928 1.42667 0.72119 -95.74 3.1825
0.553706 -95.6528 3.17607 0.90293 0.72119 -95.74 3.1825
0.736696 -95.308 3.17875 0.225514 0.72119 -95.74 3.1825
0.553706 -95.6528 3.17607 0.90293 0.72119 -95.74 3.1825
0.555237 -95.4216 3.18229 1.64808 0.72119 -95.74 3.1825
0.625109 -95.5509 3.18848 0.71895 0.72119 -95.74 3.1825
0.56001 -95.5561 3.17622 1.16956 0.72119 -95.74 3.1825
0.507153 -95.6011 3.17906 1.58365 0.72119 -95.74 3.1825
0.934787 -95.5013 3.18329 0.122739 0.72119 -95.74 3.1825
0.761982 -95.5153 3.17691 0.32369 0.72119 -95.74 3.1825
0.553706 -95.6528 3.17607 0.90293 0.72119 -95.74 3.1825
0.491965 -95.5659 3.17995 1.72524 0.72119 -95.74 3.1825
0.459936 -95.7328 3.17954 0.621832 0.72119 -95.74 3.1825
0.609332 -95.7749 3.18065 0.415169 0.72119 -95.74 3.1825
0.372106 -95.4947 3.18399 0.589247 0.72119 -95.74 3.1825
0.56001 -95.5561 3.17622 1.16956 0.72119 -95.74 3.1825
0.399893 -95.2917 3.17812 0.327778 0.72119 -95.74 3.1825
0.407339 -95.4932 3.1897 0.139252 0.72119 -95.74 3.1825
0.674096 -95.6715 3.18056 0.823302 0.72119 -95.74 3.1825
0.898455 -95.3167 3.18619 0.135365 0.72119 -95.74 3.1825
0.507153 -95.6011 3.17906 1.58365 0.72119 -95.74 3.1825
0.838925 -95.2415 3.18754 0.134115 0.72119 -95.74 3.1825
0.768973 -95.5677 3.18207 0.748014 0.72119 -95.74 3.1825
0.507153 -95.6011 3.17906 1.58365 0.72119 -95.74 3.1825
0.399893 -95.2917 3.17812 0.327778 0.72119 -95.74 3.1825
0.609332 -95.7749 3.18065 0.415169 0.72119 -95.74 3.1825
0.686001 -95.5498 3.18088 1.30662 0.72119 -95.74 3.1825
0.399893 -95.2917 3.17812 0.327778 0.72119 -95.74 3.1825
0.674096 -95.6715 3.18056 0.823302 0.72119 -95.74 3.1825
0.839238 -95.3234 3.1741 0.0114806 0.72119 -95.74 3.1825
0.674096 -95.6715 3.18056 0.823302 0.72119 -95.74 3.1825
0.553706 -95.6528 3.17607 0.90293 0.72119 -95.74 3.1825
0.613058 -95.7646 3.17488 0.252074 0.72119 -95.74 3.1825
0.56001 -95.5561 3.17622 1.16956 0.72119 -95.74 3.1825
0.372106 -95.4947 3.18399 0.589247 0.72119 -95.74 3.1825
0.553706 -95.6528 3.17607 0.90293 0.72119 -95.74 3.1825
1.00868 -95.2432 3.19395 0.0106883 0.72119 -95.74 3.1825
0.686001 -95.5498 3.18088 1.30662 0.72119 -95.74 3.1825
0.553706 -95.6528 3.17607 0.90293 0.72119 -95.74 3.1825
0.686001 -95.5498 3.18088 1.30662 0.72119 -95.74 3.1825
0.555237 -95.4216 3.18229 1.64808 0.72119 -95.74 3.1825
0.768973 -95.5677 3.18207 0.748014 0.72119 -95.74 3.1825
0.56001 -95.5561 3.17622 1.16956 0.72119 -95.74 3.1825
0.639062 -95.549 3.17928 1.42667 0.72119 -95.74 3.1825
0.372106 -95.4947 3.18399 0.589247 0.72119 -95.74 3.1825
0.555237 -95.4216 3.18229 1.64808 0.72119 -95.74 3.1825
0.925974 -95.0954 3.18289 0.00336605 0.72119 -95.74 3.1825
0.639105 -95.3275 3.18825 0.590423 0.72119 -95.74 3.1825
0.30585 -95.5378 3.18887 0.0458755 0.72119 -95.74 3.1825
0.773868 -95.7854 3.18847 0.062486 0.72119 -95.74 3.1825
0.513997 -95.3061 3.18363 0.709307 0.72119 -95.74 3.1825
0.773868 -95.7854 3.18847 0.062486 0.72119 -95.74 3.1825
0.56001 -95.5561 3.17622 1.16956 0.72119 -95.74 3.1825
0.56001 -95.5561 3.17622 1.16956 0.72119 -95.74 3.1825
0.756233 -95.4733 3.17758 0.384727 0.72119 -95.74 3.1825
0.756233 -95.4733 3.17758 0.384727 0.72119 -95.74 3.1825
0.934787 -95.5013 3.18329 0.122739 0.72119 -95.74 3.1825
0.723829 -95.5514 3.19287 0.165606 0.72119 -95.74 3.1825
0.407339 -95.4932 3.1897 0.139252 0.72119 -95.74 3.1825
0.459936 -95.7328 3.17954 0.621832 0.72119 -95.74 3.1825
0.511002 -95.7313 3.18747 0.16711 0.72119 -95.74 3.1825
0.565625 -95.5738 3.18904 0.468853 0.72119 -95.74 3.1825
0.625109 -95.5509 3.18848 0.71895 0.72119 -95.74 3.1825
0.623806 -95.4168 3.17835 1.0109 0.72119 -95.74 3.1825
0.780251 -95.3471 3.18102 0.347565 0.72119 -95.74 3.1825
0.513997 -95.3061 3.18363 0.709307 0.72119 -95.74 3.1825
0.625109 -95.5509 3.18848 0.71895 0.72119 -95.74 3.1825
0.513997 -95.3061 3.18363 0.709307 0.72119 -95.74 3.1825
0.846197 -95.4537 3.19123 0.223834 0.72119 -95.74 3.1825
0.686001 -95.5498 3.18088 1.30662 0.72119 -95.74 3.1825
0.639105 -95.3275 3.18825 0.590423 0.72119 -95.74 3.1825
0.459936 -95.7328 3.17954 0.621832 0.72119 -95.74 3.1825
0.639105 -95.3275 3.18825 0.590423 0.72119 -95.74 3.1825
0.555237 -95.4216 3.18229 1.64808 0.72119 -95.74 3.1825
0.459936 -95.7328 3.17954 0.621832 0.72119 -95.74 3.1825
0.56001 -95.5561 3.17622 1.16956 0.72119 -95.74 3.1825
0.686001 -95.5498 3.18088 1.30662 0.72119 -95.74 3.1825
0.609332 -95.7749 3.18065 0.415169 0.72119 -95.74 3.1825
0.555237 -95.4216 3.18229 1.64808 0.72119 -95.74 3.1825
0.399893 -95.2917 3.17812 0.327778 0.72119 -95.74 3.1825
0.511002 -95.7313 3.18747 0.16711 0.72119 -95.74 3.1825
0.553706 -95.6528 3.17607 0.90293 0.72119 -95.74 3.1825
0.639105 -95.3275 3.18825 0.590423 0.72119 -95.74 3.1825
0.623806 -95.4168 3.17835 1.0109 0.72119 -95.74 3.1825
0.491965 -95.5659 3.17995 1.72524 0.72119 -95.74 3.1825
0.491965 -95.5659 3.17995 1.72524 0.72119 -95.74 3.1825
0.889482 -95.454 3.18408 0.245695 0.72119 -95.74 3.1825
0.553706 -95.6528 3.17607 0.90293 0.72119 -95.74 3.1825
0.686001 -95.5498 3.18088 1.30662 0.72119 -95.74 3.1825
0.491965 -95.5659 3.17995 1.72524 0.72119 -95.74 3.1825
0.613058 -95.7646 3.17488 0.252074 0.72119 -95.74 3.1825
0.513997 -95.3061 3.18363 0.709307 0.72119 -95.74 3.1825
0.56001 -95.5561 3.17622 1.16956 0.72119 -95.74 3.1825
0.555237 -95.4216 3.18229 1.64808 0.72119 -95.74 3.1825
0.949733 -95.7093 3.18859 0.0305492 0.72119 -95.74 3.1825
0.639105 -95.3275 3.18825 0.590423 0.72119 -95.74 3.1825
0.838925 -95.2415 3.18754 0.134115 0.72119 -95.74 3.1825
0.364247 -95.589 3.18944 0.0642565 0.72119 -95.74 3.1825
0.623806 -95.4168 3.17835 1.0109 0.72119 -95.74 3.1825
0.733898 -95.6482 3.17831 0.466956 0.72119 -95.74 3.1825
0.639105 -95.3275 3.18825 0.590423 0.72119 -95.74 3.1825
0.846197 -95.4537 3.19123 0.223834 0.72119 -95.74 3.1825
0.513798 -95.6308 3.1851 0.815287 0.72119 -95.74 3.1825
0.639062 -95.549 3.17928 1.42667 0.72119 -95.74 3.1825
0.459936 -95.7328 3.17954 0.621832 0.72119 -95.74 3.1825
0.491965 -95.5659 3.17995 1.72524 0.72119 -95.74 3.1825
0.625109 -95.5509 3.18848 0.71895 0.72119 -95.74 3.1825
0.686001 -95.5498 3.18088 1.30662 0.72119 -95.74 3.1825
0.822495 -95.7109 3.18046 0.163166 0.72119 -95.74 3.1825
0.555237 -95.4216 3.18229 1.64808 0.72119 -95.74 3.1825
0.639105 -95.3275 3.18825 0.590423 0.72119 -95.74 3.1825
0.555237 -95.4216 3.18229 1.64808 0.72119 -95.74 3.1825
0.513997 -95.3061 3.18363 0.709307 0.72119 -95.74 3.1825
0.491965 -95.5659 3.17995 1.72524 0.72119 -95.74 3.1825
0.623806 -95.4168 3.17835 1.0109 0.72119 -95.74 3.1825
0.555237 -95.4216 3.18229 1.64808 0.72119 -95.74 3.1825
0.623806 -95.4168 3.17835 1.0109 0.72119 -95.74 3.1825
0.491965 -95.5659 3.17995 1.72524 0.72119 -95.74 3.1825
0.407339 -95.4932 3.1897 0.139252 0.72119 -95.74 3.1825
0.407339 -95.4932 3.1897 0.139252 0.72119 -95.74 3.1825
0.609332 -95.7749 3.18065 0.415169 0.72119 -95.74 3.1825
0.491965 -95.5659 3.17995 1.72524 0.72119 -95.74 3.1825
