256.872 28.9385 6.25061 0.0460855 256.91 28.92 6.2519
256.673 28.8413 6.25097 0.134967 256.91 28.92 6.2519
256.818 28.8263 6.2586 0.00859474 256.91 28.92 6.2519
256.916 28.9505 6.23579 0.00193793 256.91 28.92 6.2519
256.75 28.7022 6.26374 0.00132802 256.91 28.92 6.2519
256.752 28.6208 6.25524 0.0228946 256.91 28.92 6.2519
256.673 28.8413 6.25097 0.134967 256.91 28.92 6.2519
256.673 28.8413 6.25097 0.134967 256.91 28.92 6.2519
256.872 28.9385 6.25061 0.0460855 256.91 28.92 6.2519
256.872 28.9385 6.25061 0.0460855 256.91 28.92 6.2519
256.752 28.6208 6.25524 0.0228946 256.91 28.92 6.2519
256.487 28.7728 6.25442 0.0172371 256.91 28.92 6.2519
256.926 29.1504 6.24854 0.00105749 256.91 28.92 6.2519
256.872 28.9385 6.25061 0.0460855 256.91 28.92 6.2519
256.872 28.9385 6.25061 0.0460855 256.91 28.92 6.2519
256.688 28.6241 6.25433 0.0301965 256.91 28.92 6.2519
256.872 28.9385 6.25061 0.0460855 256.91 28.92 6.2519
256.673 28.8413 6.25097 0.134967 256.91 28.92 6.2519
256.872 28.9385 6.25061 0.0460855 256.91 28.92 6.2519
256.673 28.8413 6.25097 0.134967 256.91 28.92 6.2519
256.895 28.8431 6.24694 0.0665888 256.91 28.92 6.2519
256.673 28.8413 6.25097 0.134967 256.91 28.92 6.2519
256.895 28.8431 6.24694 0.0665888 256.91 28.92 6.2519
256.643 28.6499 6.2499 0.0179972 256.91 28.92 6.2519
256.688 28.6241 6.25433 0.0301965 256.91 28.92 6.2519
256.673 28.8413 6.25097 0.134967 256.91 28.92 6.2519
256.752 28.6208 6.25524 0.0228946 256.91 28.92 6.2519
256.745 28.9655 6.25509 0.022831 256.91 28.92 6.2519
256.673 28.8413 6.25097 0.134967 256.91 28.92 6.2519
256.673 28.8413 6.25097 0.134967 256.91 28.92 6.2519
256.487 28.7728 6.25442 0.0172371 256.91 28.92 6.2519
256.643 28.6499 6.2499 0.0179972 256.91 28.92 6.2519
256.745 28.9655 6.25509 0.022831 256.91 28.92 6.2519
256.673 28.8413 6.25097 0.134967 256.91 28.92 6.2519
256.673 28.8413 6.25097 0.134967 256.91 28.92 6.2519
256.673 28.8413 6.25097 0.134967 256.91 28.92 6.2519
256.673 28.8413 6.25097 0.134967 256.91 28.92 6.2519
256.673 28.8413 6.25097 0.134967 256.91 28.92 6.2519
256.924 28.7802 6.2591 0.000876028 256.91 28.92 6.2519
256.487 28.7728 6.25442 0.0172371 256.91 28.92 6.2519
256.673 28.8413 6.25097 0.134967 256.91 28.92 6.2519
256.673 28.8413 6.25097 0.134967 256.91 28.92 6.2519
256.673 28.8413 6.25097 0.134967 256.91 28.92 6.2519
256.895 28.8431 6.24694 0.0665888 256.91 28.92 6.2519
256.673 28.8413 6.25097 0.134967 256.91 28.92 6.2519
256.745 28.9655 6.25509 0.022831 256.91 28.92 6.2519
256.673 28.8413 6.25097 0.134967 256.91 28.92 6.2519
256.673 28.8413 6.25097 0.134967 256.91 28.92 6.2519
256.895 28.8431 6.24694 0.0665888 256.91 28.92 6.2519
256.895 28.8431 6.24694 0.0665888 256.91 28.92 6.2519
256.643 28.6499 6.2499 0.0179972 256.91 28.92 6.2519
256.673 28.8413 6.25097 0.134967 256.91 28.92 6.2519
256.582 28.9892 6.25429 0.0137734 256.91 28.92 6.2519
256.673 28.8413 6.25097 0.134967 256.91 28.92 6.2519
256.931 29.0717 6.25205 0.00135849 256.91 28.92 6.2519
256.752 28.6208 6.25524 0.0228946 256.91 28.92 6.2519
256.872 28.9385 6.25061 0.0460855 256.91 28.92 6.2519
256.673 28.8413 6.25097 0.134967 256.91 28.92 6.2519
256.673 28.8413 6.25097 0.134967 256.91 28.92 6.2519
256.745 28.9655 6.25509 0.022831 256.91 28.92 6.2519
256.673 28.8413 6.25097 0.134967 256.91 28.92 6.2519
256.895 28.8431 6.24694 0.0665888 256.91 28.92 6.2519
256.752 28.6208 6.25524 0.0228946 256.91 28.92 6.2519
256.895 28.8431 6.24694 0.0665888 256.91 28.92 6.2519
256.673 28.8413 6.25097 0.134967 256.91 28.92 6.2519
256.673 28.8413 6.25097 0.134967 256.91 28.92 6.2519
256.872 28.9385 6.25061 0.0460855 256.91 28.92 6.2519
256.872 28.9385 6.25061 0.0460855 256.91 28.92 6.2519
256.673 28.8413 6.25097 0.134967 256.91 28.92 6.2519
256.643 28.6499 6.2499 0.0179972 256.91 28.92 6.2519
256.487 28.7728 6.25442 0.0172371 256.91 28.92 6.2519
256.776 28.5651 6.25123 0.00606542 256.91 28.92 6.2519
256.673 28.8413 6.25097 0.134967 256.91 28.92 6.2519
256.688 28.6241 6.25433 0.0301965 256.91 28.92 6.2519
256.673 28.8413 6.25097 0.134967 256.91 28.92 6.2519
256.745 28.9655 6.25509 0.022831 256.91 28.92 6.2519
257.048 28.7968 6.25319 0.000788698 256.91 28.92 6.2519
256.673 28.8413 6.25097 0.134967 256.91 28.92 6.2519
256.673 28.8413 6.25097 0.134967 256.91 28.92 6.2519
256.895 28.8431 6.24694 0.0665888 256.91 28.92 6.2519
256.602 29.0987 6.24836 0.00381869 256.91 28.92 6.2519
256.688 28.6241 6.25433 0.0301965 256.91 28.92 6.2519
257.048 28.7968 6.25319 0.000788698 256.91 28.92 6.2519
256.582 28.9892 6.25429 0.0137734 256.91 28.92 6.2519
256.673 28.8413 6.25097 0.134967 256.91 28.92 6.2519
256.673 28.8413 6.25097 0.134967 256.91 28.92 6.2519
256.895 28.8431 6.24694 0.0665888 256.91 28.92 6.2519
256.776 28.5651 6.25123 0.00606542 256.91 28.92 6.2519
256.673 28.8413 6.25097 0.134967 256.91 28.92 6.2519
256.582 28.9892 6.25429 0.0137734 256.91 28.92 6.2519
256.673 28.8413 6.25097 0.134967 256.91 28.92 6.2519
256.916 28.9505 6.23579 0.00193793 256.91 28.92 6.2519
256.673 28.8413 6.25097 0.134967 256.91 28.92 6.2519
256.752 28.6208 6.25524 0.0228946 256.91 28.92 6.2519
256.673 28.8413 6.25097 0.134967 256.91 28.92 6.2519
257.064 28.8639 6.24527 0.00407214 256.91 28.92 6.2519
256.776 28.5651 6.25123 0.00606542 256.91 28.92 6.2519
256.895 28.8431 6.24694 0.0665888 256.91 28.92 6.2519
256.924 28.7802 6.2591 0.000876028 256.91 28.92 6.2519
256.818 28.8263 6.2586 0.00859474 256.91 28.92 6.2519
256.673 28.8413 6.25097 0.134967 256.91 28.92 6.2519
256.673 28.8413 6.25097 0.134967 256.91 28.92 6.2519
256.688 28.6241 6.25433 0.0301965 256.91 28.92 6.2519
256.745 28.9655 6.25509 0.022831 256.91 28.92 6.2519
256.895 28.8431 6.24694 0.0665888 256.91 28.92 6.2519
256.673 28.8413 6.25097 0.134967 256.91 28.92 6.2519
256.752 28.6208 6.25524 0.0228946 256.91 28.92 6.2519
256.673 28.8413 6.25097 0.134967 256.91 28.92 6.2519
256.895 28.8431 6.24694 0.0665888 256.91 28.92 6.2519
256.688 28.6241 6.25433 0.0301965 256.91 28.92 6.2519
256.673 28.8413 6.25097 0.134967 256.91 28.92 6.2519
256.745 28.9655 6.25509 0.022831 256.91 28.92 6.2519
256.673 28.8413 6.25097 0.134967 256.91 28.92 6.2519
256.673 28.8413 6.25097 0.134967 256.91 28.92 6.2519
256.872 28.9385 6.25061 0.0460855 256.91 28.92 6.2519
256.673 28.8413 6.25097 0.134967 256.91 28.92 6.2519
256.673 28.8413 6.25097 0.134967 256.91 28.92 6.2519
256.872 28.9385 6.25061 0.0460855 256.91 28.92 6.2519
256.673 28.8413 6.25097 0.134967 256.91 28.92 6.2519
256.872 28.9385 6.25061 0.0460855 256.91 28.92 6.2519
256.895 28.8431 6.24694 0.0665888 256.91 28.92 6.2519
256.872 28.9385 6.25061 0.0460855 256.91 28.92 6.2519
256.776 28.5651 6.25123 0.00606542 256.91 28.92 6.2519
256.895 28.8431 6.24694 0.0665888 256.91 28.92 6.2519
256.673 28.8413 6.25097 0.134967 256.91 28.92 6.2519
256.688 28.6241 6.25433 0.0301965 256.91 28.92 6.2519
256.895 28.8431 6.24694 0.0665888 256.91 28.92 6.2519
256.673 28.8413 6.25097 0.134967 256.91 28.92 6.2519
256.895 28.8431 6.24694 0.0665888 256.91 28.92 6.2519
256.582 28.9892 6.25429 0.0137734 256.91 28.92 6.2519
256.487 28.7728 6.25442 0.0172371 256.91 28.92 6.2519
256.673 28.8413 6.25097 0.134967 256.91 28.92 6.2519
256.745 28.9655 6.25509 0.022831 256.91 28.92 6.2519
256.673 28.8413 6.25097 0.134967 256.91 28.92 6.2519
256.752 28.6208 6.25524 0.0228946 256.91 28.92 6.2519
256.673 28.8413 6.25097 0.134967 256.91 28.92 6.2519
256.582 28.9892 6.25429 0.0137734 256.91 28.92 6.2519
256.487 28.7728 6.25442 0.0172371 256.91 28.92 6.2519
256.688 28.6241 6.25433 0.0301965 256.91 28.92 6.2519
256.688 28.6241 6.25433 0.0301965 256.91 28.92 6.2519
256.688 28.6241 6.25433 0.0301965 256.91 28.92 6.2519
256.673 28.8413 6.25097 0.134967 256.91 28.92 6.2519
256.895 28.8431 6.24694 0.0665888 256.91 28.92 6.2519
256.745 28.9655 6.25509 0.022831 256.91 28.92 6.2519
256.895 28.8431 6.24694 0.0665888 256.91 28.92 6.2519
256.818 28.8263 6.2586 0.00859474 256.91 28.92 6.2519
256.745 28.9655 6.25509 0.022831 256.91 28.92 6.2519
256.673 28.8413 6.25097 0.134967 256.91 28.92 6.2519
256.673 28.8413 6.25097 0.134967 256.91 28.92 6.2519
256.673 28.8413 6.25097 0.134967 256.91 28.92 6.2519
256.673 28.8413 6.25097 0.134967 256.91 28.92 6.2519
256.752 28.6208 6.25524 0.0228946 256.91 28.92 6.2519
256.872 28.9385 6.25061 0.0460855 256.91 28.92 6.2519
256.673 28.8413 6.25097 0.134967 256.91 28.92 6.2519
256.872 28.9385 6.25061 0.0460855 256.91 28.92 6.2519
256.895 28.8431 6.24694 0.0665888 256.91 28.92 6.2519
256.976 29.0297 6.24463 0.0110522 256.91 28.92 6.2519
256.872 28.9385 6.25061 0.0460855 256.91 28.92 6.2519
256.895 28.8431 6.24694 0.0665888 256.91 28.92 6.2519
256.895 28.8431 6.24694 0.0665888 256.91 28.92 6.2519
256.673 28.8413 6.25097 0.134967 256.91 28.92 6.2519
256.582 28.9892 6.25429 0.0137734 256.91 28.92 6.2519
256.673 28.8413 6.25097 0.134967 256.91 28.92 6.2519
256.688 28.6241 6.25433 0.0301965 256.91 28.92 6.2519
256.895 28.8431 6.24694 0.0665888 256.91 28.92 6.2519
256.582 28.9892 6.25429 0.0137734 256.91 28.92 6.2519
256.673 28.8413 6.25097 0.134967 256.91 28.92 6.2519
256.673 28.8413 6.25097 0.134967 256.91 28.92 6.2519
256.673 28.8413 6.25097 0.134967 256.91 28.92 6.2519
256.745 28.9655 6.25509 0.022831 256.91 28.92 6.2519
256.872 28.9385 6.25061 0.0460855 256.91 28.92 6.2519
256.895 28.8431 6.24694 0.0665888 256.91 28.92 6.2519
256.643 28.6499 6.2499 0.0179972 256.91 28.92 6.2519
256.673 28.8413 6.25097 0.134967 256.91 28.92 6.2519
256.895 28.8431 6.24694 0.0665888 256.91 28.92 6.2519
256.745 28.9655 6.25509 0.022831 256.91 28.92 6.2519
256.752 28.6208 6.25524 0.0228946 256.91 28.92 6.2519
256.673 28.8413 6.25097 0.134967 256.91 28.92 6.2519
256.872 28.9385 6.25061 0.0460855 256.91 28.92 6.2519
256.582 28.9892 6.25429 0.0137734 256.91 28.92 6.2519
256.673 28.8413 6.25097 0.134967 256.91 28.92 6.2519
256.895 28.8431 6.24694 0.0665888 256.91 28.92 6.2519
256.673 28.8413 6.25097 0.134967 256.91 28.92 6.2519
256.643 28.6499 6.2499 0.0179972 256.91 28.92 6.2519
256.895 28.8431 6.24694 0.0665888 256.91 28.92 6.2519
256.673 28.8413 6.25097 0.134967 256.91 28.92 6.2519
256.673 28.8413 6.25097 0.134967 256.91 28.92 6.2519
256.602 29.0987 6.24836 0.00381869 256.91 28.92 6.2519
256.895 28.8431 6.24694 0.0665888 256.91 28.92 6.2519
256.895 28.8431 6.24694 0.0665888 256.91 28.92 6.2519
256.745 28.9655 6.25509 0.022831 256.91 28.92 6.2519
256.673 28.8413 6.25097 0.134967 256.91 28.92 6.2519
256.872 28.9385 6.25061 0.0460855 256.91 28.92 6.2519
256.895 28.8431 6.24694 0.0665888 256.91 28.92 6.2519
256.688 28.6241 6.25433 0.0301965 256.91 28.92 6.2519
256.673 28.8413 6.25097 0.134967 256.91 28.92 6.2519
256.673 28.8413 6.25097 0.134967 256.91 28.92 6.2519
256.752 28.6208 6.25524 0.0228946 256.91 28.92 6.2519
256.597 28.5566 6.25491 0.00625575 256.91 28.92 6.2519
256.673 28.8413 6.25097 0.134967 256.91 28.92 6.2519
