25.3963 9.53085 0.160978 0.23135 25.571 9.5837 0.16128
25.4733 9.43757 0.164935 0.312828 25.571 9.5837 0.16128
25.2333 9.41142 0.163461 0.0850041 25.571 9.5837 0.16128
25.4733 9.43757 0.164935 0.312828 25.571 9.5837 0.16128
25.2887 9.5455 0.167232 0.344189 25.571 9.5837 0.16128
25.4733 9.43757 0.164935 0.312828 25.571 9.5837 0.16128
25.4548 9.4238 0.160443 0.239838 25.571 9.5837 0.16128
25.4548 9.4238 0.160443 0.239838 25.571 9.5837 0.16128
25.2333 9.41142 0.163461 0.0850041 25.571 9.5837 0.16128
25.3193 9.4614 0.162812 0.275575 25.571 9.5837 0.16128
25.3193 9.4614 0.162812 0.275575 25.571 9.5837 0.16128
25.2887 9.5455 0.167232 0.344189 25.571 9.5837 0.16128
25.4638 9.60396 0.164611 0.201182 25.571 9.5837 0.16128
25.5559 9.57826 0.166766 0.0347361 25.571 9.5837 0.16128
25.3496 9.63784 0.1668 0.161646 25.571 9.5837 0.16128
25.3963 9.53085 0.160978 0.23135 25.571 9.5837 0.16128
25.4223 9.35098 0.165811 0.170229 25.571 9.5837 0.16128
25.3193 9.4614 0.162812 0.275575 25.571 9.5837 0.16128
25.586 9.36209 0.164155 0.0411367 25.571 9.5837 0.16128
25.3193 9.4614 0.162812 0.275575 25.571 9.5837 0.16128
25.2887 9.5455 0.167232 0.344189 25.571 9.5837 0.16128
25.4301 9.59631 0.165233 0.256553 25.571 9.5837 0.16128
25.2756 9.61821 0.171471 0.0552354 25.571 9.5837 0.16128
25.4223 9.35098 0.165811 0.170229 25.571 9.5837 0.16128
25.3963 9.53085 0.160978 0.23135 25.571 9.5837 0.16128
25.4548 9.4238 0.160443 0.239838 25.571 9.5837 0.16128
25.6492 9.58968 0.163314 0.0169256 25.571 9.5837 0.16128
25.4548 9.4238 0.160443 0.239838 25.571 9.5837 0.16128
25.2333 9.41142 0.163461 0.0850041 25.571 9.5837 0.16128
25.3496 9.63784 0.1668 0.161646 25.571 9.5837 0.16128
25.4733 9.43757 0.164935 0.312828 25.571 9.5837 0.16128
25.4733 9.43757 0.164935 0.312828 25.571 9.5837 0.16128
25.3588 9.61607 0.158473 0.0150191 25.571 9.5837 0.16128
25.2887 9.5455 0.167232 0.344189 25.571 9.5837 0.16128
25.5729 9.58327 0.163562 0.0788412 25.571 9.5837 0.16128
25.4733 9.43757 0.164935 0.312828 25.571 9.5837 0.16128
25.657 9.46364 0.163179 0.025649 25.571 9.5837 0.16128
25.4638 9.60396 0.164611 0.201182 25.571 9.5837 0.16128
25.5676 9.28927 0.157023 0.012323 25.571 9.5837 0.16128
25.4242 9.30085 0.16338 0.0961532 25.571 9.5837 0.16128
25.4638 9.60396 0.164611 0.201182 25.571 9.5837 0.16128
25.3903 9.58411 0.158233 0.0289855 25.571 9.5837 0.16128
25.586 9.36209 0.164155 0.0411367 25.571 9.5837 0.16128
25.4301 9.59631 0.165233 0.256553 25.571 9.5837 0.16128
25.3903 9.58411 0.158233 0.0289855 25.571 9.5837 0.16128
25.4638 9.60396 0.164611 0.201182 25.571 9.5837 0.16128
25.4446 9.60872 0.16562 0.190958 25.571 9.5837 0.16128
25.4446 9.60872 0.16562 0.190958 25.571 9.5837 0.16128
25.3281 9.63176 0.169454 0.095999 25.571 9.5837 0.16128
25.4223 9.35098 0.165811 0.170229 25.571 9.5837 0.16128
25.4733 9.43757 0.164935 0.312828 25.571 9.5837 0.16128
25.3496 9.63784 0.1668 0.161646 25.571 9.5837 0.16128
25.4548 9.4238 0.160443 0.239838 25.571 9.5837 0.16128
25.2887 9.5455 0.167232 0.344189 25.571 9.5837 0.16128
25.4638 9.60396 0.164611 0.201182 25.571 9.5837 0.16128
25.2887 9.5455 0.167232 0.344189 25.571 9.5837 0.16128
25.3193 9.4614 0.162812 0.275575 25.571 9.5837 0.16128
25.4638 9.60396 0.164611 0.201182 25.571 9.5837 0.16128
25.4223 9.35098 0.165811 0.170229 25.571 9.5837 0.16128
25.4638 9.60396 0.164611 0.201182 25.571 9.5837 0.16128
25.3963 9.53085 0.160978 0.23135 25.571 9.5837 0.16128
25.5835 9.46628 0.162031 0.139877 25.571 9.5837 0.16128
25.2887 9.5455 0.167232 0.344189 25.571 9.5837 0.16128
25.4223 9.35098 0.165811 0.170229 25.571 9.5837 0.16128
25.4301 9.59631 0.165233 0.256553 25.571 9.5837 0.16128
25.2887 9.5455 0.167232 0.344189 25.571 9.5837 0.16128
25.2887 9.5455 0.167232 0.344189 25.571 9.5837 0.16128
25.4968 9.66512 0.163609 0.0657436 25.571 9.5837 0.16128
25.4548 9.4238 0.160443 0.239838 25.571 9.5837 0.16128
25.2887 9.5455 0.167232 0.344189 25.571 9.5837 0.16128
25.586 9.36209 0.164155 0.0411367 25.571 9.5837 0.16128
25.4755 9.65314 0.158877 0.02865 25.571 9.5837 0.16128
25.5233 9.52774 0.156583 0.0387353 25.571 9.5837 0.16128
25.5835 9.46628 0.162031 0.139877 25.571 9.5837 0.16128
25.4301 9.59631 0.165233 0.256553 25.571 9.5837 0.16128
25.3193 9.4614 0.162812 0.275575 25.571 9.5837 0.16128
25.2887 9.5455 0.167232 0.344189 25.571 9.5837 0.16128
25.4733 9.43757 0.164935 0.312828 25.571 9.5837 0.16128
25.4638 9.60396 0.164611 0.201182 25.571 9.5837 0.16128
25.2887 9.5455 0.167232 0.344189 25.571 9.5837 0.16128
25.4638 9.60396 0.164611 0.201182 25.571 9.5837 0.16128
25.4223 9.35098 0.165811 0.170229 25.571 9.5837 0.16128
25.4638 9.60396 0.164611 0.201182 25.571 9.5837 0.16128
25.4638 9.60396 0.164611 0.201182 25.571 9.5837 0.16128
25.3193 9.4614 0.162812 0.275575 25.571 9.5837 0.16128
25.4638 9.60396 0.164611 0.201182 25.571 9.5837 0.16128
25.4755 9.65314 0.158877 0.02865 25.571 9.5837 0.16128
25.4548 9.4238 0.160443 0.239838 25.571 9.5837 0.16128
25.2333 9.41142 0.163461 0.0850041 25.571 9.5837 0.16128
25.4446 9.60872 0.16562 0.190958 25.571 9.5837 0.16128
25.4733 9.43757 0.164935 0.312828 25.571 9.5837 0.16128
25.5835 9.46628 0.162031 0.139877 25.571 9.5837 0.16128
25.4968 9.66512 0.163609 0.0657436 25.571 9.5837 0.16128
25.2756 9.61821 0.171471 0.0552354 25.571 9.5837 0.16128
25.4223 9.35098 0.165811 0.170229 25.571 9.5837 0.16128
25.4301 9.59631 0.165233 0.256553 25.571 9.5837 0.16128
25.4733 9.43757 0.164935 0.312828 25.571 9.5837 0.16128
25.4446 9.60872 0.16562 0.190958 25.571 9.5837 0.16128
25.2756 9.61821 0.171471 0.0552354 25.571 9.5837 0.16128
25.586 9.36209 0.164155 0.0411367 25.571 9.5837 0.16128
25.4548 9.4238 0.160443 0.239838 25.571 9.5837 0.16128
25.3963 9.53085 0.160978 0.23135 25.571 9.5837 0.16128
25.3496 9.63784 0.1668 0.161646 25.571 9.5837 0.16128
25.3963 9.53085 0.160978 0.23135 25.571 9.5837 0.16128
25.4548 9.4238 0.160443 0.239838 25.571 9.5837 0.16128
25.2298 9.38917 0.16065 0.0131509 25.571 9.5837 0.16128
25.4548 9.4238 0.160443 0.239838 25.571 9.5837 0.16128
25.2482 9.54417 0.172865 0.0477307 25.571 9.5837 0.16128
25.4301 9.59631 0.165233 0.256553 25.571 9.5837 0.16128
25.4242 9.30085 0.16338 0.0961532 25.571 9.5837 0.16128
25.4733 9.43757 0.164935 0.312828 25.571 9.5837 0.16128
25.3429 9.37676 0.173563 0.00616281 25.571 9.5837 0.16128
25.2333 9.41142 0.163461 0.0850041 25.571 9.5837 0.16128
25.3963 9.53085 0.160978 0.23135 25.571 9.5837 0.16128
25.4223 9.35098 0.165811 0.170229 25.571 9.5837 0.16128
25.2756 9.61821 0.171471 0.0552354 25.571 9.5837 0.16128
25.5729 9.58327 0.163562 0.0788412 25.571 9.5837 0.16128
25.4301 9.59631 0.165233 0.256553 25.571 9.5837 0.16128
25.4665 9.67955 0.162627 0.0586506 25.571 9.5837 0.16128
25.2333 9.41142 0.163461 0.0850041 25.571 9.5837 0.16128
25.4301 9.59631 0.165233 0.256553 25.571 9.5837 0.16128
25.5884 9.53526 0.168911 0.00463592 25.571 9.5837 0.16128
25.4301 9.59631 0.165233 0.256553 25.571 9.5837 0.16128
25.2887 9.5455 0.167232 0.344189 25.571 9.5837 0.16128
25.3193 9.4614 0.162812 0.275575 25.571 9.5837 0.16128
25.4446 9.60872 0.16562 0.190958 25.571 9.5837 0.16128
25.4301 9.59631 0.165233 0.256553 25.571 9.5837 0.16128
25.2887 9.5455 0.167232 0.344189 25.571 9.5837 0.16128
25.2756 9.61821 0.171471 0.0552354 25.571 9.5837 0.16128
25.4223 9.35098 0.165811 0.170229 25.571 9.5837 0.16128
25.4548 9.4238 0.160443 0.239838 25.571 9.5837 0.16128
25.4733 9.43757 0.164935 0.312828 25.571 9.5837 0.16128
25.4301 9.59631 0.165233 0.256553 25.571 9.5837 0.16128
25.4733 9.43757 0.164935 0.312828 25.571 9.5837 0.16128
25.3963 9.53085 0.160978 0.23135 25.571 9.5837 0.16128
25.4301 9.59631 0.165233 0.256553 25.571 9.5837 0.16128
25.2887 9.5455 0.167232 0.344189 25.571 9.5837 0.16128
25.3496 9.63784 0.1668 0.161646 25.571 9.5837 0.16128
25.4301 9.59631 0.165233 0.256553 25.571 9.5837 0.16128
25.4638 9.60396 0.164611 0.201182 25.571 9.5837 0.16128
25.586 9.36209 0.164155 0.0411367 25.571 9.5837 0.16128
25.4638 9.60396 0.164611 0.201182 25.571 9.5837 0.16128
25.4223 9.35098 0.165811 0.170229 25.571 9.5837 0.16128
25.2887 9.5455 0.167232 0.344189 25.571 9.5837 0.16128
25.2887 9.5455 0.167232 0.344189 25.571 9.5837 0.16128
25.4733 9.43757 0.164935 0.312828 25.571 9.5837 0.16128
25.586 9.36209 0.164155 0.0411367 25.571 9.5837 0.16128
25.4446 9.60872 0.16562 0.190958 25.571 9.5837 0.16128
25.2887 9.5455 0.167232 0.344189 25.571 9.5837 0.16128
25.3193 9.4614 0.162812 0.275575 25.571 9.5837 0.16128
25.586 9.36209 0.164155 0.0411367 25.571 9.5837 0.16128
25.4242 9.30085 0.16338 0.0961532 25.571 9.5837 0.16128
25.5835 9.46628 0.162031 0.139877 25.571 9.5837 0.16128
25.3281 9.63176 0.169454 0.095999 25.571 9.5837 0.16128
25.3496 9.63784 0.1668 0.161646 25.571 9.5837 0.16128
25.4301 9.59631 0.165233 0.256553 25.571 9.5837 0.16128
25.586 9.36209 0.164155 0.0411367 25.571 9.5837 0.16128
25.4733 9.43757 0.164935 0.312828 25.571 9.5837 0.16128
25.3193 9.4614 0.162812 0.275575 25.571 9.5837 0.16128
25.4665 9.67955 0.162627 0.0586506 25.571 9.5837 0.16128
25.4301 9.59631 0.165233 0.256553 25.571 9.5837 0.16128
25.4548 9.4238 0.160443 0.239838 25.571 9.5837 0.16128
25.4733 9.43757 0.164935 0.312828 25.571 9.5837 0.16128
25.4548 9.4238 0.160443 0.239838 25.571 9.5837 0.16128
25.2756 9.61821 0.171471 0.0552354 25.571 9.5837 0.16128
25.4223 9.35098 0.165811 0.170229 25.571 9.5837 0.16128
25.4638 9.60396 0.164611 0.201182 25.571 9.5837 0.16128
25.4301 9.59631 0.165233 0.256553 25.571 9.5837 0.16128
25.2333 9.41142 0.163461 0.0850041 25.571 9.5837 0.16128
25.0102 9.47387 0.170905 0.00554959 25.571 9.5837 0.16128
25.586 9.36209 0.164155 0.0411367 25.571 9.5837 0.16128
25.4968 9.66512 0.163609 0.0657436 25.571 9.5837 0.16128
25.3963 9.53085 0.160978 0.23135 25.571 9.5837 0.16128
25.4446 9.60872 0.16562 0.190958 25.571 9.5837 0.16128
25.4301 9.59631 0.165233 0.256553 25.571 9.5837 0.16128
25.3496 9.63784 0.1668 0.161646 25.571 9.5837 0.16128
25.4968 9.66512 0.163609 0.0657436 25.571 9.5837 0.16128
25.3496 9.63784 0.1668 0.161646 25.571 9.5837 0.16128
25.3496 9.63784 0.1668 0.161646 25.571 9.5837 0.16128
25.3193 9.4614 0.162812 0.275575 25.571 9.5837 0.16128
25.3193 9.4614 0.162812 0.275575 25.571 9.5837 0.16128
25.5835 9.46628 0.162031 0.139877 25.571 9.5837 0.16128
25.4548 9.4238 0.160443 0.239838 25.571 9.5837 0.16128
25.4242 9.30085 0.16338 0.0961532 25.571 9.5837 0.16128
25.2455 9.50768 0.171683 0.0992427 25.571 9.5837 0.16128
25.4242 9.30085 0.16338 0.0961532 25.571 9.5837 0.16128
25.2333 9.41142 0.163461 0.0850041 25.571 9.5837 0.16128
25.5835 9.46628 0.162031 0.139877 25.571 9.5837 0.16128
25.3496 9.63784 0.1668 0.161646 25.571 9.5837 0.16128
25.2887 9.5455 0.167232 0.344189 25.571 9.5837 0.16128
25.4548 9.4238 0.160443 0.239838 25.571 9.5837 0.16128
25.4548 9.4238 0.160443 0.239838 25.571 9.5837 0.16128
25.5961 9.25312 0.160402 0.0102905 25.571 9.5837 0.16128
25.4223 9.35098 0.165811 0.170229 25.571 9.5837 0.16128
25.3193 9.4614 0.162812 0.275575 25.571 9.5837 0.16128
25.6492 9.58968 0.163314 0.0169256 25.571 9.5837 0.16128
25.4755 9.65314 0.158877 0.02865 25.571 9.5837 0.16128
25.3963 9.53085 0.160978 0.23135 25.571 9.5837 0.16128
25.4548 9.4238 0.160443 0.239838 25.571 9.5837 0.16128
25.4638 9.60396 0.164611 0.201182 25.571 9.5837 0.16128
