233.386 -15.7102 2.89261 0.0969957 233.47 -15.514 2.9023
233.333 -15.3991 2.90261 4.86511 233.47 -15.514 2.9023
233.423 -15.3623 2.8988 3.28112 233.47 -15.514 2.9023
233.183 -15.3314 2.8946 2.5823 233.47 -15.514 2.9023
233.524 -15.4863 2.90128 2.50141 233.47 -15.514 2.9023
233.183 -15.3314 2.8946 2.5823 233.47 -15.514 2.9023
233.423 -15.3623 2.8988 3.28112 233.47 -15.514 2.9023
233.333 -15.3991 2.90261 4.86511 233.47 -15.514 2.9023
233.475 -15.2948 2.90118 1.79243 233.47 -15.514 2.9023
233.315 -15.5971 2.9021 3.51512 233.47 -15.514 2.9023
233.379 -15.5463 2.90165 5.13982 233.47 -15.514 2.9023
233.508 -15.6061 2.90131 1.67901 233.47 -15.514 2.9023
233.379 -15.5463 2.90165 5.13982 233.47 -15.514 2.9023
233.423 -15.3623 2.8988 3.28112 233.47 -15.514 2.9023
233.17 -15.253 2.89956 1.37065 233.47 -15.514 2.9023
233.315 -15.5971 2.9021 3.51512 233.47 -15.514 2.9023
233.425 -15.3225 2.89486 0.642916 233.47 -15.514 2.9023
233.423 -15.3623 2.8988 3.28112 233.47 -15.514 2.9023
233.183 -15.3314 2.8946 2.5823 233.47 -15.514 2.9023
233.379 -15.5463 2.90165 5.13982 233.47 -15.514 2.9023
233.168 -15.4231 2.89725 5.28052 233.47 -15.514 2.9023
233.475 -15.2948 2.90118 1.79243 233.47 -15.514 2.9023
233.183 -15.3314 2.8946 2.5823 233.47 -15.514 2.9023
233.183 -15.3314 2.8946 2.5823 233.47 -15.514 2.9023
233.241 -15.6457 2.89164 0.466968 233.47 -15.514 2.9023
233.333 -15.3991 2.90261 4.86511 233.47 -15.514 2.9023
233.607 -15.5612 2.89483 0.0349289 233.47 -15.514 2.9023
233.343 -15.2474 2.9006 1.94387 233.47 -15.514 2.9023
233.466 -15.1273 2.90459 0.144801 233.47 -15.514 2.9023
233.524 -15.4863 2.90128 2.50141 233.47 -15.514 2.9023
233.379 -15.5463 2.90165 5.13982 233.47 -15.514 2.9023
233.423 -15.3623 2.8988 3.28112 233.47 -15.514 2.9023
233.333 -15.3991 2.90261 4.86511 233.47 -15.514 2.9023
233.524 -15.4863 2.90128 2.50141 233.47 -15.514 2.9023
233.315 -15.5971 2.9021 3.51512 233.47 -15.514 2.9023
233.492 -15.529 2.89863 1.89293 233.47 -15.514 2.9023
233.507 -15.2066 2.90111 0.479631 233.47 -15.514 2.9023
233.379 -15.5463 2.90165 5.13982 233.47 -15.514 2.9023
233.343 -15.2474 2.9006 1.94387 233.47 -15.514 2.9023
233.451 -15.1227 2.89976 0.164242 233.47 -15.514 2.9023
233.333 -15.3991 2.90261 4.86511 233.47 -15.514 2.9023
233.508 -15.6061 2.90131 1.67901 233.47 -15.514 2.9023
233.333 -15.3991 2.90261 4.86511 233.47 -15.514 2.9023
233.492 -15.529 2.89863 1.89293 233.47 -15.514 2.9023
233.475 -15.2948 2.90118 1.79243 233.47 -15.514 2.9023
233.425 -15.3225 2.89486 0.642916 233.47 -15.514 2.9023
233.333 -15.3991 2.90261 4.86511 233.47 -15.514 2.9023
233.379 -15.5463 2.90165 5.13982 233.47 -15.514 2.9023
233.168 -15.4231 2.89725 5.28052 233.47 -15.514 2.9023
233.315 -15.5971 2.9021 3.51512 233.47 -15.514 2.9023
233.315 -15.5971 2.9021 3.51512 233.47 -15.514 2.9023
233.333 -15.3991 2.90261 4.86511 233.47 -15.514 2.9023
233.333 -15.3991 2.90261 4.86511 233.47 -15.514 2.9023
233.168 -15.4231 2.89725 5.28052 233.47 -15.514 2.9023
233.23 -15.2907 2.90224 1.67179 233.47 -15.514 2.9023
233.343 -15.2474 2.9006 1.94387 233.47 -15.514 2.9023
233.168 -15.4231 2.89725 5.28052 233.47 -15.514 2.9023
233.639 -15.3857 2.90886 0.32969 233.47 -15.514 2.9023
233.23 -15.2907 2.90224 1.67179 233.47 -15.514 2.9023
233.406 -15.4204 2.90914 0.43295 233.47 -15.514 2.9023
233.168 -15.4231 2.89725 5.28052 233.47 -15.514 2.9023
233.168 -15.4231 2.89725 5.28052 233.47 -15.514 2.9023
233.183 -15.3314 2.8946 2.5823 233.47 -15.514 2.9023
233.315 -15.5971 2.9021 3.51512 233.47 -15.514 2.9023
233.423 -15.3623 2.8988 3.28112 233.47 -15.514 2.9023
233.379 -15.5463 2.90165 5.13982 233.47 -15.514 2.9023
233.492 -15.529 2.89863 1.89293 233.47 -15.514 2.9023
233.379 -15.5463 2.90165 5.13982 233.47 -15.514 2.9023
233.168 -15.4231 2.89725 5.28052 233.47 -15.514 2.9023
233.423 -15.3623 2.8988 3.28112 233.47 -15.514 2.9023
233.183 -15.3314 2.8946 2.5823 233.47 -15.514 2.9023
233.388 -15.2185 2.89621 0.55043 233.47 -15.514 2.9023
233.333 -15.3991 2.90261 4.86511 233.47 -15.514 2.9023
233.168 -15.4231 2.89725 5.28052 233.47 -15.514 2.9023
233.168 -15.4231 2.89725 5.28052 233.47 -15.514 2.9023
233.406 -15.4204 2.90914 0.43295 233.47 -15.514 2.9023
233.545 -15.575 2.89958 1.00571 233.47 -15.514 2.9023
233.379 -15.5463 2.90165 5.13982 233.47 -15.514 2.9023
233.333 -15.3991 2.90261 4.86511 233.47 -15.514 2.9023
233.545 -15.575 2.89958 1.00571 233.47 -15.514 2.9023
233.333 -15.3991 2.90261 4.86511 233.47 -15.514 2.9023
233.021 -15.8272 2.89338 0.0414573 233.47 -15.514 2.9023
233.423 -15.3623 2.8988 3.28112 233.47 -15.514 2.9023
233.545 -15.575 2.89958 1.00571 233.47 -15.514 2.9023
233.315 -15.5971 2.9021 3.51512 233.47 -15.514 2.9023
233.333 -15.3991 2.90261 4.86511 233.47 -15.514 2.9023
233.23 -15.2907 2.90224 1.67179 233.47 -15.514 2.9023
233.168 -15.4231 2.89725 5.28052 233.47 -15.514 2.9023
233.545 -15.575 2.89958 1.00571 233.47 -15.514 2.9023
233.315 -15.5971 2.9021 3.51512 233.47 -15.514 2.9023
233.508 -15.6061 2.90131 1.67901 233.47 -15.514 2.9023
233.183 -15.3314 2.8946 2.5823 233.47 -15.514 2.9023
233.489 -15.3318 2.90494 1.73089 233.47 -15.514 2.9023
233.343 -15.2474 2.9006 1.94387 233.47 -15.514 2.9023
233.639 -15.3857 2.90886 0.32969 233.47 -15.514 2.9023
233.343 -15.2474 2.9006 1.94387 233.47 -15.514 2.9023
233.379 -15.5463 2.90165 5.13982 233.47 -15.514 2.9023
233.333 -15.3991 2.90261 4.86511 233.47 -15.514 2.9023
233.379 -15.5463 2.90165 5.13982 233.47 -15.514 2.9023
233.423 -15.3623 2.8988 3.28112 233.47 -15.514 2.9023
233.17 -15.253 2.89956 1.37065 233.47 -15.514 2.9023
233.423 -15.3623 2.8988 3.28112 233.47 -15.514 2.9023
233.315 -15.5971 2.9021 3.51512 233.47 -15.514 2.9023
233.333 -15.3991 2.90261 4.86511 233.47 -15.514 2.9023
233.524 -15.4863 2.90128 2.50141 233.47 -15.514 2.9023
233.423 -15.3623 2.8988 3.28112 233.47 -15.514 2.9023
233.524 -15.4863 2.90128 2.50141 233.47 -15.514 2.9023
233.451 -15.1227 2.89976 0.164242 233.47 -15.514 2.9023
233.168 -15.4231 2.89725 5.28052 233.47 -15.514 2.9023
233.333 -15.3991 2.90261 4.86511 233.47 -15.514 2.9023
233.379 -15.5463 2.90165 5.13982 233.47 -15.514 2.9023
233.315 -15.5971 2.9021 3.51512 233.47 -15.514 2.9023
233.406 -15.4204 2.90914 0.43295 233.47 -15.514 2.9023
233.23 -15.2907 2.90224 1.67179 233.47 -15.514 2.9023
233.423 -15.3623 2.8988 3.28112 233.47 -15.514 2.9023
233.379 -15.5463 2.90165 5.13982 233.47 -15.514 2.9023
233.379 -15.5463 2.90165 5.13982 233.47 -15.514 2.9023
233.524 -15.4863 2.90128 2.50141 233.47 -15.514 2.9023
233.183 -15.3314 2.8946 2.5823 233.47 -15.514 2.9023
233.545 -15.575 2.89958 1.00571 233.47 -15.514 2.9023
233.343 -15.2474 2.9006 1.94387 233.47 -15.514 2.9023
233.168 -15.4231 2.89725 5.28052 233.47 -15.514 2.9023
233.524 -15.4863 2.90128 2.50141 233.47 -15.514 2.9023
233.379 -15.5463 2.90165 5.13982 233.47 -15.514 2.9023
233.333 -15.3991 2.90261 4.86511 233.47 -15.514 2.9023
233.451 -15.1227 2.89976 0.164242 233.47 -15.514 2.9023
233.183 -15.3314 2.8946 2.5823 233.47 -15.514 2.9023
233.315 -15.5971 2.9021 3.51512 233.47 -15.514 2.9023
233.423 -15.3623 2.8988 3.28112 233.47 -15.514 2.9023
233.489 -15.3318 2.90494 1.73089 233.47 -15.514 2.9023
233.241 -15.6457 2.89164 0.466968 233.47 -15.514 2.9023
233.379 -15.5463 2.90165 5.13982 233.47 -15.514 2.9023
233.168 -15.4231 2.89725 5.28052 233.47 -15.514 2.9023
233.343 -15.2474 2.9006 1.94387 233.47 -15.514 2.9023
233.168 -15.4231 2.89725 5.28052 233.47 -15.514 2.9023
233.423 -15.3623 2.8988 3.28112 233.47 -15.514 2.9023
233.379 -15.5463 2.90165 5.13982 233.47 -15.514 2.9023
233.168 -15.4231 2.89725 5.28052 233.47 -15.514 2.9023
233.379 -15.5463 2.90165 5.13982 233.47 -15.514 2.9023
233.218 -15.3511 2.90607 0.419781 233.47 -15.514 2.9023
233.315 -15.5971 2.9021 3.51512 233.47 -15.514 2.9023
233.493 -15.3801 2.91104 0.155902 233.47 -15.514 2.9023
233.524 -15.4863 2.90128 2.50141 233.47 -15.514 2.9023
233.524 -15.4863 2.90128 2.50141 233.47 -15.514 2.9023
233.183 -15.3314 2.8946 2.5823 233.47 -15.514 2.9023
233.333 -15.3991 2.90261 4.86511 233.47 -15.514 2.9023
233.423 -15.3623 2.8988 3.28112 233.47 -15.514 2.9023
233.315 -15.5971 2.9021 3.51512 233.47 -15.514 2.9023
233.333 -15.3991 2.90261 4.86511 233.47 -15.514 2.9023
233.168 -15.4231 2.89725 5.28052 233.47 -15.514 2.9023
233.475 -15.2948 2.90118 1.79243 233.47 -15.514 2.9023
233.475 -15.2948 2.90118 1.79243 233.47 -15.514 2.9023
233.06 -15.2054 2.90155 0.113717 233.47 -15.514 2.9023
233.169 -15.5187 2.90479 0.605277 233.47 -15.514 2.9023
233.333 -15.3991 2.90261 4.86511 233.47 -15.514 2.9023
233.379 -15.5463 2.90165 5.13982 233.47 -15.514 2.9023
233.168 -15.4231 2.89725 5.28052 233.47 -15.514 2.9023
233.343 -15.2474 2.9006 1.94387 233.47 -15.514 2.9023
233.183 -15.3314 2.8946 2.5823 233.47 -15.514 2.9023
233.241 -15.6457 2.89164 0.466968 233.47 -15.514 2.9023
233.423 -15.3623 2.8988 3.28112 233.47 -15.514 2.9023
233.23 -15.2907 2.90224 1.67179 233.47 -15.514 2.9023
233.168 -15.4231 2.89725 5.28052 233.47 -15.514 2.9023
233.17 -15.253 2.89956 1.37065 233.47 -15.514 2.9023
233.315 -15.5971 2.9021 3.51512 233.47 -15.514 2.9023
233.315 -15.5971 2.9021 3.51512 233.47 -15.514 2.9023
233.168 -15.4231 2.89725 5.28052 233.47 -15.514 2.9023
233.333 -15.3991 2.90261 4.86511 233.47 -15.514 2.9023
233.183 -15.3314 2.8946 2.5823 233.47 -15.514 2.9023
233.423 -15.3623 2.8988 3.28112 233.47 -15.514 2.9023
233.315 -15.5971 2.9021 3.51512 233.47 -15.514 2.9023
233.168 -15.4231 2.89725 5.28052 233.47 -15.514 2.9023
233.379 -15.5463 2.90165 5.13982 233.47 -15.514 2.9023
233.333 -15.3991 2.90261 4.86511 233.47 -15.514 2.9023
233.183 -15.3314 2.8946 2.5823 233.47 -15.514 2.9023
233.475 -15.2948 2.90118 1.79243 233.47 -15.514 2.9023
233.388 -15.2185 2.89621 0.55043 233.47 -15.514 2.9023
233.343 -15.2474 2.9006 1.94387 233.47 -15.514 2.9023
233.379 -15.5463 2.90165 5.13982 233.47 -15.514 2.9023
233.524 -15.4863 2.90128 2.50141 233.47 -15.514 2.9023
233.183 -15.3314 2.8946 2.5823 233.47 -15.514 2.9023
233.17 -15.253 2.89956 1.37065 233.47 -15.514 2.9023
233.315 -15.5971 2.9021 3.51512 233.47 -15.514 2.9023
233.379 -15.5463 2.90165 5.13982 233.47 -15.514 2.9023
233.183 -15.3314 2.8946 2.5823 233.47 -15.514 2.9023
233.492 -15.529 2.89863 1.89293 233.47 -15.514 2.9023
233.405 -15.168 2.89771 0.34936 233.47 -15.514 2.9023
233.423 -15.3623 2.8988 3.28112 233.47 -15.514 2.9023
233.333 -15.3991 2.90261 4.86511 233.47 -15.514 2.9023
233.379 -15.5463 2.90165 5.13982 233.47 -15.514 2.9023
233.379 -15.5463 2.90165 5.13982 233.47 -15.514 2.9023
233.315 -15.5971 2.9021 3.51512 233.47 -15.514 2.9023
233.423 -15.3623 2.8988 3.28112 233.47 -15.514 2.9023
233.315 -15.5971 2.9021 3.51512 233.47 -15.514 2.9023
233.508 -15.6061 2.90131 1.67901 233.47 -15.514 2.9023
233.168 -15.4231 2.89725 5.28052 233.47 -15.514 2.9023
233.475 -15.2948 2.90118 1.79243 233.47 -15.514 2.9023
233.169 -15.5187 2.90479 0.605277 233.47 -15.514 2.9023
233.333 -15.3991 2.90261 4.86511 233.47 -15.514 2.9023
233.343 -15.2474 2.9006 1.94387 233.47 -15.514 2.9023
