-4.56686 -94.6098 3.08915 0.30225 -4.6165 -94.531 3.0881
-4.52905 -94.3868 3.09968 0.121682 -4.6165 -94.531 3.0881
-4.50495 -94.5164 3.09467 0.454938 -4.6165 -94.531 3.0881
-4.43971 -94.4286 3.10224 0.0554821 -4.6165 -94.531 3.0881
-4.50157 -94.546 3.08893 0.259865 -4.6165 -94.531 3.0881
-4.53318 -94.6073 3.09605 0.225833 -4.6165 -94.531 3.0881
-4.50157 -94.546 3.08893 0.259865 -4.6165 -94.531 3.0881
-4.50157 -94.546 3.08893 0.259865 -4.6165 -94.531 3.0881
-4.66893 -94.2805 3.09419 0.0895815 -4.6165 -94.531 3.0881
-4.56686 -94.6098 3.08915 0.30225 -4.6165 -94.531 3.0881
-4.53318 -94.6073 3.09605 0.225833 -4.6165 -94.531 3.0881
-4.53318 -94.6073 3.09605 0.225833 -4.6165 -94.531 3.0881
-4.43691 -94.5314 3.09354 0.366185 -4.6165 -94.531 3.0881
-4.65103 -94.3914 3.08979 0.241765 -4.6165 -94.531 3.0881
-4.47108 -94.3101 3.09437 0.195106 -4.6165 -94.531 3.0881
-4.53318 -94.6073 3.09605 0.225833 -4.6165 -94.531 3.0881
-4.36039 -94.378 3.08912 0.0363556 -4.6165 -94.531 3.0881
-4.50495 -94.5164 3.09467 0.454938 -4.6165 -94.531 3.0881
-4.33082 -94.4501 3.09637 0.178981 -4.6165 -94.531 3.0881
-4.33082 -94.4501 3.09637 0.178981 -4.6165 -94.531 3.0881
-4.65103 -94.3914 3.08979 0.241765 -4.6165 -94.531 3.0881
-4.66893 -94.2805 3.09419 0.0895815 -4.6165 -94.531 3.0881
-4.65103 -94.3914 3.08979 0.241765 -4.6165 -94.531 3.0881
-4.8294 -94.458 3.08217 0.0156764 -4.6165 -94.531 3.0881
-4.40851 -94.3465 3.10018 0.108412 -4.6165 -94.531 3.0881
-4.50495 -94.5164 3.09467 0.454938 -4.6165 -94.531 3.0881
-4.43691 -94.5314 3.09354 0.366185 -4.6165 -94.531 3.0881
-4.18133 -94.2968 3.10379 0.00690885 -4.6165 -94.531 3.0881
-4.51029 -94.3467 3.09291 0.268779 -4.6165 -94.531 3.0881
-4.50495 -94.5164 3.09467 0.454938 -4.6165 -94.531 3.0881
-4.55341 -94.7434 3.08725 0.0686095 -4.6165 -94.531 3.0881
-4.50495 -94.5164 3.09467 0.454938 -4.6165 -94.531 3.0881
-4.50157 -94.546 3.08893 0.259865 -4.6165 -94.531 3.0881
-4.3956 -94.5364 3.08839 0.080817 -4.6165 -94.531 3.0881
-4.3956 -94.5364 3.08839 0.080817 -4.6165 -94.531 3.0881
-4.50157 -94.546 3.08893 0.259865 -4.6165 -94.531 3.0881
-4.5551 -94.583 3.08821 0.262094 -4.6165 -94.531 3.0881
-4.50495 -94.5164 3.09467 0.454938 -4.6165 -94.531 3.0881
-4.50157 -94.546 3.08893 0.259865 -4.6165 -94.531 3.0881
-4.65103 -94.3914 3.08979 0.241765 -4.6165 -94.531 3.0881
-4.43691 -94.5314 3.09354 0.366185 -4.6165 -94.531 3.0881
-4.43691 -94.5314 3.09354 0.366185 -4.6165 -94.531 3.0881
-4.40851 -94.3465 3.10018 0.108412 -4.6165 -94.531 3.0881
-4.50157 -94.546 3.08893 0.259865 -4.6165 -94.531 3.0881
-4.36306 -94.4399 3.09649 0.228679 -4.6165 -94.531 3.0881
-4.52905 -94.3868 3.09968 0.121682 -4.6165 -94.531 3.0881
-4.5551 -94.583 3.08821 0.262094 -4.6165 -94.531 3.0881
-4.50495 -94.5164 3.09467 0.454938 -4.6165 -94.531 3.0881
-4.50495 -94.5164 3.09467 0.454938 -4.6165 -94.531 3.0881
-4.38751 -94.1818 3.09587 0.0282745 -4.6165 -94.531 3.0881
-4.56686 -94.6098 3.08915 0.30225 -4.6165 -94.531 3.0881
-4.53318 -94.6073 3.09605 0.225833 -4.6165 -94.531 3.0881
-4.52905 -94.3868 3.09968 0.121682 -4.6165 -94.531 3.0881
-4.53318 -94.6073 3.09605 0.225833 -4.6165 -94.531 3.0881
-4.33082 -94.4501 3.09637 0.178981 -4.6165 -94.531 3.0881
-4.50495 -94.5164 3.09467 0.454938 -4.6165 -94.531 3.0881
-4.5551 -94.583 3.08821 0.262094 -4.6165 -94.531 3.0881
-4.43691 -94.5314 3.09354 0.366185 -4.6165 -94.531 3.0881
-4.36306 -94.4399 3.09649 0.228679 -4.6165 -94.531 3.0881
-4.8294 -94.458 3.08217 0.0156764 -4.6165 -94.531 3.0881
-4.40851 -94.3465 3.10018 0.108412 -4.6165 -94.531 3.0881
-4.50495 -94.5164 3.09467 0.454938 -4.6165 -94.531 3.0881
-4.43691 -94.5314 3.09354 0.366185 -4.6165 -94.531 3.0881
-4.65103 -94.3914 3.08979 0.241765 -4.6165 -94.531 3.0881
-4.82426 -94.6933 3.08768 0.0527609 -4.6165 -94.531 3.0881
-4.5551 -94.583 3.08821 0.262094 -4.6165 -94.531 3.0881
-4.5551 -94.583 3.08821 0.262094 -4.6165 -94.531 3.0881
-4.50157 -94.546 3.08893 0.259865 -4.6165 -94.531 3.0881
-4.43691 -94.5314 3.09354 0.366185 -4.6165 -94.531 3.0881
-4.43691 -94.5314 3.09354 0.366185 -4.6165 -94.531 3.0881
-4.50157 -94.546 3.08893 0.259865 -4.6165 -94.531 3.0881
-4.65103 -94.3914 3.08979 0.241765 -4.6165 -94.531 3.0881
-4.83163 -94.7936 3.08997 0.0117091 -4.6165 -94.531 3.0881
-4.52905 -94.3868 3.09968 0.121682 -4.6165 -94.531 3.0881
-4.82426 -94.6933 3.08768 0.0527609 -4.6165 -94.531 3.0881
-4.36306 -94.4399 3.09649 0.228679 -4.6165 -94.531 3.0881
-4.65103 -94.3914 3.08979 0.241765 -4.6165 -94.531 3.0881
-4.50157 -94.546 3.08893 0.259865 -4.6165 -94.531 3.0881
-4.50157 -94.546 3.08893 0.259865 -4.6165 -94.531 3.0881
-4.50495 -94.5164 3.09467 0.454938 -4.6165 -94.531 3.0881
-4.33082 -94.4501 3.09637 0.178981 -4.6165 -94.531 3.0881
-4.43691 -94.5314 3.09354 0.366185 -4.6165 -94.531 3.0881
-4.53318 -94.6073 3.09605 0.225833 -4.6165 -94.531 3.0881
-4.36306 -94.4399 3.09649 0.228679 -4.6165 -94.531 3.0881
-4.36306 -94.4399 3.09649 0.228679 -4.6165 -94.531 3.0881
-4.51029 -94.3467 3.09291 0.268779 -4.6165 -94.531 3.0881
-4.66087 -94.5954 3.0971 0.0809694 -4.6165 -94.531 3.0881
-4.53318 -94.6073 3.09605 0.225833 -4.6165 -94.531 3.0881
-4.47108 -94.3101 3.09437 0.195106 -4.6165 -94.531 3.0881
-4.43691 -94.5314 3.09354 0.366185 -4.6165 -94.531 3.0881
-4.50157 -94.546 3.08893 0.259865 -4.6165 -94.531 3.0881
-4.40851 -94.3465 3.10018 0.108412 -4.6165 -94.531 3.0881
-4.50157 -94.546 3.08893 0.259865 -4.6165 -94.531 3.0881
-4.33082 -94.4501 3.09637 0.178981 -4.6165 -94.531 3.0881
-4.40851 -94.3465 3.10018 0.108412 -4.6165 -94.531 3.0881
-4.53318 -94.6073 3.09605 0.225833 -4.6165 -94.531 3.0881
-4.5551 -94.583 3.08821 0.262094 -4.6165 -94.531 3.0881
-4.53318 -94.6073 3.09605 0.225833 -4.6165 -94.531 3.0881
-4.52905 -94.3868 3.09968 0.121682 -4.6165 -94.531 3.0881
-4.33061 -94.3282 3.09146 0.0402894 -4.6165 -94.531 3.0881
-4.66087 -94.5954 3.0971 0.0809694 -4.6165 -94.531 3.0881
-4.5551 -94.583 3.08821 0.262094 -4.6165 -94.531 3.0881
-4.50495 -94.5164 3.09467 0.454938 -4.6165 -94.531 3.0881
-4.43691 -94.5314 3.09354 0.366185 -4.6165 -94.531 3.0881
-4.3956 -94.5364 3.08839 0.080817 -4.6165 -94.531 3.0881
-4.36306 -94.4399 3.09649 0.228679 -4.6165 -94.531 3.0881
-4.47108 -94.3101 3.09437 0.195106 -4.6165 -94.531 3.0881
-4.53318 -94.6073 3.09605 0.225833 -4.6165 -94.531 3.0881
-4.50495 -94.5164 3.09467 0.454938 -4.6165 -94.531 3.0881
-4.51029 -94.3467 3.09291 0.268779 -4.6165 -94.531 3.0881
-4.36306 -94.4399 3.09649 0.228679 -4.6165 -94.531 3.0881
-4.65103 -94.3914 3.08979 0.241765 -4.6165 -94.531 3.0881
-4.53318 -94.6073 3.09605 0.225833 -4.6165 -94.531 3.0881
-4.65103 -94.3914 3.08979 0.241765 -4.6165 -94.531 3.0881
-4.66087 -94.5954 3.0971 0.0809694 -4.6165 -94.531 3.0881
-4.43691 -94.5314 3.09354 0.366185 -4.6165 -94.531 3.0881
-4.56686 -94.6098 3.08915 0.30225 -4.6165 -94.531 3.0881
-4.43691 -94.5314 3.09354 0.366185 -4.6165 -94.531 3.0881
-4.47108 -94.3101 3.09437 0.195106 -4.6165 -94.531 3.0881
-4.40851 -94.3465 3.10018 0.108412 -4.6165 -94.531 3.0881
-4.50157 -94.546 3.08893 0.259865 -4.6165 -94.531 3.0881
-4.36306 -94.4399 3.09649 0.228679 -4.6165 -94.531 3.0881
-4.43691 -94.5314 3.09354 0.366185 -4.6165 -94.531 3.0881
-4.43691 -94.5314 3.09354 0.366185 -4.6165 -94.531 3.0881
-4.43691 -94.5314 3.09354 0.366185 -4.6165 -94.531 3.0881
-4.56686 -94.6098 3.08915 0.30225 -4.6165 -94.531 3.0881
-4.43691 -94.5314 3.09354 0.366185 -4.6165 -94.531 3.0881
-4.33082 -94.4501 3.09637 0.178981 -4.6165 -94.531 3.0881
-4.21705 -94.2815 3.09135 0.00343411 -4.6165 -94.531 3.0881
-4.50157 -94.546 3.08893 0.259865 -4.6165 -94.531 3.0881
-4.5551 -94.583 3.08821 0.262094 -4.6165 -94.531 3.0881
-4.50157 -94.546 3.08893 0.259865 -4.6165 -94.531 3.0881
-4.52905 -94.3868 3.09968 0.121682 -4.6165 -94.531 3.0881
-4.53318 -94.6073 3.09605 0.225833 -4.6165 -94.531 3.0881
-4.56686 -94.6098 3.08915 0.30225 -4.6165 -94.531 3.0881
-4.36306 -94.4399 3.09649 0.228679 -4.6165 -94.531 3.0881
-4.43691 -94.5314 3.09354 0.366185 -4.6165 -94.531 3.0881
-4.65103 -94.3914 3.08979 0.241765 -4.6165 -94.531 3.0881
-4.65103 -94.3914 3.08979 0.241765 -4.6165 -94.531 3.0881
-4.47108 -94.3101 3.09437 0.195106 -4.6165 -94.531 3.0881
-4.43691 -94.5314 3.09354 0.366185 -4.6165 -94.531 3.0881
-4.29307 -94.4623 3.08938 0.023764 -4.6165 -94.531 3.0881
-4.50495 -94.5164 3.09467 0.454938 -4.6165 -94.531 3.0881
-4.43163 -94.4677 3.08897 0.134982 -4.6165 -94.531 3.0881
-4.52905 -94.3868 3.09968 0.121682 -4.6165 -94.531 3.0881
-4.55582 -94.1547 3.08919 0.00741938 -4.6165 -94.531 3.0881
-4.56686 -94.6098 3.08915 0.30225 -4.6165 -94.531 3.0881
-4.43691 -94.5314 3.09354 0.366185 -4.6165 -94.531 3.0881
-4.43691 -94.5314 3.09354 0.366185 -4.6165 -94.531 3.0881
-4.50495 -94.5164 3.09467 0.454938 -4.6165 -94.531 3.0881
-4.65103 -94.3914 3.08979 0.241765 -4.6165 -94.531 3.0881
-4.43163 -94.4677 3.08897 0.134982 -4.6165 -94.531 3.0881
-4.47108 -94.3101 3.09437 0.195106 -4.6165 -94.531 3.0881
-4.43691 -94.5314 3.09354 0.366185 -4.6165 -94.531 3.0881
-4.53318 -94.6073 3.09605 0.225833 -4.6165 -94.531 3.0881
-4.36306 -94.4399 3.09649 0.228679 -4.6165 -94.531 3.0881
-4.50495 -94.5164 3.09467 0.454938 -4.6165 -94.531 3.0881
-4.36306 -94.4399 3.09649 0.228679 -4.6165 -94.531 3.0881
-4.66893 -94.2805 3.09419 0.0895815 -4.6165 -94.531 3.0881
-4.36306 -94.4399 3.09649 0.228679 -4.6165 -94.531 3.0881
-4.5551 -94.583 3.08821 0.262094 -4.6165 -94.531 3.0881
-4.50495 -94.5164 3.09467 0.454938 -4.6165 -94.531 3.0881
-4.52905 -94.3868 3.09968 0.121682 -4.6165 -94.531 3.0881
-4.50495 -94.5164 3.09467 0.454938 -4.6165 -94.531 3.0881
-4.65103 -94.3914 3.08979 0.241765 -4.6165 -94.531 3.0881
-4.33082 -94.4501 3.09637 0.178981 -4.6165 -94.531 3.0881
-4.50495 -94.5164 3.09467 0.454938 -4.6165 -94.531 3.0881
-4.43971 -94.4286 3.10224 0.0554821 -4.6165 -94.531 3.0881
-4.51029 -94.3467 3.09291 0.268779 -4.6165 -94.531 3.0881
-4.43163 -94.4677 3.08897 0.134982 -4.6165 -94.531 3.0881
-4.47108 -94.3101 3.09437 0.195106 -4.6165 -94.531 3.0881
-4.50495 -94.5164 3.09467 0.454938 -4.6165 -94.531 3.0881
-4.50157 -94.546 3.08893 0.259865 -4.6165 -94.531 3.0881
-4.65103 -94.3914 3.08979 0.241765 -4.6165 -94.531 3.0881
-4.43691 -94.5314 3.09354 0.366185 -4.6165 -94.531 3.0881
-4.40851 -94.3465 3.10018 0.108412 -4.6165 -94.531 3.0881
-4.50495 -94.5164 3.09467 0.454938 -4.6165 -94.531 3.0881
-4.43691 -94.5314 3.09354 0.366185 -4.6165 -94.531 3.0881
-4.24749 -94.0895 3.10248 0.00154697 -4.6165 -94.531 3.0881
-4.50495 -94.5164 3.09467 0.454938 -4.6165 -94.531 3.0881
-4.36039 -94.378 3.08912 0.0363556 -4.6165 -94.531 3.0881
-4.65103 -94.3914 3.08979 0.241765 -4.6165 -94.531 3.0881
-4.53318 -94.6073 3.09605 0.225833 -4.6165 -94.531 3.0881
-4.50157 -94.546 3.08893 0.259865 -4.6165 -94.531 3.0881
-4.33061 -94.3282 3.09146 0.0402894 -4.6165 -94.531 3.0881
-4.50495 -94.5164 3.09467 0.454938 -4.6165 -94.531 3.0881
-4.33061 -94.3282 3.09146 0.0402894 -4.6165 -94.531 3.0881
-4.50157 -94.546 3.08893 0.259865 -4.6165 -94.531 3.0881
-4.29307 -94.4623 3.08938 0.023764 -4.6165 -94.531 3.0881
-4.50157 -94.546 3.08893 0.259865 -4.6165 -94.531 3.0881
-4.33082 -94.4501 3.09637 0.178981 -4.6165 -94.531 3.0881
-4.44974 -94.2771 3.08848 0.0241701 -4.6165 -94.531 3.0881
-4.36306 -94.4399 3.09649 0.228679 -4.6165 -94.531 3.0881
-4.53318 -94.6073 3.09605 0.225833 -4.6165 -94.531 3.0881
-4.33082 -94.4501 3.09637 0.178981 -4.6165 -94.531 3.0881
-4.66087 -94.5954 3.0971 0.0809694 -4.6165 -94.531 3.0881
-4.50495 -94.5164 3.09467 0.454938 -4.6165 -94.531 3.0881
-4.43971 -94.4286 3.10224 0.0554821 -4.6165 -94.531 3.0881
-4.65103 -94.3914 3.08979 0.241765 -4.6165 -94.531 3.0881
-4.33082 -94.4501 3.09637 0.178981 -4.6165 -94.531 3.0881
