-9.59151 0.448501 0.442722 0.00239106 -9.5429 0.22544 0.44552
-9.70101 0.205804 0.44251 0.00179391 -9.5429 0.22544 0.44552
-9.584 0.0729977 0.447252 0.00110588 -9.5429 0.22544 0.44552
-9.46288 0.102411 0.44594 0.000313951 -9.5429 0.22544 0.44552
-9.72592 0.377019 0.441152 0.00124757 -9.5429 0.22544 0.44552
-9.81972 0.300214 0.451564 0.00344057 -9.5429 0.22544 0.44552
-9.69354 0.136635 0.451822 0.00397345 -9.5429 0.22544 0.44552
-9.69726 0.48317 0.442139 0.000946202 -9.5429 0.22544 0.44552
-9.91428 0.255722 0.444154 0.000159803 -9.5429 0.22544 0.44552
-9.69354 0.136635 0.451822 0.00397345 -9.5429 0.22544 0.44552
-9.58321 0.360207 0.44915 0.00414718 -9.5429 0.22544 0.44552
-9.46987 0.359893 0.446755 0.00146491 -9.5429 0.22544 0.44552
-9.81972 0.300214 0.451564 0.00344057 -9.5429 0.22544 0.44552
-9.81972 0.300214 0.451564 0.00344057 -9.5429 0.22544 0.44552
-9.8342 0.335386 0.442825 0.000603973 -9.5429 0.22544 0.44552
-9.81972 0.300214 0.451564 0.00344057 -9.5429 0.22544 0.44552
-9.84985 0.224773 0.453848 0.00159142 -9.5429 0.22544 0.44552
-9.84985 0.224773 0.453848 0.00159142 -9.5429 0.22544 0.44552
-9.69354 0.136635 0.451822 0.00397345 -9.5429 0.22544 0.44552
-9.69354 0.136635 0.451822 0.00397345 -9.5429 0.22544 0.44552
-9.69726 0.48317 0.442139 0.000946202 -9.5429 0.22544 0.44552
-9.84985 0.224773 0.453848 0.00159142 -9.5429 0.22544 0.44552
-9.70101 0.205804 0.44251 0.00179391 -9.5429 0.22544 0.44552
-9.68383 0.235892 0.456174 0.000500485 -9.5429 0.22544 0.44552
-9.58321 0.360207 0.44915 0.00414718 -9.5429 0.22544 0.44552
-9.48517 0.325583 0.440978 0.00128045 -9.5429 0.22544 0.44552
-9.584 0.0729977 0.447252 0.00110588 -9.5429 0.22544 0.44552
-9.45263 0.291852 0.446568 0.00141752 -9.5429 0.22544 0.44552
-9.81972 0.300214 0.451564 0.00344057 -9.5429 0.22544 0.44552
-9.81972 0.300214 0.451564 0.00344057 -9.5429 0.22544 0.44552
-9.72592 0.377019 0.441152 0.00124757 -9.5429 0.22544 0.44552
-9.41274 0.45138 0.444774 0.000231668 -9.5429 0.22544 0.44552
-9.59151 0.448501 0.442722 0.00239106 -9.5429 0.22544 0.44552
-9.62803 0.13084 0.443779 0.00149446 -9.5429 0.22544 0.44552
-9.58321 0.360207 0.44915 0.00414718 -9.5429 0.22544 0.44552
-9.69981 0.104125 0.443478 0.000596852 -9.5429 0.22544 0.44552
-9.58321 0.360207 0.44915 0.00414718 -9.5429 0.22544 0.44552
-9.58321 0.360207 0.44915 0.00414718 -9.5429 0.22544 0.44552
-9.70101 0.205804 0.44251 0.00179391 -9.5429 0.22544 0.44552
-9.71433 0.0940926 0.448863 0.00288374 -9.5429 0.22544 0.44552
-9.71433 0.0940926 0.448863 0.00288374 -9.5429 0.22544 0.44552
-9.79838 0.0126411 0.458459 4.04011e-05 -9.5429 0.22544 0.44552
-9.72592 0.377019 0.441152 0.00124757 -9.5429 0.22544 0.44552
-9.69354 0.136635 0.451822 0.00397345 -9.5429 0.22544 0.44552
-9.8342 0.335386 0.442825 0.000603973 -9.5429 0.22544 0.44552
-9.70101 0.205804 0.44251 0.00179391 -9.5429 0.22544 0.44552
-9.71433 0.0940926 0.448863 0.00288374 -9.5429 0.22544 0.44552
-9.69981 0.104125 0.443478 0.000596852 -9.5429 0.22544 0.44552
-9.46288 0.102411 0.44594 0.000313951 -9.5429 0.22544 0.44552
-9.8342 0.335386 0.442825 0.000603973 -9.5429 0.22544 0.44552
-9.57717 0.372468 0.441239 0.00264718 -9.5429 0.22544 0.44552
-9.46987 0.359893 0.446755 0.00146491 -9.5429 0.22544 0.44552
-9.71433 0.0940926 0.448863 0.00288374 -9.5429 0.22544 0.44552
-9.69666 0.496015 0.443619 0.00114721 -9.5429 0.22544 0.44552
-9.70101 0.205804 0.44251 0.00179391 -9.5429 0.22544 0.44552
-9.60926 0.423832 0.450632 0.00119253 -9.5429 0.22544 0.44552
-9.62821 0.0646885 0.455596 0.000195283 -9.5429 0.22544 0.44552
-9.69354 0.136635 0.451822 0.00397345 -9.5429 0.22544 0.44552
-9.81972 0.300214 0.451564 0.00344057 -9.5429 0.22544 0.44552
-9.81972 0.300214 0.451564 0.00344057 -9.5429 0.22544 0.44552
-9.58321 0.360207 0.44915 0.00414718 -9.5429 0.22544 0.44552
-9.59151 0.448501 0.442722 0.00239106 -9.5429 0.22544 0.44552
-9.90904 0.223165 0.455289 0.000403248 -9.5429 0.22544 0.44552
-9.584 0.0729977 0.447252 0.00110588 -9.5429 0.22544 0.44552
-9.8342 0.335386 0.442825 0.000603973 -9.5429 0.22544 0.44552
-9.80134 0.203174 0.443485 0.000871287 -9.5429 0.22544 0.44552
-9.48517 0.325583 0.440978 0.00128045 -9.5429 0.22544 0.44552
-9.48517 0.325583 0.440978 0.00128045 -9.5429 0.22544 0.44552
-9.69354 0.136635 0.451822 0.00397345 -9.5429 0.22544 0.44552
-9.48517 0.325583 0.440978 0.00128045 -9.5429 0.22544 0.44552
-9.58321 0.360207 0.44915 0.00414718 -9.5429 0.22544 0.44552
-9.48517 0.325583 0.440978 0.00128045 -9.5429 0.22544 0.44552
-9.71433 0.0940926 0.448863 0.00288374 -9.5429 0.22544 0.44552
-9.58321 0.360207 0.44915 0.00414718 -9.5429 0.22544 0.44552
-9.584 0.0729977 0.447252 0.00110588 -9.5429 0.22544 0.44552
-9.81972 0.300214 0.451564 0.00344057 -9.5429 0.22544 0.44552
-9.58321 0.360207 0.44915 0.00414718 -9.5429 0.22544 0.44552
-9.62821 0.0646885 0.455596 0.000195283 -9.5429 0.22544 0.44552
-9.46288 0.102411 0.44594 0.000313951 -9.5429 0.22544 0.44552
-9.57717 0.372468 0.441239 0.00264718 -9.5429 0.22544 0.44552
-9.991 0.20156 0.449541 0.000121686 -9.5429 0.22544 0.44552
-9.69354 0.136635 0.451822 0.00397345 -9.5429 0.22544 0.44552
-9.69726 0.48317 0.442139 0.000946202 -9.5429 0.22544 0.44552
-9.84985 0.224773 0.453848 0.00159142 -9.5429 0.22544 0.44552
-9.81972 0.300214 0.451564 0.00344057 -9.5429 0.22544 0.44552
-9.70101 0.205804 0.44251 0.00179391 -9.5429 0.22544 0.44552
-9.69354 0.136635 0.451822 0.00397345 -9.5429 0.22544 0.44552
-9.46987 0.359893 0.446755 0.00146491 -9.5429 0.22544 0.44552
-9.59151 0.448501 0.442722 0.00239106 -9.5429 0.22544 0.44552
-9.59151 0.448501 0.442722 0.00239106 -9.5429 0.22544 0.44552
-9.59151 0.448501 0.442722 0.00239106 -9.5429 0.22544 0.44552
-9.8342 0.335386 0.442825 0.000603973 -9.5429 0.22544 0.44552
-9.60926 0.423832 0.450632 0.00119253 -9.5429 0.22544 0.44552
-9.59151 0.448501 0.442722 0.00239106 -9.5429 0.22544 0.44552
-9.60926 0.423832 0.450632 0.00119253 -9.5429 0.22544 0.44552
-9.48517 0.325583 0.440978 0.00128045 -9.5429 0.22544 0.44552
-9.71433 0.0940926 0.448863 0.00288374 -9.5429 0.22544 0.44552
-9.58321 0.360207 0.44915 0.00414718 -9.5429 0.22544 0.44552
-9.62803 0.13084 0.443779 0.00149446 -9.5429 0.22544 0.44552
-9.59151 0.448501 0.442722 0.00239106 -9.5429 0.22544 0.44552
-9.45263 0.291852 0.446568 0.00141752 -9.5429 0.22544 0.44552
-9.69354 0.136635 0.451822 0.00397345 -9.5429 0.22544 0.44552
-9.45263 0.291852 0.446568 0.00141752 -9.5429 0.22544 0.44552
-9.69354 0.136635 0.451822 0.00397345 -9.5429 0.22544 0.44552
-9.70101 0.205804 0.44251 0.00179391 -9.5429 0.22544 0.44552
-9.84985 0.224773 0.453848 0.00159142 -9.5429 0.22544 0.44552
-9.8342 0.335386 0.442825 0.000603973 -9.5429 0.22544 0.44552
-9.584 0.0729977 0.447252 0.00110588 -9.5429 0.22544 0.44552
-9.69354 0.136635 0.451822 0.00397345 -9.5429 0.22544 0.44552
-9.58321 0.360207 0.44915 0.00414718 -9.5429 0.22544 0.44552
-9.81972 0.300214 0.451564 0.00344057 -9.5429 0.22544 0.44552
-9.60926 0.423832 0.450632 0.00119253 -9.5429 0.22544 0.44552
-9.71433 0.0940926 0.448863 0.00288374 -9.5429 0.22544 0.44552
-9.46288 0.102411 0.44594 0.000313951 -9.5429 0.22544 0.44552
-9.57717 0.372468 0.441239 0.00264718 -9.5429 0.22544 0.44552
-9.81972 0.300214 0.451564 0.00344057 -9.5429 0.22544 0.44552
-9.70101 0.205804 0.44251 0.00179391 -9.5429 0.22544 0.44552
-9.58321 0.360207 0.44915 0.00414718 -9.5429 0.22544 0.44552
-9.69354 0.136635 0.451822 0.00397345 -9.5429 0.22544 0.44552
-9.58321 0.360207 0.44915 0.00414718 -9.5429 0.22544 0.44552
-9.84985 0.224773 0.453848 0.00159142 -9.5429 0.22544 0.44552
-9.84985 0.224773 0.453848 0.00159142 -9.5429 0.22544 0.44552
-9.58321 0.360207 0.44915 0.00414718 -9.5429 0.22544 0.44552
-9.58321 0.360207 0.44915 0.00414718 -9.5429 0.22544 0.44552
-9.81972 0.300214 0.451564 0.00344057 -9.5429 0.22544 0.44552
-9.48517 0.325583 0.440978 0.00128045 -9.5429 0.22544 0.44552
-9.70101 0.205804 0.44251 0.00179391 -9.5429 0.22544 0.44552
-9.58321 0.360207 0.44915 0.00414718 -9.5429 0.22544 0.44552
-9.46288 0.102411 0.44594 0.000313951 -9.5429 0.22544 0.44552
-9.71433 0.0940926 0.448863 0.00288374 -9.5429 0.22544 0.44552
-9.59151 0.448501 0.442722 0.00239106 -9.5429 0.22544 0.44552
-9.57717 0.372468 0.441239 0.00264718 -9.5429 0.22544 0.44552
-9.81972 0.300214 0.451564 0.00344057 -9.5429 0.22544 0.44552
-9.58321 0.360207 0.44915 0.00414718 -9.5429 0.22544 0.44552
-9.62803 0.13084 0.443779 0.00149446 -9.5429 0.22544 0.44552
-9.81972 0.300214 0.451564 0.00344057 -9.5429 0.22544 0.44552
-9.45263 0.291852 0.446568 0.00141752 -9.5429 0.22544 0.44552
-9.58321 0.360207 0.44915 0.00414718 -9.5429 0.22544 0.44552
-9.79176 0.168053 0.442077 0.000243535 -9.5429 0.22544 0.44552
-9.69354 0.136635 0.451822 0.00397345 -9.5429 0.22544 0.44552
-9.69354 0.136635 0.451822 0.00397345 -9.5429 0.22544 0.44552
-9.51837 0.405965 0.452483 0.000124723 -9.5429 0.22544 0.44552
-9.81972 0.300214 0.451564 0.00344057 -9.5429 0.22544 0.44552
-9.61678 0.208001 0.438275 0.000132034 -9.5429 0.22544 0.44552
-9.59151 0.448501 0.442722 0.00239106 -9.5429 0.22544 0.44552
-9.71433 0.0940926 0.448863 0.00288374 -9.5429 0.22544 0.44552
-9.60926 0.423832 0.450632 0.00119253 -9.5429 0.22544 0.44552
-9.59151 0.448501 0.442722 0.00239106 -9.5429 0.22544 0.44552
-9.69354 0.136635 0.451822 0.00397345 -9.5429 0.22544 0.44552
-9.60926 0.423832 0.450632 0.00119253 -9.5429 0.22544 0.44552
-9.58321 0.360207 0.44915 0.00414718 -9.5429 0.22544 0.44552
-9.69666 0.496015 0.443619 0.00114721 -9.5429 0.22544 0.44552
-9.61678 0.208001 0.438275 0.000132034 -9.5429 0.22544 0.44552
-9.58321 0.360207 0.44915 0.00414718 -9.5429 0.22544 0.44552
-9.69666 0.496015 0.443619 0.00114721 -9.5429 0.22544 0.44552
-9.71433 0.0940926 0.448863 0.00288374 -9.5429 0.22544 0.44552
-9.584 0.0729977 0.447252 0.00110588 -9.5429 0.22544 0.44552
-9.59151 0.448501 0.442722 0.00239106 -9.5429 0.22544 0.44552
-9.81972 0.300214 0.451564 0.00344057 -9.5429 0.22544 0.44552
-9.69354 0.136635 0.451822 0.00397345 -9.5429 0.22544 0.44552
-9.70101 0.205804 0.44251 0.00179391 -9.5429 0.22544 0.44552
-9.69354 0.136635 0.451822 0.00397345 -9.5429 0.22544 0.44552
-9.69354 0.136635 0.451822 0.00397345 -9.5429 0.22544 0.44552
-9.81972 0.300214 0.451564 0.00344057 -9.5429 0.22544 0.44552
-9.584 0.0729977 0.447252 0.00110588 -9.5429 0.22544 0.44552
-9.62803 0.13084 0.443779 0.00149446 -9.5429 0.22544 0.44552
-9.58321 0.360207 0.44915 0.00414718 -9.5429 0.22544 0.44552
-9.81972 0.300214 0.451564 0.00344057 -9.5429 0.22544 0.44552
-9.41274 0.45138 0.444774 0.000231668 -9.5429 0.22544 0.44552
-9.59151 0.448501 0.442722 0.00239106 -9.5429 0.22544 0.44552
-9.71433 0.0940926 0.448863 0.00288374 -9.5429 0.22544 0.44552
-9.57717 0.372468 0.441239 0.00264718 -9.5429 0.22544 0.44552
-9.45263 0.291852 0.446568 0.00141752 -9.5429 0.22544 0.44552
-9.69354 0.136635 0.451822 0.00397345 -9.5429 0.22544 0.44552
-9.69726 0.48317 0.442139 0.000946202 -9.5429 0.22544 0.44552
-9.46987 0.359893 0.446755 0.00146491 -9.5429 0.22544 0.44552
-9.58321 0.360207 0.44915 0.00414718 -9.5429 0.22544 0.44552
-9.81972 0.300214 0.451564 0.00344057 -9.5429 0.22544 0.44552
-9.58321 0.360207 0.44915 0.00414718 -9.5429 0.22544 0.44552
-9.48517 0.325583 0.440978 0.00128045 -9.5429 0.22544 0.44552
-9.46987 0.359893 0.446755 0.00146491 -9.5429 0.22544 0.44552
-9.48517 0.325583 0.440978 0.00128045 -9.5429 0.22544 0.44552
-9.84985 0.224773 0.453848 0.00159142 -9.5429 0.22544 0.44552
-9.69354 0.136635 0.451822 0.00397345 -9.5429 0.22544 0.44552
-9.45263 0.291852 0.446568 0.00141752 -9.5429 0.22544 0.44552
-9.60926 0.423832 0.450632 0.00119253 -9.5429 0.22544 0.44552
-9.71433 0.0940926 0.448863 0.00288374 -9.5429 0.22544 0.44552
-9.69354 0.136635 0.451822 0.00397345 -9.5429 0.22544 0.44552
-9.90904 0.223165 0.455289 0.000403248 -9.5429 0.22544 0.44552
-9.58321 0.360207 0.44915 0.00414718 -9.5429 0.22544 0.44552
-9.57717 0.372468 0.441239 0.00264718 -9.5429 0.22544 0.44552
-9.69726 0.48317 0.442139 0.000946202 -9.5429 0.22544 0.44552
-9.58321 0.360207 0.44915 0.00414718 -9.5429 0.22544 0.44552
-9.59151 0.448501 0.442722 0.00239106 -9.5429 0.22544 0.44552
-9.71433 0.0940926 0.448863 0.00288374 -9.5429 0.22544 0.44552
-9.45263 0.291852 0.446568 0.00141752 -9.5429 0.22544 0.44552
-9.87769 0.275737 0.441387 6.76151e-05 -9.5429 0.22544 0.44552
-9.69354 0.136635 0.451822 0.00397345 -9.5429 0.22544 0.44552
-9.58321 0.360207 0.44915 0.00414718 -9.5429 0.22544 0.44552
-9.69981 0.104125 0.443478 0.000596852 -9.5429 0.22544 0.44552
