136.73 20.9158 0.0587558 1.13573 136.75 20.912 0.059731
136.701 20.9158 0.0578741 0.942355 136.75 20.912 0.059731
136.469 20.955 0.0618494 0.971886 136.75 20.912 0.059731
136.671 20.9415 0.0590387 1.5915 136.75 20.912 0.059731
136.668 20.884 0.0643909 2.07164 136.75 20.912 0.059731
136.671 20.9415 0.0590387 1.5915 136.75 20.912 0.059731
136.899 21.0843 0.0550304 0.0980993 136.75 20.912 0.059731
136.559 20.9442 0.0604671 1.62457 136.75 20.912 0.059731
136.668 20.884 0.0643909 2.07164 136.75 20.912 0.059731
136.559 20.9442 0.0604671 1.62457 136.75 20.912 0.059731
136.469 20.955 0.0618494 0.971886 136.75 20.912 0.059731
136.617 20.7384 0.0651722 0.489499 136.75 20.912 0.059731
136.671 20.9415 0.0590387 1.5915 136.75 20.912 0.059731
136.677 20.774 0.0683199 0.40534 136.75 20.912 0.059731
136.671 20.9415 0.0590387 1.5915 136.75 20.912 0.059731
136.779 20.8251 0.0618494 0.665159 136.75 20.912 0.059731
136.668 20.884 0.0643909 2.07164 136.75 20.912 0.059731
136.668 20.884 0.0643909 2.07164 136.75 20.912 0.059731
136.671 20.9415 0.0590387 1.5915 136.75 20.912 0.059731
136.668 20.884 0.0643909 2.07164 136.75 20.912 0.059731
136.618 20.7209 0.0615199 0.25384 136.75 20.912 0.059731
136.549 20.873 0.0697144 0.636842 136.75 20.912 0.059731
136.668 20.884 0.0643909 2.07164 136.75 20.912 0.059731
136.817 20.8994 0.0663876 0.454162 136.75 20.912 0.059731
136.701 20.9158 0.0578741 0.942355 136.75 20.912 0.059731
136.536 21.005 0.0546102 0.138005 136.75 20.912 0.059731
136.701 20.9158 0.0578741 0.942355 136.75 20.912 0.059731
136.559 20.9442 0.0604671 1.62457 136.75 20.912 0.059731
136.817 20.8994 0.0663876 0.454162 136.75 20.912 0.059731
136.701 20.9158 0.0578741 0.942355 136.75 20.912 0.059731
136.534 20.734 0.0631681 0.301871 136.75 20.912 0.059731
136.668 20.884 0.0643909 2.07164 136.75 20.912 0.059731
136.53 20.7143 0.0680221 0.211505 136.75 20.912 0.059731
136.559 20.9442 0.0604671 1.62457 136.75 20.912 0.059731
136.671 20.9415 0.0590387 1.5915 136.75 20.912 0.059731
136.817 20.8994 0.0663876 0.454162 136.75 20.912 0.059731
136.668 20.884 0.0643909 2.07164 136.75 20.912 0.059731
136.668 20.884 0.0643909 2.07164 136.75 20.912 0.059731
136.671 20.9415 0.0590387 1.5915 136.75 20.912 0.059731
136.779 20.8251 0.0618494 0.665159 136.75 20.912 0.059731
136.536 21.005 0.0546102 0.138005 136.75 20.912 0.059731
136.668 20.884 0.0643909 2.07164 136.75 20.912 0.059731
136.559 20.9442 0.0604671 1.62457 136.75 20.912 0.059731
136.532 20.7842 0.0667407 0.633078 136.75 20.912 0.059731
136.817 20.8994 0.0663876 0.454162 136.75 20.912 0.059731
136.469 20.955 0.0618494 0.971886 136.75 20.912 0.059731
136.627 20.9738 0.0559519 0.519905 136.75 20.912 0.059731
136.671 20.9415 0.0590387 1.5915 136.75 20.912 0.059731
136.779 20.8251 0.0618494 0.665159 136.75 20.912 0.059731
136.559 20.9442 0.0604671 1.62457 136.75 20.912 0.059731
136.668 20.884 0.0643909 2.07164 136.75 20.912 0.059731
136.617 20.7384 0.0651722 0.489499 136.75 20.912 0.059731
136.677 20.774 0.0683199 0.40534 136.75 20.912 0.059731
136.588 20.7482 0.0631852 0.4918 136.75 20.912 0.059731
136.559 20.9442 0.0604671 1.62457 136.75 20.912 0.059731
136.671 20.9415 0.0590387 1.5915 136.75 20.912 0.059731
136.668 20.884 0.0643909 2.07164 136.75 20.912 0.059731
136.671 20.9415 0.0590387 1.5915 136.75 20.912 0.059731
136.73 20.9158 0.0587558 1.13573 136.75 20.912 0.059731
136.671 20.9415 0.0590387 1.5915 136.75 20.912 0.059731
136.668 20.884 0.0643909 2.07164 136.75 20.912 0.059731
136.627 20.9738 0.0559519 0.519905 136.75 20.912 0.059731
136.668 20.884 0.0643909 2.07164 136.75 20.912 0.059731
136.617 20.7712 0.0633127 0.735636 136.75 20.912 0.059731
136.701 20.9158 0.0578741 0.942355 136.75 20.912 0.059731
136.817 20.8994 0.0663876 0.454162 136.75 20.912 0.059731
136.671 20.9415 0.0590387 1.5915 136.75 20.912 0.059731
136.668 20.884 0.0643909 2.07164 136.75 20.912 0.059731
136.779 20.8251 0.0618494 0.665159 136.75 20.912 0.059731
136.677 20.774 0.0683199 0.40534 136.75 20.912 0.059731
136.588 20.7482 0.0631852 0.4918 136.75 20.912 0.059731
136.899 21.0843 0.0550304 0.0980993 136.75 20.912 0.059731
136.677 20.774 0.0683199 0.40534 136.75 20.912 0.059731
136.668 20.884 0.0643909 2.07164 136.75 20.912 0.059731
136.895 20.925 0.0666545 0.124518 136.75 20.912 0.059731
136.361 20.856 0.0696775 0.115579 136.75 20.912 0.059731
136.642 20.9906 0.0519026 0.0495808 136.75 20.912 0.059731
136.469 20.955 0.0618494 0.971886 136.75 20.912 0.059731
136.559 20.9442 0.0604671 1.62457 136.75 20.912 0.059731
136.469 20.955 0.0618494 0.971886 136.75 20.912 0.059731
136.707 20.6895 0.0705536 0.0494489 136.75 20.912 0.059731
136.701 20.9158 0.0578741 0.942355 136.75 20.912 0.059731
136.469 20.955 0.0618494 0.971886 136.75 20.912 0.059731
136.73 20.9158 0.0587558 1.13573 136.75 20.912 0.059731
136.549 20.873 0.0697144 0.636842 136.75 20.912 0.059731
136.668 20.884 0.0643909 2.07164 136.75 20.912 0.059731
136.671 20.9415 0.0590387 1.5915 136.75 20.912 0.059731
136.856 21.2516 0.0602735 0.0692056 136.75 20.912 0.059731
136.534 20.734 0.0631681 0.301871 136.75 20.912 0.059731
136.469 20.955 0.0618494 0.971886 136.75 20.912 0.059731
136.668 20.884 0.0643909 2.07164 136.75 20.912 0.059731
136.469 20.955 0.0618494 0.971886 136.75 20.912 0.059731
136.73 20.9158 0.0587558 1.13573 136.75 20.912 0.059731
136.559 20.9442 0.0604671 1.62457 136.75 20.912 0.059731
136.617 20.7384 0.0651722 0.489499 136.75 20.912 0.059731
136.61 21.0373 0.0710842 0.237408 136.75 20.912 0.059731
136.532 20.7842 0.0667407 0.633078 136.75 20.912 0.059731
136.627 20.9738 0.0559519 0.519905 136.75 20.912 0.059731
136.559 20.9442 0.0604671 1.62457 136.75 20.912 0.059731
136.899 21.0843 0.0550304 0.0980993 136.75 20.912 0.059731
136.668 20.884 0.0643909 2.07164 136.75 20.912 0.059731
136.559 20.9442 0.0604671 1.62457 136.75 20.912 0.059731
136.677 20.774 0.0683199 0.40534 136.75 20.912 0.059731
136.668 20.884 0.0643909 2.07164 136.75 20.912 0.059731
136.61 21.0373 0.0710842 0.237408 136.75 20.912 0.059731
136.53 20.7143 0.0680221 0.211505 136.75 20.912 0.059731
136.831 20.7343 0.0637779 0.117815 136.75 20.912 0.059731
136.668 20.884 0.0643909 2.07164 136.75 20.912 0.059731
136.671 20.9415 0.0590387 1.5915 136.75 20.912 0.059731
136.532 20.7842 0.0667407 0.633078 136.75 20.912 0.059731
136.668 20.884 0.0643909 2.07164 136.75 20.912 0.059731
136.73 20.9158 0.0587558 1.13573 136.75 20.912 0.059731
136.701 20.9158 0.0578741 0.942355 136.75 20.912 0.059731
136.469 20.955 0.0618494 0.971886 136.75 20.912 0.059731
136.827 21.2778 0.0515998 0.00764476 136.75 20.912 0.059731
136.549 20.873 0.0697144 0.636842 136.75 20.912 0.059731
136.84 20.8339 0.0516699 0.00712549 136.75 20.912 0.059731
136.534 20.734 0.0631681 0.301871 136.75 20.912 0.059731
136.559 20.9442 0.0604671 1.62457 136.75 20.912 0.059731
136.549 20.873 0.0697144 0.636842 136.75 20.912 0.059731
136.671 20.9415 0.0590387 1.5915 136.75 20.912 0.059731
136.469 20.955 0.0618494 0.971886 136.75 20.912 0.059731
136.534 20.734 0.0631681 0.301871 136.75 20.912 0.059731
136.61 21.0373 0.0710842 0.237408 136.75 20.912 0.059731
136.469 20.955 0.0618494 0.971886 136.75 20.912 0.059731
136.549 20.873 0.0697144 0.636842 136.75 20.912 0.059731
136.53 20.7143 0.0680221 0.211505 136.75 20.912 0.059731
136.617 20.7384 0.0651722 0.489499 136.75 20.912 0.059731
136.677 20.774 0.0683199 0.40534 136.75 20.912 0.059731
136.534 20.734 0.0631681 0.301871 136.75 20.912 0.059731
136.617 20.7384 0.0651722 0.489499 136.75 20.912 0.059731
136.668 20.884 0.0643909 2.07164 136.75 20.912 0.059731
136.618 20.7209 0.0615199 0.25384 136.75 20.912 0.059731
136.559 20.9442 0.0604671 1.62457 136.75 20.912 0.059731
136.671 20.9415 0.0590387 1.5915 136.75 20.912 0.059731
136.671 20.9415 0.0590387 1.5915 136.75 20.912 0.059731
136.707 20.6895 0.0705536 0.0494489 136.75 20.912 0.059731
136.618 20.7209 0.0615199 0.25384 136.75 20.912 0.059731
136.559 20.9442 0.0604671 1.62457 136.75 20.912 0.059731
136.618 20.7209 0.0615199 0.25384 136.75 20.912 0.059731
136.668 20.884 0.0643909 2.07164 136.75 20.912 0.059731
136.671 20.9415 0.0590387 1.5915 136.75 20.912 0.059731
136.559 20.9442 0.0604671 1.62457 136.75 20.912 0.059731
136.617 20.7712 0.0633127 0.735636 136.75 20.912 0.059731
136.536 21.005 0.0546102 0.138005 136.75 20.912 0.059731
136.532 20.7842 0.0667407 0.633078 136.75 20.912 0.059731
136.817 20.8994 0.0663876 0.454162 136.75 20.912 0.059731
136.817 20.8994 0.0663876 0.454162 136.75 20.912 0.059731
136.677 20.774 0.0683199 0.40534 136.75 20.912 0.059731
136.733 21.2063 0.0703113 0.0183948 136.75 20.912 0.059731
136.559 20.9442 0.0604671 1.62457 136.75 20.912 0.059731
136.817 20.8994 0.0663876 0.454162 136.75 20.912 0.059731
136.617 20.7712 0.0633127 0.735636 136.75 20.912 0.059731
136.823 20.7007 0.069052 0.0267109 136.75 20.912 0.059731
136.817 20.8994 0.0663876 0.454162 136.75 20.912 0.059731
136.677 20.774 0.0683199 0.40534 136.75 20.912 0.059731
136.549 20.873 0.0697144 0.636842 136.75 20.912 0.059731
136.701 20.9158 0.0578741 0.942355 136.75 20.912 0.059731
136.61 21.0373 0.0710842 0.237408 136.75 20.912 0.059731
136.469 20.955 0.0618494 0.971886 136.75 20.912 0.059731
136.469 20.955 0.0618494 0.971886 136.75 20.912 0.059731
136.617 20.7712 0.0633127 0.735636 136.75 20.912 0.059731
136.627 20.9738 0.0559519 0.519905 136.75 20.912 0.059731
136.668 20.884 0.0643909 2.07164 136.75 20.912 0.059731
136.617 20.7712 0.0633127 0.735636 136.75 20.912 0.059731
136.823 20.7007 0.069052 0.0267109 136.75 20.912 0.059731
136.559 20.9442 0.0604671 1.62457 136.75 20.912 0.059731
136.469 20.955 0.0618494 0.971886 136.75 20.912 0.059731
136.469 20.955 0.0618494 0.971886 136.75 20.912 0.059731
136.559 20.9442 0.0604671 1.62457 136.75 20.912 0.059731
136.73 20.9158 0.0587558 1.13573 136.75 20.912 0.059731
136.559 20.9442 0.0604671 1.62457 136.75 20.912 0.059731
136.617 20.7712 0.0633127 0.735636 136.75 20.912 0.059731
136.627 20.9738 0.0559519 0.519905 136.75 20.912 0.059731
136.668 20.884 0.0643909 2.07164 136.75 20.912 0.059731
136.559 20.9442 0.0604671 1.62457 136.75 20.912 0.059731
136.627 20.9738 0.0559519 0.519905 136.75 20.912 0.059731
136.469 20.955 0.0618494 0.971886 136.75 20.912 0.059731
136.817 20.8994 0.0663876 0.454162 136.75 20.912 0.059731
136.361 20.856 0.0696775 0.115579 136.75 20.912 0.059731
136.534 20.734 0.0631681 0.301871 136.75 20.912 0.059731
136.668 20.884 0.0643909 2.07164 136.75 20.912 0.059731
136.588 20.7482 0.0631852 0.4918 136.75 20.912 0.059731
136.469 20.955 0.0618494 0.971886 136.75 20.912 0.059731
136.617 20.7712 0.0633127 0.735636 136.75 20.912 0.059731
136.469 20.955 0.0618494 0.971886 136.75 20.912 0.059731
136.73 20.9158 0.0587558 1.13573 136.75 20.912 0.059731
136.779 20.8251 0.0618494 0.665159 136.75 20.912 0.059731
136.73 20.9158 0.0587558 1.13573 136.75 20.912 0.059731
136.701 20.9158 0.0578741 0.942355 136.75 20.912 0.059731
136.668 20.884 0.0643909 2.07164 136.75 20.912 0.059731
136.559 20.9442 0.0604671 1.62457 136.75 20.912 0.059731
136.73 20.9158 0.0587558 1.13573 136.75 20.912 0.059731
136.671 20.9415 0.0590387 1.5915 136.75 20.912 0.059731
136.534 20.734 0.0631681 0.301871 136.75 20.912 0.059731
136.701 20.9158 0.0578741 0.942355 136.75 20.912 0.059731
136.73 20.9158 0.0587558 1.13573 136.75 20.912 0.059731
136.701 20.9158 0.0578741 0.942355 136.75 20.912 0.059731
136.73 20.9158 0.0587558 1.13573 136.75 20.912 0.059731
136.549 20.873 0.0697144 0.636842 136.75 20.912 0.059731
