-28.3106 -85.3716 2.48065 0.631819 -28.182 -85.595 2.4791
-27.9337 -85.5131 2.48381 0.985804 -28.182 -85.595 2.4791
-27.9948 -85.4299 2.47459 2.51013 -28.182 -85.595 2.4791
-27.9948 -85.4299 2.47459 2.51013 -28.182 -85.595 2.4791
-27.9559 -85.636 2.48374 0.931328 -28.182 -85.595 2.4791
-28.2303 -85.371 2.47072 1.61382 -28.182 -85.595 2.4791
-27.9428 -85.5658 2.47993 1.78716 -28.182 -85.595 2.4791
-28.3106 -85.3716 2.48065 0.631819 -28.182 -85.595 2.4791
-28.2668 -85.3038 2.47439 1.97587 -28.182 -85.595 2.4791
-27.9733 -85.2262 2.47902 0.550351 -28.182 -85.595 2.4791
-27.9559 -85.636 2.48374 0.931328 -28.182 -85.595 2.4791
-28.0999 -85.2373 2.48168 0.378149 -28.182 -85.595 2.4791
-28.4598 -85.4115 2.46963 0.0993746 -28.182 -85.595 2.4791
-28.283 -85.4397 2.47323 1.84883 -28.182 -85.595 2.4791
-27.9733 -85.2262 2.47902 0.550351 -28.182 -85.595 2.4791
-27.9948 -85.4299 2.47459 2.51013 -28.182 -85.595 2.4791
-28.283 -85.4397 2.47323 1.84883 -28.182 -85.595 2.4791
-27.9559 -85.636 2.48374 0.931328 -28.182 -85.595 2.4791
-28.2214 -85.5479 2.47841 2.7058 -28.182 -85.595 2.4791
-27.9853 -85.4462 2.47983 2.85626 -28.182 -85.595 2.4791
-28.2515 -85.3543 2.47442 2.70001 -28.182 -85.595 2.4791
-28.0523 -85.5389 2.48386 1.63994 -28.182 -85.595 2.4791
-28.2515 -85.3543 2.47442 2.70001 -28.182 -85.595 2.4791
-28.3067 -85.3734 2.47189 1.33077 -28.182 -85.595 2.4791
-28.1671 -85.7219 2.47609 0.413648 -28.182 -85.595 2.4791
-27.9733 -85.2262 2.47902 0.550351 -28.182 -85.595 2.4791
-28.0877 -85.6196 2.4861 0.643492 -28.182 -85.595 2.4791
-28.0999 -85.2373 2.48168 0.378149 -28.182 -85.595 2.4791
-27.9853 -85.4462 2.47983 2.85626 -28.182 -85.595 2.4791
-28.0523 -85.5389 2.48386 1.63994 -28.182 -85.595 2.4791
-28.0565 -85.7181 2.47892 0.779272 -28.182 -85.595 2.4791
-28.185 -85.4419 2.477 4.39461 -28.182 -85.595 2.4791
-28.2214 -85.5479 2.47841 2.7058 -28.182 -85.595 2.4791
-28.185 -85.4419 2.477 4.39461 -28.182 -85.595 2.4791
-28.0523 -85.5389 2.48386 1.63994 -28.182 -85.595 2.4791
-28.2303 -85.371 2.47072 1.61382 -28.182 -85.595 2.4791
-28.2026 -85.5138 2.48245 1.62657 -28.182 -85.595 2.4791
-27.9853 -85.4462 2.47983 2.85626 -28.182 -85.595 2.4791
-28.0565 -85.7181 2.47892 0.779272 -28.182 -85.595 2.4791
-28.185 -85.4419 2.477 4.39461 -28.182 -85.595 2.4791
-27.8192 -85.5171 2.48386 0.287363 -28.182 -85.595 2.4791
-27.9207 -85.3831 2.47935 1.4334 -28.182 -85.595 2.4791
-28.064 -85.1531 2.47605 0.559403 -28.182 -85.595 2.4791
-28.0334 -85.4487 2.47747 4.19798 -28.182 -85.595 2.4791
-28.0334 -85.4487 2.47747 4.19798 -28.182 -85.595 2.4791
-28.0523 -85.5389 2.48386 1.63994 -28.182 -85.595 2.4791
-28.1831 -85.6837 2.48033 1.09562 -28.182 -85.595 2.4791
-27.9559 -85.636 2.48374 0.931328 -28.182 -85.595 2.4791
-27.8422 -85.5515 2.48026 0.608923 -28.182 -85.595 2.4791
-28.3142 -85.4918 2.48161 0.698466 -28.182 -85.595 2.4791
-28.2515 -85.3543 2.47442 2.70001 -28.182 -85.595 2.4791
-27.9559 -85.636 2.48374 0.931328 -28.182 -85.595 2.4791
-28.0523 -85.5389 2.48386 1.63994 -28.182 -85.595 2.4791
-28.185 -85.4419 2.477 4.39461 -28.182 -85.595 2.4791
-28.2214 -85.5479 2.47841 2.7058 -28.182 -85.595 2.4791
-27.9428 -85.5658 2.47993 1.78716 -28.182 -85.595 2.4791
-28.1211 -85.4693 2.46523 0.0453999 -28.182 -85.595 2.4791
-27.9207 -85.3831 2.47935 1.4334 -28.182 -85.595 2.4791
-28.3142 -85.4918 2.48161 0.698466 -28.182 -85.595 2.4791
-28.283 -85.4397 2.47323 1.84883 -28.182 -85.595 2.4791
-27.9948 -85.4299 2.47459 2.51013 -28.182 -85.595 2.4791
-28.2668 -85.3038 2.47439 1.97587 -28.182 -85.595 2.4791
-28.2214 -85.5479 2.47841 2.7058 -28.182 -85.595 2.4791
-28.064 -85.1531 2.47605 0.559403 -28.182 -85.595 2.4791
-27.8422 -85.5515 2.48026 0.608923 -28.182 -85.595 2.4791
-28.0334 -85.4487 2.47747 4.19798 -28.182 -85.595 2.4791
-28.2515 -85.3543 2.47442 2.70001 -28.182 -85.595 2.4791
-27.9555 -85.303 2.47819 1.3102 -28.182 -85.595 2.4791
-27.7805 -85.582 2.48105 0.205832 -28.182 -85.595 2.4791
-28.185 -85.4419 2.477 4.39461 -28.182 -85.595 2.4791
-28.5223 -85.5308 2.47341 0.0355283 -28.182 -85.595 2.4791
-28.2668 -85.3038 2.47439 1.97587 -28.182 -85.595 2.4791
-28.2515 -85.3543 2.47442 2.70001 -28.182 -85.595 2.4791
-28.0523 -85.5389 2.48386 1.63994 -28.182 -85.595 2.4791
-27.7805 -85.582 2.48105 0.205832 -28.182 -85.595 2.4791
-28.283 -85.4397 2.47323 1.84883 -28.182 -85.595 2.4791
-28.3067 -85.3734 2.47189 1.33077 -28.182 -85.595 2.4791
-28.0334 -85.4487 2.47747 4.19798 -28.182 -85.595 2.4791
-28.468 -85.4706 2.47214 0.123035 -28.182 -85.595 2.4791
-28.1765 -85.3332 2.48321 0.496391 -28.182 -85.595 2.4791
-27.937 -85.6692 2.48578 0.41788 -28.182 -85.595 2.4791
-28.284 -85.1791 2.47883 0.186256 -28.182 -85.595 2.4791
-28.0334 -85.4487 2.47747 4.19798 -28.182 -85.595 2.4791
-27.9559 -85.636 2.48374 0.931328 -28.182 -85.595 2.4791
-28.1765 -85.3332 2.48321 0.496391 -28.182 -85.595 2.4791
-28.2214 -85.5479 2.47841 2.7058 -28.182 -85.595 2.4791
-28.2303 -85.371 2.47072 1.61382 -28.182 -85.595 2.4791
-28.0334 -85.4487 2.47747 4.19798 -28.182 -85.595 2.4791
-27.9428 -85.5658 2.47993 1.78716 -28.182 -85.595 2.4791
-28.2193 -85.1998 2.46813 0.497604 -28.182 -85.595 2.4791
-28.2214 -85.5479 2.47841 2.7058 -28.182 -85.595 2.4791
-28.0317 -85.4802 2.48405 1.33045 -28.182 -85.595 2.4791
-27.8422 -85.5515 2.48026 0.608923 -28.182 -85.595 2.4791
-27.9555 -85.303 2.47819 1.3102 -28.182 -85.595 2.4791
-27.9559 -85.636 2.48374 0.931328 -28.182 -85.595 2.4791
-27.9555 -85.303 2.47819 1.3102 -28.182 -85.595 2.4791
-27.9853 -85.4462 2.47983 2.85626 -28.182 -85.595 2.4791
-28.2668 -85.3038 2.47439 1.97587 -28.182 -85.595 2.4791
-27.9853 -85.4462 2.47983 2.85626 -28.182 -85.595 2.4791
-27.9853 -85.4462 2.47983 2.85626 -28.182 -85.595 2.4791
-28.1765 -85.3332 2.48321 0.496391 -28.182 -85.595 2.4791
-28.2214 -85.5479 2.47841 2.7058 -28.182 -85.595 2.4791
-28.2668 -85.3038 2.47439 1.97587 -28.182 -85.595 2.4791
-27.9428 -85.5658 2.47993 1.78716 -28.182 -85.595 2.4791
-27.9853 -85.4462 2.47983 2.85626 -28.182 -85.595 2.4791
-28.0334 -85.4487 2.47747 4.19798 -28.182 -85.595 2.4791
-28.3828 -85.3667 2.47113 0.50785 -28.182 -85.595 2.4791
-28.0523 -85.5389 2.48386 1.63994 -28.182 -85.595 2.4791
-28.2515 -85.3543 2.47442 2.70001 -28.182 -85.595 2.4791
-28.1765 -85.3332 2.48321 0.496391 -28.182 -85.595 2.4791
-28.3106 -85.3716 2.48065 0.631819 -28.182 -85.595 2.4791
-28.3106 -85.3716 2.48065 0.631819 -28.182 -85.595 2.4791
-28.185 -85.4419 2.477 4.39461 -28.182 -85.595 2.4791
-28.4598 -85.4115 2.46963 0.0993746 -28.182 -85.595 2.4791
-28.0565 -85.7181 2.47892 0.779272 -28.182 -85.595 2.4791
-28.3067 -85.3734 2.47189 1.33077 -28.182 -85.595 2.4791
-28.0877 -85.6196 2.4861 0.643492 -28.182 -85.595 2.4791
-27.9948 -85.4299 2.47459 2.51013 -28.182 -85.595 2.4791
-27.9428 -85.5658 2.47993 1.78716 -28.182 -85.595 2.4791
-28.0523 -85.5389 2.48386 1.63994 -28.182 -85.595 2.4791
-27.9428 -85.5658 2.47993 1.78716 -28.182 -85.595 2.4791
-28.185 -85.4419 2.477 4.39461 -28.182 -85.595 2.4791
-28.2026 -85.5138 2.48245 1.62657 -28.182 -85.595 2.4791
-28.0523 -85.5389 2.48386 1.63994 -28.182 -85.595 2.4791
-28.0877 -85.6196 2.4861 0.643492 -28.182 -85.595 2.4791
-28.0317 -85.4802 2.48405 1.33045 -28.182 -85.595 2.4791
-27.9733 -85.2262 2.47902 0.550351 -28.182 -85.595 2.4791
-28.2515 -85.3543 2.47442 2.70001 -28.182 -85.595 2.4791
-27.9428 -85.5658 2.47993 1.78716 -28.182 -85.595 2.4791
-28.3067 -85.3734 2.47189 1.33077 -28.182 -85.595 2.4791
-27.9853 -85.4462 2.47983 2.85626 -28.182 -85.595 2.4791
-28.3106 -85.3716 2.48065 0.631819 -28.182 -85.595 2.4791
-28.0334 -85.4487 2.47747 4.19798 -28.182 -85.595 2.4791
-28.0334 -85.4487 2.47747 4.19798 -28.182 -85.595 2.4791
-28.2515 -85.3543 2.47442 2.70001 -28.182 -85.595 2.4791
-28.0523 -85.5389 2.48386 1.63994 -28.182 -85.595 2.4791
-28.0334 -85.4487 2.47747 4.19798 -28.182 -85.595 2.4791
-28.2515 -85.3543 2.47442 2.70001 -28.182 -85.595 2.4791
-28.064 -85.1531 2.47605 0.559403 -28.182 -85.595 2.4791
-27.9559 -85.636 2.48374 0.931328 -28.182 -85.595 2.4791
-27.9559 -85.636 2.48374 0.931328 -28.182 -85.595 2.4791
-28.2214 -85.5479 2.47841 2.7058 -28.182 -85.595 2.4791
-28.3067 -85.3734 2.47189 1.33077 -28.182 -85.595 2.4791
-27.9555 -85.303 2.47819 1.3102 -28.182 -85.595 2.4791
-28.0523 -85.5389 2.48386 1.63994 -28.182 -85.595 2.4791
-27.8533 -85.3755 2.486 0.0799027 -28.182 -85.595 2.4791
-28.0334 -85.4487 2.47747 4.19798 -28.182 -85.595 2.4791
-28.3067 -85.3734 2.47189 1.33077 -28.182 -85.595 2.4791
-28.185 -85.4419 2.477 4.39461 -28.182 -85.595 2.4791
-27.9948 -85.4299 2.47459 2.51013 -28.182 -85.595 2.4791
-28.0334 -85.4487 2.47747 4.19798 -28.182 -85.595 2.4791
-28.0565 -85.7181 2.47892 0.779272 -28.182 -85.595 2.4791
-27.937 -85.6692 2.48578 0.41788 -28.182 -85.595 2.4791
-27.9207 -85.3831 2.47935 1.4334 -28.182 -85.595 2.4791
-28.2303 -85.371 2.47072 1.61382 -28.182 -85.595 2.4791
-27.9948 -85.4299 2.47459 2.51013 -28.182 -85.595 2.4791
-28.283 -85.4397 2.47323 1.84883 -28.182 -85.595 2.4791
-28.2515 -85.3543 2.47442 2.70001 -28.182 -85.595 2.4791
-28.468 -85.4706 2.47214 0.123035 -28.182 -85.595 2.4791
-27.9559 -85.636 2.48374 0.931328 -28.182 -85.595 2.4791
-28.0334 -85.4487 2.47747 4.19798 -28.182 -85.595 2.4791
-27.9948 -85.4299 2.47459 2.51013 -28.182 -85.595 2.4791
-27.9948 -85.4299 2.47459 2.51013 -28.182 -85.595 2.4791
-28.2303 -85.371 2.47072 1.61382 -28.182 -85.595 2.4791
-28.1671 -85.7219 2.47609 0.413648 -28.182 -85.595 2.4791
-28.0334 -85.4487 2.47747 4.19798 -28.182 -85.595 2.4791
-28.1211 -85.4693 2.46523 0.0453999 -28.182 -85.595 2.4791
-28.283 -85.4397 2.47323 1.84883 -28.182 -85.595 2.4791
-28.2303 -85.371 2.47072 1.61382 -28.182 -85.595 2.4791
-27.9667 -85.7584 2.48114 0.362447 -28.182 -85.595 2.4791
-28.2668 -85.3038 2.47439 1.97587 -28.182 -85.595 2.4791
-28.0334 -85.4487 2.47747 4.19798 -28.182 -85.595 2.4791
-27.937 -85.6692 2.48578 0.41788 -28.182 -85.595 2.4791
-28.0317 -85.4802 2.48405 1.33045 -28.182 -85.595 2.4791
-27.8935 -85.8466 2.48232 0.0508553 -28.182 -85.595 2.4791
-27.9948 -85.4299 2.47459 2.51013 -28.182 -85.595 2.4791
-28.1831 -85.6837 2.48033 1.09562 -28.182 -85.595 2.4791
-28.0565 -85.7181 2.47892 0.779272 -28.182 -85.595 2.4791
-28.5223 -85.5308 2.47341 0.0355283 -28.182 -85.595 2.4791
-27.9428 -85.5658 2.47993 1.78716 -28.182 -85.595 2.4791
-28.2303 -85.371 2.47072 1.61382 -28.182 -85.595 2.4791
-28.064 -85.1531 2.47605 0.559403 -28.182 -85.595 2.4791
-27.9555 -85.303 2.47819 1.3102 -28.182 -85.595 2.4791
-27.9207 -85.3831 2.47935 1.4334 -28.182 -85.595 2.4791
-28.3067 -85.3734 2.47189 1.33077 -28.182 -85.595 2.4791
-28.0334 -85.4487 2.47747 4.19798 -28.182 -85.595 2.4791
-27.9207 -85.3831 2.47935 1.4334 -28.182 -85.595 2.4791
-28.2026 -85.5138 2.48245 1.62657 -28.182 -85.595 2.4791
-28.2668 -85.3038 2.47439 1.97587 -28.182 -85.595 2.4791
-28.0317 -85.4802 2.48405 1.33045 -28.182 -85.595 2.4791
-27.8422 -85.5515 2.48026 0.608923 -28.182 -85.595 2.4791
-28.185 -85.4419 2.477 4.39461 -28.182 -85.595 2.4791
-28.185 -85.4419 2.477 4.39461 -28.182 -85.595 2.4791
-28.2303 -85.371 2.47072 1.61382 -28.182 -85.595 2.4791
-28.3142 -85.4918 2.48161 0.698466 -28.182 -85.595 2.4791
-27.9733 -85.2262 2.47902 0.550351 -28.182 -85.595 2.4791
-28.2515 -85.3543 2.47442 2.70001 -28.182 -85.595 2.4791
-28.0565 -85.7181 2.47892 0.779272 -28.182 -85.595 2.4791
-28.2668 -85.3038 2.47439 1.97587 -28.182 -85.595 2.4791
-28.3067 -85.3734 2.47189 1.33077 -28.182 -85.595 2.4791
