213.69 25.7781 0.0737772 0.000588866 213.64 25.992 0.074871
213.71 25.97 0.0733674 0.00365614 213.64 25.992 0.074871
213.921 25.7897 0.0709896 0.000659859 213.64 25.992 0.074871
213.71 25.97 0.0733674 0.00365614 213.64 25.992 0.074871
213.914 25.8071 0.0630178 0.000113937 213.64 25.992 0.074871
213.767 25.9038 0.0673292 0.00166543 213.64 25.992 0.074871
213.682 26.1074 0.0752516 0.00153879 213.64 25.992 0.074871
213.909 25.9989 0.0689376 0.0019841 213.64 25.992 0.074871
213.909 25.9989 0.0689376 0.0019841 213.64 25.992 0.074871
213.71 25.97 0.0733674 0.00365614 213.64 25.992 0.074871
213.71 25.97 0.0733674 0.00365614 213.64 25.992 0.074871
213.71 25.97 0.0733674 0.00365614 213.64 25.992 0.074871
213.71 25.97 0.0733674 0.00365614 213.64 25.992 0.074871
213.796 26.036 0.0698135 0.00305658 213.64 25.992 0.074871
213.71 25.97 0.0733674 0.00365614 213.64 25.992 0.074871
213.945 25.8327 0.0743704 0.00041356 213.64 25.992 0.074871
213.758 25.9574 0.0752635 0.00296635 213.64 25.992 0.074871
213.767 25.9038 0.0673292 0.00166543 213.64 25.992 0.074871
213.921 25.7897 0.0709896 0.000659859 213.64 25.992 0.074871
213.909 25.9989 0.0689376 0.0019841 213.64 25.992 0.074871
213.921 25.7897 0.0709896 0.000659859 213.64 25.992 0.074871
213.418 25.834 0.0701479 7.64508e-06 213.64 25.992 0.074871
213.796 26.036 0.0698135 0.00305658 213.64 25.992 0.074871
213.718 26.0042 0.0769997 0.00179848 213.64 25.992 0.074871
213.767 25.9038 0.0673292 0.00166543 213.64 25.992 0.074871
213.767 25.9038 0.0673292 0.00166543 213.64 25.992 0.074871
213.595 25.965 0.0746279 0.00114424 213.64 25.992 0.074871
213.637 25.9642 0.0770662 0.00106113 213.64 25.992 0.074871
213.687 25.9896 0.0795876 0.000498277 213.64 25.992 0.074871
213.71 25.97 0.0733674 0.00365614 213.64 25.992 0.074871
213.682 26.1074 0.0752516 0.00153879 213.64 25.992 0.074871
213.796 26.036 0.0698135 0.00305658 213.64 25.992 0.074871
213.909 25.9989 0.0689376 0.0019841 213.64 25.992 0.074871
213.682 26.1074 0.0752516 0.00153879 213.64 25.992 0.074871
213.926 25.9455 0.0696343 0.00200381 213.64 25.992 0.074871
213.909 25.9989 0.0689376 0.0019841 213.64 25.992 0.074871
213.767 25.9038 0.0673292 0.00166543 213.64 25.992 0.074871
213.796 26.036 0.0698135 0.00305658 213.64 25.992 0.074871
213.796 26.036 0.0698135 0.00305658 213.64 25.992 0.074871
213.796 26.036 0.0698135 0.00305658 213.64 25.992 0.074871
213.595 25.965 0.0746279 0.00114424 213.64 25.992 0.074871
213.479 26.0188 0.0728494 0.000131982 213.64 25.992 0.074871
213.651 25.8754 0.0809665 7.7133e-05 213.64 25.992 0.074871
213.682 26.1074 0.0752516 0.00153879 213.64 25.992 0.074871
213.909 25.9989 0.0689376 0.0019841 213.64 25.992 0.074871
213.909 25.9989 0.0689376 0.0019841 213.64 25.992 0.074871
213.682 26.1074 0.0752516 0.00153879 213.64 25.992 0.074871
213.796 26.036 0.0698135 0.00305658 213.64 25.992 0.074871
213.637 25.9642 0.0770662 0.00106113 213.64 25.992 0.074871
213.71 25.97 0.0733674 0.00365614 213.64 25.992 0.074871
213.71 25.97 0.0733674 0.00365614 213.64 25.992 0.074871
213.637 25.9642 0.0770662 0.00106113 213.64 25.992 0.074871
213.71 25.97 0.0733674 0.00365614 213.64 25.992 0.074871
213.796 26.036 0.0698135 0.00305658 213.64 25.992 0.074871
213.682 26.1074 0.0752516 0.00153879 213.64 25.992 0.074871
213.718 26.0042 0.0769997 0.00179848 213.64 25.992 0.074871
213.758 25.9574 0.0752635 0.00296635 213.64 25.992 0.074871
213.71 25.97 0.0733674 0.00365614 213.64 25.992 0.074871
213.595 25.965 0.0746279 0.00114424 213.64 25.992 0.074871
213.758 25.9574 0.0752635 0.00296635 213.64 25.992 0.074871
213.682 26.1074 0.0752516 0.00153879 213.64 25.992 0.074871
213.796 26.036 0.0698135 0.00305658 213.64 25.992 0.074871
213.758 25.9574 0.0752635 0.00296635 213.64 25.992 0.074871
213.796 26.036 0.0698135 0.00305658 213.64 25.992 0.074871
213.718 26.0042 0.0769997 0.00179848 213.64 25.992 0.074871
213.71 25.97 0.0733674 0.00365614 213.64 25.992 0.074871
213.926 25.9455 0.0696343 0.00200381 213.64 25.992 0.074871
213.758 25.9574 0.0752635 0.00296635 213.64 25.992 0.074871
213.971 25.8464 0.0665978 0.000463168 213.64 25.992 0.074871
213.909 25.9989 0.0689376 0.0019841 213.64 25.992 0.074871
213.758 25.9574 0.0752635 0.00296635 213.64 25.992 0.074871
213.767 25.9038 0.0673292 0.00166543 213.64 25.992 0.074871
213.926 25.9455 0.0696343 0.00200381 213.64 25.992 0.074871
213.944 25.7181 0.0702427 0.000168278 213.64 25.992 0.074871
213.909 25.9989 0.0689376 0.0019841 213.64 25.992 0.074871
213.595 25.965 0.0746279 0.00114424 213.64 25.992 0.074871
213.926 25.9455 0.0696343 0.00200381 213.64 25.992 0.074871
213.71 25.97 0.0733674 0.00365614 213.64 25.992 0.074871
213.637 25.9642 0.0770662 0.00106113 213.64 25.992 0.074871
213.767 25.9038 0.0673292 0.00166543 213.64 25.992 0.074871
213.71 25.97 0.0733674 0.00365614 213.64 25.992 0.074871
213.479 26.0188 0.0728494 0.000131982 213.64 25.992 0.074871
213.758 25.9574 0.0752635 0.00296635 213.64 25.992 0.074871
213.687 25.9896 0.0795876 0.000498277 213.64 25.992 0.074871
213.641 25.8092 0.0670296 0.000246855 213.64 25.992 0.074871
213.758 25.9574 0.0752635 0.00296635 213.64 25.992 0.074871
213.909 25.9989 0.0689376 0.0019841 213.64 25.992 0.074871
213.682 26.1074 0.0752516 0.00153879 213.64 25.992 0.074871
213.637 25.9642 0.0770662 0.00106113 213.64 25.992 0.074871
213.926 25.9455 0.0696343 0.00200381 213.64 25.992 0.074871
213.796 26.036 0.0698135 0.00305658 213.64 25.992 0.074871
213.758 25.9574 0.0752635 0.00296635 213.64 25.992 0.074871
213.637 25.9642 0.0770662 0.00106113 213.64 25.992 0.074871
213.767 25.9038 0.0673292 0.00166543 213.64 25.992 0.074871
213.682 26.1074 0.0752516 0.00153879 213.64 25.992 0.074871
213.682 26.1074 0.0752516 0.00153879 213.64 25.992 0.074871
213.909 25.9989 0.0689376 0.0019841 213.64 25.992 0.074871
213.718 26.0042 0.0769997 0.00179848 213.64 25.992 0.074871
213.718 26.0042 0.0769997 0.00179848 213.64 25.992 0.074871
213.69 25.7781 0.0737772 0.000588866 213.64 25.992 0.074871
213.682 26.1074 0.0752516 0.00153879 213.64 25.992 0.074871
213.637 25.9642 0.0770662 0.00106113 213.64 25.992 0.074871
213.595 25.965 0.0746279 0.00114424 213.64 25.992 0.074871
213.926 25.9455 0.0696343 0.00200381 213.64 25.992 0.074871
213.642 25.9774 0.0795847 0.000387346 213.64 25.992 0.074871
213.758 25.9574 0.0752635 0.00296635 213.64 25.992 0.074871
213.71 25.97 0.0733674 0.00365614 213.64 25.992 0.074871
213.926 25.9455 0.0696343 0.00200381 213.64 25.992 0.074871
213.758 25.9574 0.0752635 0.00296635 213.64 25.992 0.074871
213.911 25.6876 0.0686212 0.000125854 213.64 25.992 0.074871
213.796 26.036 0.0698135 0.00305658 213.64 25.992 0.074871
213.926 25.9455 0.0696343 0.00200381 213.64 25.992 0.074871
213.926 25.9455 0.0696343 0.00200381 213.64 25.992 0.074871
213.71 25.97 0.0733674 0.00365614 213.64 25.992 0.074871
213.71 25.97 0.0733674 0.00365614 213.64 25.992 0.074871
213.637 25.9642 0.0770662 0.00106113 213.64 25.992 0.074871
213.909 25.9989 0.0689376 0.0019841 213.64 25.992 0.074871
213.637 25.9642 0.0770662 0.00106113 213.64 25.992 0.074871
213.796 26.036 0.0698135 0.00305658 213.64 25.992 0.074871
213.71 25.97 0.0733674 0.00365614 213.64 25.992 0.074871
213.758 25.9574 0.0752635 0.00296635 213.64 25.992 0.074871
213.758 25.9574 0.0752635 0.00296635 213.64 25.992 0.074871
213.66 25.8454 0.0768656 0.000527453 213.64 25.992 0.074871
213.71 25.97 0.0733674 0.00365614 213.64 25.992 0.074871
213.71 25.97 0.0733674 0.00365614 213.64 25.992 0.074871
213.758 25.9574 0.0752635 0.00296635 213.64 25.992 0.074871
213.796 26.036 0.0698135 0.00305658 213.64 25.992 0.074871
213.718 26.0042 0.0769997 0.00179848 213.64 25.992 0.074871
213.909 25.9989 0.0689376 0.0019841 213.64 25.992 0.074871
213.71 25.97 0.0733674 0.00365614 213.64 25.992 0.074871
213.796 26.036 0.0698135 0.00305658 213.64 25.992 0.074871
213.71 25.97 0.0733674 0.00365614 213.64 25.992 0.074871
213.682 26.1074 0.0752516 0.00153879 213.64 25.992 0.074871
213.71 25.97 0.0733674 0.00365614 213.64 25.992 0.074871
213.796 26.036 0.0698135 0.00305658 213.64 25.992 0.074871
213.758 25.9574 0.0752635 0.00296635 213.64 25.992 0.074871
213.596 25.9684 0.0825016 3.98502e-05 213.64 25.992 0.074871
213.796 26.036 0.0698135 0.00305658 213.64 25.992 0.074871
213.71 25.97 0.0733674 0.00365614 213.64 25.992 0.074871
213.718 26.0042 0.0769997 0.00179848 213.64 25.992 0.074871
213.637 25.9642 0.0770662 0.00106113 213.64 25.992 0.074871
213.718 26.0042 0.0769997 0.00179848 213.64 25.992 0.074871
213.479 26.0188 0.0728494 0.000131982 213.64 25.992 0.074871
213.631 25.6928 0.0700872 7.75222e-05 213.64 25.992 0.074871
213.796 26.036 0.0698135 0.00305658 213.64 25.992 0.074871
213.926 25.9455 0.0696343 0.00200381 213.64 25.992 0.074871
213.71 25.97 0.0733674 0.00365614 213.64 25.992 0.074871
213.69 25.7781 0.0737772 0.000588866 213.64 25.992 0.074871
213.909 25.9989 0.0689376 0.0019841 213.64 25.992 0.074871
213.796 26.036 0.0698135 0.00305658 213.64 25.992 0.074871
213.682 26.1074 0.0752516 0.00153879 213.64 25.992 0.074871
213.796 26.036 0.0698135 0.00305658 213.64 25.992 0.074871
213.71 25.97 0.0733674 0.00365614 213.64 25.992 0.074871
213.69 25.7781 0.0737772 0.000588866 213.64 25.992 0.074871
213.682 26.1074 0.0752516 0.00153879 213.64 25.992 0.074871
213.545 26.1168 0.0723899 0.000248363 213.64 25.992 0.074871
213.71 25.97 0.0733674 0.00365614 213.64 25.992 0.074871
213.595 25.965 0.0746279 0.00114424 213.64 25.992 0.074871
213.71 25.97 0.0733674 0.00365614 213.64 25.992 0.074871
213.758 25.9574 0.0752635 0.00296635 213.64 25.992 0.074871
213.886 25.6097 0.070908 2.08987e-05 213.64 25.992 0.074871
213.945 25.8327 0.0743704 0.00041356 213.64 25.992 0.074871
213.758 25.9574 0.0752635 0.00296635 213.64 25.992 0.074871
213.631 25.6928 0.0700872 7.75222e-05 213.64 25.992 0.074871
213.637 25.9642 0.0770662 0.00106113 213.64 25.992 0.074871
213.796 26.036 0.0698135 0.00305658 213.64 25.992 0.074871
213.911 25.6876 0.0686212 0.000125854 213.64 25.992 0.074871
213.682 26.1074 0.0752516 0.00153879 213.64 25.992 0.074871
213.718 26.0042 0.0769997 0.00179848 213.64 25.992 0.074871
213.66 25.8454 0.0768656 0.000527453 213.64 25.992 0.074871
213.718 26.0042 0.0769997 0.00179848 213.64 25.992 0.074871
213.758 25.9574 0.0752635 0.00296635 213.64 25.992 0.074871
213.758 25.9574 0.0752635 0.00296635 213.64 25.992 0.074871
213.926 25.9455 0.0696343 0.00200381 213.64 25.992 0.074871
213.71 25.97 0.0733674 0.00365614 213.64 25.992 0.074871
213.796 26.036 0.0698135 0.00305658 213.64 25.992 0.074871
213.71 25.97 0.0733674 0.00365614 213.64 25.992 0.074871
213.909 25.9989 0.0689376 0.0019841 213.64 25.992 0.074871
213.71 25.97 0.0733674 0.00365614 213.64 25.992 0.074871
213.926 25.9455 0.0696343 0.00200381 213.64 25.992 0.074871
213.758 25.9574 0.0752635 0.00296635 213.64 25.992 0.074871
213.71 25.97 0.0733674 0.00365614 213.64 25.992 0.074871
213.796 26.036 0.0698135 0.00305658 213.64 25.992 0.074871
213.682 26.1074 0.0752516 0.00153879 213.64 25.992 0.074871
213.71 25.97 0.0733674 0.00365614 213.64 25.992 0.074871
213.767 25.9038 0.0673292 0.00166543 213.64 25.992 0.074871
213.926 25.9455 0.0696343 0.00200381 213.64 25.992 0.074871
213.758 25.9574 0.0752635 0.00296635 213.64 25.992 0.074871
213.637 25.9642 0.0770662 0.00106113 213.64 25.992 0.074871
213.66 25.8454 0.0768656 0.000527453 213.64 25.992 0.074871
213.796 26.036 0.0698135 0.00305658 213.64 25.992 0.074871
213.595 25.965 0.0746279 0.00114424 213.64 25.992 0.074871
213.637 25.9642 0.0770662 0.00106113 213.64 25.992 0.074871
213.637 25.9642 0.0770662 0.00106113 213.64 25.992 0.074871
214.103 25.9857 0.0710534 0.000101051 213.64 25.992 0.074871
213.71 25.97 0.0733674 0.00365614 213.64 25.992 0.074871
213.909 25.9989 0.0689376 0.0019841 213.64 25.992 0.074871
213.926 25.9455 0.0696343 0.00200381 213.64 25.992 0.074871
213.921 25.7897 0.0709896 0.000659859 213.64 25.992 0.074871
213.595 25.965 0.0746279 0.00114424 213.64 25.992 0.074871
