46.4139 -65.2494 3.94421 0.014238 46.581 -65.244 3.948
46.5755 -65.2634 3.95267 0.00249722 46.581 -65.244 3.948
46.3837 -65.2567 3.94527 0.0126248 46.581 -65.244 3.948
46.5643 -65.4239 3.94361 0.00954386 46.581 -65.244 3.948
46.4803 -65.1935 3.94915 0.00632329 46.581 -65.244 3.948
46.5876 -65.5106 3.94066 0.00111741 46.581 -65.244 3.948
46.4284 -65.176 3.94302 0.00458924 46.581 -65.244 3.948
46.4043 -65.3418 3.9504 0.00418254 46.581 -65.244 3.948
46.3837 -65.2567 3.94527 0.0126248 46.581 -65.244 3.948
46.3837 -65.2567 3.94527 0.0126248 46.581 -65.244 3.948
46.4139 -65.2494 3.94421 0.014238 46.581 -65.244 3.948
46.4043 -65.3418 3.9504 0.00418254 46.581 -65.244 3.948
46.3694 -65.4474 3.94656 0.00613 46.581 -65.244 3.948
46.4139 -65.2494 3.94421 0.014238 46.581 -65.244 3.948
46.3837 -65.2567 3.94527 0.0126248 46.581 -65.244 3.948
46.5659 -65.1042 3.94965 0.00117356 46.581 -65.244 3.948
46.3837 -65.2567 3.94527 0.0126248 46.581 -65.244 3.948
46.2057 -65.5267 3.94367 0.000203078 46.581 -65.244 3.948
46.6495 -65.2696 3.94199 0.0013253 46.581 -65.244 3.948
46.5755 -65.2634 3.95267 0.00249722 46.581 -65.244 3.948
46.5643 -65.4239 3.94361 0.00954386 46.581 -65.244 3.948
46.4803 -65.1935 3.94915 0.00632329 46.581 -65.244 3.948
46.4827 -65.1454 3.94389 0.00317023 46.581 -65.244 3.948
46.4284 -65.176 3.94302 0.00458924 46.581 -65.244 3.948
46.4139 -65.2494 3.94421 0.014238 46.581 -65.244 3.948
46.6573 -65.2927 3.94391 0.00286941 46.581 -65.244 3.948
46.4139 -65.2494 3.94421 0.014238 46.581 -65.244 3.948
46.4803 -65.1935 3.94915 0.00632329 46.581 -65.244 3.948
46.4803 -65.1935 3.94915 0.00632329 46.581 -65.244 3.948
46.5643 -65.4239 3.94361 0.00954386 46.581 -65.244 3.948
46.5779 -65.1408 3.94131 0.000457133 46.581 -65.244 3.948
46.3694 -65.4474 3.94656 0.00613 46.581 -65.244 3.948
46.4803 -65.1935 3.94915 0.00632329 46.581 -65.244 3.948
46.5779 -65.1408 3.94131 0.000457133 46.581 -65.244 3.948
46.4284 -65.176 3.94302 0.00458924 46.581 -65.244 3.948
46.3837 -65.2567 3.94527 0.0126248 46.581 -65.244 3.948
46.6573 -65.2927 3.94391 0.00286941 46.581 -65.244 3.948
46.6568 -65.2658 3.94474 0.00309248 46.581 -65.244 3.948
46.5643 -65.4239 3.94361 0.00954386 46.581 -65.244 3.948
46.5643 -65.4239 3.94361 0.00954386 46.581 -65.244 3.948
46.3837 -65.2567 3.94527 0.0126248 46.581 -65.244 3.948
46.4043 -65.3418 3.9504 0.00418254 46.581 -65.244 3.948
46.3694 -65.4474 3.94656 0.00613 46.581 -65.244 3.948
46.3694 -65.4474 3.94656 0.00613 46.581 -65.244 3.948
46.4284 -65.176 3.94302 0.00458924 46.581 -65.244 3.948
46.4043 -65.3418 3.9504 0.00418254 46.581 -65.244 3.948
46.4043 -65.3418 3.9504 0.00418254 46.581 -65.244 3.948
46.2503 -65.4818 3.9462 0.000568229 46.581 -65.244 3.948
46.3837 -65.2567 3.94527 0.0126248 46.581 -65.244 3.948
46.3837 -65.2567 3.94527 0.0126248 46.581 -65.244 3.948
46.4139 -65.2494 3.94421 0.014238 46.581 -65.244 3.948
46.5779 -65.1408 3.94131 0.000457133 46.581 -65.244 3.948
46.4139 -65.2494 3.94421 0.014238 46.581 -65.244 3.948
46.3837 -65.2567 3.94527 0.0126248 46.581 -65.244 3.948
46.5643 -65.4239 3.94361 0.00954386 46.581 -65.244 3.948
46.4139 -65.2494 3.94421 0.014238 46.581 -65.244 3.948
46.3837 -65.2567 3.94527 0.0126248 46.581 -65.244 3.948
46.2503 -65.4818 3.9462 0.000568229 46.581 -65.244 3.948
46.3837 -65.2567 3.94527 0.0126248 46.581 -65.244 3.948
46.4827 -65.1454 3.94389 0.00317023 46.581 -65.244 3.948
46.3837 -65.2567 3.94527 0.0126248 46.581 -65.244 3.948
46.3694 -65.4474 3.94656 0.00613 46.581 -65.244 3.948
46.3694 -65.4474 3.94656 0.00613 46.581 -65.244 3.948
46.4139 -65.2494 3.94421 0.014238 46.581 -65.244 3.948
46.4284 -65.176 3.94302 0.00458924 46.581 -65.244 3.948
46.4803 -65.1935 3.94915 0.00632329 46.581 -65.244 3.948
46.4803 -65.1935 3.94915 0.00632329 46.581 -65.244 3.948
46.4139 -65.2494 3.94421 0.014238 46.581 -65.244 3.948
46.6568 -65.2658 3.94474 0.00309248 46.581 -65.244 3.948
46.4139 -65.2494 3.94421 0.014238 46.581 -65.244 3.948
46.6219 -65.1404 3.9469 0.00156386 46.581 -65.244 3.948
46.5514 -65.2246 3.93678 0.000126 46.581 -65.244 3.948
46.4803 -65.1935 3.94915 0.00632329 46.581 -65.244 3.948
46.4043 -65.3418 3.9504 0.00418254 46.581 -65.244 3.948
46.6573 -65.2927 3.94391 0.00286941 46.581 -65.244 3.948
46.4043 -65.3418 3.9504 0.00418254 46.581 -65.244 3.948
46.3837 -65.2567 3.94527 0.0126248 46.581 -65.244 3.948
46.3837 -65.2567 3.94527 0.0126248 46.581 -65.244 3.948
46.4803 -65.1935 3.94915 0.00632329 46.581 -65.244 3.948
46.6633 -65.3525 3.94312 0.00226542 46.581 -65.244 3.948
46.4139 -65.2494 3.94421 0.014238 46.581 -65.244 3.948
46.3837 -65.2567 3.94527 0.0126248 46.581 -65.244 3.948
46.6219 -65.1404 3.9469 0.00156386 46.581 -65.244 3.948
46.6568 -65.2658 3.94474 0.00309248 46.581 -65.244 3.948
46.3837 -65.2567 3.94527 0.0126248 46.581 -65.244 3.948
46.4284 -65.176 3.94302 0.00458924 46.581 -65.244 3.948
46.3837 -65.2567 3.94527 0.0126248 46.581 -65.244 3.948
46.2503 -65.4818 3.9462 0.000568229 46.581 -65.244 3.948
46.6219 -65.1404 3.9469 0.00156386 46.581 -65.244 3.948
46.3694 -65.4474 3.94656 0.00613 46.581 -65.244 3.948
46.3694 -65.4474 3.94656 0.00613 46.581 -65.244 3.948
46.4139 -65.2494 3.94421 0.014238 46.581 -65.244 3.948
46.4827 -65.1454 3.94389 0.00317023 46.581 -65.244 3.948
46.7469 -65.2407 3.94664 0.000494009 46.581 -65.244 3.948
46.5643 -65.4239 3.94361 0.00954386 46.581 -65.244 3.948
46.4803 -65.1935 3.94915 0.00632329 46.581 -65.244 3.948
46.4139 -65.2494 3.94421 0.014238 46.581 -65.244 3.948
46.4139 -65.2494 3.94421 0.014238 46.581 -65.244 3.948
46.6568 -65.2658 3.94474 0.00309248 46.581 -65.244 3.948
46.5876 -65.5106 3.94066 0.00111741 46.581 -65.244 3.948
46.4803 -65.1935 3.94915 0.00632329 46.581 -65.244 3.948
46.4803 -65.1935 3.94915 0.00632329 46.581 -65.244 3.948
46.6702 -65.5902 3.94692 0.000130025 46.581 -65.244 3.948
46.2625 -65.2254 3.94358 0.00174647 46.581 -65.244 3.948
46.5643 -65.4239 3.94361 0.00954386 46.581 -65.244 3.948
46.4803 -65.1935 3.94915 0.00632329 46.581 -65.244 3.948
46.4139 -65.2494 3.94421 0.014238 46.581 -65.244 3.948
46.4139 -65.2494 3.94421 0.014238 46.581 -65.244 3.948
46.3837 -65.2567 3.94527 0.0126248 46.581 -65.244 3.948
46.5643 -65.4239 3.94361 0.00954386 46.581 -65.244 3.948
46.6573 -65.2927 3.94391 0.00286941 46.581 -65.244 3.948
46.3694 -65.4474 3.94656 0.00613 46.581 -65.244 3.948
46.3837 -65.2567 3.94527 0.0126248 46.581 -65.244 3.948
46.4803 -65.1935 3.94915 0.00632329 46.581 -65.244 3.948
46.5643 -65.4239 3.94361 0.00954386 46.581 -65.244 3.948
46.4284 -65.176 3.94302 0.00458924 46.581 -65.244 3.948
46.3837 -65.2567 3.94527 0.0126248 46.581 -65.244 3.948
46.4139 -65.2494 3.94421 0.014238 46.581 -65.244 3.948
46.5643 -65.4239 3.94361 0.00954386 46.581 -65.244 3.948
46.4139 -65.2494 3.94421 0.014238 46.581 -65.244 3.948
46.4417 -65.5628 3.94253 0.0021812 46.581 -65.244 3.948
46.5643 -65.4239 3.94361 0.00954386 46.581 -65.244 3.948
46.5755 -65.2634 3.95267 0.00249722 46.581 -65.244 3.948
46.4043 -65.3418 3.9504 0.00418254 46.581 -65.244 3.948
46.3694 -65.4474 3.94656 0.00613 46.581 -65.244 3.948
46.7817 -65.33 3.94483 0.000176104 46.581 -65.244 3.948
46.4043 -65.3418 3.9504 0.00418254 46.581 -65.244 3.948
46.5643 -65.4239 3.94361 0.00954386 46.581 -65.244 3.948
46.3837 -65.2567 3.94527 0.0126248 46.581 -65.244 3.948
46.4139 -65.2494 3.94421 0.014238 46.581 -65.244 3.948
46.4043 -65.3418 3.9504 0.00418254 46.581 -65.244 3.948
46.3837 -65.2567 3.94527 0.0126248 46.581 -65.244 3.948
46.3694 -65.4474 3.94656 0.00613 46.581 -65.244 3.948
46.3837 -65.2567 3.94527 0.0126248 46.581 -65.244 3.948
46.4043 -65.3418 3.9504 0.00418254 46.581 -65.244 3.948
46.3837 -65.2567 3.94527 0.0126248 46.581 -65.244 3.948
46.5755 -65.2634 3.95267 0.00249722 46.581 -65.244 3.948
46.4803 -65.1935 3.94915 0.00632329 46.581 -65.244 3.948
46.4284 -65.176 3.94302 0.00458924 46.581 -65.244 3.948
46.5876 -65.5106 3.94066 0.00111741 46.581 -65.244 3.948
46.6573 -65.2927 3.94391 0.00286941 46.581 -65.244 3.948
46.4284 -65.176 3.94302 0.00458924 46.581 -65.244 3.948
46.2625 -65.2254 3.94358 0.00174647 46.581 -65.244 3.948
46.6573 -65.2927 3.94391 0.00286941 46.581 -65.244 3.948
46.3837 -65.2567 3.94527 0.0126248 46.581 -65.244 3.948
46.7047 -65.0695 3.94642 6.62416e-05 46.581 -65.244 3.948
46.4139 -65.2494 3.94421 0.014238 46.581 -65.244 3.948
46.4139 -65.2494 3.94421 0.014238 46.581 -65.244 3.948
46.4803 -65.1935 3.94915 0.00632329 46.581 -65.244 3.948
46.4139 -65.2494 3.94421 0.014238 46.581 -65.244 3.948
46.5643 -65.4239 3.94361 0.00954386 46.581 -65.244 3.948
46.4284 -65.176 3.94302 0.00458924 46.581 -65.244 3.948
46.4827 -65.1454 3.94389 0.00317023 46.581 -65.244 3.948
46.5755 -65.2634 3.95267 0.00249722 46.581 -65.244 3.948
46.4139 -65.2494 3.94421 0.014238 46.581 -65.244 3.948
46.6573 -65.2927 3.94391 0.00286941 46.581 -65.244 3.948
46.4139 -65.2494 3.94421 0.014238 46.581 -65.244 3.948
46.4139 -65.2494 3.94421 0.014238 46.581 -65.244 3.948
46.5643 -65.4239 3.94361 0.00954386 46.581 -65.244 3.948
46.4803 -65.1935 3.94915 0.00632329 46.581 -65.244 3.948
46.3837 -65.2567 3.94527 0.0126248 46.581 -65.244 3.948
46.4043 -65.3418 3.9504 0.00418254 46.581 -65.244 3.948
46.3837 -65.2567 3.94527 0.0126248 46.581 -65.244 3.948
46.5643 -65.4239 3.94361 0.00954386 46.581 -65.244 3.948
46.4139 -65.2494 3.94421 0.014238 46.581 -65.244 3.948
46.4139 -65.2494 3.94421 0.014238 46.581 -65.244 3.948
46.4043 -65.3418 3.9504 0.00418254 46.581 -65.244 3.948
46.3837 -65.2567 3.94527 0.0126248 46.581 -65.244 3.948
46.5643 -65.4239 3.94361 0.00954386 46.581 -65.244 3.948
46.4043 -65.3418 3.9504 0.00418254 46.581 -65.244 3.948
46.5643 -65.4239 3.94361 0.00954386 46.581 -65.244 3.948
46.4043 -65.3418 3.9504 0.00418254 46.581 -65.244 3.948
46.4043 -65.3418 3.9504 0.00418254 46.581 -65.244 3.948
46.5643 -65.4239 3.94361 0.00954386 46.581 -65.244 3.948
46.4139 -65.2494 3.94421 0.014238 46.581 -65.244 3.948
46.3837 -65.2567 3.94527 0.0126248 46.581 -65.244 3.948
46.4284 -65.176 3.94302 0.00458924 46.581 -65.244 3.948
46.6573 -65.2927 3.94391 0.00286941 46.581 -65.244 3.948
46.4139 -65.2494 3.94421 0.014238 46.581 -65.244 3.948
46.4043 -65.3418 3.9504 0.00418254 46.581 -65.244 3.948
46.4043 -65.3418 3.9504 0.00418254 46.581 -65.244 3.948
46.6011 -65.1425 3.94134 0.000335841 46.581 -65.244 3.948
46.5643 -65.4239 3.94361 0.00954386 46.581 -65.244 3.948
46.4043 -65.3418 3.9504 0.00418254 46.581 -65.244 3.948
46.3837 -65.2567 3.94527 0.0126248 46.581 -65.244 3.948
46.4139 -65.2494 3.94421 0.014238 46.581 -65.244 3.948
46.5755 -65.2634 3.95267 0.00249722 46.581 -65.244 3.948
46.3837 -65.2567 3.94527 0.0126248 46.581 -65.244 3.948
46.4139 -65.2494 3.94421 0.014238 46.581 -65.244 3.948
46.3837 -65.2567 3.94527 0.0126248 46.581 -65.244 3.948
46.5643 -65.4239 3.94361 0.00954386 46.581 -65.244 3.948
46.5643 -65.4239 3.94361 0.00954386 46.581 -65.244 3.948
46.3837 -65.2567 3.94527 0.0126248 46.581 -65.244 3.948
46.4417 -65.5628 3.94253 0.0021812 46.581 -65.244 3.948
46.5643 -65.4239 3.94361 0.00954386 46.581 -65.244 3.948
46.4139 -65.2494 3.94421 0.014238 46.581 -65.244 3.948
46.5643 -65.4239 3.94361 0.00954386 46.581 -65.244 3.948
46.4417 -65.5628 3.94253 0.0021812 46.581 -65.244 3.948
46.3837 -65.2567 3.94527 0.0126248 46.581 -65.244 3.948
46.4043 -65.3418 3.9504 0.00418254 46.581 -65.244 3.948
