177.811 23.5662 0.0741465 0.26329 177.69 23.605 0.070059
177.763 23.5604 0.0815375 0.123579 177.69 23.605 0.070059
177.46 23.749 0.0764258 0.0350212 177.69 23.605 0.070059
177.746 23.7226 0.0648528 0.00570534 177.69 23.605 0.070059
177.773 23.5988 0.0687506 0.0866348 177.69 23.605 0.070059
177.774 23.7379 0.0733641 0.109328 177.69 23.605 0.070059
177.67 23.7996 0.0771595 0.0539949 177.69 23.605 0.070059
177.615 23.5898 0.0741762 0.440199 177.69 23.605 0.070059
177.811 23.5662 0.0741465 0.26329 177.69 23.605 0.070059
177.624 23.5561 0.0754605 0.595173 177.69 23.605 0.070059
177.555 23.3387 0.0794603 0.127852 177.69 23.605 0.070059
177.667 23.8785 0.0689895 0.00359901 177.69 23.605 0.070059
177.799 23.7386 0.0713529 0.0722969 177.69 23.605 0.070059
177.716 23.6324 0.0723751 0.304154 177.69 23.605 0.070059
177.811 23.5662 0.0741465 0.26329 177.69 23.605 0.070059
177.615 23.5898 0.0741762 0.440199 177.69 23.605 0.070059
177.774 23.7379 0.0733641 0.109328 177.69 23.605 0.070059
177.641 23.6897 0.070805 0.109387 177.69 23.605 0.070059
177.737 23.5813 0.0848578 0.0283181 177.69 23.605 0.070059
177.811 23.5662 0.0741465 0.26329 177.69 23.605 0.070059
177.839 23.3126 0.0767044 0.0190629 177.69 23.605 0.070059
177.761 23.6605 0.071266 0.178411 177.69 23.605 0.070059
177.615 23.5898 0.0741762 0.440199 177.69 23.605 0.070059
177.656 23.7477 0.0678384 0.0171589 177.69 23.605 0.070059
177.763 23.5604 0.0815375 0.123579 177.69 23.605 0.070059
177.811 23.5662 0.0741465 0.26329 177.69 23.605 0.070059
177.551 23.7483 0.0762125 0.0980633 177.69 23.605 0.070059
177.773 23.5988 0.0687506 0.0866348 177.69 23.605 0.070059
177.624 23.5561 0.0754605 0.595173 177.69 23.605 0.070059
177.763 23.5604 0.0815375 0.123579 177.69 23.605 0.070059
177.773 23.5988 0.0687506 0.0866348 177.69 23.605 0.070059
177.811 23.5662 0.0741465 0.26329 177.69 23.605 0.070059
177.811 23.5662 0.0741465 0.26329 177.69 23.605 0.070059
177.737 23.5813 0.0848578 0.0283181 177.69 23.605 0.070059
177.704 23.677 0.0747088 0.322735 177.69 23.605 0.070059
177.615 23.5898 0.0741762 0.440199 177.69 23.605 0.070059
177.774 23.7379 0.0733641 0.109328 177.69 23.605 0.070059
177.704 23.677 0.0747088 0.322735 177.69 23.605 0.070059
177.914 23.8654 0.0781619 0.000467244 177.69 23.605 0.070059
177.774 23.7379 0.0733641 0.109328 177.69 23.605 0.070059
177.716 23.6324 0.0723751 0.304154 177.69 23.605 0.070059
177.811 23.5662 0.0741465 0.26329 177.69 23.605 0.070059
177.615 23.5898 0.0741762 0.440199 177.69 23.605 0.070059
177.704 23.677 0.0747088 0.322735 177.69 23.605 0.070059
177.763 23.5604 0.0815375 0.123579 177.69 23.605 0.070059
177.811 23.5662 0.0741465 0.26329 177.69 23.605 0.070059
177.773 23.5988 0.0687506 0.0866348 177.69 23.605 0.070059
177.761 23.6605 0.071266 0.178411 177.69 23.605 0.070059
177.624 23.5561 0.0754605 0.595173 177.69 23.605 0.070059
177.615 23.5898 0.0741762 0.440199 177.69 23.605 0.070059
177.761 23.6605 0.071266 0.178411 177.69 23.605 0.070059
177.551 23.7483 0.0762125 0.0980633 177.69 23.605 0.070059
177.763 23.5604 0.0815375 0.123579 177.69 23.605 0.070059
177.52 23.6719 0.071135 0.0404383 177.69 23.605 0.070059
177.46 23.749 0.0764258 0.0350212 177.69 23.605 0.070059
177.615 23.5898 0.0741762 0.440199 177.69 23.605 0.070059
177.761 23.6605 0.071266 0.178411 177.69 23.605 0.070059
177.928 23.5425 0.0729528 0.0451637 177.69 23.605 0.070059
177.773 23.5988 0.0687506 0.0866348 177.69 23.605 0.070059
177.763 23.5604 0.0815375 0.123579 177.69 23.605 0.070059
177.624 23.5561 0.0754605 0.595173 177.69 23.605 0.070059
177.763 23.5604 0.0815375 0.123579 177.69 23.605 0.070059
177.774 23.7379 0.0733641 0.109328 177.69 23.605 0.070059
177.77 23.2976 0.0742317 0.0245432 177.69 23.605 0.070059
177.624 23.5561 0.0754605 0.595173 177.69 23.605 0.070059
177.624 23.5561 0.0754605 0.595173 177.69 23.605 0.070059
177.761 23.6605 0.071266 0.178411 177.69 23.605 0.070059
177.704 23.677 0.0747088 0.322735 177.69 23.605 0.070059
177.587 23.438 0.0680172 0.00775449 177.69 23.605 0.070059
177.641 23.6897 0.070805 0.109387 177.69 23.605 0.070059
177.716 23.6324 0.0723751 0.304154 177.69 23.605 0.070059
177.763 23.5604 0.0815375 0.123579 177.69 23.605 0.070059
177.716 23.6324 0.0723751 0.304154 177.69 23.605 0.070059
177.615 23.5898 0.0741762 0.440199 177.69 23.605 0.070059
177.773 23.5988 0.0687506 0.0866348 177.69 23.605 0.070059
177.624 23.5561 0.0754605 0.595173 177.69 23.605 0.070059
177.624 23.5561 0.0754605 0.595173 177.69 23.605 0.070059
177.811 23.5662 0.0741465 0.26329 177.69 23.605 0.070059
177.615 23.5898 0.0741762 0.440199 177.69 23.605 0.070059
177.774 23.7379 0.0733641 0.109328 177.69 23.605 0.070059
177.716 23.6324 0.0723751 0.304154 177.69 23.605 0.070059
177.624 23.5561 0.0754605 0.595173 177.69 23.605 0.070059
177.615 23.5898 0.0741762 0.440199 177.69 23.605 0.070059
177.763 23.5604 0.0815375 0.123579 177.69 23.605 0.070059
177.574 23.5514 0.0711378 0.106876 177.69 23.605 0.070059
177.624 23.5561 0.0754605 0.595173 177.69 23.605 0.070059
177.615 23.5898 0.0741762 0.440199 177.69 23.605 0.070059
177.704 23.677 0.0747088 0.322735 177.69 23.605 0.070059
177.811 23.5662 0.0741465 0.26329 177.69 23.605 0.070059
177.811 23.5662 0.0741465 0.26329 177.69 23.605 0.070059
177.774 23.7379 0.0733641 0.109328 177.69 23.605 0.070059
177.624 23.5561 0.0754605 0.595173 177.69 23.605 0.070059
177.811 23.5662 0.0741465 0.26329 177.69 23.605 0.070059
177.615 23.5898 0.0741762 0.440199 177.69 23.605 0.070059
177.615 23.5898 0.0741762 0.440199 177.69 23.605 0.070059
177.555 23.3387 0.0794603 0.127852 177.69 23.605 0.070059
177.52 23.6719 0.071135 0.0404383 177.69 23.605 0.070059
177.763 23.5604 0.0815375 0.123579 177.69 23.605 0.070059
177.598 23.6845 0.0660294 0.00484796 177.69 23.605 0.070059
177.704 23.677 0.0747088 0.322735 177.69 23.605 0.070059
177.615 23.5898 0.0741762 0.440199 177.69 23.605 0.070059
177.551 23.7483 0.0762125 0.0980633 177.69 23.605 0.070059
177.811 23.5662 0.0741465 0.26329 177.69 23.605 0.070059
177.704 23.677 0.0747088 0.322735 177.69 23.605 0.070059
177.615 23.5898 0.0741762 0.440199 177.69 23.605 0.070059
177.574 23.5514 0.0711378 0.106876 177.69 23.605 0.070059
177.624 23.5561 0.0754605 0.595173 177.69 23.605 0.070059
177.928 23.5425 0.0729528 0.0451637 177.69 23.605 0.070059
177.569 23.2954 0.0732964 0.0139623 177.69 23.605 0.070059
177.615 23.5898 0.0741762 0.440199 177.69 23.605 0.070059
177.761 23.6605 0.071266 0.178411 177.69 23.605 0.070059
177.799 23.7386 0.0713529 0.0722969 177.69 23.605 0.070059
177.551 23.7483 0.0762125 0.0980633 177.69 23.605 0.070059
177.52 23.6719 0.071135 0.0404383 177.69 23.605 0.070059
177.574 23.5514 0.0711378 0.106876 177.69 23.605 0.070059
177.615 23.5898 0.0741762 0.440199 177.69 23.605 0.070059
177.624 23.5561 0.0754605 0.595173 177.69 23.605 0.070059
177.624 23.5561 0.0754605 0.595173 177.69 23.605 0.070059
177.716 23.6324 0.0723751 0.304154 177.69 23.605 0.070059
177.716 23.6324 0.0723751 0.304154 177.69 23.605 0.070059
177.811 23.5662 0.0741465 0.26329 177.69 23.605 0.070059
177.839 23.3126 0.0767044 0.0190629 177.69 23.605 0.070059
177.624 23.5561 0.0754605 0.595173 177.69 23.605 0.070059
177.551 23.7483 0.0762125 0.0980633 177.69 23.605 0.070059
177.624 23.5561 0.0754605 0.595173 177.69 23.605 0.070059
177.704 23.677 0.0747088 0.322735 177.69 23.605 0.070059
177.763 23.5604 0.0815375 0.123579 177.69 23.605 0.070059
177.615 23.5898 0.0741762 0.440199 177.69 23.605 0.070059
177.9 23.6579 0.0793373 0.0145342 177.69 23.605 0.070059
177.624 23.5561 0.0754605 0.595173 177.69 23.605 0.070059
177.716 23.6324 0.0723751 0.304154 177.69 23.605 0.070059
177.704 23.677 0.0747088 0.322735 177.69 23.605 0.070059
177.704 23.677 0.0747088 0.322735 177.69 23.605 0.070059
177.811 23.5662 0.0741465 0.26329 177.69 23.605 0.070059
177.615 23.5898 0.0741762 0.440199 177.69 23.605 0.070059
177.551 23.7483 0.0762125 0.0980633 177.69 23.605 0.070059
177.766 23.8433 0.0696715 0.0109237 177.69 23.605 0.070059
177.615 23.5898 0.0741762 0.440199 177.69 23.605 0.070059
177.773 23.5988 0.0687506 0.0866348 177.69 23.605 0.070059
177.624 23.5561 0.0754605 0.595173 177.69 23.605 0.070059
177.615 23.5898 0.0741762 0.440199 177.69 23.605 0.070059
177.746 23.7226 0.0648528 0.00570534 177.69 23.605 0.070059
177.811 23.5662 0.0741465 0.26329 177.69 23.605 0.070059
177.624 23.5561 0.0754605 0.595173 177.69 23.605 0.070059
177.793 23.4982 0.0644857 0.00392294 177.69 23.605 0.070059
177.555 23.3387 0.0794603 0.127852 177.69 23.605 0.070059
177.624 23.5561 0.0754605 0.595173 177.69 23.605 0.070059
177.615 23.5898 0.0741762 0.440199 177.69 23.605 0.070059
177.704 23.677 0.0747088 0.322735 177.69 23.605 0.070059
177.704 23.677 0.0747088 0.322735 177.69 23.605 0.070059
177.811 23.5662 0.0741465 0.26329 177.69 23.605 0.070059
177.624 23.5561 0.0754605 0.595173 177.69 23.605 0.070059
177.704 23.677 0.0747088 0.322735 177.69 23.605 0.070059
177.763 23.5604 0.0815375 0.123579 177.69 23.605 0.070059
177.704 23.677 0.0747088 0.322735 177.69 23.605 0.070059
177.716 23.6324 0.0723751 0.304154 177.69 23.605 0.070059
177.667 23.8785 0.0689895 0.00359901 177.69 23.605 0.070059
177.641 23.6897 0.070805 0.109387 177.69 23.605 0.070059
177.587 23.438 0.0680172 0.00775449 177.69 23.605 0.070059
177.716 23.6324 0.0723751 0.304154 177.69 23.605 0.070059
177.624 23.5561 0.0754605 0.595173 177.69 23.605 0.070059
177.716 23.6324 0.0723751 0.304154 177.69 23.605 0.070059
177.615 23.5898 0.0741762 0.440199 177.69 23.605 0.070059
177.624 23.5561 0.0754605 0.595173 177.69 23.605 0.070059
177.811 23.5662 0.0741465 0.26329 177.69 23.605 0.070059
177.574 23.5514 0.0711378 0.106876 177.69 23.605 0.070059
177.811 23.5662 0.0741465 0.26329 177.69 23.605 0.070059
177.624 23.5561 0.0754605 0.595173 177.69 23.605 0.070059
177.52 23.6719 0.071135 0.0404383 177.69 23.605 0.070059
177.52 23.6719 0.071135 0.0404383 177.69 23.605 0.070059
177.761 23.6605 0.071266 0.178411 177.69 23.605 0.070059
177.716 23.6324 0.0723751 0.304154 177.69 23.605 0.070059
177.811 23.5662 0.0741465 0.26329 177.69 23.605 0.070059
177.811 23.5662 0.0741465 0.26329 177.69 23.605 0.070059
177.839 23.3126 0.0767044 0.0190629 177.69 23.605 0.070059
177.811 23.5662 0.0741465 0.26329 177.69 23.605 0.070059
177.624 23.5561 0.0754605 0.595173 177.69 23.605 0.070059
177.811 23.5662 0.0741465 0.26329 177.69 23.605 0.070059
177.615 23.5898 0.0741762 0.440199 177.69 23.605 0.070059
177.757 23.4369 0.0683212 0.0261168 177.69 23.605 0.070059
177.704 23.677 0.0747088 0.322735 177.69 23.605 0.070059
177.615 23.5898 0.0741762 0.440199 177.69 23.605 0.070059
177.737 23.5813 0.0848578 0.0283181 177.69 23.605 0.070059
177.761 23.6605 0.071266 0.178411 177.69 23.605 0.070059
177.757 23.4369 0.0683212 0.0261168 177.69 23.605 0.070059
177.574 23.5514 0.0711378 0.106876 177.69 23.605 0.070059
177.716 23.6324 0.0723751 0.304154 177.69 23.605 0.070059
177.624 23.5561 0.0754605 0.595173 177.69 23.605 0.070059
177.624 23.5561 0.0754605 0.595173 177.69 23.605 0.070059
177.574 23.5514 0.0711378 0.106876 177.69 23.605 0.070059
177.928 23.5425 0.0729528 0.0451637 177.69 23.605 0.070059
177.716 23.6324 0.0723751 0.304154 177.69 23.605 0.070059
177.766 23.8433 0.0696715 0.0109237 177.69 23.605 0.070059
177.757 23.4369 0.0683212 0.0261168 177.69 23.605 0.070059
177.615 23.5898 0.0741762 0.440199 177.69 23.605 0.070059
177.52 23.6719 0.071135 0.0404383 177.69 23.605 0.070059
177.952 23.6643 0.0775148 0.00830175 177.69 23.605 0.070059
177.615 23.5898 0.0741762 0.440199 177.69 23.605 0.070059
177.716 23.6324 0.0723751 0.304154 177.69 23.605 0.070059
177.67 23.7996 0.0771595 0.0539949 177.69 23.605 0.070059
