193.096 -9.64848 3.16121 0.0600351 192.87 -9.8537 3.1534
192.669 -9.82767 3.15069 0.138586 192.87 -9.8537 3.1534
193.088 -9.87861 3.16137 0.133403 192.87 -9.8537 3.1534
192.933 -9.85752 3.14989 0.158459 192.87 -9.8537 3.1534
192.876 -9.95055 3.1502 0.294912 192.87 -9.8537 3.1534
192.673 -10.0127 3.14641 0.0750523 192.87 -9.8537 3.1534
192.915 -9.7828 3.15535 0.481988 192.87 -9.8537 3.1534
192.811 -9.70585 3.15085 0.0940321 192.87 -9.8537 3.1534
192.867 -10.0112 3.14916 0.158246 192.87 -9.8537 3.1534
193.116 -9.72486 3.16177 0.100451 192.87 -9.8537 3.1534
192.705 -9.86309 3.15762 0.0327472 192.87 -9.8537 3.1534
193.019 -9.77817 3.15116 0.0630767 192.87 -9.8537 3.1534
193.011 -9.68768 3.15918 0.160123 192.87 -9.8537 3.1534
192.736 -9.83965 3.15762 0.0602118 192.87 -9.8537 3.1534
193.011 -10.1213 3.15929 0.011644 192.87 -9.8537 3.1534
192.69 -9.85318 3.15685 0.0384927 192.87 -9.8537 3.1534
192.811 -9.70585 3.15085 0.0940321 192.87 -9.8537 3.1534
193.088 -9.87861 3.16137 0.133403 192.87 -9.8537 3.1534
192.876 -9.95055 3.1502 0.294912 192.87 -9.8537 3.1534
193.088 -9.87861 3.16137 0.133403 192.87 -9.8537 3.1534
192.669 -9.82767 3.15069 0.138586 192.87 -9.8537 3.1534
193.088 -9.87861 3.16137 0.133403 192.87 -9.8537 3.1534
192.915 -9.7828 3.15535 0.481988 192.87 -9.8537 3.1534
193.012 -9.93033 3.15462 0.345245 192.87 -9.8537 3.1534
192.808 -9.66619 3.1577 0.0525609 192.87 -9.8537 3.1534
193.116 -9.72486 3.16177 0.100451 192.87 -9.8537 3.1534
193.144 -10.0034 3.15624 0.0473443 192.87 -9.8537 3.1534
192.915 -9.7828 3.15535 0.481988 192.87 -9.8537 3.1534
192.811 -9.70585 3.15085 0.0940321 192.87 -9.8537 3.1534
192.83 -9.83699 3.14714 0.0701284 192.87 -9.8537 3.1534
193.012 -9.93033 3.15462 0.345245 192.87 -9.8537 3.1534
192.628 -10.0801 3.14474 0.0212495 192.87 -9.8537 3.1534
192.673 -10.0127 3.14641 0.0750523 192.87 -9.8537 3.1534
192.649 -9.83911 3.14627 0.0495683 192.87 -9.8537 3.1534
193.011 -9.68768 3.15918 0.160123 192.87 -9.8537 3.1534
192.852 -9.99828 3.15181 0.339774 192.87 -9.8537 3.1534
193.04 -9.61433 3.15406 0.0189834 192.87 -9.8537 3.1534
193.012 -9.93033 3.15462 0.345245 192.87 -9.8537 3.1534
192.915 -9.7828 3.15535 0.481988 192.87 -9.8537 3.1534
192.933 -9.85752 3.14989 0.158459 192.87 -9.8537 3.1534
192.852 -9.99828 3.15181 0.339774 192.87 -9.8537 3.1534
192.944 -9.97572 3.16069 0.0589086 192.87 -9.8537 3.1534
193.012 -9.93033 3.15462 0.345245 192.87 -9.8537 3.1534
193.168 -9.75665 3.16101 0.0931955 192.87 -9.8537 3.1534
192.705 -9.86309 3.15762 0.0327472 192.87 -9.8537 3.1534
193.012 -9.93033 3.15462 0.345245 192.87 -9.8537 3.1534
192.876 -9.95055 3.1502 0.294912 192.87 -9.8537 3.1534
193.116 -9.72486 3.16177 0.100451 192.87 -9.8537 3.1534
193.168 -9.75665 3.16101 0.0931955 192.87 -9.8537 3.1534
192.876 -9.95055 3.1502 0.294912 192.87 -9.8537 3.1534
192.915 -9.7828 3.15535 0.481988 192.87 -9.8537 3.1534
192.878 -10.0685 3.14851 0.0671468 192.87 -9.8537 3.1534
193.072 -10.0536 3.15225 0.0302169 192.87 -9.8537 3.1534
192.673 -10.0127 3.14641 0.0750523 192.87 -9.8537 3.1534
193.012 -9.93033 3.15462 0.345245 192.87 -9.8537 3.1534
192.876 -9.95055 3.1502 0.294912 192.87 -9.8537 3.1534
193.011 -10.1213 3.15929 0.011644 192.87 -9.8537 3.1534
192.537 -9.93059 3.14366 0.0115717 192.87 -9.8537 3.1534
193.019 -9.77817 3.15116 0.0630767 192.87 -9.8537 3.1534
193.016 -9.94559 3.14846 0.0216416 192.87 -9.8537 3.1534
192.852 -9.99828 3.15181 0.339774 192.87 -9.8537 3.1534
192.852 -9.99828 3.15181 0.339774 192.87 -9.8537 3.1534
193.012 -9.93033 3.15462 0.345245 192.87 -9.8537 3.1534
192.878 -10.0685 3.14851 0.0671468 192.87 -9.8537 3.1534
193.019 -9.77817 3.15116 0.0630767 192.87 -9.8537 3.1534
192.836 -9.68639 3.14971 0.0416431 192.87 -9.8537 3.1534
193.153 -9.85351 3.15907 0.138877 192.87 -9.8537 3.1534
193.011 -9.68768 3.15918 0.160123 192.87 -9.8537 3.1534
192.915 -9.7828 3.15535 0.481988 192.87 -9.8537 3.1534
192.811 -9.70585 3.15085 0.0940321 192.87 -9.8537 3.1534
192.915 -9.7828 3.15535 0.481988 192.87 -9.8537 3.1534
192.673 -10.0127 3.14641 0.0750523 192.87 -9.8537 3.1534
192.669 -9.82767 3.15069 0.138586 192.87 -9.8537 3.1534
192.915 -9.7828 3.15535 0.481988 192.87 -9.8537 3.1534
192.673 -10.0127 3.14641 0.0750523 192.87 -9.8537 3.1534
192.514 -9.86653 3.1453 0.0110339 192.87 -9.8537 3.1534
193.088 -9.87861 3.16137 0.133403 192.87 -9.8537 3.1534
193.088 -9.87861 3.16137 0.133403 192.87 -9.8537 3.1534
192.915 -9.7828 3.15535 0.481988 192.87 -9.8537 3.1534
193.011 -9.68768 3.15918 0.160123 192.87 -9.8537 3.1534
192.933 -9.85752 3.14989 0.158459 192.87 -9.8537 3.1534
193.019 -9.77817 3.15116 0.0630767 192.87 -9.8537 3.1534
192.46 -9.84847 3.14902 0.00387435 192.87 -9.8537 3.1534
193.012 -9.93033 3.15462 0.345245 192.87 -9.8537 3.1534
192.669 -9.82767 3.15069 0.138586 192.87 -9.8537 3.1534
193.088 -9.87861 3.16137 0.133403 192.87 -9.8537 3.1534
192.673 -10.0127 3.14641 0.0750523 192.87 -9.8537 3.1534
193.125 -9.94289 3.15296 0.0397795 192.87 -9.8537 3.1534
193.168 -9.75665 3.16101 0.0931955 192.87 -9.8537 3.1534
192.933 -9.85752 3.14989 0.158459 192.87 -9.8537 3.1534
193.012 -9.93033 3.15462 0.345245 192.87 -9.8537 3.1534
192.915 -9.7828 3.15535 0.481988 192.87 -9.8537 3.1534
192.915 -9.7828 3.15535 0.481988 192.87 -9.8537 3.1534
192.673 -10.0127 3.14641 0.0750523 192.87 -9.8537 3.1534
193.19 -9.96161 3.16376 0.0129731 192.87 -9.8537 3.1534
192.852 -9.99828 3.15181 0.339774 192.87 -9.8537 3.1534
192.867 -10.0112 3.14916 0.158246 192.87 -9.8537 3.1534
193.153 -9.85351 3.15907 0.138877 192.87 -9.8537 3.1534
192.836 -9.68639 3.14971 0.0416431 192.87 -9.8537 3.1534
193.011 -9.68768 3.15918 0.160123 192.87 -9.8537 3.1534
192.852 -9.99828 3.15181 0.339774 192.87 -9.8537 3.1534
193.144 -10.0034 3.15624 0.0473443 192.87 -9.8537 3.1534
192.811 -9.70585 3.15085 0.0940321 192.87 -9.8537 3.1534
192.669 -9.82767 3.15069 0.138586 192.87 -9.8537 3.1534
192.915 -9.7828 3.15535 0.481988 192.87 -9.8537 3.1534
193.019 -9.77817 3.15116 0.0630767 192.87 -9.8537 3.1534
192.915 -9.7828 3.15535 0.481988 192.87 -9.8537 3.1534
192.852 -9.99828 3.15181 0.339774 192.87 -9.8537 3.1534
193.153 -9.85351 3.15907 0.138877 192.87 -9.8537 3.1534
193.019 -9.77817 3.15116 0.0630767 192.87 -9.8537 3.1534
192.867 -10.0112 3.14916 0.158246 192.87 -9.8537 3.1534
192.915 -9.7828 3.15535 0.481988 192.87 -9.8537 3.1534
193.096 -9.64848 3.16121 0.0600351 192.87 -9.8537 3.1534
192.592 -9.89345 3.14924 0.0638465 192.87 -9.8537 3.1534
193.144 -10.0034 3.15624 0.0473443 192.87 -9.8537 3.1534
193.116 -9.72486 3.16177 0.100451 192.87 -9.8537 3.1534
192.852 -9.99828 3.15181 0.339774 192.87 -9.8537 3.1534
192.649 -9.83911 3.14627 0.0495683 192.87 -9.8537 3.1534
192.688 -9.84071 3.14653 0.0668772 192.87 -9.8537 3.1534
192.852 -9.99828 3.15181 0.339774 192.87 -9.8537 3.1534
193.088 -9.87861 3.16137 0.133403 192.87 -9.8537 3.1534
193.18 -10.1228 3.16156 0.00172813 192.87 -9.8537 3.1534
192.876 -9.95055 3.1502 0.294912 192.87 -9.8537 3.1534
193.116 -9.72486 3.16177 0.100451 192.87 -9.8537 3.1534
192.673 -10.0127 3.14641 0.0750523 192.87 -9.8537 3.1534
192.669 -9.82767 3.15069 0.138586 192.87 -9.8537 3.1534
192.669 -9.82767 3.15069 0.138586 192.87 -9.8537 3.1534
192.852 -9.99828 3.15181 0.339774 192.87 -9.8537 3.1534
193.168 -9.75665 3.16101 0.0931955 192.87 -9.8537 3.1534
192.669 -9.82767 3.15069 0.138586 192.87 -9.8537 3.1534
193.088 -9.87861 3.16137 0.133403 192.87 -9.8537 3.1534
192.592 -9.89345 3.14924 0.0638465 192.87 -9.8537 3.1534
192.915 -9.7828 3.15535 0.481988 192.87 -9.8537 3.1534
193.096 -9.64848 3.16121 0.0600351 192.87 -9.8537 3.1534
193.153 -9.85351 3.15907 0.138877 192.87 -9.8537 3.1534
193.096 -9.64848 3.16121 0.0600351 192.87 -9.8537 3.1534
192.876 -9.95055 3.1502 0.294912 192.87 -9.8537 3.1534
192.933 -9.85752 3.14989 0.158459 192.87 -9.8537 3.1534
193.116 -9.72486 3.16177 0.100451 192.87 -9.8537 3.1534
193.168 -9.75665 3.16101 0.0931955 192.87 -9.8537 3.1534
192.878 -10.0685 3.14851 0.0671468 192.87 -9.8537 3.1534
193.012 -9.93033 3.15462 0.345245 192.87 -9.8537 3.1534
192.915 -9.7828 3.15535 0.481988 192.87 -9.8537 3.1534
192.688 -9.84071 3.14653 0.0668772 192.87 -9.8537 3.1534
192.811 -9.70585 3.15085 0.0940321 192.87 -9.8537 3.1534
193.012 -9.93033 3.15462 0.345245 192.87 -9.8537 3.1534
192.56 -9.97936 3.14988 0.0298737 192.87 -9.8537 3.1534
192.83 -9.83699 3.14714 0.0701284 192.87 -9.8537 3.1534
193.168 -9.75665 3.16101 0.0931955 192.87 -9.8537 3.1534
193.012 -9.93033 3.15462 0.345245 192.87 -9.8537 3.1534
192.915 -9.7828 3.15535 0.481988 192.87 -9.8537 3.1534
193.012 -9.93033 3.15462 0.345245 192.87 -9.8537 3.1534
192.836 -9.68639 3.14971 0.0416431 192.87 -9.8537 3.1534
192.852 -9.99828 3.15181 0.339774 192.87 -9.8537 3.1534
192.915 -9.7828 3.15535 0.481988 192.87 -9.8537 3.1534
192.961 -9.61043 3.14974 0.00333716 192.87 -9.8537 3.1534
192.64 -9.97559 3.15278 0.0608936 192.87 -9.8537 3.1534
193.153 -9.85351 3.15907 0.138877 192.87 -9.8537 3.1534
193.011 -9.68768 3.15918 0.160123 192.87 -9.8537 3.1534
192.649 -9.83911 3.14627 0.0495683 192.87 -9.8537 3.1534
192.69 -9.85318 3.15685 0.0384927 192.87 -9.8537 3.1534
192.537 -9.93059 3.14366 0.0115717 192.87 -9.8537 3.1534
192.867 -10.0112 3.14916 0.158246 192.87 -9.8537 3.1534
193.012 -9.93033 3.15462 0.345245 192.87 -9.8537 3.1534
193.153 -9.85351 3.15907 0.138877 192.87 -9.8537 3.1534
192.736 -9.83965 3.15762 0.0602118 192.87 -9.8537 3.1534
193.153 -9.85351 3.15907 0.138877 192.87 -9.8537 3.1534
193.019 -9.77817 3.15116 0.0630767 192.87 -9.8537 3.1534
193.04 -9.61433 3.15406 0.0189834 192.87 -9.8537 3.1534
192.933 -9.85752 3.14989 0.158459 192.87 -9.8537 3.1534
193.012 -9.93033 3.15462 0.345245 192.87 -9.8537 3.1534
193.012 -9.93033 3.15462 0.345245 192.87 -9.8537 3.1534
192.649 -9.83911 3.14627 0.0495683 192.87 -9.8537 3.1534
192.867 -10.0112 3.14916 0.158246 192.87 -9.8537 3.1534
193.088 -9.87861 3.16137 0.133403 192.87 -9.8537 3.1534
193.088 -9.87861 3.16137 0.133403 192.87 -9.8537 3.1534
192.69 -9.85318 3.15685 0.0384927 192.87 -9.8537 3.1534
193.125 -9.94289 3.15296 0.0397795 192.87 -9.8537 3.1534
192.915 -9.7828 3.15535 0.481988 192.87 -9.8537 3.1534
192.64 -9.97559 3.15278 0.0608936 192.87 -9.8537 3.1534
192.673 -10.0127 3.14641 0.0750523 192.87 -9.8537 3.1534
192.915 -9.7828 3.15535 0.481988 192.87 -9.8537 3.1534
192.915 -9.7828 3.15535 0.481988 192.87 -9.8537 3.1534
192.933 -9.85752 3.14989 0.158459 192.87 -9.8537 3.1534
193.125 -9.94289 3.15296 0.0397795 192.87 -9.8537 3.1534
193.088 -9.87861 3.16137 0.133403 192.87 -9.8537 3.1534
192.649 -9.83911 3.14627 0.0495683 192.87 -9.8537 3.1534
192.592 -9.89345 3.14924 0.0638465 192.87 -9.8537 3.1534
192.876 -9.95055 3.1502 0.294912 192.87 -9.8537 3.1534
192.673 -10.0127 3.14641 0.0750523 192.87 -9.8537 3.1534
192.876 -9.95055 3.1502 0.294912 192.87 -9.8537 3.1534
192.876 -9.95055 3.1502 0.294912 192.87 -9.8537 3.1534
192.878 -10.0685 3.14851 0.0671468 192.87 -9.8537 3.1534
193.011 -9.68768 3.15918 0.160123 192.87 -9.8537 3.1534
192.852 -9.99828 3.15181 0.339774 192.87 -9.8537 3.1534
192.878 -10.0685 3.14851 0.0671468 192.87 -9.8537 3.1534
192.852 -9.99828 3.15181 0.339774 192.87 -9.8537 3.1534
192.852 -9.99828 3.15181 0.339774 192.87 -9.8537 3.1534
193.011 -9.68768 3.15918 0.160123 192.87 -9.8537 3.1534
192.959 -9.83429 3.14757 0.0214078 192.87 -9.8537 3.1534
