274.633 20.8223 5.48578 0.010843 274.43 20.994 5.4857
274.72 20.7225 5.4803 0.00218733 274.43 20.994 5.4857
274.589 20.9604 5.48936 0.00625106 274.43 20.994 5.4857
274.677 20.8659 5.47934 0.00256597 274.43 20.994 5.4857
274.612 20.6695 5.48479 0.00510384 274.43 20.994 5.4857
274.529 20.5617 5.48673 0.000740984 274.43 20.994 5.4857
274.72 20.7225 5.4803 0.00218733 274.43 20.994 5.4857
274.563 20.6562 5.4851 0.00531338 274.43 20.994 5.4857
274.677 20.8659 5.47934 0.00256597 274.43 20.994 5.4857
274.72 20.7225 5.4803 0.00218733 274.43 20.994 5.4857
274.439 20.6788 5.48332 0.00500959 274.43 20.994 5.4857
274.627 20.6733 5.48343 0.00506271 274.43 20.994 5.4857
274.502 20.7047 5.47961 0.00568365 274.43 20.994 5.4857
274.413 20.6659 5.48895 0.00223102 274.43 20.994 5.4857
274.719 20.7292 5.47528 0.000649507 274.43 20.994 5.4857
274.557 20.7048 5.47794 0.0042105 274.43 20.994 5.4857
274.455 20.6717 5.48542 0.00526301 274.43 20.994 5.4857
274.576 20.7948 5.49067 0.0078566 274.43 20.994 5.4857
274.455 20.6717 5.48542 0.00526301 274.43 20.994 5.4857
274.349 20.7909 5.48909 0.00368898 274.43 20.994 5.4857
274.569 20.7644 5.49038 0.00716484 274.43 20.994 5.4857
274.569 20.7644 5.49038 0.00716484 274.43 20.994 5.4857
274.697 20.7144 5.4903 0.00110005 274.43 20.994 5.4857
274.372 20.9472 5.48297 0.00167167 274.43 20.994 5.4857
274.357 20.7774 5.48098 0.00219522 274.43 20.994 5.4857
274.418 20.6413 5.48675 0.00222315 274.43 20.994 5.4857
274.704 20.7594 5.48054 0.00325195 274.43 20.994 5.4857
274.633 20.8223 5.48578 0.010843 274.43 20.994 5.4857
274.372 20.9472 5.48297 0.00167167 274.43 20.994 5.4857
274.372 20.8337 5.4818 0.00317332 274.43 20.994 5.4857
274.455 20.6717 5.48542 0.00526301 274.43 20.994 5.4857
274.482 20.9166 5.48078 0.00400278 274.43 20.994 5.4857
274.569 20.7644 5.49038 0.00716484 274.43 20.994 5.4857
274.439 20.6788 5.48332 0.00500959 274.43 20.994 5.4857
274.612 20.6695 5.48479 0.00510384 274.43 20.994 5.4857
274.438 20.5491 5.4735 8.07279e-05 274.43 20.994 5.4857
274.303 21.0474 5.48531 0.000172081 274.43 20.994 5.4857
274.627 20.6733 5.48343 0.00506271 274.43 20.994 5.4857
274.557 20.7048 5.47794 0.0042105 274.43 20.994 5.4857
274.576 20.7948 5.49067 0.0078566 274.43 20.994 5.4857
274.357 20.7774 5.48098 0.00219522 274.43 20.994 5.4857
274.482 20.9166 5.48078 0.00400278 274.43 20.994 5.4857
274.439 20.6788 5.48332 0.00500959 274.43 20.994 5.4857
274.393 20.9105 5.48223 0.00281221 274.43 20.994 5.4857
274.677 20.8659 5.47934 0.00256597 274.43 20.994 5.4857
274.645 20.913 5.48279 0.00498398 274.43 20.994 5.4857
274.357 20.7774 5.48098 0.00219522 274.43 20.994 5.4857
274.704 20.7594 5.48054 0.00325195 274.43 20.994 5.4857
274.372 20.8337 5.4818 0.00317332 274.43 20.994 5.4857
274.4 20.664 5.48665 0.00264883 274.43 20.994 5.4857
274.502 20.7047 5.47961 0.00568365 274.43 20.994 5.4857
274.557 20.7048 5.47794 0.0042105 274.43 20.994 5.4857
274.631 20.9504 5.48951 0.0047435 274.43 20.994 5.4857
274.645 20.913 5.48279 0.00498398 274.43 20.994 5.4857
274.589 20.9604 5.48936 0.00625106 274.43 20.994 5.4857
274.557 20.7048 5.47794 0.0042105 274.43 20.994 5.4857
274.58 20.9442 5.48462 0.007193 274.43 20.994 5.4857
274.372 20.8337 5.4818 0.00317332 274.43 20.994 5.4857
274.569 20.7644 5.49038 0.00716484 274.43 20.994 5.4857
274.631 20.9504 5.48951 0.0047435 274.43 20.994 5.4857
274.679 20.6478 5.48697 0.00136279 274.43 20.994 5.4857
274.439 20.6788 5.48332 0.00500959 274.43 20.994 5.4857
274.576 20.7948 5.49067 0.0078566 274.43 20.994 5.4857
274.589 20.9604 5.48936 0.00625106 274.43 20.994 5.4857
274.576 20.7948 5.49067 0.0078566 274.43 20.994 5.4857
274.563 20.6562 5.4851 0.00531338 274.43 20.994 5.4857
274.455 20.6717 5.48542 0.00526301 274.43 20.994 5.4857
274.393 20.9105 5.48223 0.00281221 274.43 20.994 5.4857
274.58 20.9442 5.48462 0.007193 274.43 20.994 5.4857
274.536 21.0284 5.48961 0.00319459 274.43 20.994 5.4857
274.677 20.8659 5.47934 0.00256597 274.43 20.994 5.4857
274.67 20.7192 5.49085 0.00147492 274.43 20.994 5.4857
274.656 20.8428 5.47572 0.00102912 274.43 20.994 5.4857
274.58 20.9442 5.48462 0.007193 274.43 20.994 5.4857
274.677 20.8659 5.47934 0.00256597 274.43 20.994 5.4857
274.58 20.9442 5.48462 0.007193 274.43 20.994 5.4857
274.349 20.7909 5.48909 0.00368898 274.43 20.994 5.4857
274.458 20.655 5.48116 0.00362802 274.43 20.994 5.4857
274.609 21.1308 5.48036 3.61071e-05 274.43 20.994 5.4857
274.776 20.8449 5.48431 0.00116179 274.43 20.994 5.4857
274.679 20.6478 5.48697 0.00136279 274.43 20.994 5.4857
274.656 21.003 5.48457 0.00173996 274.43 20.994 5.4857
274.557 20.7048 5.47794 0.0042105 274.43 20.994 5.4857
274.409 20.9135 5.47882 0.00102119 274.43 20.994 5.4857
274.4 20.664 5.48665 0.00264883 274.43 20.994 5.4857
274.589 20.9604 5.48936 0.00625106 274.43 20.994 5.4857
274.576 20.7948 5.49067 0.0078566 274.43 20.994 5.4857
274.704 20.7594 5.48054 0.00325195 274.43 20.994 5.4857
274.536 21.0284 5.48961 0.00319459 274.43 20.994 5.4857
274.393 20.9105 5.48223 0.00281221 274.43 20.994 5.4857
274.455 20.6717 5.48542 0.00526301 274.43 20.994 5.4857
274.58 20.9442 5.48462 0.007193 274.43 20.994 5.4857
274.633 20.8223 5.48578 0.010843 274.43 20.994 5.4857
274.576 20.7948 5.49067 0.0078566 274.43 20.994 5.4857
274.557 20.7048 5.47794 0.0042105 274.43 20.994 5.4857
274.563 20.6562 5.4851 0.00531338 274.43 20.994 5.4857
274.458 20.655 5.48116 0.00362802 274.43 20.994 5.4857
274.576 20.7948 5.49067 0.0078566 274.43 20.994 5.4857
274.557 20.7048 5.47794 0.0042105 274.43 20.994 5.4857
274.502 20.7047 5.47961 0.00568365 274.43 20.994 5.4857
274.633 20.8223 5.48578 0.010843 274.43 20.994 5.4857
274.563 20.6562 5.4851 0.00531338 274.43 20.994 5.4857
274.393 20.9105 5.48223 0.00281221 274.43 20.994 5.4857
274.439 20.6788 5.48332 0.00500959 274.43 20.994 5.4857
274.372 20.8337 5.4818 0.00317332 274.43 20.994 5.4857
274.409 20.9135 5.47882 0.00102119 274.43 20.994 5.4857
274.357 20.7774 5.48098 0.00219522 274.43 20.994 5.4857
274.563 20.6562 5.4851 0.00531338 274.43 20.994 5.4857
274.563 20.6562 5.4851 0.00531338 274.43 20.994 5.4857
274.627 20.6733 5.48343 0.00506271 274.43 20.994 5.4857
274.563 20.6562 5.4851 0.00531338 274.43 20.994 5.4857
274.357 20.7774 5.48098 0.00219522 274.43 20.994 5.4857
274.633 20.8223 5.48578 0.010843 274.43 20.994 5.4857
274.633 20.8223 5.48578 0.010843 274.43 20.994 5.4857
274.612 20.6695 5.48479 0.00510384 274.43 20.994 5.4857
274.502 20.7047 5.47961 0.00568365 274.43 20.994 5.4857
274.677 20.8659 5.47934 0.00256597 274.43 20.994 5.4857
274.645 20.913 5.48279 0.00498398 274.43 20.994 5.4857
274.627 20.6733 5.48343 0.00506271 274.43 20.994 5.4857
274.4 20.664 5.48665 0.00264883 274.43 20.994 5.4857
274.563 20.6562 5.4851 0.00531338 274.43 20.994 5.4857
274.409 20.9135 5.47882 0.00102119 274.43 20.994 5.4857
274.576 20.7948 5.49067 0.0078566 274.43 20.994 5.4857
274.557 20.7048 5.47794 0.0042105 274.43 20.994 5.4857
274.439 20.6788 5.48332 0.00500959 274.43 20.994 5.4857
274.58 20.9442 5.48462 0.007193 274.43 20.994 5.4857
274.58 20.9442 5.48462 0.007193 274.43 20.994 5.4857
274.458 20.655 5.48116 0.00362802 274.43 20.994 5.4857
274.502 20.7047 5.47961 0.00568365 274.43 20.994 5.4857
274.627 20.6733 5.48343 0.00506271 274.43 20.994 5.4857
274.414 20.7154 5.48977 0.0037864 274.43 20.994 5.4857
274.569 20.7644 5.49038 0.00716484 274.43 20.994 5.4857
274.536 21.0284 5.48961 0.00319459 274.43 20.994 5.4857
274.393 20.9105 5.48223 0.00281221 274.43 20.994 5.4857
274.631 20.9504 5.48951 0.0047435 274.43 20.994 5.4857
274.776 20.8449 5.48431 0.00116179 274.43 20.994 5.4857
274.569 20.7644 5.49038 0.00716484 274.43 20.994 5.4857
274.656 20.8428 5.47572 0.00102912 274.43 20.994 5.4857
274.631 20.9504 5.48951 0.0047435 274.43 20.994 5.4857
274.455 20.6717 5.48542 0.00526301 274.43 20.994 5.4857
274.589 20.9604 5.48936 0.00625106 274.43 20.994 5.4857
274.576 20.7948 5.49067 0.0078566 274.43 20.994 5.4857
274.645 20.913 5.48279 0.00498398 274.43 20.994 5.4857
274.482 20.9166 5.48078 0.00400278 274.43 20.994 5.4857
274.458 20.655 5.48116 0.00362802 274.43 20.994 5.4857
274.557 20.7048 5.47794 0.0042105 274.43 20.994 5.4857
274.458 20.655 5.48116 0.00362802 274.43 20.994 5.4857
274.631 20.9504 5.48951 0.0047435 274.43 20.994 5.4857
274.4 20.664 5.48665 0.00264883 274.43 20.994 5.4857
274.372 20.8337 5.4818 0.00317332 274.43 20.994 5.4857
274.4 20.664 5.48665 0.00264883 274.43 20.994 5.4857
274.395 21.065 5.49116 0.00091777 274.43 20.994 5.4857
274.627 20.6733 5.48343 0.00506271 274.43 20.994 5.4857
274.418 20.6413 5.48675 0.00222315 274.43 20.994 5.4857
274.349 20.7909 5.48909 0.00368898 274.43 20.994 5.4857
274.482 20.9166 5.48078 0.00400278 274.43 20.994 5.4857
274.349 20.7909 5.48909 0.00368898 274.43 20.994 5.4857
274.633 20.8223 5.48578 0.010843 274.43 20.994 5.4857
274.58 20.9442 5.48462 0.007193 274.43 20.994 5.4857
274.633 20.8223 5.48578 0.010843 274.43 20.994 5.4857
274.612 20.6695 5.48479 0.00510384 274.43 20.994 5.4857
274.633 20.8223 5.48578 0.010843 274.43 20.994 5.4857
274.37 20.9445 5.48216 0.0013315 274.43 20.994 5.4857
274.372 20.9472 5.48297 0.00167167 274.43 20.994 5.4857
274.589 20.9604 5.48936 0.00625106 274.43 20.994 5.4857
274.536 21.0284 5.48961 0.00319459 274.43 20.994 5.4857
274.4 20.664 5.48665 0.00264883 274.43 20.994 5.4857
274.58 20.9442 5.48462 0.007193 274.43 20.994 5.4857
274.569 20.7644 5.49038 0.00716484 274.43 20.994 5.4857
274.704 20.7594 5.48054 0.00325195 274.43 20.994 5.4857
274.612 20.6695 5.48479 0.00510384 274.43 20.994 5.4857
274.529 20.5617 5.48673 0.000740984 274.43 20.994 5.4857
274.418 20.6413 5.48675 0.00222315 274.43 20.994 5.4857
274.612 20.6695 5.48479 0.00510384 274.43 20.994 5.4857
274.58 20.9442 5.48462 0.007193 274.43 20.994 5.4857
274.536 21.0284 5.48961 0.00319459 274.43 20.994 5.4857
274.557 20.7048 5.47794 0.0042105 274.43 20.994 5.4857
274.704 20.7594 5.48054 0.00325195 274.43 20.994 5.4857
274.576 20.7948 5.49067 0.0078566 274.43 20.994 5.4857
274.439 20.6788 5.48332 0.00500959 274.43 20.994 5.4857
274.482 20.9166 5.48078 0.00400278 274.43 20.994 5.4857
274.349 20.7909 5.48909 0.00368898 274.43 20.994 5.4857
274.372 20.9472 5.48297 0.00167167 274.43 20.994 5.4857
274.677 20.8659 5.47934 0.00256597 274.43 20.994 5.4857
274.576 20.7948 5.49067 0.0078566 274.43 20.994 5.4857
274.455 20.6717 5.48542 0.00526301 274.43 20.994 5.4857
274.439 20.6788 5.48332 0.00500959 274.43 20.994 5.4857
274.656 21.003 5.48457 0.00173996 274.43 20.994 5.4857
274.612 20.6695 5.48479 0.00510384 274.43 20.994 5.4857
274.455 20.6717 5.48542 0.00526301 274.43 20.994 5.4857
274.482 20.9166 5.48078 0.00400278 274.43 20.994 5.4857
274.633 20.8223 5.48578 0.010843 274.43 20.994 5.4857
274.58 20.9442 5.48462 0.007193 274.43 20.994 5.4857
274.418 20.6413 5.48675 0.00222315 274.43 20.994 5.4857
274.589 20.9604 5.48936 0.00625106 274.43 20.994 5.4857
274.458 20.655 5.48116 0.00362802 274.43 20.994 5.4857
274.569 20.7644 5.49038 0.00716484 274.43 20.994 5.4857
274.58 20.9442 5.48462 0.007193 274.43 20.994 5.4857
274.536 21.0284 5.48961 0.00319459 274.43 20.994 5.4857
274.502 20.7047 5.47961 0.00568365 274.43 20.994 5.4857
