247.151 29.1291 0.0673839 0.000867246 247.19 29.006 0.066039
246.968 29.1129 0.0690562 0.000164913 247.19 29.006 0.066039
247.195 28.9931 0.0648027 0.000489166 247.19 29.006 0.066039
247.195 28.9931 0.0648027 0.000489166 247.19 29.006 0.066039
247.222 28.9369 0.0652946 0.000284754 247.19 29.006 0.066039
247.321 29.0887 0.0634969 0.000220021 247.19 29.006 0.066039
247.222 28.9369 0.0652946 0.000284754 247.19 29.006 0.066039
247.162 29.0664 0.0618563 0.000117363 247.19 29.006 0.066039
247.195 28.9931 0.0648027 0.000489166 247.19 29.006 0.066039
247.368 29.1964 0.067285 3.75618e-05 247.19 29.006 0.066039
247.254 29.1696 0.0608459 6.77795e-05 247.19 29.006 0.066039
246.968 29.1129 0.0690562 0.000164913 247.19 29.006 0.066039
247.151 29.1291 0.0673839 0.000867246 247.19 29.006 0.066039
247.151 29.1291 0.0673839 0.000867246 247.19 29.006 0.066039
247.254 29.1696 0.0608459 6.77795e-05 247.19 29.006 0.066039
246.952 28.891 0.0725578 5.83733e-05 247.19 29.006 0.066039
247.276 28.9469 0.0640914 0.000150339 247.19 29.006 0.066039
247.222 28.9369 0.0652946 0.000284754 247.19 29.006 0.066039
247.276 28.9469 0.0640914 0.000150339 247.19 29.006 0.066039
247.195 28.9931 0.0648027 0.000489166 247.19 29.006 0.066039
247.195 28.9931 0.0648027 0.000489166 247.19 29.006 0.066039
247.321 29.0887 0.0634969 0.000220021 247.19 29.006 0.066039
247.321 29.0887 0.0634969 0.000220021 247.19 29.006 0.066039
247.195 28.9931 0.0648027 0.000489166 247.19 29.006 0.066039
247.179 28.8862 0.0668614 0.000217204 247.19 29.006 0.066039
247.336 29.1675 0.0636455 0.000132079 247.19 29.006 0.066039
247.004 28.855 0.0759731 1.40741e-05 247.19 29.006 0.066039
246.952 28.891 0.0725578 5.83733e-05 247.19 29.006 0.066039
247.222 28.9369 0.0652946 0.000284754 247.19 29.006 0.066039
247.222 28.9369 0.0652946 0.000284754 247.19 29.006 0.066039
247.276 28.9469 0.0640914 0.000150339 247.19 29.006 0.066039
247.069 29.0291 0.075053 7.10327e-05 247.19 29.006 0.066039
247.151 29.1291 0.0673839 0.000867246 247.19 29.006 0.066039
247.195 28.9931 0.0648027 0.000489166 247.19 29.006 0.066039
247.069 29.0291 0.075053 7.10327e-05 247.19 29.006 0.066039
247.222 28.9369 0.0652946 0.000284754 247.19 29.006 0.066039
247.276 28.9469 0.0640914 0.000150339 247.19 29.006 0.066039
247.179 28.8862 0.0668614 0.000217204 247.19 29.006 0.066039
247.276 28.9469 0.0640914 0.000150339 247.19 29.006 0.066039
246.968 29.1129 0.0690562 0.000164913 247.19 29.006 0.066039
247.024 29.063 0.071902 0.000324099 247.19 29.006 0.066039
247.024 29.063 0.071902 0.000324099 247.19 29.006 0.066039
247.336 29.1675 0.0636455 0.000132079 247.19 29.006 0.066039
247.151 29.1291 0.0673839 0.000867246 247.19 29.006 0.066039
247.195 28.9931 0.0648027 0.000489166 247.19 29.006 0.066039
247.151 29.1291 0.0673839 0.000867246 247.19 29.006 0.066039
247.195 28.9931 0.0648027 0.000489166 247.19 29.006 0.066039
246.846 29.0954 0.0646127 6.75327e-07 247.19 29.006 0.066039
247.276 28.9469 0.0640914 0.000150339 247.19 29.006 0.066039
247.195 28.9931 0.0648027 0.000489166 247.19 29.006 0.066039
247.321 29.0887 0.0634969 0.000220021 247.19 29.006 0.066039
247.024 29.063 0.071902 0.000324099 247.19 29.006 0.066039
247.151 29.1291 0.0673839 0.000867246 247.19 29.006 0.066039
247.195 28.9931 0.0648027 0.000489166 247.19 29.006 0.066039
247.368 29.1964 0.067285 3.75618e-05 247.19 29.006 0.066039
247.151 29.1291 0.0673839 0.000867246 247.19 29.006 0.066039
247.151 29.1291 0.0673839 0.000867246 247.19 29.006 0.066039
247.151 29.1291 0.0673839 0.000867246 247.19 29.006 0.066039
247.151 29.1291 0.0673839 0.000867246 247.19 29.006 0.066039
247.195 28.9931 0.0648027 0.000489166 247.19 29.006 0.066039
247.162 29.0664 0.0618563 0.000117363 247.19 29.006 0.066039
247.276 28.9469 0.0640914 0.000150339 247.19 29.006 0.066039
247.024 29.063 0.071902 0.000324099 247.19 29.006 0.066039
247.024 29.063 0.071902 0.000324099 247.19 29.006 0.066039
247.222 28.9369 0.0652946 0.000284754 247.19 29.006 0.066039
247.151 29.1291 0.0673839 0.000867246 247.19 29.006 0.066039
247.024 29.063 0.071902 0.000324099 247.19 29.006 0.066039
247.336 29.1675 0.0636455 0.000132079 247.19 29.006 0.066039
247.195 28.9931 0.0648027 0.000489166 247.19 29.006 0.066039
247.222 28.9369 0.0652946 0.000284754 247.19 29.006 0.066039
247.024 29.063 0.071902 0.000324099 247.19 29.006 0.066039
247.179 28.8862 0.0668614 0.000217204 247.19 29.006 0.066039
247.151 29.1291 0.0673839 0.000867246 247.19 29.006 0.066039
247.179 28.8862 0.0668614 0.000217204 247.19 29.006 0.066039
247.359 29.2838 0.0615193 1.01286e-05 247.19 29.006 0.066039
247.177 28.9643 0.0607989 1.81756e-05 247.19 29.006 0.066039
247.069 29.0291 0.075053 7.10327e-05 247.19 29.006 0.066039
247.179 28.8862 0.0668614 0.000217204 247.19 29.006 0.066039
247.151 29.1291 0.0673839 0.000867246 247.19 29.006 0.066039
247.254 29.1696 0.0608459 6.77795e-05 247.19 29.006 0.066039
247.151 29.1291 0.0673839 0.000867246 247.19 29.006 0.066039
246.952 28.891 0.0725578 5.83733e-05 247.19 29.006 0.066039
247.151 29.1291 0.0673839 0.000867246 247.19 29.006 0.066039
247.195 28.9931 0.0648027 0.000489166 247.19 29.006 0.066039
247.024 29.063 0.071902 0.000324099 247.19 29.006 0.066039
247.361 28.9915 0.0685936 7.66072e-05 247.19 29.006 0.066039
247.195 28.9931 0.0648027 0.000489166 247.19 29.006 0.066039
247.151 29.1291 0.0673839 0.000867246 247.19 29.006 0.066039
247.361 28.9915 0.0685936 7.66072e-05 247.19 29.006 0.066039
247.151 29.1291 0.0673839 0.000867246 247.19 29.006 0.066039
247.151 29.1291 0.0673839 0.000867246 247.19 29.006 0.066039
247.195 28.9931 0.0648027 0.000489166 247.19 29.006 0.066039
247.151 29.1291 0.0673839 0.000867246 247.19 29.006 0.066039
247.336 29.1675 0.0636455 0.000132079 247.19 29.006 0.066039
246.992 28.8295 0.074599 1.88885e-05 247.19 29.006 0.066039
246.968 29.1129 0.0690562 0.000164913 247.19 29.006 0.066039
247.162 29.0664 0.0618563 0.000117363 247.19 29.006 0.066039
247.195 28.9931 0.0648027 0.000489166 247.19 29.006 0.066039
247.151 29.1291 0.0673839 0.000867246 247.19 29.006 0.066039
247.276 28.9469 0.0640914 0.000150339 247.19 29.006 0.066039
247.361 28.9915 0.0685936 7.66072e-05 247.19 29.006 0.066039
247.151 29.1291 0.0673839 0.000867246 247.19 29.006 0.066039
247.151 29.1291 0.0673839 0.000867246 247.19 29.006 0.066039
247.151 29.1291 0.0673839 0.000867246 247.19 29.006 0.066039
246.968 29.1129 0.0690562 0.000164913 247.19 29.006 0.066039
247.151 29.1291 0.0673839 0.000867246 247.19 29.006 0.066039
247.179 28.8862 0.0668614 0.000217204 247.19 29.006 0.066039
247.151 29.1291 0.0673839 0.000867246 247.19 29.006 0.066039
247.179 28.8862 0.0668614 0.000217204 247.19 29.006 0.066039
247.195 28.9931 0.0648027 0.000489166 247.19 29.006 0.066039
247.151 29.1291 0.0673839 0.000867246 247.19 29.006 0.066039
247.151 29.1291 0.0673839 0.000867246 247.19 29.006 0.066039
247.195 28.9931 0.0648027 0.000489166 247.19 29.006 0.066039
247.151 29.1291 0.0673839 0.000867246 247.19 29.006 0.066039
247.343 29.1947 0.0601497 2.24777e-05 247.19 29.006 0.066039
247.151 29.1291 0.0673839 0.000867246 247.19 29.006 0.066039
247.151 29.1291 0.0673839 0.000867246 247.19 29.006 0.066039
247.151 29.1291 0.0673839 0.000867246 247.19 29.006 0.066039
247.336 29.1675 0.0636455 0.000132079 247.19 29.006 0.066039
247.336 29.1675 0.0636455 0.000132079 247.19 29.006 0.066039
247.162 29.0664 0.0618563 0.000117363 247.19 29.006 0.066039
247.151 29.1291 0.0673839 0.000867246 247.19 29.006 0.066039
247.151 29.1291 0.0673839 0.000867246 247.19 29.006 0.066039
247.179 28.8862 0.0668614 0.000217204 247.19 29.006 0.066039
247.024 29.063 0.071902 0.000324099 247.19 29.006 0.066039
247.343 29.1947 0.0601497 2.24777e-05 247.19 29.006 0.066039
247.195 28.9931 0.0648027 0.000489166 247.19 29.006 0.066039
247.195 28.9931 0.0648027 0.000489166 247.19 29.006 0.066039
247.024 29.063 0.071902 0.000324099 247.19 29.006 0.066039
247.177 28.9643 0.0607989 1.81756e-05 247.19 29.006 0.066039
247.151 29.1291 0.0673839 0.000867246 247.19 29.006 0.066039
247.151 29.1291 0.0673839 0.000867246 247.19 29.006 0.066039
247.195 28.9931 0.0648027 0.000489166 247.19 29.006 0.066039
247.151 29.1291 0.0673839 0.000867246 247.19 29.006 0.066039
247.276 28.9469 0.0640914 0.000150339 247.19 29.006 0.066039
247.276 28.9469 0.0640914 0.000150339 247.19 29.006 0.066039
247.151 29.1291 0.0673839 0.000867246 247.19 29.006 0.066039
247.343 29.1947 0.0601497 2.24777e-05 247.19 29.006 0.066039
247.361 28.9915 0.0685936 7.66072e-05 247.19 29.006 0.066039
247.222 28.9369 0.0652946 0.000284754 247.19 29.006 0.066039
247.195 28.9931 0.0648027 0.000489166 247.19 29.006 0.066039
247.151 29.1291 0.0673839 0.000867246 247.19 29.006 0.066039
247.162 29.0664 0.0618563 0.000117363 247.19 29.006 0.066039
246.968 29.1129 0.0690562 0.000164913 247.19 29.006 0.066039
247.151 29.1291 0.0673839 0.000867246 247.19 29.006 0.066039
247.151 29.1291 0.0673839 0.000867246 247.19 29.006 0.066039
247.069 29.0291 0.075053 7.10327e-05 247.19 29.006 0.066039
247.024 29.063 0.071902 0.000324099 247.19 29.006 0.066039
247.151 29.1291 0.0673839 0.000867246 247.19 29.006 0.066039
247.151 29.1291 0.0673839 0.000867246 247.19 29.006 0.066039
247.321 29.0887 0.0634969 0.000220021 247.19 29.006 0.066039
247.179 28.8862 0.0668614 0.000217204 247.19 29.006 0.066039
247.151 29.1291 0.0673839 0.000867246 247.19 29.006 0.066039
247.151 29.1291 0.0673839 0.000867246 247.19 29.006 0.066039
247.179 28.8862 0.0668614 0.000217204 247.19 29.006 0.066039
247.151 29.1291 0.0673839 0.000867246 247.19 29.006 0.066039
247.276 28.9469 0.0640914 0.000150339 247.19 29.006 0.066039
247.195 28.9931 0.0648027 0.000489166 247.19 29.006 0.066039
247.195 28.9931 0.0648027 0.000489166 247.19 29.006 0.066039
247.024 29.063 0.071902 0.000324099 247.19 29.006 0.066039
247.222 28.9369 0.0652946 0.000284754 247.19 29.006 0.066039
247.254 29.1696 0.0608459 6.77795e-05 247.19 29.006 0.066039
247.151 29.1291 0.0673839 0.000867246 247.19 29.006 0.066039
247.336 29.1675 0.0636455 0.000132079 247.19 29.006 0.066039
247.151 29.1291 0.0673839 0.000867246 247.19 29.006 0.066039
246.968 29.1129 0.0690562 0.000164913 247.19 29.006 0.066039
247.254 29.1696 0.0608459 6.77795e-05 247.19 29.006 0.066039
247.353 28.8546 0.0665144 1.66486e-05 247.19 29.006 0.066039
247.151 29.1291 0.0673839 0.000867246 247.19 29.006 0.066039
246.956 29.123 0.0718434 8.51471e-05 247.19 29.006 0.066039
247.321 29.0887 0.0634969 0.000220021 247.19 29.006 0.066039
247.162 29.0664 0.0618563 0.000117363 247.19 29.006 0.066039
247.024 29.063 0.071902 0.000324099 247.19 29.006 0.066039
246.968 29.1129 0.0690562 0.000164913 247.19 29.006 0.066039
247.151 29.1291 0.0673839 0.000867246 247.19 29.006 0.066039
247.179 28.8862 0.0668614 0.000217204 247.19 29.006 0.066039
247.025 29.2541 0.0688012 4.39813e-05 247.19 29.006 0.066039
247.151 29.1291 0.0673839 0.000867246 247.19 29.006 0.066039
247.276 28.9469 0.0640914 0.000150339 247.19 29.006 0.066039
247.162 29.0664 0.0618563 0.000117363 247.19 29.006 0.066039
247.336 29.1675 0.0636455 0.000132079 247.19 29.006 0.066039
247.321 29.0887 0.0634969 0.000220021 247.19 29.006 0.066039
247.162 29.0664 0.0618563 0.000117363 247.19 29.006 0.066039
247.321 29.0887 0.0634969 0.000220021 247.19 29.006 0.066039
247.151 29.1291 0.0673839 0.000867246 247.19 29.006 0.066039
247.151 29.1291 0.0673839 0.000867246 247.19 29.006 0.066039
247.151 29.1291 0.0673839 0.000867246 247.19 29.006 0.066039
247.276 28.9469 0.0640914 0.000150339 247.19 29.006 0.066039
247.151 29.1291 0.0673839 0.000867246 247.19 29.006 0.066039
247.151 29.1291 0.0673839 0.000867246 247.19 29.006 0.066039
247.151 29.1291 0.0673839 0.000867246 247.19 29.006 0.066039
247.025 29.2541 0.0688012 4.39813e-05 247.19 29.006 0.066039
247.254 29.1696 0.0608459 6.77795e-05 247.19 29.006 0.066039
247.151 29.1291 0.0673839 0.000867246 247.19 29.006 0.066039
246.952 28.891 0.0725578 5.83733e-05 247.19 29.006 0.066039
247.024 29.063 0.071902 0.000324099 247.19 29.006 0.066039
247.336 29.1675 0.0636455 0.000132079 247.19 29.006 0.066039
247.151 29.1291 0.0673839 0.000867246 247.19 29.006 0.066039
246.968 29.1129 0.0690562 0.000164913 247.19 29.006 0.066039
247.151 29.1291 0.0673839 0.000867246 247.19 29.006 0.066039
