-8.48192 -94.4737 2.93641 0.0587877 -8.3019 -94.696 2.9323
-8.16754 -94.5178 2.94667 0.0906811 -8.3019 -94.696 2.9323
-8.17315 -94.5016 2.93661 0.251532 -8.3019 -94.696 2.9323
-8.17087 -94.5698 2.93777 0.453402 -8.3019 -94.696 2.9323
-8.46349 -94.4859 2.93496 0.0800251 -8.3019 -94.696 2.9323
-8.17315 -94.5016 2.93661 0.251532 -8.3019 -94.696 2.9323
-8.31253 -94.6008 2.94183 0.268543 -8.3019 -94.696 2.9323
-8.21629 -94.6912 2.93899 0.545989 -8.3019 -94.696 2.9323
-8.17087 -94.5698 2.93777 0.453402 -8.3019 -94.696 2.9323
-8.29547 -94.5618 2.94002 0.394968 -8.3019 -94.696 2.9323
-8.429 -94.6321 2.93726 0.226057 -8.3019 -94.696 2.9323
-8.33137 -94.4283 2.93698 0.128679 -8.3019 -94.696 2.9323
-8.17087 -94.5698 2.93777 0.453402 -8.3019 -94.696 2.9323
-8.21629 -94.6912 2.93899 0.545989 -8.3019 -94.696 2.9323
-8.46349 -94.4859 2.93496 0.0800251 -8.3019 -94.696 2.9323
-8.48192 -94.4737 2.93641 0.0587877 -8.3019 -94.696 2.9323
-8.18886 -94.3834 2.93994 0.10638 -8.3019 -94.696 2.9323
-8.31253 -94.6008 2.94183 0.268543 -8.3019 -94.696 2.9323
-8.21629 -94.6912 2.93899 0.545989 -8.3019 -94.696 2.9323
-8.21629 -94.6912 2.93899 0.545989 -8.3019 -94.696 2.9323
-8.40119 -94.6833 2.93386 0.258038 -8.3019 -94.696 2.9323
-8.40119 -94.6833 2.93386 0.258038 -8.3019 -94.696 2.9323
-7.97723 -94.738 2.93768 0.0670033 -8.3019 -94.696 2.9323
-8.28217 -94.8577 2.93628 0.152657 -8.3019 -94.696 2.9323
-8.17087 -94.5698 2.93777 0.453402 -8.3019 -94.696 2.9323
-8.18886 -94.3834 2.93994 0.10638 -8.3019 -94.696 2.9323
-8.3233 -94.5047 2.936 0.260565 -8.3019 -94.696 2.9323
-7.9892 -94.624 2.93858 0.127553 -8.3019 -94.696 2.9323
-8.45186 -94.9314 2.93687 0.0188157 -8.3019 -94.696 2.9323
-8.16754 -94.5178 2.94667 0.0906811 -8.3019 -94.696 2.9323
-8.18886 -94.3834 2.93994 0.10638 -8.3019 -94.696 2.9323
-8.29547 -94.5618 2.94002 0.394968 -8.3019 -94.696 2.9323
-8.17087 -94.5698 2.93777 0.453402 -8.3019 -94.696 2.9323
-8.17087 -94.5698 2.93777 0.453402 -8.3019 -94.696 2.9323
-8.18943 -94.7219 2.93424 0.247455 -8.3019 -94.696 2.9323
-7.97723 -94.738 2.93768 0.0670033 -8.3019 -94.696 2.9323
-8.21629 -94.6912 2.93899 0.545989 -8.3019 -94.696 2.9323
-7.97723 -94.738 2.93768 0.0670033 -8.3019 -94.696 2.9323
-8.38018 -94.7752 2.93021 0.081996 -8.3019 -94.696 2.9323
-7.9892 -94.624 2.93858 0.127553 -8.3019 -94.696 2.9323
-7.9892 -94.624 2.93858 0.127553 -8.3019 -94.696 2.9323
-8.29547 -94.5618 2.94002 0.394968 -8.3019 -94.696 2.9323
-8.38018 -94.7752 2.93021 0.081996 -8.3019 -94.696 2.9323
-8.01767 -94.5707 2.9426 0.218025 -8.3019 -94.696 2.9323
-8.17315 -94.5016 2.93661 0.251532 -8.3019 -94.696 2.9323
-8.28217 -94.8577 2.93628 0.152657 -8.3019 -94.696 2.9323
-8.31253 -94.6008 2.94183 0.268543 -8.3019 -94.696 2.9323
-8.17315 -94.5016 2.93661 0.251532 -8.3019 -94.696 2.9323
-8.48192 -94.4737 2.93641 0.0587877 -8.3019 -94.696 2.9323
-8.21629 -94.6912 2.93899 0.545989 -8.3019 -94.696 2.9323
-8.21282 -94.6103 2.92974 0.0403184 -8.3019 -94.696 2.9323
-8.17315 -94.5016 2.93661 0.251532 -8.3019 -94.696 2.9323
-8.40119 -94.6833 2.93386 0.258038 -8.3019 -94.696 2.9323
-8.33137 -94.4283 2.93698 0.128679 -8.3019 -94.696 2.9323
-8.43054 -94.5538 2.94404 0.0248263 -8.3019 -94.696 2.9323
-8.40119 -94.6833 2.93386 0.258038 -8.3019 -94.696 2.9323
-8.17087 -94.5698 2.93777 0.453402 -8.3019 -94.696 2.9323
-8.17087 -94.5698 2.93777 0.453402 -8.3019 -94.696 2.9323
-8.07458 -94.5416 2.93311 0.0395621 -8.3019 -94.696 2.9323
-8.21629 -94.6912 2.93899 0.545989 -8.3019 -94.696 2.9323
-8.18886 -94.3834 2.93994 0.10638 -8.3019 -94.696 2.9323
-8.18943 -94.7219 2.93424 0.247455 -8.3019 -94.696 2.9323
-8.21629 -94.6912 2.93899 0.545989 -8.3019 -94.696 2.9323
-8.40119 -94.6833 2.93386 0.258038 -8.3019 -94.696 2.9323
-8.29547 -94.5618 2.94002 0.394968 -8.3019 -94.696 2.9323
-8.38018 -94.7752 2.93021 0.081996 -8.3019 -94.696 2.9323
-8.18943 -94.7219 2.93424 0.247455 -8.3019 -94.696 2.9323
-8.17087 -94.5698 2.93777 0.453402 -8.3019 -94.696 2.9323
-8.17315 -94.5016 2.93661 0.251532 -8.3019 -94.696 2.9323
-8.429 -94.6321 2.93726 0.226057 -8.3019 -94.696 2.9323
-8.40119 -94.6833 2.93386 0.258038 -8.3019 -94.696 2.9323
-8.40119 -94.6833 2.93386 0.258038 -8.3019 -94.696 2.9323
-8.17087 -94.5698 2.93777 0.453402 -8.3019 -94.696 2.9323
-7.97723 -94.738 2.93768 0.0670033 -8.3019 -94.696 2.9323
-8.23753 -94.6313 2.93133 0.117584 -8.3019 -94.696 2.9323
-8.01767 -94.5707 2.9426 0.218025 -8.3019 -94.696 2.9323
-8.429 -94.6321 2.93726 0.226057 -8.3019 -94.696 2.9323
-8.29547 -94.5618 2.94002 0.394968 -8.3019 -94.696 2.9323
-8.39396 -94.464 2.94201 0.0576573 -8.3019 -94.696 2.9323
-8.31253 -94.6008 2.94183 0.268543 -8.3019 -94.696 2.9323
-8.17087 -94.5698 2.93777 0.453402 -8.3019 -94.696 2.9323
-8.33137 -94.4283 2.93698 0.128679 -8.3019 -94.696 2.9323
-8.17087 -94.5698 2.93777 0.453402 -8.3019 -94.696 2.9323
-8.3233 -94.5047 2.936 0.260565 -8.3019 -94.696 2.9323
-8.18943 -94.7219 2.93424 0.247455 -8.3019 -94.696 2.9323
-8.01767 -94.5707 2.9426 0.218025 -8.3019 -94.696 2.9323
-8.21629 -94.6912 2.93899 0.545989 -8.3019 -94.696 2.9323
-7.9892 -94.624 2.93858 0.127553 -8.3019 -94.696 2.9323
-8.429 -94.6321 2.93726 0.226057 -8.3019 -94.696 2.9323
-8.3233 -94.5047 2.936 0.260565 -8.3019 -94.696 2.9323
-8.21629 -94.6912 2.93899 0.545989 -8.3019 -94.696 2.9323
-8.17087 -94.5698 2.93777 0.453402 -8.3019 -94.696 2.9323
-8.17087 -94.5698 2.93777 0.453402 -8.3019 -94.696 2.9323
-7.97723 -94.738 2.93768 0.0670033 -8.3019 -94.696 2.9323
-8.22174 -94.5558 2.94758 0.0471766 -8.3019 -94.696 2.9323
-8.38018 -94.7752 2.93021 0.081996 -8.3019 -94.696 2.9323
-8.23753 -94.6313 2.93133 0.117584 -8.3019 -94.696 2.9323
-8.17315 -94.5016 2.93661 0.251532 -8.3019 -94.696 2.9323
-8.17087 -94.5698 2.93777 0.453402 -8.3019 -94.696 2.9323
-8.3233 -94.5047 2.936 0.260565 -8.3019 -94.696 2.9323
-8.18943 -94.7219 2.93424 0.247455 -8.3019 -94.696 2.9323
-8.40119 -94.6833 2.93386 0.258038 -8.3019 -94.696 2.9323
-8.21629 -94.6912 2.93899 0.545989 -8.3019 -94.696 2.9323
-8.31253 -94.6008 2.94183 0.268543 -8.3019 -94.696 2.9323
-7.97723 -94.738 2.93768 0.0670033 -8.3019 -94.696 2.9323
-8.21629 -94.6912 2.93899 0.545989 -8.3019 -94.696 2.9323
-8.21629 -94.6912 2.93899 0.545989 -8.3019 -94.696 2.9323
-8.43054 -94.5538 2.94404 0.0248263 -8.3019 -94.696 2.9323
-8.29547 -94.5618 2.94002 0.394968 -8.3019 -94.696 2.9323
-8.21629 -94.6912 2.93899 0.545989 -8.3019 -94.696 2.9323
-8.18943 -94.7219 2.93424 0.247455 -8.3019 -94.696 2.9323
-8.39396 -94.464 2.94201 0.0576573 -8.3019 -94.696 2.9323
-8.3233 -94.5047 2.936 0.260565 -8.3019 -94.696 2.9323
-8.36573 -94.6681 2.94368 0.0740959 -8.3019 -94.696 2.9323
-8.28217 -94.8577 2.93628 0.152657 -8.3019 -94.696 2.9323
-8.36573 -94.6681 2.94368 0.0740959 -8.3019 -94.696 2.9323
-8.17087 -94.5698 2.93777 0.453402 -8.3019 -94.696 2.9323
-8.29547 -94.5618 2.94002 0.394968 -8.3019 -94.696 2.9323
-8.01767 -94.5707 2.9426 0.218025 -8.3019 -94.696 2.9323
-7.97723 -94.738 2.93768 0.0670033 -8.3019 -94.696 2.9323
-8.18943 -94.7219 2.93424 0.247455 -8.3019 -94.696 2.9323
-8.17315 -94.5016 2.93661 0.251532 -8.3019 -94.696 2.9323
-8.23159 -95.0679 2.93244 0.00214182 -8.3019 -94.696 2.9323
-8.29547 -94.5618 2.94002 0.394968 -8.3019 -94.696 2.9323
-8.01767 -94.5707 2.9426 0.218025 -8.3019 -94.696 2.9323
-8.52315 -94.7749 2.93507 0.0578688 -8.3019 -94.696 2.9323
-8.18943 -94.7219 2.93424 0.247455 -8.3019 -94.696 2.9323
-8.29547 -94.5618 2.94002 0.394968 -8.3019 -94.696 2.9323
-8.18943 -94.7219 2.93424 0.247455 -8.3019 -94.696 2.9323
-8.29547 -94.5618 2.94002 0.394968 -8.3019 -94.696 2.9323
-8.18943 -94.7219 2.93424 0.247455 -8.3019 -94.696 2.9323
-8.21629 -94.6912 2.93899 0.545989 -8.3019 -94.696 2.9323
-8.18943 -94.7219 2.93424 0.247455 -8.3019 -94.696 2.9323
-8.48192 -94.4737 2.93641 0.0587877 -8.3019 -94.696 2.9323
-8.48192 -94.4737 2.93641 0.0587877 -8.3019 -94.696 2.9323
-8.29547 -94.5618 2.94002 0.394968 -8.3019 -94.696 2.9323
-8.22174 -94.5558 2.94758 0.0471766 -8.3019 -94.696 2.9323
-8.40119 -94.6833 2.93386 0.258038 -8.3019 -94.696 2.9323
-8.31253 -94.6008 2.94183 0.268543 -8.3019 -94.696 2.9323
-8.01767 -94.5707 2.9426 0.218025 -8.3019 -94.696 2.9323
-8.33137 -94.4283 2.93698 0.128679 -8.3019 -94.696 2.9323
-7.9892 -94.624 2.93858 0.127553 -8.3019 -94.696 2.9323
-8.18943 -94.7219 2.93424 0.247455 -8.3019 -94.696 2.9323
-8.40119 -94.6833 2.93386 0.258038 -8.3019 -94.696 2.9323
-8.49609 -94.6584 2.94225 0.0202388 -8.3019 -94.696 2.9323
-8.17315 -94.5016 2.93661 0.251532 -8.3019 -94.696 2.9323
-7.97723 -94.738 2.93768 0.0670033 -8.3019 -94.696 2.9323
-8.17315 -94.5016 2.93661 0.251532 -8.3019 -94.696 2.9323
-8.17087 -94.5698 2.93777 0.453402 -8.3019 -94.696 2.9323
-8.31253 -94.6008 2.94183 0.268543 -8.3019 -94.696 2.9323
-8.43054 -94.5538 2.94404 0.0248263 -8.3019 -94.696 2.9323
-7.95697 -94.5283 2.95349 0.00261505 -8.3019 -94.696 2.9323
-8.29547 -94.5618 2.94002 0.394968 -8.3019 -94.696 2.9323
-8.18886 -94.3834 2.93994 0.10638 -8.3019 -94.696 2.9323
-8.17315 -94.5016 2.93661 0.251532 -8.3019 -94.696 2.9323
-8.46349 -94.4859 2.93496 0.0800251 -8.3019 -94.696 2.9323
-8.01767 -94.5707 2.9426 0.218025 -8.3019 -94.696 2.9323
-8.18943 -94.7219 2.93424 0.247455 -8.3019 -94.696 2.9323
-8.40119 -94.6833 2.93386 0.258038 -8.3019 -94.696 2.9323
-8.40119 -94.6833 2.93386 0.258038 -8.3019 -94.696 2.9323
-8.17087 -94.5698 2.93777 0.453402 -8.3019 -94.696 2.9323
-8.429 -94.6321 2.93726 0.226057 -8.3019 -94.696 2.9323
-8.3233 -94.5047 2.936 0.260565 -8.3019 -94.696 2.9323
-8.28217 -94.8577 2.93628 0.152657 -8.3019 -94.696 2.9323
-8.29547 -94.5618 2.94002 0.394968 -8.3019 -94.696 2.9323
-8.33137 -94.4283 2.93698 0.128679 -8.3019 -94.696 2.9323
-8.17315 -94.5016 2.93661 0.251532 -8.3019 -94.696 2.9323
-8.17315 -94.5016 2.93661 0.251532 -8.3019 -94.696 2.9323
-8.3233 -94.5047 2.936 0.260565 -8.3019 -94.696 2.9323
-8.31253 -94.6008 2.94183 0.268543 -8.3019 -94.696 2.9323
-8.18886 -94.3834 2.93994 0.10638 -8.3019 -94.696 2.9323
-8.17087 -94.5698 2.93777 0.453402 -8.3019 -94.696 2.9323
-8.28217 -94.8577 2.93628 0.152657 -8.3019 -94.696 2.9323
-8.28217 -94.8577 2.93628 0.152657 -8.3019 -94.696 2.9323
-8.29547 -94.5618 2.94002 0.394968 -8.3019 -94.696 2.9323
-8.31253 -94.6008 2.94183 0.268543 -8.3019 -94.696 2.9323
-8.21629 -94.6912 2.93899 0.545989 -8.3019 -94.696 2.9323
-8.29547 -94.5618 2.94002 0.394968 -8.3019 -94.696 2.9323
-8.429 -94.6321 2.93726 0.226057 -8.3019 -94.696 2.9323
-8.29547 -94.5618 2.94002 0.394968 -8.3019 -94.696 2.9323
-8.3233 -94.5047 2.936 0.260565 -8.3019 -94.696 2.9323
-8.49609 -94.6584 2.94225 0.0202388 -8.3019 -94.696 2.9323
-8.3233 -94.5047 2.936 0.260565 -8.3019 -94.696 2.9323
-7.9892 -94.624 2.93858 0.127553 -8.3019 -94.696 2.9323
-8.45186 -94.9314 2.93687 0.0188157 -8.3019 -94.696 2.9323
-8.28217 -94.8577 2.93628 0.152657 -8.3019 -94.696 2.9323
-8.45186 -94.9314 2.93687 0.0188157 -8.3019 -94.696 2.9323
-8.48192 -94.4737 2.93641 0.0587877 -8.3019 -94.696 2.9323
-8.07458 -94.5416 2.93311 0.0395621 -8.3019 -94.696 2.9323
-8.18943 -94.7219 2.93424 0.247455 -8.3019 -94.696 2.9323
-8.46349 -94.4859 2.93496 0.0800251 -8.3019 -94.696 2.9323
-8.28217 -94.8577 2.93628 0.152657 -8.3019 -94.696 2.9323
-8.17087 -94.5698 2.93777 0.453402 -8.3019 -94.696 2.9323
-8.29547 -94.5618 2.94002 0.394968 -8.3019 -94.696 2.9323
-8.31253 -94.6008 2.94183 0.268543 -8.3019 -94.696 2.9323
-8.21629 -94.6912 2.93899 0.545989 -8.3019 -94.696 2.9323
-8.31253 -94.6008 2.94183 0.268543 -8.3019 -94.696 2.9323
-8.17087 -94.5698 2.93777 0.453402 -8.3019 -94.696 2.9323
-8.36573 -94.6681 2.94368 0.0740959 -8.3019 -94.696 2.9323
-8.17087 -94.5698 2.93777 0.453402 -8.3019 -94.696 2.9323
