193.909 -9.33148 3.14001 0.00307255 194.06 -9.3635 3.1399
193.995 -9.28144 3.14126 0.00543465 194.06 -9.3635 3.1399
193.909 -9.33148 3.14001 0.00307255 194.06 -9.3635 3.1399
194.432 -9.33723 3.14665 0.006028 194.06 -9.3635 3.1399
194.219 -9.24342 3.14091 0.00368401 194.06 -9.3635 3.1399
194.432 -9.33723 3.14665 0.006028 194.06 -9.3635 3.1399
194.071 -9.35569 3.14334 0.0201279 194.06 -9.3635 3.1399
194.465 -9.25789 3.14771 0.00273494 194.06 -9.3635 3.1399
194.226 -9.23247 3.14337 0.00782625 194.06 -9.3635 3.1399
194.219 -9.24342 3.14091 0.00368401 194.06 -9.3635 3.1399
194.071 -9.35569 3.14334 0.0201279 194.06 -9.3635 3.1399
193.891 -9.29928 3.14203 0.00137055 194.06 -9.3635 3.1399
194.39 -9.27855 3.14611 0.00661654 194.06 -9.3635 3.1399
194.232 -9.20735 3.14363 0.00558527 194.06 -9.3635 3.1399
194.226 -9.23247 3.14337 0.00782625 194.06 -9.3635 3.1399
194.219 -9.24342 3.14091 0.00368401 194.06 -9.3635 3.1399
193.962 -9.52518 3.14066 0.00824865 194.06 -9.3635 3.1399
194.432 -9.33723 3.14665 0.006028 194.06 -9.3635 3.1399
194.071 -9.35569 3.14334 0.0201279 194.06 -9.3635 3.1399
194.219 -9.24342 3.14091 0.00368401 194.06 -9.3635 3.1399
194.071 -9.35569 3.14334 0.0201279 194.06 -9.3635 3.1399
193.962 -9.52518 3.14066 0.00824865 194.06 -9.3635 3.1399
194.071 -9.35569 3.14334 0.0201279 194.06 -9.3635 3.1399
194.219 -9.24342 3.14091 0.00368401 194.06 -9.3635 3.1399
193.962 -9.52518 3.14066 0.00824865 194.06 -9.3635 3.1399
194.39 -9.27855 3.14611 0.00661654 194.06 -9.3635 3.1399
193.981 -9.31211 3.1459 0.00253371 194.06 -9.3635 3.1399
194.071 -9.35569 3.14334 0.0201279 194.06 -9.3635 3.1399
194.226 -9.23247 3.14337 0.00782625 194.06 -9.3635 3.1399
194.226 -9.23247 3.14337 0.00782625 194.06 -9.3635 3.1399
194.432 -9.33723 3.14665 0.006028 194.06 -9.3635 3.1399
194.071 -9.35569 3.14334 0.0201279 194.06 -9.3635 3.1399
194.432 -9.33723 3.14665 0.006028 194.06 -9.3635 3.1399
194.226 -9.23247 3.14337 0.00782625 194.06 -9.3635 3.1399
194.226 -9.23247 3.14337 0.00782625 194.06 -9.3635 3.1399
194.071 -9.35569 3.14334 0.0201279 194.06 -9.3635 3.1399
193.962 -9.52518 3.14066 0.00824865 194.06 -9.3635 3.1399
194.432 -9.33723 3.14665 0.006028 194.06 -9.3635 3.1399
194.071 -9.35569 3.14334 0.0201279 194.06 -9.3635 3.1399
194.27 -9.36725 3.13915 0.00308485 194.06 -9.3635 3.1399
194.33 -9.12876 3.15081 0.00167721 194.06 -9.3635 3.1399
194.465 -9.25789 3.14771 0.00273494 194.06 -9.3635 3.1399
194.226 -9.23247 3.14337 0.00782625 194.06 -9.3635 3.1399
194.295 -9.43862 3.14011 0.00514078 194.06 -9.3635 3.1399
194.39 -9.27855 3.14611 0.00661654 194.06 -9.3635 3.1399
194.297 -8.99568 3.15006 9.84312e-05 194.06 -9.3635 3.1399
194.232 -9.20735 3.14363 0.00558527 194.06 -9.3635 3.1399
194.294 -9.17184 3.14433 0.00254085 194.06 -9.3635 3.1399
194.071 -9.35569 3.14334 0.0201279 194.06 -9.3635 3.1399
194.27 -9.36725 3.13915 0.00308485 194.06 -9.3635 3.1399
194.232 -9.20735 3.14363 0.00558527 194.06 -9.3635 3.1399
193.909 -9.33148 3.14001 0.00307255 194.06 -9.3635 3.1399
193.962 -9.52518 3.14066 0.00824865 194.06 -9.3635 3.1399
194.39 -9.27855 3.14611 0.00661654 194.06 -9.3635 3.1399
194.254 -9.5572 3.15356 0.000141408 194.06 -9.3635 3.1399
194.458 -9.56309 3.142 0.000311398 194.06 -9.3635 3.1399
194.071 -9.35569 3.14334 0.0201279 194.06 -9.3635 3.1399
194.432 -9.33723 3.14665 0.006028 194.06 -9.3635 3.1399
194.071 -9.35569 3.14334 0.0201279 194.06 -9.3635 3.1399
193.901 -9.3473 3.13637 0.00174451 194.06 -9.3635 3.1399
194.091 -9.49232 3.15227 0.000119105 194.06 -9.3635 3.1399
194.219 -9.24342 3.14091 0.00368401 194.06 -9.3635 3.1399
194.232 -9.20735 3.14363 0.00558527 194.06 -9.3635 3.1399
193.962 -9.52518 3.14066 0.00824865 194.06 -9.3635 3.1399
194.226 -9.23247 3.14337 0.00782625 194.06 -9.3635 3.1399
194.253 -9.14688 3.14171 0.000671796 194.06 -9.3635 3.1399
193.969 -9.30779 3.13245 0.000120079 194.06 -9.3635 3.1399
194.169 -9.34515 3.15368 0.000411074 194.06 -9.3635 3.1399
194.071 -9.35569 3.14334 0.0201279 194.06 -9.3635 3.1399
194.071 -9.35569 3.14334 0.0201279 194.06 -9.3635 3.1399
194.421 -9.55808 3.15011 0.0013863 194.06 -9.3635 3.1399
194.263 -9.24465 3.15233 0.00284059 194.06 -9.3635 3.1399
194.071 -9.35569 3.14334 0.0201279 194.06 -9.3635 3.1399
193.962 -9.52518 3.14066 0.00824865 194.06 -9.3635 3.1399
194.071 -9.35569 3.14334 0.0201279 194.06 -9.3635 3.1399
194.071 -9.35569 3.14334 0.0201279 194.06 -9.3635 3.1399
193.995 -9.28144 3.14126 0.00543465 194.06 -9.3635 3.1399
194.232 -9.20735 3.14363 0.00558527 194.06 -9.3635 3.1399
194.226 -9.23247 3.14337 0.00782625 194.06 -9.3635 3.1399
194.071 -9.35569 3.14334 0.0201279 194.06 -9.3635 3.1399
194.232 -9.20735 3.14363 0.00558527 194.06 -9.3635 3.1399
194.294 -9.17184 3.14433 0.00254085 194.06 -9.3635 3.1399
194.071 -9.35569 3.14334 0.0201279 194.06 -9.3635 3.1399
193.909 -9.33148 3.14001 0.00307255 194.06 -9.3635 3.1399
194.226 -9.23247 3.14337 0.00782625 194.06 -9.3635 3.1399
194.045 -9.58191 3.13359 0.0011161 194.06 -9.3635 3.1399
194.226 -9.23247 3.14337 0.00782625 194.06 -9.3635 3.1399
194.453 -9.57789 3.15181 0.000379411 194.06 -9.3635 3.1399
194.226 -9.23247 3.14337 0.00782625 194.06 -9.3635 3.1399
194.232 -9.20735 3.14363 0.00558527 194.06 -9.3635 3.1399
194.045 -9.58191 3.13359 0.0011161 194.06 -9.3635 3.1399
194.432 -9.33723 3.14665 0.006028 194.06 -9.3635 3.1399
194.094 -9.12839 3.14509 0.00116026 194.06 -9.3635 3.1399
194.029 -9.32992 3.14691 0.00419819 194.06 -9.3635 3.1399
194.319 -9.14866 3.14867 0.00298576 194.06 -9.3635 3.1399
194.432 -9.33723 3.14665 0.006028 194.06 -9.3635 3.1399
194.39 -9.27855 3.14611 0.00661654 194.06 -9.3635 3.1399
194.33 -9.12876 3.15081 0.00167721 194.06 -9.3635 3.1399
193.995 -9.28144 3.14126 0.00543465 194.06 -9.3635 3.1399
194.071 -9.35569 3.14334 0.0201279 194.06 -9.3635 3.1399
193.962 -9.52518 3.14066 0.00824865 194.06 -9.3635 3.1399
193.891 -9.29928 3.14203 0.00137055 194.06 -9.3635 3.1399
194.092 -9.0812 3.1452 0.000384522 194.06 -9.3635 3.1399
194.219 -9.24342 3.14091 0.00368401 194.06 -9.3635 3.1399
194.319 -9.14866 3.14867 0.00298576 194.06 -9.3635 3.1399
194.319 -9.14866 3.14867 0.00298576 194.06 -9.3635 3.1399
194.432 -9.33723 3.14665 0.006028 194.06 -9.3635 3.1399
194.295 -9.43862 3.14011 0.00514078 194.06 -9.3635 3.1399
194.071 -9.35569 3.14334 0.0201279 194.06 -9.3635 3.1399
194.071 -9.35569 3.14334 0.0201279 194.06 -9.3635 3.1399
193.995 -9.28144 3.14126 0.00543465 194.06 -9.3635 3.1399
194.071 -9.35569 3.14334 0.0201279 194.06 -9.3635 3.1399
194.421 -9.55808 3.15011 0.0013863 194.06 -9.3635 3.1399
193.995 -9.28144 3.14126 0.00543465 194.06 -9.3635 3.1399
194.39 -9.27855 3.14611 0.00661654 194.06 -9.3635 3.1399
194.071 -9.35569 3.14334 0.0201279 194.06 -9.3635 3.1399
193.901 -9.3473 3.13637 0.00174451 194.06 -9.3635 3.1399
194.465 -9.25789 3.14771 0.00273494 194.06 -9.3635 3.1399
194.232 -9.20735 3.14363 0.00558527 194.06 -9.3635 3.1399
194.465 -9.25789 3.14771 0.00273494 194.06 -9.3635 3.1399
194.295 -9.43862 3.14011 0.00514078 194.06 -9.3635 3.1399
194.071 -9.35569 3.14334 0.0201279 194.06 -9.3635 3.1399
194.029 -9.32992 3.14691 0.00419819 194.06 -9.3635 3.1399
194.263 -9.24465 3.15233 0.00284059 194.06 -9.3635 3.1399
194.294 -9.17184 3.14433 0.00254085 194.06 -9.3635 3.1399
194.071 -9.35569 3.14334 0.0201279 194.06 -9.3635 3.1399
194.219 -9.24342 3.14091 0.00368401 194.06 -9.3635 3.1399
193.995 -9.28144 3.14126 0.00543465 194.06 -9.3635 3.1399
193.962 -9.52518 3.14066 0.00824865 194.06 -9.3635 3.1399
194.219 -9.24342 3.14091 0.00368401 194.06 -9.3635 3.1399
194.319 -9.14866 3.14867 0.00298576 194.06 -9.3635 3.1399
194.319 -9.14866 3.14867 0.00298576 194.06 -9.3635 3.1399
194.071 -9.35569 3.14334 0.0201279 194.06 -9.3635 3.1399
194.295 -9.43862 3.14011 0.00514078 194.06 -9.3635 3.1399
194.432 -9.33723 3.14665 0.006028 194.06 -9.3635 3.1399
194.501 -9.10807 3.14917 0.000261156 194.06 -9.3635 3.1399
194.232 -9.20735 3.14363 0.00558527 194.06 -9.3635 3.1399
194.071 -9.35569 3.14334 0.0201279 194.06 -9.3635 3.1399
194.232 -9.20735 3.14363 0.00558527 194.06 -9.3635 3.1399
194.432 -9.33723 3.14665 0.006028 194.06 -9.3635 3.1399
194.33 -9.12876 3.15081 0.00167721 194.06 -9.3635 3.1399
194.071 -9.35569 3.14334 0.0201279 194.06 -9.3635 3.1399
194.232 -9.20735 3.14363 0.00558527 194.06 -9.3635 3.1399
194.226 -9.23247 3.14337 0.00782625 194.06 -9.3635 3.1399
194.169 -9.34515 3.15368 0.000411074 194.06 -9.3635 3.1399
193.962 -9.52518 3.14066 0.00824865 194.06 -9.3635 3.1399
194.39 -9.27855 3.14611 0.00661654 194.06 -9.3635 3.1399
194.029 -9.32992 3.14691 0.00419819 194.06 -9.3635 3.1399
194.071 -9.35569 3.14334 0.0201279 194.06 -9.3635 3.1399
194.071 -9.35569 3.14334 0.0201279 194.06 -9.3635 3.1399
194.364 -9.09731 3.14253 8.14601e-05 194.06 -9.3635 3.1399
193.891 -9.29928 3.14203 0.00137055 194.06 -9.3635 3.1399
194.27 -9.36725 3.13915 0.00308485 194.06 -9.3635 3.1399
194.071 -9.35569 3.14334 0.0201279 194.06 -9.3635 3.1399
193.909 -9.33148 3.14001 0.00307255 194.06 -9.3635 3.1399
194.453 -9.57789 3.15181 0.000379411 194.06 -9.3635 3.1399
193.962 -9.52518 3.14066 0.00824865 194.06 -9.3635 3.1399
194.071 -9.35569 3.14334 0.0201279 194.06 -9.3635 3.1399
194.226 -9.23247 3.14337 0.00782625 194.06 -9.3635 3.1399
194.39 -9.27855 3.14611 0.00661654 194.06 -9.3635 3.1399
194.029 -9.32992 3.14691 0.00419819 194.06 -9.3635 3.1399
194.219 -9.24342 3.14091 0.00368401 194.06 -9.3635 3.1399
193.901 -9.3473 3.13637 0.00174451 194.06 -9.3635 3.1399
194.27 -9.36725 3.13915 0.00308485 194.06 -9.3635 3.1399
194.071 -9.35569 3.14334 0.0201279 194.06 -9.3635 3.1399
193.981 -9.31211 3.1459 0.00253371 194.06 -9.3635 3.1399
194.071 -9.35569 3.14334 0.0201279 194.06 -9.3635 3.1399
194.219 -9.24342 3.14091 0.00368401 194.06 -9.3635 3.1399
194.39 -9.27855 3.14611 0.00661654 194.06 -9.3635 3.1399
194.071 -9.35569 3.14334 0.0201279 194.06 -9.3635 3.1399
194.321 -9.78672 3.13751 1.3975e-05 194.06 -9.3635 3.1399
193.962 -9.52518 3.14066 0.00824865 194.06 -9.3635 3.1399
194.226 -9.23247 3.14337 0.00782625 194.06 -9.3635 3.1399
194.39 -9.27855 3.14611 0.00661654 194.06 -9.3635 3.1399
194.295 -9.43862 3.14011 0.00514078 194.06 -9.3635 3.1399
194.294 -9.17184 3.14433 0.00254085 194.06 -9.3635 3.1399
194.253 -9.14688 3.14171 0.000671796 194.06 -9.3635 3.1399
194.232 -9.20735 3.14363 0.00558527 194.06 -9.3635 3.1399
194.295 -9.43862 3.14011 0.00514078 194.06 -9.3635 3.1399
194.226 -9.23247 3.14337 0.00782625 194.06 -9.3635 3.1399
194.232 -9.20735 3.14363 0.00558527 194.06 -9.3635 3.1399
193.962 -9.52518 3.14066 0.00824865 194.06 -9.3635 3.1399
193.901 -9.3473 3.13637 0.00174451 194.06 -9.3635 3.1399
194.071 -9.35569 3.14334 0.0201279 194.06 -9.3635 3.1399
194.432 -9.33723 3.14665 0.006028 194.06 -9.3635 3.1399
193.962 -9.52518 3.14066 0.00824865 194.06 -9.3635 3.1399
194.232 -9.20735 3.14363 0.00558527 194.06 -9.3635 3.1399
194.295 -9.43862 3.14011 0.00514078 194.06 -9.3635 3.1399
194.432 -9.33723 3.14665 0.006028 194.06 -9.3635 3.1399
194.226 -9.23247 3.14337 0.00782625 194.06 -9.3635 3.1399
193.962 -9.52518 3.14066 0.00824865 194.06 -9.3635 3.1399
194.421 -9.55808 3.15011 0.0013863 194.06 -9.3635 3.1399
194.071 -9.35569 3.14334 0.0201279 194.06 -9.3635 3.1399
194.295 -9.43862 3.14011 0.00514078 194.06 -9.3635 3.1399
194.071 -9.35569 3.14334 0.0201279 194.06 -9.3635 3.1399
194.432 -9.33723 3.14665 0.006028 194.06 -9.3635 3.1399
194.432 -9.33723 3.14665 0.006028 194.06 -9.3635 3.1399
193.962 -9.52518 3.14066 0.00824865 194.06 -9.3635 3.1399
194.042 -9.05993 3.15207 8.72494e-06 194.06 -9.3635 3.1399
194.219 -9.24342 3.14091 0.00368401 194.06 -9.3635 3.1399
