233.897 -14.8794 2.89958 0.0144272 233.83 -14.959 2.9012
233.742 -14.8501 2.898 0.0424222 233.83 -14.959 2.9012
233.626 -14.7862 2.89759 0.0220032 233.83 -14.959 2.9012
233.626 -14.7862 2.89759 0.0220032 233.83 -14.959 2.9012
233.514 -14.7475 2.89064 0.0147919 233.83 -14.959 2.9012
233.843 -14.8171 2.89684 0.0135967 233.83 -14.959 2.9012
233.742 -14.8501 2.898 0.0424222 233.83 -14.959 2.9012
233.514 -14.7475 2.89064 0.0147919 233.83 -14.959 2.9012
233.514 -14.7475 2.89064 0.0147919 233.83 -14.959 2.9012
233.626 -14.7862 2.89759 0.0220032 233.83 -14.959 2.9012
233.843 -14.8171 2.89684 0.0135967 233.83 -14.959 2.9012
233.66 -14.8741 2.88818 0.00567154 233.83 -14.959 2.9012
233.514 -14.7475 2.89064 0.0147919 233.83 -14.959 2.9012
233.742 -14.8501 2.898 0.0424222 233.83 -14.959 2.9012
233.843 -14.8171 2.89684 0.0135967 233.83 -14.959 2.9012
233.843 -14.8171 2.89684 0.0135967 233.83 -14.959 2.9012
233.514 -14.7475 2.89064 0.0147919 233.83 -14.959 2.9012
233.626 -14.7862 2.89759 0.0220032 233.83 -14.959 2.9012
233.897 -14.8794 2.89958 0.0144272 233.83 -14.959 2.9012
233.626 -14.7862 2.89759 0.0220032 233.83 -14.959 2.9012
233.742 -14.8501 2.898 0.0424222 233.83 -14.959 2.9012
233.742 -14.8501 2.898 0.0424222 233.83 -14.959 2.9012
233.742 -14.8501 2.898 0.0424222 233.83 -14.959 2.9012
233.897 -14.8794 2.89958 0.0144272 233.83 -14.959 2.9012
233.742 -14.8501 2.898 0.0424222 233.83 -14.959 2.9012
233.742 -14.8501 2.898 0.0424222 233.83 -14.959 2.9012
233.742 -14.8501 2.898 0.0424222 233.83 -14.959 2.9012
233.843 -14.8171 2.89684 0.0135967 233.83 -14.959 2.9012
233.514 -14.7475 2.89064 0.0147919 233.83 -14.959 2.9012
233.514 -14.7475 2.89064 0.0147919 233.83 -14.959 2.9012
233.626 -14.7862 2.89759 0.0220032 233.83 -14.959 2.9012
233.843 -14.8171 2.89684 0.0135967 233.83 -14.959 2.9012
233.742 -14.8501 2.898 0.0424222 233.83 -14.959 2.9012
233.742 -14.8501 2.898 0.0424222 233.83 -14.959 2.9012
233.626 -14.7862 2.89759 0.0220032 233.83 -14.959 2.9012
233.843 -14.8171 2.89684 0.0135967 233.83 -14.959 2.9012
233.742 -14.8501 2.898 0.0424222 233.83 -14.959 2.9012
233.843 -14.8171 2.89684 0.0135967 233.83 -14.959 2.9012
233.514 -14.7475 2.89064 0.0147919 233.83 -14.959 2.9012
233.514 -14.7475 2.89064 0.0147919 233.83 -14.959 2.9012
233.742 -14.8501 2.898 0.0424222 233.83 -14.959 2.9012
233.742 -14.8501 2.898 0.0424222 233.83 -14.959 2.9012
233.626 -14.7862 2.89759 0.0220032 233.83 -14.959 2.9012
233.742 -14.8501 2.898 0.0424222 233.83 -14.959 2.9012
233.742 -14.8501 2.898 0.0424222 233.83 -14.959 2.9012
233.742 -14.8501 2.898 0.0424222 233.83 -14.959 2.9012
233.742 -14.8501 2.898 0.0424222 233.83 -14.959 2.9012
233.843 -14.8171 2.89684 0.0135967 233.83 -14.959 2.9012
233.742 -14.8501 2.898 0.0424222 233.83 -14.959 2.9012
233.742 -14.8501 2.898 0.0424222 233.83 -14.959 2.9012
233.742 -14.8501 2.898 0.0424222 233.83 -14.959 2.9012
233.742 -14.8501 2.898 0.0424222 233.83 -14.959 2.9012
233.626 -14.7862 2.89759 0.0220032 233.83 -14.959 2.9012
233.628 -14.8331 2.90357 0.00106106 233.83 -14.959 2.9012
233.897 -14.8794 2.89958 0.0144272 233.83 -14.959 2.9012
233.626 -14.7862 2.89759 0.0220032 233.83 -14.959 2.9012
233.897 -14.8794 2.89958 0.0144272 233.83 -14.959 2.9012
233.742 -14.8501 2.898 0.0424222 233.83 -14.959 2.9012
233.742 -14.8501 2.898 0.0424222 233.83 -14.959 2.9012
233.514 -14.7475 2.89064 0.0147919 233.83 -14.959 2.9012
233.897 -14.8794 2.89958 0.0144272 233.83 -14.959 2.9012
233.742 -14.8501 2.898 0.0424222 233.83 -14.959 2.9012
233.626 -14.7862 2.89759 0.0220032 233.83 -14.959 2.9012
233.843 -14.8171 2.89684 0.0135967 233.83 -14.959 2.9012
233.742 -14.8501 2.898 0.0424222 233.83 -14.959 2.9012
233.626 -14.7862 2.89759 0.0220032 233.83 -14.959 2.9012
233.897 -14.8794 2.89958 0.0144272 233.83 -14.959 2.9012
233.626 -14.7862 2.89759 0.0220032 233.83 -14.959 2.9012
233.626 -14.7862 2.89759 0.0220032 233.83 -14.959 2.9012
233.897 -14.8794 2.89958 0.0144272 233.83 -14.959 2.9012
233.897 -14.8794 2.89958 0.0144272 233.83 -14.959 2.9012
233.742 -14.8501 2.898 0.0424222 233.83 -14.959 2.9012
233.514 -14.7475 2.89064 0.0147919 233.83 -14.959 2.9012
233.514 -14.7475 2.89064 0.0147919 233.83 -14.959 2.9012
233.514 -14.7475 2.89064 0.0147919 233.83 -14.959 2.9012
233.742 -14.8501 2.898 0.0424222 233.83 -14.959 2.9012
233.742 -14.8501 2.898 0.0424222 233.83 -14.959 2.9012
233.742 -14.8501 2.898 0.0424222 233.83 -14.959 2.9012
233.628 -14.8331 2.90357 0.00106106 233.83 -14.959 2.9012
233.843 -14.8171 2.89684 0.0135967 233.83 -14.959 2.9012
233.843 -14.8171 2.89684 0.0135967 233.83 -14.959 2.9012
233.514 -14.7475 2.89064 0.0147919 233.83 -14.959 2.9012
233.742 -14.8501 2.898 0.0424222 233.83 -14.959 2.9012
233.742 -14.8501 2.898 0.0424222 233.83 -14.959 2.9012
233.681 -14.5811 2.89214 0.000349052 233.83 -14.959 2.9012
233.742 -14.8501 2.898 0.0424222 233.83 -14.959 2.9012
233.843 -14.8171 2.89684 0.0135967 233.83 -14.959 2.9012
233.626 -14.7862 2.89759 0.0220032 233.83 -14.959 2.9012
233.843 -14.8171 2.89684 0.0135967 233.83 -14.959 2.9012
233.742 -14.8501 2.898 0.0424222 233.83 -14.959 2.9012
233.843 -14.8171 2.89684 0.0135967 233.83 -14.959 2.9012
234.071 -14.8403 2.90557 0.000256381 233.83 -14.959 2.9012
233.742 -14.8501 2.898 0.0424222 233.83 -14.959 2.9012
233.843 -14.8171 2.89684 0.0135967 233.83 -14.959 2.9012
233.514 -14.7475 2.89064 0.0147919 233.83 -14.959 2.9012
233.514 -14.7475 2.89064 0.0147919 233.83 -14.959 2.9012
233.897 -14.8794 2.89958 0.0144272 233.83 -14.959 2.9012
233.514 -14.7475 2.89064 0.0147919 233.83 -14.959 2.9012
233.742 -14.8501 2.898 0.0424222 233.83 -14.959 2.9012
233.742 -14.8501 2.898 0.0424222 233.83 -14.959 2.9012
233.514 -14.7475 2.89064 0.0147919 233.83 -14.959 2.9012
233.897 -14.8794 2.89958 0.0144272 233.83 -14.959 2.9012
233.843 -14.8171 2.89684 0.0135967 233.83 -14.959 2.9012
233.897 -14.8794 2.89958 0.0144272 233.83 -14.959 2.9012
233.742 -14.8501 2.898 0.0424222 233.83 -14.959 2.9012
233.742 -14.8501 2.898 0.0424222 233.83 -14.959 2.9012
233.742 -14.8501 2.898 0.0424222 233.83 -14.959 2.9012
233.742 -14.8501 2.898 0.0424222 233.83 -14.959 2.9012
233.897 -14.8794 2.89958 0.0144272 233.83 -14.959 2.9012
233.897 -14.8794 2.89958 0.0144272 233.83 -14.959 2.9012
233.897 -14.8794 2.89958 0.0144272 233.83 -14.959 2.9012
233.66 -14.8741 2.88818 0.00567154 233.83 -14.959 2.9012
233.742 -14.8501 2.898 0.0424222 233.83 -14.959 2.9012
233.742 -14.8501 2.898 0.0424222 233.83 -14.959 2.9012
233.886 -14.9016 2.9052 0.00252718 233.83 -14.959 2.9012
233.742 -14.8501 2.898 0.0424222 233.83 -14.959 2.9012
233.514 -14.7475 2.89064 0.0147919 233.83 -14.959 2.9012
233.514 -14.7475 2.89064 0.0147919 233.83 -14.959 2.9012
233.899 -14.6923 2.89817 0.000962477 233.83 -14.959 2.9012
233.843 -14.8171 2.89684 0.0135967 233.83 -14.959 2.9012
233.843 -14.8171 2.89684 0.0135967 233.83 -14.959 2.9012
233.742 -14.8501 2.898 0.0424222 233.83 -14.959 2.9012
233.742 -14.8501 2.898 0.0424222 233.83 -14.959 2.9012
233.843 -14.8171 2.89684 0.0135967 233.83 -14.959 2.9012
233.742 -14.8501 2.898 0.0424222 233.83 -14.959 2.9012
233.742 -14.8501 2.898 0.0424222 233.83 -14.959 2.9012
233.66 -14.8741 2.88818 0.00567154 233.83 -14.959 2.9012
233.742 -14.8501 2.898 0.0424222 233.83 -14.959 2.9012
233.897 -14.8794 2.89958 0.0144272 233.83 -14.959 2.9012
233.66 -14.8741 2.88818 0.00567154 233.83 -14.959 2.9012
233.897 -14.8794 2.89958 0.0144272 233.83 -14.959 2.9012
233.626 -14.7862 2.89759 0.0220032 233.83 -14.959 2.9012
233.742 -14.8501 2.898 0.0424222 233.83 -14.959 2.9012
233.514 -14.7475 2.89064 0.0147919 233.83 -14.959 2.9012
233.742 -14.8501 2.898 0.0424222 233.83 -14.959 2.9012
233.897 -14.8794 2.89958 0.0144272 233.83 -14.959 2.9012
233.514 -14.7475 2.89064 0.0147919 233.83 -14.959 2.9012
233.897 -14.8794 2.89958 0.0144272 233.83 -14.959 2.9012
233.66 -14.8741 2.88818 0.00567154 233.83 -14.959 2.9012
233.514 -14.7475 2.89064 0.0147919 233.83 -14.959 2.9012
233.626 -14.7862 2.89759 0.0220032 233.83 -14.959 2.9012
233.843 -14.8171 2.89684 0.0135967 233.83 -14.959 2.9012
233.742 -14.8501 2.898 0.0424222 233.83 -14.959 2.9012
233.897 -14.8794 2.89958 0.0144272 233.83 -14.959 2.9012
233.742 -14.8501 2.898 0.0424222 233.83 -14.959 2.9012
233.897 -14.8794 2.89958 0.0144272 233.83 -14.959 2.9012
233.66 -14.8741 2.88818 0.00567154 233.83 -14.959 2.9012
233.626 -14.7862 2.89759 0.0220032 233.83 -14.959 2.9012
233.742 -14.8501 2.898 0.0424222 233.83 -14.959 2.9012
233.626 -14.7862 2.89759 0.0220032 233.83 -14.959 2.9012
233.843 -14.8171 2.89684 0.0135967 233.83 -14.959 2.9012
233.897 -14.8794 2.89958 0.0144272 233.83 -14.959 2.9012
233.843 -14.8171 2.89684 0.0135967 233.83 -14.959 2.9012
233.742 -14.8501 2.898 0.0424222 233.83 -14.959 2.9012
233.66 -14.8741 2.88818 0.00567154 233.83 -14.959 2.9012
233.626 -14.7862 2.89759 0.0220032 233.83 -14.959 2.9012
233.886 -14.9016 2.9052 0.00252718 233.83 -14.959 2.9012
233.742 -14.8501 2.898 0.0424222 233.83 -14.959 2.9012
233.843 -14.8171 2.89684 0.0135967 233.83 -14.959 2.9012
233.843 -14.8171 2.89684 0.0135967 233.83 -14.959 2.9012
233.742 -14.8501 2.898 0.0424222 233.83 -14.959 2.9012
233.897 -14.8794 2.89958 0.0144272 233.83 -14.959 2.9012
233.843 -14.8171 2.89684 0.0135967 233.83 -14.959 2.9012
233.742 -14.8501 2.898 0.0424222 233.83 -14.959 2.9012
233.742 -14.8501 2.898 0.0424222 233.83 -14.959 2.9012
233.514 -14.7475 2.89064 0.0147919 233.83 -14.959 2.9012
233.514 -14.7475 2.89064 0.0147919 233.83 -14.959 2.9012
233.626 -14.7862 2.89759 0.0220032 233.83 -14.959 2.9012
233.626 -14.7862 2.89759 0.0220032 233.83 -14.959 2.9012
233.897 -14.8794 2.89958 0.0144272 233.83 -14.959 2.9012
233.742 -14.8501 2.898 0.0424222 233.83 -14.959 2.9012
233.742 -14.8501 2.898 0.0424222 233.83 -14.959 2.9012
233.742 -14.8501 2.898 0.0424222 233.83 -14.959 2.9012
233.897 -14.8794 2.89958 0.0144272 233.83 -14.959 2.9012
233.742 -14.8501 2.898 0.0424222 233.83 -14.959 2.9012
233.843 -14.8171 2.89684 0.0135967 233.83 -14.959 2.9012
233.843 -14.8171 2.89684 0.0135967 233.83 -14.959 2.9012
233.514 -14.7475 2.89064 0.0147919 233.83 -14.959 2.9012
233.742 -14.8501 2.898 0.0424222 233.83 -14.959 2.9012
233.626 -14.7862 2.89759 0.0220032 233.83 -14.959 2.9012
233.886 -14.9016 2.9052 0.00252718 233.83 -14.959 2.9012
233.897 -14.8794 2.89958 0.0144272 233.83 -14.959 2.9012
233.626 -14.7862 2.89759 0.0220032 233.83 -14.959 2.9012
233.514 -14.7475 2.89064 0.0147919 233.83 -14.959 2.9012
233.514 -14.7475 2.89064 0.0147919 233.83 -14.959 2.9012
233.626 -14.7862 2.89759 0.0220032 233.83 -14.959 2.9012
233.886 -14.9016 2.9052 0.00252718 233.83 -14.959 2.9012
233.897 -14.8794 2.89958 0.0144272 233.83 -14.959 2.9012
233.735 -14.7546 2.8897 0.00174933 233.83 -14.959 2.9012
233.742 -14.8501 2.898 0.0424222 233.83 -14.959 2.9012
233.626 -14.7862 2.89759 0.0220032 233.83 -14.959 2.9012
233.514 -14.7475 2.89064 0.0147919 233.83 -14.959 2.9012
233.897 -14.8794 2.89958 0.0144272 233.83 -14.959 2.9012
233.742 -14.8501 2.898 0.0424222 233.83 -14.959 2.9012
233.886 -14.9016 2.9052 0.00252718 233.83 -14.959 2.9012
233.626 -14.7862 2.89759 0.0220032 233.83 -14.959 2.9012
233.66 -14.8741 2.88818 0.00567154 233.83 -14.959 2.9012
233.843 -14.8171 2.89684 0.0135967 233.83 -14.959 2.9012
233.626 -14.7862 2.89759 0.0220032 233.83 -14.959 2.9012
233.514 -14.7475 2.89064 0.0147919 233.83 -14.959 2.9012
