274.214 -7.79926 4.13908 0.0982362 274.49 -7.8447 4.1451
273.991 -7.89806 4.13582 0.0429833 274.49 -7.8447 4.1451
274.561 -7.88618 4.15198 0.0809392 274.49 -7.8447 4.1451
274.474 -7.90867 4.1424 0.182417 274.49 -7.8447 4.1451
274.442 -8.05407 4.14352 0.228853 274.49 -7.8447 4.1451
274.333 -8.1055 4.14044 0.198488 274.49 -7.8447 4.1451
274.181 -8.12673 4.13977 0.102172 274.49 -7.8447 4.1451
274.355 -8.0484 4.14782 0.0933435 274.49 -7.8447 4.1451
274.36 -8.00101 4.1414 0.366743 274.49 -7.8447 4.1451
274.36 -7.89785 4.13637 0.107323 274.49 -7.8447 4.1451
274.474 -7.90867 4.1424 0.182417 274.49 -7.8447 4.1451
274.333 -8.1055 4.14044 0.198488 274.49 -7.8447 4.1451
274.181 -8.12673 4.13977 0.102172 274.49 -7.8447 4.1451
274.333 -8.1055 4.14044 0.198488 274.49 -7.8447 4.1451
274.474 -7.90867 4.1424 0.182417 274.49 -7.8447 4.1451
274.41 -8.07297 4.1384 0.110233 274.49 -7.8447 4.1451
274.261 -8.04336 4.14343 0.176791 274.49 -7.8447 4.1451
274.216 -7.83302 4.13793 0.153992 274.49 -7.8447 4.1451
274.525 -8.02135 4.14204 0.0959782 274.49 -7.8447 4.1451
274.41 -8.07297 4.1384 0.110233 274.49 -7.8447 4.1451
274.261 -8.04336 4.14343 0.176791 274.49 -7.8447 4.1451
274.36 -8.00101 4.1414 0.366743 274.49 -7.8447 4.1451
273.916 -7.7658 4.13026 0.00642406 274.49 -7.8447 4.1451
274.216 -7.83302 4.13793 0.153992 274.49 -7.8447 4.1451
274.442 -8.05407 4.14352 0.228853 274.49 -7.8447 4.1451
274.216 -7.83302 4.13793 0.153992 274.49 -7.8447 4.1451
274.355 -8.0484 4.14782 0.0933435 274.49 -7.8447 4.1451
274.405 -7.83836 4.1522 0.0182063 274.49 -7.8447 4.1451
274.214 -7.79926 4.13908 0.0982362 274.49 -7.8447 4.1451
274.36 -8.00101 4.1414 0.366743 274.49 -7.8447 4.1451
274.368 -7.88296 4.15342 0.0064477 274.49 -7.8447 4.1451
273.916 -7.7658 4.13026 0.00642406 274.49 -7.8447 4.1451
274.2 -8.09243 4.13493 0.178775 274.49 -7.8447 4.1451
274.181 -8.12673 4.13977 0.102172 274.49 -7.8447 4.1451
274.36 -8.00101 4.1414 0.366743 274.49 -7.8447 4.1451
274.36 -7.89785 4.13637 0.107323 274.49 -7.8447 4.1451
274.2 -8.09243 4.13493 0.178775 274.49 -7.8447 4.1451
274.129 -8.00604 4.14453 0.0184153 274.49 -7.8447 4.1451
274.333 -8.1055 4.14044 0.198488 274.49 -7.8447 4.1451
274.561 -7.88618 4.15198 0.0809392 274.49 -7.8447 4.1451
274.36 -8.00101 4.1414 0.366743 274.49 -7.8447 4.1451
273.991 -7.89806 4.13582 0.0429833 274.49 -7.8447 4.1451
274.354 -7.88919 4.14928 0.0573369 274.49 -7.8447 4.1451
274.355 -8.0484 4.14782 0.0933435 274.49 -7.8447 4.1451
274.36 -8.00101 4.1414 0.366743 274.49 -7.8447 4.1451
274.355 -8.0484 4.14782 0.0933435 274.49 -7.8447 4.1451
274.474 -7.90867 4.1424 0.182417 274.49 -7.8447 4.1451
274.2 -8.09243 4.13493 0.178775 274.49 -7.8447 4.1451
274.36 -8.00101 4.1414 0.366743 274.49 -7.8447 4.1451
274.234 -7.79326 4.13566 0.0704651 274.49 -7.8447 4.1451
274.442 -8.05407 4.14352 0.228853 274.49 -7.8447 4.1451
274.26 -7.71334 4.13765 0.0224879 274.49 -7.8447 4.1451
274.442 -8.05407 4.14352 0.228853 274.49 -7.8447 4.1451
274.442 -8.05407 4.14352 0.228853 274.49 -7.8447 4.1451
274.474 -7.90867 4.1424 0.182417 274.49 -7.8447 4.1451
274.234 -7.79326 4.13566 0.0704651 274.49 -7.8447 4.1451
274.339 -7.93488 4.13596 0.140343 274.49 -7.8447 4.1451
274.41 -8.07297 4.1384 0.110233 274.49 -7.8447 4.1451
274.652 -7.97937 4.16196 0.00102094 274.49 -7.8447 4.1451
274.442 -8.05407 4.14352 0.228853 274.49 -7.8447 4.1451
274.234 -7.79326 4.13566 0.0704651 274.49 -7.8447 4.1451
274.442 -8.05407 4.14352 0.228853 274.49 -7.8447 4.1451
274.362 -8.22548 4.13489 0.0081013 274.49 -7.8447 4.1451
274.333 -8.1055 4.14044 0.198488 274.49 -7.8447 4.1451
274.181 -8.12673 4.13977 0.102172 274.49 -7.8447 4.1451
274.181 -8.12673 4.13977 0.102172 274.49 -7.8447 4.1451
274.2 -8.09243 4.13493 0.178775 274.49 -7.8447 4.1451
274.474 -7.90867 4.1424 0.182417 274.49 -7.8447 4.1451
274.41 -8.07297 4.1384 0.110233 274.49 -7.8447 4.1451
274.191 -7.90404 4.12791 0.015641 274.49 -7.8447 4.1451
274.261 -8.04336 4.14343 0.176791 274.49 -7.8447 4.1451
274.234 -7.79326 4.13566 0.0704651 274.49 -7.8447 4.1451
274.214 -7.79926 4.13908 0.0982362 274.49 -7.8447 4.1451
274.41 -8.07297 4.1384 0.110233 274.49 -7.8447 4.1451
274.216 -7.83302 4.13793 0.153992 274.49 -7.8447 4.1451
274.561 -7.88618 4.15198 0.0809392 274.49 -7.8447 4.1451
274.36 -8.00101 4.1414 0.366743 274.49 -7.8447 4.1451
274.333 -8.1055 4.14044 0.198488 274.49 -7.8447 4.1451
274.2 -8.09243 4.13493 0.178775 274.49 -7.8447 4.1451
274.261 -8.04336 4.14343 0.176791 274.49 -7.8447 4.1451
274.525 -8.02135 4.14204 0.0959782 274.49 -7.8447 4.1451
274.36 -8.00101 4.1414 0.366743 274.49 -7.8447 4.1451
274.525 -8.02135 4.14204 0.0959782 274.49 -7.8447 4.1451
274.234 -7.79326 4.13566 0.0704651 274.49 -7.8447 4.1451
274.216 -7.83302 4.13793 0.153992 274.49 -7.8447 4.1451
274.442 -8.05407 4.14352 0.228853 274.49 -7.8447 4.1451
274.216 -7.83302 4.13793 0.153992 274.49 -7.8447 4.1451
274.234 -7.79326 4.13566 0.0704651 274.49 -7.8447 4.1451
274.181 -8.12673 4.13977 0.102172 274.49 -7.8447 4.1451
274.442 -8.05407 4.14352 0.228853 274.49 -7.8447 4.1451
274.216 -7.83302 4.13793 0.153992 274.49 -7.8447 4.1451
273.991 -7.89806 4.13582 0.0429833 274.49 -7.8447 4.1451
274.339 -7.93488 4.13596 0.140343 274.49 -7.8447 4.1451
274.41 -8.07297 4.1384 0.110233 274.49 -7.8447 4.1451
274.525 -8.02135 4.14204 0.0959782 274.49 -7.8447 4.1451
274.442 -8.05407 4.14352 0.228853 274.49 -7.8447 4.1451
274.161 -8.09889 4.14491 0.0150591 274.49 -7.8447 4.1451
274.36 -7.89785 4.13637 0.107323 274.49 -7.8447 4.1451
274.474 -7.90867 4.1424 0.182417 274.49 -7.8447 4.1451
274.474 -7.90867 4.1424 0.182417 274.49 -7.8447 4.1451
274.191 -7.90404 4.12791 0.015641 274.49 -7.8447 4.1451
274.474 -7.90867 4.1424 0.182417 274.49 -7.8447 4.1451
274.442 -8.05407 4.14352 0.228853 274.49 -7.8447 4.1451
274.333 -8.1055 4.14044 0.198488 274.49 -7.8447 4.1451
274.442 -8.05407 4.14352 0.228853 274.49 -7.8447 4.1451
274.36 -8.00101 4.1414 0.366743 274.49 -7.8447 4.1451
274.36 -7.89785 4.13637 0.107323 274.49 -7.8447 4.1451
274.721 -7.79777 4.1596 0.00366933 274.49 -7.8447 4.1451
274.561 -7.88618 4.15198 0.0809392 274.49 -7.8447 4.1451
274.2 -8.09243 4.13493 0.178775 274.49 -7.8447 4.1451
274.261 -8.04336 4.14343 0.176791 274.49 -7.8447 4.1451
274.442 -8.05407 4.14352 0.228853 274.49 -7.8447 4.1451
274.652 -7.97937 4.16196 0.00102094 274.49 -7.8447 4.1451
274.333 -8.1055 4.14044 0.198488 274.49 -7.8447 4.1451
274.333 -8.1055 4.14044 0.198488 274.49 -7.8447 4.1451
274.518 -7.88697 4.13864 0.02274 274.49 -7.8447 4.1451
274.474 -7.90867 4.1424 0.182417 274.49 -7.8447 4.1451
274.36 -8.00101 4.1414 0.366743 274.49 -7.8447 4.1451
274.2 -8.09243 4.13493 0.178775 274.49 -7.8447 4.1451
274.261 -8.04336 4.14343 0.176791 274.49 -7.8447 4.1451
274.474 -7.90867 4.1424 0.182417 274.49 -7.8447 4.1451
274.525 -8.02135 4.14204 0.0959782 274.49 -7.8447 4.1451
274.216 -7.83302 4.13793 0.153992 274.49 -7.8447 4.1451
274.339 -7.93488 4.13596 0.140343 274.49 -7.8447 4.1451
274.474 -7.90867 4.1424 0.182417 274.49 -7.8447 4.1451
274.561 -7.88618 4.15198 0.0809392 274.49 -7.8447 4.1451
274.339 -7.93488 4.13596 0.140343 274.49 -7.8447 4.1451
274.816 -8.13754 4.15801 0.00181174 274.49 -7.8447 4.1451
274.339 -7.93488 4.13596 0.140343 274.49 -7.8447 4.1451
274.261 -8.04336 4.14343 0.176791 274.49 -7.8447 4.1451
274.406 -7.72936 4.14419 0.0380605 274.49 -7.8447 4.1451
274.234 -7.79326 4.13566 0.0704651 274.49 -7.8447 4.1451
274.558 -7.74574 4.15174 0.0198532 274.49 -7.8447 4.1451
274.2 -8.09243 4.13493 0.178775 274.49 -7.8447 4.1451
274.442 -8.05407 4.14352 0.228853 274.49 -7.8447 4.1451
274.339 -7.93488 4.13596 0.140343 274.49 -7.8447 4.1451
274.333 -8.1055 4.14044 0.198488 274.49 -7.8447 4.1451
274.36 -8.00101 4.1414 0.366743 274.49 -7.8447 4.1451
274.474 -7.90867 4.1424 0.182417 274.49 -7.8447 4.1451
274.442 -8.05407 4.14352 0.228853 274.49 -7.8447 4.1451
274.518 -7.88697 4.13864 0.02274 274.49 -7.8447 4.1451
274.337 -7.66564 4.14265 0.0101712 274.49 -7.8447 4.1451
274.333 -8.1055 4.14044 0.198488 274.49 -7.8447 4.1451
274.41 -8.07297 4.1384 0.110233 274.49 -7.8447 4.1451
274.339 -7.93488 4.13596 0.140343 274.49 -7.8447 4.1451
274.442 -8.05407 4.14352 0.228853 274.49 -7.8447 4.1451
273.991 -7.89806 4.13582 0.0429833 274.49 -7.8447 4.1451
274.41 -8.07297 4.1384 0.110233 274.49 -7.8447 4.1451
274.36 -8.00101 4.1414 0.366743 274.49 -7.8447 4.1451
274.261 -8.04336 4.14343 0.176791 274.49 -7.8447 4.1451
274.474 -7.90867 4.1424 0.182417 274.49 -7.8447 4.1451
274.355 -8.0484 4.14782 0.0933435 274.49 -7.8447 4.1451
274.442 -8.05407 4.14352 0.228853 274.49 -7.8447 4.1451
274.474 -7.90867 4.1424 0.182417 274.49 -7.8447 4.1451
274.405 -7.83836 4.1522 0.0182063 274.49 -7.8447 4.1451
274.216 -7.83302 4.13793 0.153992 274.49 -7.8447 4.1451
274.41 -8.07297 4.1384 0.110233 274.49 -7.8447 4.1451
274.474 -7.90867 4.1424 0.182417 274.49 -7.8447 4.1451
274.339 -7.93488 4.13596 0.140343 274.49 -7.8447 4.1451
274.339 -7.93488 4.13596 0.140343 274.49 -7.8447 4.1451
274.214 -7.79926 4.13908 0.0982362 274.49 -7.8447 4.1451
274.337 -7.66564 4.14265 0.0101712 274.49 -7.8447 4.1451
274.474 -7.90867 4.1424 0.182417 274.49 -7.8447 4.1451
274.216 -7.83302 4.13793 0.153992 274.49 -7.8447 4.1451
274.525 -8.02135 4.14204 0.0959782 274.49 -7.8447 4.1451
274.216 -7.83302 4.13793 0.153992 274.49 -7.8447 4.1451
274.36 -8.00101 4.1414 0.366743 274.49 -7.8447 4.1451
274.41 -8.07297 4.1384 0.110233 274.49 -7.8447 4.1451
274.129 -8.00604 4.14453 0.0184153 274.49 -7.8447 4.1451
274.36 -8.00101 4.1414 0.366743 274.49 -7.8447 4.1451
274.41 -8.07297 4.1384 0.110233 274.49 -7.8447 4.1451
274.2 -8.09243 4.13493 0.178775 274.49 -7.8447 4.1451
274.442 -8.05407 4.14352 0.228853 274.49 -7.8447 4.1451
274.2 -8.09243 4.13493 0.178775 274.49 -7.8447 4.1451
274.216 -7.83302 4.13793 0.153992 274.49 -7.8447 4.1451
274.216 -7.83302 4.13793 0.153992 274.49 -7.8447 4.1451
274.354 -7.88919 4.14928 0.0573369 274.49 -7.8447 4.1451
274.474 -7.90867 4.1424 0.182417 274.49 -7.8447 4.1451
274.191 -7.90404 4.12791 0.015641 274.49 -7.8447 4.1451
274.261 -8.04336 4.14343 0.176791 274.49 -7.8447 4.1451
273.916 -7.7658 4.13026 0.00642406 274.49 -7.8447 4.1451
274.216 -7.83302 4.13793 0.153992 274.49 -7.8447 4.1451
274.333 -8.1055 4.14044 0.198488 274.49 -7.8447 4.1451
274.41 -8.07297 4.1384 0.110233 274.49 -7.8447 4.1451
274.442 -8.05407 4.14352 0.228853 274.49 -7.8447 4.1451
274.474 -7.90867 4.1424 0.182417 274.49 -7.8447 4.1451
274.261 -8.04336 4.14343 0.176791 274.49 -7.8447 4.1451
274.36 -8.00101 4.1414 0.366743 274.49 -7.8447 4.1451
274.191 -7.90404 4.12791 0.015641 274.49 -7.8447 4.1451
274.181 -8.12673 4.13977 0.102172 274.49 -7.8447 4.1451
274.214 -7.79926 4.13908 0.0982362 274.49 -7.8447 4.1451
274.405 -7.83836 4.1522 0.0182063 274.49 -7.8447 4.1451
274.525 -8.02135 4.14204 0.0959782 274.49 -7.8447 4.1451
274.216 -7.83302 4.13793 0.153992 274.49 -7.8447 4.1451
274.333 -8.1055 4.14044 0.198488 274.49 -7.8447 4.1451
274.525 -8.02135 4.14204 0.0959782 274.49 -7.8447 4.1451
274.138 -8.07765 4.12734 0.0239663 274.49 -7.8447 4.1451
274.36 -8.00101 4.1414 0.366743 274.49 -7.8447 4.1451
274.129 -8.00604 4.14453 0.0184153 274.49 -7.8447 4.1451
274.339 -7.93488 4.13596 0.140343 274.49 -7.8447 4.1451
