140.741 20.92 0.065904 0.687926 140.47 20.914 0.070103
140.707 21.026 0.0660171 1.12202 140.47 20.914 0.070103
140.388 20.8665 0.0685815 1.46087 140.47 20.914 0.070103
140.388 20.8665 0.0685815 1.46087 140.47 20.914 0.070103
140.453 21.0394 0.0656009 1.97788 140.47 20.914 0.070103
140.421 20.7264 0.071136 0.366527 140.47 20.914 0.070103
140.803 21.0727 0.0621774 0.169728 140.47 20.914 0.070103
140.388 20.8665 0.0685815 1.46087 140.47 20.914 0.070103
140.502 20.9673 0.0742687 0.570383 140.47 20.914 0.070103
140.737 20.9294 0.0688742 0.482298 140.47 20.914 0.070103
140.474 20.965 0.0655873 2.61321 140.47 20.914 0.070103
140.651 21.0664 0.0697341 0.774325 140.47 20.914 0.070103
140.474 20.965 0.0655873 2.61321 140.47 20.914 0.070103
140.682 20.9165 0.062464 0.738642 140.47 20.914 0.070103
140.454 21.1575 0.0648705 0.573876 140.47 20.914 0.070103
140.737 20.9294 0.0688742 0.482298 140.47 20.914 0.070103
140.803 21.0727 0.0621774 0.169728 140.47 20.914 0.070103
140.741 20.92 0.065904 0.687926 140.47 20.914 0.070103
140.668 20.9049 0.06143 0.487134 140.47 20.914 0.070103
140.46 20.7033 0.0708967 0.287858 140.47 20.914 0.070103
140.46 20.7033 0.0708967 0.287858 140.47 20.914 0.070103
140.707 21.026 0.0660171 1.12202 140.47 20.914 0.070103
140.453 21.0394 0.0656009 1.97788 140.47 20.914 0.070103
140.682 20.9165 0.062464 0.738642 140.47 20.914 0.070103
140.388 20.8665 0.0685815 1.46087 140.47 20.914 0.070103
140.396 20.8848 0.0641644 0.528116 140.47 20.914 0.070103
140.719 20.8642 0.0637193 0.49017 140.47 20.914 0.070103
140.304 20.9079 0.0670748 0.439982 140.47 20.914 0.070103
140.719 20.8642 0.0637193 0.49017 140.47 20.914 0.070103
140.388 20.8665 0.0685815 1.46087 140.47 20.914 0.070103
140.707 21.026 0.0660171 1.12202 140.47 20.914 0.070103
140.741 20.92 0.065904 0.687926 140.47 20.914 0.070103
140.426 20.7957 0.0805402 0.00495237 140.47 20.914 0.070103
140.741 20.92 0.065904 0.687926 140.47 20.914 0.070103
140.453 21.0394 0.0656009 1.97788 140.47 20.914 0.070103
140.396 20.8848 0.0641644 0.528116 140.47 20.914 0.070103
140.737 20.9294 0.0688742 0.482298 140.47 20.914 0.070103
140.452 20.7451 0.066133 0.337856 140.47 20.914 0.070103
140.737 20.9294 0.0688742 0.482298 140.47 20.914 0.070103
140.651 21.0664 0.0697341 0.774325 140.47 20.914 0.070103
140.741 20.92 0.065904 0.687926 140.47 20.914 0.070103
140.46 20.7033 0.0708967 0.287858 140.47 20.914 0.070103
140.474 20.965 0.0655873 2.61321 140.47 20.914 0.070103
140.396 20.8848 0.0641644 0.528116 140.47 20.914 0.070103
140.351 20.8976 0.0656131 0.559327 140.47 20.914 0.070103
140.79 21.0627 0.0572814 0.0282602 140.47 20.914 0.070103
140.453 21.0394 0.0656009 1.97788 140.47 20.914 0.070103
140.46 20.7033 0.0708967 0.287858 140.47 20.914 0.070103
140.707 21.026 0.0660171 1.12202 140.47 20.914 0.070103
140.646 20.743 0.0692918 0.30398 140.47 20.914 0.070103
140.388 20.8665 0.0685815 1.46087 140.47 20.914 0.070103
140.388 20.8665 0.0685815 1.46087 140.47 20.914 0.070103
140.682 20.9165 0.062464 0.738642 140.47 20.914 0.070103
140.474 20.965 0.0655873 2.61321 140.47 20.914 0.070103
140.741 20.92 0.065904 0.687926 140.47 20.914 0.070103
140.737 20.8902 0.0685047 0.46608 140.47 20.914 0.070103
140.502 20.9673 0.0742687 0.570383 140.47 20.914 0.070103
140.452 20.7451 0.066133 0.337856 140.47 20.914 0.070103
140.388 20.8665 0.0685815 1.46087 140.47 20.914 0.070103
140.454 21.1575 0.0648705 0.573876 140.47 20.914 0.070103
140.682 20.9165 0.062464 0.738642 140.47 20.914 0.070103
140.304 20.9079 0.0670748 0.439982 140.47 20.914 0.070103
140.741 20.92 0.065904 0.687926 140.47 20.914 0.070103
140.474 20.965 0.0655873 2.61321 140.47 20.914 0.070103
140.737 20.8902 0.0685047 0.46608 140.47 20.914 0.070103
140.453 21.0394 0.0656009 1.97788 140.47 20.914 0.070103
140.453 21.0394 0.0656009 1.97788 140.47 20.914 0.070103
140.453 21.0394 0.0656009 1.97788 140.47 20.914 0.070103
140.453 21.0394 0.0656009 1.97788 140.47 20.914 0.070103
140.682 20.9165 0.062464 0.738642 140.47 20.914 0.070103
140.421 20.7264 0.071136 0.366527 140.47 20.914 0.070103
140.741 20.92 0.065904 0.687926 140.47 20.914 0.070103
140.502 20.9673 0.0742687 0.570383 140.47 20.914 0.070103
140.737 20.9294 0.0688742 0.482298 140.47 20.914 0.070103
140.593 21.0695 0.0735855 0.199096 140.47 20.914 0.070103
140.396 20.8848 0.0641644 0.528116 140.47 20.914 0.070103
140.532 21.2111 0.0584909 0.029955 140.47 20.914 0.070103
140.474 20.965 0.0655873 2.61321 140.47 20.914 0.070103
140.474 20.965 0.0655873 2.61321 140.47 20.914 0.070103
140.646 20.743 0.0692918 0.30398 140.47 20.914 0.070103
140.453 21.0394 0.0656009 1.97788 140.47 20.914 0.070103
140.46 20.7033 0.0708967 0.287858 140.47 20.914 0.070103
140.668 20.9049 0.06143 0.487134 140.47 20.914 0.070103
140.388 20.8665 0.0685815 1.46087 140.47 20.914 0.070103
140.727 20.9809 0.0597273 0.211689 140.47 20.914 0.070103
140.474 20.965 0.0655873 2.61321 140.47 20.914 0.070103
140.299 20.7656 0.0715897 0.196604 140.47 20.914 0.070103
140.421 20.7264 0.071136 0.366527 140.47 20.914 0.070103
140.583 20.7318 0.0748502 0.070989 140.47 20.914 0.070103
140.474 20.965 0.0655873 2.61321 140.47 20.914 0.070103
140.474 20.965 0.0655873 2.61321 140.47 20.914 0.070103
140.668 20.9049 0.06143 0.487134 140.47 20.914 0.070103
140.452 20.7451 0.066133 0.337856 140.47 20.914 0.070103
140.388 20.8665 0.0685815 1.46087 140.47 20.914 0.070103
140.421 20.7264 0.071136 0.366527 140.47 20.914 0.070103
140.707 21.026 0.0660171 1.12202 140.47 20.914 0.070103
140.719 20.8642 0.0637193 0.49017 140.47 20.914 0.070103
140.651 21.0664 0.0697341 0.774325 140.47 20.914 0.070103
140.388 20.8665 0.0685815 1.46087 140.47 20.914 0.070103
140.646 20.743 0.0692918 0.30398 140.47 20.914 0.070103
140.707 21.026 0.0660171 1.12202 140.47 20.914 0.070103
140.46 20.7033 0.0708967 0.287858 140.47 20.914 0.070103
140.452 20.7451 0.066133 0.337856 140.47 20.914 0.070103
140.756 20.8858 0.0572399 0.0161251 140.47 20.914 0.070103
140.332 20.7881 0.0649385 0.0956383 140.47 20.914 0.070103
140.737 20.8902 0.0685047 0.46608 140.47 20.914 0.070103
140.682 20.9165 0.062464 0.738642 140.47 20.914 0.070103
140.727 20.9809 0.0597273 0.211689 140.47 20.914 0.070103
140.682 20.9165 0.062464 0.738642 140.47 20.914 0.070103
140.474 20.965 0.0655873 2.61321 140.47 20.914 0.070103
140.474 20.965 0.0655873 2.61321 140.47 20.914 0.070103
140.707 21.026 0.0660171 1.12202 140.47 20.914 0.070103
140.421 20.7264 0.071136 0.366527 140.47 20.914 0.070103
140.453 21.0394 0.0656009 1.97788 140.47 20.914 0.070103
140.453 21.0394 0.0656009 1.97788 140.47 20.914 0.070103
140.396 20.8848 0.0641644 0.528116 140.47 20.914 0.070103
140.304 20.9079 0.0670748 0.439982 140.47 20.914 0.070103
140.541 20.7286 0.0715471 0.360924 140.47 20.914 0.070103
140.474 20.965 0.0655873 2.61321 140.47 20.914 0.070103
140.737 20.8902 0.0685047 0.46608 140.47 20.914 0.070103
140.474 20.965 0.0655873 2.61321 140.47 20.914 0.070103
140.719 20.8642 0.0637193 0.49017 140.47 20.914 0.070103
140.388 20.8665 0.0685815 1.46087 140.47 20.914 0.070103
140.474 20.965 0.0655873 2.61321 140.47 20.914 0.070103
140.502 20.9673 0.0742687 0.570383 140.47 20.914 0.070103
140.741 20.92 0.065904 0.687926 140.47 20.914 0.070103
140.593 21.0695 0.0735855 0.199096 140.47 20.914 0.070103
140.719 20.8642 0.0637193 0.49017 140.47 20.914 0.070103
140.453 21.0394 0.0656009 1.97788 140.47 20.914 0.070103
140.682 20.9165 0.062464 0.738642 140.47 20.914 0.070103
140.719 20.8642 0.0637193 0.49017 140.47 20.914 0.070103
140.707 21.026 0.0660171 1.12202 140.47 20.914 0.070103
140.388 20.8665 0.0685815 1.46087 140.47 20.914 0.070103
140.502 20.9673 0.0742687 0.570383 140.47 20.914 0.070103
140.502 20.9673 0.0742687 0.570383 140.47 20.914 0.070103
140.741 20.92 0.065904 0.687926 140.47 20.914 0.070103
140.646 20.743 0.0692918 0.30398 140.47 20.914 0.070103
140.474 20.965 0.0655873 2.61321 140.47 20.914 0.070103
140.741 20.92 0.065904 0.687926 140.47 20.914 0.070103
140.651 21.0664 0.0697341 0.774325 140.47 20.914 0.070103
140.453 21.0394 0.0656009 1.97788 140.47 20.914 0.070103
140.741 20.92 0.065904 0.687926 140.47 20.914 0.070103
140.474 20.965 0.0655873 2.61321 140.47 20.914 0.070103
140.808 21.0772 0.0729663 0.00513645 140.47 20.914 0.070103
140.388 20.8665 0.0685815 1.46087 140.47 20.914 0.070103
140.474 20.965 0.0655873 2.61321 140.47 20.914 0.070103
140.682 20.9165 0.062464 0.738642 140.47 20.914 0.070103
140.707 21.026 0.0660171 1.12202 140.47 20.914 0.070103
140.421 20.7264 0.071136 0.366527 140.47 20.914 0.070103
140.474 20.965 0.0655873 2.61321 140.47 20.914 0.070103
140.593 21.0695 0.0735855 0.199096 140.47 20.914 0.070103
140.502 20.9673 0.0742687 0.570383 140.47 20.914 0.070103
140.502 20.9673 0.0742687 0.570383 140.47 20.914 0.070103
140.474 20.965 0.0655873 2.61321 140.47 20.914 0.070103
140.486 20.9386 0.0588649 0.0710997 140.47 20.914 0.070103
140.474 20.965 0.0655873 2.61321 140.47 20.914 0.070103
140.668 20.9049 0.06143 0.487134 140.47 20.914 0.070103
140.304 20.9079 0.0670748 0.439982 140.47 20.914 0.070103
140.453 21.0394 0.0656009 1.97788 140.47 20.914 0.070103
140.474 20.965 0.0655873 2.61321 140.47 20.914 0.070103
140.474 20.965 0.0655873 2.61321 140.47 20.914 0.070103
140.668 20.9049 0.06143 0.487134 140.47 20.914 0.070103
140.502 20.9673 0.0742687 0.570383 140.47 20.914 0.070103
140.541 20.7286 0.0715471 0.360924 140.47 20.914 0.070103
140.541 20.7286 0.0715471 0.360924 140.47 20.914 0.070103
140.453 21.0394 0.0656009 1.97788 140.47 20.914 0.070103
140.453 21.0394 0.0656009 1.97788 140.47 20.914 0.070103
140.453 21.0394 0.0656009 1.97788 140.47 20.914 0.070103
140.388 20.8665 0.0685815 1.46087 140.47 20.914 0.070103
140.421 20.7264 0.071136 0.366527 140.47 20.914 0.070103
140.453 21.0394 0.0656009 1.97788 140.47 20.914 0.070103
140.396 20.8848 0.0641644 0.528116 140.47 20.914 0.070103
140.304 20.9079 0.0670748 0.439982 140.47 20.914 0.070103
140.351 20.8976 0.0656131 0.559327 140.47 20.914 0.070103
140.243 20.7574 0.0761377 0.029077 140.47 20.914 0.070103
140.737 20.9294 0.0688742 0.482298 140.47 20.914 0.070103
140.474 20.965 0.0655873 2.61321 140.47 20.914 0.070103
140.453 21.0394 0.0656009 1.97788 140.47 20.914 0.070103
140.453 21.0394 0.0656009 1.97788 140.47 20.914 0.070103
140.651 21.0664 0.0697341 0.774325 140.47 20.914 0.070103
140.474 20.965 0.0655873 2.61321 140.47 20.914 0.070103
140.452 20.7451 0.066133 0.337856 140.47 20.914 0.070103
140.304 20.9079 0.0670748 0.439982 140.47 20.914 0.070103
140.338 20.8401 0.0756307 0.200368 140.47 20.914 0.070103
140.454 21.1575 0.0648705 0.573876 140.47 20.914 0.070103
140.453 21.0394 0.0656009 1.97788 140.47 20.914 0.070103
140.502 20.9673 0.0742687 0.570383 140.47 20.914 0.070103
140.659 21.1953 0.0740143 0.00727394 140.47 20.914 0.070103
140.474 20.965 0.0655873 2.61321 140.47 20.914 0.070103
140.737 20.8902 0.0685047 0.46608 140.47 20.914 0.070103
140.453 21.0394 0.0656009 1.97788 140.47 20.914 0.070103
140.646 20.743 0.0692918 0.30398 140.47 20.914 0.070103
140.474 20.965 0.0655873 2.61321 140.47 20.914 0.070103
140.46 20.7033 0.0708967 0.287858 140.47 20.914 0.070103
140.707 21.026 0.0660171 1.12202 140.47 20.914 0.070103
140.388 20.8665 0.0685815 1.46087 140.47 20.914 0.070103
140.452 20.7451 0.066133 0.337856 140.47 20.914 0.070103
140.727 20.9809 0.0597273 0.211689 140.47 20.914 0.070103
140.474 20.965 0.0655873 2.61321 140.47 20.914 0.070103
140.737 20.8902 0.0685047 0.46608 140.47 20.914 0.070103
