60.3728 14.3597 0.0997963 2.45052 60.205 14.46 0.10438
60.1587 14.3701 0.0975593 0.224064 60.205 14.46 0.10438
60.2693 14.2096 0.0980437 1.85381 60.205 14.46 0.10438
60.1237 14.2728 0.105667 0.289902 60.205 14.46 0.10438
60.3094 14.5008 0.105225 0.180967 60.205 14.46 0.10438
60.2693 14.2096 0.0980437 1.85381 60.205 14.46 0.10438
60.0401 14.274 0.0981878 0.0430551 60.205 14.46 0.10438
60.2693 14.2096 0.0980437 1.85381 60.205 14.46 0.10438
60.0821 14.3285 0.109506 0.0293278 60.205 14.46 0.10438
60.0241 14.4894 0.10462 0.0140874 60.205 14.46 0.10438
60.3728 14.3597 0.0997963 2.45052 60.205 14.46 0.10438
60.1978 14.5918 0.096985 0.00881142 60.205 14.46 0.10438
60.1974 14.1231 0.106484 0.201555 60.205 14.46 0.10438
60.3728 14.3597 0.0997963 2.45052 60.205 14.46 0.10438
60.3728 14.3597 0.0997963 2.45052 60.205 14.46 0.10438
60.3728 14.3597 0.0997963 2.45052 60.205 14.46 0.10438
60.0459 14.1438 0.0979715 0.0346875 60.205 14.46 0.10438
60.3728 14.3597 0.0997963 2.45052 60.205 14.46 0.10438
60.3728 14.3597 0.0997963 2.45052 60.205 14.46 0.10438
60.2693 14.2096 0.0980437 1.85381 60.205 14.46 0.10438
60.1587 14.3701 0.0975593 0.224064 60.205 14.46 0.10438
60.3728 14.3597 0.0997963 2.45052 60.205 14.46 0.10438
60.2693 14.2096 0.0980437 1.85381 60.205 14.46 0.10438
60.4764 14.3988 0.091656 0.128621 60.205 14.46 0.10438
60.3728 14.3597 0.0997963 2.45052 60.205 14.46 0.10438
60.3728 14.3597 0.0997963 2.45052 60.205 14.46 0.10438
60.2657 14.4645 0.0976152 0.303587 60.205 14.46 0.10438
60.1237 14.2728 0.105667 0.289902 60.205 14.46 0.10438
60.2693 14.2096 0.0980437 1.85381 60.205 14.46 0.10438
60.2693 14.2096 0.0980437 1.85381 60.205 14.46 0.10438
60.2261 14.3656 0.0997721 1.04016 60.205 14.46 0.10438
60.2261 14.3656 0.0997721 1.04016 60.205 14.46 0.10438
60.2693 14.2096 0.0980437 1.85381 60.205 14.46 0.10438
60.2261 14.3656 0.0997721 1.04016 60.205 14.46 0.10438
60.2657 14.4645 0.0976152 0.303587 60.205 14.46 0.10438
60.2261 14.3656 0.0997721 1.04016 60.205 14.46 0.10438
60.2657 14.4645 0.0976152 0.303587 60.205 14.46 0.10438
60.2261 14.3656 0.0997721 1.04016 60.205 14.46 0.10438
60.2693 14.2096 0.0980437 1.85381 60.205 14.46 0.10438
60.2693 14.2096 0.0980437 1.85381 60.205 14.46 0.10438
60.3728 14.3597 0.0997963 2.45052 60.205 14.46 0.10438
60.2657 14.4645 0.0976152 0.303587 60.205 14.46 0.10438
60.3728 14.3597 0.0997963 2.45052 60.205 14.46 0.10438
60.3728 14.3597 0.0997963 2.45052 60.205 14.46 0.10438
60.2693 14.2096 0.0980437 1.85381 60.205 14.46 0.10438
60.2693 14.2096 0.0980437 1.85381 60.205 14.46 0.10438
60.2693 14.2096 0.0980437 1.85381 60.205 14.46 0.10438
60.2657 14.4645 0.0976152 0.303587 60.205 14.46 0.10438
60.2693 14.2096 0.0980437 1.85381 60.205 14.46 0.10438
60.3094 14.5008 0.105225 0.180967 60.205 14.46 0.10438
60.3728 14.3597 0.0997963 2.45052 60.205 14.46 0.10438
60.3728 14.3597 0.0997963 2.45052 60.205 14.46 0.10438
60.2261 14.3656 0.0997721 1.04016 60.205 14.46 0.10438
60.2261 14.3656 0.0997721 1.04016 60.205 14.46 0.10438
60.2261 14.3656 0.0997721 1.04016 60.205 14.46 0.10438
60.3728 14.3597 0.0997963 2.45052 60.205 14.46 0.10438
60.3728 14.3597 0.0997963 2.45052 60.205 14.46 0.10438
60.4764 14.3988 0.091656 0.128621 60.205 14.46 0.10438
60.2657 14.4645 0.0976152 0.303587 60.205 14.46 0.10438
60.0821 14.3285 0.109506 0.0293278 60.205 14.46 0.10438
60.3728 14.3597 0.0997963 2.45052 60.205 14.46 0.10438
60.2693 14.2096 0.0980437 1.85381 60.205 14.46 0.10438
60.3094 14.5008 0.105225 0.180967 60.205 14.46 0.10438
60.2261 14.3656 0.0997721 1.04016 60.205 14.46 0.10438
60.3728 14.3597 0.0997963 2.45052 60.205 14.46 0.10438
60.3728 14.3597 0.0997963 2.45052 60.205 14.46 0.10438
60.3094 14.5008 0.105225 0.180967 60.205 14.46 0.10438
60.6628 14.3419 0.101504 0.11795 60.205 14.46 0.10438
60.3728 14.3597 0.0997963 2.45052 60.205 14.46 0.10438
60.2261 14.3656 0.0997721 1.04016 60.205 14.46 0.10438
60.2693 14.2096 0.0980437 1.85381 60.205 14.46 0.10438
60.2261 14.3656 0.0997721 1.04016 60.205 14.46 0.10438
60.2693 14.2096 0.0980437 1.85381 60.205 14.46 0.10438
60.2261 14.3656 0.0997721 1.04016 60.205 14.46 0.10438
60.2693 14.2096 0.0980437 1.85381 60.205 14.46 0.10438
60.2693 14.2096 0.0980437 1.85381 60.205 14.46 0.10438
60.3728 14.3597 0.0997963 2.45052 60.205 14.46 0.10438
60.3728 14.3597 0.0997963 2.45052 60.205 14.46 0.10438
60.2693 14.2096 0.0980437 1.85381 60.205 14.46 0.10438
60.0669 14.3646 0.10099 0.112154 60.205 14.46 0.10438
60.0669 14.3646 0.10099 0.112154 60.205 14.46 0.10438
60.3728 14.3597 0.0997963 2.45052 60.205 14.46 0.10438
60.3728 14.3597 0.0997963 2.45052 60.205 14.46 0.10438
60.0669 14.3646 0.10099 0.112154 60.205 14.46 0.10438
60.3728 14.3597 0.0997963 2.45052 60.205 14.46 0.10438
60.2693 14.2096 0.0980437 1.85381 60.205 14.46 0.10438
60.3728 14.3597 0.0997963 2.45052 60.205 14.46 0.10438
60.3728 14.3597 0.0997963 2.45052 60.205 14.46 0.10438
60.2259 14.5301 0.0991858 0.101547 60.205 14.46 0.10438
60.3219 14.5752 0.0980787 0.0668266 60.205 14.46 0.10438
60.2693 14.2096 0.0980437 1.85381 60.205 14.46 0.10438
60.1237 14.2728 0.105667 0.289902 60.205 14.46 0.10438
60.3728 14.3597 0.0997963 2.45052 60.205 14.46 0.10438
60.2261 14.3656 0.0997721 1.04016 60.205 14.46 0.10438
60.3728 14.3597 0.0997963 2.45052 60.205 14.46 0.10438
60.2261 14.3656 0.0997721 1.04016 60.205 14.46 0.10438
60.2261 14.3656 0.0997721 1.04016 60.205 14.46 0.10438
60.3094 14.5008 0.105225 0.180967 60.205 14.46 0.10438
60.3094 14.5008 0.105225 0.180967 60.205 14.46 0.10438
60.3728 14.3597 0.0997963 2.45052 60.205 14.46 0.10438
60.2261 14.3656 0.0997721 1.04016 60.205 14.46 0.10438
60.3191 14.5342 0.0976379 0.137986 60.205 14.46 0.10438
60.1587 14.3701 0.0975593 0.224064 60.205 14.46 0.10438
60.3219 14.5752 0.0980787 0.0668266 60.205 14.46 0.10438
60.2693 14.2096 0.0980437 1.85381 60.205 14.46 0.10438
60.0107 13.9676 0.102581 0.00362159 60.205 14.46 0.10438
60.2693 14.2096 0.0980437 1.85381 60.205 14.46 0.10438
60.2261 14.3656 0.0997721 1.04016 60.205 14.46 0.10438
60.2261 14.3656 0.0997721 1.04016 60.205 14.46 0.10438
60.2693 14.2096 0.0980437 1.85381 60.205 14.46 0.10438
60.0669 14.3646 0.10099 0.112154 60.205 14.46 0.10438
60.0798 14.3774 0.0996757 0.0981068 60.205 14.46 0.10438
60.3728 14.3597 0.0997963 2.45052 60.205 14.46 0.10438
60.3219 14.5752 0.0980787 0.0668266 60.205 14.46 0.10438
60.2693 14.2096 0.0980437 1.85381 60.205 14.46 0.10438
60.3728 14.3597 0.0997963 2.45052 60.205 14.46 0.10438
60.2693 14.2096 0.0980437 1.85381 60.205 14.46 0.10438
60.2261 14.3656 0.0997721 1.04016 60.205 14.46 0.10438
60.2261 14.3656 0.0997721 1.04016 60.205 14.46 0.10438
60.3094 14.5008 0.105225 0.180967 60.205 14.46 0.10438
60.1904 14.1757 0.0940261 0.11456 60.205 14.46 0.10438
60.2693 14.2096 0.0980437 1.85381 60.205 14.46 0.10438
60.1237 14.2728 0.105667 0.289902 60.205 14.46 0.10438
60.1974 14.1231 0.106484 0.201555 60.205 14.46 0.10438
60.2657 14.4645 0.0976152 0.303587 60.205 14.46 0.10438
60.1904 14.1757 0.0940261 0.11456 60.205 14.46 0.10438
60.2261 14.3656 0.0997721 1.04016 60.205 14.46 0.10438
60.2261 14.3656 0.0997721 1.04016 60.205 14.46 0.10438
60.3728 14.3597 0.0997963 2.45052 60.205 14.46 0.10438
60.3728 14.3597 0.0997963 2.45052 60.205 14.46 0.10438
60.2657 14.4645 0.0976152 0.303587 60.205 14.46 0.10438
60.2693 14.2096 0.0980437 1.85381 60.205 14.46 0.10438
60.3728 14.3597 0.0997963 2.45052 60.205 14.46 0.10438
60.2261 14.3656 0.0997721 1.04016 60.205 14.46 0.10438
60.6628 14.3419 0.101504 0.11795 60.205 14.46 0.10438
60.1904 14.1757 0.0940261 0.11456 60.205 14.46 0.10438
60.3728 14.3597 0.0997963 2.45052 60.205 14.46 0.10438
60.2693 14.2096 0.0980437 1.85381 60.205 14.46 0.10438
60.2693 14.2096 0.0980437 1.85381 60.205 14.46 0.10438
60.2693 14.2096 0.0980437 1.85381 60.205 14.46 0.10438
60.3728 14.3597 0.0997963 2.45052 60.205 14.46 0.10438
60.0401 14.274 0.0981878 0.0430551 60.205 14.46 0.10438
60.3728 14.3597 0.0997963 2.45052 60.205 14.46 0.10438
60.1904 14.1757 0.0940261 0.11456 60.205 14.46 0.10438
60.3728 14.3597 0.0997963 2.45052 60.205 14.46 0.10438
60.2261 14.3656 0.0997721 1.04016 60.205 14.46 0.10438
60.6628 14.3419 0.101504 0.11795 60.205 14.46 0.10438
59.9704 14.0217 0.0973059 0.000973708 60.205 14.46 0.10438
60.2693 14.2096 0.0980437 1.85381 60.205 14.46 0.10438
60.2693 14.2096 0.0980437 1.85381 60.205 14.46 0.10438
60.2693 14.2096 0.0980437 1.85381 60.205 14.46 0.10438
60.0459 14.1438 0.0979715 0.0346875 60.205 14.46 0.10438
60.2261 14.3656 0.0997721 1.04016 60.205 14.46 0.10438
60.3728 14.3597 0.0997963 2.45052 60.205 14.46 0.10438
60.2693 14.2096 0.0980437 1.85381 60.205 14.46 0.10438
60.2261 14.3656 0.0997721 1.04016 60.205 14.46 0.10438
60.1048 14.5432 0.101534 0.0224977 60.205 14.46 0.10438
60.1904 14.1757 0.0940261 0.11456 60.205 14.46 0.10438
60.0798 14.3774 0.0996757 0.0981068 60.205 14.46 0.10438
60.3728 14.3597 0.0997963 2.45052 60.205 14.46 0.10438
60.2261 14.3656 0.0997721 1.04016 60.205 14.46 0.10438
60.2693 14.2096 0.0980437 1.85381 60.205 14.46 0.10438
60.3728 14.3597 0.0997963 2.45052 60.205 14.46 0.10438
60.2693 14.2096 0.0980437 1.85381 60.205 14.46 0.10438
60.3728 14.3597 0.0997963 2.45052 60.205 14.46 0.10438
60.2261 14.3656 0.0997721 1.04016 60.205 14.46 0.10438
60.3728 14.3597 0.0997963 2.45052 60.205 14.46 0.10438
60.0241 14.4894 0.10462 0.0140874 60.205 14.46 0.10438
60.3728 14.3597 0.0997963 2.45052 60.205 14.46 0.10438
60.2693 14.2096 0.0980437 1.85381 60.205 14.46 0.10438
60.2693 14.2096 0.0980437 1.85381 60.205 14.46 0.10438
60.2261 14.3656 0.0997721 1.04016 60.205 14.46 0.10438
60.3728 14.3597 0.0997963 2.45052 60.205 14.46 0.10438
60.2261 14.3656 0.0997721 1.04016 60.205 14.46 0.10438
60.1974 14.1231 0.106484 0.201555 60.205 14.46 0.10438
60.3181 14.5027 0.107463 0.0616749 60.205 14.46 0.10438
60.2261 14.3656 0.0997721 1.04016 60.205 14.46 0.10438
60.3728 14.3597 0.0997963 2.45052 60.205 14.46 0.10438
60.2693 14.2096 0.0980437 1.85381 60.205 14.46 0.10438
60.2693 14.2096 0.0980437 1.85381 60.205 14.46 0.10438
60.1974 14.1231 0.106484 0.201555 60.205 14.46 0.10438
60.1237 14.2728 0.105667 0.289902 60.205 14.46 0.10438
60.2657 14.4645 0.0976152 0.303587 60.205 14.46 0.10438
60.3728 14.3597 0.0997963 2.45052 60.205 14.46 0.10438
60.2693 14.2096 0.0980437 1.85381 60.205 14.46 0.10438
60.1237 14.2728 0.105667 0.289902 60.205 14.46 0.10438
60.3728 14.3597 0.0997963 2.45052 60.205 14.46 0.10438
60.2693 14.2096 0.0980437 1.85381 60.205 14.46 0.10438
60.2693 14.2096 0.0980437 1.85381 60.205 14.46 0.10438
60.2259 14.5301 0.0991858 0.101547 60.205 14.46 0.10438
60.2693 14.2096 0.0980437 1.85381 60.205 14.46 0.10438
60.1974 14.1231 0.106484 0.201555 60.205 14.46 0.10438
60.3728 14.3597 0.0997963 2.45052 60.205 14.46 0.10438
60.2261 14.3656 0.0997721 1.04016 60.205 14.46 0.10438
60.3728 14.3597 0.0997963 2.45052 60.205 14.46 0.10438
60.2261 14.3656 0.0997721 1.04016 60.205 14.46 0.10438
60.1974 14.1231 0.106484 0.201555 60.205 14.46 0.10438
60.2261 14.3656 0.0997721 1.04016 60.205 14.46 0.10438
60.2693 14.2096 0.0980437 1.85381 60.205 14.46 0.10438
60.3728 14.3597 0.0997963 2.45052 60.205 14.46 0.10438
