9.65349 5.79694 0.252371 1.01267 9.9737 5.9134 0.25332
9.85176 5.70629 0.25105 0.897352 9.9737 5.9134 0.25332
9.75978 6.00091 0.25854 0.272742 9.9737 5.9134 0.25332
9.86756 5.89075 0.25196 3.59918 9.9737 5.9134 0.25332
9.71268 5.94131 0.257796 1.14508 9.9737 5.9134 0.25332
9.85176 5.70629 0.25105 0.897352 9.9737 5.9134 0.25332
9.99993 6.01486 0.244304 0.0737934 9.9737 5.9134 0.25332
9.86767 6.02535 0.255049 0.398684 9.9737 5.9134 0.25332
9.65349 5.79694 0.252371 1.01267 9.9737 5.9134 0.25332
9.53259 6.01008 0.255524 0.107074 9.9737 5.9134 0.25332
9.85176 5.70629 0.25105 0.897352 9.9737 5.9134 0.25332
9.7761 5.89571 0.250892 3.17262 9.9737 5.9134 0.25332
9.67914 5.85244 0.252578 2.07501 9.9737 5.9134 0.25332
9.86756 5.89075 0.25196 3.59918 9.9737 5.9134 0.25332
9.70127 5.99229 0.250694 0.595217 9.9737 5.9134 0.25332
9.86756 5.89075 0.25196 3.59918 9.9737 5.9134 0.25332
9.67914 5.85244 0.252578 2.07501 9.9737 5.9134 0.25332
9.75978 6.00091 0.25854 0.272742 9.9737 5.9134 0.25332
9.79747 5.9561 0.246056 0.171292 9.9737 5.9134 0.25332
9.45478 5.95146 0.261057 0.0388147 9.9737 5.9134 0.25332
9.71268 5.94131 0.257796 1.14508 9.9737 5.9134 0.25332
9.92928 5.95442 0.24986 1.57241 9.9737 5.9134 0.25332
9.82561 5.66614 0.247803 0.118616 9.9737 5.9134 0.25332
9.7761 5.89571 0.250892 3.17262 9.9737 5.9134 0.25332
9.7761 5.89571 0.250892 3.17262 9.9737 5.9134 0.25332
9.86756 5.89075 0.25196 3.59918 9.9737 5.9134 0.25332
9.82561 5.66614 0.247803 0.118616 9.9737 5.9134 0.25332
9.86756 5.89075 0.25196 3.59918 9.9737 5.9134 0.25332
9.7761 5.89571 0.250892 3.17262 9.9737 5.9134 0.25332
9.67914 5.85244 0.252578 2.07501 9.9737 5.9134 0.25332
9.67914 5.85244 0.252578 2.07501 9.9737 5.9134 0.25332
9.86756 5.89075 0.25196 3.59918 9.9737 5.9134 0.25332
9.7761 5.89571 0.250892 3.17262 9.9737 5.9134 0.25332
9.67914 5.85244 0.252578 2.07501 9.9737 5.9134 0.25332
9.85176 5.70629 0.25105 0.897352 9.9737 5.9134 0.25332
9.92928 5.95442 0.24986 1.57241 9.9737 5.9134 0.25332
9.7761 5.89571 0.250892 3.17262 9.9737 5.9134 0.25332
9.7761 5.89571 0.250892 3.17262 9.9737 5.9134 0.25332
9.65349 5.79694 0.252371 1.01267 9.9737 5.9134 0.25332
9.99993 6.01486 0.244304 0.0737934 9.9737 5.9134 0.25332
9.86756 5.89075 0.25196 3.59918 9.9737 5.9134 0.25332
9.86756 5.89075 0.25196 3.59918 9.9737 5.9134 0.25332
9.85176 5.70629 0.25105 0.897352 9.9737 5.9134 0.25332
9.63709 5.78691 0.25142 0.440625 9.9737 5.9134 0.25332
9.45478 5.95146 0.261057 0.0388147 9.9737 5.9134 0.25332
9.61098 6.00467 0.249312 0.0278957 9.9737 5.9134 0.25332
9.67914 5.85244 0.252578 2.07501 9.9737 5.9134 0.25332
9.7761 5.89571 0.250892 3.17262 9.9737 5.9134 0.25332
9.70127 5.99229 0.250694 0.595217 9.9737 5.9134 0.25332
9.7761 5.89571 0.250892 3.17262 9.9737 5.9134 0.25332
9.85176 5.70629 0.25105 0.897352 9.9737 5.9134 0.25332
9.92928 5.95442 0.24986 1.57241 9.9737 5.9134 0.25332
9.7761 5.89571 0.250892 3.17262 9.9737 5.9134 0.25332
9.92928 5.95442 0.24986 1.57241 9.9737 5.9134 0.25332
9.63709 5.78691 0.25142 0.440625 9.9737 5.9134 0.25332
9.7761 5.89571 0.250892 3.17262 9.9737 5.9134 0.25332
9.85176 5.70629 0.25105 0.897352 9.9737 5.9134 0.25332
9.92928 5.95442 0.24986 1.57241 9.9737 5.9134 0.25332
9.7761 5.89571 0.250892 3.17262 9.9737 5.9134 0.25332
9.67914 5.85244 0.252578 2.07501 9.9737 5.9134 0.25332
9.70127 5.99229 0.250694 0.595217 9.9737 5.9134 0.25332
9.7761 5.89571 0.250892 3.17262 9.9737 5.9134 0.25332
9.65349 5.79694 0.252371 1.01267 9.9737 5.9134 0.25332
9.7761 5.89571 0.250892 3.17262 9.9737 5.9134 0.25332
9.7761 5.89571 0.250892 3.17262 9.9737 5.9134 0.25332
9.7761 5.89571 0.250892 3.17262 9.9737 5.9134 0.25332
9.7761 5.89571 0.250892 3.17262 9.9737 5.9134 0.25332
9.92928 5.95442 0.24986 1.57241 9.9737 5.9134 0.25332
9.45478 5.95146 0.261057 0.0388147 9.9737 5.9134 0.25332
9.92928 5.95442 0.24986 1.57241 9.9737 5.9134 0.25332
9.85176 5.70629 0.25105 0.897352 9.9737 5.9134 0.25332
9.92928 5.95442 0.24986 1.57241 9.9737 5.9134 0.25332
9.71268 5.94131 0.257796 1.14508 9.9737 5.9134 0.25332
9.92928 5.95442 0.24986 1.57241 9.9737 5.9134 0.25332
9.69457 5.92458 0.259937 0.397271 9.9737 5.9134 0.25332
9.85176 5.70629 0.25105 0.897352 9.9737 5.9134 0.25332
9.67914 5.85244 0.252578 2.07501 9.9737 5.9134 0.25332
9.61456 6.04113 0.259759 0.100075 9.9737 5.9134 0.25332
9.7761 5.89571 0.250892 3.17262 9.9737 5.9134 0.25332
9.67914 5.85244 0.252578 2.07501 9.9737 5.9134 0.25332
9.97619 5.99323 0.247036 0.411581 9.9737 5.9134 0.25332
9.97619 5.99323 0.247036 0.411581 9.9737 5.9134 0.25332
9.67914 5.85244 0.252578 2.07501 9.9737 5.9134 0.25332
9.7761 5.89571 0.250892 3.17262 9.9737 5.9134 0.25332
9.71268 5.94131 0.257796 1.14508 9.9737 5.9134 0.25332
9.71268 5.94131 0.257796 1.14508 9.9737 5.9134 0.25332
9.67914 5.85244 0.252578 2.07501 9.9737 5.9134 0.25332
9.67914 5.85244 0.252578 2.07501 9.9737 5.9134 0.25332
9.86756 5.89075 0.25196 3.59918 9.9737 5.9134 0.25332
9.92928 5.95442 0.24986 1.57241 9.9737 5.9134 0.25332
9.65349 5.79694 0.252371 1.01267 9.9737 5.9134 0.25332
9.86756 5.89075 0.25196 3.59918 9.9737 5.9134 0.25332
9.70127 5.99229 0.250694 0.595217 9.9737 5.9134 0.25332
9.65349 5.79694 0.252371 1.01267 9.9737 5.9134 0.25332
9.82561 5.66614 0.247803 0.118616 9.9737 5.9134 0.25332
9.69457 5.92458 0.259937 0.397271 9.9737 5.9134 0.25332
9.85176 5.70629 0.25105 0.897352 9.9737 5.9134 0.25332
9.86756 5.89075 0.25196 3.59918 9.9737 5.9134 0.25332
9.86756 5.89075 0.25196 3.59918 9.9737 5.9134 0.25332
9.85176 5.70629 0.25105 0.897352 9.9737 5.9134 0.25332
9.85176 5.70629 0.25105 0.897352 9.9737 5.9134 0.25332
9.92928 5.95442 0.24986 1.57241 9.9737 5.9134 0.25332
9.90614 5.77184 0.25683 0.167581 9.9737 5.9134 0.25332
9.65349 5.79694 0.252371 1.01267 9.9737 5.9134 0.25332
9.7761 5.89571 0.250892 3.17262 9.9737 5.9134 0.25332
9.7761 5.89571 0.250892 3.17262 9.9737 5.9134 0.25332
9.69298 5.70826 0.257309 0.516973 9.9737 5.9134 0.25332
9.92928 5.95442 0.24986 1.57241 9.9737 5.9134 0.25332
9.70127 5.99229 0.250694 0.595217 9.9737 5.9134 0.25332
9.85176 5.70629 0.25105 0.897352 9.9737 5.9134 0.25332
9.7761 5.89571 0.250892 3.17262 9.9737 5.9134 0.25332
9.7761 5.89571 0.250892 3.17262 9.9737 5.9134 0.25332
9.86756 5.89075 0.25196 3.59918 9.9737 5.9134 0.25332
9.86756 5.89075 0.25196 3.59918 9.9737 5.9134 0.25332
9.69298 5.70826 0.257309 0.516973 9.9737 5.9134 0.25332
9.99644 6.04518 0.249222 0.195852 9.9737 5.9134 0.25332
9.75978 6.00091 0.25854 0.272742 9.9737 5.9134 0.25332
9.92928 5.95442 0.24986 1.57241 9.9737 5.9134 0.25332
9.7761 5.89571 0.250892 3.17262 9.9737 5.9134 0.25332
9.71268 5.94131 0.257796 1.14508 9.9737 5.9134 0.25332
9.7761 5.89571 0.250892 3.17262 9.9737 5.9134 0.25332
9.71268 5.94131 0.257796 1.14508 9.9737 5.9134 0.25332
9.69298 5.70826 0.257309 0.516973 9.9737 5.9134 0.25332
9.85176 5.70629 0.25105 0.897352 9.9737 5.9134 0.25332
9.99644 6.04518 0.249222 0.195852 9.9737 5.9134 0.25332
9.7761 5.89571 0.250892 3.17262 9.9737 5.9134 0.25332
9.69298 5.70826 0.257309 0.516973 9.9737 5.9134 0.25332
9.71268 5.94131 0.257796 1.14508 9.9737 5.9134 0.25332
9.70127 5.99229 0.250694 0.595217 9.9737 5.9134 0.25332
9.86756 5.89075 0.25196 3.59918 9.9737 5.9134 0.25332
9.85176 5.70629 0.25105 0.897352 9.9737 5.9134 0.25332
9.7761 5.89571 0.250892 3.17262 9.9737 5.9134 0.25332
9.70127 5.99229 0.250694 0.595217 9.9737 5.9134 0.25332
9.69457 5.92458 0.259937 0.397271 9.9737 5.9134 0.25332
9.97619 5.99323 0.247036 0.411581 9.9737 5.9134 0.25332
9.7761 5.89571 0.250892 3.17262 9.9737 5.9134 0.25332
9.67914 5.85244 0.252578 2.07501 9.9737 5.9134 0.25332
9.7761 5.89571 0.250892 3.17262 9.9737 5.9134 0.25332
9.86756 5.89075 0.25196 3.59918 9.9737 5.9134 0.25332
9.86756 5.89075 0.25196 3.59918 9.9737 5.9134 0.25332
9.7761 5.89571 0.250892 3.17262 9.9737 5.9134 0.25332
9.7761 5.89571 0.250892 3.17262 9.9737 5.9134 0.25332
9.69298 5.70826 0.257309 0.516973 9.9737 5.9134 0.25332
9.67914 5.85244 0.252578 2.07501 9.9737 5.9134 0.25332
9.67914 5.85244 0.252578 2.07501 9.9737 5.9134 0.25332
9.7761 5.89571 0.250892 3.17262 9.9737 5.9134 0.25332
9.86756 5.89075 0.25196 3.59918 9.9737 5.9134 0.25332
9.67914 5.85244 0.252578 2.07501 9.9737 5.9134 0.25332
9.7761 5.89571 0.250892 3.17262 9.9737 5.9134 0.25332
9.67914 5.85244 0.252578 2.07501 9.9737 5.9134 0.25332
9.7761 5.89571 0.250892 3.17262 9.9737 5.9134 0.25332
9.97619 5.99323 0.247036 0.411581 9.9737 5.9134 0.25332
9.99644 6.04518 0.249222 0.195852 9.9737 5.9134 0.25332
9.69298 5.70826 0.257309 0.516973 9.9737 5.9134 0.25332
9.86756 5.89075 0.25196 3.59918 9.9737 5.9134 0.25332
9.7761 5.89571 0.250892 3.17262 9.9737 5.9134 0.25332
9.97619 5.99323 0.247036 0.411581 9.9737 5.9134 0.25332
9.86756 5.89075 0.25196 3.59918 9.9737 5.9134 0.25332
9.67914 5.85244 0.252578 2.07501 9.9737 5.9134 0.25332
9.67914 5.85244 0.252578 2.07501 9.9737 5.9134 0.25332
9.69298 5.70826 0.257309 0.516973 9.9737 5.9134 0.25332
9.7761 5.89571 0.250892 3.17262 9.9737 5.9134 0.25332
9.7761 5.89571 0.250892 3.17262 9.9737 5.9134 0.25332
9.86767 6.02535 0.255049 0.398684 9.9737 5.9134 0.25332
9.7761 5.89571 0.250892 3.17262 9.9737 5.9134 0.25332
9.71268 5.94131 0.257796 1.14508 9.9737 5.9134 0.25332
9.71268 5.94131 0.257796 1.14508 9.9737 5.9134 0.25332
9.71268 5.94131 0.257796 1.14508 9.9737 5.9134 0.25332
9.7761 5.89571 0.250892 3.17262 9.9737 5.9134 0.25332
9.7761 5.89571 0.250892 3.17262 9.9737 5.9134 0.25332
9.67914 5.85244 0.252578 2.07501 9.9737 5.9134 0.25332
9.71268 5.94131 0.257796 1.14508 9.9737 5.9134 0.25332
9.67914 5.85244 0.252578 2.07501 9.9737 5.9134 0.25332
9.71268 5.94131 0.257796 1.14508 9.9737 5.9134 0.25332
9.69298 5.70826 0.257309 0.516973 9.9737 5.9134 0.25332
9.65349 5.79694 0.252371 1.01267 9.9737 5.9134 0.25332
9.71268 5.94131 0.257796 1.14508 9.9737 5.9134 0.25332
9.85176 5.70629 0.25105 0.897352 9.9737 5.9134 0.25332
9.7761 5.89571 0.250892 3.17262 9.9737 5.9134 0.25332
9.56958 5.87939 0.261243 0.215117 9.9737 5.9134 0.25332
9.86756 5.89075 0.25196 3.59918 9.9737 5.9134 0.25332
9.86756 5.89075 0.25196 3.59918 9.9737 5.9134 0.25332
9.67914 5.85244 0.252578 2.07501 9.9737 5.9134 0.25332
9.85176 5.70629 0.25105 0.897352 9.9737 5.9134 0.25332
9.86756 5.89075 0.25196 3.59918 9.9737 5.9134 0.25332
9.75978 6.00091 0.25854 0.272742 9.9737 5.9134 0.25332
9.85176 5.70629 0.25105 0.897352 9.9737 5.9134 0.25332
9.7761 5.89571 0.250892 3.17262 9.9737 5.9134 0.25332
9.67914 5.85244 0.252578 2.07501 9.9737 5.9134 0.25332
9.82542 5.9616 0.244694 0.0708465 9.9737 5.9134 0.25332
9.7761 5.89571 0.250892 3.17262 9.9737 5.9134 0.25332
9.86756 5.89075 0.25196 3.59918 9.9737 5.9134 0.25332
9.79983 6.12289 0.253269 0.119089 9.9737 5.9134 0.25332
9.79747 5.9561 0.246056 0.171292 9.9737 5.9134 0.25332
9.86756 5.89075 0.25196 3.59918 9.9737 5.9134 0.25332
9.7761 5.89571 0.250892 3.17262 9.9737 5.9134 0.25332
9.86756 5.89075 0.25196 3.59918 9.9737 5.9134 0.25332
9.7761 5.89571 0.250892 3.17262 9.9737 5.9134 0.25332
9.70127 5.99229 0.250694 0.595217 9.9737 5.9134 0.25332
9.63709 5.78691 0.25142 0.440625 9.9737 5.9134 0.25332
