-2.51112 -94.5081 3.13621 0.872119 -2.6601 -94.635 3.1339
-2.34444 -94.647 3.13701 0.500332 -2.6601 -94.635 3.1339
-2.74636 -94.6577 3.13237 0.730841 -2.6601 -94.635 3.1339
-2.59494 -94.6977 3.13291 1.09935 -2.6601 -94.635 3.1339
-2.77144 -94.7201 3.13126 0.52972 -2.6601 -94.635 3.1339
-2.56683 -94.6154 3.1314 0.815644 -2.6601 -94.635 3.1339
-2.59494 -94.6977 3.13291 1.09935 -2.6601 -94.635 3.1339
-2.84137 -94.5338 3.13355 0.248725 -2.6601 -94.635 3.1339
-2.62033 -94.95 3.1445 0.0252326 -2.6601 -94.635 3.1339
-2.61568 -94.7403 3.14328 0.334758 -2.6601 -94.635 3.1339
-2.51804 -94.6406 3.13975 1.19176 -2.6601 -94.635 3.1339
-2.34444 -94.647 3.13701 0.500332 -2.6601 -94.635 3.1339
-2.77144 -94.7201 3.13126 0.52972 -2.6601 -94.635 3.1339
-2.4837 -94.3769 3.14473 0.134107 -2.6601 -94.635 3.1339
-2.50628 -94.697 3.13755 1.23295 -2.6601 -94.635 3.1339
-2.47165 -94.7828 3.14431 0.280165 -2.6601 -94.635 3.1339
-2.84458 -94.5431 3.13344 0.252287 -2.6601 -94.635 3.1339
-2.59494 -94.6977 3.13291 1.09935 -2.6601 -94.635 3.1339
-2.77943 -94.8025 3.1368 0.283859 -2.6601 -94.635 3.1339
-2.74636 -94.6577 3.13237 0.730841 -2.6601 -94.635 3.1339
-2.67175 -94.6125 3.13254 0.972277 -2.6601 -94.635 3.1339
-2.46567 -94.7709 3.13994 0.698429 -2.6601 -94.635 3.1339
-2.76183 -94.5906 3.12898 0.377399 -2.6601 -94.635 3.1339
-2.59494 -94.6977 3.13291 1.09935 -2.6601 -94.635 3.1339
-2.76183 -94.5906 3.12898 0.377399 -2.6601 -94.635 3.1339
-2.50053 -94.6526 3.13988 1.1499 -2.6601 -94.635 3.1339
-2.77144 -94.7201 3.13126 0.52972 -2.6601 -94.635 3.1339
-2.51112 -94.5081 3.13621 0.872119 -2.6601 -94.635 3.1339
-2.50053 -94.6526 3.13988 1.1499 -2.6601 -94.635 3.1339
-2.85846 -94.6276 3.12883 0.20896 -2.6601 -94.635 3.1339
-2.46567 -94.7709 3.13994 0.698429 -2.6601 -94.635 3.1339
-2.61568 -94.7403 3.14328 0.334758 -2.6601 -94.635 3.1339
-2.4837 -94.3769 3.14473 0.134107 -2.6601 -94.635 3.1339
-2.51804 -94.6406 3.13975 1.19176 -2.6601 -94.635 3.1339
-2.84137 -94.5338 3.13355 0.248725 -2.6601 -94.635 3.1339
-2.28137 -94.5215 3.13682 0.176574 -2.6601 -94.635 3.1339
-2.52427 -94.6706 3.14561 0.30706 -2.6601 -94.635 3.1339
-2.59494 -94.6977 3.13291 1.09935 -2.6601 -94.635 3.1339
-2.74636 -94.6577 3.13237 0.730841 -2.6601 -94.635 3.1339
-2.51112 -94.5081 3.13621 0.872119 -2.6601 -94.635 3.1339
-2.35371 -94.4752 3.14371 0.267972 -2.6601 -94.635 3.1339
-2.59494 -94.6977 3.13291 1.09935 -2.6601 -94.635 3.1339
-2.4525 -94.7837 3.12983 0.220376 -2.6601 -94.635 3.1339
-2.84875 -94.7358 3.12982 0.242764 -2.6601 -94.635 3.1339
-2.51804 -94.6406 3.13975 1.19176 -2.6601 -94.635 3.1339
-2.30844 -94.6453 3.13836 0.387197 -2.6601 -94.635 3.1339
-2.59494 -94.6977 3.13291 1.09935 -2.6601 -94.635 3.1339
-2.67175 -94.6125 3.13254 0.972277 -2.6601 -94.635 3.1339
-2.42048 -94.8915 3.13649 0.224225 -2.6601 -94.635 3.1339
-2.70271 -94.7984 3.13057 0.481556 -2.6601 -94.635 3.1339
-2.59494 -94.6977 3.13291 1.09935 -2.6601 -94.635 3.1339
-2.59494 -94.6977 3.13291 1.09935 -2.6601 -94.635 3.1339
-2.24592 -94.6104 3.13497 0.103345 -2.6601 -94.635 3.1339
-2.58989 -94.8039 3.14459 0.160707 -2.6601 -94.635 3.1339
-2.70419 -94.4434 3.13794 0.349503 -2.6601 -94.635 3.1339
-2.25337 -94.8521 3.14487 0.0451015 -2.6601 -94.635 3.1339
-2.52427 -94.6706 3.14561 0.30706 -2.6601 -94.635 3.1339
-2.5473 -94.9078 3.13707 0.290101 -2.6601 -94.635 3.1339
-2.70271 -94.7984 3.13057 0.481556 -2.6601 -94.635 3.1339
-2.48907 -94.9181 3.14139 0.142319 -2.6601 -94.635 3.1339
-2.51112 -94.5081 3.13621 0.872119 -2.6601 -94.635 3.1339
-2.4837 -94.3769 3.14473 0.134107 -2.6601 -94.635 3.1339
-2.50053 -94.6526 3.13988 1.1499 -2.6601 -94.635 3.1339
-2.56683 -94.6154 3.1314 0.815644 -2.6601 -94.635 3.1339
-2.53055 -94.6623 3.14599 0.269144 -2.6601 -94.635 3.1339
-2.50628 -94.697 3.13755 1.23295 -2.6601 -94.635 3.1339
-2.74636 -94.6577 3.13237 0.730841 -2.6601 -94.635 3.1339
-2.59494 -94.6977 3.13291 1.09935 -2.6601 -94.635 3.1339
-2.53055 -94.6623 3.14599 0.269144 -2.6601 -94.635 3.1339
-2.5473 -94.9078 3.13707 0.290101 -2.6601 -94.635 3.1339
-2.39587 -94.5606 3.14441 0.416506 -2.6601 -94.635 3.1339
-2.56683 -94.6154 3.1314 0.815644 -2.6601 -94.635 3.1339
-2.30844 -94.6453 3.13836 0.387197 -2.6601 -94.635 3.1339
-2.5473 -94.9078 3.13707 0.290101 -2.6601 -94.635 3.1339
-2.50628 -94.697 3.13755 1.23295 -2.6601 -94.635 3.1339
-2.74636 -94.6577 3.13237 0.730841 -2.6601 -94.635 3.1339
-2.51878 -94.9758 3.13287 0.0977631 -2.6601 -94.635 3.1339
-2.74636 -94.6577 3.13237 0.730841 -2.6601 -94.635 3.1339
-2.50628 -94.697 3.13755 1.23295 -2.6601 -94.635 3.1339
-2.50628 -94.697 3.13755 1.23295 -2.6601 -94.635 3.1339
-2.67175 -94.6125 3.13254 0.972277 -2.6601 -94.635 3.1339
-2.67175 -94.6125 3.13254 0.972277 -2.6601 -94.635 3.1339
-2.51112 -94.5081 3.13621 0.872119 -2.6601 -94.635 3.1339
-2.34444 -94.647 3.13701 0.500332 -2.6601 -94.635 3.1339
-2.84458 -94.5431 3.13344 0.252287 -2.6601 -94.635 3.1339
-2.50628 -94.697 3.13755 1.23295 -2.6601 -94.635 3.1339
-2.52427 -94.6706 3.14561 0.30706 -2.6601 -94.635 3.1339
-2.51112 -94.5081 3.13621 0.872119 -2.6601 -94.635 3.1339
-2.51112 -94.5081 3.13621 0.872119 -2.6601 -94.635 3.1339
-2.50542 -94.6942 3.13377 0.996603 -2.6601 -94.635 3.1339
-2.53055 -94.6623 3.14599 0.269144 -2.6601 -94.635 3.1339
-2.51804 -94.6406 3.13975 1.19176 -2.6601 -94.635 3.1339
-2.58997 -94.5148 3.12569 0.0884252 -2.6601 -94.635 3.1339
-2.84458 -94.5431 3.13344 0.252287 -2.6601 -94.635 3.1339
-2.59494 -94.6977 3.13291 1.09935 -2.6601 -94.635 3.1339
-2.85846 -94.6276 3.12883 0.20896 -2.6601 -94.635 3.1339
-2.51804 -94.6406 3.13975 1.19176 -2.6601 -94.635 3.1339
-2.39587 -94.5606 3.14441 0.416506 -2.6601 -94.635 3.1339
-2.28137 -94.5215 3.13682 0.176574 -2.6601 -94.635 3.1339
-2.34444 -94.647 3.13701 0.500332 -2.6601 -94.635 3.1339
-2.30844 -94.6453 3.13836 0.387197 -2.6601 -94.635 3.1339
-2.50053 -94.6526 3.13988 1.1499 -2.6601 -94.635 3.1339
-2.56683 -94.6154 3.1314 0.815644 -2.6601 -94.635 3.1339
-2.30844 -94.6453 3.13836 0.387197 -2.6601 -94.635 3.1339
-2.55362 -94.5836 3.14399 0.489376 -2.6601 -94.635 3.1339
-2.51804 -94.6406 3.13975 1.19176 -2.6601 -94.635 3.1339
-2.76183 -94.5906 3.12898 0.377399 -2.6601 -94.635 3.1339
-2.67175 -94.6125 3.13254 0.972277 -2.6601 -94.635 3.1339
-2.67175 -94.6125 3.13254 0.972277 -2.6601 -94.635 3.1339
-2.30844 -94.6453 3.13836 0.387197 -2.6601 -94.635 3.1339
-2.51112 -94.5081 3.13621 0.872119 -2.6601 -94.635 3.1339
-2.50542 -94.6942 3.13377 0.996603 -2.6601 -94.635 3.1339
-2.50628 -94.697 3.13755 1.23295 -2.6601 -94.635 3.1339
-2.50053 -94.6526 3.13988 1.1499 -2.6601 -94.635 3.1339
-2.30844 -94.6453 3.13836 0.387197 -2.6601 -94.635 3.1339
-2.51112 -94.5081 3.13621 0.872119 -2.6601 -94.635 3.1339
-2.74636 -94.6577 3.13237 0.730841 -2.6601 -94.635 3.1339
-2.50628 -94.697 3.13755 1.23295 -2.6601 -94.635 3.1339
-2.50628 -94.697 3.13755 1.23295 -2.6601 -94.635 3.1339
-2.84875 -94.7358 3.12982 0.242764 -2.6601 -94.635 3.1339
-2.2011 -94.6221 3.13797 0.0919856 -2.6601 -94.635 3.1339
-2.53055 -94.6623 3.14599 0.269144 -2.6601 -94.635 3.1339
-2.70271 -94.7984 3.13057 0.481556 -2.6601 -94.635 3.1339
-2.59494 -94.6977 3.13291 1.09935 -2.6601 -94.635 3.1339
-2.51804 -94.6406 3.13975 1.19176 -2.6601 -94.635 3.1339
-2.50053 -94.6526 3.13988 1.1499 -2.6601 -94.635 3.1339
-2.55362 -94.5836 3.14399 0.489376 -2.6601 -94.635 3.1339
-2.59494 -94.6977 3.13291 1.09935 -2.6601 -94.635 3.1339
-2.5473 -94.9078 3.13707 0.290101 -2.6601 -94.635 3.1339
-2.59347 -94.4286 3.14281 0.260819 -2.6601 -94.635 3.1339
-2.5473 -94.9078 3.13707 0.290101 -2.6601 -94.635 3.1339
-2.74636 -94.6577 3.13237 0.730841 -2.6601 -94.635 3.1339
-2.51804 -94.6406 3.13975 1.19176 -2.6601 -94.635 3.1339
-2.46567 -94.7709 3.13994 0.698429 -2.6601 -94.635 3.1339
-2.56683 -94.6154 3.1314 0.815644 -2.6601 -94.635 3.1339
-2.85482 -94.7363 3.1254 0.0997074 -2.6601 -94.635 3.1339
-2.50542 -94.6942 3.13377 0.996603 -2.6601 -94.635 3.1339
-2.84458 -94.5431 3.13344 0.252287 -2.6601 -94.635 3.1339
-2.51112 -94.5081 3.13621 0.872119 -2.6601 -94.635 3.1339
-2.53671 -94.654 3.1237 0.0451554 -2.6601 -94.635 3.1339
-2.59494 -94.6977 3.13291 1.09935 -2.6601 -94.635 3.1339
-2.91765 -94.7528 3.12762 0.0868227 -2.6601 -94.635 3.1339
-2.59494 -94.6977 3.13291 1.09935 -2.6601 -94.635 3.1339
-2.93178 -94.7565 3.13101 0.0949717 -2.6601 -94.635 3.1339
-2.35371 -94.4752 3.14371 0.267972 -2.6601 -94.635 3.1339
-2.56683 -94.6154 3.1314 0.815644 -2.6601 -94.635 3.1339
-2.52427 -94.6706 3.14561 0.30706 -2.6601 -94.635 3.1339
-2.50628 -94.697 3.13755 1.23295 -2.6601 -94.635 3.1339
-2.70419 -94.4434 3.13794 0.349503 -2.6601 -94.635 3.1339
-2.84137 -94.5338 3.13355 0.248725 -2.6601 -94.635 3.1339
-2.42048 -94.8915 3.13649 0.224225 -2.6601 -94.635 3.1339
-2.47165 -94.7828 3.14431 0.280165 -2.6601 -94.635 3.1339
-2.50542 -94.6942 3.13377 0.996603 -2.6601 -94.635 3.1339
-2.65376 -94.5394 3.14464 0.20285 -2.6601 -94.635 3.1339
-2.56683 -94.6154 3.1314 0.815644 -2.6601 -94.635 3.1339
-2.56683 -94.6154 3.1314 0.815644 -2.6601 -94.635 3.1339
-2.65376 -94.5394 3.14464 0.20285 -2.6601 -94.635 3.1339
-2.16501 -94.7497 3.13961 0.0460139 -2.6601 -94.635 3.1339
-2.77144 -94.7201 3.13126 0.52972 -2.6601 -94.635 3.1339
-2.50542 -94.6942 3.13377 0.996603 -2.6601 -94.635 3.1339
-2.47595 -94.5609 3.12664 0.081972 -2.6601 -94.635 3.1339
-2.46567 -94.7709 3.13994 0.698429 -2.6601 -94.635 3.1339
-2.58989 -94.8039 3.14459 0.160707 -2.6601 -94.635 3.1339
-2.70271 -94.7984 3.13057 0.481556 -2.6601 -94.635 3.1339
-2.34444 -94.647 3.13701 0.500332 -2.6601 -94.635 3.1339
-2.55362 -94.5836 3.14399 0.489376 -2.6601 -94.635 3.1339
-2.30844 -94.6453 3.13836 0.387197 -2.6601 -94.635 3.1339
-2.2011 -94.6221 3.13797 0.0919856 -2.6601 -94.635 3.1339
-2.46567 -94.7709 3.13994 0.698429 -2.6601 -94.635 3.1339
-2.77144 -94.7201 3.13126 0.52972 -2.6601 -94.635 3.1339
-2.74636 -94.6577 3.13237 0.730841 -2.6601 -94.635 3.1339
-2.59494 -94.6977 3.13291 1.09935 -2.6601 -94.635 3.1339
-2.61568 -94.7403 3.14328 0.334758 -2.6601 -94.635 3.1339
-2.52427 -94.6706 3.14561 0.30706 -2.6601 -94.635 3.1339
-2.67175 -94.6125 3.13254 0.972277 -2.6601 -94.635 3.1339
-2.50053 -94.6526 3.13988 1.1499 -2.6601 -94.635 3.1339
-2.39587 -94.5606 3.14441 0.416506 -2.6601 -94.635 3.1339
-2.46567 -94.7709 3.13994 0.698429 -2.6601 -94.635 3.1339
-2.39736 -94.968 3.12525 0.00379938 -2.6601 -94.635 3.1339
-2.25337 -94.8521 3.14487 0.0451015 -2.6601 -94.635 3.1339
-2.42048 -94.8915 3.13649 0.224225 -2.6601 -94.635 3.1339
-2.46567 -94.7709 3.13994 0.698429 -2.6601 -94.635 3.1339
-2.67175 -94.6125 3.13254 0.972277 -2.6601 -94.635 3.1339
-2.58997 -94.5148 3.12569 0.0884252 -2.6601 -94.635 3.1339
-2.50053 -94.6526 3.13988 1.1499 -2.6601 -94.635 3.1339
-2.91765 -94.7528 3.12762 0.0868227 -2.6601 -94.635 3.1339
-2.50542 -94.6942 3.13377 0.996603 -2.6601 -94.635 3.1339
-2.74636 -94.6577 3.13237 0.730841 -2.6601 -94.635 3.1339
-2.55362 -94.5836 3.14399 0.489376 -2.6601 -94.635 3.1339
-2.52427 -94.6706 3.14561 0.30706 -2.6601 -94.635 3.1339
-2.53055 -94.6623 3.14599 0.269144 -2.6601 -94.635 3.1339
-2.50628 -94.697 3.13755 1.23295 -2.6601 -94.635 3.1339
-2.77144 -94.7201 3.13126 0.52972 -2.6601 -94.635 3.1339
-2.93178 -94.7565 3.13101 0.0949717 -2.6601 -94.635 3.1339
-2.51112 -94.5081 3.13621 0.872119 -2.6601 -94.635 3.1339
-2.70271 -94.7984 3.13057 0.481556 -2.6601 -94.635 3.1339
-2.74636 -94.6577 3.13237 0.730841 -2.6601 -94.635 3.1339
-2.46567 -94.7709 3.13994 0.698429 -2.6601 -94.635 3.1339
-2.70419 -94.4434 3.13794 0.349503 -2.6601 -94.635 3.1339
-2.30844 -94.6453 3.13836 0.387197 -2.6601 -94.635 3.1339
