39.8093 10.4904 0.184106 0.113177 39.952 10.55 0.18477
40.1524 10.3978 0.181004 0.0922137 39.952 10.55 0.18477
39.8464 10.4739 0.181188 0.0511988 39.952 10.55 0.18477
39.8534 10.5774 0.185548 0.170789 39.952 10.55 0.18477
39.9778 10.4515 0.18477 0.427278 39.952 10.55 0.18477
40.0693 10.3523 0.183073 0.149598 39.952 10.55 0.18477
39.9619 10.6049 0.184139 0.185115 39.952 10.55 0.18477
40.1204 10.6536 0.182026 0.0294846 39.952 10.55 0.18477
39.9619 10.6049 0.184139 0.185115 39.952 10.55 0.18477
40.1204 10.6536 0.182026 0.0294846 39.952 10.55 0.18477
39.9823 10.7427 0.184947 0.0126448 39.952 10.55 0.18477
39.7093 10.456 0.186658 0.0325303 39.952 10.55 0.18477
39.865 10.4347 0.189668 0.111123 39.952 10.55 0.18477
39.9778 10.4515 0.18477 0.427278 39.952 10.55 0.18477
40.0955 10.4617 0.18763 0.0510329 39.952 10.55 0.18477
39.9778 10.4515 0.18477 0.427278 39.952 10.55 0.18477
40.0422 10.6331 0.184815 0.0936241 39.952 10.55 0.18477
39.9823 10.7427 0.184947 0.0126448 39.952 10.55 0.18477
39.9778 10.4515 0.18477 0.427278 39.952 10.55 0.18477
40.0693 10.3523 0.183073 0.149598 39.952 10.55 0.18477
39.7439 10.4749 0.186713 0.0681245 39.952 10.55 0.18477
39.8093 10.4904 0.184106 0.113177 39.952 10.55 0.18477
39.9774 10.6667 0.187655 0.0474679 39.952 10.55 0.18477
39.9778 10.4515 0.18477 0.427278 39.952 10.55 0.18477
39.9619 10.6049 0.184139 0.185115 39.952 10.55 0.18477
40.0422 10.6331 0.184815 0.0936241 39.952 10.55 0.18477
39.865 10.4347 0.189668 0.111123 39.952 10.55 0.18477
39.865 10.4347 0.189668 0.111123 39.952 10.55 0.18477
39.9619 10.6049 0.184139 0.185115 39.952 10.55 0.18477
40.1524 10.3978 0.181004 0.0922137 39.952 10.55 0.18477
39.8534 10.5774 0.185548 0.170789 39.952 10.55 0.18477
40.0422 10.6331 0.184815 0.0936241 39.952 10.55 0.18477
39.8464 10.4739 0.181188 0.0511988 39.952 10.55 0.18477
40.0955 10.4617 0.18763 0.0510329 39.952 10.55 0.18477
39.9619 10.6049 0.184139 0.185115 39.952 10.55 0.18477
40.1524 10.3978 0.181004 0.0922137 39.952 10.55 0.18477
39.8534 10.5774 0.185548 0.170789 39.952 10.55 0.18477
40.1524 10.3978 0.181004 0.0922137 39.952 10.55 0.18477
39.9778 10.4515 0.18477 0.427278 39.952 10.55 0.18477
39.9778 10.4515 0.18477 0.427278 39.952 10.55 0.18477
39.9778 10.4515 0.18477 0.427278 39.952 10.55 0.18477
40.0422 10.6331 0.184815 0.0936241 39.952 10.55 0.18477
39.9774 10.6667 0.187655 0.0474679 39.952 10.55 0.18477
39.8534 10.5774 0.185548 0.170789 39.952 10.55 0.18477
39.983 10.338 0.184663 0.169695 39.952 10.55 0.18477
39.8848 10.6752 0.180762 0.00708111 39.952 10.55 0.18477
39.9778 10.4515 0.18477 0.427278 39.952 10.55 0.18477
39.9778 10.4515 0.18477 0.427278 39.952 10.55 0.18477
39.8534 10.5774 0.185548 0.170789 39.952 10.55 0.18477
39.9778 10.4515 0.18477 0.427278 39.952 10.55 0.18477
39.9778 10.4515 0.18477 0.427278 39.952 10.55 0.18477
40.147 10.5802 0.175654 0.00346402 39.952 10.55 0.18477
40.1524 10.3978 0.181004 0.0922137 39.952 10.55 0.18477
39.9619 10.6049 0.184139 0.185115 39.952 10.55 0.18477
39.7439 10.4749 0.186713 0.0681245 39.952 10.55 0.18477
40.0286 10.5208 0.179267 0.0868433 39.952 10.55 0.18477
39.8093 10.4904 0.184106 0.113177 39.952 10.55 0.18477
39.9778 10.4515 0.18477 0.427278 39.952 10.55 0.18477
39.9774 10.6667 0.187655 0.0474679 39.952 10.55 0.18477
39.8534 10.5774 0.185548 0.170789 39.952 10.55 0.18477
39.9778 10.4515 0.18477 0.427278 39.952 10.55 0.18477
39.983 10.338 0.184663 0.169695 39.952 10.55 0.18477
40.1524 10.3978 0.181004 0.0922137 39.952 10.55 0.18477
39.9778 10.4515 0.18477 0.427278 39.952 10.55 0.18477
39.9961 10.2816 0.180482 0.0388173 39.952 10.55 0.18477
39.9778 10.4515 0.18477 0.427278 39.952 10.55 0.18477
39.9778 10.4515 0.18477 0.427278 39.952 10.55 0.18477
39.865 10.4347 0.189668 0.111123 39.952 10.55 0.18477
39.9778 10.4515 0.18477 0.427278 39.952 10.55 0.18477
39.9778 10.4515 0.18477 0.427278 39.952 10.55 0.18477
40.1785 10.5193 0.180997 0.0654159 39.952 10.55 0.18477
39.8458 10.4898 0.179955 0.0197736 39.952 10.55 0.18477
39.9961 10.2816 0.180482 0.0388173 39.952 10.55 0.18477
39.8534 10.5774 0.185548 0.170789 39.952 10.55 0.18477
39.865 10.4347 0.189668 0.111123 39.952 10.55 0.18477
40.0693 10.3523 0.183073 0.149598 39.952 10.55 0.18477
39.8093 10.4904 0.184106 0.113177 39.952 10.55 0.18477
39.8534 10.5774 0.185548 0.170789 39.952 10.55 0.18477
39.865 10.4347 0.189668 0.111123 39.952 10.55 0.18477
39.9362 10.4621 0.180307 0.106846 39.952 10.55 0.18477
40.1524 10.3978 0.181004 0.0922137 39.952 10.55 0.18477
39.8093 10.4904 0.184106 0.113177 39.952 10.55 0.18477
39.9778 10.4515 0.18477 0.427278 39.952 10.55 0.18477
39.9619 10.6049 0.184139 0.185115 39.952 10.55 0.18477
39.9619 10.6049 0.184139 0.185115 39.952 10.55 0.18477
39.9619 10.6049 0.184139 0.185115 39.952 10.55 0.18477
39.9362 10.4621 0.180307 0.106846 39.952 10.55 0.18477
39.9619 10.6049 0.184139 0.185115 39.952 10.55 0.18477
39.983 10.338 0.184663 0.169695 39.952 10.55 0.18477
39.9778 10.4515 0.18477 0.427278 39.952 10.55 0.18477
40.0693 10.3523 0.183073 0.149598 39.952 10.55 0.18477
39.8093 10.4904 0.184106 0.113177 39.952 10.55 0.18477
39.9778 10.4515 0.18477 0.427278 39.952 10.55 0.18477
40.1524 10.3978 0.181004 0.0922137 39.952 10.55 0.18477
39.9778 10.4515 0.18477 0.427278 39.952 10.55 0.18477
40.1204 10.6536 0.182026 0.0294846 39.952 10.55 0.18477
39.9778 10.4515 0.18477 0.427278 39.952 10.55 0.18477
39.9619 10.6049 0.184139 0.185115 39.952 10.55 0.18477
39.983 10.338 0.184663 0.169695 39.952 10.55 0.18477
40.1524 10.3978 0.181004 0.0922137 39.952 10.55 0.18477
39.983 10.338 0.184663 0.169695 39.952 10.55 0.18477
39.9778 10.4515 0.18477 0.427278 39.952 10.55 0.18477
39.9778 10.4515 0.18477 0.427278 39.952 10.55 0.18477
39.9778 10.4515 0.18477 0.427278 39.952 10.55 0.18477
39.865 10.4347 0.189668 0.111123 39.952 10.55 0.18477
39.9619 10.6049 0.184139 0.185115 39.952 10.55 0.18477
39.983 10.338 0.184663 0.169695 39.952 10.55 0.18477
40.0955 10.4617 0.18763 0.0510329 39.952 10.55 0.18477
39.9619 10.6049 0.184139 0.185115 39.952 10.55 0.18477
39.9362 10.4621 0.180307 0.106846 39.952 10.55 0.18477
39.8464 10.4739 0.181188 0.0511988 39.952 10.55 0.18477
39.7468 10.6513 0.188801 0.0204928 39.952 10.55 0.18477
39.9778 10.4515 0.18477 0.427278 39.952 10.55 0.18477
39.8534 10.5774 0.185548 0.170789 39.952 10.55 0.18477
39.9168 10.6816 0.182905 0.0293127 39.952 10.55 0.18477
39.9778 10.4515 0.18477 0.427278 39.952 10.55 0.18477
39.9961 10.2816 0.180482 0.0388173 39.952 10.55 0.18477
39.983 10.338 0.184663 0.169695 39.952 10.55 0.18477
39.9774 10.6667 0.187655 0.0474679 39.952 10.55 0.18477
40.0422 10.6331 0.184815 0.0936241 39.952 10.55 0.18477
40.1524 10.3978 0.181004 0.0922137 39.952 10.55 0.18477
39.9778 10.4515 0.18477 0.427278 39.952 10.55 0.18477
39.7439 10.4749 0.186713 0.0681245 39.952 10.55 0.18477
39.9619 10.6049 0.184139 0.185115 39.952 10.55 0.18477
40.1524 10.3978 0.181004 0.0922137 39.952 10.55 0.18477
40.0422 10.6331 0.184815 0.0936241 39.952 10.55 0.18477
39.8093 10.4904 0.184106 0.113177 39.952 10.55 0.18477
40.0693 10.3523 0.183073 0.149598 39.952 10.55 0.18477
39.983 10.338 0.184663 0.169695 39.952 10.55 0.18477
39.9619 10.6049 0.184139 0.185115 39.952 10.55 0.18477
39.9778 10.4515 0.18477 0.427278 39.952 10.55 0.18477
40.1204 10.6536 0.182026 0.0294846 39.952 10.55 0.18477
39.9778 10.4515 0.18477 0.427278 39.952 10.55 0.18477
40.0422 10.6331 0.184815 0.0936241 39.952 10.55 0.18477
40.0693 10.3523 0.183073 0.149598 39.952 10.55 0.18477
39.8093 10.4904 0.184106 0.113177 39.952 10.55 0.18477
39.9619 10.6049 0.184139 0.185115 39.952 10.55 0.18477
39.9778 10.4515 0.18477 0.427278 39.952 10.55 0.18477
39.983 10.338 0.184663 0.169695 39.952 10.55 0.18477
39.9619 10.6049 0.184139 0.185115 39.952 10.55 0.18477
39.7439 10.4749 0.186713 0.0681245 39.952 10.55 0.18477
39.9619 10.6049 0.184139 0.185115 39.952 10.55 0.18477
39.9961 10.2816 0.180482 0.0388173 39.952 10.55 0.18477
39.9619 10.6049 0.184139 0.185115 39.952 10.55 0.18477
39.9619 10.6049 0.184139 0.185115 39.952 10.55 0.18477
39.8534 10.5774 0.185548 0.170789 39.952 10.55 0.18477
39.865 10.4347 0.189668 0.111123 39.952 10.55 0.18477
40.1524 10.3978 0.181004 0.0922137 39.952 10.55 0.18477
39.7439 10.4749 0.186713 0.0681245 39.952 10.55 0.18477
39.983 10.338 0.184663 0.169695 39.952 10.55 0.18477
40.0693 10.3523 0.183073 0.149598 39.952 10.55 0.18477
40.1524 10.3978 0.181004 0.0922137 39.952 10.55 0.18477
39.9619 10.6049 0.184139 0.185115 39.952 10.55 0.18477
39.9778 10.4515 0.18477 0.427278 39.952 10.55 0.18477
39.8534 10.5774 0.185548 0.170789 39.952 10.55 0.18477
40.0422 10.6331 0.184815 0.0936241 39.952 10.55 0.18477
40.0955 10.4617 0.18763 0.0510329 39.952 10.55 0.18477
39.9778 10.4515 0.18477 0.427278 39.952 10.55 0.18477
39.9148 10.249 0.177718 0.00155864 39.952 10.55 0.18477
39.9778 10.4515 0.18477 0.427278 39.952 10.55 0.18477
39.865 10.4347 0.189668 0.111123 39.952 10.55 0.18477
40.1785 10.5193 0.180997 0.0654159 39.952 10.55 0.18477
39.9778 10.4515 0.18477 0.427278 39.952 10.55 0.18477
39.9619 10.6049 0.184139 0.185115 39.952 10.55 0.18477
40.0286 10.5208 0.179267 0.0868433 39.952 10.55 0.18477
39.9362 10.4621 0.180307 0.106846 39.952 10.55 0.18477
39.9362 10.4621 0.180307 0.106846 39.952 10.55 0.18477
40.1299 10.5803 0.175604 0.00339128 39.952 10.55 0.18477
39.8534 10.5774 0.185548 0.170789 39.952 10.55 0.18477
40.1204 10.6536 0.182026 0.0294846 39.952 10.55 0.18477
40.0693 10.3523 0.183073 0.149598 39.952 10.55 0.18477
39.8534 10.5774 0.185548 0.170789 39.952 10.55 0.18477
39.9778 10.4515 0.18477 0.427278 39.952 10.55 0.18477
40.1055 10.7254 0.181275 0.00570246 39.952 10.55 0.18477
39.9778 10.4515 0.18477 0.427278 39.952 10.55 0.18477
39.9619 10.6049 0.184139 0.185115 39.952 10.55 0.18477
40.0422 10.6331 0.184815 0.0936241 39.952 10.55 0.18477
39.9778 10.4515 0.18477 0.427278 39.952 10.55 0.18477
39.6825 10.6699 0.184533 0.00121475 39.952 10.55 0.18477
40.1524 10.3978 0.181004 0.0922137 39.952 10.55 0.18477
39.9619 10.6049 0.184139 0.185115 39.952 10.55 0.18477
39.9362 10.4621 0.180307 0.106846 39.952 10.55 0.18477
39.9778 10.4515 0.18477 0.427278 39.952 10.55 0.18477
39.983 10.338 0.184663 0.169695 39.952 10.55 0.18477
40.1584 10.5325 0.179804 0.0610735 39.952 10.55 0.18477
40.0693 10.3523 0.183073 0.149598 39.952 10.55 0.18477
39.7439 10.4749 0.186713 0.0681245 39.952 10.55 0.18477
39.8093 10.4904 0.184106 0.113177 39.952 10.55 0.18477
39.7577 10.5068 0.19333 0.011161 39.952 10.55 0.18477
39.865 10.4347 0.189668 0.111123 39.952 10.55 0.18477
39.7093 10.456 0.186658 0.0325303 39.952 10.55 0.18477
39.9362 10.4621 0.180307 0.106846 39.952 10.55 0.18477
39.8566 10.5892 0.19119 0.0407907 39.952 10.55 0.18477
40.1062 10.4204 0.188032 0.0259693 39.952 10.55 0.18477
39.9619 10.6049 0.184139 0.185115 39.952 10.55 0.18477
40.0693 10.3523 0.183073 0.149598 39.952 10.55 0.18477
39.983 10.338 0.184663 0.169695 39.952 10.55 0.18477
40.1524 10.3978 0.181004 0.0922137 39.952 10.55 0.18477
40.0693 10.3523 0.183073 0.149598 39.952 10.55 0.18477
40.0955 10.4617 0.18763 0.0510329 39.952 10.55 0.18477
