-40.2145 -64.4527 1.77723 1.74125 -40.121 -64.442 1.7733
-40.3381 -64.5356 1.78367 0.93013 -40.121 -64.442 1.7733
-40.4263 -64.3579 1.78313 0.244596 -40.121 -64.442 1.7733
-40.1966 -64.4634 1.78883 0.28676 -40.121 -64.442 1.7733
-40.2145 -64.4527 1.77723 1.74125 -40.121 -64.442 1.7733
-40.2431 -64.5827 1.78242 1.5724 -40.121 -64.442 1.7733
-40.1838 -64.2617 1.77873 0.934971 -40.121 -64.442 1.7733
-40.1838 -64.2617 1.77873 0.934971 -40.121 -64.442 1.7733
-40.2145 -64.4527 1.77723 1.74125 -40.121 -64.442 1.7733
-40.2752 -64.2232 1.78077 0.430401 -40.121 -64.442 1.7733
-40.2617 -64.3074 1.78387 0.512952 -40.121 -64.442 1.7733
-40.4034 -64.5334 1.77447 0.269395 -40.121 -64.442 1.7733
-40.0992 -64.4379 1.77669 0.94064 -40.121 -64.442 1.7733
-40.2617 -64.3074 1.78387 0.512952 -40.121 -64.442 1.7733
-40.2145 -64.4527 1.77723 1.74125 -40.121 -64.442 1.7733
-40.3671 -64.5697 1.77135 0.0514065 -40.121 -64.442 1.7733
-40.3721 -64.1309 1.77687 0.124801 -40.121 -64.442 1.7733
-40.3421 -64.1492 1.78086 0.0919101 -40.121 -64.442 1.7733
-40.0509 -64.3068 1.77786 0.573455 -40.121 -64.442 1.7733
-40.2431 -64.5827 1.78242 1.5724 -40.121 -64.442 1.7733
-40.0509 -64.3068 1.77786 0.573455 -40.121 -64.442 1.7733
-40.3796 -64.5074 1.7734 0.264571 -40.121 -64.442 1.7733
-40.4565 -64.4241 1.77434 0.295358 -40.121 -64.442 1.7733
-40.0509 -64.3068 1.77786 0.573455 -40.121 -64.442 1.7733
-39.9877 -64.5444 1.78942 0.181214 -40.121 -64.442 1.7733
-40.2752 -64.2232 1.78077 0.430401 -40.121 -64.442 1.7733
-40.0944 -64.2928 1.78032 0.79236 -40.121 -64.442 1.7733
-39.9737 -64.3782 1.77744 0.280622 -40.121 -64.442 1.7733
-40.1822 -64.2219 1.77549 0.524395 -40.121 -64.442 1.7733
-40.0992 -64.4379 1.77669 0.94064 -40.121 -64.442 1.7733
-40.0509 -64.3068 1.77786 0.573455 -40.121 -64.442 1.7733
-40.0944 -64.2928 1.78032 0.79236 -40.121 -64.442 1.7733
-40.2145 -64.4527 1.77723 1.74125 -40.121 -64.442 1.7733
-40.4263 -64.3579 1.78313 0.244596 -40.121 -64.442 1.7733
-40.3724 -64.2688 1.77776 0.603534 -40.121 -64.442 1.7733
-40.1838 -64.2617 1.77873 0.934971 -40.121 -64.442 1.7733
-40.3205 -64.687 1.78384 0.423681 -40.121 -64.442 1.7733
-40.4837 -64.2867 1.77534 0.208534 -40.121 -64.442 1.7733
-40.0944 -64.2928 1.78032 0.79236 -40.121 -64.442 1.7733
-40.2431 -64.5827 1.78242 1.5724 -40.121 -64.442 1.7733
-40.0944 -64.2928 1.78032 0.79236 -40.121 -64.442 1.7733
-40.3205 -64.687 1.78384 0.423681 -40.121 -64.442 1.7733
-40.1623 -64.2679 1.77783 0.919599 -40.121 -64.442 1.7733
-40.1623 -64.2679 1.77783 0.919599 -40.121 -64.442 1.7733
-40.1821 -64.1384 1.77754 0.207272 -40.121 -64.442 1.7733
-40.2145 -64.4527 1.77723 1.74125 -40.121 -64.442 1.7733
-40.3205 -64.687 1.78384 0.423681 -40.121 -64.442 1.7733
-40.0944 -64.2928 1.78032 0.79236 -40.121 -64.442 1.7733
-39.9877 -64.5444 1.78942 0.181214 -40.121 -64.442 1.7733
-40.356 -64.6867 1.77729 0.156137 -40.121 -64.442 1.7733
-40.0992 -64.4379 1.77669 0.94064 -40.121 -64.442 1.7733
-40.356 -64.6867 1.77729 0.156137 -40.121 -64.442 1.7733
-40.2431 -64.5827 1.78242 1.5724 -40.121 -64.442 1.7733
-40.2617 -64.3074 1.78387 0.512952 -40.121 -64.442 1.7733
-40.2617 -64.3074 1.78387 0.512952 -40.121 -64.442 1.7733
-40.3381 -64.5356 1.78367 0.93013 -40.121 -64.442 1.7733
-40.2145 -64.4527 1.77723 1.74125 -40.121 -64.442 1.7733
-40.4034 -64.5334 1.77447 0.269395 -40.121 -64.442 1.7733
-40.2431 -64.5827 1.78242 1.5724 -40.121 -64.442 1.7733
-40.329 -64.6488 1.77644 0.237577 -40.121 -64.442 1.7733
-40.3205 -64.687 1.78384 0.423681 -40.121 -64.442 1.7733
-40.1821 -64.1384 1.77754 0.207272 -40.121 -64.442 1.7733
-40.3724 -64.2688 1.77776 0.603534 -40.121 -64.442 1.7733
-40.1838 -64.2617 1.77873 0.934971 -40.121 -64.442 1.7733
-40.4721 -64.5548 1.77799 0.246402 -40.121 -64.442 1.7733
-40.2431 -64.5827 1.78242 1.5724 -40.121 -64.442 1.7733
-40.329 -64.6488 1.77644 0.237577 -40.121 -64.442 1.7733
-40.3381 -64.5356 1.78367 0.93013 -40.121 -64.442 1.7733
-40.1838 -64.2617 1.77873 0.934971 -40.121 -64.442 1.7733
-40.0992 -64.4379 1.77669 0.94064 -40.121 -64.442 1.7733
-40.2431 -64.5827 1.78242 1.5724 -40.121 -64.442 1.7733
-40.2524 -64.1876 1.77751 0.442313 -40.121 -64.442 1.7733
-40.0509 -64.3068 1.77786 0.573455 -40.121 -64.442 1.7733
-40.2431 -64.5827 1.78242 1.5724 -40.121 -64.442 1.7733
-40.2431 -64.5827 1.78242 1.5724 -40.121 -64.442 1.7733
-40.0509 -64.3068 1.77786 0.573455 -40.121 -64.442 1.7733
-40.1623 -64.2679 1.77783 0.919599 -40.121 -64.442 1.7733
-40.2431 -64.5827 1.78242 1.5724 -40.121 -64.442 1.7733
-40.0509 -64.3068 1.77786 0.573455 -40.121 -64.442 1.7733
-40.3205 -64.687 1.78384 0.423681 -40.121 -64.442 1.7733
-40.2145 -64.4527 1.77723 1.74125 -40.121 -64.442 1.7733
-40.2431 -64.5827 1.78242 1.5724 -40.121 -64.442 1.7733
-40.4034 -64.5334 1.77447 0.269395 -40.121 -64.442 1.7733
-40.2752 -64.2232 1.78077 0.430401 -40.121 -64.442 1.7733
-40.3671 -64.5697 1.77135 0.0514065 -40.121 -64.442 1.7733
-39.9706 -64.2634 1.77599 0.109332 -40.121 -64.442 1.7733
-39.9877 -64.5444 1.78942 0.181214 -40.121 -64.442 1.7733
-40.2145 -64.4527 1.77723 1.74125 -40.121 -64.442 1.7733
-40.3796 -64.5074 1.7734 0.264571 -40.121 -64.442 1.7733
-40.3724 -64.2688 1.77776 0.603534 -40.121 -64.442 1.7733
-40.329 -64.6488 1.77644 0.237577 -40.121 -64.442 1.7733
-40.0944 -64.2928 1.78032 0.79236 -40.121 -64.442 1.7733
-40.3791 -64.5761 1.78663 0.238436 -40.121 -64.442 1.7733
-40.4166 -64.4991 1.77184 0.108396 -40.121 -64.442 1.7733
-40.2524 -64.1876 1.77751 0.442313 -40.121 -64.442 1.7733
-40.1966 -64.4634 1.78883 0.28676 -40.121 -64.442 1.7733
-40.2431 -64.5827 1.78242 1.5724 -40.121 -64.442 1.7733
-40.4837 -64.2867 1.77534 0.208534 -40.121 -64.442 1.7733
-40.3381 -64.5356 1.78367 0.93013 -40.121 -64.442 1.7733
-40.3381 -64.5356 1.78367 0.93013 -40.121 -64.442 1.7733
-40.2145 -64.4527 1.77723 1.74125 -40.121 -64.442 1.7733
-40.2431 -64.5827 1.78242 1.5724 -40.121 -64.442 1.7733
-40.3841 -64.1193 1.78108 0.0339586 -40.121 -64.442 1.7733
-40.3791 -64.5761 1.78663 0.238436 -40.121 -64.442 1.7733
-40.4381 -64.0902 1.77673 0.0353048 -40.121 -64.442 1.7733
-40.2752 -64.2232 1.78077 0.430401 -40.121 -64.442 1.7733
-40.4721 -64.5548 1.77799 0.246402 -40.121 -64.442 1.7733
-40.1838 -64.2617 1.77873 0.934971 -40.121 -64.442 1.7733
-39.9737 -64.3782 1.77744 0.280622 -40.121 -64.442 1.7733
-39.9877 -64.5444 1.78942 0.181214 -40.121 -64.442 1.7733
-39.9877 -64.5444 1.78942 0.181214 -40.121 -64.442 1.7733
-40.3724 -64.2688 1.77776 0.603534 -40.121 -64.442 1.7733
-40.2431 -64.5827 1.78242 1.5724 -40.121 -64.442 1.7733
-40.1821 -64.1384 1.77754 0.207272 -40.121 -64.442 1.7733
-40.4263 -64.3579 1.78313 0.244596 -40.121 -64.442 1.7733
-40.0944 -64.2928 1.78032 0.79236 -40.121 -64.442 1.7733
-40.3381 -64.5356 1.78367 0.93013 -40.121 -64.442 1.7733
-40.1966 -64.4634 1.78883 0.28676 -40.121 -64.442 1.7733
-40.1838 -64.2617 1.77873 0.934971 -40.121 -64.442 1.7733
-40.4837 -64.2867 1.77534 0.208534 -40.121 -64.442 1.7733
-40.3381 -64.5356 1.78367 0.93013 -40.121 -64.442 1.7733
-40.1623 -64.2679 1.77783 0.919599 -40.121 -64.442 1.7733
-40.3205 -64.687 1.78384 0.423681 -40.121 -64.442 1.7733
-39.9706 -64.2634 1.77599 0.109332 -40.121 -64.442 1.7733
-40.3796 -64.5074 1.7734 0.264571 -40.121 -64.442 1.7733
-40.2145 -64.4527 1.77723 1.74125 -40.121 -64.442 1.7733
-40.1821 -64.1384 1.77754 0.207272 -40.121 -64.442 1.7733
-40.3205 -64.687 1.78384 0.423681 -40.121 -64.442 1.7733
-40.2677 -64.8927 1.78896 0.0159707 -40.121 -64.442 1.7733
-40.3791 -64.5761 1.78663 0.238436 -40.121 -64.442 1.7733
-40.0992 -64.4379 1.77669 0.94064 -40.121 -64.442 1.7733
-40.4166 -64.4991 1.77184 0.108396 -40.121 -64.442 1.7733
-40.2145 -64.4527 1.77723 1.74125 -40.121 -64.442 1.7733
-39.9737 -64.3782 1.77744 0.280622 -40.121 -64.442 1.7733
-40.3796 -64.5074 1.7734 0.264571 -40.121 -64.442 1.7733
-40.2145 -64.4527 1.77723 1.74125 -40.121 -64.442 1.7733
-40.1838 -64.2617 1.77873 0.934971 -40.121 -64.442 1.7733
-40.3796 -64.5074 1.7734 0.264571 -40.121 -64.442 1.7733
-40.2145 -64.4527 1.77723 1.74125 -40.121 -64.442 1.7733
-40.1822 -64.2219 1.77549 0.524395 -40.121 -64.442 1.7733
-40.3381 -64.5356 1.78367 0.93013 -40.121 -64.442 1.7733
-40.3724 -64.2688 1.77776 0.603534 -40.121 -64.442 1.7733
-40.2617 -64.3074 1.78387 0.512952 -40.121 -64.442 1.7733
-40.4525 -64.2656 1.77509 0.2619 -40.121 -64.442 1.7733
-40.0992 -64.4379 1.77669 0.94064 -40.121 -64.442 1.7733
-40.0944 -64.2928 1.78032 0.79236 -40.121 -64.442 1.7733
-40.3724 -64.2688 1.77776 0.603534 -40.121 -64.442 1.7733
-40.1623 -64.2679 1.77783 0.919599 -40.121 -64.442 1.7733
-40.4565 -64.4241 1.77434 0.295358 -40.121 -64.442 1.7733
-40.1623 -64.2679 1.77783 0.919599 -40.121 -64.442 1.7733
-40.1966 -64.4634 1.78883 0.28676 -40.121 -64.442 1.7733
-40.329 -64.6488 1.77644 0.237577 -40.121 -64.442 1.7733
-40.3796 -64.5074 1.7734 0.264571 -40.121 -64.442 1.7733
-40.2431 -64.5827 1.78242 1.5724 -40.121 -64.442 1.7733
-40.4837 -64.2867 1.77534 0.208534 -40.121 -64.442 1.7733
-40.0944 -64.2928 1.78032 0.79236 -40.121 -64.442 1.7733
-40.2145 -64.4527 1.77723 1.74125 -40.121 -64.442 1.7733
-40.3724 -64.2688 1.77776 0.603534 -40.121 -64.442 1.7733
-40.3148 -64.8038 1.7801 0.0582223 -40.121 -64.442 1.7733
-40.3721 -64.1309 1.77687 0.124801 -40.121 -64.442 1.7733
-40.2145 -64.4527 1.77723 1.74125 -40.121 -64.442 1.7733
-40.2431 -64.5827 1.78242 1.5724 -40.121 -64.442 1.7733
-40.0944 -64.2928 1.78032 0.79236 -40.121 -64.442 1.7733
-40.2145 -64.4527 1.77723 1.74125 -40.121 -64.442 1.7733
-40.3791 -64.5761 1.78663 0.238436 -40.121 -64.442 1.7733
-40.0992 -64.4379 1.77669 0.94064 -40.121 -64.442 1.7733
-40.3832 -64.5939 1.77356 0.111291 -40.121 -64.442 1.7733
-40.1838 -64.2617 1.77873 0.934971 -40.121 -64.442 1.7733
-40.1623 -64.2679 1.77783 0.919599 -40.121 -64.442 1.7733
-40.3832 -64.5939 1.77356 0.111291 -40.121 -64.442 1.7733
-40.1623 -64.2679 1.77783 0.919599 -40.121 -64.442 1.7733
-40.0992 -64.4379 1.77669 0.94064 -40.121 -64.442 1.7733
-40.3381 -64.5356 1.78367 0.93013 -40.121 -64.442 1.7733
-40.5438 -64.3398 1.77564 0.109983 -40.121 -64.442 1.7733
-40.0992 -64.4379 1.77669 0.94064 -40.121 -64.442 1.7733
-40.0944 -64.2928 1.78032 0.79236 -40.121 -64.442 1.7733
-40.3381 -64.5356 1.78367 0.93013 -40.121 -64.442 1.7733
-40.1821 -64.1384 1.77754 0.207272 -40.121 -64.442 1.7733
-40.4263 -64.3579 1.78313 0.244596 -40.121 -64.442 1.7733
-40.0944 -64.2928 1.78032 0.79236 -40.121 -64.442 1.7733
-40.1838 -64.2617 1.77873 0.934971 -40.121 -64.442 1.7733
-40.2431 -64.5827 1.78242 1.5724 -40.121 -64.442 1.7733
-40.1623 -64.2679 1.77783 0.919599 -40.121 -64.442 1.7733
-39.9877 -64.5444 1.78942 0.181214 -40.121 -64.442 1.7733
-40.2145 -64.4527 1.77723 1.74125 -40.121 -64.442 1.7733
-40.3205 -64.687 1.78384 0.423681 -40.121 -64.442 1.7733
-40.329 -64.6488 1.77644 0.237577 -40.121 -64.442 1.7733
-40.0509 -64.3068 1.77786 0.573455 -40.121 -64.442 1.7733
-40.1838 -64.2617 1.77873 0.934971 -40.121 -64.442 1.7733
-40.2145 -64.4527 1.77723 1.74125 -40.121 -64.442 1.7733
-40.1623 -64.2679 1.77783 0.919599 -40.121 -64.442 1.7733
-40.3724 -64.2688 1.77776 0.603534 -40.121 -64.442 1.7733
-40.2617 -64.3074 1.78387 0.512952 -40.121 -64.442 1.7733
-40.3791 -64.5761 1.78663 0.238436 -40.121 -64.442 1.7733
-40.3381 -64.5356 1.78367 0.93013 -40.121 -64.442 1.7733
-40.0944 -64.2928 1.78032 0.79236 -40.121 -64.442 1.7733
-40.0992 -64.4379 1.77669 0.94064 -40.121 -64.442 1.7733
-40.3721 -64.1309 1.77687 0.124801 -40.121 -64.442 1.7733
-40.0992 -64.4379 1.77669 0.94064 -40.121 -64.442 1.7733
-40.2431 -64.5827 1.78242 1.5724 -40.121 -64.442 1.7733
