102.745 17.7878 0.0657193 0.118263 102.73 17.659 0.073264
102.758 17.7322 0.0668387 0.232628 102.73 17.659 0.073264
102.745 17.7878 0.0657193 0.118263 102.73 17.659 0.073264
102.864 17.7736 0.065249 0.120838 102.73 17.659 0.073264
102.729 17.3897 0.063119 0.0501248 102.73 17.659 0.073264
102.729 17.3897 0.063119 0.0501248 102.73 17.659 0.073264
102.726 17.6839 0.076218 0.00849206 102.73 17.659 0.073264
102.634 17.6098 0.0765173 0.0135661 102.73 17.659 0.073264
102.63 17.7578 0.0629757 0.0435511 102.73 17.659 0.073264
102.913 17.8304 0.0615666 0.027523 102.73 17.659 0.073264
102.758 17.7322 0.0668387 0.232628 102.73 17.659 0.073264
102.758 17.7322 0.0668387 0.232628 102.73 17.659 0.073264
102.857 17.8152 0.0655782 0.0700287 102.73 17.659 0.073264
102.634 17.6098 0.0765173 0.0135661 102.73 17.659 0.073264
102.842 17.8309 0.0688275 0.0327701 102.73 17.659 0.073264
102.758 17.7322 0.0668387 0.232628 102.73 17.659 0.073264
102.842 17.8309 0.0688275 0.0327701 102.73 17.659 0.073264
102.857 17.8152 0.0655782 0.0700287 102.73 17.659 0.073264
102.773 17.751 0.0734372 0.0204671 102.73 17.659 0.073264
102.553 17.5314 0.0631227 0.027513 102.73 17.659 0.073264
102.745 17.7878 0.0657193 0.118263 102.73 17.659 0.073264
102.842 17.8309 0.0688275 0.0327701 102.73 17.659 0.073264
102.758 17.7322 0.0668387 0.232628 102.73 17.659 0.073264
102.729 17.3897 0.063119 0.0501248 102.73 17.659 0.073264
103.041 17.5339 0.0616563 0.0280002 102.73 17.659 0.073264
102.957 17.4798 0.0728698 0.0197653 102.73 17.659 0.073264
102.857 17.8152 0.0655782 0.0700287 102.73 17.659 0.073264
103.154 17.7401 0.0665287 0.0018314 102.73 17.659 0.073264
102.745 17.7878 0.0657193 0.118263 102.73 17.659 0.073264
102.63 17.7578 0.0629757 0.0435511 102.73 17.659 0.073264
102.63 17.7578 0.0629757 0.0435511 102.73 17.659 0.073264
102.864 17.7736 0.065249 0.120838 102.73 17.659 0.073264
102.857 17.8152 0.0655782 0.0700287 102.73 17.659 0.073264
102.842 17.8309 0.0688275 0.0327701 102.73 17.659 0.073264
102.864 17.7736 0.065249 0.120838 102.73 17.659 0.073264
102.758 17.7322 0.0668387 0.232628 102.73 17.659 0.073264
103.041 17.5339 0.0616563 0.0280002 102.73 17.659 0.073264
102.661 17.4095 0.0760791 0.019595 102.73 17.659 0.073264
102.758 17.7322 0.0668387 0.232628 102.73 17.659 0.073264
102.758 17.7322 0.0668387 0.232628 102.73 17.659 0.073264
102.857 17.8152 0.0655782 0.0700287 102.73 17.659 0.073264
102.842 17.8309 0.0688275 0.0327701 102.73 17.659 0.073264
102.758 17.7322 0.0668387 0.232628 102.73 17.659 0.073264
102.758 17.7322 0.0668387 0.232628 102.73 17.659 0.073264
102.758 17.7322 0.0668387 0.232628 102.73 17.659 0.073264
102.542 17.6929 0.0659808 0.0501173 102.73 17.659 0.073264
102.666 17.8686 0.0693568 0.0143055 102.73 17.659 0.073264
102.729 17.3897 0.063119 0.0501248 102.73 17.659 0.073264
102.913 17.8304 0.0615666 0.027523 102.73 17.659 0.073264
102.652 17.5419 0.0779175 0.00680359 102.73 17.659 0.073264
102.758 17.7322 0.0668387 0.232628 102.73 17.659 0.073264
102.913 17.8304 0.0615666 0.027523 102.73 17.659 0.073264
102.542 17.6929 0.0659808 0.0501173 102.73 17.659 0.073264
102.634 17.6098 0.0765173 0.0135661 102.73 17.659 0.073264
102.758 17.7322 0.0668387 0.232628 102.73 17.659 0.073264
102.864 17.7736 0.065249 0.120838 102.73 17.659 0.073264
102.807 17.8491 0.071217 0.0107081 102.73 17.659 0.073264
102.857 17.8152 0.0655782 0.0700287 102.73 17.659 0.073264
102.758 17.7322 0.0668387 0.232628 102.73 17.659 0.073264
102.745 17.7878 0.0657193 0.118263 102.73 17.659 0.073264
102.467 17.3733 0.080675 0.000166303 102.73 17.659 0.073264
102.552 17.3991 0.0671942 0.0390515 102.73 17.659 0.073264
102.729 17.3897 0.063119 0.0501248 102.73 17.659 0.073264
102.807 17.8491 0.071217 0.0107081 102.73 17.659 0.073264
102.726 17.6839 0.076218 0.00849206 102.73 17.659 0.073264
102.807 17.8491 0.071217 0.0107081 102.73 17.659 0.073264
102.957 17.4798 0.0728698 0.0197653 102.73 17.659 0.073264
102.758 17.7322 0.0668387 0.232628 102.73 17.659 0.073264
102.857 17.8152 0.0655782 0.0700287 102.73 17.659 0.073264
102.957 17.4798 0.0728698 0.0197653 102.73 17.659 0.073264
102.969 17.302 0.0742033 0.00146229 102.73 17.659 0.073264
102.758 17.7322 0.0668387 0.232628 102.73 17.659 0.073264
102.63 17.7578 0.0629757 0.0435511 102.73 17.659 0.073264
102.994 17.7154 0.068923 0.030002 102.73 17.659 0.073264
102.745 17.7878 0.0657193 0.118263 102.73 17.659 0.073264
102.758 17.7322 0.0668387 0.232628 102.73 17.659 0.073264
102.857 17.8152 0.0655782 0.0700287 102.73 17.659 0.073264
102.864 17.7736 0.065249 0.120838 102.73 17.659 0.073264
102.758 17.7322 0.0668387 0.232628 102.73 17.659 0.073264
102.758 17.7322 0.0668387 0.232628 102.73 17.659 0.073264
102.745 17.7878 0.0657193 0.118263 102.73 17.659 0.073264
102.745 17.7878 0.0657193 0.118263 102.73 17.659 0.073264
102.758 17.7322 0.0668387 0.232628 102.73 17.659 0.073264
102.745 17.7878 0.0657193 0.118263 102.73 17.659 0.073264
102.864 17.7736 0.065249 0.120838 102.73 17.659 0.073264
102.758 17.7322 0.0668387 0.232628 102.73 17.659 0.073264
102.807 17.8491 0.071217 0.0107081 102.73 17.659 0.073264
103.041 17.5339 0.0616563 0.0280002 102.73 17.659 0.073264
102.552 17.3991 0.0671942 0.0390515 102.73 17.659 0.073264
102.423 17.6577 0.0684982 0.00915159 102.73 17.659 0.073264
102.758 17.7322 0.0668387 0.232628 102.73 17.659 0.073264
103.041 17.5339 0.0616563 0.0280002 102.73 17.659 0.073264
102.864 17.7736 0.065249 0.120838 102.73 17.659 0.073264
102.745 17.7878 0.0657193 0.118263 102.73 17.659 0.073264
102.842 17.8309 0.0688275 0.0327701 102.73 17.659 0.073264
102.807 17.8491 0.071217 0.0107081 102.73 17.659 0.073264
102.773 17.751 0.0734372 0.0204671 102.73 17.659 0.073264
103.041 17.5339 0.0616563 0.0280002 102.73 17.659 0.073264
102.758 17.7322 0.0668387 0.232628 102.73 17.659 0.073264
102.745 17.7878 0.0657193 0.118263 102.73 17.659 0.073264
102.634 17.6098 0.0765173 0.0135661 102.73 17.659 0.073264
102.857 17.8152 0.0655782 0.0700287 102.73 17.659 0.073264
102.729 17.3897 0.063119 0.0501248 102.73 17.659 0.073264
102.758 17.7322 0.0668387 0.232628 102.73 17.659 0.073264
102.758 17.7322 0.0668387 0.232628 102.73 17.659 0.073264
102.758 17.7322 0.0668387 0.232628 102.73 17.659 0.073264
102.726 17.6839 0.076218 0.00849206 102.73 17.659 0.073264
102.542 17.6929 0.0659808 0.0501173 102.73 17.659 0.073264
102.758 17.7322 0.0668387 0.232628 102.73 17.659 0.073264
102.745 17.7878 0.0657193 0.118263 102.73 17.659 0.073264
102.745 17.7878 0.0657193 0.118263 102.73 17.659 0.073264
102.553 17.5314 0.0631227 0.027513 102.73 17.659 0.073264
102.857 17.8152 0.0655782 0.0700287 102.73 17.659 0.073264
102.661 17.4095 0.0760791 0.019595 102.73 17.659 0.073264
102.864 17.7736 0.065249 0.120838 102.73 17.659 0.073264
102.553 17.5314 0.0631227 0.027513 102.73 17.659 0.073264
102.864 17.7736 0.065249 0.120838 102.73 17.659 0.073264
102.857 17.8152 0.0655782 0.0700287 102.73 17.659 0.073264
102.552 17.3991 0.0671942 0.0390515 102.73 17.659 0.073264
102.661 17.4095 0.0760791 0.019595 102.73 17.659 0.073264
102.63 17.7578 0.0629757 0.0435511 102.73 17.659 0.073264
102.758 17.7322 0.0668387 0.232628 102.73 17.659 0.073264
102.63 17.7578 0.0629757 0.0435511 102.73 17.659 0.073264
102.857 17.8152 0.0655782 0.0700287 102.73 17.659 0.073264
102.758 17.7322 0.0668387 0.232628 102.73 17.659 0.073264
103.041 17.5339 0.0616563 0.0280002 102.73 17.659 0.073264
102.864 17.7736 0.065249 0.120838 102.73 17.659 0.073264
102.552 17.3991 0.0671942 0.0390515 102.73 17.659 0.073264
102.864 17.7736 0.065249 0.120838 102.73 17.659 0.073264
102.63 17.7578 0.0629757 0.0435511 102.73 17.659 0.073264
102.758 17.7322 0.0668387 0.232628 102.73 17.659 0.073264
102.957 17.4798 0.0728698 0.0197653 102.73 17.659 0.073264
102.745 17.7878 0.0657193 0.118263 102.73 17.659 0.073264
102.634 17.6098 0.0765173 0.0135661 102.73 17.659 0.073264
102.729 17.3897 0.063119 0.0501248 102.73 17.659 0.073264
102.35 17.7136 0.071234 0.000899418 102.73 17.659 0.073264
102.661 17.4095 0.0760791 0.019595 102.73 17.659 0.073264
102.552 17.3991 0.0671942 0.0390515 102.73 17.659 0.073264
102.864 17.7736 0.065249 0.120838 102.73 17.659 0.073264
102.745 17.7878 0.0657193 0.118263 102.73 17.659 0.073264
102.758 17.7322 0.0668387 0.232628 102.73 17.659 0.073264
102.745 17.7878 0.0657193 0.118263 102.73 17.659 0.073264
102.542 17.6929 0.0659808 0.0501173 102.73 17.659 0.073264
102.552 17.3991 0.0671942 0.0390515 102.73 17.659 0.073264
102.857 17.8152 0.0655782 0.0700287 102.73 17.659 0.073264
102.758 17.7322 0.0668387 0.232628 102.73 17.659 0.073264
102.729 17.3897 0.063119 0.0501248 102.73 17.659 0.073264
102.842 17.8309 0.0688275 0.0327701 102.73 17.659 0.073264
102.864 17.7736 0.065249 0.120838 102.73 17.659 0.073264
102.864 17.7736 0.065249 0.120838 102.73 17.659 0.073264
102.729 17.3897 0.063119 0.0501248 102.73 17.659 0.073264
102.842 17.8309 0.0688275 0.0327701 102.73 17.659 0.073264
102.745 17.7878 0.0657193 0.118263 102.73 17.659 0.073264
102.745 17.7878 0.0657193 0.118263 102.73 17.659 0.073264
103.125 17.5204 0.0676099 0.00628447 102.73 17.659 0.073264
102.652 17.5419 0.0779175 0.00680359 102.73 17.659 0.073264
102.528 17.4768 0.078081 0.00346172 102.73 17.659 0.073264
102.745 17.7878 0.0657193 0.118263 102.73 17.659 0.073264
102.952 17.7205 0.0715658 0.0160924 102.73 17.659 0.073264
102.552 17.3991 0.0671942 0.0390515 102.73 17.659 0.073264
102.864 17.7736 0.065249 0.120838 102.73 17.659 0.073264
102.864 17.7736 0.065249 0.120838 102.73 17.659 0.073264
102.758 17.7322 0.0668387 0.232628 102.73 17.659 0.073264
102.758 17.7322 0.0668387 0.232628 102.73 17.659 0.073264
102.552 17.3991 0.0671942 0.0390515 102.73 17.659 0.073264
102.842 17.8309 0.0688275 0.0327701 102.73 17.659 0.073264
102.758 17.7322 0.0668387 0.232628 102.73 17.659 0.073264
102.745 17.7878 0.0657193 0.118263 102.73 17.659 0.073264
102.758 17.7322 0.0668387 0.232628 102.73 17.659 0.073264
102.553 17.5314 0.0631227 0.027513 102.73 17.659 0.073264
102.758 17.7322 0.0668387 0.232628 102.73 17.659 0.073264
102.758 17.7322 0.0668387 0.232628 102.73 17.659 0.073264
102.745 17.7878 0.0657193 0.118263 102.73 17.659 0.073264
102.542 17.6929 0.0659808 0.0501173 102.73 17.659 0.073264
102.864 17.7736 0.065249 0.120838 102.73 17.659 0.073264
102.758 17.7322 0.0668387 0.232628 102.73 17.659 0.073264
102.661 17.4095 0.0760791 0.019595 102.73 17.659 0.073264
102.864 17.7736 0.065249 0.120838 102.73 17.659 0.073264
102.729 17.3897 0.063119 0.0501248 102.73 17.659 0.073264
102.552 17.3991 0.0671942 0.0390515 102.73 17.659 0.073264
102.864 17.7736 0.065249 0.120838 102.73 17.659 0.073264
102.758 17.7322 0.0668387 0.232628 102.73 17.659 0.073264
102.758 17.7322 0.0668387 0.232628 102.73 17.659 0.073264
102.758 17.7322 0.0668387 0.232628 102.73 17.659 0.073264
102.652 17.5419 0.0779175 0.00680359 102.73 17.659 0.073264
102.552 17.3991 0.0671942 0.0390515 102.73 17.659 0.073264
102.758 17.7322 0.0668387 0.232628 102.73 17.659 0.073264
102.745 17.7878 0.0657193 0.118263 102.73 17.659 0.073264
102.842 17.8309 0.0688275 0.0327701 102.73 17.659 0.073264
102.773 17.751 0.0734372 0.0204671 102.73 17.659 0.073264
102.661 17.4095 0.0760791 0.019595 102.73 17.659 0.073264
102.745 17.7878 0.0657193 0.118263 102.73 17.659 0.073264
102.864 17.7736 0.065249 0.120838 102.73 17.659 0.073264
102.758 17.7322 0.0668387 0.232628 102.73 17.659 0.073264
102.773 17.751 0.0734372 0.0204671 102.73 17.659 0.073264
103.041 17.5339 0.0616563 0.0280002 102.73 17.659 0.073264
102.857 17.8152 0.0655782 0.0700287 102.73 17.659 0.073264
102.758 17.7322 0.0668387 0.232628 102.73 17.659 0.073264
102.745 17.7878 0.0657193 0.118263 102.73 17.659 0.073264
103.041 17.5339 0.0616563 0.0280002 102.73 17.659 0.073264
