18.0494 7.608 0.225213 0.0777268 17.998 7.8358 0.22518
17.9734 7.66201 0.229205 0.085385 17.998 7.8358 0.22518
17.7731 7.91821 0.225827 0.0050168 17.998 7.8358 0.22518
18.0747 7.81818 0.220384 0.0298468 17.998 7.8358 0.22518
17.9734 7.66201 0.229205 0.085385 17.998 7.8358 0.22518
17.8415 7.6996 0.229137 0.174656 17.998 7.8358 0.22518
17.9913 7.62438 0.221796 0.0669719 17.998 7.8358 0.22518
17.8415 7.6996 0.229137 0.174656 17.998 7.8358 0.22518
17.9734 7.66201 0.229205 0.085385 17.998 7.8358 0.22518
17.8415 7.6996 0.229137 0.174656 17.998 7.8358 0.22518
18.0494 7.608 0.225213 0.0777268 17.998 7.8358 0.22518
17.7237 7.69111 0.228051 0.0497442 17.998 7.8358 0.22518
17.7699 7.77472 0.227878 0.0752893 17.998 7.8358 0.22518
18.1086 7.82966 0.225694 0.0205299 17.998 7.8358 0.22518
18.0043 7.71783 0.2247 0.200896 17.998 7.8358 0.22518
17.7237 7.69111 0.228051 0.0497442 17.998 7.8358 0.22518
17.9913 7.62438 0.221796 0.0669719 17.998 7.8358 0.22518
18.1672 7.58918 0.226153 0.00484894 17.998 7.8358 0.22518
18.0902 7.80039 0.222111 0.053954 17.998 7.8358 0.22518
17.7669 7.77982 0.222017 0.00342139 17.998 7.8358 0.22518
17.8415 7.6996 0.229137 0.174656 17.998 7.8358 0.22518
18.0747 7.81818 0.220384 0.0298468 17.998 7.8358 0.22518
17.8415 7.6996 0.229137 0.174656 17.998 7.8358 0.22518
17.8415 7.6996 0.229137 0.174656 17.998 7.8358 0.22518
18.0043 7.71783 0.2247 0.200896 17.998 7.8358 0.22518
18.0902 7.80039 0.222111 0.053954 17.998 7.8358 0.22518
17.8415 7.6996 0.229137 0.174656 17.998 7.8358 0.22518
17.7699 7.77472 0.227878 0.0752893 17.998 7.8358 0.22518
17.7154 7.54813 0.229984 0.0151805 17.998 7.8358 0.22518
17.8415 7.6996 0.229137 0.174656 17.998 7.8358 0.22518
18.0043 7.71783 0.2247 0.200896 17.998 7.8358 0.22518
17.7237 7.69111 0.228051 0.0497442 17.998 7.8358 0.22518
18.0747 7.81818 0.220384 0.0298468 17.998 7.8358 0.22518
18.0902 7.80039 0.222111 0.053954 17.998 7.8358 0.22518
18.0043 7.71783 0.2247 0.200896 17.998 7.8358 0.22518
17.9714 7.59229 0.226873 0.104223 17.998 7.8358 0.22518
18.0131 7.88438 0.226041 0.0290663 17.998 7.8358 0.22518
18.0494 7.608 0.225213 0.0777268 17.998 7.8358 0.22518
17.9714 7.59229 0.226873 0.104223 17.998 7.8358 0.22518
18.1086 7.82966 0.225694 0.0205299 17.998 7.8358 0.22518
17.7237 7.69111 0.228051 0.0497442 17.998 7.8358 0.22518
18.0043 7.71783 0.2247 0.200896 17.998 7.8358 0.22518
17.9734 7.66201 0.229205 0.085385 17.998 7.8358 0.22518
17.9734 7.66201 0.229205 0.085385 17.998 7.8358 0.22518
17.825 7.83505 0.232403 0.0159193 17.998 7.8358 0.22518
17.9714 7.59229 0.226873 0.104223 17.998 7.8358 0.22518
18.0902 7.80039 0.222111 0.053954 17.998 7.8358 0.22518
17.9714 7.59229 0.226873 0.104223 17.998 7.8358 0.22518
17.825 7.83505 0.232403 0.0159193 17.998 7.8358 0.22518
17.8415 7.6996 0.229137 0.174656 17.998 7.8358 0.22518
18.0747 7.81818 0.220384 0.0298468 17.998 7.8358 0.22518
17.9714 7.59229 0.226873 0.104223 17.998 7.8358 0.22518
17.9734 7.66201 0.229205 0.085385 17.998 7.8358 0.22518
17.9734 7.66201 0.229205 0.085385 17.998 7.8358 0.22518
18.0494 7.608 0.225213 0.0777268 17.998 7.8358 0.22518
18.0043 7.71783 0.2247 0.200896 17.998 7.8358 0.22518
17.825 7.83505 0.232403 0.0159193 17.998 7.8358 0.22518
17.9714 7.59229 0.226873 0.104223 17.998 7.8358 0.22518
17.7699 7.77472 0.227878 0.0752893 17.998 7.8358 0.22518
18.0491 7.80184 0.221846 0.0656149 17.998 7.8358 0.22518
17.7361 7.88549 0.23143 0.00732006 17.998 7.8358 0.22518
17.9714 7.59229 0.226873 0.104223 17.998 7.8358 0.22518
18.0491 7.80184 0.221846 0.0656149 17.998 7.8358 0.22518
17.8415 7.6996 0.229137 0.174656 17.998 7.8358 0.22518
17.7699 7.77472 0.227878 0.0752893 17.998 7.8358 0.22518
17.8947 7.7138 0.221359 0.0357834 17.998 7.8358 0.22518
17.9734 7.66201 0.229205 0.085385 17.998 7.8358 0.22518
17.8415 7.6996 0.229137 0.174656 17.998 7.8358 0.22518
17.7699 7.77472 0.227878 0.0752893 17.998 7.8358 0.22518
18.0131 7.88438 0.226041 0.0290663 17.998 7.8358 0.22518
17.9734 7.66201 0.229205 0.085385 17.998 7.8358 0.22518
18.0131 7.88438 0.226041 0.0290663 17.998 7.8358 0.22518
17.9913 7.62438 0.221796 0.0669719 17.998 7.8358 0.22518
18.0902 7.80039 0.222111 0.053954 17.998 7.8358 0.22518
18.0494 7.608 0.225213 0.0777268 17.998 7.8358 0.22518
17.9714 7.59229 0.226873 0.104223 17.998 7.8358 0.22518
18.0491 7.80184 0.221846 0.0656149 17.998 7.8358 0.22518
17.8947 7.7138 0.221359 0.0357834 17.998 7.8358 0.22518
17.8794 7.42399 0.224285 0.00160702 17.998 7.8358 0.22518
17.8415 7.6996 0.229137 0.174656 17.998 7.8358 0.22518
17.9734 7.66201 0.229205 0.085385 17.998 7.8358 0.22518
17.8415 7.6996 0.229137 0.174656 17.998 7.8358 0.22518
17.8415 7.6996 0.229137 0.174656 17.998 7.8358 0.22518
18.0494 7.608 0.225213 0.0777268 17.998 7.8358 0.22518
18.0494 7.608 0.225213 0.0777268 17.998 7.8358 0.22518
17.9913 7.62438 0.221796 0.0669719 17.998 7.8358 0.22518
17.8415 7.6996 0.229137 0.174656 17.998 7.8358 0.22518
17.9913 7.62438 0.221796 0.0669719 17.998 7.8358 0.22518
18.0491 7.80184 0.221846 0.0656149 17.998 7.8358 0.22518
17.9714 7.59229 0.226873 0.104223 17.998 7.8358 0.22518
17.9913 7.62438 0.221796 0.0669719 17.998 7.8358 0.22518
17.8415 7.6996 0.229137 0.174656 17.998 7.8358 0.22518
17.8415 7.6996 0.229137 0.174656 17.998 7.8358 0.22518
17.8947 7.7138 0.221359 0.0357834 17.998 7.8358 0.22518
17.8415 7.6996 0.229137 0.174656 17.998 7.8358 0.22518
18.0131 7.88438 0.226041 0.0290663 17.998 7.8358 0.22518
17.8862 7.93139 0.227143 0.0135025 17.998 7.8358 0.22518
17.8947 7.7138 0.221359 0.0357834 17.998 7.8358 0.22518
18.0494 7.608 0.225213 0.0777268 17.998 7.8358 0.22518
17.9714 7.59229 0.226873 0.104223 17.998 7.8358 0.22518
17.7237 7.69111 0.228051 0.0497442 17.998 7.8358 0.22518
18.0747 7.81818 0.220384 0.0298468 17.998 7.8358 0.22518
18.0494 7.608 0.225213 0.0777268 17.998 7.8358 0.22518
18.0043 7.71783 0.2247 0.200896 17.998 7.8358 0.22518
18.1748 7.73048 0.218026 0.00886847 17.998 7.8358 0.22518
17.9714 7.59229 0.226873 0.104223 17.998 7.8358 0.22518
17.8415 7.6996 0.229137 0.174656 17.998 7.8358 0.22518
18.0494 7.608 0.225213 0.0777268 17.998 7.8358 0.22518
17.8947 7.7138 0.221359 0.0357834 17.998 7.8358 0.22518
18.0043 7.71783 0.2247 0.200896 17.998 7.8358 0.22518
17.8415 7.6996 0.229137 0.174656 17.998 7.8358 0.22518
18.0043 7.71783 0.2247 0.200896 17.998 7.8358 0.22518
17.8862 7.93139 0.227143 0.0135025 17.998 7.8358 0.22518
17.9734 7.66201 0.229205 0.085385 17.998 7.8358 0.22518
17.9913 7.62438 0.221796 0.0669719 17.998 7.8358 0.22518
17.9734 7.66201 0.229205 0.085385 17.998 7.8358 0.22518
17.9734 7.66201 0.229205 0.085385 17.998 7.8358 0.22518
17.9734 7.66201 0.229205 0.085385 17.998 7.8358 0.22518
17.7237 7.69111 0.228051 0.0497442 17.998 7.8358 0.22518
17.7237 7.69111 0.228051 0.0497442 17.998 7.8358 0.22518
18.0131 7.88438 0.226041 0.0290663 17.998 7.8358 0.22518
18.0043 7.71783 0.2247 0.200896 17.998 7.8358 0.22518
17.8415 7.6996 0.229137 0.174656 17.998 7.8358 0.22518
18.0494 7.608 0.225213 0.0777268 17.998 7.8358 0.22518
17.8415 7.6996 0.229137 0.174656 17.998 7.8358 0.22518
18.1086 7.82966 0.225694 0.0205299 17.998 7.8358 0.22518
17.8415 7.6996 0.229137 0.174656 17.998 7.8358 0.22518
17.7237 7.69111 0.228051 0.0497442 17.998 7.8358 0.22518
18.0491 7.80184 0.221846 0.0656149 17.998 7.8358 0.22518
17.9714 7.59229 0.226873 0.104223 17.998 7.8358 0.22518
17.7154 7.54813 0.229984 0.0151805 17.998 7.8358 0.22518
18.0494 7.608 0.225213 0.0777268 17.998 7.8358 0.22518
18.0043 7.71783 0.2247 0.200896 17.998 7.8358 0.22518
17.9734 7.66201 0.229205 0.085385 17.998 7.8358 0.22518
17.9734 7.66201 0.229205 0.085385 17.998 7.8358 0.22518
17.8415 7.6996 0.229137 0.174656 17.998 7.8358 0.22518
18.0043 7.71783 0.2247 0.200896 17.998 7.8358 0.22518
17.7699 7.77472 0.227878 0.0752893 17.998 7.8358 0.22518
17.8415 7.6996 0.229137 0.174656 17.998 7.8358 0.22518
17.8415 7.6996 0.229137 0.174656 17.998 7.8358 0.22518
18.0902 7.80039 0.222111 0.053954 17.998 7.8358 0.22518
18.0494 7.608 0.225213 0.0777268 17.998 7.8358 0.22518
17.8415 7.6996 0.229137 0.174656 17.998 7.8358 0.22518
17.8415 7.6996 0.229137 0.174656 17.998 7.8358 0.22518
17.7237 7.69111 0.228051 0.0497442 17.998 7.8358 0.22518
18.0494 7.608 0.225213 0.0777268 17.998 7.8358 0.22518
18.0491 7.80184 0.221846 0.0656149 17.998 7.8358 0.22518
18.0043 7.71783 0.2247 0.200896 17.998 7.8358 0.22518
17.9714 7.59229 0.226873 0.104223 17.998 7.8358 0.22518
18.0043 7.71783 0.2247 0.200896 17.998 7.8358 0.22518
18.0902 7.80039 0.222111 0.053954 17.998 7.8358 0.22518
18.0902 7.80039 0.222111 0.053954 17.998 7.8358 0.22518
17.9913 7.62438 0.221796 0.0669719 17.998 7.8358 0.22518
18.0494 7.608 0.225213 0.0777268 17.998 7.8358 0.22518
17.9734 7.66201 0.229205 0.085385 17.998 7.8358 0.22518
17.9913 7.62438 0.221796 0.0669719 17.998 7.8358 0.22518
18.0043 7.71783 0.2247 0.200896 17.998 7.8358 0.22518
18.0043 7.71783 0.2247 0.200896 17.998 7.8358 0.22518
18.0494 7.608 0.225213 0.0777268 17.998 7.8358 0.22518
17.9734 7.66201 0.229205 0.085385 17.998 7.8358 0.22518
18.0494 7.608 0.225213 0.0777268 17.998 7.8358 0.22518
18.0902 7.80039 0.222111 0.053954 17.998 7.8358 0.22518
18.0494 7.608 0.225213 0.0777268 17.998 7.8358 0.22518
18.0043 7.71783 0.2247 0.200896 17.998 7.8358 0.22518
17.9714 7.59229 0.226873 0.104223 17.998 7.8358 0.22518
18.0131 7.88438 0.226041 0.0290663 17.998 7.8358 0.22518
18.0043 7.71783 0.2247 0.200896 17.998 7.8358 0.22518
17.7699 7.77472 0.227878 0.0752893 17.998 7.8358 0.22518
17.7699 7.77472 0.227878 0.0752893 17.998 7.8358 0.22518
17.9734 7.66201 0.229205 0.085385 17.998 7.8358 0.22518
18.0747 7.81818 0.220384 0.0298468 17.998 7.8358 0.22518
18.0494 7.608 0.225213 0.0777268 17.998 7.8358 0.22518
18.0494 7.608 0.225213 0.0777268 17.998 7.8358 0.22518
17.8415 7.6996 0.229137 0.174656 17.998 7.8358 0.22518
18.0043 7.71783 0.2247 0.200896 17.998 7.8358 0.22518
18.0043 7.71783 0.2247 0.200896 17.998 7.8358 0.22518
17.9714 7.59229 0.226873 0.104223 17.998 7.8358 0.22518
18.0043 7.71783 0.2247 0.200896 17.998 7.8358 0.22518
17.8665 7.68906 0.217112 0.000239255 17.998 7.8358 0.22518
17.8415 7.6996 0.229137 0.174656 17.998 7.8358 0.22518
17.8415 7.6996 0.229137 0.174656 17.998 7.8358 0.22518
18.0494 7.608 0.225213 0.0777268 17.998 7.8358 0.22518
18.0043 7.71783 0.2247 0.200896 17.998 7.8358 0.22518
17.8862 7.93139 0.227143 0.0135025 17.998 7.8358 0.22518
18.0043 7.71783 0.2247 0.200896 17.998 7.8358 0.22518
18.1086 7.82966 0.225694 0.0205299 17.998 7.8358 0.22518
17.8415 7.6996 0.229137 0.174656 17.998 7.8358 0.22518
17.8415 7.6996 0.229137 0.174656 17.998 7.8358 0.22518
17.9913 7.62438 0.221796 0.0669719 17.998 7.8358 0.22518
17.9734 7.66201 0.229205 0.085385 17.998 7.8358 0.22518
17.9714 7.59229 0.226873 0.104223 17.998 7.8358 0.22518
18.0902 7.80039 0.222111 0.053954 17.998 7.8358 0.22518
18.1405 7.77626 0.230148 0.000764142 17.998 7.8358 0.22518
17.9714 7.59229 0.226873 0.104223 17.998 7.8358 0.22518
18.0043 7.71783 0.2247 0.200896 17.998 7.8358 0.22518
18.0902 7.80039 0.222111 0.053954 17.998 7.8358 0.22518
18.0043 7.71783 0.2247 0.200896 17.998 7.8358 0.22518
17.8415 7.6996 0.229137 0.174656 17.998 7.8358 0.22518
18.0043 7.71783 0.2247 0.200896 17.998 7.8358 0.22518
18.0043 7.71783 0.2247 0.200896 17.998 7.8358 0.22518
