83.3001 -33.2853 3.61877 0.00393615 83.305 -33.411 3.6159
83.3538 -33.4658 3.61116 0.00070747 83.305 -33.411 3.6159
83.2017 -33.1609 3.62207 0.00176044 83.305 -33.411 3.6159
83.3001 -33.2853 3.61877 0.00393615 83.305 -33.411 3.6159
83.2406 -33.4599 3.61747 0.000991335 83.305 -33.411 3.6159
83.2091 -33.1014 3.61666 0.00252805 83.305 -33.411 3.6159
83.1508 -33.2434 3.61271 0.00220462 83.305 -33.411 3.6159
83.2117 -33.0538 3.6198 0.00175906 83.305 -33.411 3.6159
83.1456 -33.4033 3.60949 0.000559703 83.305 -33.411 3.6159
83.0682 -33.1704 3.61706 0.00236825 83.305 -33.411 3.6159
83.1508 -33.2434 3.61271 0.00220462 83.305 -33.411 3.6159
83.2725 -33.3716 3.6109 0.00179222 83.305 -33.411 3.6159
83.102 -33.3491 3.61856 0.00212266 83.305 -33.411 3.6159
83.1936 -33.1479 3.62526 0.000123876 83.305 -33.411 3.6159
83.102 -33.3491 3.61856 0.00212266 83.305 -33.411 3.6159
83.3001 -33.2853 3.61877 0.00393615 83.305 -33.411 3.6159
83.102 -33.3491 3.61856 0.00212266 83.305 -33.411 3.6159
83.1816 -33.158 3.6234 0.000676243 83.305 -33.411 3.6159
83.0273 -33.3289 3.61655 0.00149956 83.305 -33.411 3.6159
83.1456 -33.4033 3.60949 0.000559703 83.305 -33.411 3.6159
83.1347 -33.4188 3.61164 0.00179813 83.305 -33.411 3.6159
83.2617 -33.3748 3.60957 0.000744232 83.305 -33.411 3.6159
83.1347 -33.4188 3.61164 0.00179813 83.305 -33.411 3.6159
83.1508 -33.2434 3.61271 0.00220462 83.305 -33.411 3.6159
83.201 -33.1772 3.62173 0.0021289 83.305 -33.411 3.6159
83.2406 -33.4599 3.61747 0.000991335 83.305 -33.411 3.6159
83.201 -33.1772 3.62173 0.0021289 83.305 -33.411 3.6159
83.2369 -33.0845 3.61645 0.0016941 83.305 -33.411 3.6159
83.0682 -33.1704 3.61706 0.00236825 83.305 -33.411 3.6159
83.2091 -33.1014 3.61666 0.00252805 83.305 -33.411 3.6159
83.3001 -33.2853 3.61877 0.00393615 83.305 -33.411 3.6159
83.2117 -33.0538 3.6198 0.00175906 83.305 -33.411 3.6159
83.1508 -33.2434 3.61271 0.00220462 83.305 -33.411 3.6159
83.0682 -33.1704 3.61706 0.00236825 83.305 -33.411 3.6159
83.2951 -33.5961 3.61161 0.000181908 83.305 -33.411 3.6159
83.2406 -33.4599 3.61747 0.000991335 83.305 -33.411 3.6159
83.1816 -33.158 3.6234 0.000676243 83.305 -33.411 3.6159
83.2951 -33.5961 3.61161 0.000181908 83.305 -33.411 3.6159
83.2725 -33.3716 3.6109 0.00179222 83.305 -33.411 3.6159
83.2117 -33.0538 3.6198 0.00175906 83.305 -33.411 3.6159
83.0273 -33.3289 3.61655 0.00149956 83.305 -33.411 3.6159
83.0424 -33.4539 3.61324 0.000612829 83.305 -33.411 3.6159
83.1508 -33.2434 3.61271 0.00220462 83.305 -33.411 3.6159
83.1508 -33.2434 3.61271 0.00220462 83.305 -33.411 3.6159
83.2091 -33.1014 3.61666 0.00252805 83.305 -33.411 3.6159
83.3683 -33.1383 3.61876 0.0013921 83.305 -33.411 3.6159
83.3538 -33.4658 3.61116 0.00070747 83.305 -33.411 3.6159
83.4531 -33.3946 3.61832 0.000109348 83.305 -33.411 3.6159
83.102 -33.3491 3.61856 0.00212266 83.305 -33.411 3.6159
83.2091 -33.1014 3.61666 0.00252805 83.305 -33.411 3.6159
83.2617 -33.3748 3.60957 0.000744232 83.305 -33.411 3.6159
83.1342 -33.4661 3.61642 0.00110884 83.305 -33.411 3.6159
83.1508 -33.2434 3.61271 0.00220462 83.305 -33.411 3.6159
83.1242 -33.3415 3.61134 0.00146254 83.305 -33.411 3.6159
83.1508 -33.2434 3.61271 0.00220462 83.305 -33.411 3.6159
83.3127 -33.0134 3.62354 0.000170792 83.305 -33.411 3.6159
83.1508 -33.2434 3.61271 0.00220462 83.305 -33.411 3.6159
83.2117 -33.0538 3.6198 0.00175906 83.305 -33.411 3.6159
83.2617 -33.3748 3.60957 0.000744232 83.305 -33.411 3.6159
83.3001 -33.2853 3.61877 0.00393615 83.305 -33.411 3.6159
83.0682 -33.1704 3.61706 0.00236825 83.305 -33.411 3.6159
83.1242 -33.3415 3.61134 0.00146254 83.305 -33.411 3.6159
83.1347 -33.4188 3.61164 0.00179813 83.305 -33.411 3.6159
83.2117 -33.0538 3.6198 0.00175906 83.305 -33.411 3.6159
83.2531 -33.1503 3.61136 0.000198065 83.305 -33.411 3.6159
83.3001 -33.2853 3.61877 0.00393615 83.305 -33.411 3.6159
83.3683 -33.1383 3.61876 0.0013921 83.305 -33.411 3.6159
83.3001 -33.2853 3.61877 0.00393615 83.305 -33.411 3.6159
83.1342 -33.4661 3.61642 0.00110884 83.305 -33.411 3.6159
83.1508 -33.2434 3.61271 0.00220462 83.305 -33.411 3.6159
83.1508 -33.2434 3.61271 0.00220462 83.305 -33.411 3.6159
83.3538 -33.4658 3.61116 0.00070747 83.305 -33.411 3.6159
83.1508 -33.2434 3.61271 0.00220462 83.305 -33.411 3.6159
83.2091 -33.1014 3.61666 0.00252805 83.305 -33.411 3.6159
83.2369 -33.0845 3.61645 0.0016941 83.305 -33.411 3.6159
83.3001 -33.2853 3.61877 0.00393615 83.305 -33.411 3.6159
83.4531 -33.3946 3.61832 0.000109348 83.305 -33.411 3.6159
83.1508 -33.2434 3.61271 0.00220462 83.305 -33.411 3.6159
83.1347 -33.4188 3.61164 0.00179813 83.305 -33.411 3.6159
83.3001 -33.2853 3.61877 0.00393615 83.305 -33.411 3.6159
83.3001 -33.2853 3.61877 0.00393615 83.305 -33.411 3.6159
83.0682 -33.1704 3.61706 0.00236825 83.305 -33.411 3.6159
83.0424 -33.4539 3.61324 0.000612829 83.305 -33.411 3.6159
83.1242 -33.3415 3.61134 0.00146254 83.305 -33.411 3.6159
83.1347 -33.4188 3.61164 0.00179813 83.305 -33.411 3.6159
83.1242 -33.3415 3.61134 0.00146254 83.305 -33.411 3.6159
83.0682 -33.1704 3.61706 0.00236825 83.305 -33.411 3.6159
83.0682 -33.1704 3.61706 0.00236825 83.305 -33.411 3.6159
83.1342 -33.4661 3.61642 0.00110884 83.305 -33.411 3.6159
83.2725 -33.3716 3.6109 0.00179222 83.305 -33.411 3.6159
83.3001 -33.2853 3.61877 0.00393615 83.305 -33.411 3.6159
83.0682 -33.1704 3.61706 0.00236825 83.305 -33.411 3.6159
83.0424 -33.4539 3.61324 0.000612829 83.305 -33.411 3.6159
83.2824 -33.5865 3.6079 7.19984e-05 83.305 -33.411 3.6159
83.1242 -33.3415 3.61134 0.00146254 83.305 -33.411 3.6159
83.1347 -33.4188 3.61164 0.00179813 83.305 -33.411 3.6159
83.3001 -33.2853 3.61877 0.00393615 83.305 -33.411 3.6159
83.2017 -33.1609 3.62207 0.00176044 83.305 -33.411 3.6159
83.2725 -33.3716 3.6109 0.00179222 83.305 -33.411 3.6159
83.0682 -33.1704 3.61706 0.00236825 83.305 -33.411 3.6159
83.0682 -33.1704 3.61706 0.00236825 83.305 -33.411 3.6159
83.1347 -33.4188 3.61164 0.00179813 83.305 -33.411 3.6159
83.1347 -33.4188 3.61164 0.00179813 83.305 -33.411 3.6159
83.1342 -33.4661 3.61642 0.00110884 83.305 -33.411 3.6159
83.2017 -33.1609 3.62207 0.00176044 83.305 -33.411 3.6159
83.1074 -33.2208 3.62348 0.000294968 83.305 -33.411 3.6159
83.0273 -33.3289 3.61655 0.00149956 83.305 -33.411 3.6159
83.2725 -33.3716 3.6109 0.00179222 83.305 -33.411 3.6159
83.201 -33.1772 3.62173 0.0021289 83.305 -33.411 3.6159
83.2117 -33.0538 3.6198 0.00175906 83.305 -33.411 3.6159
83.2951 -33.5961 3.61161 0.000181908 83.305 -33.411 3.6159
83.2091 -33.1014 3.61666 0.00252805 83.305 -33.411 3.6159
83.2725 -33.3716 3.6109 0.00179222 83.305 -33.411 3.6159
83.201 -33.1772 3.62173 0.0021289 83.305 -33.411 3.6159
83.1347 -33.4188 3.61164 0.00179813 83.305 -33.411 3.6159
83.1347 -33.4188 3.61164 0.00179813 83.305 -33.411 3.6159
83.3803 -33.2703 3.61286 0.00110421 83.305 -33.411 3.6159
83.2017 -33.1609 3.62207 0.00176044 83.305 -33.411 3.6159
83.3803 -33.2703 3.61286 0.00110421 83.305 -33.411 3.6159
83.3803 -33.2703 3.61286 0.00110421 83.305 -33.411 3.6159
83.0682 -33.1704 3.61706 0.00236825 83.305 -33.411 3.6159
83.0682 -33.1704 3.61706 0.00236825 83.305 -33.411 3.6159
83.2725 -33.3716 3.6109 0.00179222 83.305 -33.411 3.6159
83.2725 -33.3716 3.6109 0.00179222 83.305 -33.411 3.6159
83.0682 -33.1704 3.61706 0.00236825 83.305 -33.411 3.6159
83.2017 -33.1609 3.62207 0.00176044 83.305 -33.411 3.6159
83.2017 -33.1609 3.62207 0.00176044 83.305 -33.411 3.6159
83.3803 -33.2703 3.61286 0.00110421 83.305 -33.411 3.6159
83.2091 -33.1014 3.61666 0.00252805 83.305 -33.411 3.6159
83.3001 -33.2853 3.61877 0.00393615 83.305 -33.411 3.6159
83.3803 -33.2703 3.61286 0.00110421 83.305 -33.411 3.6159
83.0424 -33.4539 3.61324 0.000612829 83.305 -33.411 3.6159
83.2725 -33.3716 3.6109 0.00179222 83.305 -33.411 3.6159
83.3683 -33.1383 3.61876 0.0013921 83.305 -33.411 3.6159
83.1816 -33.158 3.6234 0.000676243 83.305 -33.411 3.6159
83.2158 -32.8761 3.62381 2.58229e-05 83.305 -33.411 3.6159
83.2406 -33.4599 3.61747 0.000991335 83.305 -33.411 3.6159
83.2531 -33.1503 3.61136 0.000198065 83.305 -33.411 3.6159
83.3538 -33.4658 3.61116 0.00070747 83.305 -33.411 3.6159
83.1347 -33.4188 3.61164 0.00179813 83.305 -33.411 3.6159
83.098 -33.501 3.61892 7.67233e-05 83.305 -33.411 3.6159
83.201 -33.1772 3.62173 0.0021289 83.305 -33.411 3.6159
83.3803 -33.2703 3.61286 0.00110421 83.305 -33.411 3.6159
83.3001 -33.2853 3.61877 0.00393615 83.305 -33.411 3.6159
83.2091 -33.1014 3.61666 0.00252805 83.305 -33.411 3.6159
83.0273 -33.3289 3.61655 0.00149956 83.305 -33.411 3.6159
83.1456 -33.4033 3.60949 0.000559703 83.305 -33.411 3.6159
83.1816 -33.158 3.6234 0.000676243 83.305 -33.411 3.6159
83.2117 -33.0538 3.6198 0.00175906 83.305 -33.411 3.6159
83.2369 -33.0845 3.61645 0.0016941 83.305 -33.411 3.6159
83.201 -33.1772 3.62173 0.0021289 83.305 -33.411 3.6159
83.2369 -33.0845 3.61645 0.0016941 83.305 -33.411 3.6159
83.2091 -33.1014 3.61666 0.00252805 83.305 -33.411 3.6159
83.2617 -33.3748 3.60957 0.000744232 83.305 -33.411 3.6159
83.3001 -33.2853 3.61877 0.00393615 83.305 -33.411 3.6159
83.2617 -33.3748 3.60957 0.000744232 83.305 -33.411 3.6159
83.2017 -33.1609 3.62207 0.00176044 83.305 -33.411 3.6159
83.1342 -33.4661 3.61642 0.00110884 83.305 -33.411 3.6159
83.2091 -33.1014 3.61666 0.00252805 83.305 -33.411 3.6159
83.2406 -33.4599 3.61747 0.000991335 83.305 -33.411 3.6159
83.0682 -33.1704 3.61706 0.00236825 83.305 -33.411 3.6159
83.0682 -33.1704 3.61706 0.00236825 83.305 -33.411 3.6159
83.1342 -33.4661 3.61642 0.00110884 83.305 -33.411 3.6159
83.2091 -33.1014 3.61666 0.00252805 83.305 -33.411 3.6159
83.2725 -33.3716 3.6109 0.00179222 83.305 -33.411 3.6159
83.2369 -33.0845 3.61645 0.0016941 83.305 -33.411 3.6159
83.2369 -33.0845 3.61645 0.0016941 83.305 -33.411 3.6159
83.3001 -33.2853 3.61877 0.00393615 83.305 -33.411 3.6159
83.201 -33.1772 3.62173 0.0021289 83.305 -33.411 3.6159
83.3001 -33.2853 3.61877 0.00393615 83.305 -33.411 3.6159
83.3803 -33.2703 3.61286 0.00110421 83.305 -33.411 3.6159
83.2091 -33.1014 3.61666 0.00252805 83.305 -33.411 3.6159
83.102 -33.3491 3.61856 0.00212266 83.305 -33.411 3.6159
83.3803 -33.2703 3.61286 0.00110421 83.305 -33.411 3.6159
83.1508 -33.2434 3.61271 0.00220462 83.305 -33.411 3.6159
83.2017 -33.1609 3.62207 0.00176044 83.305 -33.411 3.6159
83.1508 -33.2434 3.61271 0.00220462 83.305 -33.411 3.6159
83.102 -33.3491 3.61856 0.00212266 83.305 -33.411 3.6159
83.1242 -33.3415 3.61134 0.00146254 83.305 -33.411 3.6159
83.2328 -33.3811 3.6214 0.000262186 83.305 -33.411 3.6159
83.1242 -33.3415 3.61134 0.00146254 83.305 -33.411 3.6159
83.1242 -33.3415 3.61134 0.00146254 83.305 -33.411 3.6159
83.0682 -33.1704 3.61706 0.00236825 83.305 -33.411 3.6159
83.3683 -33.1383 3.61876 0.0013921 83.305 -33.411 3.6159
83.1508 -33.2434 3.61271 0.00220462 83.305 -33.411 3.6159
83.3001 -33.2853 3.61877 0.00393615 83.305 -33.411 3.6159
83.1456 -33.4033 3.60949 0.000559703 83.305 -33.411 3.6159
83.2091 -33.1014 3.61666 0.00252805 83.305 -33.411 3.6159
83.2091 -33.1014 3.61666 0.00252805 83.305 -33.411 3.6159
83.2406 -33.4599 3.61747 0.000991335 83.305 -33.411 3.6159
83.1598 -33.3075 3.6083 0.000100217 83.305 -33.411 3.6159
83.2369 -33.0845 3.61645 0.0016941 83.305 -33.411 3.6159
83.3001 -33.2853 3.61877 0.00393615 83.305 -33.411 3.6159
83.3683 -33.1383 3.61876 0.0013921 83.305 -33.411 3.6159
83.3001 -33.2853 3.61877 0.00393615 83.305 -33.411 3.6159
83.3001 -33.2853 3.61877 0.00393615 83.305 -33.411 3.6159
83.3001 -33.2853 3.61877 0.00393615 83.305 -33.411 3.6159
83.2091 -33.1014 3.61666 0.00252805 83.305 -33.411 3.6159
83.2369 -33.0845 3.61645 0.0016941 83.305 -33.411 3.6159
83.2369 -33.0845 3.61645 0.0016941 83.305 -33.411 3.6159
