-34.1897 -25.8468 1.18619 0.156125 -34.117 -25.846 1.1868
-34.0676 -25.9485 1.18266 0.348952 -34.117 -25.846 1.1868
-34.0676 -25.9485 1.18266 0.348952 -34.117 -25.846 1.1868
-34.1897 -25.8468 1.18619 0.156125 -34.117 -25.846 1.1868
-33.96 -25.8236 1.18254 0.0557616 -34.117 -25.846 1.1868
-34.0974 -26.0797 1.1896 0.185522 -34.117 -25.846 1.1868
-34.1897 -25.8468 1.18619 0.156125 -34.117 -25.846 1.1868
-34.1238 -26.3111 1.18665 0.01513 -34.117 -25.846 1.1868
-34.1897 -25.8468 1.18619 0.156125 -34.117 -25.846 1.1868
-34.2553 -26.0732 1.18908 0.2171 -34.117 -25.846 1.1868
-34.0892 -26.0083 1.18594 0.389127 -34.117 -25.846 1.1868
-34.0676 -25.9485 1.18266 0.348952 -34.117 -25.846 1.1868
-34.0892 -26.0083 1.18594 0.389127 -34.117 -25.846 1.1868
-34.1884 -26.092 1.18908 0.264092 -34.117 -25.846 1.1868
-34.2548 -25.9036 1.17916 0.112661 -34.117 -25.846 1.1868
-34.1897 -25.8468 1.18619 0.156125 -34.117 -25.846 1.1868
-34.0892 -26.0083 1.18594 0.389127 -34.117 -25.846 1.1868
-33.96 -25.8236 1.18254 0.0557616 -34.117 -25.846 1.1868
-33.9343 -25.9674 1.19034 0.0115358 -34.117 -25.846 1.1868
-34.0676 -25.9485 1.18266 0.348952 -34.117 -25.846 1.1868
-34.0676 -25.9485 1.18266 0.348952 -34.117 -25.846 1.1868
-34.3399 -26.1459 1.18917 0.0706969 -34.117 -25.846 1.1868
-34.0892 -26.0083 1.18594 0.389127 -34.117 -25.846 1.1868
-34.1014 -25.7074 1.17672 0.0256338 -34.117 -25.846 1.1868
-34.1897 -25.8468 1.18619 0.156125 -34.117 -25.846 1.1868
-34.0892 -26.0083 1.18594 0.389127 -34.117 -25.846 1.1868
-34.0892 -26.0083 1.18594 0.389127 -34.117 -25.846 1.1868
-34.0732 -26.0605 1.18699 0.288206 -34.117 -25.846 1.1868
-34.0376 -25.9326 1.17899 0.139077 -34.117 -25.846 1.1868
-34.1442 -25.9647 1.17803 0.113773 -34.117 -25.846 1.1868
-34.0864 -25.9919 1.18653 0.34757 -34.117 -25.846 1.1868
-34.1392 -26.2046 1.1896 0.103013 -34.117 -25.846 1.1868
-33.96 -25.8236 1.18254 0.0557616 -34.117 -25.846 1.1868
-33.8797 -26.1246 1.18343 0.0114785 -34.117 -25.846 1.1868
-34.0676 -25.9485 1.18266 0.348952 -34.117 -25.846 1.1868
-34.0864 -25.9919 1.18653 0.34757 -34.117 -25.846 1.1868
-34.0864 -25.9919 1.18653 0.34757 -34.117 -25.846 1.1868
-34.2567 -25.9449 1.18073 0.183025 -34.117 -25.846 1.1868
-34.1884 -26.092 1.18908 0.264092 -34.117 -25.846 1.1868
-34.0376 -25.9326 1.17899 0.139077 -34.117 -25.846 1.1868
-34.0892 -26.0083 1.18594 0.389127 -34.117 -25.846 1.1868
-34.0549 -25.9501 1.18849 0.131469 -34.117 -25.846 1.1868
-34.1897 -25.8468 1.18619 0.156125 -34.117 -25.846 1.1868
-34.0676 -25.9485 1.18266 0.348952 -34.117 -25.846 1.1868
-33.9485 -25.7829 1.18483 0.0166981 -34.117 -25.846 1.1868
-34.1884 -26.092 1.18908 0.264092 -34.117 -25.846 1.1868
-34.0892 -26.0083 1.18594 0.389127 -34.117 -25.846 1.1868
-34.2032 -25.779 1.18703 0.0386084 -34.117 -25.846 1.1868
-34.0864 -25.9919 1.18653 0.34757 -34.117 -25.846 1.1868
-34.0376 -25.9326 1.17899 0.139077 -34.117 -25.846 1.1868
-34.0892 -26.0083 1.18594 0.389127 -34.117 -25.846 1.1868
-34.0892 -26.0083 1.18594 0.389127 -34.117 -25.846 1.1868
-34.3162 -25.9257 1.18591 0.144612 -34.117 -25.846 1.1868
-34.1392 -26.2046 1.1896 0.103013 -34.117 -25.846 1.1868
-34.0864 -25.9919 1.18653 0.34757 -34.117 -25.846 1.1868
-34.1994 -26.0084 1.19333 0.0349077 -34.117 -25.846 1.1868
-34.2553 -26.0732 1.18908 0.2171 -34.117 -25.846 1.1868
-34.1617 -26.0949 1.1958 0.0105077 -34.117 -25.846 1.1868
-34.2548 -25.9036 1.17916 0.112661 -34.117 -25.846 1.1868
-34.0732 -26.0605 1.18699 0.288206 -34.117 -25.846 1.1868
-34.0676 -25.9485 1.18266 0.348952 -34.117 -25.846 1.1868
-34.0864 -25.9919 1.18653 0.34757 -34.117 -25.846 1.1868
-34.0732 -26.0605 1.18699 0.288206 -34.117 -25.846 1.1868
-34.1442 -25.9647 1.17803 0.113773 -34.117 -25.846 1.1868
-34.1884 -26.092 1.18908 0.264092 -34.117 -25.846 1.1868
-34.0732 -26.0605 1.18699 0.288206 -34.117 -25.846 1.1868
-34.2553 -26.0732 1.18908 0.2171 -34.117 -25.846 1.1868
-34.0676 -25.9485 1.18266 0.348952 -34.117 -25.846 1.1868
-34.1392 -26.2046 1.1896 0.103013 -34.117 -25.846 1.1868
-34.0864 -25.9919 1.18653 0.34757 -34.117 -25.846 1.1868
-34.0974 -26.0797 1.1896 0.185522 -34.117 -25.846 1.1868
-33.96 -25.8236 1.18254 0.0557616 -34.117 -25.846 1.1868
-34.2553 -26.0732 1.18908 0.2171 -34.117 -25.846 1.1868
-34.0676 -25.9485 1.18266 0.348952 -34.117 -25.846 1.1868
-34.0892 -26.0083 1.18594 0.389127 -34.117 -25.846 1.1868
-33.9071 -26.0479 1.18866 0.0193725 -34.117 -25.846 1.1868
-34.3162 -25.9257 1.18591 0.144612 -34.117 -25.846 1.1868
-34.1884 -26.092 1.18908 0.264092 -34.117 -25.846 1.1868
-34.0676 -25.9485 1.18266 0.348952 -34.117 -25.846 1.1868
-34.0892 -26.0083 1.18594 0.389127 -34.117 -25.846 1.1868
-34.1392 -26.2046 1.1896 0.103013 -34.117 -25.846 1.1868
-34.1442 -25.9647 1.17803 0.113773 -34.117 -25.846 1.1868
-33.9071 -26.0479 1.18866 0.0193725 -34.117 -25.846 1.1868
-34.0676 -25.9485 1.18266 0.348952 -34.117 -25.846 1.1868
-34.2553 -26.0732 1.18908 0.2171 -34.117 -25.846 1.1868
-34.2548 -25.9036 1.17916 0.112661 -34.117 -25.846 1.1868
-34.0864 -25.9919 1.18653 0.34757 -34.117 -25.846 1.1868
-34.0732 -26.0605 1.18699 0.288206 -34.117 -25.846 1.1868
-34.1501 -26.2573 1.18764 0.0538519 -34.117 -25.846 1.1868
-34.0676 -25.9485 1.18266 0.348952 -34.117 -25.846 1.1868
-34.2567 -25.9449 1.18073 0.183025 -34.117 -25.846 1.1868
-34.1392 -26.2046 1.1896 0.103013 -34.117 -25.846 1.1868
-34.2553 -26.0732 1.18908 0.2171 -34.117 -25.846 1.1868
-33.96 -25.8236 1.18254 0.0557616 -34.117 -25.846 1.1868
-34.1884 -26.092 1.18908 0.264092 -34.117 -25.846 1.1868
-34.0864 -25.9919 1.18653 0.34757 -34.117 -25.846 1.1868
-34.3383 -26.2404 1.19358 0.012313 -34.117 -25.846 1.1868
-34.2553 -26.0732 1.18908 0.2171 -34.117 -25.846 1.1868
-34.2567 -25.9449 1.18073 0.183025 -34.117 -25.846 1.1868
-34.1884 -26.092 1.18908 0.264092 -34.117 -25.846 1.1868
-34.0974 -26.0797 1.1896 0.185522 -34.117 -25.846 1.1868
-34.1884 -26.092 1.18908 0.264092 -34.117 -25.846 1.1868
-34.2553 -26.0732 1.18908 0.2171 -34.117 -25.846 1.1868
-34.0864 -25.9919 1.18653 0.34757 -34.117 -25.846 1.1868
-34.0864 -25.9919 1.18653 0.34757 -34.117 -25.846 1.1868
-34.2548 -25.9036 1.17916 0.112661 -34.117 -25.846 1.1868
-34.0974 -26.0797 1.1896 0.185522 -34.117 -25.846 1.1868
-33.7593 -26.0063 1.18414 0.00116473 -34.117 -25.846 1.1868
-34.0376 -25.9326 1.17899 0.139077 -34.117 -25.846 1.1868
-34.2553 -26.0732 1.18908 0.2171 -34.117 -25.846 1.1868
-34.0864 -25.9919 1.18653 0.34757 -34.117 -25.846 1.1868
-34.0376 -25.9326 1.17899 0.139077 -34.117 -25.846 1.1868
-34.1884 -26.092 1.18908 0.264092 -34.117 -25.846 1.1868
-34.0864 -25.9919 1.18653 0.34757 -34.117 -25.846 1.1868
-34.0676 -25.9485 1.18266 0.348952 -34.117 -25.846 1.1868
-34.0892 -26.0083 1.18594 0.389127 -34.117 -25.846 1.1868
-34.2553 -26.0732 1.18908 0.2171 -34.117 -25.846 1.1868
-34.0892 -26.0083 1.18594 0.389127 -34.117 -25.846 1.1868
-34.0549 -25.9501 1.18849 0.131469 -34.117 -25.846 1.1868
-34.0732 -26.0605 1.18699 0.288206 -34.117 -25.846 1.1868
-34.0974 -26.0797 1.1896 0.185522 -34.117 -25.846 1.1868
-34.0549 -25.9501 1.18849 0.131469 -34.117 -25.846 1.1868
-34.0974 -26.0797 1.1896 0.185522 -34.117 -25.846 1.1868
-34.1897 -25.8468 1.18619 0.156125 -34.117 -25.846 1.1868
-34.1442 -25.9647 1.17803 0.113773 -34.117 -25.846 1.1868
-33.7593 -26.0063 1.18414 0.00116473 -34.117 -25.846 1.1868
-34.1897 -25.8468 1.18619 0.156125 -34.117 -25.846 1.1868
-34.1238 -26.3111 1.18665 0.01513 -34.117 -25.846 1.1868
-34.3162 -25.9257 1.18591 0.144612 -34.117 -25.846 1.1868
-34.0864 -25.9919 1.18653 0.34757 -34.117 -25.846 1.1868
-34.0892 -26.0083 1.18594 0.389127 -34.117 -25.846 1.1868
-34.2548 -25.9036 1.17916 0.112661 -34.117 -25.846 1.1868
-34.0676 -25.9485 1.18266 0.348952 -34.117 -25.846 1.1868
-34.0892 -26.0083 1.18594 0.389127 -34.117 -25.846 1.1868
-34.0676 -25.9485 1.18266 0.348952 -34.117 -25.846 1.1868
-34.0892 -26.0083 1.18594 0.389127 -34.117 -25.846 1.1868
-34.0732 -26.0605 1.18699 0.288206 -34.117 -25.846 1.1868
-34.1884 -26.092 1.18908 0.264092 -34.117 -25.846 1.1868
-34.0732 -26.0605 1.18699 0.288206 -34.117 -25.846 1.1868
-34.0864 -25.9919 1.18653 0.34757 -34.117 -25.846 1.1868
-33.96 -25.8236 1.18254 0.0557616 -34.117 -25.846 1.1868
-34.2567 -25.9449 1.18073 0.183025 -34.117 -25.846 1.1868
-34.2548 -25.9036 1.17916 0.112661 -34.117 -25.846 1.1868
-34.0293 -26.1532 1.19419 0.0108073 -34.117 -25.846 1.1868
-34.2553 -26.0732 1.18908 0.2171 -34.117 -25.846 1.1868
-34.0864 -25.9919 1.18653 0.34757 -34.117 -25.846 1.1868
-34.0892 -26.0083 1.18594 0.389127 -34.117 -25.846 1.1868
-34.0892 -26.0083 1.18594 0.389127 -34.117 -25.846 1.1868
-34.0892 -26.0083 1.18594 0.389127 -34.117 -25.846 1.1868
-34.0864 -25.9919 1.18653 0.34757 -34.117 -25.846 1.1868
-34.0864 -25.9919 1.18653 0.34757 -34.117 -25.846 1.1868
-34.0376 -25.9326 1.17899 0.139077 -34.117 -25.846 1.1868
-34.1884 -26.092 1.18908 0.264092 -34.117 -25.846 1.1868
-34.2548 -25.9036 1.17916 0.112661 -34.117 -25.846 1.1868
-34.0676 -25.9485 1.18266 0.348952 -34.117 -25.846 1.1868
-34.0732 -26.0605 1.18699 0.288206 -34.117 -25.846 1.1868
-34.0676 -25.9485 1.18266 0.348952 -34.117 -25.846 1.1868
-33.9485 -25.7829 1.18483 0.0166981 -34.117 -25.846 1.1868
-34.0732 -26.0605 1.18699 0.288206 -34.117 -25.846 1.1868
-34.0676 -25.9485 1.18266 0.348952 -34.117 -25.846 1.1868
-34.0376 -25.9326 1.17899 0.139077 -34.117 -25.846 1.1868
-34.0892 -26.0083 1.18594 0.389127 -34.117 -25.846 1.1868
-34.0549 -25.9501 1.18849 0.131469 -34.117 -25.846 1.1868
-34.0974 -26.0797 1.1896 0.185522 -34.117 -25.846 1.1868
-34.0549 -25.9501 1.18849 0.131469 -34.117 -25.846 1.1868
-34.2548 -25.9036 1.17916 0.112661 -34.117 -25.846 1.1868
-33.8656 -26.0207 1.18221 0.0174552 -34.117 -25.846 1.1868
-34.1884 -26.092 1.18908 0.264092 -34.117 -25.846 1.1868
-34.0864 -25.9919 1.18653 0.34757 -34.117 -25.846 1.1868
-34.0892 -26.0083 1.18594 0.389127 -34.117 -25.846 1.1868
-34.0676 -25.9485 1.18266 0.348952 -34.117 -25.846 1.1868
-34.0892 -26.0083 1.18594 0.389127 -34.117 -25.846 1.1868
-34.0676 -25.9485 1.18266 0.348952 -34.117 -25.846 1.1868
-34.1897 -25.8468 1.18619 0.156125 -34.117 -25.846 1.1868
-34.0732 -26.0605 1.18699 0.288206 -34.117 -25.846 1.1868
-34.2553 -26.0732 1.18908 0.2171 -34.117 -25.846 1.1868
-34.0864 -25.9919 1.18653 0.34757 -34.117 -25.846 1.1868
-34.0864 -25.9919 1.18653 0.34757 -34.117 -25.846 1.1868
-34.1014 -25.7074 1.17672 0.0256338 -34.117 -25.846 1.1868
-33.96 -25.8236 1.18254 0.0557616 -34.117 -25.846 1.1868
-33.9875 -25.7285 1.17888 0.0250206 -34.117 -25.846 1.1868
-34.2548 -25.9036 1.17916 0.112661 -34.117 -25.846 1.1868
-34.1442 -25.9647 1.17803 0.113773 -34.117 -25.846 1.1868
-34.1501 -26.2573 1.18764 0.0538519 -34.117 -25.846 1.1868
-34.0676 -25.9485 1.18266 0.348952 -34.117 -25.846 1.1868
-34.0974 -26.0797 1.1896 0.185522 -34.117 -25.846 1.1868
-34.0864 -25.9919 1.18653 0.34757 -34.117 -25.846 1.1868
-34.0676 -25.9485 1.18266 0.348952 -34.117 -25.846 1.1868
-34.5729 -26.0639 1.19173 0.000353077 -34.117 -25.846 1.1868
-34.0732 -26.0605 1.18699 0.288206 -34.117 -25.846 1.1868
-34.0376 -25.9326 1.17899 0.139077 -34.117 -25.846 1.1868
-34.1884 -26.092 1.18908 0.264092 -34.117 -25.846 1.1868
-34.0892 -26.0083 1.18594 0.389127 -34.117 -25.846 1.1868
-34.0676 -25.9485 1.18266 0.348952 -34.117 -25.846 1.1868
-33.9485 -25.7829 1.18483 0.0166981 -34.117 -25.846 1.1868
-34.3162 -25.9257 1.18591 0.144612 -34.117 -25.846 1.1868
-33.9258 -25.8978 1.18154 0.0570706 -34.117 -25.846 1.1868
-34.0974 -26.0797 1.1896 0.185522 -34.117 -25.846 1.1868
-34.0676 -25.9485 1.18266 0.348952 -34.117 -25.846 1.1868
-34.0892 -26.0083 1.18594 0.389127 -34.117 -25.846 1.1868
