-40.8133 -54.7109 1.62579 0.00389839 -41.12 -54.697 1.6243
-41.0043 -54.9715 1.62654 0.0857121 -41.12 -54.697 1.6243
-41.1771 -54.8442 1.62517 0.429404 -41.12 -54.697 1.6243
-40.8133 -54.7109 1.62579 0.00389839 -41.12 -54.697 1.6243
-41.0997 -54.8597 1.62174 0.413652 -41.12 -54.697 1.6243
-41.0043 -54.9715 1.62654 0.0857121 -41.12 -54.697 1.6243
-41.0997 -54.8597 1.62174 0.413652 -41.12 -54.697 1.6243
-41.2389 -54.6056 1.62278 0.146412 -41.12 -54.697 1.6243
-41.1771 -54.8442 1.62517 0.429404 -41.12 -54.697 1.6243
-41.1919 -54.8413 1.61953 0.409359 -41.12 -54.697 1.6243
-41.2389 -54.6056 1.62278 0.146412 -41.12 -54.697 1.6243
-41.0997 -54.8597 1.62174 0.413652 -41.12 -54.697 1.6243
-41.0311 -54.811 1.61964 0.192923 -41.12 -54.697 1.6243
-41.0997 -54.8597 1.62174 0.413652 -41.12 -54.697 1.6243
-40.9884 -54.7798 1.61496 0.0154728 -41.12 -54.697 1.6243
-41.1919 -54.8413 1.61953 0.409359 -41.12 -54.697 1.6243
-41.1771 -54.8442 1.62517 0.429404 -41.12 -54.697 1.6243
-41.2844 -54.9443 1.62266 0.210463 -41.12 -54.697 1.6243
-41.535 -54.8297 1.62051 0.0100256 -41.12 -54.697 1.6243
-41.0997 -54.8597 1.62174 0.413652 -41.12 -54.697 1.6243
-41.0241 -54.761 1.62035 0.2213 -41.12 -54.697 1.6243
-41.2879 -54.6042 1.62631 0.0255914 -41.12 -54.697 1.6243
-41.1869 -54.5055 1.6233 0.0267551 -41.12 -54.697 1.6243
-41.1919 -54.8413 1.61953 0.409359 -41.12 -54.697 1.6243
-41.1919 -54.8413 1.61953 0.409359 -41.12 -54.697 1.6243
-41.0997 -54.8597 1.62174 0.413652 -41.12 -54.697 1.6243
-41.0256 -54.8337 1.62463 0.248334 -41.12 -54.697 1.6243
-41.3036 -54.5192 1.6224 0.0277836 -41.12 -54.697 1.6243
-41.1771 -54.8442 1.62517 0.429404 -41.12 -54.697 1.6243
-41.1919 -54.8413 1.61953 0.409359 -41.12 -54.697 1.6243
-41.1919 -54.8413 1.61953 0.409359 -41.12 -54.697 1.6243
-41.1185 -55.0599 1.62633 0.0675911 -41.12 -54.697 1.6243
-41.2624 -55.1888 1.6237 0.0039307 -41.12 -54.697 1.6243
-41.0997 -54.8597 1.62174 0.413652 -41.12 -54.697 1.6243
-41.0256 -54.8337 1.62463 0.248334 -41.12 -54.697 1.6243
-40.9902 -54.8457 1.63047 0.0241187 -41.12 -54.697 1.6243
-41.3335 -54.7228 1.62246 0.229466 -41.12 -54.697 1.6243
-40.8907 -54.8564 1.62464 0.036915 -41.12 -54.697 1.6243
-41.0256 -54.8337 1.62463 0.248334 -41.12 -54.697 1.6243
-41.0997 -54.8597 1.62174 0.413652 -41.12 -54.697 1.6243
-41.3335 -54.7228 1.62246 0.229466 -41.12 -54.697 1.6243
-41.0997 -54.8597 1.62174 0.413652 -41.12 -54.697 1.6243
-41.2389 -54.6056 1.62278 0.146412 -41.12 -54.697 1.6243
-41.0797 -54.5587 1.6181 0.0711615 -41.12 -54.697 1.6243
-41.1919 -54.8413 1.61953 0.409359 -41.12 -54.697 1.6243
-41.1771 -54.8442 1.62517 0.429404 -41.12 -54.697 1.6243
-41.0997 -54.8597 1.62174 0.413652 -41.12 -54.697 1.6243
-41.0997 -54.8597 1.62174 0.413652 -41.12 -54.697 1.6243
-41.2686 -54.9442 1.62293 0.235203 -41.12 -54.697 1.6243
-41.2179 -54.6666 1.62837 0.0306169 -41.12 -54.697 1.6243
-41.0997 -54.8597 1.62174 0.413652 -41.12 -54.697 1.6243
-41.2856 -54.9141 1.62262 0.269992 -41.12 -54.697 1.6243
-41.2686 -54.9442 1.62293 0.235203 -41.12 -54.697 1.6243
-41.149 -54.9828 1.61773 0.0415482 -41.12 -54.697 1.6243
-40.9884 -54.7798 1.61496 0.0154728 -41.12 -54.697 1.6243
-41.0797 -54.5587 1.6181 0.0711615 -41.12 -54.697 1.6243
-41.2686 -54.9442 1.62293 0.235203 -41.12 -54.697 1.6243
-41.2389 -54.6056 1.62278 0.146412 -41.12 -54.697 1.6243
-41.1919 -54.8413 1.61953 0.409359 -41.12 -54.697 1.6243
-40.9965 -54.5788 1.61831 0.0371645 -41.12 -54.697 1.6243
-41.3335 -54.7228 1.62246 0.229466 -41.12 -54.697 1.6243
-41.1771 -54.8442 1.62517 0.429404 -41.12 -54.697 1.6243
-41.0997 -54.8597 1.62174 0.413652 -41.12 -54.697 1.6243
-41.1771 -54.8442 1.62517 0.429404 -41.12 -54.697 1.6243
-41.1869 -54.5055 1.6233 0.0267551 -41.12 -54.697 1.6243
-41.0043 -54.9715 1.62654 0.0857121 -41.12 -54.697 1.6243
-41.2389 -54.6056 1.62278 0.146412 -41.12 -54.697 1.6243
-41.3187 -54.4987 1.61926 0.0316724 -41.12 -54.697 1.6243
-41.1919 -54.8413 1.61953 0.409359 -41.12 -54.697 1.6243
-41.2844 -54.9443 1.62266 0.210463 -41.12 -54.697 1.6243
-41.2389 -54.6056 1.62278 0.146412 -41.12 -54.697 1.6243
-41.1919 -54.8413 1.61953 0.409359 -41.12 -54.697 1.6243
-41.0997 -54.8597 1.62174 0.413652 -41.12 -54.697 1.6243
-41.0997 -54.8597 1.62174 0.413652 -41.12 -54.697 1.6243
-41.1919 -54.8413 1.61953 0.409359 -41.12 -54.697 1.6243
-40.9656 -54.7404 1.62565 0.0788286 -41.12 -54.697 1.6243
-41.0997 -54.8597 1.62174 0.413652 -41.12 -54.697 1.6243
-41.0256 -54.8337 1.62463 0.248334 -41.12 -54.697 1.6243
-41.2856 -54.9141 1.62262 0.269992 -41.12 -54.697 1.6243
-41.2856 -54.9141 1.62262 0.269992 -41.12 -54.697 1.6243
-41.0241 -54.761 1.62035 0.2213 -41.12 -54.697 1.6243
-41.296 -54.5837 1.61349 0.0335779 -41.12 -54.697 1.6243
-41.0797 -54.5587 1.6181 0.0711615 -41.12 -54.697 1.6243
-41.1771 -54.8442 1.62517 0.429404 -41.12 -54.697 1.6243
-41.1919 -54.8413 1.61953 0.409359 -41.12 -54.697 1.6243
-41.2856 -54.9141 1.62262 0.269992 -41.12 -54.697 1.6243
-41.0256 -54.8337 1.62463 0.248334 -41.12 -54.697 1.6243
-41.2844 -54.9443 1.62266 0.210463 -41.12 -54.697 1.6243
-41.0256 -54.8337 1.62463 0.248334 -41.12 -54.697 1.6243
-41.1771 -54.8442 1.62517 0.429404 -41.12 -54.697 1.6243
-41.3187 -54.4987 1.61926 0.0316724 -41.12 -54.697 1.6243
-41.1771 -54.8442 1.62517 0.429404 -41.12 -54.697 1.6243
-41.2844 -54.9443 1.62266 0.210463 -41.12 -54.697 1.6243
-41.2856 -54.9141 1.62262 0.269992 -41.12 -54.697 1.6243
-41.149 -54.9828 1.61773 0.0415482 -41.12 -54.697 1.6243
-40.9656 -54.7404 1.62565 0.0788286 -41.12 -54.697 1.6243
-41.257 -54.5624 1.62196 0.0883763 -41.12 -54.697 1.6243
-41.3825 -54.8147 1.61314 0.0115892 -41.12 -54.697 1.6243
-41.1771 -54.8442 1.62517 0.429404 -41.12 -54.697 1.6243
-41.2856 -54.9141 1.62262 0.269992 -41.12 -54.697 1.6243
-41.1771 -54.8442 1.62517 0.429404 -41.12 -54.697 1.6243
-41.1771 -54.8442 1.62517 0.429404 -41.12 -54.697 1.6243
-41.1771 -54.8442 1.62517 0.429404 -41.12 -54.697 1.6243
-41.1771 -54.8442 1.62517 0.429404 -41.12 -54.697 1.6243
-41.0311 -54.811 1.61964 0.192923 -41.12 -54.697 1.6243
-41.1771 -54.8442 1.62517 0.429404 -41.12 -54.697 1.6243
-41.0241 -54.761 1.62035 0.2213 -41.12 -54.697 1.6243
-41.2844 -54.9443 1.62266 0.210463 -41.12 -54.697 1.6243
-41.2686 -54.9442 1.62293 0.235203 -41.12 -54.697 1.6243
-41.1919 -54.8413 1.61953 0.409359 -41.12 -54.697 1.6243
-41.1919 -54.8413 1.61953 0.409359 -41.12 -54.697 1.6243
-41.1771 -54.8442 1.62517 0.429404 -41.12 -54.697 1.6243
-41.2844 -54.9443 1.62266 0.210463 -41.12 -54.697 1.6243
-41.0797 -54.5587 1.6181 0.0711615 -41.12 -54.697 1.6243
-41.1185 -55.0599 1.62633 0.0675911 -41.12 -54.697 1.6243
-41.1771 -54.8442 1.62517 0.429404 -41.12 -54.697 1.6243
-41.0997 -54.8597 1.62174 0.413652 -41.12 -54.697 1.6243
-40.8907 -54.8564 1.62464 0.036915 -41.12 -54.697 1.6243
-41.1919 -54.8413 1.61953 0.409359 -41.12 -54.697 1.6243
-41.2856 -54.9141 1.62262 0.269992 -41.12 -54.697 1.6243
-41.1771 -54.8442 1.62517 0.429404 -41.12 -54.697 1.6243
-41.0256 -54.8337 1.62463 0.248334 -41.12 -54.697 1.6243
-41.1771 -54.8442 1.62517 0.429404 -41.12 -54.697 1.6243
-41.0241 -54.761 1.62035 0.2213 -41.12 -54.697 1.6243
-41.0311 -54.811 1.61964 0.192923 -41.12 -54.697 1.6243
-41.0311 -54.811 1.61964 0.192923 -41.12 -54.697 1.6243
-41.0241 -54.761 1.62035 0.2213 -41.12 -54.697 1.6243
-41.0997 -54.8597 1.62174 0.413652 -41.12 -54.697 1.6243
-40.928 -54.9809 1.62783 0.0244158 -41.12 -54.697 1.6243
-41.0256 -54.8337 1.62463 0.248334 -41.12 -54.697 1.6243
-41.1771 -54.8442 1.62517 0.429404 -41.12 -54.697 1.6243
-41.257 -54.5624 1.62196 0.0883763 -41.12 -54.697 1.6243
-41.1771 -54.8442 1.62517 0.429404 -41.12 -54.697 1.6243
-41.0256 -54.8337 1.62463 0.248334 -41.12 -54.697 1.6243
-41.1771 -54.8442 1.62517 0.429404 -41.12 -54.697 1.6243
-41.0997 -54.8597 1.62174 0.413652 -41.12 -54.697 1.6243
-41.2389 -54.6056 1.62278 0.146412 -41.12 -54.697 1.6243
-40.9965 -54.5788 1.61831 0.0371645 -41.12 -54.697 1.6243
-41.2844 -54.9443 1.62266 0.210463 -41.12 -54.697 1.6243
-41.0797 -54.5587 1.6181 0.0711615 -41.12 -54.697 1.6243
-41.1919 -54.8413 1.61953 0.409359 -41.12 -54.697 1.6243
-41.2844 -54.9443 1.62266 0.210463 -41.12 -54.697 1.6243
-41.0797 -54.5587 1.6181 0.0711615 -41.12 -54.697 1.6243
-41.2856 -54.9141 1.62262 0.269992 -41.12 -54.697 1.6243
-41.0241 -54.761 1.62035 0.2213 -41.12 -54.697 1.6243
-41.2389 -54.6056 1.62278 0.146412 -41.12 -54.697 1.6243
-41.2877 -54.5691 1.62714 0.00835928 -41.12 -54.697 1.6243
-41.1919 -54.8413 1.61953 0.409359 -41.12 -54.697 1.6243
-41.1771 -54.8442 1.62517 0.429404 -41.12 -54.697 1.6243
-41.1919 -54.8413 1.61953 0.409359 -41.12 -54.697 1.6243
-41.0311 -54.811 1.61964 0.192923 -41.12 -54.697 1.6243
-41.0241 -54.761 1.62035 0.2213 -41.12 -54.697 1.6243
-41.2856 -54.9141 1.62262 0.269992 -41.12 -54.697 1.6243
-41.2844 -54.9443 1.62266 0.210463 -41.12 -54.697 1.6243
-41.1771 -54.8442 1.62517 0.429404 -41.12 -54.697 1.6243
-41.2686 -54.9442 1.62293 0.235203 -41.12 -54.697 1.6243
-40.9656 -54.7404 1.62565 0.0788286 -41.12 -54.697 1.6243
-41.0997 -54.8597 1.62174 0.413652 -41.12 -54.697 1.6243
-41.3335 -54.7228 1.62246 0.229466 -41.12 -54.697 1.6243
-40.9656 -54.7404 1.62565 0.0788286 -41.12 -54.697 1.6243
-41.0043 -54.9715 1.62654 0.0857121 -41.12 -54.697 1.6243
-41.3335 -54.7228 1.62246 0.229466 -41.12 -54.697 1.6243
-41.0997 -54.8597 1.62174 0.413652 -41.12 -54.697 1.6243
-41.1771 -54.8442 1.62517 0.429404 -41.12 -54.697 1.6243
-41.1185 -55.0599 1.62633 0.0675911 -41.12 -54.697 1.6243
-41.1919 -54.8413 1.61953 0.409359 -41.12 -54.697 1.6243
-41.3335 -54.7228 1.62246 0.229466 -41.12 -54.697 1.6243
-41.2686 -54.9442 1.62293 0.235203 -41.12 -54.697 1.6243
-41.5066 -54.706 1.62313 0.0108896 -41.12 -54.697 1.6243
-41.2844 -54.9443 1.62266 0.210463 -41.12 -54.697 1.6243
-40.9884 -54.7798 1.61496 0.0154728 -41.12 -54.697 1.6243
-41.2856 -54.9141 1.62262 0.269992 -41.12 -54.697 1.6243
-41.2856 -54.9141 1.62262 0.269992 -41.12 -54.697 1.6243
-41.1919 -54.8413 1.61953 0.409359 -41.12 -54.697 1.6243
-41.2389 -54.6056 1.62278 0.146412 -41.12 -54.697 1.6243
-41.2856 -54.9141 1.62262 0.269992 -41.12 -54.697 1.6243
-41.0043 -54.9715 1.62654 0.0857121 -41.12 -54.697 1.6243
-41.0241 -54.761 1.62035 0.2213 -41.12 -54.697 1.6243
-41.0043 -54.9715 1.62654 0.0857121 -41.12 -54.697 1.6243
-41.0997 -54.8597 1.62174 0.413652 -41.12 -54.697 1.6243
-40.9656 -54.7404 1.62565 0.0788286 -41.12 -54.697 1.6243
-41.2686 -54.9442 1.62293 0.235203 -41.12 -54.697 1.6243
-41.0256 -54.8337 1.62463 0.248334 -41.12 -54.697 1.6243
-41.2493 -55.0837 1.61839 0.00857558 -41.12 -54.697 1.6243
-41.0311 -54.811 1.61964 0.192923 -41.12 -54.697 1.6243
-40.9884 -54.7798 1.61496 0.0154728 -41.12 -54.697 1.6243
-41.0256 -54.8337 1.62463 0.248334 -41.12 -54.697 1.6243
-41.3187 -54.4987 1.61926 0.0316724 -41.12 -54.697 1.6243
-41.1771 -54.8442 1.62517 0.429404 -41.12 -54.697 1.6243
-41.1771 -54.8442 1.62517 0.429404 -41.12 -54.697 1.6243
-41.1185 -55.0599 1.62633 0.0675911 -41.12 -54.697 1.6243
-41.1919 -54.8413 1.61953 0.409359 -41.12 -54.697 1.6243
-41.1869 -54.5055 1.6233 0.0267551 -41.12 -54.697 1.6243
-41.0997 -54.8597 1.62174 0.413652 -41.12 -54.697 1.6243
-40.8589 -54.7887 1.62958 0.00459412 -41.12 -54.697 1.6243
-41.2844 -54.9443 1.62266 0.210463 -41.12 -54.697 1.6243
-41.1771 -54.8442 1.62517 0.429404 -41.12 -54.697 1.6243
-41.0311 -54.811 1.61964 0.192923 -41.12 -54.697 1.6243
-41.2856 -54.9141 1.62262 0.269992 -41.12 -54.697 1.6243
-41.296 -54.5837 1.61349 0.0335779 -41.12 -54.697 1.6243
