62.1262 13.7933 0.121453 0.351179 62.425 13.944 0.12624
62.2552 13.6209 0.123961 0.288347 62.425 13.944 0.12624
62.5051 13.8103 0.123433 0.192663 62.425 13.944 0.12624
62.1035 13.6343 0.122961 0.144602 62.425 13.944 0.12624
62.4605 13.9697 0.119836 0.166755 62.425 13.944 0.12624
62.3857 13.968 0.120704 0.272162 62.425 13.944 0.12624
62.1142 13.7329 0.126229 0.161152 62.425 13.944 0.12624
62.2659 13.7682 0.127505 0.226901 62.425 13.944 0.12624
62.3128 13.6191 0.125767 0.178126 62.425 13.944 0.12624
62.2368 13.6546 0.115664 0.217992 62.425 13.944 0.12624
62.4293 13.9017 0.129679 0.0273111 62.425 13.944 0.12624
62.1262 13.7933 0.121453 0.351179 62.425 13.944 0.12624
62.5051 13.8103 0.123433 0.192663 62.425 13.944 0.12624
62.1724 13.9941 0.124112 0.129097 62.425 13.944 0.12624
62.2659 13.7682 0.127505 0.226901 62.425 13.944 0.12624
62.5053 13.7753 0.12336 0.198301 62.425 13.944 0.12624
62.0223 13.7398 0.119209 0.069132 62.425 13.944 0.12624
62.3128 13.6191 0.125767 0.178126 62.425 13.944 0.12624
62.4784 13.7419 0.117027 0.313275 62.425 13.944 0.12624
62.2164 13.7498 0.114472 0.178443 62.425 13.944 0.12624
62.6052 13.7795 0.117166 0.0737273 62.425 13.944 0.12624
62.4129 13.896 0.125502 0.19771 62.425 13.944 0.12624
62.2903 13.9437 0.115024 0.136387 62.425 13.944 0.12624
62.5779 13.7397 0.116296 0.0945369 62.425 13.944 0.12624
62.3831 13.7374 0.128975 0.0722796 62.425 13.944 0.12624
62.2659 13.7682 0.127505 0.226901 62.425 13.944 0.12624
62.4129 13.896 0.125502 0.19771 62.425 13.944 0.12624
62.0223 13.7398 0.119209 0.069132 62.425 13.944 0.12624
62.208 13.5978 0.111099 0.0151503 62.425 13.944 0.12624
62.3857 13.968 0.120704 0.272162 62.425 13.944 0.12624
62.6052 13.7795 0.117166 0.0737273 62.425 13.944 0.12624
62.2552 13.6209 0.123961 0.288347 62.425 13.944 0.12624
62.3124 13.5619 0.129278 0.0210908 62.425 13.944 0.12624
62.4784 13.7419 0.117027 0.313275 62.425 13.944 0.12624
62.4784 13.7419 0.117027 0.313275 62.425 13.944 0.12624
62.2949 13.6364 0.11726 0.355925 62.425 13.944 0.12624
62.3279 13.9486 0.131737 0.0120424 62.425 13.944 0.12624
62.2659 13.7682 0.127505 0.226901 62.425 13.944 0.12624
62.4136 13.6856 0.124331 0.282753 62.425 13.944 0.12624
62.4136 13.6856 0.124331 0.282753 62.425 13.944 0.12624
62.1894 13.934 0.113714 0.0477265 62.425 13.944 0.12624
62.5051 13.8103 0.123433 0.192663 62.425 13.944 0.12624
62.0515 13.8049 0.12676 0.0789169 62.425 13.944 0.12624
62.1262 13.7933 0.121453 0.351179 62.425 13.944 0.12624
62.1724 13.9941 0.124112 0.129097 62.425 13.944 0.12624
62.4784 13.7419 0.117027 0.313275 62.425 13.944 0.12624
62.1894 13.934 0.113714 0.0477265 62.425 13.944 0.12624
62.2903 13.9437 0.115024 0.136387 62.425 13.944 0.12624
62.3128 13.6191 0.125767 0.178126 62.425 13.944 0.12624
62.1262 13.7933 0.121453 0.351179 62.425 13.944 0.12624
62.4136 13.6856 0.124331 0.282753 62.425 13.944 0.12624
62.1142 13.7329 0.126229 0.161152 62.425 13.944 0.12624
62.2866 13.7885 0.112975 0.137458 62.425 13.944 0.12624
62.2949 13.6364 0.11726 0.355925 62.425 13.944 0.12624
62.4129 13.896 0.125502 0.19771 62.425 13.944 0.12624
62.4784 13.7419 0.117027 0.313275 62.425 13.944 0.12624
62.4784 13.7419 0.117027 0.313275 62.425 13.944 0.12624
62.6892 13.5592 0.11843 0.00484207 62.425 13.944 0.12624
62.2164 13.7498 0.114472 0.178443 62.425 13.944 0.12624
62.1035 13.6343 0.122961 0.144602 62.425 13.944 0.12624
62.5779 13.7397 0.116296 0.0945369 62.425 13.944 0.12624
62.2866 13.7885 0.112975 0.137458 62.425 13.944 0.12624
62.043 14.0187 0.124648 0.0248644 62.425 13.944 0.12624
62.4136 13.6856 0.124331 0.282753 62.425 13.944 0.12624
62.1724 13.9941 0.124112 0.129097 62.425 13.944 0.12624
62.4129 13.896 0.125502 0.19771 62.425 13.944 0.12624
62.2552 13.6209 0.123961 0.288347 62.425 13.944 0.12624
62.5062 13.8633 0.132823 0.00153757 62.425 13.944 0.12624
62.4784 13.7419 0.117027 0.313275 62.425 13.944 0.12624
62.3128 13.6191 0.125767 0.178126 62.425 13.944 0.12624
62.2866 13.7885 0.112975 0.137458 62.425 13.944 0.12624
62.1855 13.7758 0.124819 0.405779 62.425 13.944 0.12624
62.1262 13.7933 0.121453 0.351179 62.425 13.944 0.12624
62.4178 13.8089 0.11278 0.124716 62.425 13.944 0.12624
62.4129 13.896 0.125502 0.19771 62.425 13.944 0.12624
62.2903 13.9437 0.115024 0.136387 62.425 13.944 0.12624
62.1855 13.7758 0.124819 0.405779 62.425 13.944 0.12624
62.5053 13.7753 0.12336 0.198301 62.425 13.944 0.12624
62.2552 13.6209 0.123961 0.288347 62.425 13.944 0.12624
62.1262 13.7933 0.121453 0.351179 62.425 13.944 0.12624
62.0223 13.7398 0.119209 0.069132 62.425 13.944 0.12624
62.6052 13.7795 0.117166 0.0737273 62.425 13.944 0.12624
62.1262 13.7933 0.121453 0.351179 62.425 13.944 0.12624
62.4136 13.6856 0.124331 0.282753 62.425 13.944 0.12624
62.5053 13.7753 0.12336 0.198301 62.425 13.944 0.12624
62.4605 13.9697 0.119836 0.166755 62.425 13.944 0.12624
62.3857 13.968 0.120704 0.272162 62.425 13.944 0.12624
62.043 14.0187 0.124648 0.0248644 62.425 13.944 0.12624
62.2866 13.7885 0.112975 0.137458 62.425 13.944 0.12624
62.5779 13.7397 0.116296 0.0945369 62.425 13.944 0.12624
62.4605 13.9697 0.119836 0.166755 62.425 13.944 0.12624
62.1262 13.7933 0.121453 0.351179 62.425 13.944 0.12624
62.4178 13.8089 0.11278 0.124716 62.425 13.944 0.12624
62.2866 13.7885 0.112975 0.137458 62.425 13.944 0.12624
62.5051 13.8103 0.123433 0.192663 62.425 13.944 0.12624
62.2552 13.6209 0.123961 0.288347 62.425 13.944 0.12624
62.0212 13.9104 0.127814 0.0269899 62.425 13.944 0.12624
62.2903 13.9437 0.115024 0.136387 62.425 13.944 0.12624
62.1262 13.7933 0.121453 0.351179 62.425 13.944 0.12624
62.5926 13.7949 0.125827 0.0255515 62.425 13.944 0.12624
62.4784 13.7419 0.117027 0.313275 62.425 13.944 0.12624
62.4784 13.7419 0.117027 0.313275 62.425 13.944 0.12624
62.1262 13.7933 0.121453 0.351179 62.425 13.944 0.12624
62.0523 13.759 0.116124 0.0505043 62.425 13.944 0.12624
62.1142 13.7329 0.126229 0.161152 62.425 13.944 0.12624
62.2552 13.6209 0.123961 0.288347 62.425 13.944 0.12624
62.4129 13.896 0.125502 0.19771 62.425 13.944 0.12624
62.1262 13.7933 0.121453 0.351179 62.425 13.944 0.12624
62.4784 13.7419 0.117027 0.313275 62.425 13.944 0.12624
62.1855 13.7758 0.124819 0.405779 62.425 13.944 0.12624
62.4784 13.7419 0.117027 0.313275 62.425 13.944 0.12624
62.1262 13.7933 0.121453 0.351179 62.425 13.944 0.12624
62.1262 13.7933 0.121453 0.351179 62.425 13.944 0.12624
62.1262 13.7933 0.121453 0.351179 62.425 13.944 0.12624
62.3389 13.4961 0.122483 0.0757087 62.425 13.944 0.12624
62.3857 13.968 0.120704 0.272162 62.425 13.944 0.12624
62.3128 13.6191 0.125767 0.178126 62.425 13.944 0.12624
62.2552 13.6209 0.123961 0.288347 62.425 13.944 0.12624
62.4605 13.9697 0.119836 0.166755 62.425 13.944 0.12624
62.2659 13.7682 0.127505 0.226901 62.425 13.944 0.12624
62.1142 13.7329 0.126229 0.161152 62.425 13.944 0.12624
62.1724 13.9941 0.124112 0.129097 62.425 13.944 0.12624
62.4129 13.896 0.125502 0.19771 62.425 13.944 0.12624
62.2368 13.6546 0.115664 0.217992 62.425 13.944 0.12624
62.3857 13.968 0.120704 0.272162 62.425 13.944 0.12624
62.1855 13.7758 0.124819 0.405779 62.425 13.944 0.12624
62.5053 13.7753 0.12336 0.198301 62.425 13.944 0.12624
62.3128 13.6191 0.125767 0.178126 62.425 13.944 0.12624
62.4136 13.6856 0.124331 0.282753 62.425 13.944 0.12624
62.2368 13.6546 0.115664 0.217992 62.425 13.944 0.12624
62.1855 13.7758 0.124819 0.405779 62.425 13.944 0.12624
62.1035 13.6343 0.122961 0.144602 62.425 13.944 0.12624
62.2903 13.9437 0.115024 0.136387 62.425 13.944 0.12624
62.5051 13.8103 0.123433 0.192663 62.425 13.944 0.12624
62.1142 13.7329 0.126229 0.161152 62.425 13.944 0.12624
62.2359 13.8538 0.111184 0.0325417 62.425 13.944 0.12624
61.8751 13.9111 0.125197 0.00329814 62.425 13.944 0.12624
62.5053 13.7753 0.12336 0.198301 62.425 13.944 0.12624
62.2659 13.7682 0.127505 0.226901 62.425 13.944 0.12624
62.0311 13.853 0.114195 0.0129759 62.425 13.944 0.12624
62.3857 13.968 0.120704 0.272162 62.425 13.944 0.12624
62.2949 13.6364 0.11726 0.355925 62.425 13.944 0.12624
62.2693 13.9776 0.127125 0.102766 62.425 13.944 0.12624
62.1262 13.7933 0.121453 0.351179 62.425 13.944 0.12624
62.5051 13.8103 0.123433 0.192663 62.425 13.944 0.12624
62.5051 13.8103 0.123433 0.192663 62.425 13.944 0.12624
62.4178 13.8089 0.11278 0.124716 62.425 13.944 0.12624
62.4784 13.7419 0.117027 0.313275 62.425 13.944 0.12624
62.1724 13.9941 0.124112 0.129097 62.425 13.944 0.12624
62.4784 13.7419 0.117027 0.313275 62.425 13.944 0.12624
62.6052 13.7795 0.117166 0.0737273 62.425 13.944 0.12624
62.2949 13.6364 0.11726 0.355925 62.425 13.944 0.12624
62.2693 13.9776 0.127125 0.102766 62.425 13.944 0.12624
62.2552 13.6209 0.123961 0.288347 62.425 13.944 0.12624
62.3857 13.968 0.120704 0.272162 62.425 13.944 0.12624
62.3932 14.0954 0.126515 0.0168423 62.425 13.944 0.12624
62.1262 13.7933 0.121453 0.351179 62.425 13.944 0.12624
62.1855 13.7758 0.124819 0.405779 62.425 13.944 0.12624
62.5779 13.7397 0.116296 0.0945369 62.425 13.944 0.12624
62.2903 13.9437 0.115024 0.136387 62.425 13.944 0.12624
62.4784 13.7419 0.117027 0.313275 62.425 13.944 0.12624
62.4178 13.8089 0.11278 0.124716 62.425 13.944 0.12624
62.1855 13.7758 0.124819 0.405779 62.425 13.944 0.12624
62.0311 13.853 0.114195 0.0129759 62.425 13.944 0.12624
62.2552 13.6209 0.123961 0.288347 62.425 13.944 0.12624
62.1855 13.7758 0.124819 0.405779 62.425 13.944 0.12624
62.4178 13.8089 0.11278 0.124716 62.425 13.944 0.12624
61.9765 13.6716 0.119977 0.0266979 62.425 13.944 0.12624
62.2552 13.6209 0.123961 0.288347 62.425 13.944 0.12624
62.0212 13.9104 0.127814 0.0269899 62.425 13.944 0.12624
62.2903 13.9437 0.115024 0.136387 62.425 13.944 0.12624
62.5019 13.9923 0.11923 0.0864637 62.425 13.944 0.12624
62.1855 13.7758 0.124819 0.405779 62.425 13.944 0.12624
62.043 14.0187 0.124648 0.0248644 62.425 13.944 0.12624
62.1262 13.7933 0.121453 0.351179 62.425 13.944 0.12624
62.5051 13.8103 0.123433 0.192663 62.425 13.944 0.12624
62.0223 13.7398 0.119209 0.069132 62.425 13.944 0.12624
62.3128 13.6191 0.125767 0.178126 62.425 13.944 0.12624
62.0223 13.7398 0.119209 0.069132 62.425 13.944 0.12624
62.1142 13.7329 0.126229 0.161152 62.425 13.944 0.12624
62.2866 13.7885 0.112975 0.137458 62.425 13.944 0.12624
62.0515 13.8049 0.12676 0.0789169 62.425 13.944 0.12624
62.4784 13.7419 0.117027 0.313275 62.425 13.944 0.12624
62.1262 13.7933 0.121453 0.351179 62.425 13.944 0.12624
62.1262 13.7933 0.121453 0.351179 62.425 13.944 0.12624
62.0515 13.8049 0.12676 0.0789169 62.425 13.944 0.12624
62.5779 13.7397 0.116296 0.0945369 62.425 13.944 0.12624
62.1855 13.7758 0.124819 0.405779 62.425 13.944 0.12624
62.4136 13.6856 0.124331 0.282753 62.425 13.944 0.12624
62.3128 13.6191 0.125767 0.178126 62.425 13.944 0.12624
62.4345 13.8183 0.111288 0.0563426 62.425 13.944 0.12624
62.4605 13.9697 0.119836 0.166755 62.425 13.944 0.12624
62.1855 13.7758 0.124819 0.405779 62.425 13.944 0.12624
62.2368 13.6546 0.115664 0.217992 62.425 13.944 0.12624
62.2552 13.6209 0.123961 0.288347 62.425 13.944 0.12624
62.2659 13.7682 0.127505 0.226901 62.425 13.944 0.12624
62.3389 13.4961 0.122483 0.0757087 62.425 13.944 0.12624
62.2659 13.7682 0.127505 0.226901 62.425 13.944 0.12624
62.5019 13.9923 0.11923 0.0864637 62.425 13.944 0.12624
62.2949 13.6364 0.11726 0.355925 62.425 13.944 0.12624
