234.86 27.9772 0.0742788 0.0466729 234.83 28.142 0.073335
234.781 28.0273 0.0750908 0.0492869 234.83 28.142 0.073335
234.83 28.2108 0.0756138 0.00520735 234.83 28.142 0.073335
234.781 28.0273 0.0750908 0.0492869 234.83 28.142 0.073335
234.834 28.1315 0.0755945 0.0220058 234.83 28.142 0.073335
234.804 27.9306 0.0810584 0.0170599 234.83 28.142 0.073335
234.898 27.9261 0.0764434 0.037807 234.83 28.142 0.073335
234.86 27.9772 0.0742788 0.0466729 234.83 28.142 0.073335
234.996 28.0628 0.0791963 0.00243762 234.83 28.142 0.073335
234.755 28.1198 0.0749337 0.0199368 234.83 28.142 0.073335
234.781 28.0273 0.0750908 0.0492869 234.83 28.142 0.073335
234.804 27.9306 0.0810584 0.0170599 234.83 28.142 0.073335
234.86 27.9772 0.0742788 0.0466729 234.83 28.142 0.073335
234.781 28.0273 0.0750908 0.0492869 234.83 28.142 0.073335
234.74 28.038 0.0729816 0.0184515 234.83 28.142 0.073335
234.86 27.9772 0.0742788 0.0466729 234.83 28.142 0.073335
234.834 28.1315 0.0755945 0.0220058 234.83 28.142 0.073335
235.032 27.9737 0.0795355 0.00153467 234.83 28.142 0.073335
234.755 28.1198 0.0749337 0.0199368 234.83 28.142 0.073335
234.834 28.1315 0.0755945 0.0220058 234.83 28.142 0.073335
234.917 27.8384 0.0779078 0.0119257 234.83 28.142 0.073335
234.909 28.0758 0.0740578 0.0279794 234.83 28.142 0.073335
234.898 27.9261 0.0764434 0.037807 234.83 28.142 0.073335
234.86 27.9772 0.0742788 0.0466729 234.83 28.142 0.073335
234.684 27.7963 0.0774073 0.00621179 234.83 28.142 0.073335
234.83 28.2108 0.0756138 0.00520735 234.83 28.142 0.073335
234.877 28.0591 0.0775433 0.0296662 234.83 28.142 0.073335
234.834 28.1315 0.0755945 0.0220058 234.83 28.142 0.073335
234.909 28.0758 0.0740578 0.0279794 234.83 28.142 0.073335
234.898 27.9261 0.0764434 0.037807 234.83 28.142 0.073335
234.94 28.0099 0.0709947 0.00947522 234.83 28.142 0.073335
235.062 27.8755 0.0724347 0.00105311 234.83 28.142 0.073335
234.804 27.9306 0.0810584 0.0170599 234.83 28.142 0.073335
234.898 27.9261 0.0764434 0.037807 234.83 28.142 0.073335
234.781 28.0273 0.0750908 0.0492869 234.83 28.142 0.073335
234.898 27.9261 0.0764434 0.037807 234.83 28.142 0.073335
235.093 28.0105 0.0735694 0.00173367 234.83 28.142 0.073335
234.781 28.0273 0.0750908 0.0492869 234.83 28.142 0.073335
234.877 28.0591 0.0775433 0.0296662 234.83 28.142 0.073335
234.898 27.9261 0.0764434 0.037807 234.83 28.142 0.073335
235.081 27.9816 0.0705383 0.000911362 234.83 28.142 0.073335
234.999 28.1097 0.0717985 0.00520051 234.83 28.142 0.073335
234.877 28.0591 0.0775433 0.0296662 234.83 28.142 0.073335
234.909 28.0758 0.0740578 0.0279794 234.83 28.142 0.073335
234.86 27.9772 0.0742788 0.0466729 234.83 28.142 0.073335
234.877 28.0591 0.0775433 0.0296662 234.83 28.142 0.073335
234.86 27.9772 0.0742788 0.0466729 234.83 28.142 0.073335
234.781 28.0273 0.0750908 0.0492869 234.83 28.142 0.073335
234.807 27.7298 0.0767066 0.0028378 234.83 28.142 0.073335
234.909 28.0758 0.0740578 0.0279794 234.83 28.142 0.073335
234.86 27.9772 0.0742788 0.0466729 234.83 28.142 0.073335
234.86 27.9772 0.0742788 0.0466729 234.83 28.142 0.073335
234.877 28.0591 0.0775433 0.0296662 234.83 28.142 0.073335
234.86 27.9772 0.0742788 0.0466729 234.83 28.142 0.073335
234.86 27.9772 0.0742788 0.0466729 234.83 28.142 0.073335
234.877 28.0591 0.0775433 0.0296662 234.83 28.142 0.073335
234.917 27.8384 0.0779078 0.0119257 234.83 28.142 0.073335
234.732 28.1742 0.0738665 0.00616972 234.83 28.142 0.073335
234.895 28.1442 0.070798 0.0060235 234.83 28.142 0.073335
234.909 28.0758 0.0740578 0.0279794 234.83 28.142 0.073335
234.804 27.9306 0.0810584 0.0170599 234.83 28.142 0.073335
234.755 28.1198 0.0749337 0.0199368 234.83 28.142 0.073335
234.86 27.9772 0.0742788 0.0466729 234.83 28.142 0.073335
234.86 27.9772 0.0742788 0.0466729 234.83 28.142 0.073335
234.83 28.2108 0.0756138 0.00520735 234.83 28.142 0.073335
234.86 27.9772 0.0742788 0.0466729 234.83 28.142 0.073335
234.804 27.9306 0.0810584 0.0170599 234.83 28.142 0.073335
234.639 27.9531 0.0815149 0.00641466 234.83 28.142 0.073335
234.713 28.2455 0.0740126 0.00118254 234.83 28.142 0.073335
234.898 27.9261 0.0764434 0.037807 234.83 28.142 0.073335
234.834 28.1315 0.0755945 0.0220058 234.83 28.142 0.073335
234.834 28.1315 0.0755945 0.0220058 234.83 28.142 0.073335
234.86 27.9772 0.0742788 0.0466729 234.83 28.142 0.073335
234.996 28.0628 0.0791963 0.00243762 234.83 28.142 0.073335
234.86 27.9772 0.0742788 0.0466729 234.83 28.142 0.073335
235.011 28.29 0.0745034 0.000156194 234.83 28.142 0.073335
234.781 28.0273 0.0750908 0.0492869 234.83 28.142 0.073335
234.82 28.0554 0.0821069 0.00355667 234.83 28.142 0.073335
234.83 28.2108 0.0756138 0.00520735 234.83 28.142 0.073335
234.917 27.8384 0.0779078 0.0119257 234.83 28.142 0.073335
234.909 28.0758 0.0740578 0.0279794 234.83 28.142 0.073335
234.898 27.9261 0.0764434 0.037807 234.83 28.142 0.073335
234.74 28.038 0.0729816 0.0184515 234.83 28.142 0.073335
234.74 28.038 0.0729816 0.0184515 234.83 28.142 0.073335
234.834 28.1315 0.0755945 0.0220058 234.83 28.142 0.073335
234.86 27.9772 0.0742788 0.0466729 234.83 28.142 0.073335
234.898 27.9261 0.0764434 0.037807 234.83 28.142 0.073335
234.917 27.8384 0.0779078 0.0119257 234.83 28.142 0.073335
234.639 27.9531 0.0815149 0.00641466 234.83 28.142 0.073335
234.724 28.1432 0.0724532 0.00551783 234.83 28.142 0.073335
234.94 28.0099 0.0709947 0.00947522 234.83 28.142 0.073335
234.74 28.038 0.0729816 0.0184515 234.83 28.142 0.073335
234.898 27.9261 0.0764434 0.037807 234.83 28.142 0.073335
234.74 28.038 0.0729816 0.0184515 234.83 28.142 0.073335
234.86 27.9772 0.0742788 0.0466729 234.83 28.142 0.073335
234.732 28.1742 0.0738665 0.00616972 234.83 28.142 0.073335
234.781 28.0273 0.0750908 0.0492869 234.83 28.142 0.073335
234.781 28.0273 0.0750908 0.0492869 234.83 28.142 0.073335
234.999 28.1097 0.0717985 0.00520051 234.83 28.142 0.073335
234.877 28.0591 0.0775433 0.0296662 234.83 28.142 0.073335
234.877 28.0591 0.0775433 0.0296662 234.83 28.142 0.073335
234.898 27.9261 0.0764434 0.037807 234.83 28.142 0.073335
234.877 28.0591 0.0775433 0.0296662 234.83 28.142 0.073335
234.898 27.9261 0.0764434 0.037807 234.83 28.142 0.073335
234.834 28.1315 0.0755945 0.0220058 234.83 28.142 0.073335
234.834 28.1315 0.0755945 0.0220058 234.83 28.142 0.073335
234.996 28.0628 0.0791963 0.00243762 234.83 28.142 0.073335
234.834 28.1315 0.0755945 0.0220058 234.83 28.142 0.073335
234.898 27.9261 0.0764434 0.037807 234.83 28.142 0.073335
234.999 28.1097 0.0717985 0.00520051 234.83 28.142 0.073335
234.834 28.1315 0.0755945 0.0220058 234.83 28.142 0.073335
234.898 27.9261 0.0764434 0.037807 234.83 28.142 0.073335
234.781 28.0273 0.0750908 0.0492869 234.83 28.142 0.073335
234.82 28.0554 0.0821069 0.00355667 234.83 28.142 0.073335
234.94 28.0099 0.0709947 0.00947522 234.83 28.142 0.073335
234.781 28.0273 0.0750908 0.0492869 234.83 28.142 0.073335
234.86 27.9772 0.0742788 0.0466729 234.83 28.142 0.073335
234.781 28.0273 0.0750908 0.0492869 234.83 28.142 0.073335
234.755 28.1198 0.0749337 0.0199368 234.83 28.142 0.073335
234.85 28.1834 0.0701776 0.00264359 234.83 28.142 0.073335
234.804 27.9306 0.0810584 0.0170599 234.83 28.142 0.073335
234.917 27.8384 0.0779078 0.0119257 234.83 28.142 0.073335
234.877 28.0591 0.0775433 0.0296662 234.83 28.142 0.073335
234.834 28.1315 0.0755945 0.0220058 234.83 28.142 0.073335
234.999 28.1097 0.0717985 0.00520051 234.83 28.142 0.073335
234.781 28.0273 0.0750908 0.0492869 234.83 28.142 0.073335
234.74 28.038 0.0729816 0.0184515 234.83 28.142 0.073335
234.909 28.0758 0.0740578 0.0279794 234.83 28.142 0.073335
234.74 28.038 0.0729816 0.0184515 234.83 28.142 0.073335
234.781 28.0273 0.0750908 0.0492869 234.83 28.142 0.073335
234.803 27.7871 0.0792708 0.00957426 234.83 28.142 0.073335
234.94 28.0099 0.0709947 0.00947522 234.83 28.142 0.073335
234.724 28.1432 0.0724532 0.00551783 234.83 28.142 0.073335
234.781 28.0273 0.0750908 0.0492869 234.83 28.142 0.073335
234.86 27.9772 0.0742788 0.0466729 234.83 28.142 0.073335
234.781 28.0273 0.0750908 0.0492869 234.83 28.142 0.073335
234.877 28.0591 0.0775433 0.0296662 234.83 28.142 0.073335
234.86 27.9772 0.0742788 0.0466729 234.83 28.142 0.073335
234.86 27.9772 0.0742788 0.0466729 234.83 28.142 0.073335
234.877 28.0591 0.0775433 0.0296662 234.83 28.142 0.073335
234.781 28.0273 0.0750908 0.0492869 234.83 28.142 0.073335
234.898 27.9261 0.0764434 0.037807 234.83 28.142 0.073335
234.857 28.1938 0.0712441 0.00388821 234.83 28.142 0.073335
234.83 28.2108 0.0756138 0.00520735 234.83 28.142 0.073335
234.834 28.1315 0.0755945 0.0220058 234.83 28.142 0.073335
234.732 28.1742 0.0738665 0.00616972 234.83 28.142 0.073335
234.755 28.1198 0.0749337 0.0199368 234.83 28.142 0.073335
234.898 27.9261 0.0764434 0.037807 234.83 28.142 0.073335
234.781 28.0273 0.0750908 0.0492869 234.83 28.142 0.073335
234.74 28.038 0.0729816 0.0184515 234.83 28.142 0.073335
234.755 28.1198 0.0749337 0.0199368 234.83 28.142 0.073335
234.834 28.1315 0.0755945 0.0220058 234.83 28.142 0.073335
234.804 27.9306 0.0810584 0.0170599 234.83 28.142 0.073335
234.877 28.0591 0.0775433 0.0296662 234.83 28.142 0.073335
234.834 28.1315 0.0755945 0.0220058 234.83 28.142 0.073335
234.83 28.2108 0.0756138 0.00520735 234.83 28.142 0.073335
234.909 28.0758 0.0740578 0.0279794 234.83 28.142 0.073335
234.877 28.0591 0.0775433 0.0296662 234.83 28.142 0.073335
234.909 28.0758 0.0740578 0.0279794 234.83 28.142 0.073335
234.804 27.9306 0.0810584 0.0170599 234.83 28.142 0.073335
234.834 28.1315 0.0755945 0.0220058 234.83 28.142 0.073335
234.732 28.1742 0.0738665 0.00616972 234.83 28.142 0.073335
234.74 28.038 0.0729816 0.0184515 234.83 28.142 0.073335
234.773 28.2475 0.0745099 0.00203059 234.83 28.142 0.073335
234.917 27.8384 0.0779078 0.0119257 234.83 28.142 0.073335
234.74 28.038 0.0729816 0.0184515 234.83 28.142 0.073335
234.807 27.7298 0.0767066 0.0028378 234.83 28.142 0.073335
234.74 28.038 0.0729816 0.0184515 234.83 28.142 0.073335
234.86 27.9772 0.0742788 0.0466729 234.83 28.142 0.073335
234.909 28.0758 0.0740578 0.0279794 234.83 28.142 0.073335
234.804 27.9306 0.0810584 0.0170599 234.83 28.142 0.073335
234.781 28.0273 0.0750908 0.0492869 234.83 28.142 0.073335
234.781 28.0273 0.0750908 0.0492869 234.83 28.142 0.073335
234.909 28.0758 0.0740578 0.0279794 234.83 28.142 0.073335
234.834 28.1315 0.0755945 0.0220058 234.83 28.142 0.073335
234.755 28.1198 0.0749337 0.0199368 234.83 28.142 0.073335
234.834 28.1315 0.0755945 0.0220058 234.83 28.142 0.073335
234.898 27.9261 0.0764434 0.037807 234.83 28.142 0.073335
234.755 28.1198 0.0749337 0.0199368 234.83 28.142 0.073335
234.898 27.9261 0.0764434 0.037807 234.83 28.142 0.073335
234.877 28.0591 0.0775433 0.0296662 234.83 28.142 0.073335
234.755 28.1198 0.0749337 0.0199368 234.83 28.142 0.073335
234.82 28.0554 0.0821069 0.00355667 234.83 28.142 0.073335
234.909 28.0758 0.0740578 0.0279794 234.83 28.142 0.073335
234.909 28.0758 0.0740578 0.0279794 234.83 28.142 0.073335
234.834 28.1315 0.0755945 0.0220058 234.83 28.142 0.073335
235.081 27.9816 0.0705383 0.000911362 234.83 28.142 0.073335
234.86 27.9772 0.0742788 0.0466729 234.83 28.142 0.073335
234.755 28.1198 0.0749337 0.0199368 234.83 28.142 0.073335
234.86 27.9772 0.0742788 0.0466729 234.83 28.142 0.073335
234.834 28.1315 0.0755945 0.0220058 234.83 28.142 0.073335
234.74 28.038 0.0729816 0.0184515 234.83 28.142 0.073335
234.999 28.1097 0.0717985 0.00520051 234.83 28.142 0.073335
234.834 28.1315 0.0755945 0.0220058 234.83 28.142 0.073335
234.877 28.0591 0.0775433 0.0296662 234.83 28.142 0.073335
234.803 27.7871 0.0792708 0.00957426 234.83 28.142 0.073335
234.86 27.9772 0.0742788 0.0466729 234.83 28.142 0.073335
234.877 28.0591 0.0775433 0.0296662 234.83 28.142 0.073335
234.834 28.1315 0.0755945 0.0220058 234.83 28.142 0.073335
234.565 28.0957 0.0796485 0.00115206 234.83 28.142 0.073335
