245.524 -17.8878 2.96136 1.21336 245.84 -17.816 2.9642
245.495 -17.8576 2.9601 1.06486 245.84 -17.816 2.9642
245.715 -17.8951 2.96539 3.73114 245.84 -17.816 2.9642
245.706 -17.6115 2.96129 1.67059 245.84 -17.816 2.9642
245.634 -17.8551 2.96439 2.88311 245.84 -17.816 2.9642
245.795 -17.8673 2.96253 3.39001 245.84 -17.816 2.9642
245.883 -18.0802 2.9803 0.00842369 245.84 -17.816 2.9642
245.835 -18.0149 2.9642 1.40066 245.84 -17.816 2.9642
245.795 -17.8673 2.96253 3.39001 245.84 -17.816 2.9642
245.659 -17.9798 2.95676 0.229996 245.84 -17.816 2.9642
245.71 -17.9863 2.96111 1.15011 245.84 -17.816 2.9642
245.723 -17.6318 2.96635 1.23727 245.84 -17.816 2.9642
245.524 -17.8878 2.96136 1.21336 245.84 -17.816 2.9642
245.612 -17.6111 2.95823 1.16777 245.84 -17.816 2.9642
245.901 -17.9461 2.96834 3.1648 245.84 -17.816 2.9642
245.924 -17.6243 2.9626 0.671577 245.84 -17.816 2.9642
245.901 -17.9461 2.96834 3.1648 245.84 -17.816 2.9642
245.841 -17.9298 2.96464 3.14592 245.84 -17.816 2.9642
245.715 -17.8951 2.96539 3.73114 245.84 -17.816 2.9642
245.523 -17.6938 2.95885 1.42831 245.84 -17.816 2.9642
245.715 -17.8951 2.96539 3.73114 245.84 -17.816 2.9642
245.673 -17.8706 2.95986 2.22794 245.84 -17.816 2.9642
245.71 -17.9863 2.96111 1.15011 245.84 -17.816 2.9642
245.673 -17.8706 2.95986 2.22794 245.84 -17.816 2.9642
245.936 -17.7523 2.96404 1.91918 245.84 -17.816 2.9642
245.71 -17.9863 2.96111 1.15011 245.84 -17.816 2.9642
245.523 -17.6938 2.95885 1.42831 245.84 -17.816 2.9642
245.643 -17.6114 2.95642 0.726097 245.84 -17.816 2.9642
245.722 -18.1743 2.96596 0.156985 245.84 -17.816 2.9642
245.612 -17.6111 2.95823 1.16777 245.84 -17.816 2.9642
245.835 -18.0149 2.9642 1.40066 245.84 -17.816 2.9642
245.901 -17.9461 2.96834 3.1648 245.84 -17.816 2.9642
245.795 -17.8673 2.96253 3.39001 245.84 -17.816 2.9642
245.723 -17.6318 2.96635 1.23727 245.84 -17.816 2.9642
245.491 -17.9014 2.96438 0.477284 245.84 -17.816 2.9642
245.706 -17.6115 2.96129 1.67059 245.84 -17.816 2.9642
245.523 -17.6938 2.95885 1.42831 245.84 -17.816 2.9642
245.71 -17.9863 2.96111 1.15011 245.84 -17.816 2.9642
245.841 -17.9298 2.96464 3.14592 245.84 -17.816 2.9642
245.718 -18.0265 2.96576 1.40612 245.84 -17.816 2.9642
245.583 -17.9973 2.96024 0.623805 245.84 -17.816 2.9642
245.901 -17.9461 2.96834 3.1648 245.84 -17.816 2.9642
245.673 -17.8706 2.95986 2.22794 245.84 -17.816 2.9642
245.936 -17.7523 2.96404 1.91918 245.84 -17.816 2.9642
245.936 -17.7523 2.96404 1.91918 245.84 -17.816 2.9642
245.795 -17.8673 2.96253 3.39001 245.84 -17.816 2.9642
245.715 -17.8951 2.96539 3.73114 245.84 -17.816 2.9642
245.561 -17.9398 2.96079 1.09638 245.84 -17.816 2.9642
245.524 -17.8878 2.96136 1.21336 245.84 -17.816 2.9642
245.523 -17.6938 2.95885 1.42831 245.84 -17.816 2.9642
245.936 -17.7523 2.96404 1.91918 245.84 -17.816 2.9642
245.741 -17.7264 2.96242 3.81182 245.84 -17.816 2.9642
245.583 -17.9973 2.96024 0.623805 245.84 -17.816 2.9642
245.491 -17.9014 2.96438 0.477284 245.84 -17.816 2.9642
245.795 -17.8673 2.96253 3.39001 245.84 -17.816 2.9642
245.634 -17.8551 2.96439 2.88311 245.84 -17.816 2.9642
245.835 -18.0149 2.9642 1.40066 245.84 -17.816 2.9642
245.901 -17.9461 2.96834 3.1648 245.84 -17.816 2.9642
245.673 -17.8706 2.95986 2.22794 245.84 -17.816 2.9642
245.718 -18.0265 2.96576 1.40612 245.84 -17.816 2.9642
245.795 -17.8673 2.96253 3.39001 245.84 -17.816 2.9642
245.977 -17.6449 2.96436 0.665749 245.84 -17.816 2.9642
245.634 -17.8551 2.96439 2.88311 245.84 -17.816 2.9642
245.741 -17.7264 2.96242 3.81182 245.84 -17.816 2.9642
245.673 -17.8706 2.95986 2.22794 245.84 -17.816 2.9642
245.524 -17.8878 2.96136 1.21336 245.84 -17.816 2.9642
245.901 -17.9461 2.96834 3.1648 245.84 -17.816 2.9642
246.226 -17.7269 2.97441 0.0872537 245.84 -17.816 2.9642
245.741 -17.7264 2.96242 3.81182 245.84 -17.816 2.9642
245.644 -17.9962 2.96943 0.450428 245.84 -17.816 2.9642
245.71 -17.9863 2.96111 1.15011 245.84 -17.816 2.9642
245.495 -17.8576 2.9601 1.06486 245.84 -17.816 2.9642
245.644 -17.9962 2.96943 0.450428 245.84 -17.816 2.9642
245.523 -17.6938 2.95885 1.42831 245.84 -17.816 2.9642
245.634 -17.8551 2.96439 2.88311 245.84 -17.816 2.9642
245.583 -17.9973 2.96024 0.623805 245.84 -17.816 2.9642
245.583 -17.9973 2.96024 0.623805 245.84 -17.816 2.9642
245.741 -17.7264 2.96242 3.81182 245.84 -17.816 2.9642
245.659 -17.9798 2.95676 0.229996 245.84 -17.816 2.9642
245.841 -17.9298 2.96464 3.14592 245.84 -17.816 2.9642
245.909 -17.7385 2.97153 1.23898 245.84 -17.816 2.9642
245.612 -17.6111 2.95823 1.16777 245.84 -17.816 2.9642
245.673 -17.8706 2.95986 2.22794 245.84 -17.816 2.9642
245.561 -17.9398 2.96079 1.09638 245.84 -17.816 2.9642
245.715 -17.8951 2.96539 3.73114 245.84 -17.816 2.9642
245.795 -17.8673 2.96253 3.39001 245.84 -17.816 2.9642
245.524 -17.8878 2.96136 1.21336 245.84 -17.816 2.9642
245.723 -17.6318 2.96635 1.23727 245.84 -17.816 2.9642
245.924 -17.6243 2.9626 0.671577 245.84 -17.816 2.9642
245.841 -17.9298 2.96464 3.14592 245.84 -17.816 2.9642
245.901 -17.9461 2.96834 3.1648 245.84 -17.816 2.9642
245.6 -17.975 2.96862 0.384075 245.84 -17.816 2.9642
245.715 -17.8951 2.96539 3.73114 245.84 -17.816 2.9642
245.715 -17.8951 2.96539 3.73114 245.84 -17.816 2.9642
245.542 -17.8066 2.971 0.0423294 245.84 -17.816 2.9642
245.715 -17.8951 2.96539 3.73114 245.84 -17.816 2.9642
245.723 -17.6318 2.96635 1.23727 245.84 -17.816 2.9642
245.715 -17.8951 2.96539 3.73114 245.84 -17.816 2.9642
245.706 -17.6115 2.96129 1.67059 245.84 -17.816 2.9642
245.864 -17.4556 2.95852 0.0428393 245.84 -17.816 2.9642
245.612 -17.6111 2.95823 1.16777 245.84 -17.816 2.9642
245.524 -17.8878 2.96136 1.21336 245.84 -17.816 2.9642
245.715 -17.8951 2.96539 3.73114 245.84 -17.816 2.9642
245.673 -17.8706 2.95986 2.22794 245.84 -17.816 2.9642
245.685 -17.8924 2.95753 0.793992 245.84 -17.816 2.9642
245.715 -17.8951 2.96539 3.73114 245.84 -17.816 2.9642
245.795 -17.8673 2.96253 3.39001 245.84 -17.816 2.9642
245.612 -17.6111 2.95823 1.16777 245.84 -17.816 2.9642
245.795 -17.8673 2.96253 3.39001 245.84 -17.816 2.9642
245.835 -18.0149 2.9642 1.40066 245.84 -17.816 2.9642
245.741 -17.7264 2.96242 3.81182 245.84 -17.816 2.9642
245.673 -17.8706 2.95986 2.22794 245.84 -17.816 2.9642
245.756 -17.4664 2.96033 0.197928 245.84 -17.816 2.9642
245.741 -17.7264 2.96242 3.81182 245.84 -17.816 2.9642
245.819 -18.1164 2.96645 0.553835 245.84 -17.816 2.9642
245.835 -18.0149 2.9642 1.40066 245.84 -17.816 2.9642
245.723 -17.6318 2.96635 1.23727 245.84 -17.816 2.9642
245.795 -17.8673 2.96253 3.39001 245.84 -17.816 2.9642
245.901 -17.9461 2.96834 3.1648 245.84 -17.816 2.9642
245.723 -17.6318 2.96635 1.23727 245.84 -17.816 2.9642
245.901 -17.9461 2.96834 3.1648 245.84 -17.816 2.9642
245.977 -17.6449 2.96436 0.665749 245.84 -17.816 2.9642
245.924 -17.6243 2.9626 0.671577 245.84 -17.816 2.9642
245.977 -17.6449 2.96436 0.665749 245.84 -17.816 2.9642
245.715 -17.8951 2.96539 3.73114 245.84 -17.816 2.9642
245.795 -17.8673 2.96253 3.39001 245.84 -17.816 2.9642
245.72 -17.5928 2.95478 0.193216 245.84 -17.816 2.9642
245.523 -17.6938 2.95885 1.42831 245.84 -17.816 2.9642
245.634 -17.8551 2.96439 2.88311 245.84 -17.816 2.9642
245.841 -17.9298 2.96464 3.14592 245.84 -17.816 2.9642
245.795 -17.8673 2.96253 3.39001 245.84 -17.816 2.9642
245.795 -17.8673 2.96253 3.39001 245.84 -17.816 2.9642
245.936 -17.7523 2.96404 1.91918 245.84 -17.816 2.9642
245.795 -17.8673 2.96253 3.39001 245.84 -17.816 2.9642
245.795 -17.8673 2.96253 3.39001 245.84 -17.816 2.9642
245.71 -17.9863 2.96111 1.15011 245.84 -17.816 2.9642
245.795 -17.8673 2.96253 3.39001 245.84 -17.816 2.9642
245.673 -17.8706 2.95986 2.22794 245.84 -17.816 2.9642
245.741 -17.7264 2.96242 3.81182 245.84 -17.816 2.9642
245.612 -17.6111 2.95823 1.16777 245.84 -17.816 2.9642
245.634 -17.8551 2.96439 2.88311 245.84 -17.816 2.9642
245.495 -17.8576 2.9601 1.06486 245.84 -17.816 2.9642
245.841 -17.9298 2.96464 3.14592 245.84 -17.816 2.9642
245.819 -18.1164 2.96645 0.553835 245.84 -17.816 2.9642
245.901 -17.9461 2.96834 3.1648 245.84 -17.816 2.9642
245.817 -17.8597 2.95748 0.352566 245.84 -17.816 2.9642
245.523 -17.6938 2.95885 1.42831 245.84 -17.816 2.9642
245.715 -17.8951 2.96539 3.73114 245.84 -17.816 2.9642
245.715 -17.8951 2.96539 3.73114 245.84 -17.816 2.9642
245.572 -18.0946 2.96033 0.137621 245.84 -17.816 2.9642
245.634 -17.8551 2.96439 2.88311 245.84 -17.816 2.9642
245.741 -17.7264 2.96242 3.81182 245.84 -17.816 2.9642
245.634 -17.8551 2.96439 2.88311 245.84 -17.816 2.9642
245.841 -17.9298 2.96464 3.14592 245.84 -17.816 2.9642
245.936 -17.7523 2.96404 1.91918 245.84 -17.816 2.9642
245.841 -17.9298 2.96464 3.14592 245.84 -17.816 2.9642
245.612 -17.6111 2.95823 1.16777 245.84 -17.816 2.9642
245.706 -17.6115 2.96129 1.67059 245.84 -17.816 2.9642
245.835 -18.0149 2.9642 1.40066 245.84 -17.816 2.9642
245.841 -17.9298 2.96464 3.14592 245.84 -17.816 2.9642
245.741 -17.7264 2.96242 3.81182 245.84 -17.816 2.9642
245.795 -17.8673 2.96253 3.39001 245.84 -17.816 2.9642
245.936 -17.7523 2.96404 1.91918 245.84 -17.816 2.9642
245.673 -17.8706 2.95986 2.22794 245.84 -17.816 2.9642
245.634 -17.8551 2.96439 2.88311 245.84 -17.816 2.9642
245.901 -17.9461 2.96834 3.1648 245.84 -17.816 2.9642
245.841 -17.9298 2.96464 3.14592 245.84 -17.816 2.9642
245.741 -17.7264 2.96242 3.81182 245.84 -17.816 2.9642
245.407 -17.7349 2.96175 0.300118 245.84 -17.816 2.9642
245.936 -17.7523 2.96404 1.91918 245.84 -17.816 2.9642
245.901 -17.9461 2.96834 3.1648 245.84 -17.816 2.9642
245.819 -18.1164 2.96645 0.553835 245.84 -17.816 2.9642
245.715 -17.8951 2.96539 3.73114 245.84 -17.816 2.9642
245.723 -17.6318 2.96635 1.23727 245.84 -17.816 2.9642
245.718 -18.0265 2.96576 1.40612 245.84 -17.816 2.9642
245.6 -17.975 2.96862 0.384075 245.84 -17.816 2.9642
245.689 -18.1965 2.96949 0.0595536 245.84 -17.816 2.9642
245.25 -17.7989 2.9544 0.043699 245.84 -17.816 2.9642
245.706 -17.6115 2.96129 1.67059 245.84 -17.816 2.9642
245.817 -17.8597 2.95748 0.352566 245.84 -17.816 2.9642
245.644 -17.9962 2.96943 0.450428 245.84 -17.816 2.9642
245.612 -17.6111 2.95823 1.16777 245.84 -17.816 2.9642
245.741 -17.7264 2.96242 3.81182 245.84 -17.816 2.9642
245.795 -17.8673 2.96253 3.39001 245.84 -17.816 2.9642
245.909 -17.7385 2.97153 1.23898 245.84 -17.816 2.9642
245.715 -17.8951 2.96539 3.73114 245.84 -17.816 2.9642
245.583 -17.9973 2.96024 0.623805 245.84 -17.816 2.9642
245.634 -17.8551 2.96439 2.88311 245.84 -17.816 2.9642
245.901 -17.9461 2.96834 3.1648 245.84 -17.816 2.9642
245.841 -17.9298 2.96464 3.14592 245.84 -17.816 2.9642
245.523 -17.6938 2.95885 1.42831 245.84 -17.816 2.9642
245.524 -17.8878 2.96136 1.21336 245.84 -17.816 2.9642
245.795 -17.8673 2.96253 3.39001 245.84 -17.816 2.9642
245.741 -17.7264 2.96242 3.81182 245.84 -17.816 2.9642
245.835 -18.0149 2.9642 1.40066 245.84 -17.816 2.9642
245.741 -17.7264 2.96242 3.81182 245.84 -17.816 2.9642
245.741 -17.7264 2.96242 3.81182 245.84 -17.816 2.9642
245.841 -17.9298 2.96464 3.14592 245.84 -17.816 2.9642
245.715 -17.8951 2.96539 3.73114 245.84 -17.816 2.9642
245.634 -17.8551 2.96439 2.88311 245.84 -17.816 2.9642
