104.948 -26.4121 3.4576 3.10064 104.79 -26.395 3.4545
104.969 -26.6028 3.46184 0.90427 104.79 -26.395 3.4545
104.882 -26.4132 3.46151 1.69767 104.79 -26.395 3.4545
104.536 -26.4438 3.4578 0.390978 104.79 -26.395 3.4545
104.881 -26.5164 3.45098 3.06316 104.79 -26.395 3.4545
104.754 -26.4825 3.4524 3.36331 104.79 -26.395 3.4545
104.882 -26.4132 3.46151 1.69767 104.79 -26.395 3.4545
105.119 -26.3376 3.45794 0.539131 104.79 -26.395 3.4545
104.749 -26.5859 3.45746 2.87543 104.79 -26.395 3.4545
104.623 -26.6331 3.4609 0.324249 104.79 -26.395 3.4545
104.969 -26.6028 3.46184 0.90427 104.79 -26.395 3.4545
104.536 -26.4438 3.4578 0.390978 104.79 -26.395 3.4545
104.948 -26.4121 3.4576 3.10064 104.79 -26.395 3.4545
104.97 -26.6341 3.45714 2.33353 104.79 -26.395 3.4545
104.754 -26.4825 3.4524 3.36331 104.79 -26.395 3.4545
104.944 -26.4614 3.45576 3.94492 104.79 -26.395 3.4545
104.794 -26.5007 3.45908 3.06817 104.79 -26.395 3.4545
104.881 -26.5164 3.45098 3.06316 104.79 -26.395 3.4545
104.733 -26.4961 3.45266 3.26957 104.79 -26.395 3.4545
104.881 -26.2752 3.4596 1.16209 104.79 -26.395 3.4545
104.944 -26.4614 3.45576 3.94492 104.79 -26.395 3.4545
104.754 -26.4825 3.4524 3.36331 104.79 -26.395 3.4545
105.034 -26.477 3.45381 2.07834 104.79 -26.395 3.4545
104.749 -26.4266 3.45532 3.41948 104.79 -26.395 3.4545
104.754 -26.4825 3.4524 3.36331 104.79 -26.395 3.4545
104.944 -26.4614 3.45576 3.94492 104.79 -26.395 3.4545
105.148 -26.3365 3.45461 0.325756 104.79 -26.395 3.4545
105.034 -26.477 3.45381 2.07834 104.79 -26.395 3.4545
104.882 -26.4132 3.46151 1.69767 104.79 -26.395 3.4545
104.895 -26.5783 3.46274 0.878932 104.79 -26.395 3.4545
104.877 -26.6184 3.46196 0.954874 104.79 -26.395 3.4545
104.648 -26.3799 3.45411 1.32893 104.79 -26.395 3.4545
104.97 -26.6341 3.45714 2.33353 104.79 -26.395 3.4545
104.753 -26.2839 3.4598 0.916235 104.79 -26.395 3.4545
104.676 -26.3193 3.45348 0.982597 104.79 -26.395 3.4545
105.046 -26.6124 3.46123 0.663511 104.79 -26.395 3.4545
105.119 -26.3376 3.45794 0.539131 104.79 -26.395 3.4545
104.749 -26.5859 3.45746 2.87543 104.79 -26.395 3.4545
104.882 -26.4132 3.46151 1.69767 104.79 -26.395 3.4545
104.881 -26.5164 3.45098 3.06316 104.79 -26.395 3.4545
104.648 -26.3799 3.45411 1.32893 104.79 -26.395 3.4545
104.733 -26.4961 3.45266 3.26957 104.79 -26.395 3.4545
104.882 -26.4132 3.46151 1.69767 104.79 -26.395 3.4545
104.882 -26.4132 3.46151 1.69767 104.79 -26.395 3.4545
104.754 -26.4825 3.4524 3.36331 104.79 -26.395 3.4545
104.918 -26.1201 3.46127 0.119095 104.79 -26.395 3.4545
104.822 -26.4587 3.45743 4.16583 104.79 -26.395 3.4545
104.822 -26.4587 3.45743 4.16583 104.79 -26.395 3.4545
104.944 -26.4614 3.45576 3.94492 104.79 -26.395 3.4545
104.858 -26.534 3.46183 1.49132 104.79 -26.395 3.4545
104.557 -26.618 3.44717 0.210368 104.79 -26.395 3.4545
104.97 -26.6341 3.45714 2.33353 104.79 -26.395 3.4545
104.874 -26.234 3.46047 0.661232 104.79 -26.395 3.4545
104.97 -26.6341 3.45714 2.33353 104.79 -26.395 3.4545
105.119 -26.3376 3.45794 0.539131 104.79 -26.395 3.4545
104.733 -26.4961 3.45266 3.26957 104.79 -26.395 3.4545
104.97 -26.6341 3.45714 2.33353 104.79 -26.395 3.4545
104.749 -26.4266 3.45532 3.41948 104.79 -26.395 3.4545
104.749 -26.4266 3.45532 3.41948 104.79 -26.395 3.4545
104.72 -26.2823 3.45721 1.03857 104.79 -26.395 3.4545
104.888 -26.4164 3.46119 1.87675 104.79 -26.395 3.4545
104.944 -26.4614 3.45576 3.94492 104.79 -26.395 3.4545
104.754 -26.4825 3.4524 3.36331 104.79 -26.395 3.4545
104.948 -26.4121 3.4576 3.10064 104.79 -26.395 3.4545
104.676 -26.3193 3.45348 0.982597 104.79 -26.395 3.4545
104.822 -26.4587 3.45743 4.16583 104.79 -26.395 3.4545
104.874 -26.234 3.46047 0.661232 104.79 -26.395 3.4545
105.046 -26.6124 3.46123 0.663511 104.79 -26.395 3.4545
104.749 -26.4266 3.45532 3.41948 104.79 -26.395 3.4545
105.034 -26.477 3.45381 2.07834 104.79 -26.395 3.4545
104.881 -26.5164 3.45098 3.06316 104.79 -26.395 3.4545
104.822 -26.4587 3.45743 4.16583 104.79 -26.395 3.4545
104.536 -26.4438 3.4578 0.390978 104.79 -26.395 3.4545
104.749 -26.5859 3.45746 2.87543 104.79 -26.395 3.4545
104.822 -26.4587 3.45743 4.16583 104.79 -26.395 3.4545
104.733 -26.4961 3.45266 3.26957 104.79 -26.395 3.4545
104.97 -26.6341 3.45714 2.33353 104.79 -26.395 3.4545
104.822 -26.4587 3.45743 4.16583 104.79 -26.395 3.4545
105.034 -26.477 3.45381 2.07834 104.79 -26.395 3.4545
104.784 -26.6606 3.46297 0.36765 104.79 -26.395 3.4545
104.944 -26.4614 3.45576 3.94492 104.79 -26.395 3.4545
104.676 -26.3193 3.45348 0.982597 104.79 -26.395 3.4545
104.749 -26.4266 3.45532 3.41948 104.79 -26.395 3.4545
104.874 -26.234 3.46047 0.661232 104.79 -26.395 3.4545
105.177 -26.8332 3.45932 0.0259997 104.79 -26.395 3.4545
104.828 -26.193 3.46369 0.162764 104.79 -26.395 3.4545
104.794 -26.5007 3.45908 3.06817 104.79 -26.395 3.4545
104.822 -26.4587 3.45743 4.16583 104.79 -26.395 3.4545
104.874 -26.234 3.46047 0.661232 104.79 -26.395 3.4545
104.97 -26.6341 3.45714 2.33353 104.79 -26.395 3.4545
104.829 -26.182 3.45768 0.465055 104.79 -26.395 3.4545
104.888 -26.4164 3.46119 1.87675 104.79 -26.395 3.4545
104.822 -26.4587 3.45743 4.16583 104.79 -26.395 3.4545
104.557 -26.618 3.44717 0.210368 104.79 -26.395 3.4545
104.881 -26.5164 3.45098 3.06316 104.79 -26.395 3.4545
104.969 -26.6028 3.46184 0.90427 104.79 -26.395 3.4545
104.733 -26.4961 3.45266 3.26957 104.79 -26.395 3.4545
104.944 -26.4614 3.45576 3.94492 104.79 -26.395 3.4545
104.888 -26.4164 3.46119 1.87675 104.79 -26.395 3.4545
104.881 -26.5164 3.45098 3.06316 104.79 -26.395 3.4545
104.881 -26.5164 3.45098 3.06316 104.79 -26.395 3.4545
104.794 -26.5007 3.45908 3.06817 104.79 -26.395 3.4545
104.888 -26.4164 3.46119 1.87675 104.79 -26.395 3.4545
104.784 -26.6606 3.46297 0.36765 104.79 -26.395 3.4545
104.948 -26.4121 3.4576 3.10064 104.79 -26.395 3.4545
104.877 -26.6184 3.46196 0.954874 104.79 -26.395 3.4545
104.882 -26.4132 3.46151 1.69767 104.79 -26.395 3.4545
104.794 -26.5007 3.45908 3.06817 104.79 -26.395 3.4545
104.881 -26.2752 3.4596 1.16209 104.79 -26.395 3.4545
104.733 -26.4961 3.45266 3.26957 104.79 -26.395 3.4545
104.948 -26.4121 3.4576 3.10064 104.79 -26.395 3.4545
104.888 -26.4164 3.46119 1.87675 104.79 -26.395 3.4545
105.046 -26.6124 3.46123 0.663511 104.79 -26.395 3.4545
104.888 -26.4164 3.46119 1.87675 104.79 -26.395 3.4545
104.749 -26.4266 3.45532 3.41948 104.79 -26.395 3.4545
104.72 -26.2823 3.45721 1.03857 104.79 -26.395 3.4545
104.97 -26.6341 3.45714 2.33353 104.79 -26.395 3.4545
104.701 -26.4146 3.46086 1.08022 104.79 -26.395 3.4545
104.944 -26.4614 3.45576 3.94492 104.79 -26.395 3.4545
104.888 -26.4164 3.46119 1.87675 104.79 -26.395 3.4545
104.733 -26.4961 3.45266 3.26957 104.79 -26.395 3.4545
104.754 -26.4825 3.4524 3.36331 104.79 -26.395 3.4545
104.754 -26.4825 3.4524 3.36331 104.79 -26.395 3.4545
104.794 -26.5007 3.45908 3.06817 104.79 -26.395 3.4545
104.877 -26.6184 3.46196 0.954874 104.79 -26.395 3.4545
104.784 -26.6606 3.46297 0.36765 104.79 -26.395 3.4545
104.648 -26.3799 3.45411 1.32893 104.79 -26.395 3.4545
104.754 -26.4825 3.4524 3.36331 104.79 -26.395 3.4545
104.536 -26.4438 3.4578 0.390978 104.79 -26.395 3.4545
104.881 -26.2752 3.4596 1.16209 104.79 -26.395 3.4545
104.701 -26.4146 3.46086 1.08022 104.79 -26.395 3.4545
105.205 -26.5385 3.44908 0.0822573 104.79 -26.395 3.4545
104.881 -26.5164 3.45098 3.06316 104.79 -26.395 3.4545
105.034 -26.477 3.45381 2.07834 104.79 -26.395 3.4545
104.97 -26.0693 3.45903 0.0551003 104.79 -26.395 3.4545
104.822 -26.4587 3.45743 4.16583 104.79 -26.395 3.4545
104.948 -26.4121 3.4576 3.10064 104.79 -26.395 3.4545
104.874 -26.234 3.46047 0.661232 104.79 -26.395 3.4545
105.054 -26.4756 3.46118 0.97267 104.79 -26.395 3.4545
104.701 -26.4146 3.46086 1.08022 104.79 -26.395 3.4545
104.969 -26.6028 3.46184 0.90427 104.79 -26.395 3.4545
105.086 -26.2538 3.45101 0.126005 104.79 -26.395 3.4545
104.822 -26.4587 3.45743 4.16583 104.79 -26.395 3.4545
104.829 -26.182 3.45768 0.465055 104.79 -26.395 3.4545
105.089 -26.054 3.45532 0.0131717 104.79 -26.395 3.4545
104.557 -26.618 3.44717 0.210368 104.79 -26.395 3.4545
104.701 -26.4146 3.46086 1.08022 104.79 -26.395 3.4545
105.143 -26.2007 3.45267 0.049887 104.79 -26.395 3.4545
104.881 -26.5164 3.45098 3.06316 104.79 -26.395 3.4545
104.881 -26.2752 3.4596 1.16209 104.79 -26.395 3.4545
104.676 -26.3193 3.45348 0.982597 104.79 -26.395 3.4545
105.046 -26.6124 3.46123 0.663511 104.79 -26.395 3.4545
104.97 -26.6341 3.45714 2.33353 104.79 -26.395 3.4545
104.944 -26.4614 3.45576 3.94492 104.79 -26.395 3.4545
104.522 -26.5655 3.44938 0.274134 104.79 -26.395 3.4545
104.648 -26.3799 3.45411 1.32893 104.79 -26.395 3.4545
104.701 -26.4146 3.46086 1.08022 104.79 -26.395 3.4545
104.944 -26.4614 3.45576 3.94492 104.79 -26.395 3.4545
104.733 -26.4961 3.45266 3.26957 104.79 -26.395 3.4545
104.522 -26.5655 3.44938 0.274134 104.79 -26.395 3.4545
104.749 -26.4266 3.45532 3.41948 104.79 -26.395 3.4545
104.794 -26.5007 3.45908 3.06817 104.79 -26.395 3.4545
104.944 -26.4614 3.45576 3.94492 104.79 -26.395 3.4545
104.676 -26.3193 3.45348 0.982597 104.79 -26.395 3.4545
105.054 -26.4756 3.46118 0.97267 104.79 -26.395 3.4545
104.749 -26.4266 3.45532 3.41948 104.79 -26.395 3.4545
104.822 -26.4587 3.45743 4.16583 104.79 -26.395 3.4545
104.754 -26.4825 3.4524 3.36331 104.79 -26.395 3.4545
105.046 -26.6124 3.46123 0.663511 104.79 -26.395 3.4545
104.754 -26.4825 3.4524 3.36331 104.79 -26.395 3.4545
104.874 -26.234 3.46047 0.661232 104.79 -26.395 3.4545
104.733 -26.4961 3.45266 3.26957 104.79 -26.395 3.4545
104.676 -26.3193 3.45348 0.982597 104.79 -26.395 3.4545
104.895 -26.5783 3.46274 0.878932 104.79 -26.395 3.4545
104.749 -26.4266 3.45532 3.41948 104.79 -26.395 3.4545
104.877 -26.6184 3.46196 0.954874 104.79 -26.395 3.4545
104.753 -26.2839 3.4598 0.916235 104.79 -26.395 3.4545
104.749 -26.4266 3.45532 3.41948 104.79 -26.395 3.4545
104.754 -26.4825 3.4524 3.36331 104.79 -26.395 3.4545
104.858 -26.534 3.46183 1.49132 104.79 -26.395 3.4545
104.676 -26.3193 3.45348 0.982597 104.79 -26.395 3.4545
104.97 -26.6341 3.45714 2.33353 104.79 -26.395 3.4545
104.536 -26.4438 3.4578 0.390978 104.79 -26.395 3.4545
104.733 -26.4961 3.45266 3.26957 104.79 -26.395 3.4545
104.754 -26.4825 3.4524 3.36331 104.79 -26.395 3.4545
105.034 -26.477 3.45381 2.07834 104.79 -26.395 3.4545
104.749 -26.4266 3.45532 3.41948 104.79 -26.395 3.4545
104.753 -26.2839 3.4598 0.916235 104.79 -26.395 3.4545
104.877 -26.6184 3.46196 0.954874 104.79 -26.395 3.4545
104.794 -26.5007 3.45908 3.06817 104.79 -26.395 3.4545
104.888 -26.4164 3.46119 1.87675 104.79 -26.395 3.4545
104.676 -26.3193 3.45348 0.982597 104.79 -26.395 3.4545
104.397 -26.7702 3.45328 0.0153646 104.79 -26.395 3.4545
104.508 -26.5936 3.45417 0.349771 104.79 -26.395 3.4545
105.185 -26.5866 3.46097 0.183243 104.79 -26.395 3.4545
104.701 -26.4146 3.46086 1.08022 104.79 -26.395 3.4545
104.822 -26.4587 3.45743 4.16583 104.79 -26.395 3.4545
104.882 -26.4132 3.46151 1.69767 104.79 -26.395 3.4545
105.185 -26.5866 3.46097 0.183243 104.79 -26.395 3.4545
105.034 -26.477 3.45381 2.07834 104.79 -26.395 3.4545
