267.708 -13.3115 3.83076 0.00894589 267.9 -13.427 3.836
267.898 -13.4719 3.83827 0.023407 267.9 -13.427 3.836
267.928 -13.5144 3.83533 0.0344851 267.9 -13.427 3.836
267.836 -13.5283 3.82758 0.00435662 267.9 -13.427 3.836
267.838 -13.4745 3.8323 0.0268174 267.9 -13.427 3.836
267.959 -13.4483 3.83147 0.0174212 267.9 -13.427 3.836
267.922 -13.5046 3.83 0.0091766 267.9 -13.427 3.836
267.951 -13.4064 3.8352 0.0457153 267.9 -13.427 3.836
267.898 -13.4719 3.83827 0.023407 267.9 -13.427 3.836
268.014 -13.4243 3.83539 0.0434256 267.9 -13.427 3.836
268.172 -13.4176 3.83953 0.0414598 267.9 -13.427 3.836
267.747 -13.2787 3.83087 0.00919901 267.9 -13.427 3.836
268.316 -13.4249 3.84038 0.0103101 267.9 -13.427 3.836
267.928 -13.5144 3.83533 0.0344851 267.9 -13.427 3.836
268.172 -13.6018 3.84242 0.0250086 267.9 -13.427 3.836
267.86 -13.3462 3.8321 0.0254901 267.9 -13.427 3.836
267.86 -13.3462 3.8321 0.0254901 267.9 -13.427 3.836
267.951 -13.4064 3.8352 0.0457153 267.9 -13.427 3.836
267.928 -13.5144 3.83533 0.0344851 267.9 -13.427 3.836
268.066 -13.5059 3.83089 0.00233485 267.9 -13.427 3.836
268.355 -13.2565 3.84903 0.00293642 267.9 -13.427 3.836
267.86 -13.3462 3.8321 0.0254901 267.9 -13.427 3.836
267.959 -13.4483 3.83147 0.0174212 267.9 -13.427 3.836
267.561 -13.5021 3.83138 0.000770563 267.9 -13.427 3.836
268.014 -13.4243 3.83539 0.0434256 267.9 -13.427 3.836
267.708 -13.3115 3.83076 0.00894589 267.9 -13.427 3.836
268.316 -13.4249 3.84038 0.0103101 267.9 -13.427 3.836
267.86 -13.3462 3.8321 0.0254901 267.9 -13.427 3.836
268.014 -13.4243 3.83539 0.0434256 267.9 -13.427 3.836
268.316 -13.4249 3.84038 0.0103101 267.9 -13.427 3.836
267.8 -13.4456 3.83379 0.0225617 267.9 -13.427 3.836
267.922 -13.5046 3.83 0.0091766 267.9 -13.427 3.836
268.316 -13.4249 3.84038 0.0103101 267.9 -13.427 3.836
267.959 -13.4483 3.83147 0.0174212 267.9 -13.427 3.836
268.014 -13.4243 3.83539 0.0434256 267.9 -13.427 3.836
267.8 -13.4456 3.83379 0.0225617 267.9 -13.427 3.836
267.838 -13.4745 3.8323 0.0268174 267.9 -13.427 3.836
267.951 -13.4064 3.8352 0.0457153 267.9 -13.427 3.836
267.951 -13.4064 3.8352 0.0457153 267.9 -13.427 3.836
267.951 -13.4064 3.8352 0.0457153 267.9 -13.427 3.836
268.033 -13.1633 3.83901 0.00244834 267.9 -13.427 3.836
267.8 -13.4456 3.83379 0.0225617 267.9 -13.427 3.836
267.836 -13.5283 3.82758 0.00435662 267.9 -13.427 3.836
267.922 -13.5046 3.83 0.0091766 267.9 -13.427 3.836
267.901 -13.2499 3.83054 0.00703899 267.9 -13.427 3.836
267.85 -13.6735 3.83566 0.0028334 267.9 -13.427 3.836
267.782 -13.5108 3.83016 0.0137943 267.9 -13.427 3.836
267.838 -13.4745 3.8323 0.0268174 267.9 -13.427 3.836
267.951 -13.4064 3.8352 0.0457153 267.9 -13.427 3.836
267.928 -13.5144 3.83533 0.0344851 267.9 -13.427 3.836
268.01 -13.1578 3.84033 0.00141225 267.9 -13.427 3.836
267.883 -13.6155 3.83891 0.00523953 267.9 -13.427 3.836
267.922 -13.5046 3.83 0.0091766 267.9 -13.427 3.836
267.951 -13.4064 3.8352 0.0457153 267.9 -13.427 3.836
268.172 -13.4176 3.83953 0.0414598 267.9 -13.427 3.836
267.687 -13.2794 3.82778 0.00620603 267.9 -13.427 3.836
267.959 -13.4483 3.83147 0.0174212 267.9 -13.427 3.836
268.014 -13.4243 3.83539 0.0434256 267.9 -13.427 3.836
268.172 -13.4176 3.83953 0.0414598 267.9 -13.427 3.836
267.973 -13.4475 3.8302 0.00812475 267.9 -13.427 3.836
268.172 -13.6018 3.84242 0.0250086 267.9 -13.427 3.836
267.915 -13.3598 3.83536 0.0355223 267.9 -13.427 3.836
267.838 -13.4745 3.8323 0.0268174 267.9 -13.427 3.836
267.8 -13.4456 3.83379 0.0225617 267.9 -13.427 3.836
267.915 -13.3598 3.83536 0.0355223 267.9 -13.427 3.836
267.928 -13.5144 3.83533 0.0344851 267.9 -13.427 3.836
267.901 -13.2499 3.83054 0.00703899 267.9 -13.427 3.836
268.148 -13.3435 3.83392 0.00443457 267.9 -13.427 3.836
267.617 -13.3505 3.82049 0.000856783 267.9 -13.427 3.836
267.974 -13.4512 3.83163 0.0163891 267.9 -13.427 3.836
267.86 -13.3462 3.8321 0.0254901 267.9 -13.427 3.836
267.838 -13.4745 3.8323 0.0268174 267.9 -13.427 3.836
267.86 -13.3462 3.8321 0.0254901 267.9 -13.427 3.836
267.915 -13.3598 3.83536 0.0355223 267.9 -13.427 3.836
268.316 -13.4249 3.84038 0.0103101 267.9 -13.427 3.836
268.172 -13.4176 3.83953 0.0414598 267.9 -13.427 3.836
267.539 -13.5301 3.82992 0.000656853 267.9 -13.427 3.836
268.316 -13.4249 3.84038 0.0103101 267.9 -13.427 3.836
267.959 -13.4483 3.83147 0.0174212 267.9 -13.427 3.836
268.172 -13.4176 3.83953 0.0414598 267.9 -13.427 3.836
267.86 -13.3462 3.8321 0.0254901 267.9 -13.427 3.836
267.838 -13.4745 3.8323 0.0268174 267.9 -13.427 3.836
267.973 -13.4475 3.8302 0.00812475 267.9 -13.427 3.836
267.647 -13.4224 3.82348 0.00307785 267.9 -13.427 3.836
267.815 -13.7192 3.83818 0.000384863 267.9 -13.427 3.836
267.959 -13.4483 3.83147 0.0174212 267.9 -13.427 3.836
267.708 -13.3115 3.83076 0.00894589 267.9 -13.427 3.836
267.928 -13.5144 3.83533 0.0344851 267.9 -13.427 3.836
267.974 -13.4512 3.83163 0.0163891 267.9 -13.427 3.836
268.172 -13.4176 3.83953 0.0414598 267.9 -13.427 3.836
267.951 -13.4064 3.8352 0.0457153 267.9 -13.427 3.836
268.172 -13.6018 3.84242 0.0250086 267.9 -13.427 3.836
267.708 -13.3115 3.83076 0.00894589 267.9 -13.427 3.836
267.898 -13.4719 3.83827 0.023407 267.9 -13.427 3.836
267.974 -13.4512 3.83163 0.0163891 267.9 -13.427 3.836
267.8 -13.4456 3.83379 0.0225617 267.9 -13.427 3.836
268.014 -13.4243 3.83539 0.0434256 267.9 -13.427 3.836
267.782 -13.5108 3.83016 0.0137943 267.9 -13.427 3.836
267.898 -13.4719 3.83827 0.023407 267.9 -13.427 3.836
268.172 -13.4176 3.83953 0.0414598 267.9 -13.427 3.836
267.951 -13.4064 3.8352 0.0457153 267.9 -13.427 3.836
267.86 -13.3462 3.8321 0.0254901 267.9 -13.427 3.836
267.815 -13.7192 3.83818 0.000384863 267.9 -13.427 3.836
267.8 -13.4456 3.83379 0.0225617 267.9 -13.427 3.836
268.172 -13.4176 3.83953 0.0414598 267.9 -13.427 3.836
267.838 -13.4745 3.8323 0.0268174 267.9 -13.427 3.836
267.708 -13.3115 3.83076 0.00894589 267.9 -13.427 3.836
267.928 -13.5144 3.83533 0.0344851 267.9 -13.427 3.836
267.708 -13.3115 3.83076 0.00894589 267.9 -13.427 3.836
267.928 -13.5144 3.83533 0.0344851 267.9 -13.427 3.836
267.838 -13.4745 3.8323 0.0268174 267.9 -13.427 3.836
267.974 -13.4512 3.83163 0.0163891 267.9 -13.427 3.836
267.922 -13.5046 3.83 0.0091766 267.9 -13.427 3.836
268.316 -13.4249 3.84038 0.0103101 267.9 -13.427 3.836
268.014 -13.4243 3.83539 0.0434256 267.9 -13.427 3.836
268.151 -13.7036 3.84502 0.00396297 267.9 -13.427 3.836
267.781 -13.3924 3.83615 0.00918265 267.9 -13.427 3.836
267.782 -13.5108 3.83016 0.0137943 267.9 -13.427 3.836
268.014 -13.4243 3.83539 0.0434256 267.9 -13.427 3.836
267.974 -13.4512 3.83163 0.0163891 267.9 -13.427 3.836
267.959 -13.4483 3.83147 0.0174212 267.9 -13.427 3.836
268.014 -13.4243 3.83539 0.0434256 267.9 -13.427 3.836
267.922 -13.5046 3.83 0.0091766 267.9 -13.427 3.836
268.344 -13.315 3.84214 0.00625068 267.9 -13.427 3.836
268.014 -13.4243 3.83539 0.0434256 267.9 -13.427 3.836
267.782 -13.5108 3.83016 0.0137943 267.9 -13.427 3.836
267.708 -13.3115 3.83076 0.00894589 267.9 -13.427 3.836
267.928 -13.5144 3.83533 0.0344851 267.9 -13.427 3.836
267.915 -13.3598 3.83536 0.0355223 267.9 -13.427 3.836
268.316 -13.4249 3.84038 0.0103101 267.9 -13.427 3.836
267.901 -13.2499 3.83054 0.00703899 267.9 -13.427 3.836
268.172 -13.4176 3.83953 0.0414598 267.9 -13.427 3.836
267.8 -13.4456 3.83379 0.0225617 267.9 -13.427 3.836
268.151 -13.7036 3.84502 0.00396297 267.9 -13.427 3.836
268.172 -13.6018 3.84242 0.0250086 267.9 -13.427 3.836
267.915 -13.3598 3.83536 0.0355223 267.9 -13.427 3.836
268.014 -13.4243 3.83539 0.0434256 267.9 -13.427 3.836
268.014 -13.4243 3.83539 0.0434256 267.9 -13.427 3.836
267.973 -13.4475 3.8302 0.00812475 267.9 -13.427 3.836
268.014 -13.4243 3.83539 0.0434256 267.9 -13.427 3.836
267.782 -13.5108 3.83016 0.0137943 267.9 -13.427 3.836
267.8 -13.4456 3.83379 0.0225617 267.9 -13.427 3.836
267.836 -13.5283 3.82758 0.00435662 267.9 -13.427 3.836
267.838 -13.4745 3.8323 0.0268174 267.9 -13.427 3.836
267.747 -13.2787 3.83087 0.00919901 267.9 -13.427 3.836
268.172 -13.6018 3.84242 0.0250086 267.9 -13.427 3.836
267.974 -13.4512 3.83163 0.0163891 267.9 -13.427 3.836
268.172 -13.4176 3.83953 0.0414598 267.9 -13.427 3.836
268.196 -13.7085 3.84177 0.00445818 267.9 -13.427 3.836
267.781 -13.3924 3.83615 0.00918265 267.9 -13.427 3.836
267.919 -13.6663 3.83096 0.0016167 267.9 -13.427 3.836
267.826 -13.3203 3.83663 0.00960549 267.9 -13.427 3.836
267.898 -13.4719 3.83827 0.023407 267.9 -13.427 3.836
267.928 -13.5144 3.83533 0.0344851 267.9 -13.427 3.836
267.928 -13.5144 3.83533 0.0344851 267.9 -13.427 3.836
267.822 -13.3649 3.84442 6.06115e-05 267.9 -13.427 3.836
267.951 -13.4064 3.8352 0.0457153 267.9 -13.427 3.836
267.86 -13.3462 3.8321 0.0254901 267.9 -13.427 3.836
268.172 -13.6018 3.84242 0.0250086 267.9 -13.427 3.836
267.8 -13.4456 3.83379 0.0225617 267.9 -13.427 3.836
267.465 -13.2616 3.82195 0.000689705 267.9 -13.427 3.836
267.928 -13.5144 3.83533 0.0344851 267.9 -13.427 3.836
267.86 -13.3462 3.8321 0.0254901 267.9 -13.427 3.836
267.928 -13.5144 3.83533 0.0344851 267.9 -13.427 3.836
268.552 -13.4113 3.85095 0.00510277 267.9 -13.427 3.836
268.148 -13.3435 3.83392 0.00443457 267.9 -13.427 3.836
267.782 -13.5108 3.83016 0.0137943 267.9 -13.427 3.836
267.973 -13.4475 3.8302 0.00812475 267.9 -13.427 3.836
267.915 -13.3598 3.83536 0.0355223 267.9 -13.427 3.836
268.552 -13.4113 3.85095 0.00510277 267.9 -13.427 3.836
267.915 -13.3598 3.83536 0.0355223 267.9 -13.427 3.836
267.838 -13.4745 3.8323 0.0268174 267.9 -13.427 3.836
267.915 -13.3598 3.83536 0.0355223 267.9 -13.427 3.836
268.148 -13.3435 3.83392 0.00443457 267.9 -13.427 3.836
268.014 -13.4243 3.83539 0.0434256 267.9 -13.427 3.836
267.898 -13.4719 3.83827 0.023407 267.9 -13.427 3.836
267.782 -13.5108 3.83016 0.0137943 267.9 -13.427 3.836
267.708 -13.3115 3.83076 0.00894589 267.9 -13.427 3.836
267.951 -13.4064 3.8352 0.0457153 267.9 -13.427 3.836
267.959 -13.4483 3.83147 0.0174212 267.9 -13.427 3.836
267.901 -13.2499 3.83054 0.00703899 267.9 -13.427 3.836
267.974 -13.4512 3.83163 0.0163891 267.9 -13.427 3.836
267.951 -13.4064 3.8352 0.0457153 267.9 -13.427 3.836
267.86 -13.3462 3.8321 0.0254901 267.9 -13.427 3.836
268.172 -13.6018 3.84242 0.0250086 267.9 -13.427 3.836
267.687 -13.2794 3.82778 0.00620603 267.9 -13.427 3.836
267.928 -13.5144 3.83533 0.0344851 267.9 -13.427 3.836
267.973 -13.4475 3.8302 0.00812475 267.9 -13.427 3.836
267.838 -13.4745 3.8323 0.0268174 267.9 -13.427 3.836
268.014 -13.4243 3.83539 0.0434256 267.9 -13.427 3.836
267.838 -13.4745 3.8323 0.0268174 267.9 -13.427 3.836
268.172 -13.6018 3.84242 0.0250086 267.9 -13.427 3.836
267.959 -13.4483 3.83147 0.0174212 267.9 -13.427 3.836
267.898 -13.4719 3.83827 0.023407 267.9 -13.427 3.836
267.951 -13.4064 3.8352 0.0457153 267.9 -13.427 3.836
268.172 -13.4176 3.83953 0.0414598 267.9 -13.427 3.836
267.951 -13.4064 3.8352 0.0457153 267.9 -13.427 3.836
267.951 -13.4064 3.8352 0.0457153 267.9 -13.427 3.836
267.8 -13.4456 3.83379 0.0225617 267.9 -13.427 3.836
267.85 -13.6735 3.83566 0.0028334 267.9 -13.427 3.836
