173.168 -10.2943 3.21391 0.00546487 173.52 -10.291 3.219
173.48 -10.1741 3.2165 0.053242 173.52 -10.291 3.219
173.498 -10.1692 3.21878 0.0556789 173.52 -10.291 3.219
173.292 -10.1047 3.21489 0.0246962 173.52 -10.291 3.219
173.292 -10.1402 3.21759 0.0259365 173.52 -10.291 3.219
173.352 -10.0524 3.21567 0.0223756 173.52 -10.291 3.219
173.48 -10.1741 3.2165 0.053242 173.52 -10.291 3.219
173.299 -10.0547 3.21277 0.0117778 173.52 -10.291 3.219
173.534 -10.3131 3.21898 0.0303987 173.52 -10.291 3.219
173.328 -10.1975 3.21761 0.0423979 173.52 -10.291 3.219
173.59 -10.1262 3.22234 0.0184111 173.52 -10.291 3.219
173.48 -10.1741 3.2165 0.053242 173.52 -10.291 3.219
173.498 -10.1692 3.21878 0.0556789 173.52 -10.291 3.219
173.496 -10.1268 3.21849 0.047036 173.52 -10.291 3.219
173.437 -10.1518 3.20617 0.000215015 173.52 -10.291 3.219
173.48 -10.1741 3.2165 0.053242 173.52 -10.291 3.219
173.358 -10.23 3.21912 0.0402472 173.52 -10.291 3.219
173.328 -10.1975 3.21761 0.0423979 173.52 -10.291 3.219
173.48 -10.1741 3.2165 0.053242 173.52 -10.291 3.219
173.498 -10.1692 3.21878 0.0556789 173.52 -10.291 3.219
173.352 -10.0524 3.21567 0.0223756 173.52 -10.291 3.219
173.603 -10.2606 3.2164 0.0141249 173.52 -10.291 3.219
173.358 -10.23 3.21912 0.0402472 173.52 -10.291 3.219
173.555 -10.3241 3.2201 0.023364 173.52 -10.291 3.219
173.496 -10.1268 3.21849 0.047036 173.52 -10.291 3.219
173.48 -10.1741 3.2165 0.053242 173.52 -10.291 3.219
173.498 -10.1692 3.21878 0.0556789 173.52 -10.291 3.219
173.299 -10.0547 3.21277 0.0117778 173.52 -10.291 3.219
173.555 -10.3241 3.2201 0.023364 173.52 -10.291 3.219
173.328 -10.1975 3.21761 0.0423979 173.52 -10.291 3.219
173.496 -10.1268 3.21849 0.047036 173.52 -10.291 3.219
173.498 -10.1692 3.21878 0.0556789 173.52 -10.291 3.219
173.498 -10.1692 3.21878 0.0556789 173.52 -10.291 3.219
173.498 -10.1692 3.21878 0.0556789 173.52 -10.291 3.219
173.292 -10.1047 3.21489 0.0246962 173.52 -10.291 3.219
173.35 -10.4056 3.22061 0.00506405 173.52 -10.291 3.219
173.352 -10.0524 3.21567 0.0223756 173.52 -10.291 3.219
173.48 -10.1741 3.2165 0.053242 173.52 -10.291 3.219
173.496 -10.1268 3.21849 0.047036 173.52 -10.291 3.219
173.48 -10.1741 3.2165 0.053242 173.52 -10.291 3.219
173.342 -10.0619 3.21864 0.0186234 173.52 -10.291 3.219
173.355 -10.2661 3.21506 0.0426794 173.52 -10.291 3.219
173.534 -10.3131 3.21898 0.0303987 173.52 -10.291 3.219
173.59 -10.1262 3.22234 0.0184111 173.52 -10.291 3.219
173.555 -10.3241 3.2201 0.023364 173.52 -10.291 3.219
173.328 -10.1975 3.21761 0.0423979 173.52 -10.291 3.219
173.534 -10.3131 3.21898 0.0303987 173.52 -10.291 3.219
173.48 -10.1741 3.2165 0.053242 173.52 -10.291 3.219
173.328 -10.1975 3.21761 0.0423979 173.52 -10.291 3.219
173.358 -10.23 3.21912 0.0402472 173.52 -10.291 3.219
173.358 -10.23 3.21912 0.0402472 173.52 -10.291 3.219
173.352 -10.0524 3.21567 0.0223756 173.52 -10.291 3.219
173.48 -10.1741 3.2165 0.053242 173.52 -10.291 3.219
173.352 -10.0524 3.21567 0.0223756 173.52 -10.291 3.219
173.555 -10.3241 3.2201 0.023364 173.52 -10.291 3.219
173.603 -10.2606 3.2164 0.0141249 173.52 -10.291 3.219
173.292 -10.1402 3.21759 0.0259365 173.52 -10.291 3.219
173.534 -10.3131 3.21898 0.0303987 173.52 -10.291 3.219
173.48 -10.1741 3.2165 0.053242 173.52 -10.291 3.219
173.292 -10.1047 3.21489 0.0246962 173.52 -10.291 3.219
173.48 -10.1741 3.2165 0.053242 173.52 -10.291 3.219
173.496 -10.1268 3.21849 0.047036 173.52 -10.291 3.219
173.496 -10.1268 3.21849 0.047036 173.52 -10.291 3.219
173.342 -10.0619 3.21864 0.0186234 173.52 -10.291 3.219
173.249 -10.0702 3.21756 0.00887987 173.52 -10.291 3.219
173.355 -10.2661 3.21506 0.0426794 173.52 -10.291 3.219
173.498 -10.1692 3.21878 0.0556789 173.52 -10.291 3.219
173.328 -10.1975 3.21761 0.0423979 173.52 -10.291 3.219
173.352 -10.0524 3.21567 0.0223756 173.52 -10.291 3.219
173.352 -10.0524 3.21567 0.0223756 173.52 -10.291 3.219
173.496 -10.1268 3.21849 0.047036 173.52 -10.291 3.219
173.249 -10.0702 3.21756 0.00887987 173.52 -10.291 3.219
173.328 -10.1975 3.21761 0.0423979 173.52 -10.291 3.219
173.498 -10.1692 3.21878 0.0556789 173.52 -10.291 3.219
173.162 -10.3335 3.21531 0.0031924 173.52 -10.291 3.219
173.48 -10.1741 3.2165 0.053242 173.52 -10.291 3.219
173.496 -10.1268 3.21849 0.047036 173.52 -10.291 3.219
173.328 -10.1975 3.21761 0.0423979 173.52 -10.291 3.219
173.435 -9.997 3.21457 0.0090364 173.52 -10.291 3.219
173.375 -10.0683 3.21296 0.0165446 173.52 -10.291 3.219
173.352 -10.0524 3.21567 0.0223756 173.52 -10.291 3.219
173.534 -10.2869 3.22455 0.00969782 173.52 -10.291 3.219
173.35 -10.4056 3.22061 0.00506405 173.52 -10.291 3.219
173.355 -10.2661 3.21506 0.0426794 173.52 -10.291 3.219
173.335 -10.4596 3.22117 0.00131671 173.52 -10.291 3.219
173.498 -10.1692 3.21878 0.0556789 173.52 -10.291 3.219
173.352 -10.0524 3.21567 0.0223756 173.52 -10.291 3.219
173.534 -10.2869 3.22455 0.00969782 173.52 -10.291 3.219
173.506 -10.2863 3.21349 0.0138578 173.52 -10.291 3.219
173.352 -10.0524 3.21567 0.0223756 173.52 -10.291 3.219
173.168 -10.2943 3.21391 0.00546487 173.52 -10.291 3.219
173.496 -10.1268 3.21849 0.047036 173.52 -10.291 3.219
173.496 -10.1268 3.21849 0.047036 173.52 -10.291 3.219
173.249 -10.0702 3.21756 0.00887987 173.52 -10.291 3.219
173.555 -10.3241 3.2201 0.023364 173.52 -10.291 3.219
173.358 -10.23 3.21912 0.0402472 173.52 -10.291 3.219
173.299 -10.0547 3.21277 0.0117778 173.52 -10.291 3.219
173.352 -10.0524 3.21567 0.0223756 173.52 -10.291 3.219
173.534 -10.3131 3.21898 0.0303987 173.52 -10.291 3.219
173.534 -10.3131 3.21898 0.0303987 173.52 -10.291 3.219
173.358 -10.23 3.21912 0.0402472 173.52 -10.291 3.219
173.48 -10.1741 3.2165 0.053242 173.52 -10.291 3.219
173.292 -10.1402 3.21759 0.0259365 173.52 -10.291 3.219
173.342 -10.0619 3.21864 0.0186234 173.52 -10.291 3.219
173.496 -10.1268 3.21849 0.047036 173.52 -10.291 3.219
173.292 -10.1047 3.21489 0.0246962 173.52 -10.291 3.219
173.48 -10.1741 3.2165 0.053242 173.52 -10.291 3.219
173.496 -10.1268 3.21849 0.047036 173.52 -10.291 3.219
173.462 -10.1334 3.21018 0.00403693 173.52 -10.291 3.219
173.328 -10.1975 3.21761 0.0423979 173.52 -10.291 3.219
173.534 -10.3131 3.21898 0.0303987 173.52 -10.291 3.219
173.48 -10.1741 3.2165 0.053242 173.52 -10.291 3.219
173.289 -10.4178 3.21852 0.00394647 173.52 -10.291 3.219
173.218 -10.2969 3.21323 0.0102008 173.52 -10.291 3.219
173.342 -10.0619 3.21864 0.0186234 173.52 -10.291 3.219
173.498 -10.1692 3.21878 0.0556789 173.52 -10.291 3.219
173.498 -10.1692 3.21878 0.0556789 173.52 -10.291 3.219
173.35 -10.4056 3.22061 0.00506405 173.52 -10.291 3.219
173.35 -10.4056 3.22061 0.00506405 173.52 -10.291 3.219
173.498 -10.1692 3.21878 0.0556789 173.52 -10.291 3.219
173.498 -10.1692 3.21878 0.0556789 173.52 -10.291 3.219
173.355 -10.2661 3.21506 0.0426794 173.52 -10.291 3.219
173.555 -10.3241 3.2201 0.023364 173.52 -10.291 3.219
173.328 -10.1975 3.21761 0.0423979 173.52 -10.291 3.219
173.292 -10.1047 3.21489 0.0246962 173.52 -10.291 3.219
173.534 -10.3131 3.21898 0.0303987 173.52 -10.291 3.219
173.498 -10.1692 3.21878 0.0556789 173.52 -10.291 3.219
173.355 -10.2661 3.21506 0.0426794 173.52 -10.291 3.219
173.328 -10.1975 3.21761 0.0423979 173.52 -10.291 3.219
173.534 -10.3131 3.21898 0.0303987 173.52 -10.291 3.219
173.534 -10.3131 3.21898 0.0303987 173.52 -10.291 3.219
173.375 -10.0683 3.21296 0.0165446 173.52 -10.291 3.219
173.328 -10.1975 3.21761 0.0423979 173.52 -10.291 3.219
173.355 -10.2661 3.21506 0.0426794 173.52 -10.291 3.219
173.358 -10.23 3.21912 0.0402472 173.52 -10.291 3.219
173.218 -10.2969 3.21323 0.0102008 173.52 -10.291 3.219
173.218 -10.2969 3.21323 0.0102008 173.52 -10.291 3.219
173.355 -10.2661 3.21506 0.0426794 173.52 -10.291 3.219
173.506 -10.2863 3.21349 0.0138578 173.52 -10.291 3.219
173.292 -10.1047 3.21489 0.0246962 173.52 -10.291 3.219
173.665 -10.3037 3.22676 0.00190496 173.52 -10.291 3.219
173.292 -10.1047 3.21489 0.0246962 173.52 -10.291 3.219
173.59 -10.1262 3.22234 0.0184111 173.52 -10.291 3.219
173.328 -10.1975 3.21761 0.0423979 173.52 -10.291 3.219
173.222 -10.0755 3.20927 0.00277562 173.52 -10.291 3.219
173.328 -10.1975 3.21761 0.0423979 173.52 -10.291 3.219
173.555 -10.3241 3.2201 0.023364 173.52 -10.291 3.219
173.496 -10.1268 3.21849 0.047036 173.52 -10.291 3.219
173.168 -10.2943 3.21391 0.00546487 173.52 -10.291 3.219
173.498 -10.1692 3.21878 0.0556789 173.52 -10.291 3.219
173.498 -10.1692 3.21878 0.0556789 173.52 -10.291 3.219
173.534 -10.3131 3.21898 0.0303987 173.52 -10.291 3.219
173.534 -10.3131 3.21898 0.0303987 173.52 -10.291 3.219
173.555 -10.3241 3.2201 0.023364 173.52 -10.291 3.219
173.496 -10.1268 3.21849 0.047036 173.52 -10.291 3.219
173.454 -10.126 3.22565 0.00360363 173.52 -10.291 3.219
173.355 -10.2661 3.21506 0.0426794 173.52 -10.291 3.219
173.498 -10.1692 3.21878 0.0556789 173.52 -10.291 3.219
173.292 -10.1047 3.21489 0.0246962 173.52 -10.291 3.219
173.292 -10.1402 3.21759 0.0259365 173.52 -10.291 3.219
173.218 -10.2969 3.21323 0.0102008 173.52 -10.291 3.219
173.375 -10.0683 3.21296 0.0165446 173.52 -10.291 3.219
173.48 -10.1741 3.2165 0.053242 173.52 -10.291 3.219
173.292 -10.1402 3.21759 0.0259365 173.52 -10.291 3.219
173.299 -10.0547 3.21277 0.0117778 173.52 -10.291 3.219
173.506 -10.2863 3.21349 0.0138578 173.52 -10.291 3.219
173.342 -10.0619 3.21864 0.0186234 173.52 -10.291 3.219
173.328 -10.1975 3.21761 0.0423979 173.52 -10.291 3.219
173.358 -10.23 3.21912 0.0402472 173.52 -10.291 3.219
173.299 -10.0547 3.21277 0.0117778 173.52 -10.291 3.219
173.48 -10.1741 3.2165 0.053242 173.52 -10.291 3.219
173.496 -10.1268 3.21849 0.047036 173.52 -10.291 3.219
173.375 -10.0683 3.21296 0.0165446 173.52 -10.291 3.219
173.168 -10.2943 3.21391 0.00546487 173.52 -10.291 3.219
173.352 -10.0524 3.21567 0.0223756 173.52 -10.291 3.219
173.328 -10.1975 3.21761 0.0423979 173.52 -10.291 3.219
173.534 -10.3131 3.21898 0.0303987 173.52 -10.291 3.219
173.498 -10.1692 3.21878 0.0556789 173.52 -10.291 3.219
173.48 -10.1741 3.2165 0.053242 173.52 -10.291 3.219
173.355 -10.2661 3.21506 0.0426794 173.52 -10.291 3.219
173.48 -10.1741 3.2165 0.053242 173.52 -10.291 3.219
173.59 -10.1262 3.22234 0.0184111 173.52 -10.291 3.219
173.292 -10.1047 3.21489 0.0246962 173.52 -10.291 3.219
173.59 -10.1262 3.22234 0.0184111 173.52 -10.291 3.219
173.534 -10.3131 3.21898 0.0303987 173.52 -10.291 3.219
173.358 -10.23 3.21912 0.0402472 173.52 -10.291 3.219
173.358 -10.23 3.21912 0.0402472 173.52 -10.291 3.219
173.534 -10.2869 3.22455 0.00969782 173.52 -10.291 3.219
173.292 -10.1402 3.21759 0.0259365 173.52 -10.291 3.219
173.358 -10.23 3.21912 0.0402472 173.52 -10.291 3.219
173.342 -10.0619 3.21864 0.0186234 173.52 -10.291 3.219
173.506 -10.2863 3.21349 0.0138578 173.52 -10.291 3.219
173.498 -10.1692 3.21878 0.0556789 173.52 -10.291 3.219
173.292 -10.1402 3.21759 0.0259365 173.52 -10.291 3.219
173.496 -10.1268 3.21849 0.047036 173.52 -10.291 3.219
173.249 -10.0702 3.21756 0.00887987 173.52 -10.291 3.219
173.249 -10.0702 3.21756 0.00887987 173.52 -10.291 3.219
173.292 -10.1047 3.21489 0.0246962 173.52 -10.291 3.219
173.498 -10.1692 3.21878 0.0556789 173.52 -10.291 3.219
173.358 -10.23 3.21912 0.0402472 173.52 -10.291 3.219
