211.882 -10.1197 3.00237 3.11538 212.18 -10.323 3.0101
212.109 -10.0588 3.00581 7.52746 212.18 -10.323 3.0101
212.336 -10.1576 3.01309 1.18844 212.18 -10.323 3.0101
212.041 -10.1469 3.00632 8.16628 212.18 -10.323 3.0101
212.355 -10.0689 3.00871 1.13588 212.18 -10.323 3.0101
212.041 -10.1469 3.00632 8.16628 212.18 -10.323 3.0101
211.985 -10.134 3.00826 4.96758 212.18 -10.323 3.0101
212.041 -10.1469 3.00632 8.16628 212.18 -10.323 3.0101
212.175 -10.1006 3.00723 6.90242 212.18 -10.323 3.0101
212.15 -9.98064 3.01064 3.28262 212.18 -10.323 3.0101
212.144 -10.1437 3.00651 7.16116 212.18 -10.323 3.0101
212.109 -10.0588 3.00581 7.52746 212.18 -10.323 3.0101
212.081 -10.005 3.0022 2.4517 212.18 -10.323 3.0101
212.041 -10.1469 3.00632 8.16628 212.18 -10.323 3.0101
212.109 -10.0588 3.00581 7.52746 212.18 -10.323 3.0101
212.077 -10.1116 3.00543 8.25242 212.18 -10.323 3.0101
211.985 -10.134 3.00826 4.96758 212.18 -10.323 3.0101
212.1 -10.3234 3.00977 1.29232 212.18 -10.323 3.0101
211.985 -10.134 3.00826 4.96758 212.18 -10.323 3.0101
212.11 -10.3753 3.0077 0.738695 212.18 -10.323 3.0101
212.355 -10.0689 3.00871 1.13588 212.18 -10.323 3.0101
212.109 -10.0588 3.00581 7.52746 212.18 -10.323 3.0101
212.041 -10.1469 3.00632 8.16628 212.18 -10.323 3.0101
212.109 -10.0588 3.00581 7.52746 212.18 -10.323 3.0101
212.15 -9.98064 3.01064 3.28262 212.18 -10.323 3.0101
211.885 -10.3475 3.00392 0.487781 212.18 -10.323 3.0101
212.107 -10.195 3.00929 5.47042 212.18 -10.323 3.0101
212.041 -10.1469 3.00632 8.16628 212.18 -10.323 3.0101
211.888 -10.0024 3.00799 1.34415 212.18 -10.323 3.0101
212.109 -10.0588 3.00581 7.52746 212.18 -10.323 3.0101
212.109 -10.0588 3.00581 7.52746 212.18 -10.323 3.0101
212.15 -9.98064 3.01064 3.28262 212.18 -10.323 3.0101
212.175 -10.1006 3.00723 6.90242 212.18 -10.323 3.0101
212.175 -10.1006 3.00723 6.90242 212.18 -10.323 3.0101
212.206 -9.9253 3.00882 2.08451 212.18 -10.323 3.0101
212.17 -9.93946 3.00683 2.80979 212.18 -10.323 3.0101
212.077 -10.1116 3.00543 8.25242 212.18 -10.323 3.0101
212.077 -10.1116 3.00543 8.25242 212.18 -10.323 3.0101
212.471 -10.1276 3.01334 0.202808 212.18 -10.323 3.0101
212.17 -9.93946 3.00683 2.80979 212.18 -10.323 3.0101
212.481 -10.1832 3.01452 0.12144 212.18 -10.323 3.0101
212.041 -10.1469 3.00632 8.16628 212.18 -10.323 3.0101
212.107 -10.195 3.00929 5.47042 212.18 -10.323 3.0101
212.065 -10.0304 3.00567 7.25633 212.18 -10.323 3.0101
212.13 -10.2687 3.01371 0.594862 212.18 -10.323 3.0101
212.201 -10.0317 3.01229 2.69893 212.18 -10.323 3.0101
212.175 -10.1006 3.00723 6.90242 212.18 -10.323 3.0101
211.888 -10.0024 3.00799 1.34415 212.18 -10.323 3.0101
211.888 -10.0024 3.00799 1.34415 212.18 -10.323 3.0101
212.077 -10.1116 3.00543 8.25242 212.18 -10.323 3.0101
212.15 -9.98064 3.01064 3.28262 212.18 -10.323 3.0101
211.882 -10.1197 3.00237 3.11538 212.18 -10.323 3.0101
212.081 -10.005 3.0022 2.4517 212.18 -10.323 3.0101
212.15 -9.98064 3.01064 3.28262 212.18 -10.323 3.0101
212.041 -10.1469 3.00632 8.16628 212.18 -10.323 3.0101
211.888 -10.0024 3.00799 1.34415 212.18 -10.323 3.0101
212.077 -10.1116 3.00543 8.25242 212.18 -10.323 3.0101
211.978 -9.92297 3.01094 0.562191 212.18 -10.323 3.0101
211.978 -10.3253 3.00822 0.945235 212.18 -10.323 3.0101
212.041 -10.1469 3.00632 8.16628 212.18 -10.323 3.0101
212.077 -10.2389 3.0069 4.85748 212.18 -10.323 3.0101
212.107 -10.195 3.00929 5.47042 212.18 -10.323 3.0101
212.17 -9.93946 3.00683 2.80979 212.18 -10.323 3.0101
212.107 -10.195 3.00929 5.47042 212.18 -10.323 3.0101
211.786 -10.0548 3.00058 0.885912 212.18 -10.323 3.0101
211.985 -10.134 3.00826 4.96758 212.18 -10.323 3.0101
212.081 -10.005 3.0022 2.4517 212.18 -10.323 3.0101
212.13 -10.021 3.0116 3.08831 212.18 -10.323 3.0101
212.077 -10.1116 3.00543 8.25242 212.18 -10.323 3.0101
212.201 -10.0317 3.01229 2.69893 212.18 -10.323 3.0101
212.144 -10.1437 3.00651 7.16116 212.18 -10.323 3.0101
211.985 -10.134 3.00826 4.96758 212.18 -10.323 3.0101
212.065 -10.0304 3.00567 7.25633 212.18 -10.323 3.0101
212.107 -10.195 3.00929 5.47042 212.18 -10.323 3.0101
212.065 -10.0304 3.00567 7.25633 212.18 -10.323 3.0101
212.175 -10.1006 3.00723 6.90242 212.18 -10.323 3.0101
212.191 -10.3513 3.01077 0.670117 212.18 -10.323 3.0101
212.109 -10.0588 3.00581 7.52746 212.18 -10.323 3.0101
212.13 -10.2687 3.01371 0.594862 212.18 -10.323 3.0101
212.065 -10.0304 3.00567 7.25633 212.18 -10.323 3.0101
212.077 -10.2389 3.0069 4.85748 212.18 -10.323 3.0101
212.054 -9.92702 2.99997 0.473475 212.18 -10.323 3.0101
212.077 -10.1116 3.00543 8.25242 212.18 -10.323 3.0101
212.206 -9.9253 3.00882 2.08451 212.18 -10.323 3.0101
212.144 -10.1437 3.00651 7.16116 212.18 -10.323 3.0101
212.109 -10.0588 3.00581 7.52746 212.18 -10.323 3.0101
212.107 -10.195 3.00929 5.47042 212.18 -10.323 3.0101
211.882 -10.1197 3.00237 3.11538 212.18 -10.323 3.0101
212.336 -10.1576 3.01309 1.18844 212.18 -10.323 3.0101
212.17 -9.93946 3.00683 2.80979 212.18 -10.323 3.0101
212.109 -10.0588 3.00581 7.52746 212.18 -10.323 3.0101
212.201 -10.0317 3.01229 2.69893 212.18 -10.323 3.0101
212.17 -9.93946 3.00683 2.80979 212.18 -10.323 3.0101
211.985 -10.134 3.00826 4.96758 212.18 -10.323 3.0101
211.978 -9.92297 3.01094 0.562191 212.18 -10.323 3.0101
211.962 -9.90856 3.00455 1.85902 212.18 -10.323 3.0101
212.292 -10.2699 3.01173 1.01327 212.18 -10.323 3.0101
211.962 -9.90856 3.00455 1.85902 212.18 -10.323 3.0101
212.065 -10.0304 3.00567 7.25633 212.18 -10.323 3.0101
212.175 -10.1006 3.00723 6.90242 212.18 -10.323 3.0101
211.898 -10.0092 3.00666 2.38477 212.18 -10.323 3.0101
212.065 -10.0304 3.00567 7.25633 212.18 -10.323 3.0101
212.1 -10.3234 3.00977 1.29232 212.18 -10.323 3.0101
212.041 -10.1469 3.00632 8.16628 212.18 -10.323 3.0101
212.109 -10.0588 3.00581 7.52746 212.18 -10.323 3.0101
212.13 -10.021 3.0116 3.08831 212.18 -10.323 3.0101
212.36 -10.11 3.01478 0.625425 212.18 -10.323 3.0101
212.109 -10.0588 3.00581 7.52746 212.18 -10.323 3.0101
212.041 -10.1469 3.00632 8.16628 212.18 -10.323 3.0101
212.077 -10.2389 3.0069 4.85748 212.18 -10.323 3.0101
212.336 -10.1576 3.01309 1.18844 212.18 -10.323 3.0101
212.041 -10.1469 3.00632 8.16628 212.18 -10.323 3.0101
212.15 -9.98064 3.01064 3.28262 212.18 -10.323 3.0101
212.081 -10.005 3.0022 2.4517 212.18 -10.323 3.0101
212.109 -10.0588 3.00581 7.52746 212.18 -10.323 3.0101
212.11 -10.3753 3.0077 0.738695 212.18 -10.323 3.0101
211.985 -10.134 3.00826 4.96758 212.18 -10.323 3.0101
212.13 -10.021 3.0116 3.08831 212.18 -10.323 3.0101
211.985 -10.134 3.00826 4.96758 212.18 -10.323 3.0101
212.041 -10.1469 3.00632 8.16628 212.18 -10.323 3.0101
212.13 -10.021 3.0116 3.08831 212.18 -10.323 3.0101
212.038 -10.3739 3.0115 0.216183 212.18 -10.323 3.0101
212.077 -10.2389 3.0069 4.85748 212.18 -10.323 3.0101
211.898 -10.0092 3.00666 2.38477 212.18 -10.323 3.0101
212.292 -10.2699 3.01173 1.01327 212.18 -10.323 3.0101
211.898 -10.0092 3.00666 2.38477 212.18 -10.323 3.0101
212.041 -10.1469 3.00632 8.16628 212.18 -10.323 3.0101
211.796 -10.2884 3.00163 0.382231 212.18 -10.323 3.0101
212.065 -10.0304 3.00567 7.25633 212.18 -10.323 3.0101
212.13 -10.2687 3.01371 0.594862 212.18 -10.323 3.0101
212.109 -10.0588 3.00581 7.52746 212.18 -10.323 3.0101
212.077 -10.1116 3.00543 8.25242 212.18 -10.323 3.0101
212.077 -10.1116 3.00543 8.25242 212.18 -10.323 3.0101
212.17 -9.93946 3.00683 2.80979 212.18 -10.323 3.0101
212.077 -10.1116 3.00543 8.25242 212.18 -10.323 3.0101
212.077 -10.1116 3.00543 8.25242 212.18 -10.323 3.0101
212.065 -10.0304 3.00567 7.25633 212.18 -10.323 3.0101
212.065 -10.0304 3.00567 7.25633 212.18 -10.323 3.0101
212.065 -10.0304 3.00567 7.25633 212.18 -10.323 3.0101
212.077 -10.2389 3.0069 4.85748 212.18 -10.323 3.0101
212.36 -10.11 3.01478 0.625425 212.18 -10.323 3.0101
211.985 -10.134 3.00826 4.96758 212.18 -10.323 3.0101
211.962 -9.90856 3.00455 1.85902 212.18 -10.323 3.0101
211.985 -10.134 3.00826 4.96758 212.18 -10.323 3.0101
212.107 -10.195 3.00929 5.47042 212.18 -10.323 3.0101
212.077 -10.1116 3.00543 8.25242 212.18 -10.323 3.0101
211.962 -9.90856 3.00455 1.85902 212.18 -10.323 3.0101
212.107 -10.195 3.00929 5.47042 212.18 -10.323 3.0101
212.191 -10.3513 3.01077 0.670117 212.18 -10.323 3.0101
211.888 -10.0024 3.00799 1.34415 212.18 -10.323 3.0101
212.13 -10.2687 3.01371 0.594862 212.18 -10.323 3.0101
212.016 -10.1621 3.01096 2.27533 212.18 -10.323 3.0101
212.077 -10.1116 3.00543 8.25242 212.18 -10.323 3.0101
212.081 -10.005 3.0022 2.4517 212.18 -10.323 3.0101
212.041 -10.1469 3.00632 8.16628 212.18 -10.323 3.0101
211.985 -10.134 3.00826 4.96758 212.18 -10.323 3.0101
212.15 -9.98064 3.01064 3.28262 212.18 -10.323 3.0101
212.081 -10.005 3.0022 2.4517 212.18 -10.323 3.0101
212.065 -10.0304 3.00567 7.25633 212.18 -10.323 3.0101
212.077 -10.1116 3.00543 8.25242 212.18 -10.323 3.0101
212.206 -9.9253 3.00882 2.08451 212.18 -10.323 3.0101
212.065 -10.0304 3.00567 7.25633 212.18 -10.323 3.0101
212.065 -10.0304 3.00567 7.25633 212.18 -10.323 3.0101
211.888 -10.0024 3.00799 1.34415 212.18 -10.323 3.0101
211.786 -10.0548 3.00058 0.885912 212.18 -10.323 3.0101
212.077 -10.1116 3.00543 8.25242 212.18 -10.323 3.0101
212.077 -10.2389 3.0069 4.85748 212.18 -10.323 3.0101
212.144 -10.1437 3.00651 7.16116 212.18 -10.323 3.0101
212.144 -10.1437 3.00651 7.16116 212.18 -10.323 3.0101
211.882 -10.1197 3.00237 3.11538 212.18 -10.323 3.0101
211.885 -10.3475 3.00392 0.487781 212.18 -10.323 3.0101
212.041 -10.1469 3.00632 8.16628 212.18 -10.323 3.0101
212.041 -10.1469 3.00632 8.16628 212.18 -10.323 3.0101
211.882 -10.1197 3.00237 3.11538 212.18 -10.323 3.0101
211.985 -10.134 3.00826 4.96758 212.18 -10.323 3.0101
212.065 -10.0304 3.00567 7.25633 212.18 -10.323 3.0101
211.882 -10.1197 3.00237 3.11538 212.18 -10.323 3.0101
211.985 -10.134 3.00826 4.96758 212.18 -10.323 3.0101
211.985 -10.134 3.00826 4.96758 212.18 -10.323 3.0101
212.041 -10.1469 3.00632 8.16628 212.18 -10.323 3.0101
212.23 -9.95246 3.01332 0.965062 212.18 -10.323 3.0101
212.077 -10.2389 3.0069 4.85748 212.18 -10.323 3.0101
212.065 -10.0304 3.00567 7.25633 212.18 -10.323 3.0101
212.11 -10.3753 3.0077 0.738695 212.18 -10.323 3.0101
212.065 -10.0304 3.00567 7.25633 212.18 -10.323 3.0101
211.996 -10.246 3.01028 1.45489 212.18 -10.323 3.0101
211.99 -10.2742 3.01238 0.332041 212.18 -10.323 3.0101
212.107 -9.91386 3.01283 0.594636 212.18 -10.323 3.0101
212.13 -10.2687 3.01371 0.594862 212.18 -10.323 3.0101
211.978 -9.92297 3.01094 0.562191 212.18 -10.323 3.0101
212.144 -10.1437 3.00651 7.16116 212.18 -10.323 3.0101
212.041 -10.1469 3.00632 8.16628 212.18 -10.323 3.0101
212.109 -10.0588 3.00581 7.52746 212.18 -10.323 3.0101
211.962 -9.90856 3.00455 1.85902 212.18 -10.323 3.0101
212.17 -9.93946 3.00683 2.80979 212.18 -10.323 3.0101
212.13 -10.021 3.0116 3.08831 212.18 -10.323 3.0101
212.175 -10.1006 3.00723 6.90242 212.18 -10.323 3.0101
212.077 -10.1116 3.00543 8.25242 212.18 -10.323 3.0101
212.144 -10.1437 3.00651 7.16116 212.18 -10.323 3.0101
212.175 -10.1006 3.00723 6.90242 212.18 -10.323 3.0101
