2.1757 3.56563 0.28652 0.00106389 2.0841 3.8004 0.2906
1.88154 3.68821 0.291487 0.0125567 2.0841 3.8004 0.2906
2.11153 3.8152 0.290547 0.0160078 2.0841 3.8004 0.2906
2.08074 3.84692 0.296542 0.00545598 2.0841 3.8004 0.2906
2.18162 3.63456 0.289264 0.00788886 2.0841 3.8004 0.2906
2.11153 3.8152 0.290547 0.0160078 2.0841 3.8004 0.2906
1.96838 3.62727 0.296493 0.0324398 2.0841 3.8004 0.2906
1.96838 3.62727 0.296493 0.0324398 2.0841 3.8004 0.2906
1.96917 3.92374 0.289229 0.0010783 2.0841 3.8004 0.2906
1.94401 3.58154 0.301213 0.00194192 2.0841 3.8004 0.2906
1.96838 3.62727 0.296493 0.0324398 2.0841 3.8004 0.2906
2.18473 3.63054 0.288799 0.00644497 2.0841 3.8004 0.2906
2.11153 3.8152 0.290547 0.0160078 2.0841 3.8004 0.2906
1.88154 3.68821 0.291487 0.0125567 2.0841 3.8004 0.2906
2.05373 3.65278 0.298861 0.00598103 2.0841 3.8004 0.2906
1.88154 3.68821 0.291487 0.0125567 2.0841 3.8004 0.2906
1.96838 3.62727 0.296493 0.0324398 2.0841 3.8004 0.2906
1.72263 3.77049 0.302254 0.000546299 2.0841 3.8004 0.2906
1.96838 3.62727 0.296493 0.0324398 2.0841 3.8004 0.2906
1.96838 3.62727 0.296493 0.0324398 2.0841 3.8004 0.2906
2.18162 3.63456 0.289264 0.00788886 2.0841 3.8004 0.2906
1.88912 3.85744 0.293157 0.00782967 2.0841 3.8004 0.2906
2.07855 3.58844 0.296084 0.0109763 2.0841 3.8004 0.2906
1.97055 3.50365 0.297642 0.00351856 2.0841 3.8004 0.2906
1.95383 3.525 0.301249 0.000727382 2.0841 3.8004 0.2906
1.98534 3.82127 0.298465 0.00785266 2.0841 3.8004 0.2906
1.92656 3.43504 0.293708 0.000776614 2.0841 3.8004 0.2906
1.88154 3.68821 0.291487 0.0125567 2.0841 3.8004 0.2906
1.90658 3.51636 0.296989 0.00544516 2.0841 3.8004 0.2906
2.10037 3.49425 0.292699 0.00302377 2.0841 3.8004 0.2906
1.88912 3.85744 0.293157 0.00782967 2.0841 3.8004 0.2906
2.18162 3.63456 0.289264 0.00788886 2.0841 3.8004 0.2906
2.27984 3.76698 0.290323 0.00160879 2.0841 3.8004 0.2906
2.11153 3.8152 0.290547 0.0160078 2.0841 3.8004 0.2906
1.90658 3.51636 0.296989 0.00544516 2.0841 3.8004 0.2906
2.08074 3.84692 0.296542 0.00545598 2.0841 3.8004 0.2906
2.15071 3.81124 0.29513 0.00544573 2.0841 3.8004 0.2906
1.83996 3.94533 0.295346 0.000808376 2.0841 3.8004 0.2906
1.96838 3.62727 0.296493 0.0324398 2.0841 3.8004 0.2906
2.05373 3.65278 0.298861 0.00598103 2.0841 3.8004 0.2906
1.96838 3.62727 0.296493 0.0324398 2.0841 3.8004 0.2906
1.93398 3.79263 0.288483 0.00329017 2.0841 3.8004 0.2906
1.98534 3.82127 0.298465 0.00785266 2.0841 3.8004 0.2906
2.08074 3.84692 0.296542 0.00545598 2.0841 3.8004 0.2906
2.07855 3.58844 0.296084 0.0109763 2.0841 3.8004 0.2906
1.92656 3.43504 0.293708 0.000776614 2.0841 3.8004 0.2906
1.96838 3.62727 0.296493 0.0324398 2.0841 3.8004 0.2906
2.11153 3.8152 0.290547 0.0160078 2.0841 3.8004 0.2906
1.88154 3.68821 0.291487 0.0125567 2.0841 3.8004 0.2906
1.98534 3.82127 0.298465 0.00785266 2.0841 3.8004 0.2906
1.88154 3.68821 0.291487 0.0125567 2.0841 3.8004 0.2906
2.15071 3.81124 0.29513 0.00544573 2.0841 3.8004 0.2906
1.96838 3.62727 0.296493 0.0324398 2.0841 3.8004 0.2906
1.88912 3.85744 0.293157 0.00782967 2.0841 3.8004 0.2906
2.08074 3.84692 0.296542 0.00545598 2.0841 3.8004 0.2906
2.05373 3.65278 0.298861 0.00598103 2.0841 3.8004 0.2906
1.88154 3.68821 0.291487 0.0125567 2.0841 3.8004 0.2906
1.96838 3.62727 0.296493 0.0324398 2.0841 3.8004 0.2906
1.90658 3.51636 0.296989 0.00544516 2.0841 3.8004 0.2906
1.98534 3.82127 0.298465 0.00785266 2.0841 3.8004 0.2906
1.83996 3.94533 0.295346 0.000808376 2.0841 3.8004 0.2906
2.07855 3.58844 0.296084 0.0109763 2.0841 3.8004 0.2906
1.88154 3.68821 0.291487 0.0125567 2.0841 3.8004 0.2906
1.96838 3.62727 0.296493 0.0324398 2.0841 3.8004 0.2906
1.88154 3.68821 0.291487 0.0125567 2.0841 3.8004 0.2906
2.11153 3.8152 0.290547 0.0160078 2.0841 3.8004 0.2906
1.90658 3.51636 0.296989 0.00544516 2.0841 3.8004 0.2906
2.07855 3.58844 0.296084 0.0109763 2.0841 3.8004 0.2906
1.96838 3.62727 0.296493 0.0324398 2.0841 3.8004 0.2906
1.96838 3.62727 0.296493 0.0324398 2.0841 3.8004 0.2906
2.10037 3.49425 0.292699 0.00302377 2.0841 3.8004 0.2906
1.96838 3.62727 0.296493 0.0324398 2.0841 3.8004 0.2906
1.88154 3.68821 0.291487 0.0125567 2.0841 3.8004 0.2906
2.16482 3.69415 0.285302 0.00174848 2.0841 3.8004 0.2906
2.10037 3.49425 0.292699 0.00302377 2.0841 3.8004 0.2906
1.72263 3.77049 0.302254 0.000546299 2.0841 3.8004 0.2906
1.88912 3.85744 0.293157 0.00782967 2.0841 3.8004 0.2906
2.18162 3.63456 0.289264 0.00788886 2.0841 3.8004 0.2906
2.11153 3.8152 0.290547 0.0160078 2.0841 3.8004 0.2906
1.96838 3.62727 0.296493 0.0324398 2.0841 3.8004 0.2906
1.88154 3.68821 0.291487 0.0125567 2.0841 3.8004 0.2906
2.18162 3.63456 0.289264 0.00788886 2.0841 3.8004 0.2906
2.11153 3.8152 0.290547 0.0160078 2.0841 3.8004 0.2906
1.8 3.77363 0.301261 0.00236197 2.0841 3.8004 0.2906
2.18473 3.63054 0.288799 0.00644497 2.0841 3.8004 0.2906
1.8 3.77363 0.301261 0.00236197 2.0841 3.8004 0.2906
1.83996 3.94533 0.295346 0.000808376 2.0841 3.8004 0.2906
2.11153 3.8152 0.290547 0.0160078 2.0841 3.8004 0.2906
2.18473 3.63054 0.288799 0.00644497 2.0841 3.8004 0.2906
1.96838 3.62727 0.296493 0.0324398 2.0841 3.8004 0.2906
2.08074 3.84692 0.296542 0.00545598 2.0841 3.8004 0.2906
1.81429 3.84958 0.29197 0.00142073 2.0841 3.8004 0.2906
2.11153 3.8152 0.290547 0.0160078 2.0841 3.8004 0.2906
2.18473 3.63054 0.288799 0.00644497 2.0841 3.8004 0.2906
1.8 3.77363 0.301261 0.00236197 2.0841 3.8004 0.2906
1.8 3.77363 0.301261 0.00236197 2.0841 3.8004 0.2906
2.07855 3.58844 0.296084 0.0109763 2.0841 3.8004 0.2906
1.96838 3.62727 0.296493 0.0324398 2.0841 3.8004 0.2906
1.96838 3.62727 0.296493 0.0324398 2.0841 3.8004 0.2906
2.14404 3.61385 0.299748 0.000323088 2.0841 3.8004 0.2906
1.97055 3.50365 0.297642 0.00351856 2.0841 3.8004 0.2906
2.16482 3.69415 0.285302 0.00174848 2.0841 3.8004 0.2906
1.88912 3.85744 0.293157 0.00782967 2.0841 3.8004 0.2906
2.07855 3.58844 0.296084 0.0109763 2.0841 3.8004 0.2906
2.18473 3.63054 0.288799 0.00644497 2.0841 3.8004 0.2906
2.1757 3.56563 0.28652 0.00106389 2.0841 3.8004 0.2906
2.11153 3.8152 0.290547 0.0160078 2.0841 3.8004 0.2906
1.90658 3.51636 0.296989 0.00544516 2.0841 3.8004 0.2906
1.88912 3.85744 0.293157 0.00782967 2.0841 3.8004 0.2906
2.08074 3.84692 0.296542 0.00545598 2.0841 3.8004 0.2906
1.98534 3.82127 0.298465 0.00785266 2.0841 3.8004 0.2906
2.11153 3.8152 0.290547 0.0160078 2.0841 3.8004 0.2906
2.05373 3.65278 0.298861 0.00598103 2.0841 3.8004 0.2906
1.96838 3.62727 0.296493 0.0324398 2.0841 3.8004 0.2906
2.11153 3.8152 0.290547 0.0160078 2.0841 3.8004 0.2906
1.95383 3.525 0.301249 0.000727382 2.0841 3.8004 0.2906
2.1757 3.56563 0.28652 0.00106389 2.0841 3.8004 0.2906
2.07855 3.58844 0.296084 0.0109763 2.0841 3.8004 0.2906
2.07855 3.58844 0.296084 0.0109763 2.0841 3.8004 0.2906
2.18162 3.63456 0.289264 0.00788886 2.0841 3.8004 0.2906
2.11153 3.8152 0.290547 0.0160078 2.0841 3.8004 0.2906
1.98534 3.82127 0.298465 0.00785266 2.0841 3.8004 0.2906
1.93756 3.47733 0.287915 0.000132473 2.0841 3.8004 0.2906
2.11153 3.8152 0.290547 0.0160078 2.0841 3.8004 0.2906
1.88154 3.68821 0.291487 0.0125567 2.0841 3.8004 0.2906
1.98534 3.82127 0.298465 0.00785266 2.0841 3.8004 0.2906
2.18214 3.76128 0.284606 0.000901029 2.0841 3.8004 0.2906
2.18214 3.76128 0.284606 0.000901029 2.0841 3.8004 0.2906
1.96838 3.62727 0.296493 0.0324398 2.0841 3.8004 0.2906
1.92656 3.43504 0.293708 0.000776614 2.0841 3.8004 0.2906
1.96838 3.62727 0.296493 0.0324398 2.0841 3.8004 0.2906
2.18473 3.63054 0.288799 0.00644497 2.0841 3.8004 0.2906
2.07855 3.58844 0.296084 0.0109763 2.0841 3.8004 0.2906
2.11153 3.8152 0.290547 0.0160078 2.0841 3.8004 0.2906
1.96838 3.62727 0.296493 0.0324398 2.0841 3.8004 0.2906
2.08074 3.84692 0.296542 0.00545598 2.0841 3.8004 0.2906
2.08136 3.9303 0.294512 0.00213203 2.0841 3.8004 0.2906
2.10037 3.49425 0.292699 0.00302377 2.0841 3.8004 0.2906
1.8 3.77363 0.301261 0.00236197 2.0841 3.8004 0.2906
1.96838 3.62727 0.296493 0.0324398 2.0841 3.8004 0.2906
1.96838 3.62727 0.296493 0.0324398 2.0841 3.8004 0.2906
1.83754 3.6204 0.305628 7.11089e-05 2.0841 3.8004 0.2906
1.96838 3.62727 0.296493 0.0324398 2.0841 3.8004 0.2906
2.18473 3.63054 0.288799 0.00644497 2.0841 3.8004 0.2906
1.96838 3.62727 0.296493 0.0324398 2.0841 3.8004 0.2906
1.96838 3.62727 0.296493 0.0324398 2.0841 3.8004 0.2906
1.96838 3.62727 0.296493 0.0324398 2.0841 3.8004 0.2906
1.88912 3.85744 0.293157 0.00782967 2.0841 3.8004 0.2906
2.07855 3.58844 0.296084 0.0109763 2.0841 3.8004 0.2906
1.96838 3.62727 0.296493 0.0324398 2.0841 3.8004 0.2906
1.84743 3.54875 0.303648 0.000234278 2.0841 3.8004 0.2906
2.15071 3.81124 0.29513 0.00544573 2.0841 3.8004 0.2906
1.90658 3.51636 0.296989 0.00544516 2.0841 3.8004 0.2906
2.18473 3.63054 0.288799 0.00644497 2.0841 3.8004 0.2906
1.96838 3.62727 0.296493 0.0324398 2.0841 3.8004 0.2906
2.18162 3.63456 0.289264 0.00788886 2.0841 3.8004 0.2906
2.07855 3.58844 0.296084 0.0109763 2.0841 3.8004 0.2906
1.83996 3.94533 0.295346 0.000808376 2.0841 3.8004 0.2906
1.97055 3.50365 0.297642 0.00351856 2.0841 3.8004 0.2906
1.88154 3.68821 0.291487 0.0125567 2.0841 3.8004 0.2906
1.96838 3.62727 0.296493 0.0324398 2.0841 3.8004 0.2906
1.96838 3.62727 0.296493 0.0324398 2.0841 3.8004 0.2906
1.88154 3.68821 0.291487 0.0125567 2.0841 3.8004 0.2906
2.07855 3.58844 0.296084 0.0109763 2.0841 3.8004 0.2906
2.18473 3.63054 0.288799 0.00644497 2.0841 3.8004 0.2906
1.97374 3.71513 0.285191 0.000417063 2.0841 3.8004 0.2906
1.88154 3.68821 0.291487 0.0125567 2.0841 3.8004 0.2906
1.96838 3.62727 0.296493 0.0324398 2.0841 3.8004 0.2906
1.98534 3.82127 0.298465 0.00785266 2.0841 3.8004 0.2906
1.98534 3.82127 0.298465 0.00785266 2.0841 3.8004 0.2906
2.11153 3.8152 0.290547 0.0160078 2.0841 3.8004 0.2906
2.18473 3.63054 0.288799 0.00644497 2.0841 3.8004 0.2906
2.18214 3.76128 0.284606 0.000901029 2.0841 3.8004 0.2906
1.84743 3.54875 0.303648 0.000234278 2.0841 3.8004 0.2906
1.88154 3.68821 0.291487 0.0125567 2.0841 3.8004 0.2906
1.88912 3.85744 0.293157 0.00782967 2.0841 3.8004 0.2906
2.08136 3.9303 0.294512 0.00213203 2.0841 3.8004 0.2906
2.18473 3.63054 0.288799 0.00644497 2.0841 3.8004 0.2906
2.18162 3.63456 0.289264 0.00788886 2.0841 3.8004 0.2906
1.96838 3.62727 0.296493 0.0324398 2.0841 3.8004 0.2906
1.93398 3.79263 0.288483 0.00329017 2.0841 3.8004 0.2906
1.96838 3.62727 0.296493 0.0324398 2.0841 3.8004 0.2906
2.11153 3.8152 0.290547 0.0160078 2.0841 3.8004 0.2906
2.07855 3.58844 0.296084 0.0109763 2.0841 3.8004 0.2906
2.2601 3.76054 0.295205 0.000505166 2.0841 3.8004 0.2906
1.96838 3.62727 0.296493 0.0324398 2.0841 3.8004 0.2906
1.96838 3.62727 0.296493 0.0324398 2.0841 3.8004 0.2906
1.96838 3.62727 0.296493 0.0324398 2.0841 3.8004 0.2906
1.88154 3.68821 0.291487 0.0125567 2.0841 3.8004 0.2906
1.88912 3.85744 0.293157 0.00782967 2.0841 3.8004 0.2906
1.83996 3.94533 0.295346 0.000808376 2.0841 3.8004 0.2906
2.15071 3.81124 0.29513 0.00544573 2.0841 3.8004 0.2906
2.08074 3.84692 0.296542 0.00545598 2.0841 3.8004 0.2906
2.08074 3.84692 0.296542 0.00545598 2.0841 3.8004 0.2906
1.83996 3.94533 0.295346 0.000808376 2.0841 3.8004 0.2906
2.10037 3.49425 0.292699 0.00302377 2.0841 3.8004 0.2906
1.88154 3.68821 0.291487 0.0125567 2.0841 3.8004 0.2906
2.08074 3.84692 0.296542 0.00545598 2.0841 3.8004 0.2906
2.18473 3.63054 0.288799 0.00644497 2.0841 3.8004 0.2906
2.18162 3.63456 0.289264 0.00788886 2.0841 3.8004 0.2906
