98.1155 18.9244 0.0764524 0.85364 98.057 18.604 0.066584
98.0795 18.7549 0.0796006 0.776227 98.057 18.604 0.066584
98.1336 18.686 0.077933 1.12218 98.057 18.604 0.066584
98.2814 18.6515 0.072138 2.08802 98.057 18.604 0.066584
98.0997 18.577 0.0645063 0.311101 98.057 18.604 0.066584
98.1129 18.518 0.0745433 0.437857 98.057 18.604 0.066584
97.9377 18.4488 0.0692988 0.029734 98.057 18.604 0.066584
98.215 18.5642 0.0763057 0.799844 98.057 18.604 0.066584
98.3026 18.5981 0.077679 0.753209 98.057 18.604 0.066584
98.2759 18.636 0.0773862 1.11683 98.057 18.604 0.066584
98.2166 18.7149 0.0750726 2.15676 98.057 18.604 0.066584
98.2796 18.6073 0.0717984 1.67558 98.057 18.604 0.066584
98.2331 18.9634 0.0713786 0.854384 98.057 18.604 0.066584
98.0805 18.7138 0.0682768 0.840579 98.057 18.604 0.066584
98.2759 18.636 0.0773862 1.11683 98.057 18.604 0.066584
98.4364 18.9613 0.0773418 0.323703 98.057 18.604 0.066584
98.2759 18.636 0.0773862 1.11683 98.057 18.604 0.066584
98.3594 18.5758 0.0764241 0.629464 98.057 18.604 0.066584
98.4164 18.6204 0.0606558 0.314962 98.057 18.604 0.066584
98.0209 18.5939 0.0719306 0.422938 98.057 18.604 0.066584
98.3268 18.5822 0.0712686 1.32575 98.057 18.604 0.066584
98.2814 18.6515 0.072138 2.08802 98.057 18.604 0.066584
98.2814 18.6515 0.072138 2.08802 98.057 18.604 0.066584
98.1554 18.4276 0.0648139 0.129937 98.057 18.604 0.066584
98.1336 18.686 0.077933 1.12218 98.057 18.604 0.066584
98.5213 18.9386 0.0700028 0.24821 98.057 18.604 0.066584
98.3137 18.4701 0.0690282 0.481472 98.057 18.604 0.066584
98.0795 18.7549 0.0796006 0.776227 98.057 18.604 0.066584
98.1453 18.6245 0.0811021 0.421551 98.057 18.604 0.066584
98.4364 18.9613 0.0773418 0.323703 98.057 18.604 0.066584
98.1554 18.4276 0.0648139 0.129937 98.057 18.604 0.066584
98.434 18.6109 0.0705451 0.950541 98.057 18.604 0.066584
98.274 18.5816 0.0776729 0.709489 98.057 18.604 0.066584
98.0209 18.5939 0.0719306 0.422938 98.057 18.604 0.066584
98.32 18.6857 0.0764775 1.47055 98.057 18.604 0.066584
98.0209 18.5939 0.0719306 0.422938 98.057 18.604 0.066584
98.2796 18.6073 0.0717984 1.67558 98.057 18.604 0.066584
98.1129 18.518 0.0745433 0.437857 98.057 18.604 0.066584
98.3897 18.4764 0.0699149 0.399612 98.057 18.604 0.066584
97.9961 18.7841 0.0699738 0.41708 98.057 18.604 0.066584
98.4164 18.6204 0.0606558 0.314962 98.057 18.604 0.066584
98.1116 18.6377 0.0815578 0.364456 98.057 18.604 0.066584
98.2814 18.6515 0.072138 2.08802 98.057 18.604 0.066584
98.2166 18.7149 0.0750726 2.15676 98.057 18.604 0.066584
98.32 18.6857 0.0764775 1.47055 98.057 18.604 0.066584
98.2796 18.6073 0.0717984 1.67558 98.057 18.604 0.066584
98.1968 18.9605 0.0769943 0.832071 98.057 18.604 0.066584
98.3137 18.4701 0.0690282 0.481472 98.057 18.604 0.066584
98.3897 18.4764 0.0699149 0.399612 98.057 18.604 0.066584
98.2814 18.6515 0.072138 2.08802 98.057 18.604 0.066584
98.1968 18.9605 0.0769943 0.832071 98.057 18.604 0.066584
98.1116 18.6377 0.0815578 0.364456 98.057 18.604 0.066584
98.274 18.5816 0.0776729 0.709489 98.057 18.604 0.066584
98.1155 18.9244 0.0764524 0.85364 98.057 18.604 0.066584
98.274 18.5816 0.0776729 0.709489 98.057 18.604 0.066584
98.0229 18.4358 0.0680967 0.0692368 98.057 18.604 0.066584
98.2796 18.6073 0.0717984 1.67558 98.057 18.604 0.066584
98.6096 18.8086 0.0745234 0.123319 98.057 18.604 0.066584
98.2166 18.7149 0.0750726 2.15676 98.057 18.604 0.066584
98.274 18.5816 0.0776729 0.709489 98.057 18.604 0.066584
98.5213 18.9386 0.0700028 0.24821 98.057 18.604 0.066584
98.2814 18.6515 0.072138 2.08802 98.057 18.604 0.066584
98.0798 18.7224 0.0701422 1.0667 98.057 18.604 0.066584
98.434 18.6109 0.0705451 0.950541 98.057 18.604 0.066584
98.2166 18.7149 0.0750726 2.15676 98.057 18.604 0.066584
98.0066 18.5981 0.0760509 0.336541 98.057 18.604 0.066584
98.32 18.6857 0.0764775 1.47055 98.057 18.604 0.066584
98.1968 18.9605 0.0769943 0.832071 98.057 18.604 0.066584
98.0798 18.7224 0.0701422 1.0667 98.057 18.604 0.066584
98.5213 18.9386 0.0700028 0.24821 98.057 18.604 0.066584
98.2127 18.542 0.0787909 0.397059 98.057 18.604 0.066584
98.1622 18.4883 0.0746773 0.391092 98.057 18.604 0.066584
98.0795 18.7549 0.0796006 0.776227 98.057 18.604 0.066584
98.434 18.6109 0.0705451 0.950541 98.057 18.604 0.066584
98.2166 18.7149 0.0750726 2.15676 98.057 18.604 0.066584
98.2796 18.6073 0.0717984 1.67558 98.057 18.604 0.066584
98.3268 18.5822 0.0712686 1.32575 98.057 18.604 0.066584
98.2166 18.7149 0.0750726 2.15676 98.057 18.604 0.066584
98.0795 18.7549 0.0796006 0.776227 98.057 18.604 0.066584
98.4164 18.6204 0.0606558 0.314962 98.057 18.604 0.066584
98.2814 18.6515 0.072138 2.08802 98.057 18.604 0.066584
98.0805 18.7138 0.0682768 0.840579 98.057 18.604 0.066584
98.3137 18.4701 0.0690282 0.481472 98.057 18.604 0.066584
98.0209 18.5939 0.0719306 0.422938 98.057 18.604 0.066584
98.0184 18.4727 0.0742446 0.122304 98.057 18.604 0.066584
98.3026 18.5981 0.077679 0.753209 98.057 18.604 0.066584
98.1554 18.4276 0.0648139 0.129937 98.057 18.604 0.066584
98.32 18.6857 0.0764775 1.47055 98.057 18.604 0.066584
98.215 18.5642 0.0763057 0.799844 98.057 18.604 0.066584
98.1155 18.9244 0.0764524 0.85364 98.057 18.604 0.066584
98.2053 18.5959 0.0789027 0.641623 98.057 18.604 0.066584
98.1336 18.686 0.077933 1.12218 98.057 18.604 0.066584
98.32 18.6857 0.0764775 1.47055 98.057 18.604 0.066584
98.3897 18.4764 0.0699149 0.399612 98.057 18.604 0.066584
98.32 18.6857 0.0764775 1.47055 98.057 18.604 0.066584
98.4364 18.9613 0.0773418 0.323703 98.057 18.604 0.066584
98.32 18.6857 0.0764775 1.47055 98.057 18.604 0.066584
98.1336 18.686 0.077933 1.12218 98.057 18.604 0.066584
98.4164 18.6204 0.0606558 0.314962 98.057 18.604 0.066584
98.3594 18.5758 0.0764241 0.629464 98.057 18.604 0.066584
98.32 18.6857 0.0764775 1.47055 98.057 18.604 0.066584
98.32 18.6857 0.0764775 1.47055 98.057 18.604 0.066584
98.2166 18.7149 0.0750726 2.15676 98.057 18.604 0.066584
98.5213 18.9386 0.0700028 0.24821 98.057 18.604 0.066584
98.1336 18.686 0.077933 1.12218 98.057 18.604 0.066584
98.0798 18.7224 0.0701422 1.0667 98.057 18.604 0.066584
98.0804 18.7921 0.0618625 0.137182 98.057 18.604 0.066584
98.0805 18.7138 0.0682768 0.840579 98.057 18.604 0.066584
98.434 18.6109 0.0705451 0.950541 98.057 18.604 0.066584
98.1968 18.9605 0.0769943 0.832071 98.057 18.604 0.066584
97.9377 18.4488 0.0692988 0.029734 98.057 18.604 0.066584
97.9046 18.7658 0.0748138 0.176974 98.057 18.604 0.066584
98.2796 18.6073 0.0717984 1.67558 98.057 18.604 0.066584
98.5213 18.9386 0.0700028 0.24821 98.057 18.604 0.066584
98.1968 18.9605 0.0769943 0.832071 98.057 18.604 0.066584
98.5467 18.6962 0.0869115 0.00444528 98.057 18.604 0.066584
98.2796 18.6073 0.0717984 1.67558 98.057 18.604 0.066584
98.1955 18.4812 0.0610928 0.126235 98.057 18.604 0.066584
98.2053 18.5959 0.0789027 0.641623 98.057 18.604 0.066584
98.2759 18.636 0.0773862 1.11683 98.057 18.604 0.066584
98.3137 18.4701 0.0690282 0.481472 98.057 18.604 0.066584
98.1336 18.686 0.077933 1.12218 98.057 18.604 0.066584
98.0798 18.7224 0.0701422 1.0667 98.057 18.604 0.066584
98.1155 18.9244 0.0764524 0.85364 98.057 18.604 0.066584
98.3026 18.5981 0.077679 0.753209 98.057 18.604 0.066584
98.274 18.5816 0.0776729 0.709489 98.057 18.604 0.066584
98.32 18.6857 0.0764775 1.47055 98.057 18.604 0.066584
98.2814 18.6515 0.072138 2.08802 98.057 18.604 0.066584
98.3594 18.5758 0.0764241 0.629464 98.057 18.604 0.066584
98.285 18.9467 0.0750254 1.04768 98.057 18.604 0.066584
98.2053 18.5959 0.0789027 0.641623 98.057 18.604 0.066584
98.0198 18.7102 0.0840864 0.154313 98.057 18.604 0.066584
98.2053 18.5959 0.0789027 0.641623 98.057 18.604 0.066584
98.4393 18.6244 0.0591932 0.186731 98.057 18.604 0.066584
98.3268 18.5822 0.0712686 1.32575 98.057 18.604 0.066584
98.1968 18.9605 0.0769943 0.832071 98.057 18.604 0.066584
98.0852 18.3569 0.0719614 0.0442611 98.057 18.604 0.066584
98.0852 18.3569 0.0719614 0.0442611 98.057 18.604 0.066584
98.0798 18.7224 0.0701422 1.0667 98.057 18.604 0.066584
98.215 18.5642 0.0763057 0.799844 98.057 18.604 0.066584
97.9961 18.7841 0.0699738 0.41708 98.057 18.604 0.066584
98.0798 18.7224 0.0701422 1.0667 98.057 18.604 0.066584
98.0795 18.7549 0.0796006 0.776227 98.057 18.604 0.066584
98.2814 18.6515 0.072138 2.08802 98.057 18.604 0.066584
98.434 18.6109 0.0705451 0.950541 98.057 18.604 0.066584
98.1155 18.9244 0.0764524 0.85364 98.057 18.604 0.066584
98.3268 18.5822 0.0712686 1.32575 98.057 18.604 0.066584
98.285 18.9467 0.0750254 1.04768 98.057 18.604 0.066584
98.0805 18.7138 0.0682768 0.840579 98.057 18.604 0.066584
98.274 18.5816 0.0776729 0.709489 98.057 18.604 0.066584
98.3594 18.5758 0.0764241 0.629464 98.057 18.604 0.066584
98.32 18.6857 0.0764775 1.47055 98.057 18.604 0.066584
98.2331 18.9634 0.0713786 0.854384 98.057 18.604 0.066584
98.1336 18.686 0.077933 1.12218 98.057 18.604 0.066584
98.2166 18.7149 0.0750726 2.15676 98.057 18.604 0.066584
98.285 18.9467 0.0750254 1.04768 98.057 18.604 0.066584
98.0506 18.76 0.0755448 0.984187 98.057 18.604 0.066584
98.3509 18.4401 0.0720676 0.266763 98.057 18.604 0.066584
98.285 18.9467 0.0750254 1.04768 98.057 18.604 0.066584
98.0506 18.76 0.0755448 0.984187 98.057 18.604 0.066584
98.0506 18.76 0.0755448 0.984187 98.057 18.604 0.066584
98.0805 18.7138 0.0682768 0.840579 98.057 18.604 0.066584
98.0798 18.7224 0.0701422 1.0667 98.057 18.604 0.066584
98.1453 18.6245 0.0811021 0.421551 98.057 18.604 0.066584
98.1453 18.6245 0.0811021 0.421551 98.057 18.604 0.066584
98.0795 18.7549 0.0796006 0.776227 98.057 18.604 0.066584
98.434 18.6109 0.0705451 0.950541 98.057 18.604 0.066584
98.1155 18.9244 0.0764524 0.85364 98.057 18.604 0.066584
98.2166 18.7149 0.0750726 2.15676 98.057 18.604 0.066584
98.3897 18.4764 0.0699149 0.399612 98.057 18.604 0.066584
98.2796 18.6073 0.0717984 1.67558 98.057 18.604 0.066584
98.215 18.5642 0.0763057 0.799844 98.057 18.604 0.066584
98.1336 18.686 0.077933 1.12218 98.057 18.604 0.066584
98.0066 18.5981 0.0760509 0.336541 98.057 18.604 0.066584
98.1155 18.9244 0.0764524 0.85364 98.057 18.604 0.066584
98.274 18.5816 0.0776729 0.709489 98.057 18.604 0.066584
98.3026 18.5981 0.077679 0.753209 98.057 18.604 0.066584
98.487 18.7682 0.0616646 0.269741 98.057 18.604 0.066584
98.2053 18.5959 0.0789027 0.641623 98.057 18.604 0.066584
98.4393 18.6244 0.0591932 0.186731 98.057 18.604 0.066584
98.3137 18.4701 0.0690282 0.481472 98.057 18.604 0.066584
98.2053 18.5959 0.0789027 0.641623 98.057 18.604 0.066584
98.285 18.9467 0.0750254 1.04768 98.057 18.604 0.066584
98.2814 18.6515 0.072138 2.08802 98.057 18.604 0.066584
98.4164 18.6204 0.0606558 0.314962 98.057 18.604 0.066584
98.0798 18.7224 0.0701422 1.0667 98.057 18.604 0.066584
97.9046 18.7658 0.0748138 0.176974 98.057 18.604 0.066584
98.6096 18.8086 0.0745234 0.123319 98.057 18.604 0.066584
98.2814 18.6515 0.072138 2.08802 98.057 18.604 0.066584
98.2814 18.6515 0.072138 2.08802 98.057 18.604 0.066584
98.1336 18.686 0.077933 1.12218 98.057 18.604 0.066584
98.0798 18.7224 0.0701422 1.0667 98.057 18.604 0.066584
98.1453 18.6245 0.0811021 0.421551 98.057 18.604 0.066584
98.1155 18.9244 0.0764524 0.85364 98.057 18.604 0.066584
98.285 18.9467 0.0750254 1.04768 98.057 18.604 0.066584
98.1968 18.9605 0.0769943 0.832071 98.057 18.604 0.066584
98.3268 18.5822 0.0712686 1.32575 98.057 18.604 0.066584
98.1116 18.6377 0.0815578 0.364456 98.057 18.604 0.066584
98.32 18.6857 0.0764775 1.47055 98.057 18.604 0.066584
98.0895 18.7804 0.0612337 0.12537 98.057 18.604 0.066584
