-8.2452 -94.8737 2.98255 0.533401 -8.0719 -94.951 2.9829
-8.02501 -95.1021 2.98754 0.92268 -8.0719 -94.951 2.9829
-7.92367 -94.8812 2.99049 0.816492 -8.0719 -94.951 2.9829
-7.94716 -95.4338 2.98782 0.00286852 -8.0719 -94.951 2.9829
-7.92367 -94.8812 2.99049 0.816492 -8.0719 -94.951 2.9829
-8.10498 -94.9296 2.98968 0.645107 -8.0719 -94.951 2.9829
-8.02662 -94.8683 2.98125 0.733739 -8.0719 -94.951 2.9829
-7.79092 -94.9985 2.98934 0.475792 -8.0719 -94.951 2.9829
-8.12098 -94.8526 2.98689 0.876406 -8.0719 -94.951 2.9829
-8.00328 -94.7521 2.97795 0.0453714 -8.0719 -94.951 2.9829
-8.00792 -94.9262 2.9909 0.738076 -8.0719 -94.951 2.9829
-8.08883 -94.9224 2.98691 1.39602 -8.0719 -94.951 2.9829
-8.10498 -94.9296 2.98968 0.645107 -8.0719 -94.951 2.9829
-8.16186 -94.7116 2.98982 0.0755489 -8.0719 -94.951 2.9829
-8.10498 -94.9296 2.98968 0.645107 -8.0719 -94.951 2.9829
-8.10498 -94.9296 2.98968 0.645107 -8.0719 -94.951 2.9829
-8.00792 -94.9262 2.9909 0.738076 -8.0719 -94.951 2.9829
-8.2452 -94.8737 2.98255 0.533401 -8.0719 -94.951 2.9829
-8.08883 -94.9224 2.98691 1.39602 -8.0719 -94.951 2.9829
-8.10498 -94.9296 2.98968 0.645107 -8.0719 -94.951 2.9829
-7.92367 -94.8812 2.99049 0.816492 -8.0719 -94.951 2.9829
-8.00792 -94.9262 2.9909 0.738076 -8.0719 -94.951 2.9829
-7.97996 -94.8755 2.99623 0.0580102 -8.0719 -94.951 2.9829
-8.12098 -94.8526 2.98689 0.876406 -8.0719 -94.951 2.9829
-8.3526 -95.2473 2.97592 0.0276428 -8.0719 -94.951 2.9829
-8.00792 -94.9262 2.9909 0.738076 -8.0719 -94.951 2.9829
-8.2452 -94.8737 2.98255 0.533401 -8.0719 -94.951 2.9829
-8.10498 -94.9296 2.98968 0.645107 -8.0719 -94.951 2.9829
-8.0217 -94.8799 2.99032 0.756451 -8.0719 -94.951 2.9829
-7.98068 -94.8054 2.98407 0.688077 -8.0719 -94.951 2.9829
-8.2452 -94.8737 2.98255 0.533401 -8.0719 -94.951 2.9829
-7.79092 -94.9985 2.98934 0.475792 -8.0719 -94.951 2.9829
-8.02501 -95.1021 2.98754 0.92268 -8.0719 -94.951 2.9829
-8.08883 -94.9224 2.98691 1.39602 -8.0719 -94.951 2.9829
-8.41714 -95.2007 2.97682 0.0267545 -8.0719 -94.951 2.9829
-8.05574 -95.2404 2.98617 0.22626 -8.0719 -94.951 2.9829
-8.0056 -94.8107 2.98457 0.839448 -8.0719 -94.951 2.9829
-8.08883 -94.9224 2.98691 1.39602 -8.0719 -94.951 2.9829
-8.10498 -94.9296 2.98968 0.645107 -8.0719 -94.951 2.9829
-7.94122 -95.2479 2.98477 0.178909 -8.0719 -94.951 2.9829
-8.08883 -94.9224 2.98691 1.39602 -8.0719 -94.951 2.9829
-8.10498 -94.9296 2.98968 0.645107 -8.0719 -94.951 2.9829
-8.12098 -94.8526 2.98689 0.876406 -8.0719 -94.951 2.9829
-8.2452 -94.8737 2.98255 0.533401 -8.0719 -94.951 2.9829
-8.08883 -94.9224 2.98691 1.39602 -8.0719 -94.951 2.9829
-7.98068 -94.8054 2.98407 0.688077 -8.0719 -94.951 2.9829
-8.0056 -94.8107 2.98457 0.839448 -8.0719 -94.951 2.9829
-8.0056 -94.8107 2.98457 0.839448 -8.0719 -94.951 2.9829
-8.18226 -94.8333 2.98845 0.317582 -8.0719 -94.951 2.9829
-8.02662 -94.8683 2.98125 0.733739 -8.0719 -94.951 2.9829
-8.02501 -95.1021 2.98754 0.92268 -8.0719 -94.951 2.9829
-8.05574 -95.2404 2.98617 0.22626 -8.0719 -94.951 2.9829
-7.98068 -94.8054 2.98407 0.688077 -8.0719 -94.951 2.9829
-8.0056 -94.8107 2.98457 0.839448 -8.0719 -94.951 2.9829
-7.98068 -94.8054 2.98407 0.688077 -8.0719 -94.951 2.9829
-8.08883 -94.9224 2.98691 1.39602 -8.0719 -94.951 2.9829
-8.02501 -95.1021 2.98754 0.92268 -8.0719 -94.951 2.9829
-8.08883 -94.9224 2.98691 1.39602 -8.0719 -94.951 2.9829
-8.35067 -94.7658 2.98149 0.056185 -8.0719 -94.951 2.9829
-8.0056 -94.8107 2.98457 0.839448 -8.0719 -94.951 2.9829
-8.2452 -94.8737 2.98255 0.533401 -8.0719 -94.951 2.9829
-8.02501 -95.1021 2.98754 0.92268 -8.0719 -94.951 2.9829
-8.00792 -94.9262 2.9909 0.738076 -8.0719 -94.951 2.9829
-8.02501 -95.1021 2.98754 0.92268 -8.0719 -94.951 2.9829
-7.99287 -94.9441 2.99472 0.138857 -8.0719 -94.951 2.9829
-8.00792 -94.9262 2.9909 0.738076 -8.0719 -94.951 2.9829
-8.0056 -94.8107 2.98457 0.839448 -8.0719 -94.951 2.9829
-7.98068 -94.8054 2.98407 0.688077 -8.0719 -94.951 2.9829
-7.94122 -95.2479 2.98477 0.178909 -8.0719 -94.951 2.9829
-7.8197 -94.9434 2.98225 0.208476 -8.0719 -94.951 2.9829
-7.8197 -94.9434 2.98225 0.208476 -8.0719 -94.951 2.9829
-8.00792 -94.9262 2.9909 0.738076 -8.0719 -94.951 2.9829
-8.08883 -94.9224 2.98691 1.39602 -8.0719 -94.951 2.9829
-7.92367 -94.8812 2.99049 0.816492 -8.0719 -94.951 2.9829
-8.0056 -94.8107 2.98457 0.839448 -8.0719 -94.951 2.9829
-8.10498 -94.9296 2.98968 0.645107 -8.0719 -94.951 2.9829
-7.79092 -94.9985 2.98934 0.475792 -8.0719 -94.951 2.9829
-8.00792 -94.9262 2.9909 0.738076 -8.0719 -94.951 2.9829
-7.99602 -94.978 2.99504 0.104742 -8.0719 -94.951 2.9829
-7.99602 -94.978 2.99504 0.104742 -8.0719 -94.951 2.9829
-8.08883 -94.9224 2.98691 1.39602 -8.0719 -94.951 2.9829
-8.08883 -94.9224 2.98691 1.39602 -8.0719 -94.951 2.9829
-8.12098 -94.8526 2.98689 0.876406 -8.0719 -94.951 2.9829
-8.12098 -94.8526 2.98689 0.876406 -8.0719 -94.951 2.9829
-8.02662 -94.8683 2.98125 0.733739 -8.0719 -94.951 2.9829
-8.11156 -94.8588 2.97637 0.128135 -8.0719 -94.951 2.9829
-8.00328 -94.7521 2.97795 0.0453714 -8.0719 -94.951 2.9829
-8.10498 -94.9296 2.98968 0.645107 -8.0719 -94.951 2.9829
-8.02501 -95.1021 2.98754 0.92268 -8.0719 -94.951 2.9829
-7.92367 -94.8812 2.99049 0.816492 -8.0719 -94.951 2.9829
-8.20498 -95.2581 2.98919 0.0206118 -8.0719 -94.951 2.9829
-8.0056 -94.8107 2.98457 0.839448 -8.0719 -94.951 2.9829
-7.92367 -94.8812 2.99049 0.816492 -8.0719 -94.951 2.9829
-8.02662 -94.8683 2.98125 0.733739 -8.0719 -94.951 2.9829
-8.30602 -95.1744 2.97337 0.0326657 -8.0719 -94.951 2.9829
-7.99602 -94.978 2.99504 0.104742 -8.0719 -94.951 2.9829
-8.08883 -94.9224 2.98691 1.39602 -8.0719 -94.951 2.9829
-8.45621 -94.9378 2.97366 0.0140924 -8.0719 -94.951 2.9829
-8.08883 -94.9224 2.98691 1.39602 -8.0719 -94.951 2.9829
-7.79092 -94.9985 2.98934 0.475792 -8.0719 -94.951 2.9829
-8.0056 -94.8107 2.98457 0.839448 -8.0719 -94.951 2.9829
-8.10498 -94.9296 2.98968 0.645107 -8.0719 -94.951 2.9829
-8.02662 -94.8683 2.98125 0.733739 -8.0719 -94.951 2.9829
-7.98068 -94.8054 2.98407 0.688077 -8.0719 -94.951 2.9829
-8.10498 -94.9296 2.98968 0.645107 -8.0719 -94.951 2.9829
-8.02662 -94.8683 2.98125 0.733739 -8.0719 -94.951 2.9829
-8.00792 -94.9262 2.9909 0.738076 -8.0719 -94.951 2.9829
-8.08883 -94.9224 2.98691 1.39602 -8.0719 -94.951 2.9829
-8.3526 -95.2473 2.97592 0.0276428 -8.0719 -94.951 2.9829
-7.79092 -94.9985 2.98934 0.475792 -8.0719 -94.951 2.9829
-8.18226 -94.8333 2.98845 0.317582 -8.0719 -94.951 2.9829
-8.08883 -94.9224 2.98691 1.39602 -8.0719 -94.951 2.9829
-8.12098 -94.8526 2.98689 0.876406 -8.0719 -94.951 2.9829
-8.0217 -94.8799 2.99032 0.756451 -8.0719 -94.951 2.9829
-7.98068 -94.8054 2.98407 0.688077 -8.0719 -94.951 2.9829
-8.28316 -95.2157 2.97981 0.132644 -8.0719 -94.951 2.9829
-8.10498 -94.9296 2.98968 0.645107 -8.0719 -94.951 2.9829
-8.08883 -94.9224 2.98691 1.39602 -8.0719 -94.951 2.9829
-7.98068 -94.8054 2.98407 0.688077 -8.0719 -94.951 2.9829
-8.02501 -95.1021 2.98754 0.92268 -8.0719 -94.951 2.9829
-8.10498 -94.9296 2.98968 0.645107 -8.0719 -94.951 2.9829
-8.08883 -94.9224 2.98691 1.39602 -8.0719 -94.951 2.9829
-8.08883 -94.9224 2.98691 1.39602 -8.0719 -94.951 2.9829
-8.0217 -94.8799 2.99032 0.756451 -8.0719 -94.951 2.9829
-8.08883 -94.9224 2.98691 1.39602 -8.0719 -94.951 2.9829
-7.8197 -94.9434 2.98225 0.208476 -8.0719 -94.951 2.9829
-8.28316 -95.2157 2.97981 0.132644 -8.0719 -94.951 2.9829
-8.0056 -94.8107 2.98457 0.839448 -8.0719 -94.951 2.9829
-8.0217 -94.8799 2.99032 0.756451 -8.0719 -94.951 2.9829
-7.92367 -94.8812 2.99049 0.816492 -8.0719 -94.951 2.9829
-8.2581 -95.0553 2.97292 0.0501859 -8.0719 -94.951 2.9829
-8.05574 -95.2404 2.98617 0.22626 -8.0719 -94.951 2.9829
-8.12098 -94.8526 2.98689 0.876406 -8.0719 -94.951 2.9829
-8.0217 -94.8799 2.99032 0.756451 -8.0719 -94.951 2.9829
-8.08883 -94.9224 2.98691 1.39602 -8.0719 -94.951 2.9829
-7.92367 -94.8812 2.99049 0.816492 -8.0719 -94.951 2.9829
-8.05574 -95.2404 2.98617 0.22626 -8.0719 -94.951 2.9829
-7.98068 -94.8054 2.98407 0.688077 -8.0719 -94.951 2.9829
-8.05574 -95.2404 2.98617 0.22626 -8.0719 -94.951 2.9829
-8.08883 -94.9224 2.98691 1.39602 -8.0719 -94.951 2.9829
-8.00792 -94.9262 2.9909 0.738076 -8.0719 -94.951 2.9829
-7.79092 -94.9985 2.98934 0.475792 -8.0719 -94.951 2.9829
-8.00792 -94.9262 2.9909 0.738076 -8.0719 -94.951 2.9829
-8.2581 -95.0553 2.97292 0.0501859 -8.0719 -94.951 2.9829
-8.29164 -95.2855 2.98505 0.0217074 -8.0719 -94.951 2.9829
-8.41137 -95.0671 2.98683 0.0149992 -8.0719 -94.951 2.9829
-8.08883 -94.9224 2.98691 1.39602 -8.0719 -94.951 2.9829
-8.29604 -94.6764 2.98344 0.0303182 -8.0719 -94.951 2.9829
-8.12098 -94.8526 2.98689 0.876406 -8.0719 -94.951 2.9829
-7.94122 -95.2479 2.98477 0.178909 -8.0719 -94.951 2.9829
-8.08883 -94.9224 2.98691 1.39602 -8.0719 -94.951 2.9829
-8.18226 -94.8333 2.98845 0.317582 -8.0719 -94.951 2.9829
-7.92367 -94.8812 2.99049 0.816492 -8.0719 -94.951 2.9829
-7.98068 -94.8054 2.98407 0.688077 -8.0719 -94.951 2.9829
-8.02501 -95.1021 2.98754 0.92268 -8.0719 -94.951 2.9829
-8.2452 -94.8737 2.98255 0.533401 -8.0719 -94.951 2.9829
-7.99602 -94.978 2.99504 0.104742 -8.0719 -94.951 2.9829
-8.16186 -94.7116 2.98982 0.0755489 -8.0719 -94.951 2.9829
-8.02501 -95.1021 2.98754 0.92268 -8.0719 -94.951 2.9829
-8.02662 -94.8683 2.98125 0.733739 -8.0719 -94.951 2.9829
-8.0056 -94.8107 2.98457 0.839448 -8.0719 -94.951 2.9829
-7.92367 -94.8812 2.99049 0.816492 -8.0719 -94.951 2.9829
-8.08883 -94.9224 2.98691 1.39602 -8.0719 -94.951 2.9829
-8.0056 -94.8107 2.98457 0.839448 -8.0719 -94.951 2.9829
-8.00792 -94.9262 2.9909 0.738076 -8.0719 -94.951 2.9829
-8.35067 -94.7658 2.98149 0.056185 -8.0719 -94.951 2.9829
-8.00792 -94.9262 2.9909 0.738076 -8.0719 -94.951 2.9829
-8.0056 -94.8107 2.98457 0.839448 -8.0719 -94.951 2.9829
-7.79092 -94.9985 2.98934 0.475792 -8.0719 -94.951 2.9829
-8.02662 -94.8683 2.98125 0.733739 -8.0719 -94.951 2.9829
-8.0217 -94.8799 2.99032 0.756451 -8.0719 -94.951 2.9829
-8.31131 -94.8232 2.9841 0.151947 -8.0719 -94.951 2.9829
-8.10498 -94.9296 2.98968 0.645107 -8.0719 -94.951 2.9829
-8.00792 -94.9262 2.9909 0.738076 -8.0719 -94.951 2.9829
-7.92367 -94.8812 2.99049 0.816492 -8.0719 -94.951 2.9829
-8.05574 -95.2404 2.98617 0.22626 -8.0719 -94.951 2.9829
-8.28316 -95.2157 2.97981 0.132644 -8.0719 -94.951 2.9829
-7.99287 -94.9441 2.99472 0.138857 -8.0719 -94.951 2.9829
-8.0056 -94.8107 2.98457 0.839448 -8.0719 -94.951 2.9829
-8.02501 -95.1021 2.98754 0.92268 -8.0719 -94.951 2.9829
-7.79092 -94.9985 2.98934 0.475792 -8.0719 -94.951 2.9829
-8.2452 -94.8737 2.98255 0.533401 -8.0719 -94.951 2.9829
-7.98068 -94.8054 2.98407 0.688077 -8.0719 -94.951 2.9829
-8.02662 -94.8683 2.98125 0.733739 -8.0719 -94.951 2.9829
-7.94122 -95.2479 2.98477 0.178909 -8.0719 -94.951 2.9829
-8.08883 -94.9224 2.98691 1.39602 -8.0719 -94.951 2.9829
-8.02501 -95.1021 2.98754 0.92268 -8.0719 -94.951 2.9829
-8.08883 -94.9224 2.98691 1.39602 -8.0719 -94.951 2.9829
-8.02501 -95.1021 2.98754 0.92268 -8.0719 -94.951 2.9829
-7.79092 -94.9985 2.98934 0.475792 -8.0719 -94.951 2.9829
-8.02662 -94.8683 2.98125 0.733739 -8.0719 -94.951 2.9829
-8.02501 -95.1021 2.98754 0.92268 -8.0719 -94.951 2.9829
-7.98068 -94.8054 2.98407 0.688077 -8.0719 -94.951 2.9829
-7.99602 -94.978 2.99504 0.104742 -8.0719 -94.951 2.9829
-8.36927 -94.7887 2.98137 0.0564053 -8.0719 -94.951 2.9829
-8.10498 -94.9296 2.98968 0.645107 -8.0719 -94.951 2.9829
-8.12098 -94.8526 2.98689 0.876406 -8.0719 -94.951 2.9829
-7.97996 -94.8755 2.99623 0.0580102 -8.0719 -94.951 2.9829
-8.0217 -94.8799 2.99032 0.756451 -8.0719 -94.951 2.9829
-8.10498 -94.9296 2.98968 0.645107 -8.0719 -94.951 2.9829
