2.86825 -95.618 3.24713 0.0161807 2.7677 -95.656 3.2437
2.774 -95.3529 3.2506 0.00278128 2.7677 -95.656 3.2437
3.00372 -95.4194 3.2453 0.00129832 2.7677 -95.656 3.2437
2.89553 -95.719 3.25082 0.0097555 2.7677 -95.656 3.2437
2.6759 -95.9049 3.24601 0.00457159 2.7677 -95.656 3.2437
2.94074 -95.7313 3.25082 0.00760663 2.7677 -95.656 3.2437
2.73911 -95.547 3.25012 0.0117592 2.7677 -95.656 3.2437
2.78928 -95.4153 3.2444 0.00417462 2.7677 -95.656 3.2437
2.72489 -95.7571 3.24927 0.0103882 2.7677 -95.656 3.2437
2.72489 -95.7571 3.24927 0.0103882 2.7677 -95.656 3.2437
2.67386 -95.9157 3.24229 0.00522602 2.7677 -95.656 3.2437
3.04943 -95.8642 3.24194 0.000653613 2.7677 -95.656 3.2437
2.72489 -95.7571 3.24927 0.0103882 2.7677 -95.656 3.2437
3.00085 -95.5929 3.25108 0.00664704 2.7677 -95.656 3.2437
2.42878 -95.8564 3.24325 0.00128847 2.7677 -95.656 3.2437
2.86825 -95.618 3.24713 0.0161807 2.7677 -95.656 3.2437
2.73911 -95.547 3.25012 0.0117592 2.7677 -95.656 3.2437
2.6759 -95.9049 3.24601 0.00457159 2.7677 -95.656 3.2437
2.83533 -95.5285 3.24326 0.0081159 2.7677 -95.656 3.2437
2.73512 -95.5217 3.2466 0.0132498 2.7677 -95.656 3.2437
2.6759 -95.9049 3.24601 0.00457159 2.7677 -95.656 3.2437
2.85531 -95.9327 3.24486 0.0033692 2.7677 -95.656 3.2437
2.80681 -95.6708 3.25416 0.00525268 2.7677 -95.656 3.2437
2.71061 -96.0413 3.24531 0.000859187 2.7677 -95.656 3.2437
2.99891 -95.6142 3.25066 0.00701236 2.7677 -95.656 3.2437
2.90433 -95.4343 3.25115 0.00553195 2.7677 -95.656 3.2437
2.62327 -95.6543 3.24738 0.011391 2.7677 -95.656 3.2437
2.67386 -95.9157 3.24229 0.00522602 2.7677 -95.656 3.2437
2.80681 -95.6708 3.25416 0.00525268 2.7677 -95.656 3.2437
2.58026 -95.9818 3.23538 0.000943492 2.7677 -95.656 3.2437
2.83533 -95.5285 3.24326 0.0081159 2.7677 -95.656 3.2437
2.83533 -95.5285 3.24326 0.0081159 2.7677 -95.656 3.2437
2.85744 -95.6633 3.24628 0.0169132 2.7677 -95.656 3.2437
2.83533 -95.5285 3.24326 0.0081159 2.7677 -95.656 3.2437
2.6759 -95.9049 3.24601 0.00457159 2.7677 -95.656 3.2437
2.62861 -95.5899 3.24068 0.00854368 2.7677 -95.656 3.2437
2.62327 -95.6543 3.24738 0.011391 2.7677 -95.656 3.2437
2.94074 -95.7313 3.25082 0.00760663 2.7677 -95.656 3.2437
2.86825 -95.618 3.24713 0.0161807 2.7677 -95.656 3.2437
2.99891 -95.6142 3.25066 0.00701236 2.7677 -95.656 3.2437
2.78014 -95.9083 3.24975 0.00271181 2.7677 -95.656 3.2437
2.72489 -95.7571 3.24927 0.0103882 2.7677 -95.656 3.2437
3.00085 -95.5929 3.25108 0.00664704 2.7677 -95.656 3.2437
2.85744 -95.6633 3.24628 0.0169132 2.7677 -95.656 3.2437
2.85744 -95.6633 3.24628 0.0169132 2.7677 -95.656 3.2437
2.85744 -95.6633 3.24628 0.0169132 2.7677 -95.656 3.2437
3.00085 -95.5929 3.25108 0.00664704 2.7677 -95.656 3.2437
2.73911 -95.547 3.25012 0.0117592 2.7677 -95.656 3.2437
2.92533 -95.5991 3.25427 0.00593758 2.7677 -95.656 3.2437
3.00085 -95.5929 3.25108 0.00664704 2.7677 -95.656 3.2437
2.62861 -95.5899 3.24068 0.00854368 2.7677 -95.656 3.2437
2.52871 -95.6338 3.24375 0.00701615 2.7677 -95.656 3.2437
2.97027 -95.6429 3.25543 0.00346794 2.7677 -95.656 3.2437
2.70981 -95.7036 3.25166 0.00690208 2.7677 -95.656 3.2437
2.73911 -95.547 3.25012 0.0117592 2.7677 -95.656 3.2437
2.80973 -95.6451 3.24002 0.00729356 2.7677 -95.656 3.2437
3.00085 -95.5929 3.25108 0.00664704 2.7677 -95.656 3.2437
2.75013 -95.615 3.23262 0.000332143 2.7677 -95.656 3.2437
2.83533 -95.5285 3.24326 0.0081159 2.7677 -95.656 3.2437
3.06031 -95.8351 3.24946 0.00155962 2.7677 -95.656 3.2437
2.6759 -95.9049 3.24601 0.00457159 2.7677 -95.656 3.2437
2.67781 -95.3745 3.25565 0.000669622 2.7677 -95.656 3.2437
2.85744 -95.6633 3.24628 0.0169132 2.7677 -95.656 3.2437
2.70981 -95.7036 3.25166 0.00690208 2.7677 -95.656 3.2437
2.6759 -95.9049 3.24601 0.00457159 2.7677 -95.656 3.2437
2.6721 -95.3548 3.24937 0.00208246 2.7677 -95.656 3.2437
2.73512 -95.5217 3.2466 0.0132498 2.7677 -95.656 3.2437
3.068 -95.3622 3.25202 0.000907573 2.7677 -95.656 3.2437
2.98202 -95.7492 3.24635 0.00605133 2.7677 -95.656 3.2437
2.66298 -95.8779 3.23849 0.00483037 2.7677 -95.656 3.2437
2.72489 -95.7571 3.24927 0.0103882 2.7677 -95.656 3.2437
2.94074 -95.7313 3.25082 0.00760663 2.7677 -95.656 3.2437
2.90433 -95.4343 3.25115 0.00553195 2.7677 -95.656 3.2437
2.73911 -95.547 3.25012 0.0117592 2.7677 -95.656 3.2437
2.85744 -95.6633 3.24628 0.0169132 2.7677 -95.656 3.2437
2.86825 -95.618 3.24713 0.0161807 2.7677 -95.656 3.2437
2.6721 -95.3548 3.24937 0.00208246 2.7677 -95.656 3.2437
2.6759 -95.9049 3.24601 0.00457159 2.7677 -95.656 3.2437
2.90433 -95.4343 3.25115 0.00553195 2.7677 -95.656 3.2437
2.73512 -95.5217 3.2466 0.0132498 2.7677 -95.656 3.2437
2.97027 -95.6429 3.25543 0.00346794 2.7677 -95.656 3.2437
2.73512 -95.5217 3.2466 0.0132498 2.7677 -95.656 3.2437
2.67386 -95.9157 3.24229 0.00522602 2.7677 -95.656 3.2437
2.73925 -95.5758 3.2396 0.00619008 2.7677 -95.656 3.2437
2.80973 -95.6451 3.24002 0.00729356 2.7677 -95.656 3.2437
2.62327 -95.6543 3.24738 0.011391 2.7677 -95.656 3.2437
2.86825 -95.618 3.24713 0.0161807 2.7677 -95.656 3.2437
2.73925 -95.5758 3.2396 0.00619008 2.7677 -95.656 3.2437
2.67292 -95.8293 3.24601 0.00905014 2.7677 -95.656 3.2437
2.94074 -95.7313 3.25082 0.00760663 2.7677 -95.656 3.2437
2.66298 -95.8779 3.23849 0.00483037 2.7677 -95.656 3.2437
2.45385 -95.7358 3.23845 0.00290988 2.7677 -95.656 3.2437
2.86825 -95.618 3.24713 0.0161807 2.7677 -95.656 3.2437
2.67781 -95.3745 3.25565 0.000669622 2.7677 -95.656 3.2437
2.80681 -95.6708 3.25416 0.00525268 2.7677 -95.656 3.2437
3.00372 -95.4194 3.2453 0.00129832 2.7677 -95.656 3.2437
2.70981 -95.7036 3.25166 0.00690208 2.7677 -95.656 3.2437
2.94074 -95.7313 3.25082 0.00760663 2.7677 -95.656 3.2437
2.73911 -95.547 3.25012 0.0117592 2.7677 -95.656 3.2437
2.53248 -95.9341 3.24446 0.00163302 2.7677 -95.656 3.2437
2.79749 -95.4395 3.24197 0.00307281 2.7677 -95.656 3.2437
2.86825 -95.618 3.24713 0.0161807 2.7677 -95.656 3.2437
2.72489 -95.7571 3.24927 0.0103882 2.7677 -95.656 3.2437
2.67386 -95.9157 3.24229 0.00522602 2.7677 -95.656 3.2437
2.89553 -95.719 3.25082 0.0097555 2.7677 -95.656 3.2437
2.85744 -95.6633 3.24628 0.0169132 2.7677 -95.656 3.2437
2.52871 -95.6338 3.24375 0.00701615 2.7677 -95.656 3.2437
2.73911 -95.547 3.25012 0.0117592 2.7677 -95.656 3.2437
2.98202 -95.7492 3.24635 0.00605133 2.7677 -95.656 3.2437
2.67292 -95.8293 3.24601 0.00905014 2.7677 -95.656 3.2437
2.94074 -95.7313 3.25082 0.00760663 2.7677 -95.656 3.2437
2.86825 -95.618 3.24713 0.0161807 2.7677 -95.656 3.2437
2.73911 -95.547 3.25012 0.0117592 2.7677 -95.656 3.2437
2.62327 -95.6543 3.24738 0.011391 2.7677 -95.656 3.2437
2.85744 -95.6633 3.24628 0.0169132 2.7677 -95.656 3.2437
2.83533 -95.5285 3.24326 0.0081159 2.7677 -95.656 3.2437
2.73911 -95.547 3.25012 0.0117592 2.7677 -95.656 3.2437
2.86825 -95.618 3.24713 0.0161807 2.7677 -95.656 3.2437
2.78928 -95.4153 3.2444 0.00417462 2.7677 -95.656 3.2437
3.07571 -95.5666 3.24394 0.00111772 2.7677 -95.656 3.2437
2.72489 -95.7571 3.24927 0.0103882 2.7677 -95.656 3.2437
2.91711 -95.5859 3.23814 0.00109723 2.7677 -95.656 3.2437
2.80681 -95.6708 3.25416 0.00525268 2.7677 -95.656 3.2437
2.80681 -95.6708 3.25416 0.00525268 2.7677 -95.656 3.2437
2.89553 -95.719 3.25082 0.0097555 2.7677 -95.656 3.2437
2.99891 -95.6142 3.25066 0.00701236 2.7677 -95.656 3.2437
2.78791 -95.6816 3.23614 0.00222663 2.7677 -95.656 3.2437
2.83533 -95.5285 3.24326 0.0081159 2.7677 -95.656 3.2437
3.05832 -95.5797 3.25463 0.00267886 2.7677 -95.656 3.2437
2.98202 -95.7492 3.24635 0.00605133 2.7677 -95.656 3.2437
3.04943 -95.8642 3.24194 0.000653613 2.7677 -95.656 3.2437
2.99891 -95.6142 3.25066 0.00701236 2.7677 -95.656 3.2437
2.73512 -95.5217 3.2466 0.0132498 2.7677 -95.656 3.2437
2.62327 -95.6543 3.24738 0.011391 2.7677 -95.656 3.2437
2.73512 -95.5217 3.2466 0.0132498 2.7677 -95.656 3.2437
2.85531 -95.9327 3.24486 0.0033692 2.7677 -95.656 3.2437
2.78791 -95.6816 3.23614 0.00222663 2.7677 -95.656 3.2437
2.70981 -95.7036 3.25166 0.00690208 2.7677 -95.656 3.2437
2.45385 -95.7358 3.23845 0.00290988 2.7677 -95.656 3.2437
2.99891 -95.6142 3.25066 0.00701236 2.7677 -95.656 3.2437
2.52871 -95.6338 3.24375 0.00701615 2.7677 -95.656 3.2437
2.52871 -95.6338 3.24375 0.00701615 2.7677 -95.656 3.2437
2.89553 -95.719 3.25082 0.0097555 2.7677 -95.656 3.2437
3.00085 -95.5929 3.25108 0.00664704 2.7677 -95.656 3.2437
2.72489 -95.7571 3.24927 0.0103882 2.7677 -95.656 3.2437
2.62115 -95.8496 3.24874 0.00326022 2.7677 -95.656 3.2437
2.52871 -95.6338 3.24375 0.00701615 2.7677 -95.656 3.2437
2.80973 -95.6451 3.24002 0.00729356 2.7677 -95.656 3.2437
2.83533 -95.5285 3.24326 0.0081159 2.7677 -95.656 3.2437
2.70981 -95.7036 3.25166 0.00690208 2.7677 -95.656 3.2437
2.97027 -95.6429 3.25543 0.00346794 2.7677 -95.656 3.2437
2.53248 -95.9341 3.24446 0.00163302 2.7677 -95.656 3.2437
2.62327 -95.6543 3.24738 0.011391 2.7677 -95.656 3.2437
2.45385 -95.7358 3.23845 0.00290988 2.7677 -95.656 3.2437
2.73925 -95.5758 3.2396 0.00619008 2.7677 -95.656 3.2437
3.04943 -95.8642 3.24194 0.000653613 2.7677 -95.656 3.2437
2.62327 -95.6543 3.24738 0.011391 2.7677 -95.656 3.2437
2.80973 -95.6451 3.24002 0.00729356 2.7677 -95.656 3.2437
2.80973 -95.6451 3.24002 0.00729356 2.7677 -95.656 3.2437
2.774 -95.3529 3.2506 0.00278128 2.7677 -95.656 3.2437
3.08061 -95.683 3.2537 0.00211577 2.7677 -95.656 3.2437
2.80681 -95.6708 3.25416 0.00525268 2.7677 -95.656 3.2437
2.62861 -95.5899 3.24068 0.00854368 2.7677 -95.656 3.2437
2.79749 -95.4395 3.24197 0.00307281 2.7677 -95.656 3.2437
2.83533 -95.5285 3.24326 0.0081159 2.7677 -95.656 3.2437
2.98202 -95.7492 3.24635 0.00605133 2.7677 -95.656 3.2437
3.06031 -95.8351 3.24946 0.00155962 2.7677 -95.656 3.2437
2.67292 -95.8293 3.24601 0.00905014 2.7677 -95.656 3.2437
2.97027 -95.6429 3.25543 0.00346794 2.7677 -95.656 3.2437
2.94074 -95.7313 3.25082 0.00760663 2.7677 -95.656 3.2437
2.52871 -95.6338 3.24375 0.00701615 2.7677 -95.656 3.2437
2.62861 -95.5899 3.24068 0.00854368 2.7677 -95.656 3.2437
2.68056 -95.4778 3.25669 0.000871997 2.7677 -95.656 3.2437
2.73911 -95.547 3.25012 0.0117592 2.7677 -95.656 3.2437
2.62115 -95.8496 3.24874 0.00326022 2.7677 -95.656 3.2437
2.52871 -95.6338 3.24375 0.00701615 2.7677 -95.656 3.2437
2.98202 -95.7492 3.24635 0.00605133 2.7677 -95.656 3.2437
2.73911 -95.547 3.25012 0.0117592 2.7677 -95.656 3.2437
2.64892 -95.7056 3.25737 0.000326427 2.7677 -95.656 3.2437
2.92533 -95.5991 3.25427 0.00593758 2.7677 -95.656 3.2437
2.83533 -95.5285 3.24326 0.0081159 2.7677 -95.656 3.2437
3.08061 -95.683 3.2537 0.00211577 2.7677 -95.656 3.2437
2.94074 -95.7313 3.25082 0.00760663 2.7677 -95.656 3.2437
2.99891 -95.6142 3.25066 0.00701236 2.7677 -95.656 3.2437
2.78928 -95.4153 3.2444 0.00417462 2.7677 -95.656 3.2437
2.67386 -95.9157 3.24229 0.00522602 2.7677 -95.656 3.2437
2.62861 -95.5899 3.24068 0.00854368 2.7677 -95.656 3.2437
2.86825 -95.618 3.24713 0.0161807 2.7677 -95.656 3.2437
2.92533 -95.5991 3.25427 0.00593758 2.7677 -95.656 3.2437
2.80681 -95.6708 3.25416 0.00525268 2.7677 -95.656 3.2437
2.45385 -95.7358 3.23845 0.00290988 2.7677 -95.656 3.2437
2.67292 -95.8293 3.24601 0.00905014 2.7677 -95.656 3.2437
2.52871 -95.6338 3.24375 0.00701615 2.7677 -95.656 3.2437
2.80973 -95.6451 3.24002 0.00729356 2.7677 -95.656 3.2437
3.15812 -95.7095 3.25779 0.000300544 2.7677 -95.656 3.2437
2.62327 -95.6543 3.24738 0.011391 2.7677 -95.656 3.2437
2.85744 -95.6633 3.24628 0.0169132 2.7677 -95.656 3.2437
2.6721 -95.3548 3.24937 0.00208246 2.7677 -95.656 3.2437
2.86825 -95.618 3.24713 0.0161807 2.7677 -95.656 3.2437
2.52871 -95.6338 3.24375 0.00701615 2.7677 -95.656 3.2437
