75.1871 -40.509 3.7338 0.0320084 75.211 -40.344 3.7396
75.2179 -40.3018 3.7321 0.00618845 75.211 -40.344 3.7396
75.2909 -40.5144 3.72928 0.00480061 75.211 -40.344 3.7396
75.1255 -40.3728 3.7341 0.0415586 75.211 -40.344 3.7396
74.9543 -40.3738 3.73409 0.00927522 75.211 -40.344 3.7396
74.9978 -40.3532 3.73328 0.0127874 75.211 -40.344 3.7396
75.1255 -40.3728 3.7341 0.0415586 75.211 -40.344 3.7396
75.1871 -40.509 3.7338 0.0320084 75.211 -40.344 3.7396
75.2179 -40.3018 3.7321 0.00618845 75.211 -40.344 3.7396
74.9383 -40.4988 3.74247 4.78025e-05 75.211 -40.344 3.7396
74.963 -40.1307 3.73875 0.000809485 75.211 -40.344 3.7396
75.1213 -40.3963 3.73495 0.0485702 75.211 -40.344 3.7396
75.1213 -40.3963 3.73495 0.0485702 75.211 -40.344 3.7396
75.2205 -40.4919 3.7344 0.026073 75.211 -40.344 3.7396
75.2441 -40.6363 3.72645 0.00207865 75.211 -40.344 3.7396
75.1871 -40.509 3.7338 0.0320084 75.211 -40.344 3.7396
75.1213 -40.3963 3.73495 0.0485702 75.211 -40.344 3.7396
75.1871 -40.509 3.7338 0.0320084 75.211 -40.344 3.7396
75.0845 -40.3466 3.73931 0.0189604 75.211 -40.344 3.7396
75.1255 -40.3728 3.7341 0.0415586 75.211 -40.344 3.7396
75.1213 -40.3963 3.73495 0.0485702 75.211 -40.344 3.7396
75.0794 -40.66 3.73308 0.00483732 75.211 -40.344 3.7396
75.1045 -40.2583 3.73725 0.0202819 75.211 -40.344 3.7396
75.1255 -40.3728 3.7341 0.0415586 75.211 -40.344 3.7396
74.9978 -40.3532 3.73328 0.0127874 75.211 -40.344 3.7396
75.0209 -40.4334 3.73588 0.024554 75.211 -40.344 3.7396
75.0845 -40.3466 3.73931 0.0189604 75.211 -40.344 3.7396
75.1255 -40.3728 3.7341 0.0415586 75.211 -40.344 3.7396
75.1045 -40.2583 3.73725 0.0202819 75.211 -40.344 3.7396
75.2179 -40.3018 3.7321 0.00618845 75.211 -40.344 3.7396
74.9528 -40.512 3.73464 0.00714568 75.211 -40.344 3.7396
75.1255 -40.3728 3.7341 0.0415586 75.211 -40.344 3.7396
75.1255 -40.3728 3.7341 0.0415586 75.211 -40.344 3.7396
75.2205 -40.4919 3.7344 0.026073 75.211 -40.344 3.7396
75.1045 -40.2583 3.73725 0.0202819 75.211 -40.344 3.7396
75.1213 -40.3963 3.73495 0.0485702 75.211 -40.344 3.7396
75.2205 -40.4919 3.7344 0.026073 75.211 -40.344 3.7396
75.295 -40.1579 3.74075 0.00108331 75.211 -40.344 3.7396
75.1109 -40.409 3.72966 0.0107007 75.211 -40.344 3.7396
75.1255 -40.3728 3.7341 0.0415586 75.211 -40.344 3.7396
75.1109 -40.409 3.72966 0.0107007 75.211 -40.344 3.7396
75.1213 -40.3963 3.73495 0.0485702 75.211 -40.344 3.7396
75.2909 -40.5144 3.72928 0.00480061 75.211 -40.344 3.7396
75.1871 -40.509 3.7338 0.0320084 75.211 -40.344 3.7396
75.1045 -40.2583 3.73725 0.0202819 75.211 -40.344 3.7396
75.0845 -40.3466 3.73931 0.0189604 75.211 -40.344 3.7396
75.1045 -40.2583 3.73725 0.0202819 75.211 -40.344 3.7396
75.1871 -40.509 3.7338 0.0320084 75.211 -40.344 3.7396
75.1213 -40.3963 3.73495 0.0485702 75.211 -40.344 3.7396
75.1255 -40.3728 3.7341 0.0415586 75.211 -40.344 3.7396
75.0845 -40.3466 3.73931 0.0189604 75.211 -40.344 3.7396
75.3038 -40.5064 3.72905 0.00342484 75.211 -40.344 3.7396
75.2909 -40.5144 3.72928 0.00480061 75.211 -40.344 3.7396
74.9978 -40.3532 3.73328 0.0127874 75.211 -40.344 3.7396
75.1213 -40.3963 3.73495 0.0485702 75.211 -40.344 3.7396
75.2205 -40.4919 3.7344 0.026073 75.211 -40.344 3.7396
75.0845 -40.3466 3.73931 0.0189604 75.211 -40.344 3.7396
75.1255 -40.3728 3.7341 0.0415586 75.211 -40.344 3.7396
75.1109 -40.409 3.72966 0.0107007 75.211 -40.344 3.7396
75.0845 -40.3466 3.73931 0.0189604 75.211 -40.344 3.7396
75.2205 -40.4919 3.7344 0.026073 75.211 -40.344 3.7396
75.0845 -40.3466 3.73931 0.0189604 75.211 -40.344 3.7396
75.1213 -40.3963 3.73495 0.0485702 75.211 -40.344 3.7396
75.1213 -40.3963 3.73495 0.0485702 75.211 -40.344 3.7396
75.2205 -40.4919 3.7344 0.026073 75.211 -40.344 3.7396
75.1213 -40.3963 3.73495 0.0485702 75.211 -40.344 3.7396
75.2205 -40.4919 3.7344 0.026073 75.211 -40.344 3.7396
75.2179 -40.3018 3.7321 0.00618845 75.211 -40.344 3.7396
75.1255 -40.3728 3.7341 0.0415586 75.211 -40.344 3.7396
75.0845 -40.3466 3.73931 0.0189604 75.211 -40.344 3.7396
75.1255 -40.3728 3.7341 0.0415586 75.211 -40.344 3.7396
75.1255 -40.3728 3.7341 0.0415586 75.211 -40.344 3.7396
75.3038 -40.5064 3.72905 0.00342484 75.211 -40.344 3.7396
75.1871 -40.509 3.7338 0.0320084 75.211 -40.344 3.7396
75.1255 -40.3728 3.7341 0.0415586 75.211 -40.344 3.7396
75.1 -40.1488 3.73454 0.00111365 75.211 -40.344 3.7396
75.1213 -40.3963 3.73495 0.0485702 75.211 -40.344 3.7396
75.2205 -40.4919 3.7344 0.026073 75.211 -40.344 3.7396
75.2179 -40.3018 3.7321 0.00618845 75.211 -40.344 3.7396
75.0209 -40.4334 3.73588 0.024554 75.211 -40.344 3.7396
75.1213 -40.3963 3.73495 0.0485702 75.211 -40.344 3.7396
75.0845 -40.3466 3.73931 0.0189604 75.211 -40.344 3.7396
75.0209 -40.4334 3.73588 0.024554 75.211 -40.344 3.7396
75.1213 -40.3963 3.73495 0.0485702 75.211 -40.344 3.7396
75.1213 -40.3963 3.73495 0.0485702 75.211 -40.344 3.7396
75.1213 -40.3963 3.73495 0.0485702 75.211 -40.344 3.7396
75.2205 -40.4919 3.7344 0.026073 75.211 -40.344 3.7396
75.2205 -40.4919 3.7344 0.026073 75.211 -40.344 3.7396
75.1213 -40.3963 3.73495 0.0485702 75.211 -40.344 3.7396
74.9978 -40.3532 3.73328 0.0127874 75.211 -40.344 3.7396
75.0845 -40.3466 3.73931 0.0189604 75.211 -40.344 3.7396
75.365 -40.2536 3.73965 0.000872318 75.211 -40.344 3.7396
75.1213 -40.3963 3.73495 0.0485702 75.211 -40.344 3.7396
75.2205 -40.4919 3.7344 0.026073 75.211 -40.344 3.7396
75.1255 -40.3728 3.7341 0.0415586 75.211 -40.344 3.7396
75.1255 -40.3728 3.7341 0.0415586 75.211 -40.344 3.7396
75.1109 -40.409 3.72966 0.0107007 75.211 -40.344 3.7396
75.0209 -40.4334 3.73588 0.024554 75.211 -40.344 3.7396
75.1871 -40.509 3.7338 0.0320084 75.211 -40.344 3.7396
75.1213 -40.3963 3.73495 0.0485702 75.211 -40.344 3.7396
75.1255 -40.3728 3.7341 0.0415586 75.211 -40.344 3.7396
75.1255 -40.3728 3.7341 0.0415586 75.211 -40.344 3.7396
75.1255 -40.3728 3.7341 0.0415586 75.211 -40.344 3.7396
75.1871 -40.509 3.7338 0.0320084 75.211 -40.344 3.7396
75.1213 -40.3963 3.73495 0.0485702 75.211 -40.344 3.7396
75.1213 -40.3963 3.73495 0.0485702 75.211 -40.344 3.7396
75.365 -40.2536 3.73965 0.000872318 75.211 -40.344 3.7396
75.1871 -40.509 3.7338 0.0320084 75.211 -40.344 3.7396
75.1213 -40.3963 3.73495 0.0485702 75.211 -40.344 3.7396
75.1213 -40.3963 3.73495 0.0485702 75.211 -40.344 3.7396
75.0209 -40.4334 3.73588 0.024554 75.211 -40.344 3.7396
75.1255 -40.3728 3.7341 0.0415586 75.211 -40.344 3.7396
75.1109 -40.409 3.72966 0.0107007 75.211 -40.344 3.7396
75.2205 -40.4919 3.7344 0.026073 75.211 -40.344 3.7396
75.0209 -40.4334 3.73588 0.024554 75.211 -40.344 3.7396
75.1213 -40.3963 3.73495 0.0485702 75.211 -40.344 3.7396
75.1255 -40.3728 3.7341 0.0415586 75.211 -40.344 3.7396
75.1045 -40.2583 3.73725 0.0202819 75.211 -40.344 3.7396
75.1045 -40.2583 3.73725 0.0202819 75.211 -40.344 3.7396
75.0209 -40.4334 3.73588 0.024554 75.211 -40.344 3.7396
75.1213 -40.3963 3.73495 0.0485702 75.211 -40.344 3.7396
75.1109 -40.409 3.72966 0.0107007 75.211 -40.344 3.7396
75.0209 -40.4334 3.73588 0.024554 75.211 -40.344 3.7396
75.0209 -40.4334 3.73588 0.024554 75.211 -40.344 3.7396
75.0209 -40.4334 3.73588 0.024554 75.211 -40.344 3.7396
75.1213 -40.3963 3.73495 0.0485702 75.211 -40.344 3.7396
75.1255 -40.3728 3.7341 0.0415586 75.211 -40.344 3.7396
75.1255 -40.3728 3.7341 0.0415586 75.211 -40.344 3.7396
75.1871 -40.509 3.7338 0.0320084 75.211 -40.344 3.7396
75.2521 -40.5711 3.73722 0.00219214 75.211 -40.344 3.7396
75.2521 -40.5711 3.73722 0.00219214 75.211 -40.344 3.7396
75.1045 -40.2583 3.73725 0.0202819 75.211 -40.344 3.7396
75.1045 -40.2583 3.73725 0.0202819 75.211 -40.344 3.7396
75.4506 -40.4082 3.73518 0.000264842 75.211 -40.344 3.7396
75.1045 -40.2583 3.73725 0.0202819 75.211 -40.344 3.7396
74.9978 -40.3532 3.73328 0.0127874 75.211 -40.344 3.7396
75.1255 -40.3728 3.7341 0.0415586 75.211 -40.344 3.7396
75.1255 -40.3728 3.7341 0.0415586 75.211 -40.344 3.7396
75.0209 -40.4334 3.73588 0.024554 75.211 -40.344 3.7396
75.3515 -40.2899 3.73492 0.00183988 75.211 -40.344 3.7396
75.1871 -40.509 3.7338 0.0320084 75.211 -40.344 3.7396
75.2205 -40.4919 3.7344 0.026073 75.211 -40.344 3.7396
75.0209 -40.4334 3.73588 0.024554 75.211 -40.344 3.7396
75.1045 -40.2583 3.73725 0.0202819 75.211 -40.344 3.7396
75.1871 -40.509 3.7338 0.0320084 75.211 -40.344 3.7396
74.9543 -40.3738 3.73409 0.00927522 75.211 -40.344 3.7396
75.2179 -40.3018 3.7321 0.00618845 75.211 -40.344 3.7396
75.1045 -40.2583 3.73725 0.0202819 75.211 -40.344 3.7396
75.1045 -40.2583 3.73725 0.0202819 75.211 -40.344 3.7396
75.2205 -40.4919 3.7344 0.026073 75.211 -40.344 3.7396
75.1213 -40.3963 3.73495 0.0485702 75.211 -40.344 3.7396
75.1213 -40.3963 3.73495 0.0485702 75.211 -40.344 3.7396
75.1255 -40.3728 3.7341 0.0415586 75.211 -40.344 3.7396
75.0845 -40.3466 3.73931 0.0189604 75.211 -40.344 3.7396
75.1213 -40.3963 3.73495 0.0485702 75.211 -40.344 3.7396
75.2205 -40.4919 3.7344 0.026073 75.211 -40.344 3.7396
75.0722 -40.1409 3.74299 0.00167186 75.211 -40.344 3.7396
75.1213 -40.3963 3.73495 0.0485702 75.211 -40.344 3.7396
75.1213 -40.3963 3.73495 0.0485702 75.211 -40.344 3.7396
75.1213 -40.3963 3.73495 0.0485702 75.211 -40.344 3.7396
75.0845 -40.3466 3.73931 0.0189604 75.211 -40.344 3.7396
75.0209 -40.4334 3.73588 0.024554 75.211 -40.344 3.7396
75.1255 -40.3728 3.7341 0.0415586 75.211 -40.344 3.7396
75.0794 -40.66 3.73308 0.00483732 75.211 -40.344 3.7396
75.1213 -40.3963 3.73495 0.0485702 75.211 -40.344 3.7396
75.0845 -40.3466 3.73931 0.0189604 75.211 -40.344 3.7396
75.1871 -40.509 3.7338 0.0320084 75.211 -40.344 3.7396
75.0845 -40.3466 3.73931 0.0189604 75.211 -40.344 3.7396
75.1255 -40.3728 3.7341 0.0415586 75.211 -40.344 3.7396
75.1045 -40.2583 3.73725 0.0202819 75.211 -40.344 3.7396
75.1255 -40.3728 3.7341 0.0415586 75.211 -40.344 3.7396
75.0845 -40.3466 3.73931 0.0189604 75.211 -40.344 3.7396
75.2205 -40.4919 3.7344 0.026073 75.211 -40.344 3.7396
75.2205 -40.4919 3.7344 0.026073 75.211 -40.344 3.7396
75.0722 -40.1409 3.74299 0.00167186 75.211 -40.344 3.7396
75.1213 -40.3963 3.73495 0.0485702 75.211 -40.344 3.7396
75.2205 -40.4919 3.7344 0.026073 75.211 -40.344 3.7396
75.1871 -40.509 3.7338 0.0320084 75.211 -40.344 3.7396
75.1 -40.1488 3.73454 0.00111365 75.211 -40.344 3.7396
75.1045 -40.2583 3.73725 0.0202819 75.211 -40.344 3.7396
75.0845 -40.3466 3.73931 0.0189604 75.211 -40.344 3.7396
75.1213 -40.3963 3.73495 0.0485702 75.211 -40.344 3.7396
75.1213 -40.3963 3.73495 0.0485702 75.211 -40.344 3.7396
75.3515 -40.2899 3.73492 0.00183988 75.211 -40.344 3.7396
75.1871 -40.509 3.7338 0.0320084 75.211 -40.344 3.7396
75.1213 -40.3963 3.73495 0.0485702 75.211 -40.344 3.7396
75.1871 -40.509 3.7338 0.0320084 75.211 -40.344 3.7396
75.1871 -40.509 3.7338 0.0320084 75.211 -40.344 3.7396
75.2205 -40.4919 3.7344 0.026073 75.211 -40.344 3.7396
74.9978 -40.3532 3.73328 0.0127874 75.211 -40.344 3.7396
75.0209 -40.4334 3.73588 0.024554 75.211 -40.344 3.7396
75.1871 -40.509 3.7338 0.0320084 75.211 -40.344 3.7396
75.1055 -40.0878 3.7378 0.000891871 75.211 -40.344 3.7396
75.1213 -40.3963 3.73495 0.0485702 75.211 -40.344 3.7396
75.3538 -40.4145 3.73927 0.00108497 75.211 -40.344 3.7396
75.1871 -40.509 3.7338 0.0320084 75.211 -40.344 3.7396
75.1213 -40.3963 3.73495 0.0485702 75.211 -40.344 3.7396
75.1871 -40.509 3.7338 0.0320084 75.211 -40.344 3.7396
74.9543 -40.3738 3.73409 0.00927522 75.211 -40.344 3.7396
75.2179 -40.3018 3.7321 0.00618845 75.211 -40.344 3.7396
