0.0800492 3.564 0.300616 0.0202128 0.038016 3.6873 0.30243
0.103472 3.79194 0.300494 0.0892901 0.038016 3.6873 0.30243
0.196879 3.70878 0.298537 0.0341604 0.038016 3.6873 0.30243
0.112299 3.88728 0.293136 0.0100736 0.038016 3.6873 0.30243
0.103472 3.79194 0.300494 0.0892901 0.038016 3.6873 0.30243
0.196879 3.70878 0.298537 0.0341604 0.038016 3.6873 0.30243
-0.140598 3.77376 0.303731 0.0518411 0.038016 3.6873 0.30243
-0.247178 3.81476 0.299384 0.0025684 0.038016 3.6873 0.30243
0.103472 3.79194 0.300494 0.0892901 0.038016 3.6873 0.30243
-0.140598 3.77376 0.303731 0.0518411 0.038016 3.6873 0.30243
0.199904 3.66424 0.298293 0.0240121 0.038016 3.6873 0.30243
-0.0245526 3.54722 0.298847 0.0143237 0.038016 3.6873 0.30243
0.225129 3.75819 0.298465 0.0221032 0.038016 3.6873 0.30243
0.103472 3.79194 0.300494 0.0892901 0.038016 3.6873 0.30243
0.103472 3.79194 0.300494 0.0892901 0.038016 3.6873 0.30243
-0.140598 3.77376 0.303731 0.0518411 0.038016 3.6873 0.30243
0.159554 3.74182 0.296942 0.0676573 0.038016 3.6873 0.30243
-0.10764 3.71327 0.307584 0.0115555 0.038016 3.6873 0.30243
-0.0386651 3.73949 0.298012 0.103466 0.038016 3.6873 0.30243
-0.0579785 3.74578 0.304681 0.0611357 0.038016 3.6873 0.30243
0.0696318 3.79915 0.302623 0.0586224 0.038016 3.6873 0.30243
-0.209712 3.77909 0.309607 0.00135727 0.038016 3.6873 0.30243
-0.0579785 3.74578 0.304681 0.0611357 0.038016 3.6873 0.30243
0.103472 3.79194 0.300494 0.0892901 0.038016 3.6873 0.30243
-0.0386651 3.73949 0.298012 0.103466 0.038016 3.6873 0.30243
0.103472 3.79194 0.300494 0.0892901 0.038016 3.6873 0.30243
-0.0245526 3.54722 0.298847 0.0143237 0.038016 3.6873 0.30243
0.0696318 3.79915 0.302623 0.0586224 0.038016 3.6873 0.30243
0.0465178 3.71072 0.304013 0.0459657 0.038016 3.6873 0.30243
0.0697545 3.64847 0.297585 0.0718784 0.038016 3.6873 0.30243
0.0697545 3.64847 0.297585 0.0718784 0.038016 3.6873 0.30243
0.159554 3.74182 0.296942 0.0676573 0.038016 3.6873 0.30243
-0.0052868 3.93557 0.301798 0.0181021 0.038016 3.6873 0.30243
0.159554 3.74182 0.296942 0.0676573 0.038016 3.6873 0.30243
0.0697545 3.64847 0.297585 0.0718784 0.038016 3.6873 0.30243
0.196879 3.70878 0.298537 0.0341604 0.038016 3.6873 0.30243
0.103472 3.79194 0.300494 0.0892901 0.038016 3.6873 0.30243
0.103472 3.79194 0.300494 0.0892901 0.038016 3.6873 0.30243
0.159554 3.74182 0.296942 0.0676573 0.038016 3.6873 0.30243
-0.0386651 3.73949 0.298012 0.103466 0.038016 3.6873 0.30243
-0.0052868 3.93557 0.301798 0.0181021 0.038016 3.6873 0.30243
0.176393 3.95878 0.301551 0.00152921 0.038016 3.6873 0.30243
-0.0386651 3.73949 0.298012 0.103466 0.038016 3.6873 0.30243
0.103472 3.79194 0.300494 0.0892901 0.038016 3.6873 0.30243
0.199904 3.66424 0.298293 0.0240121 0.038016 3.6873 0.30243
0.0696318 3.79915 0.302623 0.0586224 0.038016 3.6873 0.30243
-0.140598 3.77376 0.303731 0.0518411 0.038016 3.6873 0.30243
0.112299 3.88728 0.293136 0.0100736 0.038016 3.6873 0.30243
0.159554 3.74182 0.296942 0.0676573 0.038016 3.6873 0.30243
0.103472 3.79194 0.300494 0.0892901 0.038016 3.6873 0.30243
-0.0386651 3.73949 0.298012 0.103466 0.038016 3.6873 0.30243
0.159554 3.74182 0.296942 0.0676573 0.038016 3.6873 0.30243
0.196879 3.70878 0.298537 0.0341604 0.038016 3.6873 0.30243
0.103472 3.79194 0.300494 0.0892901 0.038016 3.6873 0.30243
-0.275139 3.72981 0.304498 0.00526356 0.038016 3.6873 0.30243
0.0697545 3.64847 0.297585 0.0718784 0.038016 3.6873 0.30243
-0.0579785 3.74578 0.304681 0.0611357 0.038016 3.6873 0.30243
-0.0386651 3.73949 0.298012 0.103466 0.038016 3.6873 0.30243
-0.0579785 3.74578 0.304681 0.0611357 0.038016 3.6873 0.30243
0.199904 3.66424 0.298293 0.0240121 0.038016 3.6873 0.30243
0.199904 3.66424 0.298293 0.0240121 0.038016 3.6873 0.30243
0.0696318 3.79915 0.302623 0.0586224 0.038016 3.6873 0.30243
0.0465178 3.71072 0.304013 0.0459657 0.038016 3.6873 0.30243
0.159554 3.74182 0.296942 0.0676573 0.038016 3.6873 0.30243
0.0800492 3.564 0.300616 0.0202128 0.038016 3.6873 0.30243
0.0465178 3.71072 0.304013 0.0459657 0.038016 3.6873 0.30243
0.0697545 3.64847 0.297585 0.0718784 0.038016 3.6873 0.30243
0.103472 3.79194 0.300494 0.0892901 0.038016 3.6873 0.30243
0.159554 3.74182 0.296942 0.0676573 0.038016 3.6873 0.30243
-0.0052868 3.93557 0.301798 0.0181021 0.038016 3.6873 0.30243
0.0465178 3.71072 0.304013 0.0459657 0.038016 3.6873 0.30243
0.196879 3.70878 0.298537 0.0341604 0.038016 3.6873 0.30243
0.0697545 3.64847 0.297585 0.0718784 0.038016 3.6873 0.30243
-0.0386651 3.73949 0.298012 0.103466 0.038016 3.6873 0.30243
0.159554 3.74182 0.296942 0.0676573 0.038016 3.6873 0.30243
0.0696318 3.79915 0.302623 0.0586224 0.038016 3.6873 0.30243
-0.140598 3.77376 0.303731 0.0518411 0.038016 3.6873 0.30243
0.0696318 3.79915 0.302623 0.0586224 0.038016 3.6873 0.30243
0.103472 3.79194 0.300494 0.0892901 0.038016 3.6873 0.30243
0.159554 3.74182 0.296942 0.0676573 0.038016 3.6873 0.30243
0.0697545 3.64847 0.297585 0.0718784 0.038016 3.6873 0.30243
0.103472 3.79194 0.300494 0.0892901 0.038016 3.6873 0.30243
0.0696318 3.79915 0.302623 0.0586224 0.038016 3.6873 0.30243
0.103472 3.79194 0.300494 0.0892901 0.038016 3.6873 0.30243
-0.0579785 3.74578 0.304681 0.0611357 0.038016 3.6873 0.30243
0.225129 3.75819 0.298465 0.0221032 0.038016 3.6873 0.30243
0.0696318 3.79915 0.302623 0.0586224 0.038016 3.6873 0.30243
0.0800492 3.564 0.300616 0.0202128 0.038016 3.6873 0.30243
-0.0386651 3.73949 0.298012 0.103466 0.038016 3.6873 0.30243
0.196879 3.70878 0.298537 0.0341604 0.038016 3.6873 0.30243
0.231793 3.63912 0.298912 0.00859887 0.038016 3.6873 0.30243
0.112299 3.88728 0.293136 0.0100736 0.038016 3.6873 0.30243
0.0696318 3.79915 0.302623 0.0586224 0.038016 3.6873 0.30243
0.103472 3.79194 0.300494 0.0892901 0.038016 3.6873 0.30243
-0.0579785 3.74578 0.304681 0.0611357 0.038016 3.6873 0.30243
0.159554 3.74182 0.296942 0.0676573 0.038016 3.6873 0.30243
0.225129 3.75819 0.298465 0.0221032 0.038016 3.6873 0.30243
0.0465178 3.71072 0.304013 0.0459657 0.038016 3.6873 0.30243
0.159554 3.74182 0.296942 0.0676573 0.038016 3.6873 0.30243
0.0465178 3.71072 0.304013 0.0459657 0.038016 3.6873 0.30243
0.0696318 3.79915 0.302623 0.0586224 0.038016 3.6873 0.30243
-0.0386651 3.73949 0.298012 0.103466 0.038016 3.6873 0.30243
-0.10764 3.71327 0.307584 0.0115555 0.038016 3.6873 0.30243
0.103472 3.79194 0.300494 0.0892901 0.038016 3.6873 0.30243
0.103472 3.79194 0.300494 0.0892901 0.038016 3.6873 0.30243
-0.10764 3.71327 0.307584 0.0115555 0.038016 3.6873 0.30243
0.0976918 3.9775 0.294775 0.00437697 0.038016 3.6873 0.30243
0.196879 3.70878 0.298537 0.0341604 0.038016 3.6873 0.30243
-0.117496 3.8804 0.30378 0.0206192 0.038016 3.6873 0.30243
0.225129 3.75819 0.298465 0.0221032 0.038016 3.6873 0.30243
-0.0386651 3.73949 0.298012 0.103466 0.038016 3.6873 0.30243
-0.059458 3.84857 0.294741 0.00935693 0.038016 3.6873 0.30243
0.159554 3.74182 0.296942 0.0676573 0.038016 3.6873 0.30243
-0.140598 3.77376 0.303731 0.0518411 0.038016 3.6873 0.30243
0.0697545 3.64847 0.297585 0.0718784 0.038016 3.6873 0.30243
0.0465178 3.71072 0.304013 0.0459657 0.038016 3.6873 0.30243
-0.0386651 3.73949 0.298012 0.103466 0.038016 3.6873 0.30243
0.103472 3.79194 0.300494 0.0892901 0.038016 3.6873 0.30243
0.103472 3.79194 0.300494 0.0892901 0.038016 3.6873 0.30243
0.103472 3.79194 0.300494 0.0892901 0.038016 3.6873 0.30243
0.103472 3.79194 0.300494 0.0892901 0.038016 3.6873 0.30243
-0.0386651 3.73949 0.298012 0.103466 0.038016 3.6873 0.30243
-0.140598 3.77376 0.303731 0.0518411 0.038016 3.6873 0.30243
0.103472 3.79194 0.300494 0.0892901 0.038016 3.6873 0.30243
0.103472 3.79194 0.300494 0.0892901 0.038016 3.6873 0.30243
-0.0579785 3.74578 0.304681 0.0611357 0.038016 3.6873 0.30243
0.0696318 3.79915 0.302623 0.0586224 0.038016 3.6873 0.30243
0.0696318 3.79915 0.302623 0.0586224 0.038016 3.6873 0.30243
0.103472 3.79194 0.300494 0.0892901 0.038016 3.6873 0.30243
0.199904 3.66424 0.298293 0.0240121 0.038016 3.6873 0.30243
-0.117496 3.8804 0.30378 0.0206192 0.038016 3.6873 0.30243
-0.140598 3.77376 0.303731 0.0518411 0.038016 3.6873 0.30243
0.0696318 3.79915 0.302623 0.0586224 0.038016 3.6873 0.30243
-0.0579785 3.74578 0.304681 0.0611357 0.038016 3.6873 0.30243
0.103472 3.79194 0.300494 0.0892901 0.038016 3.6873 0.30243
0.159554 3.74182 0.296942 0.0676573 0.038016 3.6873 0.30243
-0.140598 3.77376 0.303731 0.0518411 0.038016 3.6873 0.30243
0.196879 3.70878 0.298537 0.0341604 0.038016 3.6873 0.30243
-0.0052868 3.93557 0.301798 0.0181021 0.038016 3.6873 0.30243
0.196879 3.70878 0.298537 0.0341604 0.038016 3.6873 0.30243
0.0800492 3.564 0.300616 0.0202128 0.038016 3.6873 0.30243
0.159554 3.74182 0.296942 0.0676573 0.038016 3.6873 0.30243
0.0696318 3.79915 0.302623 0.0586224 0.038016 3.6873 0.30243
-0.0386651 3.73949 0.298012 0.103466 0.038016 3.6873 0.30243
0.103472 3.79194 0.300494 0.0892901 0.038016 3.6873 0.30243
0.0800492 3.564 0.300616 0.0202128 0.038016 3.6873 0.30243
0.103472 3.79194 0.300494 0.0892901 0.038016 3.6873 0.30243
0.103472 3.79194 0.300494 0.0892901 0.038016 3.6873 0.30243
-0.0052868 3.93557 0.301798 0.0181021 0.038016 3.6873 0.30243
0.159554 3.74182 0.296942 0.0676573 0.038016 3.6873 0.30243
0.0800492 3.564 0.300616 0.0202128 0.038016 3.6873 0.30243
0.103472 3.79194 0.300494 0.0892901 0.038016 3.6873 0.30243
-0.0245526 3.54722 0.298847 0.0143237 0.038016 3.6873 0.30243
-0.0579785 3.74578 0.304681 0.0611357 0.038016 3.6873 0.30243
0.0697545 3.64847 0.297585 0.0718784 0.038016 3.6873 0.30243
-0.0579785 3.74578 0.304681 0.0611357 0.038016 3.6873 0.30243
0.159554 3.74182 0.296942 0.0676573 0.038016 3.6873 0.30243
-0.0386651 3.73949 0.298012 0.103466 0.038016 3.6873 0.30243
-0.0579785 3.74578 0.304681 0.0611357 0.038016 3.6873 0.30243
-0.0579785 3.74578 0.304681 0.0611357 0.038016 3.6873 0.30243
0.0697545 3.64847 0.297585 0.0718784 0.038016 3.6873 0.30243
0.112299 3.88728 0.293136 0.0100736 0.038016 3.6873 0.30243
-0.0386651 3.73949 0.298012 0.103466 0.038016 3.6873 0.30243
-0.0386651 3.73949 0.298012 0.103466 0.038016 3.6873 0.30243
-0.0579785 3.74578 0.304681 0.0611357 0.038016 3.6873 0.30243
-0.0579785 3.74578 0.304681 0.0611357 0.038016 3.6873 0.30243
0.159554 3.74182 0.296942 0.0676573 0.038016 3.6873 0.30243
-0.0386651 3.73949 0.298012 0.103466 0.038016 3.6873 0.30243
0.225129 3.75819 0.298465 0.0221032 0.038016 3.6873 0.30243
0.0465178 3.71072 0.304013 0.0459657 0.038016 3.6873 0.30243
0.199904 3.66424 0.298293 0.0240121 0.038016 3.6873 0.30243
-0.0579785 3.74578 0.304681 0.0611357 0.038016 3.6873 0.30243
0.0696318 3.79915 0.302623 0.0586224 0.038016 3.6873 0.30243
0.199904 3.66424 0.298293 0.0240121 0.038016 3.6873 0.30243
-0.059458 3.84857 0.294741 0.00935693 0.038016 3.6873 0.30243
-0.0579785 3.74578 0.304681 0.0611357 0.038016 3.6873 0.30243
0.103472 3.79194 0.300494 0.0892901 0.038016 3.6873 0.30243
-0.0386651 3.73949 0.298012 0.103466 0.038016 3.6873 0.30243
-0.0245526 3.54722 0.298847 0.0143237 0.038016 3.6873 0.30243
-0.140598 3.77376 0.303731 0.0518411 0.038016 3.6873 0.30243
-0.0579785 3.74578 0.304681 0.0611357 0.038016 3.6873 0.30243
0.196879 3.70878 0.298537 0.0341604 0.038016 3.6873 0.30243
0.0697545 3.64847 0.297585 0.0718784 0.038016 3.6873 0.30243
0.103472 3.79194 0.300494 0.0892901 0.038016 3.6873 0.30243
0.231793 3.63912 0.298912 0.00859887 0.038016 3.6873 0.30243
-0.0579785 3.74578 0.304681 0.0611357 0.038016 3.6873 0.30243
0.103472 3.79194 0.300494 0.0892901 0.038016 3.6873 0.30243
-0.117496 3.8804 0.30378 0.0206192 0.038016 3.6873 0.30243
0.103472 3.79194 0.300494 0.0892901 0.038016 3.6873 0.30243
0.0697545 3.64847 0.297585 0.0718784 0.038016 3.6873 0.30243
-0.140598 3.77376 0.303731 0.0518411 0.038016 3.6873 0.30243
0.218053 3.56128 0.299238 0.00296392 0.038016 3.6873 0.30243
-0.140598 3.77376 0.303731 0.0518411 0.038016 3.6873 0.30243
0.0696318 3.79915 0.302623 0.0586224 0.038016 3.6873 0.30243
-0.10764 3.71327 0.307584 0.0115555 0.038016 3.6873 0.30243
-0.0386651 3.73949 0.298012 0.103466 0.038016 3.6873 0.30243
0.0696318 3.79915 0.302623 0.0586224 0.038016 3.6873 0.30243
-0.0052868 3.93557 0.301798 0.0181021 0.038016 3.6873 0.30243
0.076106 3.97544 0.300067 0.00767775 0.038016 3.6873 0.30243
0.225129 3.75819 0.298465 0.0221032 0.038016 3.6873 0.30243
