277.272 13.7409 5.07452 1.44537 277.16 13.774 5.0782
277.264 13.735 5.06655 0.373821 277.16 13.774 5.0782
277.155 13.6439 5.07374 2.00774 277.16 13.774 5.0782
277.155 13.6439 5.07374 2.00774 277.16 13.774 5.0782
277.239 13.4789 5.07312 0.410745 277.16 13.774 5.0782
277.167 13.7138 5.07673 1.51028 277.16 13.774 5.0782
277.337 13.8739 5.07796 0.208336 277.16 13.774 5.0782
277.304 13.6422 5.07507 1.12015 277.16 13.774 5.0782
277.264 13.735 5.06655 0.373821 277.16 13.774 5.0782
276.993 13.4985 5.07331 0.10061 277.16 13.774 5.0782
277.475 13.8237 5.07524 0.0317519 277.16 13.774 5.0782
277.167 13.7138 5.07673 1.51028 277.16 13.774 5.0782
277.213 13.7319 5.07583 1.74506 277.16 13.774 5.0782
277.475 13.8237 5.07524 0.0317519 277.16 13.774 5.0782
277.286 13.8334 5.07919 0.460527 277.16 13.774 5.0782
277.167 13.7138 5.07673 1.51028 277.16 13.774 5.0782
277.213 13.7319 5.07583 1.74506 277.16 13.774 5.0782
277.213 13.7319 5.07583 1.74506 277.16 13.774 5.0782
277.155 13.6439 5.07374 2.00774 277.16 13.774 5.0782
277.286 13.8334 5.07919 0.460527 277.16 13.774 5.0782
277.272 13.7409 5.07452 1.44537 277.16 13.774 5.0782
277.061 13.8621 5.06977 0.112936 277.16 13.774 5.0782
277.172 13.8039 5.07104 0.7782 277.16 13.774 5.0782
277.314 13.7101 5.08248 0.187423 277.16 13.774 5.0782
277.296 13.6508 5.07461 1.30809 277.16 13.774 5.0782
277.155 13.6439 5.07374 2.00774 277.16 13.774 5.0782
277.304 13.6422 5.07507 1.12015 277.16 13.774 5.0782
277.239 13.4789 5.07312 0.410745 277.16 13.774 5.0782
277.272 13.7409 5.07452 1.44537 277.16 13.774 5.0782
277.343 13.908 5.07489 0.0955094 277.16 13.774 5.0782
277.39 13.7443 5.07274 0.309581 277.16 13.774 5.0782
277.213 13.7319 5.07583 1.74506 277.16 13.774 5.0782
277.263 13.5215 5.07778 0.210307 277.16 13.774 5.0782
277.317 13.8888 5.07377 0.158442 277.16 13.774 5.0782
277.414 13.6501 5.06768 0.109571 277.16 13.774 5.0782
277.21 13.4985 5.06568 0.563066 277.16 13.774 5.0782
277.213 13.7319 5.07583 1.74506 277.16 13.774 5.0782
277.39 13.7443 5.07274 0.309581 277.16 13.774 5.0782
277.205 13.8125 5.06911 0.419239 277.16 13.774 5.0782
277.213 13.7319 5.07583 1.74506 277.16 13.774 5.0782
277.213 13.7319 5.07583 1.74506 277.16 13.774 5.0782
277.167 13.7138 5.07673 1.51028 277.16 13.774 5.0782
277.093 13.54 5.06757 0.845932 277.16 13.774 5.0782
277.296 13.6508 5.07461 1.30809 277.16 13.774 5.0782
277.277 13.739 5.07998 0.627178 277.16 13.774 5.0782
277.296 13.6508 5.07461 1.30809 277.16 13.774 5.0782
277.213 13.7319 5.07583 1.74506 277.16 13.774 5.0782
277.208 13.8302 5.07466 0.833984 277.16 13.774 5.0782
277.167 13.7138 5.07673 1.51028 277.16 13.774 5.0782
277.093 13.54 5.06757 0.845932 277.16 13.774 5.0782
277.277 13.739 5.07998 0.627178 277.16 13.774 5.0782
277.104 13.8333 5.0748 0.545421 277.16 13.774 5.0782
277.167 13.7138 5.07673 1.51028 277.16 13.774 5.0782
277.208 13.8302 5.07466 0.833984 277.16 13.774 5.0782
277.213 13.7319 5.07583 1.74506 277.16 13.774 5.0782
277.475 13.8237 5.07524 0.0317519 277.16 13.774 5.0782
277.155 13.6439 5.07374 2.00774 277.16 13.774 5.0782
277.172 13.8039 5.07104 0.7782 277.16 13.774 5.0782
277.155 13.6439 5.07374 2.00774 277.16 13.774 5.0782
277.213 13.7319 5.07583 1.74506 277.16 13.774 5.0782
277.172 13.8039 5.07104 0.7782 277.16 13.774 5.0782
277.213 13.7319 5.07583 1.74506 277.16 13.774 5.0782
277.172 13.8039 5.07104 0.7782 277.16 13.774 5.0782
277.304 13.6422 5.07507 1.12015 277.16 13.774 5.0782
277.155 13.6439 5.07374 2.00774 277.16 13.774 5.0782
277.296 13.6508 5.07461 1.30809 277.16 13.774 5.0782
277.213 13.7319 5.07583 1.74506 277.16 13.774 5.0782
277.272 13.7409 5.07452 1.44537 277.16 13.774 5.0782
277.205 13.7768 5.08408 0.147872 277.16 13.774 5.0782
277.239 13.4789 5.07312 0.410745 277.16 13.774 5.0782
277.272 13.7409 5.07452 1.44537 277.16 13.774 5.0782
277.208 13.8302 5.07466 0.833984 277.16 13.774 5.0782
277.296 13.6508 5.07461 1.30809 277.16 13.774 5.0782
277.213 13.7319 5.07583 1.74506 277.16 13.774 5.0782
277.155 13.6439 5.07374 2.00774 277.16 13.774 5.0782
277.191 13.7948 5.08461 0.109209 277.16 13.774 5.0782
277.155 13.6439 5.07374 2.00774 277.16 13.774 5.0782
277.155 13.6439 5.07374 2.00774 277.16 13.774 5.0782
277.286 13.8334 5.07919 0.460527 277.16 13.774 5.0782
277.304 13.6422 5.07507 1.12015 277.16 13.774 5.0782
277.167 13.7138 5.07673 1.51028 277.16 13.774 5.0782
277.155 13.6439 5.07374 2.00774 277.16 13.774 5.0782
277.286 13.8334 5.07919 0.460527 277.16 13.774 5.0782
277.286 13.8334 5.07919 0.460527 277.16 13.774 5.0782
277.296 13.6508 5.07461 1.30809 277.16 13.774 5.0782
277.104 13.8333 5.0748 0.545421 277.16 13.774 5.0782
277.155 13.6439 5.07374 2.00774 277.16 13.774 5.0782
277.145 13.856 5.07302 0.449341 277.16 13.774 5.0782
277.304 13.6422 5.07507 1.12015 277.16 13.774 5.0782
277.272 13.7409 5.07452 1.44537 277.16 13.774 5.0782
277.172 13.8039 5.07104 0.7782 277.16 13.774 5.0782
277.286 13.8334 5.07919 0.460527 277.16 13.774 5.0782
277.272 13.7409 5.07452 1.44537 277.16 13.774 5.0782
277.172 13.8039 5.07104 0.7782 277.16 13.774 5.0782
277.277 13.739 5.07998 0.627178 277.16 13.774 5.0782
277.167 13.7138 5.07673 1.51028 277.16 13.774 5.0782
277.21 13.4985 5.06568 0.563066 277.16 13.774 5.0782
277.208 13.8302 5.07466 0.833984 277.16 13.774 5.0782
277.277 13.739 5.07998 0.627178 277.16 13.774 5.0782
277.296 13.6508 5.07461 1.30809 277.16 13.774 5.0782
277.066 13.7758 5.0744 0.688205 277.16 13.774 5.0782
277.155 13.6439 5.07374 2.00774 277.16 13.774 5.0782
277.137 13.4445 5.06334 0.207678 277.16 13.774 5.0782
277.066 13.7758 5.0744 0.688205 277.16 13.774 5.0782
277.296 13.6508 5.07461 1.30809 277.16 13.774 5.0782
277.155 13.6439 5.07374 2.00774 277.16 13.774 5.0782
277.167 13.7138 5.07673 1.51028 277.16 13.774 5.0782
277.205 13.8125 5.06911 0.419239 277.16 13.774 5.0782
277.093 13.54 5.06757 0.845932 277.16 13.774 5.0782
277.272 13.7409 5.07452 1.44537 277.16 13.774 5.0782
277.296 13.6508 5.07461 1.30809 277.16 13.774 5.0782
277.304 13.6422 5.07507 1.12015 277.16 13.774 5.0782
277.277 13.739 5.07998 0.627178 277.16 13.774 5.0782
277.155 13.6439 5.07374 2.00774 277.16 13.774 5.0782
277.239 13.4789 5.07312 0.410745 277.16 13.774 5.0782
277.205 13.8125 5.06911 0.419239 277.16 13.774 5.0782
277.239 13.4789 5.07312 0.410745 277.16 13.774 5.0782
277.21 13.4985 5.06568 0.563066 277.16 13.774 5.0782
277.066 13.7758 5.0744 0.688205 277.16 13.774 5.0782
277.208 13.8302 5.07466 0.833984 277.16 13.774 5.0782
277.155 13.6439 5.07374 2.00774 277.16 13.774 5.0782
277.191 13.7948 5.08461 0.109209 277.16 13.774 5.0782
277.304 13.6422 5.07507 1.12015 277.16 13.774 5.0782
277.21 13.4985 5.06568 0.563066 277.16 13.774 5.0782
277.145 13.856 5.07302 0.449341 277.16 13.774 5.0782
277.304 13.6422 5.07507 1.12015 277.16 13.774 5.0782
277.277 13.739 5.07998 0.627178 277.16 13.774 5.0782
277.296 13.6508 5.07461 1.30809 277.16 13.774 5.0782
277.272 13.7409 5.07452 1.44537 277.16 13.774 5.0782
277.137 13.4445 5.06334 0.207678 277.16 13.774 5.0782
277.239 13.4789 5.07312 0.410745 277.16 13.774 5.0782
277.272 13.7409 5.07452 1.44537 277.16 13.774 5.0782
277.264 13.735 5.06655 0.373821 277.16 13.774 5.0782
277.167 13.7138 5.07673 1.51028 277.16 13.774 5.0782
277.155 13.6439 5.07374 2.00774 277.16 13.774 5.0782
277.272 13.7409 5.07452 1.44537 277.16 13.774 5.0782
277.304 13.6422 5.07507 1.12015 277.16 13.774 5.0782
277.089 13.8802 5.07731 0.2246 277.16 13.774 5.0782
277.066 13.7758 5.0744 0.688205 277.16 13.774 5.0782
277.317 13.8888 5.07377 0.158442 277.16 13.774 5.0782
277.272 13.7409 5.07452 1.44537 277.16 13.774 5.0782
277.337 13.8739 5.07796 0.208336 277.16 13.774 5.0782
277.093 13.54 5.06757 0.845932 277.16 13.774 5.0782
277.333 13.661 5.06354 0.0915507 277.16 13.774 5.0782
277.205 13.7768 5.08408 0.147872 277.16 13.774 5.0782
277.145 13.856 5.07302 0.449341 277.16 13.774 5.0782
277.167 13.7138 5.07673 1.51028 277.16 13.774 5.0782
277.142 13.9069 5.07217 0.144812 277.16 13.774 5.0782
277.296 13.6508 5.07461 1.30809 277.16 13.774 5.0782
277.296 13.6508 5.07461 1.30809 277.16 13.774 5.0782
277.093 13.54 5.06757 0.845932 277.16 13.774 5.0782
277.39 13.7443 5.07274 0.309581 277.16 13.774 5.0782
277.145 13.856 5.07302 0.449341 277.16 13.774 5.0782
277.263 13.5215 5.07778 0.210307 277.16 13.774 5.0782
277.208 13.8302 5.07466 0.833984 277.16 13.774 5.0782
277.104 13.8333 5.0748 0.545421 277.16 13.774 5.0782
277.272 13.7409 5.07452 1.44537 277.16 13.774 5.0782
277.013 13.9578 5.07419 0.0165155 277.16 13.774 5.0782
277.208 13.8302 5.07466 0.833984 277.16 13.774 5.0782
277.272 13.7409 5.07452 1.44537 277.16 13.774 5.0782
277.213 13.7319 5.07583 1.74506 277.16 13.774 5.0782
277.277 13.739 5.07998 0.627178 277.16 13.774 5.0782
277.277 13.739 5.07998 0.627178 277.16 13.774 5.0782
277.39 13.7443 5.07274 0.309581 277.16 13.774 5.0782
277.304 13.6422 5.07507 1.12015 277.16 13.774 5.0782
277.213 13.7319 5.07583 1.74506 277.16 13.774 5.0782
277.155 13.6439 5.07374 2.00774 277.16 13.774 5.0782
277.155 13.6439 5.07374 2.00774 277.16 13.774 5.0782
277.208 13.8302 5.07466 0.833984 277.16 13.774 5.0782
277.155 13.6439 5.07374 2.00774 277.16 13.774 5.0782
277.155 13.6439 5.07374 2.00774 277.16 13.774 5.0782
277.317 13.8888 5.07377 0.158442 277.16 13.774 5.0782
277.286 13.8334 5.07919 0.460527 277.16 13.774 5.0782
277.155 13.6439 5.07374 2.00774 277.16 13.774 5.0782
277.172 13.8039 5.07104 0.7782 277.16 13.774 5.0782
277.213 13.7319 5.07583 1.74506 277.16 13.774 5.0782
277.317 13.8888 5.07377 0.158442 277.16 13.774 5.0782
277.213 13.7319 5.07583 1.74506 277.16 13.774 5.0782
277.277 13.739 5.07998 0.627178 277.16 13.774 5.0782
277.304 13.6422 5.07507 1.12015 277.16 13.774 5.0782
277.093 13.54 5.06757 0.845932 277.16 13.774 5.0782
277.296 13.6508 5.07461 1.30809 277.16 13.774 5.0782
277.083 13.7503 5.0652 0.198711 277.16 13.774 5.0782
277.155 13.6439 5.07374 2.00774 277.16 13.774 5.0782
277.167 13.7138 5.07673 1.51028 277.16 13.774 5.0782
277.093 13.54 5.06757 0.845932 277.16 13.774 5.0782
277.296 13.6508 5.07461 1.30809 277.16 13.774 5.0782
277.061 13.8621 5.06977 0.112936 277.16 13.774 5.0782
277.145 13.856 5.07302 0.449341 277.16 13.774 5.0782
277.264 13.735 5.06655 0.373821 277.16 13.774 5.0782
277.213 13.7319 5.07583 1.74506 277.16 13.774 5.0782
277.213 13.7319 5.07583 1.74506 277.16 13.774 5.0782
277.213 13.7319 5.07583 1.74506 277.16 13.774 5.0782
277.239 13.4789 5.07312 0.410745 277.16 13.774 5.0782
277.304 13.6422 5.07507 1.12015 277.16 13.774 5.0782
277.314 13.7101 5.08248 0.187423 277.16 13.774 5.0782
277.39 13.7443 5.07274 0.309581 277.16 13.774 5.0782
277.089 13.8802 5.07731 0.2246 277.16 13.774 5.0782
277.264 13.735 5.06655 0.373821 277.16 13.774 5.0782
277.304 13.6422 5.07507 1.12015 277.16 13.774 5.0782
