31.7997 -78.816 3.88964 0.00741341 31.701 -78.758 3.8953
31.6495 -78.7251 3.89104 0.0286407 31.701 -78.758 3.8953
31.6495 -78.7251 3.89104 0.0286407 31.701 -78.758 3.8953
31.7175 -78.8399 3.8944 0.0394772 31.701 -78.758 3.8953
31.7175 -78.8399 3.8944 0.0394772 31.701 -78.758 3.8953
31.8581 -78.6344 3.89453 0.0249279 31.701 -78.758 3.8953
31.8581 -78.6344 3.89453 0.0249279 31.701 -78.758 3.8953
31.7175 -78.8399 3.8944 0.0394772 31.701 -78.758 3.8953
31.8137 -78.9507 3.89077 0.00205151 31.701 -78.758 3.8953
31.6755 -78.8443 3.8972 0.0108458 31.701 -78.758 3.8953
31.683 -78.7618 3.89823 0.00922329 31.701 -78.758 3.8953
31.6495 -78.7251 3.89104 0.0286407 31.701 -78.758 3.8953
31.6755 -78.8443 3.8972 0.0108458 31.701 -78.758 3.8953
31.5757 -78.901 3.8926 0.00424845 31.701 -78.758 3.8953
31.7997 -78.816 3.88964 0.00741341 31.701 -78.758 3.8953
31.6495 -78.7251 3.89104 0.0286407 31.701 -78.758 3.8953
31.7175 -78.8399 3.8944 0.0394772 31.701 -78.758 3.8953
31.6167 -78.5079 3.89267 0.00142179 31.701 -78.758 3.8953
31.7997 -78.816 3.88964 0.00741341 31.701 -78.758 3.8953
31.683 -78.7618 3.89823 0.00922329 31.701 -78.758 3.8953
31.6495 -78.7251 3.89104 0.0286407 31.701 -78.758 3.8953
31.7175 -78.8399 3.8944 0.0394772 31.701 -78.758 3.8953
31.6495 -78.7251 3.89104 0.0286407 31.701 -78.758 3.8953
31.7175 -78.8399 3.8944 0.0394772 31.701 -78.758 3.8953
31.8581 -78.6344 3.89453 0.0249279 31.701 -78.758 3.8953
31.7175 -78.8399 3.8944 0.0394772 31.701 -78.758 3.8953
31.7175 -78.8399 3.8944 0.0394772 31.701 -78.758 3.8953
31.7175 -78.8399 3.8944 0.0394772 31.701 -78.758 3.8953
31.7175 -78.8399 3.8944 0.0394772 31.701 -78.758 3.8953
31.6495 -78.7251 3.89104 0.0286407 31.701 -78.758 3.8953
31.683 -78.7618 3.89823 0.00922329 31.701 -78.758 3.8953
31.6495 -78.7251 3.89104 0.0286407 31.701 -78.758 3.8953
31.5757 -78.901 3.8926 0.00424845 31.701 -78.758 3.8953
31.7175 -78.8399 3.8944 0.0394772 31.701 -78.758 3.8953
31.899 -79.01 3.89567 0.00164907 31.701 -78.758 3.8953
31.6495 -78.7251 3.89104 0.0286407 31.701 -78.758 3.8953
31.7175 -78.8399 3.8944 0.0394772 31.701 -78.758 3.8953
31.7997 -78.816 3.88964 0.00741341 31.701 -78.758 3.8953
31.8581 -78.6344 3.89453 0.0249279 31.701 -78.758 3.8953
31.6495 -78.7251 3.89104 0.0286407 31.701 -78.758 3.8953
31.7175 -78.8399 3.8944 0.0394772 31.701 -78.758 3.8953
31.5979 -78.4735 3.89453 0.000266028 31.701 -78.758 3.8953
31.7175 -78.8399 3.8944 0.0394772 31.701 -78.758 3.8953
31.8581 -78.6344 3.89453 0.0249279 31.701 -78.758 3.8953
31.7997 -78.816 3.88964 0.00741341 31.701 -78.758 3.8953
31.7175 -78.8399 3.8944 0.0394772 31.701 -78.758 3.8953
31.7175 -78.8399 3.8944 0.0394772 31.701 -78.758 3.8953
31.7175 -78.8399 3.8944 0.0394772 31.701 -78.758 3.8953
31.6755 -78.8443 3.8972 0.0108458 31.701 -78.758 3.8953
31.8581 -78.6344 3.89453 0.0249279 31.701 -78.758 3.8953
31.6755 -78.8443 3.8972 0.0108458 31.701 -78.758 3.8953
31.6495 -78.7251 3.89104 0.0286407 31.701 -78.758 3.8953
31.7175 -78.8399 3.8944 0.0394772 31.701 -78.758 3.8953
31.5668 -78.7347 3.89557 0.00437388 31.701 -78.758 3.8953
31.6495 -78.7251 3.89104 0.0286407 31.701 -78.758 3.8953
31.7175 -78.8399 3.8944 0.0394772 31.701 -78.758 3.8953
31.8581 -78.6344 3.89453 0.0249279 31.701 -78.758 3.8953
31.6495 -78.7251 3.89104 0.0286407 31.701 -78.758 3.8953
31.6495 -78.7251 3.89104 0.0286407 31.701 -78.758 3.8953
31.6495 -78.7251 3.89104 0.0286407 31.701 -78.758 3.8953
31.7175 -78.8399 3.8944 0.0394772 31.701 -78.758 3.8953
32.0295 -78.8616 3.90188 0.00204049 31.701 -78.758 3.8953
32.0255 -78.6228 3.89668 0.00273035 31.701 -78.758 3.8953
31.5668 -78.7347 3.89557 0.00437388 31.701 -78.758 3.8953
31.899 -79.01 3.89567 0.00164907 31.701 -78.758 3.8953
31.8676 -78.8553 3.89207 0.010722 31.701 -78.758 3.8953
31.6495 -78.7251 3.89104 0.0286407 31.701 -78.758 3.8953
31.6495 -78.7251 3.89104 0.0286407 31.701 -78.758 3.8953
31.7175 -78.8399 3.8944 0.0394772 31.701 -78.758 3.8953
31.7175 -78.8399 3.8944 0.0394772 31.701 -78.758 3.8953
31.8581 -78.6344 3.89453 0.0249279 31.701 -78.758 3.8953
31.6518 -78.4088 3.88812 4.12061e-05 31.701 -78.758 3.8953
31.9217 -78.4838 3.89493 0.000713179 31.701 -78.758 3.8953
31.5668 -78.7347 3.89557 0.00437388 31.701 -78.758 3.8953
31.6495 -78.7251 3.89104 0.0286407 31.701 -78.758 3.8953
31.6495 -78.7251 3.89104 0.0286407 31.701 -78.758 3.8953
31.7175 -78.8399 3.8944 0.0394772 31.701 -78.758 3.8953
31.8581 -78.6344 3.89453 0.0249279 31.701 -78.758 3.8953
31.8581 -78.6344 3.89453 0.0249279 31.701 -78.758 3.8953
31.7997 -78.816 3.88964 0.00741341 31.701 -78.758 3.8953
31.5464 -78.7037 3.88688 0.0022087 31.701 -78.758 3.8953
31.7175 -78.8399 3.8944 0.0394772 31.701 -78.758 3.8953
31.7175 -78.8399 3.8944 0.0394772 31.701 -78.758 3.8953
31.7175 -78.8399 3.8944 0.0394772 31.701 -78.758 3.8953
31.6495 -78.7251 3.89104 0.0286407 31.701 -78.758 3.8953
31.5668 -78.7347 3.89557 0.00437388 31.701 -78.758 3.8953
31.5757 -78.901 3.8926 0.00424845 31.701 -78.758 3.8953
31.683 -78.7618 3.89823 0.00922329 31.701 -78.758 3.8953
31.8676 -78.8553 3.89207 0.010722 31.701 -78.758 3.8953
31.7175 -78.8399 3.8944 0.0394772 31.701 -78.758 3.8953
31.8581 -78.6344 3.89453 0.0249279 31.701 -78.758 3.8953
31.683 -78.7618 3.89823 0.00922329 31.701 -78.758 3.8953
32.0295 -78.8616 3.90188 0.00204049 31.701 -78.758 3.8953
31.735 -78.6452 3.89895 0.00591161 31.701 -78.758 3.8953
31.7721 -78.7041 3.90272 0.00056924 31.701 -78.758 3.8953
31.7175 -78.8399 3.8944 0.0394772 31.701 -78.758 3.8953
31.735 -78.6452 3.89895 0.00591161 31.701 -78.758 3.8953
31.8581 -78.6344 3.89453 0.0249279 31.701 -78.758 3.8953
31.7175 -78.8399 3.8944 0.0394772 31.701 -78.758 3.8953
31.8581 -78.6344 3.89453 0.0249279 31.701 -78.758 3.8953
31.6495 -78.7251 3.89104 0.0286407 31.701 -78.758 3.8953
31.8581 -78.6344 3.89453 0.0249279 31.701 -78.758 3.8953
31.6495 -78.7251 3.89104 0.0286407 31.701 -78.758 3.8953
31.6755 -78.8443 3.8972 0.0108458 31.701 -78.758 3.8953
31.8581 -78.6344 3.89453 0.0249279 31.701 -78.758 3.8953
31.6495 -78.7251 3.89104 0.0286407 31.701 -78.758 3.8953
31.8676 -78.8553 3.89207 0.010722 31.701 -78.758 3.8953
31.7175 -78.8399 3.8944 0.0394772 31.701 -78.758 3.8953
31.6495 -78.7251 3.89104 0.0286407 31.701 -78.758 3.8953
31.7175 -78.8399 3.8944 0.0394772 31.701 -78.758 3.8953
31.7175 -78.8399 3.8944 0.0394772 31.701 -78.758 3.8953
31.7175 -78.8399 3.8944 0.0394772 31.701 -78.758 3.8953
31.6495 -78.7251 3.89104 0.0286407 31.701 -78.758 3.8953
31.683 -78.7618 3.89823 0.00922329 31.701 -78.758 3.8953
31.7175 -78.8399 3.8944 0.0394772 31.701 -78.758 3.8953
31.5464 -78.7037 3.88688 0.0022087 31.701 -78.758 3.8953
31.7175 -78.8399 3.8944 0.0394772 31.701 -78.758 3.8953
31.8581 -78.6344 3.89453 0.0249279 31.701 -78.758 3.8953
31.7997 -78.816 3.88964 0.00741341 31.701 -78.758 3.8953
31.7175 -78.8399 3.8944 0.0394772 31.701 -78.758 3.8953
31.8581 -78.6344 3.89453 0.0249279 31.701 -78.758 3.8953
31.7175 -78.8399 3.8944 0.0394772 31.701 -78.758 3.8953
31.6495 -78.7251 3.89104 0.0286407 31.701 -78.758 3.8953
31.899 -79.01 3.89567 0.00164907 31.701 -78.758 3.8953
31.7175 -78.8399 3.8944 0.0394772 31.701 -78.758 3.8953
31.9217 -78.4838 3.89493 0.000713179 31.701 -78.758 3.8953
31.7175 -78.8399 3.8944 0.0394772 31.701 -78.758 3.8953
31.7175 -78.8399 3.8944 0.0394772 31.701 -78.758 3.8953
31.7175 -78.8399 3.8944 0.0394772 31.701 -78.758 3.8953
31.7175 -78.8399 3.8944 0.0394772 31.701 -78.758 3.8953
31.7175 -78.8399 3.8944 0.0394772 31.701 -78.758 3.8953
31.683 -78.7618 3.89823 0.00922329 31.701 -78.758 3.8953
31.7175 -78.8399 3.8944 0.0394772 31.701 -78.758 3.8953
31.7744 -78.5593 3.88788 0.000715712 31.701 -78.758 3.8953
31.7175 -78.8399 3.8944 0.0394772 31.701 -78.758 3.8953
31.6503 -78.4914 3.88868 0.00057307 31.701 -78.758 3.8953
31.6495 -78.7251 3.89104 0.0286407 31.701 -78.758 3.8953
31.8581 -78.6344 3.89453 0.0249279 31.701 -78.758 3.8953
31.7175 -78.8399 3.8944 0.0394772 31.701 -78.758 3.8953
31.7175 -78.8399 3.8944 0.0394772 31.701 -78.758 3.8953
31.6495 -78.7251 3.89104 0.0286407 31.701 -78.758 3.8953
31.683 -78.7618 3.89823 0.00922329 31.701 -78.758 3.8953
31.8581 -78.6344 3.89453 0.0249279 31.701 -78.758 3.8953
31.7175 -78.8399 3.8944 0.0394772 31.701 -78.758 3.8953
31.6495 -78.7251 3.89104 0.0286407 31.701 -78.758 3.8953
31.7175 -78.8399 3.8944 0.0394772 31.701 -78.758 3.8953
31.6495 -78.7251 3.89104 0.0286407 31.701 -78.758 3.8953
31.5668 -78.7347 3.89557 0.00437388 31.701 -78.758 3.8953
31.8581 -78.6344 3.89453 0.0249279 31.701 -78.758 3.8953
31.6495 -78.7251 3.89104 0.0286407 31.701 -78.758 3.8953
32.0295 -78.8616 3.90188 0.00204049 31.701 -78.758 3.8953
31.7175 -78.8399 3.8944 0.0394772 31.701 -78.758 3.8953
31.7175 -78.8399 3.8944 0.0394772 31.701 -78.758 3.8953
31.8581 -78.6344 3.89453 0.0249279 31.701 -78.758 3.8953
31.683 -78.7618 3.89823 0.00922329 31.701 -78.758 3.8953
31.5668 -78.7347 3.89557 0.00437388 31.701 -78.758 3.8953
31.8676 -78.8553 3.89207 0.010722 31.701 -78.758 3.8953
31.6495 -78.7251 3.89104 0.0286407 31.701 -78.758 3.8953
31.5757 -78.901 3.8926 0.00424845 31.701 -78.758 3.8953
31.7997 -78.816 3.88964 0.00741341 31.701 -78.758 3.8953
31.683 -78.7618 3.89823 0.00922329 31.701 -78.758 3.8953
31.8676 -78.8553 3.89207 0.010722 31.701 -78.758 3.8953
31.7175 -78.8399 3.8944 0.0394772 31.701 -78.758 3.8953
31.7175 -78.8399 3.8944 0.0394772 31.701 -78.758 3.8953
31.5757 -78.901 3.8926 0.00424845 31.701 -78.758 3.8953
31.6495 -78.7251 3.89104 0.0286407 31.701 -78.758 3.8953
31.6495 -78.7251 3.89104 0.0286407 31.701 -78.758 3.8953
31.8581 -78.6344 3.89453 0.0249279 31.701 -78.758 3.8953
31.8581 -78.6344 3.89453 0.0249279 31.701 -78.758 3.8953
31.8676 -78.8553 3.89207 0.010722 31.701 -78.758 3.8953
31.8581 -78.6344 3.89453 0.0249279 31.701 -78.758 3.8953
31.8676 -78.8553 3.89207 0.010722 31.701 -78.758 3.8953
31.8581 -78.6344 3.89453 0.0249279 31.701 -78.758 3.8953
31.6167 -78.5079 3.89267 0.00142179 31.701 -78.758 3.8953
31.8581 -78.6344 3.89453 0.0249279 31.701 -78.758 3.8953
31.683 -78.7618 3.89823 0.00922329 31.701 -78.758 3.8953
31.7175 -78.8399 3.8944 0.0394772 31.701 -78.758 3.8953
31.6755 -78.8443 3.8972 0.0108458 31.701 -78.758 3.8953
31.6755 -78.8443 3.8972 0.0108458 31.701 -78.758 3.8953
31.7175 -78.8399 3.8944 0.0394772 31.701 -78.758 3.8953
31.6495 -78.7251 3.89104 0.0286407 31.701 -78.758 3.8953
31.6755 -78.8443 3.8972 0.0108458 31.701 -78.758 3.8953
31.8581 -78.6344 3.89453 0.0249279 31.701 -78.758 3.8953
31.7997 -78.816 3.88964 0.00741341 31.701 -78.758 3.8953
31.7175 -78.8399 3.8944 0.0394772 31.701 -78.758 3.8953
31.6495 -78.7251 3.89104 0.0286407 31.701 -78.758 3.8953
31.6495 -78.7251 3.89104 0.0286407 31.701 -78.758 3.8953
31.8581 -78.6344 3.89453 0.0249279 31.701 -78.758 3.8953
31.6755 -78.8443 3.8972 0.0108458 31.701 -78.758 3.8953
31.7175 -78.8399 3.8944 0.0394772 31.701 -78.758 3.8953
31.6755 -78.8443 3.8972 0.0108458 31.701 -78.758 3.8953
31.7175 -78.8399 3.8944 0.0394772 31.701 -78.758 3.8953
31.8676 -78.8553 3.89207 0.010722 31.701 -78.758 3.8953
31.7997 -78.816 3.88964 0.00741341 31.701 -78.758 3.8953
31.8581 -78.6344 3.89453 0.0249279 31.701 -78.758 3.8953
31.5757 -78.901 3.8926 0.00424845 31.701 -78.758 3.8953
31.6495 -78.7251 3.89104 0.0286407 31.701 -78.758 3.8953
31.8676 -78.8553 3.89207 0.010722 31.701 -78.758 3.8953
31.8581 -78.6344 3.89453 0.0249279 31.701 -78.758 3.8953
31.7175 -78.8399 3.8944 0.0394772 31.701 -78.758 3.8953
