32.2148 -80.038 3.91454 0.0406833 32.027 -79.832 3.9081
32.2682 -79.754 3.91054 0.0352877 32.027 -79.832 3.9081
32.1602 -79.6624 3.9136 0.00335157 32.027 -79.832 3.9081
32.2682 -79.754 3.91054 0.0352877 32.027 -79.832 3.9081
32.2936 -80.0995 3.91267 0.0190296 32.027 -79.832 3.9081
32.0523 -79.9307 3.90463 0.0217213 32.027 -79.832 3.9081
32.1532 -79.8798 3.90959 0.110983 32.027 -79.832 3.9081
32.1707 -79.8787 3.91324 0.0750811 32.027 -79.832 3.9081
32.0755 -79.8442 3.91355 0.0200815 32.027 -79.832 3.9081
32.2886 -79.8411 3.9149 0.0471327 32.027 -79.832 3.9081
32.1007 -79.9777 3.91407 0.0259336 32.027 -79.832 3.9081
32.1532 -79.8798 3.90959 0.110983 32.027 -79.832 3.9081
32.3191 -79.9198 3.91181 0.0670452 32.027 -79.832 3.9081
31.9652 -79.8008 3.90535 0.0215286 32.027 -79.832 3.9081
32.1532 -79.8798 3.90959 0.110983 32.027 -79.832 3.9081
32.1489 -79.8433 3.9138 0.0426568 32.027 -79.832 3.9081
32.2936 -80.0995 3.91267 0.0190296 32.027 -79.832 3.9081
32.0755 -79.8442 3.91355 0.0200815 32.027 -79.832 3.9081
32.1489 -79.8433 3.9138 0.0426568 32.027 -79.832 3.9081
32.2886 -79.8411 3.9149 0.0471327 32.027 -79.832 3.9081
31.9222 -79.806 3.90182 0.00524614 32.027 -79.832 3.9081
32.2936 -80.0995 3.91267 0.0190296 32.027 -79.832 3.9081
32.4177 -79.9681 3.91344 0.0222668 32.027 -79.832 3.9081
32.1489 -79.8433 3.9138 0.0426568 32.027 -79.832 3.9081
32.1707 -79.8787 3.91324 0.0750811 32.027 -79.832 3.9081
32.1625 -79.971 3.91296 0.0725718 32.027 -79.832 3.9081
32.1532 -79.8798 3.90959 0.110983 32.027 -79.832 3.9081
32.2682 -79.754 3.91054 0.0352877 32.027 -79.832 3.9081
32.0755 -79.8442 3.91355 0.0200815 32.027 -79.832 3.9081
32.3191 -79.9198 3.91181 0.0670452 32.027 -79.832 3.9081
32.0755 -79.8442 3.91355 0.0200815 32.027 -79.832 3.9081
31.9877 -79.9503 3.90922 0.025109 32.027 -79.832 3.9081
32.2682 -79.754 3.91054 0.0352877 32.027 -79.832 3.9081
32.2148 -80.038 3.91454 0.0406833 32.027 -79.832 3.9081
32.2148 -80.038 3.91454 0.0406833 32.027 -79.832 3.9081
32.1707 -79.8787 3.91324 0.0750811 32.027 -79.832 3.9081
32.3191 -79.9198 3.91181 0.0670452 32.027 -79.832 3.9081
32.0587 -79.7967 3.90225 0.00815491 32.027 -79.832 3.9081
32.1489 -79.8433 3.9138 0.0426568 32.027 -79.832 3.9081
32.1707 -79.8787 3.91324 0.0750811 32.027 -79.832 3.9081
32.1625 -79.971 3.91296 0.0725718 32.027 -79.832 3.9081
32.2886 -79.8411 3.9149 0.0471327 32.027 -79.832 3.9081
32.4177 -79.9681 3.91344 0.0222668 32.027 -79.832 3.9081
31.9023 -79.8593 3.9097 0.0049893 32.027 -79.832 3.9081
32.1532 -79.8798 3.90959 0.110983 32.027 -79.832 3.9081
32.1707 -79.8787 3.91324 0.0750811 32.027 -79.832 3.9081
32.3191 -79.9198 3.91181 0.0670452 32.027 -79.832 3.9081
31.9405 -80.0215 3.90883 0.00622315 32.027 -79.832 3.9081
32.0523 -79.9307 3.90463 0.0217213 32.027 -79.832 3.9081
32.2148 -80.038 3.91454 0.0406833 32.027 -79.832 3.9081
32.0523 -79.9307 3.90463 0.0217213 32.027 -79.832 3.9081
31.9652 -79.8008 3.90535 0.0215286 32.027 -79.832 3.9081
32.1532 -79.8798 3.90959 0.110983 32.027 -79.832 3.9081
32.2886 -79.8411 3.9149 0.0471327 32.027 -79.832 3.9081
32.1625 -79.971 3.91296 0.0725718 32.027 -79.832 3.9081
32.1489 -79.8433 3.9138 0.0426568 32.027 -79.832 3.9081
32.1707 -79.8787 3.91324 0.0750811 32.027 -79.832 3.9081
32.2886 -79.8411 3.9149 0.0471327 32.027 -79.832 3.9081
32.1532 -79.8798 3.90959 0.110983 32.027 -79.832 3.9081
32.3191 -79.9198 3.91181 0.0670452 32.027 -79.832 3.9081
32.1489 -79.8433 3.9138 0.0426568 32.027 -79.832 3.9081
32.1707 -79.8787 3.91324 0.0750811 32.027 -79.832 3.9081
32.3191 -79.9198 3.91181 0.0670452 32.027 -79.832 3.9081
32.2936 -80.0995 3.91267 0.0190296 32.027 -79.832 3.9081
32.0274 -80.1182 3.90505 0.00126929 32.027 -79.832 3.9081
32.2886 -79.8411 3.9149 0.0471327 32.027 -79.832 3.9081
32.2682 -79.754 3.91054 0.0352877 32.027 -79.832 3.9081
31.9877 -79.9503 3.90922 0.025109 32.027 -79.832 3.9081
31.9652 -79.8008 3.90535 0.0215286 32.027 -79.832 3.9081
32.1489 -79.8433 3.9138 0.0426568 32.027 -79.832 3.9081
32.1625 -79.971 3.91296 0.0725718 32.027 -79.832 3.9081
32.1532 -79.8798 3.90959 0.110983 32.027 -79.832 3.9081
32.1625 -79.971 3.91296 0.0725718 32.027 -79.832 3.9081
32.3191 -79.9198 3.91181 0.0670452 32.027 -79.832 3.9081
32.1625 -79.971 3.91296 0.0725718 32.027 -79.832 3.9081
32.2863 -80.0135 3.918 0.0171551 32.027 -79.832 3.9081
32.1007 -79.9777 3.91407 0.0259336 32.027 -79.832 3.9081
32.2863 -80.0135 3.918 0.0171551 32.027 -79.832 3.9081
32.3191 -79.9198 3.91181 0.0670452 32.027 -79.832 3.9081
32.2148 -80.038 3.91454 0.0406833 32.027 -79.832 3.9081
32.0274 -80.1182 3.90505 0.00126929 32.027 -79.832 3.9081
32.1707 -79.8787 3.91324 0.0750811 32.027 -79.832 3.9081
31.9405 -80.0215 3.90883 0.00622315 32.027 -79.832 3.9081
32.2886 -79.8411 3.9149 0.0471327 32.027 -79.832 3.9081
32.2863 -80.0135 3.918 0.0171551 32.027 -79.832 3.9081
32.2682 -79.754 3.91054 0.0352877 32.027 -79.832 3.9081
32.0134 -79.7434 3.90868 0.0206071 32.027 -79.832 3.9081
32.1007 -79.9777 3.91407 0.0259336 32.027 -79.832 3.9081
32.4177 -79.9681 3.91344 0.0222668 32.027 -79.832 3.9081
32.2886 -79.8411 3.9149 0.0471327 32.027 -79.832 3.9081
32.1489 -79.8433 3.9138 0.0426568 32.027 -79.832 3.9081
32.1707 -79.8787 3.91324 0.0750811 32.027 -79.832 3.9081
32.1532 -79.8798 3.90959 0.110983 32.027 -79.832 3.9081
32.2682 -79.754 3.91054 0.0352877 32.027 -79.832 3.9081
32.3191 -79.9198 3.91181 0.0670452 32.027 -79.832 3.9081
32.3191 -79.9198 3.91181 0.0670452 32.027 -79.832 3.9081
32.2148 -80.038 3.91454 0.0406833 32.027 -79.832 3.9081
32.1625 -79.971 3.91296 0.0725718 32.027 -79.832 3.9081
32.3191 -79.9198 3.91181 0.0670452 32.027 -79.832 3.9081
31.9652 -79.8008 3.90535 0.0215286 32.027 -79.832 3.9081
32.0523 -79.9307 3.90463 0.0217213 32.027 -79.832 3.9081
31.8752 -79.9046 3.90935 0.00302214 32.027 -79.832 3.9081
32.1235 -79.6451 3.91458 0.000812492 32.027 -79.832 3.9081
32.2148 -80.038 3.91454 0.0406833 32.027 -79.832 3.9081
32.1007 -79.9777 3.91407 0.0259336 32.027 -79.832 3.9081
32.2682 -79.754 3.91054 0.0352877 32.027 -79.832 3.9081
32.1532 -79.8798 3.90959 0.110983 32.027 -79.832 3.9081
32.3191 -79.9198 3.91181 0.0670452 32.027 -79.832 3.9081
32.4177 -79.9681 3.91344 0.0222668 32.027 -79.832 3.9081
32.1532 -79.8798 3.90959 0.110983 32.027 -79.832 3.9081
32.1532 -79.8798 3.90959 0.110983 32.027 -79.832 3.9081
32.1532 -79.8798 3.90959 0.110983 32.027 -79.832 3.9081
32.1532 -79.8798 3.90959 0.110983 32.027 -79.832 3.9081
32.1707 -79.8787 3.91324 0.0750811 32.027 -79.832 3.9081
32.1532 -79.8798 3.90959 0.110983 32.027 -79.832 3.9081
32.2682 -79.754 3.91054 0.0352877 32.027 -79.832 3.9081
32.2886 -79.8411 3.9149 0.0471327 32.027 -79.832 3.9081
32.3191 -79.9198 3.91181 0.0670452 32.027 -79.832 3.9081
32.2682 -79.754 3.91054 0.0352877 32.027 -79.832 3.9081
32.0134 -79.7434 3.90868 0.0206071 32.027 -79.832 3.9081
32.1707 -79.8787 3.91324 0.0750811 32.027 -79.832 3.9081
32.2148 -80.038 3.91454 0.0406833 32.027 -79.832 3.9081
32.3191 -79.9198 3.91181 0.0670452 32.027 -79.832 3.9081
31.9405 -80.0215 3.90883 0.00622315 32.027 -79.832 3.9081
32.1625 -79.971 3.91296 0.0725718 32.027 -79.832 3.9081
32.0134 -79.7434 3.90868 0.0206071 32.027 -79.832 3.9081
32.4177 -79.9681 3.91344 0.0222668 32.027 -79.832 3.9081
32.0134 -79.7434 3.90868 0.0206071 32.027 -79.832 3.9081
32.4177 -79.9681 3.91344 0.0222668 32.027 -79.832 3.9081
31.9877 -79.9503 3.90922 0.025109 32.027 -79.832 3.9081
32.3191 -79.9198 3.91181 0.0670452 32.027 -79.832 3.9081
32.2449 -80.0272 3.92204 0.000437601 32.027 -79.832 3.9081
32.2442 -79.8234 3.91641 0.0186299 32.027 -79.832 3.9081
32.1707 -79.8787 3.91324 0.0750811 32.027 -79.832 3.9081
32.1532 -79.8798 3.90959 0.110983 32.027 -79.832 3.9081
31.931 -80.0845 3.90541 0.00139935 32.027 -79.832 3.9081
32.0755 -79.8442 3.91355 0.0200815 32.027 -79.832 3.9081
32.0523 -79.9307 3.90463 0.0217213 32.027 -79.832 3.9081
32.0755 -79.8442 3.91355 0.0200815 32.027 -79.832 3.9081
32.1532 -79.8798 3.90959 0.110983 32.027 -79.832 3.9081
32.3191 -79.9198 3.91181 0.0670452 32.027 -79.832 3.9081
32.2886 -79.8411 3.9149 0.0471327 32.027 -79.832 3.9081
32.1625 -79.971 3.91296 0.0725718 32.027 -79.832 3.9081
32.2886 -79.8411 3.9149 0.0471327 32.027 -79.832 3.9081
32.2886 -79.8411 3.9149 0.0471327 32.027 -79.832 3.9081
32.0134 -79.7434 3.90868 0.0206071 32.027 -79.832 3.9081
32.1489 -79.8433 3.9138 0.0426568 32.027 -79.832 3.9081
32.2863 -80.0135 3.918 0.0171551 32.027 -79.832 3.9081
32.2148 -80.038 3.91454 0.0406833 32.027 -79.832 3.9081
32.1625 -79.971 3.91296 0.0725718 32.027 -79.832 3.9081
31.9877 -79.9503 3.90922 0.025109 32.027 -79.832 3.9081
31.9877 -79.9503 3.90922 0.025109 32.027 -79.832 3.9081
32.3191 -79.9198 3.91181 0.0670452 32.027 -79.832 3.9081
32.2148 -80.038 3.91454 0.0406833 32.027 -79.832 3.9081
32.3191 -79.9198 3.91181 0.0670452 32.027 -79.832 3.9081
32.1235 -79.6451 3.91458 0.000812492 32.027 -79.832 3.9081
32.3191 -79.9198 3.91181 0.0670452 32.027 -79.832 3.9081
31.9652 -79.8008 3.90535 0.0215286 32.027 -79.832 3.9081
32.1532 -79.8798 3.90959 0.110983 32.027 -79.832 3.9081
32.1707 -79.8787 3.91324 0.0750811 32.027 -79.832 3.9081
32.3191 -79.9198 3.91181 0.0670452 32.027 -79.832 3.9081
32.1707 -79.8787 3.91324 0.0750811 32.027 -79.832 3.9081
32.0134 -79.7434 3.90868 0.0206071 32.027 -79.832 3.9081
32.2886 -79.8411 3.9149 0.0471327 32.027 -79.832 3.9081
32.1707 -79.8787 3.91324 0.0750811 32.027 -79.832 3.9081
32.1489 -79.8433 3.9138 0.0426568 32.027 -79.832 3.9081
32.2442 -79.8234 3.91641 0.0186299 32.027 -79.832 3.9081
32.2148 -80.038 3.91454 0.0406833 32.027 -79.832 3.9081
32.1532 -79.8798 3.90959 0.110983 32.027 -79.832 3.9081
32.2936 -80.0995 3.91267 0.0190296 32.027 -79.832 3.9081
32.1625 -79.971 3.91296 0.0725718 32.027 -79.832 3.9081
32.1707 -79.8787 3.91324 0.0750811 32.027 -79.832 3.9081
32.0523 -79.9307 3.90463 0.0217213 32.027 -79.832 3.9081
32.2442 -79.8234 3.91641 0.0186299 32.027 -79.832 3.9081
32.1489 -79.8433 3.9138 0.0426568 32.027 -79.832 3.9081
32.1532 -79.8798 3.90959 0.110983 32.027 -79.832 3.9081
32.1489 -79.8433 3.9138 0.0426568 32.027 -79.832 3.9081
32.0134 -79.7434 3.90868 0.0206071 32.027 -79.832 3.9081
32.2886 -79.8411 3.9149 0.0471327 32.027 -79.832 3.9081
32.1532 -79.8798 3.90959 0.110983 32.027 -79.832 3.9081
32.2936 -80.0995 3.91267 0.0190296 32.027 -79.832 3.9081
32.2863 -80.0135 3.918 0.0171551 32.027 -79.832 3.9081
32.2863 -80.0135 3.918 0.0171551 32.027 -79.832 3.9081
32.1625 -79.971 3.91296 0.0725718 32.027 -79.832 3.9081
32.1707 -79.8787 3.91324 0.0750811 32.027 -79.832 3.9081
32.0523 -79.9307 3.90463 0.0217213 32.027 -79.832 3.9081
32.3191 -79.9198 3.91181 0.0670452 32.027 -79.832 3.9081
32.2148 -80.038 3.91454 0.0406833 32.027 -79.832 3.9081
32.2442 -79.8234 3.91641 0.0186299 32.027 -79.832 3.9081
32.1532 -79.8798 3.90959 0.110983 32.027 -79.832 3.9081
32.2682 -79.754 3.91054 0.0352877 32.027 -79.832 3.9081
32.2148 -80.038 3.91454 0.0406833 32.027 -79.832 3.9081
32.2886 -79.8411 3.9149 0.0471327 32.027 -79.832 3.9081
32.1007 -79.9777 3.91407 0.0259336 32.027 -79.832 3.9081
32.2936 -80.0995 3.91267 0.0190296 32.027 -79.832 3.9081
32.1532 -79.8798 3.90959 0.110983 32.027 -79.832 3.9081
32.2936 -80.0995 3.91267 0.0190296 32.027 -79.832 3.9081
32.1625 -79.971 3.91296 0.0725718 32.027 -79.832 3.9081
32.4177 -79.9681 3.91344 0.0222668 32.027 -79.832 3.9081
32.3191 -79.9198 3.91181 0.0670452 32.027 -79.832 3.9081
