-12.9791 -2.11232 0.541894 0.0988019 -12.834 -2.2405 0.5443
-12.8812 -2.24149 0.545922 0.0369127 -12.834 -2.2405 0.5443
-12.9873 -2.09448 0.537978 0.0514376 -12.834 -2.2405 0.5443
-12.9791 -2.11232 0.541894 0.0988019 -12.834 -2.2405 0.5443
-13.0109 -1.95648 0.54027 0.0277092 -12.834 -2.2405 0.5443
-12.9791 -2.11232 0.541894 0.0988019 -12.834 -2.2405 0.5443
-12.9135 -2.07874 0.547826 0.024258 -12.834 -2.2405 0.5443
-12.7389 -2.17685 0.539264 0.0533495 -12.834 -2.2405 0.5443
-12.9748 -1.99806 0.54179 0.06156 -12.834 -2.2405 0.5443
-12.8826 -1.94731 0.544402 0.0221165 -12.834 -2.2405 0.5443
-12.9791 -2.11232 0.541894 0.0988019 -12.834 -2.2405 0.5443
-12.8614 -2.24594 0.546995 0.0222661 -12.834 -2.2405 0.5443
-12.7389 -2.17685 0.539264 0.0533495 -12.834 -2.2405 0.5443
-12.788 -2.32349 0.54076 0.0108739 -12.834 -2.2405 0.5443
-12.7281 -1.88144 0.536055 0.0162259 -12.834 -2.2405 0.5443
-13.0017 -2.0494 0.531431 0.00159174 -12.834 -2.2405 0.5443
-12.9791 -2.11232 0.541894 0.0988019 -12.834 -2.2405 0.5443
-12.7389 -2.17685 0.539264 0.0533495 -12.834 -2.2405 0.5443
-12.7278 -2.05858 0.528274 0.00269313 -12.834 -2.2405 0.5443
-12.8812 -2.24149 0.545922 0.0369127 -12.834 -2.2405 0.5443
-12.7389 -2.17685 0.539264 0.0533495 -12.834 -2.2405 0.5443
-12.7389 -2.17685 0.539264 0.0533495 -12.834 -2.2405 0.5443
-12.9213 -2.14115 0.539082 0.103744 -12.834 -2.2405 0.5443
-12.7437 -2.18992 0.537695 0.0445325 -12.834 -2.2405 0.5443
-12.9748 -1.99806 0.54179 0.06156 -12.834 -2.2405 0.5443
-12.6847 -1.87996 0.532387 0.00745853 -12.834 -2.2405 0.5443
-12.8058 -2.10414 0.536891 0.100829 -12.834 -2.2405 0.5443
-12.8265 -2.18492 0.548697 0.00976694 -12.834 -2.2405 0.5443
-12.8812 -2.24149 0.545922 0.0369127 -12.834 -2.2405 0.5443
-12.8753 -2.21105 0.546913 0.0323924 -12.834 -2.2405 0.5443
-13.1319 -2.10801 0.542187 0.010741 -12.834 -2.2405 0.5443
-12.9873 -2.09448 0.537978 0.0514376 -12.834 -2.2405 0.5443
-12.8058 -2.10414 0.536891 0.100829 -12.834 -2.2405 0.5443
-12.7389 -2.17685 0.539264 0.0533495 -12.834 -2.2405 0.5443
-13.1588 -2.21212 0.545725 0.00566308 -12.834 -2.2405 0.5443
-12.8812 -2.24149 0.545922 0.0369127 -12.834 -2.2405 0.5443
-12.8058 -2.10414 0.536891 0.100829 -12.834 -2.2405 0.5443
-13.1588 -2.21212 0.545725 0.00566308 -12.834 -2.2405 0.5443
-13.1713 -2.12166 0.546326 0.00526403 -12.834 -2.2405 0.5443
-12.8753 -2.21105 0.546913 0.0323924 -12.834 -2.2405 0.5443
-12.9791 -2.11232 0.541894 0.0988019 -12.834 -2.2405 0.5443
-12.8057 -2.18535 0.550081 0.00305342 -12.834 -2.2405 0.5443
-12.8812 -2.24149 0.545922 0.0369127 -12.834 -2.2405 0.5443
-12.8753 -2.21105 0.546913 0.0323924 -12.834 -2.2405 0.5443
-12.9873 -2.09448 0.537978 0.0514376 -12.834 -2.2405 0.5443
-12.9511 -2.05167 0.554309 0.000210611 -12.834 -2.2405 0.5443
-13.0109 -1.95648 0.54027 0.0277092 -12.834 -2.2405 0.5443
-12.7437 -2.18992 0.537695 0.0445325 -12.834 -2.2405 0.5443
-13.1588 -2.21212 0.545725 0.00566308 -12.834 -2.2405 0.5443
-12.9748 -1.99806 0.54179 0.06156 -12.834 -2.2405 0.5443
-12.8826 -1.94731 0.544402 0.0221165 -12.834 -2.2405 0.5443
-12.9213 -2.14115 0.539082 0.103744 -12.834 -2.2405 0.5443
-12.8058 -2.10414 0.536891 0.100829 -12.834 -2.2405 0.5443
-12.9791 -2.11232 0.541894 0.0988019 -12.834 -2.2405 0.5443
-12.8753 -2.21105 0.546913 0.0323924 -12.834 -2.2405 0.5443
-12.9791 -2.11232 0.541894 0.0988019 -12.834 -2.2405 0.5443
-12.9791 -2.11232 0.541894 0.0988019 -12.834 -2.2405 0.5443
-12.8057 -2.18535 0.550081 0.00305342 -12.834 -2.2405 0.5443
-12.9135 -2.07874 0.547826 0.024258 -12.834 -2.2405 0.5443
-12.9213 -2.14115 0.539082 0.103744 -12.834 -2.2405 0.5443
-12.8753 -2.21105 0.546913 0.0323924 -12.834 -2.2405 0.5443
-12.8058 -2.10414 0.536891 0.100829 -12.834 -2.2405 0.5443
-12.8542 -2.29457 0.540992 0.0264478 -12.834 -2.2405 0.5443
-12.9213 -2.14115 0.539082 0.103744 -12.834 -2.2405 0.5443
-12.9791 -2.11232 0.541894 0.0988019 -12.834 -2.2405 0.5443
-12.7437 -2.18992 0.537695 0.0445325 -12.834 -2.2405 0.5443
-12.8753 -2.21105 0.546913 0.0323924 -12.834 -2.2405 0.5443
-12.8826 -1.94731 0.544402 0.0221165 -12.834 -2.2405 0.5443
-12.8058 -2.10414 0.536891 0.100829 -12.834 -2.2405 0.5443
-12.8753 -2.21105 0.546913 0.0323924 -12.834 -2.2405 0.5443
-12.9213 -2.14115 0.539082 0.103744 -12.834 -2.2405 0.5443
-12.8614 -2.24594 0.546995 0.0222661 -12.834 -2.2405 0.5443
-12.8561 -2.24655 0.536563 0.0219275 -12.834 -2.2405 0.5443
-12.7389 -2.17685 0.539264 0.0533495 -12.834 -2.2405 0.5443
-12.9748 -1.99806 0.54179 0.06156 -12.834 -2.2405 0.5443
-12.9213 -2.14115 0.539082 0.103744 -12.834 -2.2405 0.5443
-12.9873 -2.09448 0.537978 0.0514376 -12.834 -2.2405 0.5443
-12.8812 -2.24149 0.545922 0.0369127 -12.834 -2.2405 0.5443
-12.9213 -2.14115 0.539082 0.103744 -12.834 -2.2405 0.5443
-12.8058 -2.10414 0.536891 0.100829 -12.834 -2.2405 0.5443
-12.7588 -2.30191 0.535072 0.00378686 -12.834 -2.2405 0.5443
-12.8058 -2.10414 0.536891 0.100829 -12.834 -2.2405 0.5443
-12.8058 -2.10414 0.536891 0.100829 -12.834 -2.2405 0.5443
-12.8058 -2.10414 0.536891 0.100829 -12.834 -2.2405 0.5443
-12.9213 -2.14115 0.539082 0.103744 -12.834 -2.2405 0.5443
-12.8542 -2.29457 0.540992 0.0264478 -12.834 -2.2405 0.5443
-12.9791 -2.11232 0.541894 0.0988019 -12.834 -2.2405 0.5443
-12.9748 -1.99806 0.54179 0.06156 -12.834 -2.2405 0.5443
-12.9213 -2.14115 0.539082 0.103744 -12.834 -2.2405 0.5443
-12.8561 -2.24655 0.536563 0.0219275 -12.834 -2.2405 0.5443
-12.9213 -2.14115 0.539082 0.103744 -12.834 -2.2405 0.5443
-12.8812 -2.24149 0.545922 0.0369127 -12.834 -2.2405 0.5443
-12.9213 -2.14115 0.539082 0.103744 -12.834 -2.2405 0.5443
-12.8314 -2.31294 0.545126 0.013228 -12.834 -2.2405 0.5443
-12.8314 -2.31294 0.545126 0.013228 -12.834 -2.2405 0.5443
-12.8058 -2.10414 0.536891 0.100829 -12.834 -2.2405 0.5443
-12.9791 -2.11232 0.541894 0.0988019 -12.834 -2.2405 0.5443
-12.8561 -2.24655 0.536563 0.0219275 -12.834 -2.2405 0.5443
-12.9791 -2.11232 0.541894 0.0988019 -12.834 -2.2405 0.5443
-12.9213 -2.14115 0.539082 0.103744 -12.834 -2.2405 0.5443
-12.9791 -2.11232 0.541894 0.0988019 -12.834 -2.2405 0.5443
-12.9791 -2.11232 0.541894 0.0988019 -12.834 -2.2405 0.5443
-12.8156 -1.93568 0.543503 0.0179197 -12.834 -2.2405 0.5443
-12.9791 -2.11232 0.541894 0.0988019 -12.834 -2.2405 0.5443
-12.8826 -1.94731 0.544402 0.0221165 -12.834 -2.2405 0.5443
-12.9873 -2.09448 0.537978 0.0514376 -12.834 -2.2405 0.5443
-12.7389 -2.17685 0.539264 0.0533495 -12.834 -2.2405 0.5443
-12.8812 -2.24149 0.545922 0.0369127 -12.834 -2.2405 0.5443
-13.019 -1.93077 0.542432 0.0162389 -12.834 -2.2405 0.5443
-12.7389 -2.17685 0.539264 0.0533495 -12.834 -2.2405 0.5443
-12.9213 -2.14115 0.539082 0.103744 -12.834 -2.2405 0.5443
-12.8826 -1.94731 0.544402 0.0221165 -12.834 -2.2405 0.5443
-12.7437 -2.18992 0.537695 0.0445325 -12.834 -2.2405 0.5443
-12.9213 -2.14115 0.539082 0.103744 -12.834 -2.2405 0.5443
-12.9135 -2.07874 0.547826 0.024258 -12.834 -2.2405 0.5443
-12.9748 -1.99806 0.54179 0.06156 -12.834 -2.2405 0.5443
-13.1118 -2.05955 0.531755 0.00011974 -12.834 -2.2405 0.5443
-12.7437 -2.18992 0.537695 0.0445325 -12.834 -2.2405 0.5443
-12.9791 -2.11232 0.541894 0.0988019 -12.834 -2.2405 0.5443
-12.7389 -2.17685 0.539264 0.0533495 -12.834 -2.2405 0.5443
-12.7389 -2.17685 0.539264 0.0533495 -12.834 -2.2405 0.5443
-13.0109 -1.95648 0.54027 0.0277092 -12.834 -2.2405 0.5443
-12.8826 -1.94731 0.544402 0.0221165 -12.834 -2.2405 0.5443
-12.9213 -2.14115 0.539082 0.103744 -12.834 -2.2405 0.5443
-12.7514 -2.1979 0.544551 0.021917 -12.834 -2.2405 0.5443
-13.1319 -2.10801 0.542187 0.010741 -12.834 -2.2405 0.5443
-12.9213 -2.14115 0.539082 0.103744 -12.834 -2.2405 0.5443
-13.0109 -1.95648 0.54027 0.0277092 -12.834 -2.2405 0.5443
-13.0115 -2.26385 0.548064 0.016774 -12.834 -2.2405 0.5443
-13.0109 -1.95648 0.54027 0.0277092 -12.834 -2.2405 0.5443
-13.0115 -2.26385 0.548064 0.016774 -12.834 -2.2405 0.5443
-12.9791 -2.11232 0.541894 0.0988019 -12.834 -2.2405 0.5443
-12.9748 -1.99806 0.54179 0.06156 -12.834 -2.2405 0.5443
-12.7389 -2.17685 0.539264 0.0533495 -12.834 -2.2405 0.5443
-12.8058 -2.10414 0.536891 0.100829 -12.834 -2.2405 0.5443
-12.7389 -2.17685 0.539264 0.0533495 -12.834 -2.2405 0.5443
-12.9791 -2.11232 0.541894 0.0988019 -12.834 -2.2405 0.5443
-12.9791 -2.11232 0.541894 0.0988019 -12.834 -2.2405 0.5443
-12.7437 -2.18992 0.537695 0.0445325 -12.834 -2.2405 0.5443
-12.9791 -2.11232 0.541894 0.0988019 -12.834 -2.2405 0.5443
-12.8058 -2.10414 0.536891 0.100829 -12.834 -2.2405 0.5443
-12.8812 -2.24149 0.545922 0.0369127 -12.834 -2.2405 0.5443
-12.8812 -2.24149 0.545922 0.0369127 -12.834 -2.2405 0.5443
-12.8542 -2.29457 0.540992 0.0264478 -12.834 -2.2405 0.5443
-12.8826 -1.94731 0.544402 0.0221165 -12.834 -2.2405 0.5443
-12.7281 -1.88144 0.536055 0.0162259 -12.834 -2.2405 0.5443
-12.9748 -1.99806 0.54179 0.06156 -12.834 -2.2405 0.5443
-12.9873 -2.09448 0.537978 0.0514376 -12.834 -2.2405 0.5443
-12.7389 -2.17685 0.539264 0.0533495 -12.834 -2.2405 0.5443
-12.7281 -1.88144 0.536055 0.0162259 -12.834 -2.2405 0.5443
-12.9748 -1.99806 0.54179 0.06156 -12.834 -2.2405 0.5443
-13.164 -2.28984 0.549104 0.0019329 -12.834 -2.2405 0.5443
-12.7389 -2.17685 0.539264 0.0533495 -12.834 -2.2405 0.5443
-12.7437 -2.18992 0.537695 0.0445325 -12.834 -2.2405 0.5443
-12.8826 -1.94731 0.544402 0.0221165 -12.834 -2.2405 0.5443
-12.8156 -1.93568 0.543503 0.0179197 -12.834 -2.2405 0.5443
-12.7437 -2.18992 0.537695 0.0445325 -12.834 -2.2405 0.5443
-13.0022 -2.3308 0.546811 0.00967462 -12.834 -2.2405 0.5443
-12.7281 -1.88144 0.536055 0.0162259 -12.834 -2.2405 0.5443
-13.0378 -1.90155 0.543291 0.00688124 -12.834 -2.2405 0.5443
-13.0109 -1.95648 0.54027 0.0277092 -12.834 -2.2405 0.5443
-12.858 -1.9204 0.546492 0.00437554 -12.834 -2.2405 0.5443
-12.8058 -2.10414 0.536891 0.100829 -12.834 -2.2405 0.5443
-12.9791 -2.11232 0.541894 0.0988019 -12.834 -2.2405 0.5443
-12.9791 -2.11232 0.541894 0.0988019 -12.834 -2.2405 0.5443
-13.1319 -2.10801 0.542187 0.010741 -12.834 -2.2405 0.5443
-12.9748 -1.99806 0.54179 0.06156 -12.834 -2.2405 0.5443
-12.9135 -2.07874 0.547826 0.024258 -12.834 -2.2405 0.5443
-12.9791 -2.11232 0.541894 0.0988019 -12.834 -2.2405 0.5443
-12.8753 -2.21105 0.546913 0.0323924 -12.834 -2.2405 0.5443
-12.8542 -2.29457 0.540992 0.0264478 -12.834 -2.2405 0.5443
-13.0022 -2.3308 0.546811 0.00967462 -12.834 -2.2405 0.5443
-12.7437 -2.18992 0.537695 0.0445325 -12.834 -2.2405 0.5443
-12.9791 -2.11232 0.541894 0.0988019 -12.834 -2.2405 0.5443
-12.7514 -2.1979 0.544551 0.021917 -12.834 -2.2405 0.5443
-13.1319 -2.10801 0.542187 0.010741 -12.834 -2.2405 0.5443
-12.7514 -2.1979 0.544551 0.021917 -12.834 -2.2405 0.5443
-12.8812 -2.24149 0.545922 0.0369127 -12.834 -2.2405 0.5443
-12.7389 -2.17685 0.539264 0.0533495 -12.834 -2.2405 0.5443
-12.7389 -2.17685 0.539264 0.0533495 -12.834 -2.2405 0.5443
-12.7437 -2.18992 0.537695 0.0445325 -12.834 -2.2405 0.5443
-12.9213 -2.14115 0.539082 0.103744 -12.834 -2.2405 0.5443
-12.9748 -1.99806 0.54179 0.06156 -12.834 -2.2405 0.5443
-12.8753 -2.21105 0.546913 0.0323924 -12.834 -2.2405 0.5443
-12.8826 -1.94731 0.544402 0.0221165 -12.834 -2.2405 0.5443
-12.9791 -2.11232 0.541894 0.0988019 -12.834 -2.2405 0.5443
-12.8324 -2.39076 0.542348 0.00344799 -12.834 -2.2405 0.5443
-12.9213 -2.14115 0.539082 0.103744 -12.834 -2.2405 0.5443
-12.9791 -2.11232 0.541894 0.0988019 -12.834 -2.2405 0.5443
-12.9213 -2.14115 0.539082 0.103744 -12.834 -2.2405 0.5443
-12.7389 -2.17685 0.539264 0.0533495 -12.834 -2.2405 0.5443
-12.8561 -2.24655 0.536563 0.0219275 -12.834 -2.2405 0.5443
-12.9791 -2.11232 0.541894 0.0988019 -12.834 -2.2405 0.5443
-12.7389 -2.17685 0.539264 0.0533495 -12.834 -2.2405 0.5443
-12.8314 -2.31294 0.545126 0.013228 -12.834 -2.2405 0.5443
-12.7437 -2.18992 0.537695 0.0445325 -12.834 -2.2405 0.5443
-12.9873 -2.09448 0.537978 0.0514376 -12.834 -2.2405 0.5443
-12.8542 -2.29457 0.540992 0.0264478 -12.834 -2.2405 0.5443
-12.9213 -2.14115 0.539082 0.103744 -12.834 -2.2405 0.5443
-12.8614 -2.24594 0.546995 0.0222661 -12.834 -2.2405 0.5443
