-26.4628 -85.0563 2.44947 0.212375 -26.574 -85.253 2.4415
-26.6041 -85.0201 2.44963 0.090234 -26.574 -85.253 2.4415
-26.5123 -85.005 2.44407 0.161259 -26.574 -85.253 2.4415
-26.723 -85.2222 2.4471 0.0583265 -26.574 -85.253 2.4415
-26.6294 -85.2272 2.45546 0.0314181 -26.574 -85.253 2.4415
-26.4555 -85.2719 2.45069 0.26265 -26.574 -85.253 2.4415
-26.5798 -85.1778 2.44875 0.248376 -26.574 -85.253 2.4415
-26.4843 -85.0293 2.44877 0.1895 -26.574 -85.253 2.4415
-26.4843 -85.0293 2.44877 0.1895 -26.574 -85.253 2.4415
-26.5798 -85.1778 2.44875 0.248376 -26.574 -85.253 2.4415
-26.6041 -85.0201 2.44963 0.090234 -26.574 -85.253 2.4415
-26.5118 -85.2917 2.44704 0.188891 -26.574 -85.253 2.4415
-26.5758 -85.226 2.44211 0.0715745 -26.574 -85.253 2.4415
-26.5798 -85.1778 2.44875 0.248376 -26.574 -85.253 2.4415
-26.47 -85.3478 2.44014 0.0063463 -26.574 -85.253 2.4415
-26.3289 -85.1549 2.43917 0.0104274 -26.574 -85.253 2.4415
-26.5073 -85.0781 2.44924 0.241426 -26.574 -85.253 2.4415
-26.2636 -85.4867 2.45028 0.0100464 -26.574 -85.253 2.4415
-26.3237 -85.0095 2.44768 0.0932808 -26.574 -85.253 2.4415
-26.723 -85.2222 2.4471 0.0583265 -26.574 -85.253 2.4415
-26.4628 -85.0563 2.44947 0.212375 -26.574 -85.253 2.4415
-26.5085 -85.2904 2.45228 0.188371 -26.574 -85.253 2.4415
-26.4843 -85.0293 2.44877 0.1895 -26.574 -85.253 2.4415
-26.4628 -85.0563 2.44947 0.212375 -26.574 -85.253 2.4415
-26.47 -85.3478 2.44014 0.0063463 -26.574 -85.253 2.4415
-26.3237 -85.0095 2.44768 0.0932808 -26.574 -85.253 2.4415
-26.5798 -85.1778 2.44875 0.248376 -26.574 -85.253 2.4415
-26.4316 -85.0167 2.4514 0.0963128 -26.574 -85.253 2.4415
-26.4555 -85.2719 2.45069 0.26265 -26.574 -85.253 2.4415
-26.2328 -85.1671 2.448 0.0664372 -26.574 -85.253 2.4415
-26.641 -85.1659 2.44835 0.159305 -26.574 -85.253 2.4415
-26.641 -85.1659 2.44835 0.159305 -26.574 -85.253 2.4415
-26.641 -85.1659 2.44835 0.159305 -26.574 -85.253 2.4415
-26.5073 -85.0781 2.44924 0.241426 -26.574 -85.253 2.4415
-26.4555 -85.2719 2.45069 0.26265 -26.574 -85.253 2.4415
-26.3876 -85.2375 2.44552 0.154627 -26.574 -85.253 2.4415
-26.4628 -85.0563 2.44947 0.212375 -26.574 -85.253 2.4415
-26.5073 -85.0781 2.44924 0.241426 -26.574 -85.253 2.4415
-26.7734 -85.2058 2.44428 0.0235036 -26.574 -85.253 2.4415
-26.7749 -85.1386 2.44723 0.0304464 -26.574 -85.253 2.4415
-26.3237 -85.0095 2.44768 0.0932808 -26.574 -85.253 2.4415
-26.5918 -85.1344 2.44481 0.199288 -26.574 -85.253 2.4415
-26.3237 -85.0095 2.44768 0.0932808 -26.574 -85.253 2.4415
-26.437 -85.0874 2.4397 0.0439951 -26.574 -85.253 2.4415
-26.641 -85.1659 2.44835 0.159305 -26.574 -85.253 2.4415
-26.4555 -85.2719 2.45069 0.26265 -26.574 -85.253 2.4415
-26.4843 -85.0293 2.44877 0.1895 -26.574 -85.253 2.4415
-26.4843 -85.0293 2.44877 0.1895 -26.574 -85.253 2.4415
-26.2328 -85.1671 2.448 0.0664372 -26.574 -85.253 2.4415
-26.4555 -85.2719 2.45069 0.26265 -26.574 -85.253 2.4415
-26.4843 -85.0293 2.44877 0.1895 -26.574 -85.253 2.4415
-26.5798 -85.1778 2.44875 0.248376 -26.574 -85.253 2.4415
-26.5123 -85.005 2.44407 0.161259 -26.574 -85.253 2.4415
-26.5073 -85.0781 2.44924 0.241426 -26.574 -85.253 2.4415
-26.5118 -85.2917 2.44704 0.188891 -26.574 -85.253 2.4415
-26.5073 -85.0781 2.44924 0.241426 -26.574 -85.253 2.4415
-26.5798 -85.1778 2.44875 0.248376 -26.574 -85.253 2.4415
-26.3876 -85.2375 2.44552 0.154627 -26.574 -85.253 2.4415
-26.3876 -85.2375 2.44552 0.154627 -26.574 -85.253 2.4415
-26.4555 -85.2719 2.45069 0.26265 -26.574 -85.253 2.4415
-26.4843 -85.0293 2.44877 0.1895 -26.574 -85.253 2.4415
-26.5073 -85.0781 2.44924 0.241426 -26.574 -85.253 2.4415
-26.5932 -85.1801 2.45197 0.136961 -26.574 -85.253 2.4415
-26.5085 -85.2904 2.45228 0.188371 -26.574 -85.253 2.4415
-26.5073 -85.0781 2.44924 0.241426 -26.574 -85.253 2.4415
-26.5798 -85.1778 2.44875 0.248376 -26.574 -85.253 2.4415
-26.5932 -85.1801 2.45197 0.136961 -26.574 -85.253 2.4415
-26.5798 -85.1778 2.44875 0.248376 -26.574 -85.253 2.4415
-26.7126 -85.2988 2.44381 0.0231936 -26.574 -85.253 2.4415
-26.5932 -85.1801 2.45197 0.136961 -26.574 -85.253 2.4415
-26.641 -85.1659 2.44835 0.159305 -26.574 -85.253 2.4415
-26.4628 -85.0563 2.44947 0.212375 -26.574 -85.253 2.4415
-26.5918 -85.1344 2.44481 0.199288 -26.574 -85.253 2.4415
-26.4555 -85.2719 2.45069 0.26265 -26.574 -85.253 2.4415
-26.4843 -85.0293 2.44877 0.1895 -26.574 -85.253 2.4415
-26.2328 -85.1671 2.448 0.0664372 -26.574 -85.253 2.4415
-26.4843 -85.0293 2.44877 0.1895 -26.574 -85.253 2.4415
-26.5118 -85.2917 2.44704 0.188891 -26.574 -85.253 2.4415
-26.5798 -85.1778 2.44875 0.248376 -26.574 -85.253 2.4415
-26.5932 -85.1801 2.45197 0.136961 -26.574 -85.253 2.4415
-26.3073 -85.3085 2.4463 0.0591891 -26.574 -85.253 2.4415
-26.5118 -85.2917 2.44704 0.188891 -26.574 -85.253 2.4415
-26.7252 -85.4029 2.4503 0.0137548 -26.574 -85.253 2.4415
-26.5798 -85.1778 2.44875 0.248376 -26.574 -85.253 2.4415
-26.4628 -85.0563 2.44947 0.212375 -26.574 -85.253 2.4415
-26.5123 -85.005 2.44407 0.161259 -26.574 -85.253 2.4415
-26.5654 -85.3755 2.4508 0.0939058 -26.574 -85.253 2.4415
-26.4555 -85.2719 2.45069 0.26265 -26.574 -85.253 2.4415
-26.5758 -85.226 2.44211 0.0715745 -26.574 -85.253 2.4415
-26.6223 -84.8514 2.44472 0.0216821 -26.574 -85.253 2.4415
-26.5918 -85.1344 2.44481 0.199288 -26.574 -85.253 2.4415
-26.4843 -85.0293 2.44877 0.1895 -26.574 -85.253 2.4415
-26.5686 -85.4592 2.4516 0.0340265 -26.574 -85.253 2.4415
-26.5932 -85.1801 2.45197 0.136961 -26.574 -85.253 2.4415
-26.4316 -85.0167 2.4514 0.0963128 -26.574 -85.253 2.4415
-26.5932 -85.1801 2.45197 0.136961 -26.574 -85.253 2.4415
-26.4784 -85.0632 2.4385 0.0301579 -26.574 -85.253 2.4415
-26.5073 -85.0781 2.44924 0.241426 -26.574 -85.253 2.4415
-26.5118 -85.2917 2.44704 0.188891 -26.574 -85.253 2.4415
-26.3237 -85.0095 2.44768 0.0932808 -26.574 -85.253 2.4415
-26.5073 -85.0781 2.44924 0.241426 -26.574 -85.253 2.4415
-26.5918 -85.1344 2.44481 0.199288 -26.574 -85.253 2.4415
-26.641 -85.1659 2.44835 0.159305 -26.574 -85.253 2.4415
-26.3237 -85.0095 2.44768 0.0932808 -26.574 -85.253 2.4415
-26.5085 -85.2904 2.45228 0.188371 -26.574 -85.253 2.4415
-26.4843 -85.0293 2.44877 0.1895 -26.574 -85.253 2.4415
-26.5123 -85.005 2.44407 0.161259 -26.574 -85.253 2.4415
-26.4555 -85.2719 2.45069 0.26265 -26.574 -85.253 2.4415
-26.5654 -85.3755 2.4508 0.0939058 -26.574 -85.253 2.4415
-26.3876 -85.2375 2.44552 0.154627 -26.574 -85.253 2.4415
-26.5085 -85.2904 2.45228 0.188371 -26.574 -85.253 2.4415
-26.5118 -85.2917 2.44704 0.188891 -26.574 -85.253 2.4415
-26.641 -85.1659 2.44835 0.159305 -26.574 -85.253 2.4415
-26.4628 -85.0563 2.44947 0.212375 -26.574 -85.253 2.4415
-26.3237 -85.0095 2.44768 0.0932808 -26.574 -85.253 2.4415
-26.4555 -85.2719 2.45069 0.26265 -26.574 -85.253 2.4415
-26.5085 -85.2904 2.45228 0.188371 -26.574 -85.253 2.4415
-26.437 -85.0874 2.4397 0.0439951 -26.574 -85.253 2.4415
-26.4316 -85.0167 2.4514 0.0963128 -26.574 -85.253 2.4415
-26.5654 -85.3755 2.4508 0.0939058 -26.574 -85.253 2.4415
-26.5932 -85.1801 2.45197 0.136961 -26.574 -85.253 2.4415
-26.4843 -85.0293 2.44877 0.1895 -26.574 -85.253 2.4415
-26.5932 -85.1801 2.45197 0.136961 -26.574 -85.253 2.4415
-26.5932 -85.1801 2.45197 0.136961 -26.574 -85.253 2.4415
-26.4628 -85.0563 2.44947 0.212375 -26.574 -85.253 2.4415
-26.5798 -85.1778 2.44875 0.248376 -26.574 -85.253 2.4415
-26.3237 -85.0095 2.44768 0.0932808 -26.574 -85.253 2.4415
-26.6041 -85.0201 2.44963 0.090234 -26.574 -85.253 2.4415
-26.437 -85.0874 2.4397 0.0439951 -26.574 -85.253 2.4415
-26.5361 -84.9543 2.43911 0.0352698 -26.574 -85.253 2.4415
-26.5073 -85.0781 2.44924 0.241426 -26.574 -85.253 2.4415
-26.6041 -85.0201 2.44963 0.090234 -26.574 -85.253 2.4415
-26.6041 -85.0201 2.44963 0.090234 -26.574 -85.253 2.4415
-26.7289 -85.2194 2.44646 0.0531586 -26.574 -85.253 2.4415
-26.6294 -85.2272 2.45546 0.0314181 -26.574 -85.253 2.4415
-26.3876 -85.2375 2.44552 0.154627 -26.574 -85.253 2.4415
-26.4555 -85.2719 2.45069 0.26265 -26.574 -85.253 2.4415
-26.6041 -85.0201 2.44963 0.090234 -26.574 -85.253 2.4415
-26.5123 -85.005 2.44407 0.161259 -26.574 -85.253 2.4415
-26.3237 -85.0095 2.44768 0.0932808 -26.574 -85.253 2.4415
-26.6041 -85.0201 2.44963 0.090234 -26.574 -85.253 2.4415
-26.5118 -85.2917 2.44704 0.188891 -26.574 -85.253 2.4415
-26.4843 -85.0293 2.44877 0.1895 -26.574 -85.253 2.4415
-26.3876 -85.2375 2.44552 0.154627 -26.574 -85.253 2.4415
-26.4316 -85.0167 2.4514 0.0963128 -26.574 -85.253 2.4415
-26.2636 -85.4867 2.45028 0.0100464 -26.574 -85.253 2.4415
-26.5123 -85.005 2.44407 0.161259 -26.574 -85.253 2.4415
-26.5798 -85.1778 2.44875 0.248376 -26.574 -85.253 2.4415
-26.5123 -85.005 2.44407 0.161259 -26.574 -85.253 2.4415
-26.4628 -85.0563 2.44947 0.212375 -26.574 -85.253 2.4415
-26.4843 -85.0293 2.44877 0.1895 -26.574 -85.253 2.4415
-26.4888 -85.1208 2.43761 0.0156672 -26.574 -85.253 2.4415
-26.5123 -85.005 2.44407 0.161259 -26.574 -85.253 2.4415
-26.6223 -84.8514 2.44472 0.0216821 -26.574 -85.253 2.4415
-26.5686 -85.4592 2.4516 0.0340265 -26.574 -85.253 2.4415
-26.723 -85.2222 2.4471 0.0583265 -26.574 -85.253 2.4415
-26.5918 -85.1344 2.44481 0.199288 -26.574 -85.253 2.4415
-26.7126 -85.2988 2.44381 0.0231936 -26.574 -85.253 2.4415
-26.5357 -85.061 2.43467 0.00326284 -26.574 -85.253 2.4415
-26.4628 -85.0563 2.44947 0.212375 -26.574 -85.253 2.4415
-26.5798 -85.1778 2.44875 0.248376 -26.574 -85.253 2.4415
-26.4555 -85.2719 2.45069 0.26265 -26.574 -85.253 2.4415
-26.3876 -85.2375 2.44552 0.154627 -26.574 -85.253 2.4415
-26.4628 -85.0563 2.44947 0.212375 -26.574 -85.253 2.4415
-26.5798 -85.1778 2.44875 0.248376 -26.574 -85.253 2.4415
-26.5123 -85.005 2.44407 0.161259 -26.574 -85.253 2.4415
-26.4843 -85.0293 2.44877 0.1895 -26.574 -85.253 2.4415
-26.5085 -85.2904 2.45228 0.188371 -26.574 -85.253 2.4415
-26.5073 -85.0781 2.44924 0.241426 -26.574 -85.253 2.4415
-26.5654 -85.3755 2.4508 0.0939058 -26.574 -85.253 2.4415
-26.5758 -85.226 2.44211 0.0715745 -26.574 -85.253 2.4415
-26.5798 -85.1778 2.44875 0.248376 -26.574 -85.253 2.4415
-26.3876 -85.2375 2.44552 0.154627 -26.574 -85.253 2.4415
-26.4555 -85.2719 2.45069 0.26265 -26.574 -85.253 2.4415
-26.3237 -85.0095 2.44768 0.0932808 -26.574 -85.253 2.4415
-26.5123 -85.005 2.44407 0.161259 -26.574 -85.253 2.4415
-26.5073 -85.0781 2.44924 0.241426 -26.574 -85.253 2.4415
-26.5654 -85.3755 2.4508 0.0939058 -26.574 -85.253 2.4415
-26.4628 -85.0563 2.44947 0.212375 -26.574 -85.253 2.4415
-26.5932 -85.1801 2.45197 0.136961 -26.574 -85.253 2.4415
-26.4784 -85.0632 2.4385 0.0301579 -26.574 -85.253 2.4415
-26.3876 -85.2375 2.44552 0.154627 -26.574 -85.253 2.4415
-26.2328 -85.1671 2.448 0.0664372 -26.574 -85.253 2.4415
-26.4555 -85.2719 2.45069 0.26265 -26.574 -85.253 2.4415
-26.5123 -85.005 2.44407 0.161259 -26.574 -85.253 2.4415
-26.4316 -85.0167 2.4514 0.0963128 -26.574 -85.253 2.4415
-26.8612 -85.1691 2.44703 0.00615702 -26.574 -85.253 2.4415
-26.7289 -85.2194 2.44646 0.0531586 -26.574 -85.253 2.4415
-26.5918 -85.1344 2.44481 0.199288 -26.574 -85.253 2.4415
-26.5073 -85.0781 2.44924 0.241426 -26.574 -85.253 2.4415
-26.4555 -85.2719 2.45069 0.26265 -26.574 -85.253 2.4415
-26.5932 -85.1801 2.45197 0.136961 -26.574 -85.253 2.4415
-26.3876 -85.2375 2.44552 0.154627 -26.574 -85.253 2.4415
-26.4628 -85.0563 2.44947 0.212375 -26.574 -85.253 2.4415
-26.6041 -85.0201 2.44963 0.090234 -26.574 -85.253 2.4415
-26.4555 -85.2719 2.45069 0.26265 -26.574 -85.253 2.4415
-26.641 -85.1659 2.44835 0.159305 -26.574 -85.253 2.4415
-26.7289 -85.2194 2.44646 0.0531586 -26.574 -85.253 2.4415
-26.4555 -85.2719 2.45069 0.26265 -26.574 -85.253 2.4415
-26.5085 -85.2904 2.45228 0.188371 -26.574 -85.253 2.4415
