131.934 -19.0428 3.37613 0.835959 132.1 -19.008 3.3755
132.22 -18.9087 3.38327 0.421557 132.1 -19.008 3.3755
131.946 -18.8432 3.37419 0.541232 132.1 -19.008 3.3755
132.22 -18.9087 3.38327 0.421557 132.1 -19.008 3.3755
131.927 -19.0249 3.37514 0.812454 132.1 -19.008 3.3755
131.946 -18.8432 3.37419 0.541232 132.1 -19.008 3.3755
132.001 -18.9825 3.38116 0.769239 132.1 -19.008 3.3755
131.934 -19.0428 3.37613 0.835959 132.1 -19.008 3.3755
132.001 -18.9825 3.38116 0.769239 132.1 -19.008 3.3755
132.073 -18.9876 3.37733 1.48114 132.1 -19.008 3.3755
132.038 -18.9874 3.37563 1.25153 132.1 -19.008 3.3755
132.038 -18.9874 3.37563 1.25153 132.1 -19.008 3.3755
132.073 -18.9876 3.37733 1.48114 132.1 -19.008 3.3755
132.014 -18.9714 3.38021 1.11262 132.1 -19.008 3.3755
132.073 -18.9876 3.37733 1.48114 132.1 -19.008 3.3755
132.038 -18.9874 3.37563 1.25153 132.1 -19.008 3.3755
132.22 -18.9087 3.38327 0.421557 132.1 -19.008 3.3755
132.223 -18.6587 3.37952 0.0430841 132.1 -19.008 3.3755
132.073 -18.9876 3.37733 1.48114 132.1 -19.008 3.3755
132.001 -18.8307 3.37436 0.560799 132.1 -19.008 3.3755
132.137 -18.8102 3.37696 0.554553 132.1 -19.008 3.3755
132.084 -18.9671 3.38106 1.1115 132.1 -19.008 3.3755
132.084 -18.9671 3.38106 1.1115 132.1 -19.008 3.3755
131.946 -18.8432 3.37419 0.541232 132.1 -19.008 3.3755
132.073 -18.9876 3.37733 1.48114 132.1 -19.008 3.3755
132.038 -18.9874 3.37563 1.25153 132.1 -19.008 3.3755
131.882 -18.9797 3.36719 0.0204461 132.1 -19.008 3.3755
132.073 -18.9876 3.37733 1.48114 132.1 -19.008 3.3755
132.073 -18.9876 3.37733 1.48114 132.1 -19.008 3.3755
132.038 -18.9874 3.37563 1.25153 132.1 -19.008 3.3755
131.927 -19.0249 3.37514 0.812454 132.1 -19.008 3.3755
132.073 -18.9876 3.37733 1.48114 132.1 -19.008 3.3755
131.927 -19.0249 3.37514 0.812454 132.1 -19.008 3.3755
132.073 -18.9876 3.37733 1.48114 132.1 -19.008 3.3755
132.073 -18.9876 3.37733 1.48114 132.1 -19.008 3.3755
131.946 -18.8432 3.37419 0.541232 132.1 -19.008 3.3755
131.979 -18.8612 3.38074 0.621908 132.1 -19.008 3.3755
131.798 -18.8676 3.36967 0.0472321 132.1 -19.008 3.3755
131.946 -18.8432 3.37419 0.541232 132.1 -19.008 3.3755
131.927 -19.0249 3.37514 0.812454 132.1 -19.008 3.3755
132.001 -18.8307 3.37436 0.560799 132.1 -19.008 3.3755
132.137 -18.8102 3.37696 0.554553 132.1 -19.008 3.3755
132.137 -18.8102 3.37696 0.554553 132.1 -19.008 3.3755
132.084 -18.9671 3.38106 1.1115 132.1 -19.008 3.3755
132.084 -18.9671 3.38106 1.1115 132.1 -19.008 3.3755
132.073 -18.9876 3.37733 1.48114 132.1 -19.008 3.3755
131.934 -19.0428 3.37613 0.835959 132.1 -19.008 3.3755
132.073 -18.9876 3.37733 1.48114 132.1 -19.008 3.3755
131.934 -19.0428 3.37613 0.835959 132.1 -19.008 3.3755
132.25 -19.0204 3.38026 0.454099 132.1 -19.008 3.3755
131.927 -19.0249 3.37514 0.812454 132.1 -19.008 3.3755
131.909 -18.6989 3.37494 0.0856128 132.1 -19.008 3.3755
132.073 -18.9876 3.37733 1.48114 132.1 -19.008 3.3755
132.137 -18.8102 3.37696 0.554553 132.1 -19.008 3.3755
132.001 -18.9825 3.38116 0.769239 132.1 -19.008 3.3755
132.073 -18.9876 3.37733 1.48114 132.1 -19.008 3.3755
131.927 -19.0249 3.37514 0.812454 132.1 -19.008 3.3755
132.137 -18.8102 3.37696 0.554553 132.1 -19.008 3.3755
132.073 -18.9876 3.37733 1.48114 132.1 -19.008 3.3755
132.038 -18.9874 3.37563 1.25153 132.1 -19.008 3.3755
131.946 -18.8432 3.37419 0.541232 132.1 -19.008 3.3755
131.927 -19.0249 3.37514 0.812454 132.1 -19.008 3.3755
132.073 -18.9876 3.37733 1.48114 132.1 -19.008 3.3755
132.014 -18.9714 3.38021 1.11262 132.1 -19.008 3.3755
132.038 -18.9874 3.37563 1.25153 132.1 -19.008 3.3755
131.979 -18.8612 3.38074 0.621908 132.1 -19.008 3.3755
132.038 -18.9874 3.37563 1.25153 132.1 -19.008 3.3755
131.745 -19.0473 3.37277 0.0776064 132.1 -19.008 3.3755
132.014 -18.9714 3.38021 1.11262 132.1 -19.008 3.3755
132.25 -19.0204 3.38026 0.454099 132.1 -19.008 3.3755
132.038 -18.9874 3.37563 1.25153 132.1 -19.008 3.3755
131.934 -19.0428 3.37613 0.835959 132.1 -19.008 3.3755
131.934 -19.0428 3.37613 0.835959 132.1 -19.008 3.3755
132.073 -18.9876 3.37733 1.48114 132.1 -19.008 3.3755
132.084 -18.9671 3.38106 1.1115 132.1 -19.008 3.3755
131.68 -18.9 3.37137 0.0212622 132.1 -19.008 3.3755
131.909 -18.6989 3.37494 0.0856128 132.1 -19.008 3.3755
132.181 -18.942 3.38761 0.0504431 132.1 -19.008 3.3755
132.073 -18.9876 3.37733 1.48114 132.1 -19.008 3.3755
131.927 -19.0249 3.37514 0.812454 132.1 -19.008 3.3755
132.22 -18.9087 3.38327 0.421557 132.1 -19.008 3.3755
131.934 -19.0428 3.37613 0.835959 132.1 -19.008 3.3755
132.137 -18.8102 3.37696 0.554553 132.1 -19.008 3.3755
132.014 -18.9714 3.38021 1.11262 132.1 -19.008 3.3755
131.946 -18.8432 3.37419 0.541232 132.1 -19.008 3.3755
131.934 -19.0428 3.37613 0.835959 132.1 -19.008 3.3755
132.22 -18.9087 3.38327 0.421557 132.1 -19.008 3.3755
132.137 -18.8102 3.37696 0.554553 132.1 -19.008 3.3755
131.894 -18.8491 3.37178 0.206663 132.1 -19.008 3.3755
132.038 -18.9874 3.37563 1.25153 132.1 -19.008 3.3755
132.014 -18.9714 3.38021 1.11262 132.1 -19.008 3.3755
132.001 -18.9825 3.38116 0.769239 132.1 -19.008 3.3755
132.073 -18.9876 3.37733 1.48114 132.1 -19.008 3.3755
132.038 -18.9874 3.37563 1.25153 132.1 -19.008 3.3755
131.927 -19.0249 3.37514 0.812454 132.1 -19.008 3.3755
132.001 -18.8307 3.37436 0.560799 132.1 -19.008 3.3755
131.928 -18.9104 3.37025 0.151766 132.1 -19.008 3.3755
132.038 -18.9874 3.37563 1.25153 132.1 -19.008 3.3755
132.137 -18.8102 3.37696 0.554553 132.1 -19.008 3.3755
132.062 -19.2499 3.37068 0.00985504 132.1 -19.008 3.3755
132.001 -18.8307 3.37436 0.560799 132.1 -19.008 3.3755
131.894 -18.8491 3.37178 0.206663 132.1 -19.008 3.3755
132.073 -18.9876 3.37733 1.48114 132.1 -19.008 3.3755
132.336 -18.8069 3.37651 0.03204 132.1 -19.008 3.3755
131.909 -18.6989 3.37494 0.0856128 132.1 -19.008 3.3755
132.001 -18.8307 3.37436 0.560799 132.1 -19.008 3.3755
131.979 -18.8612 3.38074 0.621908 132.1 -19.008 3.3755
132.038 -18.9874 3.37563 1.25153 132.1 -19.008 3.3755
132.084 -18.9671 3.38106 1.1115 132.1 -19.008 3.3755
132.001 -18.8307 3.37436 0.560799 132.1 -19.008 3.3755
131.926 -18.7348 3.37612 0.197169 132.1 -19.008 3.3755
132.084 -18.9671 3.38106 1.1115 132.1 -19.008 3.3755
132.038 -18.9874 3.37563 1.25153 132.1 -19.008 3.3755
132.001 -18.8307 3.37436 0.560799 132.1 -19.008 3.3755
132.014 -18.9714 3.38021 1.11262 132.1 -19.008 3.3755
132.014 -18.9714 3.38021 1.11262 132.1 -19.008 3.3755
132.014 -18.9714 3.38021 1.11262 132.1 -19.008 3.3755
132.001 -18.8307 3.37436 0.560799 132.1 -19.008 3.3755
131.745 -19.0473 3.37277 0.0776064 132.1 -19.008 3.3755
132.084 -18.9671 3.38106 1.1115 132.1 -19.008 3.3755
132.137 -18.8102 3.37696 0.554553 132.1 -19.008 3.3755
132.001 -18.9825 3.38116 0.769239 132.1 -19.008 3.3755
131.979 -18.8612 3.38074 0.621908 132.1 -19.008 3.3755
132.014 -18.9714 3.38021 1.11262 132.1 -19.008 3.3755
132.073 -18.9876 3.37733 1.48114 132.1 -19.008 3.3755
132.137 -18.8102 3.37696 0.554553 132.1 -19.008 3.3755
131.927 -19.0249 3.37514 0.812454 132.1 -19.008 3.3755
132.324 -19.0839 3.38593 0.0326858 132.1 -19.008 3.3755
132.22 -18.9087 3.38327 0.421557 132.1 -19.008 3.3755
132.241 -19.0228 3.37166 0.0231639 132.1 -19.008 3.3755
132.001 -18.9825 3.38116 0.769239 132.1 -19.008 3.3755
131.934 -19.0428 3.37613 0.835959 132.1 -19.008 3.3755
132.073 -18.9876 3.37733 1.48114 132.1 -19.008 3.3755
132.073 -18.9876 3.37733 1.48114 132.1 -19.008 3.3755
132.073 -18.9876 3.37733 1.48114 132.1 -19.008 3.3755
132.001 -18.9825 3.38116 0.769239 132.1 -19.008 3.3755
131.946 -18.8432 3.37419 0.541232 132.1 -19.008 3.3755
132.084 -18.9671 3.38106 1.1115 132.1 -19.008 3.3755
132.282 -19.1492 3.38086 0.0931977 132.1 -19.008 3.3755
132.073 -18.9876 3.37733 1.48114 132.1 -19.008 3.3755
132.137 -18.8102 3.37696 0.554553 132.1 -19.008 3.3755
131.927 -19.0249 3.37514 0.812454 132.1 -19.008 3.3755
132.038 -18.9874 3.37563 1.25153 132.1 -19.008 3.3755
132.084 -18.9671 3.38106 1.1115 132.1 -19.008 3.3755
132.073 -18.9876 3.37733 1.48114 132.1 -19.008 3.3755
131.934 -19.0428 3.37613 0.835959 132.1 -19.008 3.3755
131.928 -18.9104 3.37025 0.151766 132.1 -19.008 3.3755
131.934 -19.0428 3.37613 0.835959 132.1 -19.008 3.3755
131.698 -19.1165 3.37657 0.0154336 132.1 -19.008 3.3755
132.143 -19.2219 3.37439 0.0515827 132.1 -19.008 3.3755
132.001 -18.9825 3.38116 0.769239 132.1 -19.008 3.3755
132.084 -18.9671 3.38106 1.1115 132.1 -19.008 3.3755
132.263 -19.1557 3.37842 0.0994527 132.1 -19.008 3.3755
131.928 -18.9104 3.37025 0.151766 132.1 -19.008 3.3755
131.927 -19.0249 3.37514 0.812454 132.1 -19.008 3.3755
132.073 -18.9876 3.37733 1.48114 132.1 -19.008 3.3755
132.073 -18.9876 3.37733 1.48114 132.1 -19.008 3.3755
132.038 -18.9874 3.37563 1.25153 132.1 -19.008 3.3755
132.25 -19.0204 3.38026 0.454099 132.1 -19.008 3.3755
132.014 -18.9714 3.38021 1.11262 132.1 -19.008 3.3755
131.909 -18.6989 3.37494 0.0856128 132.1 -19.008 3.3755
132.162 -19.1619 3.37474 0.122449 132.1 -19.008 3.3755
132.25 -19.0204 3.38026 0.454099 132.1 -19.008 3.3755
132.25 -19.0204 3.38026 0.454099 132.1 -19.008 3.3755
131.946 -18.8432 3.37419 0.541232 132.1 -19.008 3.3755
132.073 -18.9876 3.37733 1.48114 132.1 -19.008 3.3755
131.861 -18.9006 3.38074 0.189423 132.1 -19.008 3.3755
131.934 -19.0428 3.37613 0.835959 132.1 -19.008 3.3755
132.073 -18.9876 3.37733 1.48114 132.1 -19.008 3.3755
131.979 -18.8612 3.38074 0.621908 132.1 -19.008 3.3755
132.282 -19.1492 3.38086 0.0931977 132.1 -19.008 3.3755
132.038 -18.9874 3.37563 1.25153 132.1 -19.008 3.3755
131.861 -18.9006 3.38074 0.189423 132.1 -19.008 3.3755
132.038 -18.9874 3.37563 1.25153 132.1 -19.008 3.3755
131.842 -18.7288 3.37418 0.0697417 132.1 -19.008 3.3755
132.073 -18.9876 3.37733 1.48114 132.1 -19.008 3.3755
131.861 -18.9006 3.38074 0.189423 132.1 -19.008 3.3755
131.946 -18.8432 3.37419 0.541232 132.1 -19.008 3.3755
132.073 -18.9876 3.37733 1.48114 132.1 -19.008 3.3755
132.073 -18.9876 3.37733 1.48114 132.1 -19.008 3.3755
131.934 -19.0428 3.37613 0.835959 132.1 -19.008 3.3755
131.927 -19.0249 3.37514 0.812454 132.1 -19.008 3.3755
132.001 -18.9825 3.38116 0.769239 132.1 -19.008 3.3755
132.038 -18.9874 3.37563 1.25153 132.1 -19.008 3.3755
131.979 -18.8612 3.38074 0.621908 132.1 -19.008 3.3755
132.073 -18.9876 3.37733 1.48114 132.1 -19.008 3.3755
131.934 -19.0428 3.37613 0.835959 132.1 -19.008 3.3755
132.084 -18.9671 3.38106 1.1115 132.1 -19.008 3.3755
131.927 -19.0249 3.37514 0.812454 132.1 -19.008 3.3755
132.25 -19.0204 3.38026 0.454099 132.1 -19.008 3.3755
132.073 -18.9876 3.37733 1.48114 132.1 -19.008 3.3755
132.137 -18.8102 3.37696 0.554553 132.1 -19.008 3.3755
132.137 -18.8102 3.37696 0.554553 132.1 -19.008 3.3755
131.894 -18.8491 3.37178 0.206663 132.1 -19.008 3.3755
132.084 -18.9671 3.38106 1.1115 132.1 -19.008 3.3755
131.979 -18.8612 3.38074 0.621908 132.1 -19.008 3.3755
132.014 -18.9714 3.38021 1.11262 132.1 -19.008 3.3755
132.001 -18.8307 3.37436 0.560799 132.1 -19.008 3.3755
132.001 -18.8307 3.37436 0.560799 132.1 -19.008 3.3755
132.073 -18.9876 3.37733 1.48114 132.1 -19.008 3.3755
