62.1769 -49.2136 3.89003 0.00551344 62.281 -49.422 3.8824
62.164 -49.4324 3.88266 0.0371492 62.281 -49.422 3.8824
62.0943 -49.3713 3.88183 0.0382085 62.281 -49.422 3.8824
62.1045 -49.1064 3.88372 0.00454316 62.281 -49.422 3.8824
62.4213 -49.307 3.88587 0.00597406 62.281 -49.422 3.8824
62.1769 -49.2136 3.89003 0.00551344 62.281 -49.422 3.8824
62.0898 -49.5641 3.88094 0.00471382 62.281 -49.422 3.8824
62.2976 -49.42 3.88299 0.0308103 62.281 -49.422 3.8824
62.2976 -49.42 3.88299 0.0308103 62.281 -49.422 3.8824
62.1769 -49.2136 3.89003 0.00551344 62.281 -49.422 3.8824
62.1635 -49.4259 3.88015 0.0546488 62.281 -49.422 3.8824
62.2366 -49.4424 3.87439 0.024602 62.281 -49.422 3.8824
62.1635 -49.4259 3.88015 0.0546488 62.281 -49.422 3.8824
62.1635 -49.4259 3.88015 0.0546488 62.281 -49.422 3.8824
62.0943 -49.3713 3.88183 0.0382085 62.281 -49.422 3.8824
62.1635 -49.4259 3.88015 0.0546488 62.281 -49.422 3.8824
62.0943 -49.3713 3.88183 0.0382085 62.281 -49.422 3.8824
62.2976 -49.42 3.88299 0.0308103 62.281 -49.422 3.8824
62.1635 -49.4259 3.88015 0.0546488 62.281 -49.422 3.8824
62.164 -49.4324 3.88266 0.0371492 62.281 -49.422 3.8824
62.2553 -49.4812 3.88086 0.0289191 62.281 -49.422 3.8824
62.3221 -49.4923 3.88312 0.0103807 62.281 -49.422 3.8824
62.3272 -49.4249 3.87734 0.0239348 62.281 -49.422 3.8824
62.3711 -49.3699 3.87703 0.013634 62.281 -49.422 3.8824
61.92 -49.3813 3.8856 0.000523704 62.281 -49.422 3.8824
62.3551 -49.4444 3.8823 0.0151877 62.281 -49.422 3.8824
62.3136 -49.2564 3.88298 0.0328049 62.281 -49.422 3.8824
62.3272 -49.4249 3.87734 0.0239348 62.281 -49.422 3.8824
62.0943 -49.3713 3.88183 0.0382085 62.281 -49.422 3.8824
62.1635 -49.4259 3.88015 0.0546488 62.281 -49.422 3.8824
62.2951 -49.2112 3.8809 0.024292 62.281 -49.422 3.8824
61.9856 -49.2582 3.88102 0.0064395 62.281 -49.422 3.8824
62.2165 -49.2748 3.88958 0.00875636 62.281 -49.422 3.8824
62.1038 -49.284 3.87371 0.00971449 62.281 -49.422 3.8824
62.2902 -49.5013 3.88534 0.00583705 62.281 -49.422 3.8824
62.1045 -49.1064 3.88372 0.00454316 62.281 -49.422 3.8824
62.3992 -49.2978 3.88646 0.00751645 62.281 -49.422 3.8824
62.2366 -49.4424 3.87439 0.024602 62.281 -49.422 3.8824
62.2366 -49.4424 3.87439 0.024602 62.281 -49.422 3.8824
62.164 -49.4324 3.88266 0.0371492 62.281 -49.422 3.8824
62.3711 -49.3699 3.87703 0.013634 62.281 -49.422 3.8824
62.3136 -49.2564 3.88298 0.0328049 62.281 -49.422 3.8824
62.3136 -49.2564 3.88298 0.0328049 62.281 -49.422 3.8824
62.3992 -49.2978 3.88646 0.00751645 62.281 -49.422 3.8824
62.2976 -49.42 3.88299 0.0308103 62.281 -49.422 3.8824
62.164 -49.4324 3.88266 0.0371492 62.281 -49.422 3.8824
62.0899 -49.5671 3.87092 0.00247736 62.281 -49.422 3.8824
62.2976 -49.42 3.88299 0.0308103 62.281 -49.422 3.8824
62.3136 -49.2564 3.88298 0.0328049 62.281 -49.422 3.8824
62.0943 -49.3713 3.88183 0.0382085 62.281 -49.422 3.8824
62.1038 -49.284 3.87371 0.00971449 62.281 -49.422 3.8824
62.1038 -49.284 3.87371 0.00971449 62.281 -49.422 3.8824
62.0943 -49.3713 3.88183 0.0382085 62.281 -49.422 3.8824
62.094 -49.4826 3.88546 0.00467457 62.281 -49.422 3.8824
62.2366 -49.4424 3.87439 0.024602 62.281 -49.422 3.8824
62.0155 -49.349 3.88166 0.0140851 62.281 -49.422 3.8824
62.2553 -49.4812 3.88086 0.0289191 62.281 -49.422 3.8824
62.2553 -49.4812 3.88086 0.0289191 62.281 -49.422 3.8824
62.3272 -49.4249 3.87734 0.0239348 62.281 -49.422 3.8824
62.3468 -48.9985 3.88842 0.000251787 62.281 -49.422 3.8824
62.1375 -49.6349 3.87901 0.00209515 62.281 -49.422 3.8824
62.3272 -49.4249 3.87734 0.0239348 62.281 -49.422 3.8824
62.2366 -49.4424 3.87439 0.024602 62.281 -49.422 3.8824
62.3992 -49.2978 3.88646 0.00751645 62.281 -49.422 3.8824
62.3221 -49.4923 3.88312 0.0103807 62.281 -49.422 3.8824
62.164 -49.4324 3.88266 0.0371492 62.281 -49.422 3.8824
62.2553 -49.4812 3.88086 0.0289191 62.281 -49.422 3.8824
62.1038 -49.284 3.87371 0.00971449 62.281 -49.422 3.8824
62.2553 -49.4812 3.88086 0.0289191 62.281 -49.422 3.8824
62.4213 -49.307 3.88587 0.00597406 62.281 -49.422 3.8824
62.2331 -49.4768 3.86889 0.00204134 62.281 -49.422 3.8824
62.3861 -49.5546 3.88451 0.00100225 62.281 -49.422 3.8824
62.2553 -49.4812 3.88086 0.0289191 62.281 -49.422 3.8824
62.2366 -49.4424 3.87439 0.024602 62.281 -49.422 3.8824
62.3136 -49.2564 3.88298 0.0328049 62.281 -49.422 3.8824
62.2902 -49.5013 3.88534 0.00583705 62.281 -49.422 3.8824
62.2553 -49.4812 3.88086 0.0289191 62.281 -49.422 3.8824
62.164 -49.4324 3.88266 0.0371492 62.281 -49.422 3.8824
62.3221 -49.4923 3.88312 0.0103807 62.281 -49.422 3.8824
62.2951 -49.2112 3.8809 0.024292 62.281 -49.422 3.8824
62.3551 -49.4444 3.8823 0.0151877 62.281 -49.422 3.8824
62.1635 -49.4259 3.88015 0.0546488 62.281 -49.422 3.8824
62.2799 -49.6115 3.88329 0.00121917 62.281 -49.422 3.8824
62.2976 -49.42 3.88299 0.0308103 62.281 -49.422 3.8824
62.0254 -49.329 3.89287 0.000120395 62.281 -49.422 3.8824
62.164 -49.4324 3.88266 0.0371492 62.281 -49.422 3.8824
62.4263 -49.4657 3.88831 0.000580795 62.281 -49.422 3.8824
62.3272 -49.4249 3.87734 0.0239348 62.281 -49.422 3.8824
62.3711 -49.3699 3.87703 0.013634 62.281 -49.422 3.8824
62.0943 -49.3713 3.88183 0.0382085 62.281 -49.422 3.8824
62.0943 -49.3713 3.88183 0.0382085 62.281 -49.422 3.8824
62.2902 -49.5013 3.88534 0.00583705 62.281 -49.422 3.8824
62.3992 -49.2978 3.88646 0.00751645 62.281 -49.422 3.8824
62.2951 -49.2112 3.8809 0.024292 62.281 -49.422 3.8824
62.3136 -49.2564 3.88298 0.0328049 62.281 -49.422 3.8824
62.2366 -49.4424 3.87439 0.024602 62.281 -49.422 3.8824
62.1038 -49.284 3.87371 0.00971449 62.281 -49.422 3.8824
62.2553 -49.4812 3.88086 0.0289191 62.281 -49.422 3.8824
62.3992 -49.2978 3.88646 0.00751645 62.281 -49.422 3.8824
62.3221 -49.4923 3.88312 0.0103807 62.281 -49.422 3.8824
62.1038 -49.284 3.87371 0.00971449 62.281 -49.422 3.8824
62.4546 -49.2662 3.88268 0.00400553 62.281 -49.422 3.8824
61.9856 -49.2582 3.88102 0.0064395 62.281 -49.422 3.8824
62.3711 -49.3699 3.87703 0.013634 62.281 -49.422 3.8824
62.2976 -49.42 3.88299 0.0308103 62.281 -49.422 3.8824
62.1635 -49.4259 3.88015 0.0546488 62.281 -49.422 3.8824
62.1038 -49.284 3.87371 0.00971449 62.281 -49.422 3.8824
62.2165 -49.2748 3.88958 0.00875636 62.281 -49.422 3.8824
62.164 -49.4324 3.88266 0.0371492 62.281 -49.422 3.8824
62.2951 -49.2112 3.8809 0.024292 62.281 -49.422 3.8824
62.0155 -49.349 3.88166 0.0140851 62.281 -49.422 3.8824
62.2976 -49.42 3.88299 0.0308103 62.281 -49.422 3.8824
62.0841 -49.0493 3.88471 0.0010485 62.281 -49.422 3.8824
62.3551 -49.4444 3.8823 0.0151877 62.281 -49.422 3.8824
62.1635 -49.4259 3.88015 0.0546488 62.281 -49.422 3.8824
62.1635 -49.4259 3.88015 0.0546488 62.281 -49.422 3.8824
62.2976 -49.42 3.88299 0.0308103 62.281 -49.422 3.8824
62.3551 -49.4444 3.8823 0.0151877 62.281 -49.422 3.8824
61.9856 -49.2582 3.88102 0.0064395 62.281 -49.422 3.8824
62.1653 -49.1703 3.88799 0.00848126 62.281 -49.422 3.8824
62.3136 -49.2564 3.88298 0.0328049 62.281 -49.422 3.8824
62.0155 -49.349 3.88166 0.0140851 62.281 -49.422 3.8824
62.0155 -49.349 3.88166 0.0140851 62.281 -49.422 3.8824
62.3221 -49.4923 3.88312 0.0103807 62.281 -49.422 3.8824
62.164 -49.4324 3.88266 0.0371492 62.281 -49.422 3.8824
62.2902 -49.5013 3.88534 0.00583705 62.281 -49.422 3.8824
62.3272 -49.4249 3.87734 0.0239348 62.281 -49.422 3.8824
62.0155 -49.349 3.88166 0.0140851 62.281 -49.422 3.8824
62.164 -49.4324 3.88266 0.0371492 62.281 -49.422 3.8824
62.3272 -49.4249 3.87734 0.0239348 62.281 -49.422 3.8824
62.3551 -49.4444 3.8823 0.0151877 62.281 -49.422 3.8824
62.164 -49.4324 3.88266 0.0371492 62.281 -49.422 3.8824
62.3272 -49.4249 3.87734 0.0239348 62.281 -49.422 3.8824
62.164 -49.4324 3.88266 0.0371492 62.281 -49.422 3.8824
62.2553 -49.4812 3.88086 0.0289191 62.281 -49.422 3.8824
62.164 -49.4324 3.88266 0.0371492 62.281 -49.422 3.8824
62.3136 -49.2564 3.88298 0.0328049 62.281 -49.422 3.8824
62.2976 -49.42 3.88299 0.0308103 62.281 -49.422 3.8824
62.0943 -49.3713 3.88183 0.0382085 62.281 -49.422 3.8824
62.1653 -49.1703 3.88799 0.00848126 62.281 -49.422 3.8824
62.2951 -49.2112 3.8809 0.024292 62.281 -49.422 3.8824
62.3136 -49.2564 3.88298 0.0328049 62.281 -49.422 3.8824
62.1635 -49.4259 3.88015 0.0546488 62.281 -49.422 3.8824
62.1769 -49.2136 3.89003 0.00551344 62.281 -49.422 3.8824
62.3136 -49.2564 3.88298 0.0328049 62.281 -49.422 3.8824
62.2165 -49.2748 3.88958 0.00875636 62.281 -49.422 3.8824
62.1038 -49.284 3.87371 0.00971449 62.281 -49.422 3.8824
62.1038 -49.284 3.87371 0.00971449 62.281 -49.422 3.8824
62.3136 -49.2564 3.88298 0.0328049 62.281 -49.422 3.8824
62.164 -49.4324 3.88266 0.0371492 62.281 -49.422 3.8824
62.3551 -49.4444 3.8823 0.0151877 62.281 -49.422 3.8824
62.1038 -49.284 3.87371 0.00971449 62.281 -49.422 3.8824
62.3136 -49.2564 3.88298 0.0328049 62.281 -49.422 3.8824
62.2366 -49.4424 3.87439 0.024602 62.281 -49.422 3.8824
62.2976 -49.42 3.88299 0.0308103 62.281 -49.422 3.8824
62.1635 -49.4259 3.88015 0.0546488 62.281 -49.422 3.8824
62.3272 -49.4249 3.87734 0.0239348 62.281 -49.422 3.8824
62.3136 -49.2564 3.88298 0.0328049 62.281 -49.422 3.8824
62.1635 -49.4259 3.88015 0.0546488 62.281 -49.422 3.8824
62.0898 -49.5641 3.88094 0.00471382 62.281 -49.422 3.8824
62.1038 -49.284 3.87371 0.00971449 62.281 -49.422 3.8824
62.1635 -49.4259 3.88015 0.0546488 62.281 -49.422 3.8824
62.3551 -49.4444 3.8823 0.0151877 62.281 -49.422 3.8824
62.2366 -49.4424 3.87439 0.024602 62.281 -49.422 3.8824
62.3272 -49.4249 3.87734 0.0239348 62.281 -49.422 3.8824
62.164 -49.4324 3.88266 0.0371492 62.281 -49.422 3.8824
62.4546 -49.2662 3.88268 0.00400553 62.281 -49.422 3.8824
62.1635 -49.4259 3.88015 0.0546488 62.281 -49.422 3.8824
62.2165 -49.2748 3.88958 0.00875636 62.281 -49.422 3.8824
62.164 -49.4324 3.88266 0.0371492 62.281 -49.422 3.8824
62.3136 -49.2564 3.88298 0.0328049 62.281 -49.422 3.8824
62.3136 -49.2564 3.88298 0.0328049 62.281 -49.422 3.8824
62.1635 -49.4259 3.88015 0.0546488 62.281 -49.422 3.8824
62.094 -49.4826 3.88546 0.00467457 62.281 -49.422 3.8824
62.3272 -49.4249 3.87734 0.0239348 62.281 -49.422 3.8824
62.3136 -49.2564 3.88298 0.0328049 62.281 -49.422 3.8824
62.4213 -49.307 3.88587 0.00597406 62.281 -49.422 3.8824
62.164 -49.4324 3.88266 0.0371492 62.281 -49.422 3.8824
62.2951 -49.2112 3.8809 0.024292 62.281 -49.422 3.8824
62.2951 -49.2112 3.8809 0.024292 62.281 -49.422 3.8824
62.0898 -49.5641 3.88094 0.00471382 62.281 -49.422 3.8824
62.1635 -49.4259 3.88015 0.0546488 62.281 -49.422 3.8824
62.3272 -49.4249 3.87734 0.0239348 62.281 -49.422 3.8824
62.3992 -49.2978 3.88646 0.00751645 62.281 -49.422 3.8824
62.0417 -49.1051 3.88035 0.00174352 62.281 -49.422 3.8824
62.0943 -49.3713 3.88183 0.0382085 62.281 -49.422 3.8824
62.094 -49.4826 3.88546 0.00467457 62.281 -49.422 3.8824
62.1038 -49.284 3.87371 0.00971449 62.281 -49.422 3.8824
62.4546 -49.2662 3.88268 0.00400553 62.281 -49.422 3.8824
62.2366 -49.4424 3.87439 0.024602 62.281 -49.422 3.8824
62.1635 -49.4259 3.88015 0.0546488 62.281 -49.422 3.8824
62.2464 -49.1516 3.89099 0.00270908 62.281 -49.422 3.8824
62.1635 -49.4259 3.88015 0.0546488 62.281 -49.422 3.8824
62.1045 -49.1064 3.88372 0.00454316 62.281 -49.422 3.8824
62.2366 -49.4424 3.87439 0.024602 62.281 -49.422 3.8824
62.3272 -49.4249 3.87734 0.0239348 62.281 -49.422 3.8824
62.0899 -49.5671 3.87092 0.00247736 62.281 -49.422 3.8824
62.1635 -49.4259 3.88015 0.0546488 62.281 -49.422 3.8824
62.1769 -49.2136 3.89003 0.00551344 62.281 -49.422 3.8824
62.0943 -49.3713 3.88183 0.0382085 62.281 -49.422 3.8824
