-39.6691 -65.9963 1.8081 0.307961 -39.835 -65.888 1.804
-39.7468 -65.8754 1.81199 1.28326 -39.835 -65.888 1.804
-39.9709 -66.0026 1.80533 1.28893 -39.835 -65.888 1.804
-39.6691 -65.9963 1.8081 0.307961 -39.835 -65.888 1.804
-39.6691 -65.9963 1.8081 0.307961 -39.835 -65.888 1.804
-39.6898 -65.9474 1.80874 0.623123 -39.835 -65.888 1.804
-39.8331 -66.0382 1.8122 1.48184 -39.835 -65.888 1.804
-40.0882 -66.0127 1.80877 1.07154 -39.835 -65.888 1.804
-40.0645 -66.049 1.80502 0.535693 -39.835 -65.888 1.804
-39.6691 -65.9963 1.8081 0.307961 -39.835 -65.888 1.804
-40.1279 -65.6628 1.81057 0.195585 -39.835 -65.888 1.804
-39.907 -65.7501 1.80073 0.735588 -39.835 -65.888 1.804
-40.0645 -66.049 1.80502 0.535693 -39.835 -65.888 1.804
-39.7497 -65.7275 1.81137 0.591695 -39.835 -65.888 1.804
-39.9617 -65.6099 1.80177 0.618438 -39.835 -65.888 1.804
-39.8331 -66.0382 1.8122 1.48184 -39.835 -65.888 1.804
-39.7468 -65.8754 1.81199 1.28326 -39.835 -65.888 1.804
-40.0882 -66.0127 1.80877 1.07154 -39.835 -65.888 1.804
-39.896 -65.9538 1.80495 1.5401 -39.835 -65.888 1.804
-40.162 -65.952 1.80509 0.645344 -39.835 -65.888 1.804
-39.9124 -65.8071 1.81204 1.81623 -39.835 -65.888 1.804
-39.6816 -65.9355 1.80689 0.394663 -39.835 -65.888 1.804
-40.1565 -65.8662 1.79865 0.162752 -39.835 -65.888 1.804
-39.6816 -65.9355 1.80689 0.394663 -39.835 -65.888 1.804
-40.1395 -65.8125 1.81678 0.0275268 -39.835 -65.888 1.804
-40.0025 -65.7386 1.81115 1.07476 -39.835 -65.888 1.804
-39.8331 -66.0382 1.8122 1.48184 -39.835 -65.888 1.804
-39.907 -65.7501 1.80073 0.735588 -39.835 -65.888 1.804
-39.896 -65.9538 1.80495 1.5401 -39.835 -65.888 1.804
-39.9617 -65.6099 1.80177 0.618438 -39.835 -65.888 1.804
-39.8331 -66.0382 1.8122 1.48184 -39.835 -65.888 1.804
-39.9617 -65.6099 1.80177 0.618438 -39.835 -65.888 1.804
-39.9251 -66.0872 1.80915 1.06756 -39.835 -65.888 1.804
-40.0025 -65.7386 1.81115 1.07476 -39.835 -65.888 1.804
-40.0025 -65.7386 1.81115 1.07476 -39.835 -65.888 1.804
-40.2433 -66.0234 1.80618 0.130602 -39.835 -65.888 1.804
-40.0882 -66.0127 1.80877 1.07154 -39.835 -65.888 1.804
-39.6816 -65.9355 1.80689 0.394663 -39.835 -65.888 1.804
-39.896 -65.9538 1.80495 1.5401 -39.835 -65.888 1.804
-39.9251 -66.0872 1.80915 1.06756 -39.835 -65.888 1.804
-40.0882 -66.0127 1.80877 1.07154 -39.835 -65.888 1.804
-39.7644 -65.9879 1.81658 0.510767 -39.835 -65.888 1.804
-40.0025 -65.7386 1.81115 1.07476 -39.835 -65.888 1.804
-39.8331 -66.0382 1.8122 1.48184 -39.835 -65.888 1.804
-40.0025 -65.7386 1.81115 1.07476 -39.835 -65.888 1.804
-39.9124 -65.8071 1.81204 1.81623 -39.835 -65.888 1.804
-39.996 -66.0976 1.80919 0.829571 -39.835 -65.888 1.804
-39.9251 -66.0872 1.80915 1.06756 -39.835 -65.888 1.804
-39.6816 -65.9355 1.80689 0.394663 -39.835 -65.888 1.804
-39.7497 -65.7275 1.81137 0.591695 -39.835 -65.888 1.804
-40.0882 -66.0127 1.80877 1.07154 -39.835 -65.888 1.804
-40.0025 -65.7386 1.81115 1.07476 -39.835 -65.888 1.804
-39.8387 -65.9301 1.80051 0.178149 -39.835 -65.888 1.804
-40.1376 -65.9191 1.79918 0.153559 -39.835 -65.888 1.804
-39.9124 -65.8071 1.81204 1.81623 -39.835 -65.888 1.804
-39.6691 -65.9963 1.8081 0.307961 -39.835 -65.888 1.804
-40.1167 -66.005 1.80366 0.439052 -39.835 -65.888 1.804
-40.0882 -66.0127 1.80877 1.07154 -39.835 -65.888 1.804
-39.6691 -65.9963 1.8081 0.307961 -39.835 -65.888 1.804
-39.7468 -65.8754 1.81199 1.28326 -39.835 -65.888 1.804
-40.162 -65.952 1.80509 0.645344 -39.835 -65.888 1.804
-39.9124 -65.8071 1.81204 1.81623 -39.835 -65.888 1.804
-39.9617 -65.6099 1.80177 0.618438 -39.835 -65.888 1.804
-39.782 -65.8526 1.8075 1.78955 -39.835 -65.888 1.804
-39.8221 -65.5723 1.80813 0.243652 -39.835 -65.888 1.804
-40.2433 -66.0234 1.80618 0.130602 -39.835 -65.888 1.804
-40.1376 -65.9191 1.79918 0.153559 -39.835 -65.888 1.804
-39.9709 -66.0026 1.80533 1.28893 -39.835 -65.888 1.804
-39.996 -66.0976 1.80919 0.829571 -39.835 -65.888 1.804
-39.9251 -66.0872 1.80915 1.06756 -39.835 -65.888 1.804
-39.7625 -65.9801 1.80137 0.0740966 -39.835 -65.888 1.804
-39.782 -65.8526 1.8075 1.78955 -39.835 -65.888 1.804
-40.0025 -65.7386 1.81115 1.07476 -39.835 -65.888 1.804
-39.8619 -66.096 1.8034 0.124591 -39.835 -65.888 1.804
-39.8287 -65.8813 1.80259 0.672681 -39.835 -65.888 1.804
-39.9124 -65.8071 1.81204 1.81623 -39.835 -65.888 1.804
-39.896 -65.9538 1.80495 1.5401 -39.835 -65.888 1.804
-39.782 -65.8526 1.8075 1.78955 -39.835 -65.888 1.804
-39.6288 -65.894 1.80912 0.30166 -39.835 -65.888 1.804
-39.896 -65.9538 1.80495 1.5401 -39.835 -65.888 1.804
-40.1395 -65.8125 1.81678 0.0275268 -39.835 -65.888 1.804
-39.6898 -65.9474 1.80874 0.623123 -39.835 -65.888 1.804
-39.907 -65.7501 1.80073 0.735588 -39.835 -65.888 1.804
-39.8113 -65.6031 1.8076 0.386284 -39.835 -65.888 1.804
-39.9124 -65.8071 1.81204 1.81623 -39.835 -65.888 1.804
-40.0882 -66.0127 1.80877 1.07154 -39.835 -65.888 1.804
-39.7468 -65.8754 1.81199 1.28326 -39.835 -65.888 1.804
-39.7497 -65.7275 1.81137 0.591695 -39.835 -65.888 1.804
-39.6898 -65.9474 1.80874 0.623123 -39.835 -65.888 1.804
-39.7468 -65.8754 1.81199 1.28326 -39.835 -65.888 1.804
-39.782 -65.8526 1.8075 1.78955 -39.835 -65.888 1.804
-39.8331 -66.0382 1.8122 1.48184 -39.835 -65.888 1.804
-39.9202 -66.1274 1.80431 0.151196 -39.835 -65.888 1.804
-39.896 -65.9538 1.80495 1.5401 -39.835 -65.888 1.804
-39.996 -66.0976 1.80919 0.829571 -39.835 -65.888 1.804
-39.9709 -66.0026 1.80533 1.28893 -39.835 -65.888 1.804
-39.6816 -65.9355 1.80689 0.394663 -39.835 -65.888 1.804
-40.1279 -65.6628 1.81057 0.195585 -39.835 -65.888 1.804
-39.996 -66.0976 1.80919 0.829571 -39.835 -65.888 1.804
-39.896 -65.9538 1.80495 1.5401 -39.835 -65.888 1.804
-39.6898 -65.9474 1.80874 0.623123 -39.835 -65.888 1.804
-39.9251 -66.0872 1.80915 1.06756 -39.835 -65.888 1.804
-39.9709 -66.0026 1.80533 1.28893 -39.835 -65.888 1.804
-39.896 -65.9538 1.80495 1.5401 -39.835 -65.888 1.804
-39.8287 -65.8813 1.80259 0.672681 -39.835 -65.888 1.804
-39.996 -66.0976 1.80919 0.829571 -39.835 -65.888 1.804
-39.8331 -66.0382 1.8122 1.48184 -39.835 -65.888 1.804
-39.8287 -65.8813 1.80259 0.672681 -39.835 -65.888 1.804
-39.8804 -66.116 1.80179 0.039402 -39.835 -65.888 1.804
-40.2923 -66.0614 1.80196 0.0142984 -39.835 -65.888 1.804
-39.782 -65.8526 1.8075 1.78955 -39.835 -65.888 1.804
-40.162 -65.952 1.80509 0.645344 -39.835 -65.888 1.804
-39.9251 -66.0872 1.80915 1.06756 -39.835 -65.888 1.804
-40.0025 -65.7386 1.81115 1.07476 -39.835 -65.888 1.804
-39.7468 -65.8754 1.81199 1.28326 -39.835 -65.888 1.804
-40.0645 -66.049 1.80502 0.535693 -39.835 -65.888 1.804
-39.9617 -65.6099 1.80177 0.618438 -39.835 -65.888 1.804
-39.9251 -66.0872 1.80915 1.06756 -39.835 -65.888 1.804
-39.782 -65.8526 1.8075 1.78955 -39.835 -65.888 1.804
-39.6898 -65.9474 1.80874 0.623123 -39.835 -65.888 1.804
-39.782 -65.8526 1.8075 1.78955 -39.835 -65.888 1.804
-39.9124 -65.8071 1.81204 1.81623 -39.835 -65.888 1.804
-39.8387 -65.9301 1.80051 0.178149 -39.835 -65.888 1.804
-39.9124 -65.8071 1.81204 1.81623 -39.835 -65.888 1.804
-39.7468 -65.8754 1.81199 1.28326 -39.835 -65.888 1.804
-40.1362 -65.7445 1.79683 0.127928 -39.835 -65.888 1.804
-40.0511 -65.5388 1.80248 0.282523 -39.835 -65.888 1.804
-39.6691 -65.9963 1.8081 0.307961 -39.835 -65.888 1.804
-39.9124 -65.8071 1.81204 1.81623 -39.835 -65.888 1.804
-39.782 -65.8526 1.8075 1.78955 -39.835 -65.888 1.804
-39.907 -65.7501 1.80073 0.735588 -39.835 -65.888 1.804
-39.9617 -65.6099 1.80177 0.618438 -39.835 -65.888 1.804
-39.9251 -66.0872 1.80915 1.06756 -39.835 -65.888 1.804
-39.8287 -65.8813 1.80259 0.672681 -39.835 -65.888 1.804
-39.8331 -66.0382 1.8122 1.48184 -39.835 -65.888 1.804
-40.2375 -65.5283 1.80198 0.0509832 -39.835 -65.888 1.804
-39.6691 -65.9963 1.8081 0.307961 -39.835 -65.888 1.804
-39.7497 -65.7275 1.81137 0.591695 -39.835 -65.888 1.804
-39.6898 -65.9474 1.80874 0.623123 -39.835 -65.888 1.804
-39.618 -66.0655 1.81417 0.154164 -39.835 -65.888 1.804
-39.9617 -65.6099 1.80177 0.618438 -39.835 -65.888 1.804
-39.9786 -66.0773 1.80358 0.273534 -39.835 -65.888 1.804
-39.9124 -65.8071 1.81204 1.81623 -39.835 -65.888 1.804
-39.6816 -65.9355 1.80689 0.394663 -39.835 -65.888 1.804
-39.8113 -65.6031 1.8076 0.386284 -39.835 -65.888 1.804
-39.9124 -65.8071 1.81204 1.81623 -39.835 -65.888 1.804
-39.9617 -65.6099 1.80177 0.618438 -39.835 -65.888 1.804
-40.017 -65.5824 1.81052 0.156014 -39.835 -65.888 1.804
-39.8331 -66.0382 1.8122 1.48184 -39.835 -65.888 1.804
-39.9124 -65.8071 1.81204 1.81623 -39.835 -65.888 1.804
-39.9124 -65.8071 1.81204 1.81623 -39.835 -65.888 1.804
-39.6898 -65.9474 1.80874 0.623123 -39.835 -65.888 1.804
-39.9709 -66.0026 1.80533 1.28893 -39.835 -65.888 1.804
-39.6898 -65.9474 1.80874 0.623123 -39.835 -65.888 1.804
-39.7497 -65.7275 1.81137 0.591695 -39.835 -65.888 1.804
-39.7644 -65.9879 1.81658 0.510767 -39.835 -65.888 1.804
-39.8113 -65.6031 1.8076 0.386284 -39.835 -65.888 1.804
-40.0511 -65.5388 1.80248 0.282523 -39.835 -65.888 1.804
-40.162 -65.952 1.80509 0.645344 -39.835 -65.888 1.804
-39.9251 -66.0872 1.80915 1.06756 -39.835 -65.888 1.804
-40.0882 -66.0127 1.80877 1.07154 -39.835 -65.888 1.804
-39.907 -65.7501 1.80073 0.735588 -39.835 -65.888 1.804
-40.0882 -66.0127 1.80877 1.07154 -39.835 -65.888 1.804
-39.7124 -65.9612 1.80154 0.0487013 -39.835 -65.888 1.804
-39.6816 -65.9355 1.80689 0.394663 -39.835 -65.888 1.804
-39.9709 -66.0026 1.80533 1.28893 -39.835 -65.888 1.804
-39.9124 -65.8071 1.81204 1.81623 -39.835 -65.888 1.804
-39.782 -65.8526 1.8075 1.78955 -39.835 -65.888 1.804
-40.162 -65.952 1.80509 0.645344 -39.835 -65.888 1.804
-39.8619 -66.096 1.8034 0.124591 -39.835 -65.888 1.804
-39.9124 -65.8071 1.81204 1.81623 -39.835 -65.888 1.804
-39.9124 -65.8071 1.81204 1.81623 -39.835 -65.888 1.804
-39.9124 -65.8071 1.81204 1.81623 -39.835 -65.888 1.804
-40.0299 -65.829 1.81445 0.480831 -39.835 -65.888 1.804
-40.0882 -66.0127 1.80877 1.07154 -39.835 -65.888 1.804
-39.9786 -66.0773 1.80358 0.273534 -39.835 -65.888 1.804
-39.9251 -66.0872 1.80915 1.06756 -39.835 -65.888 1.804
-40.162 -65.952 1.80509 0.645344 -39.835 -65.888 1.804
-39.8331 -66.0382 1.8122 1.48184 -39.835 -65.888 1.804
-39.7468 -65.8754 1.81199 1.28326 -39.835 -65.888 1.804
-39.8113 -65.6031 1.8076 0.386284 -39.835 -65.888 1.804
-39.896 -65.9538 1.80495 1.5401 -39.835 -65.888 1.804
-39.9251 -66.0872 1.80915 1.06756 -39.835 -65.888 1.804
-40.0299 -65.829 1.81445 0.480831 -39.835 -65.888 1.804
-39.618 -66.0655 1.81417 0.154164 -39.835 -65.888 1.804
-39.9251 -66.0872 1.80915 1.06756 -39.835 -65.888 1.804
-40.0645 -66.049 1.80502 0.535693 -39.835 -65.888 1.804
-39.9124 -65.8071 1.81204 1.81623 -39.835 -65.888 1.804
-39.9202 -66.1274 1.80431 0.151196 -39.835 -65.888 1.804
-39.896 -65.9538 1.80495 1.5401 -39.835 -65.888 1.804
-40.0645 -66.049 1.80502 0.535693 -39.835 -65.888 1.804
-40.0299 -65.829 1.81445 0.480831 -39.835 -65.888 1.804
-40.1362 -65.7445 1.79683 0.127928 -39.835 -65.888 1.804
-39.9617 -65.6099 1.80177 0.618438 -39.835 -65.888 1.804
-39.6157 -65.7364 1.79946 0.00631028 -39.835 -65.888 1.804
-39.8331 -66.0382 1.8122 1.48184 -39.835 -65.888 1.804
-39.907 -65.7501 1.80073 0.735588 -39.835 -65.888 1.804
-39.7468 -65.8754 1.81199 1.28326 -39.835 -65.888 1.804
-39.9709 -66.0026 1.80533 1.28893 -39.835 -65.888 1.804
-39.896 -65.9538 1.80495 1.5401 -39.835 -65.888 1.804
