23.5621 9.01169 0.200906 0.828783 23.429 8.9717 0.20004
23.3213 8.86926 0.203778 0.36614 23.429 8.9717 0.20004
23.2189 9.0607 0.204009 0.152005 23.429 8.9717 0.20004
23.4761 8.88192 0.196313 0.115392 23.429 8.9717 0.20004
23.4267 8.84639 0.203351 0.450458 23.429 8.9717 0.20004
23.5621 9.01169 0.200906 0.828783 23.429 8.9717 0.20004
23.4761 8.88192 0.196313 0.115392 23.429 8.9717 0.20004
23.3792 9.02502 0.197794 0.159393 23.429 8.9717 0.20004
23.2927 8.95871 0.205887 0.622244 23.429 8.9717 0.20004
23.4267 8.84639 0.203351 0.450458 23.429 8.9717 0.20004
23.2927 8.95871 0.205887 0.622244 23.429 8.9717 0.20004
23.5061 9.0583 0.197904 0.455286 23.429 8.9717 0.20004
23.6309 8.88332 0.195653 0.106594 23.429 8.9717 0.20004
23.5443 9.00168 0.200998 0.962964 23.429 8.9717 0.20004
23.3792 9.02502 0.197794 0.159393 23.429 8.9717 0.20004
23.5443 9.00168 0.200998 0.962964 23.429 8.9717 0.20004
23.2189 9.0607 0.204009 0.152005 23.429 8.9717 0.20004
23.3213 8.86926 0.203778 0.36614 23.429 8.9717 0.20004
23.2927 8.95871 0.205887 0.622244 23.429 8.9717 0.20004
23.5443 9.00168 0.200998 0.962964 23.429 8.9717 0.20004
23.4267 8.84639 0.203351 0.450458 23.429 8.9717 0.20004
23.5061 9.0583 0.197904 0.455286 23.429 8.9717 0.20004
23.5443 9.00168 0.200998 0.962964 23.429 8.9717 0.20004
23.5621 9.01169 0.200906 0.828783 23.429 8.9717 0.20004
23.5443 9.00168 0.200998 0.962964 23.429 8.9717 0.20004
23.3213 8.86926 0.203778 0.36614 23.429 8.9717 0.20004
23.5061 9.0583 0.197904 0.455286 23.429 8.9717 0.20004
23.2927 8.95871 0.205887 0.622244 23.429 8.9717 0.20004
23.2189 9.0607 0.204009 0.152005 23.429 8.9717 0.20004
23.3052 8.95682 0.211683 0.0702585 23.429 8.9717 0.20004
23.5061 9.0583 0.197904 0.455286 23.429 8.9717 0.20004
23.5621 9.01169 0.200906 0.828783 23.429 8.9717 0.20004
23.3208 9.13891 0.204569 0.314571 23.429 8.9717 0.20004
23.4761 8.88192 0.196313 0.115392 23.429 8.9717 0.20004
23.3213 8.86926 0.203778 0.36614 23.429 8.9717 0.20004
23.3213 8.86926 0.203778 0.36614 23.429 8.9717 0.20004
23.5621 9.01169 0.200906 0.828783 23.429 8.9717 0.20004
23.3508 8.78243 0.20551 0.0996469 23.429 8.9717 0.20004
23.5621 9.01169 0.200906 0.828783 23.429 8.9717 0.20004
23.2485 8.87855 0.199492 0.0192591 23.429 8.9717 0.20004
23.5061 9.0583 0.197904 0.455286 23.429 8.9717 0.20004
23.2927 8.95871 0.205887 0.622244 23.429 8.9717 0.20004
23.5061 9.0583 0.197904 0.455286 23.429 8.9717 0.20004
23.2927 8.95871 0.205887 0.622244 23.429 8.9717 0.20004
23.1565 8.99594 0.204911 0.0620232 23.429 8.9717 0.20004
23.4761 8.88192 0.196313 0.115392 23.429 8.9717 0.20004
23.616 9.10224 0.208154 0.0060651 23.429 8.9717 0.20004
23.5443 9.00168 0.200998 0.962964 23.429 8.9717 0.20004
23.5443 9.00168 0.200998 0.962964 23.429 8.9717 0.20004
23.3208 9.13891 0.204569 0.314571 23.429 8.9717 0.20004
23.5621 9.01169 0.200906 0.828783 23.429 8.9717 0.20004
23.4267 8.84639 0.203351 0.450458 23.429 8.9717 0.20004
23.5621 9.01169 0.200906 0.828783 23.429 8.9717 0.20004
23.3052 8.95682 0.211683 0.0702585 23.429 8.9717 0.20004
23.2927 8.95871 0.205887 0.622244 23.429 8.9717 0.20004
23.5621 9.01169 0.200906 0.828783 23.429 8.9717 0.20004
23.5621 9.01169 0.200906 0.828783 23.429 8.9717 0.20004
23.2927 8.95871 0.205887 0.622244 23.429 8.9717 0.20004
23.3508 8.78243 0.20551 0.0996469 23.429 8.9717 0.20004
23.5443 9.00168 0.200998 0.962964 23.429 8.9717 0.20004
23.2927 8.95871 0.205887 0.622244 23.429 8.9717 0.20004
23.2927 8.95871 0.205887 0.622244 23.429 8.9717 0.20004
23.4267 8.84639 0.203351 0.450458 23.429 8.9717 0.20004
23.5443 9.00168 0.200998 0.962964 23.429 8.9717 0.20004
23.5443 9.00168 0.200998 0.962964 23.429 8.9717 0.20004
23.5443 9.00168 0.200998 0.962964 23.429 8.9717 0.20004
23.3208 9.13891 0.204569 0.314571 23.429 8.9717 0.20004
23.5621 9.01169 0.200906 0.828783 23.429 8.9717 0.20004
23.5061 9.0583 0.197904 0.455286 23.429 8.9717 0.20004
23.3208 9.13891 0.204569 0.314571 23.429 8.9717 0.20004
23.5443 9.00168 0.200998 0.962964 23.429 8.9717 0.20004
23.4267 8.84639 0.203351 0.450458 23.429 8.9717 0.20004
23.2189 9.0607 0.204009 0.152005 23.429 8.9717 0.20004
23.5621 9.01169 0.200906 0.828783 23.429 8.9717 0.20004
23.3895 8.79861 0.199306 0.0682894 23.429 8.9717 0.20004
23.4267 8.84639 0.203351 0.450458 23.429 8.9717 0.20004
23.5443 9.00168 0.200998 0.962964 23.429 8.9717 0.20004
23.5443 9.00168 0.200998 0.962964 23.429 8.9717 0.20004
23.4267 8.84639 0.203351 0.450458 23.429 8.9717 0.20004
23.3213 8.86926 0.203778 0.36614 23.429 8.9717 0.20004
23.2927 8.95871 0.205887 0.622244 23.429 8.9717 0.20004
23.5621 9.01169 0.200906 0.828783 23.429 8.9717 0.20004
23.5621 9.01169 0.200906 0.828783 23.429 8.9717 0.20004
23.5061 9.0583 0.197904 0.455286 23.429 8.9717 0.20004
23.5061 9.0583 0.197904 0.455286 23.429 8.9717 0.20004
23.3213 8.86926 0.203778 0.36614 23.429 8.9717 0.20004
23.3508 8.78243 0.20551 0.0996469 23.429 8.9717 0.20004
23.3208 9.13891 0.204569 0.314571 23.429 8.9717 0.20004
23.4761 8.88192 0.196313 0.115392 23.429 8.9717 0.20004
23.4761 8.88192 0.196313 0.115392 23.429 8.9717 0.20004
23.2927 8.95871 0.205887 0.622244 23.429 8.9717 0.20004
23.3213 8.86926 0.203778 0.36614 23.429 8.9717 0.20004
23.2927 8.95871 0.205887 0.622244 23.429 8.9717 0.20004
23.4267 8.84639 0.203351 0.450458 23.429 8.9717 0.20004
23.5443 9.00168 0.200998 0.962964 23.429 8.9717 0.20004
23.5621 9.01169 0.200906 0.828783 23.429 8.9717 0.20004
23.5443 9.00168 0.200998 0.962964 23.429 8.9717 0.20004
23.4761 8.88192 0.196313 0.115392 23.429 8.9717 0.20004
23.3213 8.86926 0.203778 0.36614 23.429 8.9717 0.20004
23.4761 8.88192 0.196313 0.115392 23.429 8.9717 0.20004
23.5443 9.00168 0.200998 0.962964 23.429 8.9717 0.20004
23.5621 9.01169 0.200906 0.828783 23.429 8.9717 0.20004
23.2927 8.95871 0.205887 0.622244 23.429 8.9717 0.20004
23.2927 8.95871 0.205887 0.622244 23.429 8.9717 0.20004
23.5061 9.0583 0.197904 0.455286 23.429 8.9717 0.20004
23.3568 9.39589 0.208579 0.00015226 23.429 8.9717 0.20004
23.5443 9.00168 0.200998 0.962964 23.429 8.9717 0.20004
23.5621 9.01169 0.200906 0.828783 23.429 8.9717 0.20004
23.4267 8.84639 0.203351 0.450458 23.429 8.9717 0.20004
23.5443 9.00168 0.200998 0.962964 23.429 8.9717 0.20004
23.2189 9.0607 0.204009 0.152005 23.429 8.9717 0.20004
23.2298 9.25819 0.205842 0.0104843 23.429 8.9717 0.20004
23.3208 9.13891 0.204569 0.314571 23.429 8.9717 0.20004
23.2927 8.95871 0.205887 0.622244 23.429 8.9717 0.20004
23.5443 9.00168 0.200998 0.962964 23.429 8.9717 0.20004
23.3792 9.02502 0.197794 0.159393 23.429 8.9717 0.20004
23.4267 8.84639 0.203351 0.450458 23.429 8.9717 0.20004
23.5621 9.01169 0.200906 0.828783 23.429 8.9717 0.20004
23.6309 8.88332 0.195653 0.106594 23.429 8.9717 0.20004
23.5621 9.01169 0.200906 0.828783 23.429 8.9717 0.20004
23.5443 9.00168 0.200998 0.962964 23.429 8.9717 0.20004
23.2927 8.95871 0.205887 0.622244 23.429 8.9717 0.20004
23.3508 8.78243 0.20551 0.0996469 23.429 8.9717 0.20004
23.5443 9.00168 0.200998 0.962964 23.429 8.9717 0.20004
23.5443 9.00168 0.200998 0.962964 23.429 8.9717 0.20004
23.5443 9.00168 0.200998 0.962964 23.429 8.9717 0.20004
23.5621 9.01169 0.200906 0.828783 23.429 8.9717 0.20004
23.5621 9.01169 0.200906 0.828783 23.429 8.9717 0.20004
23.4267 8.84639 0.203351 0.450458 23.429 8.9717 0.20004
23.5061 9.0583 0.197904 0.455286 23.429 8.9717 0.20004
23.2189 9.0607 0.204009 0.152005 23.429 8.9717 0.20004
23.6309 8.88332 0.195653 0.106594 23.429 8.9717 0.20004
23.3213 8.86926 0.203778 0.36614 23.429 8.9717 0.20004
23.5443 9.00168 0.200998 0.962964 23.429 8.9717 0.20004
23.5443 9.00168 0.200998 0.962964 23.429 8.9717 0.20004
23.516 8.88492 0.193821 0.028403 23.429 8.9717 0.20004
23.5621 9.01169 0.200906 0.828783 23.429 8.9717 0.20004
23.5061 9.0583 0.197904 0.455286 23.429 8.9717 0.20004
23.2927 8.95871 0.205887 0.622244 23.429 8.9717 0.20004
23.5917 8.78129 0.198888 0.063006 23.429 8.9717 0.20004
23.3208 9.13891 0.204569 0.314571 23.429 8.9717 0.20004
23.5621 9.01169 0.200906 0.828783 23.429 8.9717 0.20004
23.5621 9.01169 0.200906 0.828783 23.429 8.9717 0.20004
23.2927 8.95871 0.205887 0.622244 23.429 8.9717 0.20004
23.5621 9.01169 0.200906 0.828783 23.429 8.9717 0.20004
23.2927 8.95871 0.205887 0.622244 23.429 8.9717 0.20004
23.4761 8.88192 0.196313 0.115392 23.429 8.9717 0.20004
23.5061 9.0583 0.197904 0.455286 23.429 8.9717 0.20004
23.5443 9.00168 0.200998 0.962964 23.429 8.9717 0.20004
23.5621 9.01169 0.200906 0.828783 23.429 8.9717 0.20004
23.5443 9.00168 0.200998 0.962964 23.429 8.9717 0.20004
23.5621 9.01169 0.200906 0.828783 23.429 8.9717 0.20004
23.2423 8.79954 0.207565 0.0484634 23.429 8.9717 0.20004
23.3792 9.02502 0.197794 0.159393 23.429 8.9717 0.20004
23.3508 8.78243 0.20551 0.0996469 23.429 8.9717 0.20004
23.3792 9.02502 0.197794 0.159393 23.429 8.9717 0.20004
23.4267 8.84639 0.203351 0.450458 23.429 8.9717 0.20004
23.2927 8.95871 0.205887 0.622244 23.429 8.9717 0.20004
23.3508 8.78243 0.20551 0.0996469 23.429 8.9717 0.20004
23.2927 8.95871 0.205887 0.622244 23.429 8.9717 0.20004
23.5443 9.00168 0.200998 0.962964 23.429 8.9717 0.20004
23.4267 8.84639 0.203351 0.450458 23.429 8.9717 0.20004
23.5621 9.01169 0.200906 0.828783 23.429 8.9717 0.20004
23.5621 9.01169 0.200906 0.828783 23.429 8.9717 0.20004
23.4267 8.84639 0.203351 0.450458 23.429 8.9717 0.20004
23.4267 8.84639 0.203351 0.450458 23.429 8.9717 0.20004
23.3052 8.95682 0.211683 0.0702585 23.429 8.9717 0.20004
23.2927 8.95871 0.205887 0.622244 23.429 8.9717 0.20004
23.3792 9.02502 0.197794 0.159393 23.429 8.9717 0.20004
23.3993 9.13298 0.211353 0.0197012 23.429 8.9717 0.20004
23.4267 8.84639 0.203351 0.450458 23.429 8.9717 0.20004
23.5443 9.00168 0.200998 0.962964 23.429 8.9717 0.20004
23.5443 9.00168 0.200998 0.962964 23.429 8.9717 0.20004
23.5917 8.78129 0.198888 0.063006 23.429 8.9717 0.20004
23.5443 9.00168 0.200998 0.962964 23.429 8.9717 0.20004
23.2927 8.95871 0.205887 0.622244 23.429 8.9717 0.20004
23.3213 8.86926 0.203778 0.36614 23.429 8.9717 0.20004
23.5621 9.01169 0.200906 0.828783 23.429 8.9717 0.20004
23.5917 8.78129 0.198888 0.063006 23.429 8.9717 0.20004
23.2927 8.95871 0.205887 0.622244 23.429 8.9717 0.20004
23.3508 8.78243 0.20551 0.0996469 23.429 8.9717 0.20004
23.5443 9.00168 0.200998 0.962964 23.429 8.9717 0.20004
23.3213 8.86926 0.203778 0.36614 23.429 8.9717 0.20004
23.5443 9.00168 0.200998 0.962964 23.429 8.9717 0.20004
23.5621 9.01169 0.200906 0.828783 23.429 8.9717 0.20004
23.4267 8.84639 0.203351 0.450458 23.429 8.9717 0.20004
23.5443 9.00168 0.200998 0.962964 23.429 8.9717 0.20004
23.5917 8.78129 0.198888 0.063006 23.429 8.9717 0.20004
23.3208 9.13891 0.204569 0.314571 23.429 8.9717 0.20004
23.5621 9.01169 0.200906 0.828783 23.429 8.9717 0.20004
23.5621 9.01169 0.200906 0.828783 23.429 8.9717 0.20004
23.5443 9.00168 0.200998 0.962964 23.429 8.9717 0.20004
23.3208 9.13891 0.204569 0.314571 23.429 8.9717 0.20004
23.5621 9.01169 0.200906 0.828783 23.429 8.9717 0.20004
23.5443 9.00168 0.200998 0.962964 23.429 8.9717 0.20004
23.2423 8.79954 0.207565 0.0484634 23.429 8.9717 0.20004
23.5621 9.01169 0.200906 0.828783 23.429 8.9717 0.20004
23.3213 8.86926 0.203778 0.36614 23.429 8.9717 0.20004
23.5443 9.00168 0.200998 0.962964 23.429 8.9717 0.20004
23.5061 9.0583 0.197904 0.455286 23.429 8.9717 0.20004
