248.243 -18.3559 3.0217 0.0187091 248.24 -18.246 3.0265
248.526 -18.278 3.03346 0.00141841 248.24 -18.246 3.0265
248.481 -18.2212 3.02599 0.0100323 248.24 -18.246 3.0265
248.243 -18.3559 3.0217 0.0187091 248.24 -18.246 3.0265
248.392 -18.1736 3.02835 0.00615115 248.24 -18.246 3.0265
248.064 -18.1442 3.01907 0.0110458 248.24 -18.246 3.0265
248.197 -18.4521 3.0241 0.00599067 248.24 -18.246 3.0265
248.229 -18.3602 3.01983 0.0160627 248.24 -18.246 3.0265
248.546 -18.4514 3.02779 0.00346647 248.24 -18.246 3.0265
248.282 -18.1729 3.01807 0.0140703 248.24 -18.246 3.0265
248.257 -18.1676 3.02532 0.0105499 248.24 -18.246 3.0265
248.379 -18.2313 3.02793 0.00955485 248.24 -18.246 3.0265
248.177 -18.1873 3.01755 0.0186479 248.24 -18.246 3.0265
248.72 -18.147 3.01934 1.21588e-05 248.24 -18.246 3.0265
248.035 -18.0073 3.01605 0.00376798 248.24 -18.246 3.0265
248.366 -18.494 3.01897 0.00154356 248.24 -18.246 3.0265
248.426 -18.1527 3.02099 0.00784742 248.24 -18.246 3.0265
248.221 -18.3077 3.02712 0.00625761 248.24 -18.246 3.0265
248.473 -18.253 3.02608 0.0114787 248.24 -18.246 3.0265
248.379 -18.2313 3.02793 0.00955485 248.24 -18.246 3.0265
248.064 -18.1442 3.01907 0.0110458 248.24 -18.246 3.0265
248.071 -18.2808 3.00886 0.000619708 248.24 -18.246 3.0265
248.282 -18.1729 3.01807 0.0140703 248.24 -18.246 3.0265
248.177 -18.1873 3.01755 0.0186479 248.24 -18.246 3.0265
248.282 -18.1729 3.01807 0.0140703 248.24 -18.246 3.0265
248.229 -18.3602 3.01983 0.0160627 248.24 -18.246 3.0265
248.606 -18.5505 3.03115 0.000661705 248.24 -18.246 3.0265
248.133 -18.3267 3.0177 0.014097 248.24 -18.246 3.0265
248.379 -18.2313 3.02793 0.00955485 248.24 -18.246 3.0265
248.392 -18.1736 3.02835 0.00615115 248.24 -18.246 3.0265
248.379 -18.2313 3.02793 0.00955485 248.24 -18.246 3.0265
248.473 -18.253 3.02608 0.0114787 248.24 -18.246 3.0265
248.177 -18.1873 3.01755 0.0186479 248.24 -18.246 3.0265
248.361 -18.0896 3.01456 0.00106509 248.24 -18.246 3.0265
248.133 -18.3267 3.0177 0.014097 248.24 -18.246 3.0265
248.757 -18.1969 3.0277 0.000262064 248.24 -18.246 3.0265
248.469 -18.3424 3.03175 0.00322541 248.24 -18.246 3.0265
248.243 -18.3559 3.0217 0.0187091 248.24 -18.246 3.0265
247.95 -18.0035 3.00878 0.000711456 248.24 -18.246 3.0265
248.197 -18.4521 3.0241 0.00599067 248.24 -18.246 3.0265
248.243 -18.3559 3.0217 0.0187091 248.24 -18.246 3.0265
248.481 -18.2212 3.02599 0.0100323 248.24 -18.246 3.0265
248.134 -18.2256 3.01196 0.00344855 248.24 -18.246 3.0265
248.198 -18.0877 3.0251 0.0039586 248.24 -18.246 3.0265
248.229 -18.3602 3.01983 0.0160627 248.24 -18.246 3.0265
248.257 -18.1676 3.02532 0.0105499 248.24 -18.246 3.0265
248.134 -18.2256 3.01196 0.00344855 248.24 -18.246 3.0265
248.652 -18.3475 3.02773 0.00191837 248.24 -18.246 3.0265
248.133 -18.3267 3.0177 0.014097 248.24 -18.246 3.0265
248.133 -18.3267 3.0177 0.014097 248.24 -18.246 3.0265
248.243 -18.3559 3.0217 0.0187091 248.24 -18.246 3.0265
248.229 -18.3602 3.01983 0.0160627 248.24 -18.246 3.0265
248.064 -18.1442 3.01907 0.0110458 248.24 -18.246 3.0265
248.379 -18.2313 3.02793 0.00955485 248.24 -18.246 3.0265
248.473 -18.253 3.02608 0.0114787 248.24 -18.246 3.0265
248.481 -18.2212 3.02599 0.0100323 248.24 -18.246 3.0265
248.51 -18.0807 3.0277 0.00224594 248.24 -18.246 3.0265
248.378 -18.3555 3.02972 0.00564047 248.24 -18.246 3.0265
248.18 -18.2865 3.0295 0.00103846 248.24 -18.246 3.0265
248.392 -18.1736 3.02835 0.00615115 248.24 -18.246 3.0265
248.481 -18.2578 3.02997 0.00554321 248.24 -18.246 3.0265
248.257 -18.1676 3.02532 0.0105499 248.24 -18.246 3.0265
248.229 -18.3602 3.01983 0.0160627 248.24 -18.246 3.0265
248.212 -18.1131 3.01426 0.00532299 248.24 -18.246 3.0265
248.407 -18.3141 3.03455 0.000472541 248.24 -18.246 3.0265
248.282 -18.1729 3.01807 0.0140703 248.24 -18.246 3.0265
248.426 -18.1527 3.02099 0.00784742 248.24 -18.246 3.0265
248.481 -18.2578 3.02997 0.00554321 248.24 -18.246 3.0265
248.282 -18.1729 3.01807 0.0140703 248.24 -18.246 3.0265
248.392 -18.1736 3.02835 0.00615115 248.24 -18.246 3.0265
248.071 -18.2808 3.00886 0.000619708 248.24 -18.246 3.0265
248.243 -18.3559 3.0217 0.0187091 248.24 -18.246 3.0265
248.212 -18.1131 3.01426 0.00532299 248.24 -18.246 3.0265
248.133 -18.3267 3.0177 0.014097 248.24 -18.246 3.0265
248.177 -18.1873 3.01755 0.0186479 248.24 -18.246 3.0265
248.257 -18.1676 3.02532 0.0105499 248.24 -18.246 3.0265
248.376 -18.4173 3.01206 4.13975e-05 248.24 -18.246 3.0265
248.542 -18.1023 3.03127 0.000894205 248.24 -18.246 3.0265
248.257 -18.1676 3.02532 0.0105499 248.24 -18.246 3.0265
248.426 -18.1527 3.02099 0.00784742 248.24 -18.246 3.0265
248.064 -18.1442 3.01907 0.0110458 248.24 -18.246 3.0265
248.361 -18.0896 3.01456 0.00106509 248.24 -18.246 3.0265
248.606 -18.5505 3.03115 0.000661705 248.24 -18.246 3.0265
248.532 -18.5541 3.0326 0.0006235 248.24 -18.246 3.0265
248.282 -18.1729 3.01807 0.0140703 248.24 -18.246 3.0265
248.426 -18.1527 3.02099 0.00784742 248.24 -18.246 3.0265
248.197 -18.4521 3.0241 0.00599067 248.24 -18.246 3.0265
248.756 -18.3729 3.02804 0.000334789 248.24 -18.246 3.0265
248.426 -18.1527 3.02099 0.00784742 248.24 -18.246 3.0265
248.282 -18.1729 3.01807 0.0140703 248.24 -18.246 3.0265
248.221 -18.3077 3.02712 0.00625761 248.24 -18.246 3.0265
248.064 -18.1442 3.01907 0.0110458 248.24 -18.246 3.0265
248.229 -18.3602 3.01983 0.0160627 248.24 -18.246 3.0265
248.257 -18.1676 3.02532 0.0105499 248.24 -18.246 3.0265
248.282 -18.1729 3.01807 0.0140703 248.24 -18.246 3.0265
248.257 -18.1676 3.02532 0.0105499 248.24 -18.246 3.0265
248.378 -18.3555 3.02972 0.00564047 248.24 -18.246 3.0265
248.366 -18.494 3.01897 0.00154356 248.24 -18.246 3.0265
248.348 -18.1814 3.03284 0.0004618 248.24 -18.246 3.0265
248.243 -18.3559 3.0217 0.0187091 248.24 -18.246 3.0265
248.229 -18.3602 3.01983 0.0160627 248.24 -18.246 3.0265
248.064 -18.1442 3.01907 0.0110458 248.24 -18.246 3.0265
248.221 -18.3077 3.02712 0.00625761 248.24 -18.246 3.0265
248.243 -18.3559 3.0217 0.0187091 248.24 -18.246 3.0265
248.243 -18.3559 3.0217 0.0187091 248.24 -18.246 3.0265
248.148 -18.4731 3.01829 0.00383578 248.24 -18.246 3.0265
248.133 -18.3267 3.0177 0.014097 248.24 -18.246 3.0265
248.282 -18.1729 3.01807 0.0140703 248.24 -18.246 3.0265
248.177 -18.1873 3.01755 0.0186479 248.24 -18.246 3.0265
248.243 -18.3559 3.0217 0.0187091 248.24 -18.246 3.0265
248.379 -18.2313 3.02793 0.00955485 248.24 -18.246 3.0265
248.177 -18.1873 3.01755 0.0186479 248.24 -18.246 3.0265
248.064 -18.1442 3.01907 0.0110458 248.24 -18.246 3.0265
248.426 -18.1527 3.02099 0.00784742 248.24 -18.246 3.0265
248.133 -18.3267 3.0177 0.014097 248.24 -18.246 3.0265
248.198 -18.0877 3.0251 0.0039586 248.24 -18.246 3.0265
248.133 -18.3267 3.0177 0.014097 248.24 -18.246 3.0265
248.392 -18.1736 3.02835 0.00615115 248.24 -18.246 3.0265
248.426 -18.1527 3.02099 0.00784742 248.24 -18.246 3.0265
248.366 -18.494 3.01897 0.00154356 248.24 -18.246 3.0265
248.064 -18.1442 3.01907 0.0110458 248.24 -18.246 3.0265
248.378 -18.3555 3.02972 0.00564047 248.24 -18.246 3.0265
247.794 -18.3683 3.01198 0.000356614 248.24 -18.246 3.0265
248.148 -18.4731 3.01829 0.00383578 248.24 -18.246 3.0265
248.133 -18.3267 3.0177 0.014097 248.24 -18.246 3.0265
248.229 -18.3602 3.01983 0.0160627 248.24 -18.246 3.0265
248.378 -18.3555 3.02972 0.00564047 248.24 -18.246 3.0265
248.379 -18.2313 3.02793 0.00955485 248.24 -18.246 3.0265
248.064 -18.1442 3.01907 0.0110458 248.24 -18.246 3.0265
248.33 -18.1927 3.0297 0.00306047 248.24 -18.246 3.0265
248.379 -18.2313 3.02793 0.00955485 248.24 -18.246 3.0265
248.229 -18.3602 3.01983 0.0160627 248.24 -18.246 3.0265
248.216 -18.4265 3.01569 0.00281834 248.24 -18.246 3.0265
248.133 -18.3267 3.0177 0.014097 248.24 -18.246 3.0265
248.243 -18.3559 3.0217 0.0187091 248.24 -18.246 3.0265
248.177 -18.1873 3.01755 0.0186479 248.24 -18.246 3.0265
248.243 -18.3559 3.0217 0.0187091 248.24 -18.246 3.0265
248.229 -18.3602 3.01983 0.0160627 248.24 -18.246 3.0265
248.148 -18.4731 3.01829 0.00383578 248.24 -18.246 3.0265
248.366 -18.494 3.01897 0.00154356 248.24 -18.246 3.0265
248.481 -18.2578 3.02997 0.00554321 248.24 -18.246 3.0265
248.177 -18.1873 3.01755 0.0186479 248.24 -18.246 3.0265
248.257 -18.1676 3.02532 0.0105499 248.24 -18.246 3.0265
248.243 -18.3559 3.0217 0.0187091 248.24 -18.246 3.0265
248.282 -18.1729 3.01807 0.0140703 248.24 -18.246 3.0265
248.133 -18.4053 3.02573 0.00301506 248.24 -18.246 3.0265
248.481 -18.2212 3.02599 0.0100323 248.24 -18.246 3.0265
248.481 -18.2212 3.02599 0.0100323 248.24 -18.246 3.0265
248.257 -18.1676 3.02532 0.0105499 248.24 -18.246 3.0265
248.197 -18.4521 3.0241 0.00599067 248.24 -18.246 3.0265
248.257 -18.1676 3.02532 0.0105499 248.24 -18.246 3.0265
248.392 -18.1736 3.02835 0.00615115 248.24 -18.246 3.0265
248.481 -18.2212 3.02599 0.0100323 248.24 -18.246 3.0265
248.216 -18.4265 3.01569 0.00281834 248.24 -18.246 3.0265
248.133 -18.3267 3.0177 0.014097 248.24 -18.246 3.0265
248.481 -18.2578 3.02997 0.00554321 248.24 -18.246 3.0265
248.652 -18.3475 3.02773 0.00191837 248.24 -18.246 3.0265
248.177 -18.1873 3.01755 0.0186479 248.24 -18.246 3.0265
248.257 -18.1676 3.02532 0.0105499 248.24 -18.246 3.0265
248.229 -18.3602 3.01983 0.0160627 248.24 -18.246 3.0265
248.436 -18.1331 3.02166 0.00715607 248.24 -18.246 3.0265
248.243 -18.3559 3.0217 0.0187091 248.24 -18.246 3.0265
248.198 -18.0877 3.0251 0.0039586 248.24 -18.246 3.0265
248.064 -18.1442 3.01907 0.0110458 248.24 -18.246 3.0265
248.134 -18.2256 3.01196 0.00344855 248.24 -18.246 3.0265
248.426 -18.1527 3.02099 0.00784742 248.24 -18.246 3.0265
248.243 -18.3559 3.0217 0.0187091 248.24 -18.246 3.0265
248.221 -18.3077 3.02712 0.00625761 248.24 -18.246 3.0265
248.221 -18.3077 3.02712 0.00625761 248.24 -18.246 3.0265
248.282 -18.1729 3.01807 0.0140703 248.24 -18.246 3.0265
248.133 -18.3267 3.0177 0.014097 248.24 -18.246 3.0265
248.379 -18.2313 3.02793 0.00955485 248.24 -18.246 3.0265
248.366 -18.494 3.01897 0.00154356 248.24 -18.246 3.0265
248.481 -18.2212 3.02599 0.0100323 248.24 -18.246 3.0265
248.148 -18.4731 3.01829 0.00383578 248.24 -18.246 3.0265
248.216 -18.4265 3.01569 0.00281834 248.24 -18.246 3.0265
248.473 -18.253 3.02608 0.0114787 248.24 -18.246 3.0265
248.257 -18.1676 3.02532 0.0105499 248.24 -18.246 3.0265
248.243 -18.3559 3.0217 0.0187091 248.24 -18.246 3.0265
248.198 -18.0877 3.0251 0.0039586 248.24 -18.246 3.0265
248.436 -18.1331 3.02166 0.00715607 248.24 -18.246 3.0265
248.378 -18.3555 3.02972 0.00564047 248.24 -18.246 3.0265
248.606 -18.1579 3.01966 0.000279025 248.24 -18.246 3.0265
248.035 -18.0073 3.01605 0.00376798 248.24 -18.246 3.0265
248.071 -18.2808 3.00886 0.000619708 248.24 -18.246 3.0265
248.082 -18.043 3.00875 0.000617366 248.24 -18.246 3.0265
248.282 -18.1729 3.01807 0.0140703 248.24 -18.246 3.0265
248.229 -18.3602 3.01983 0.0160627 248.24 -18.246 3.0265
248.064 -18.1442 3.01907 0.0110458 248.24 -18.246 3.0265
248.473 -18.253 3.02608 0.0114787 248.24 -18.246 3.0265
248.392 -18.4143 3.03313 0.000955064 248.24 -18.246 3.0265
248.243 -18.3559 3.0217 0.0187091 248.24 -18.246 3.0265
248.243 -18.3559 3.0217 0.0187091 248.24 -18.246 3.0265
248.221 -18.3077 3.02712 0.00625761 248.24 -18.246 3.0265
248.035 -18.0073 3.01605 0.00376798 248.24 -18.246 3.0265
248.221 -18.3077 3.02712 0.00625761 248.24 -18.246 3.0265
248.229 -18.3602 3.01983 0.0160627 248.24 -18.246 3.0265
248.221 -18.3077 3.02712 0.00625761 248.24 -18.246 3.0265
248.491 -18.2124 3.03425 0.000588403 248.24 -18.246 3.0265
248.361 -18.0896 3.01456 0.00106509 248.24 -18.246 3.0265
