43.2879 -68.599 3.93988 0.0827081 43.332 -68.59 3.9416
43.5322 -68.4301 3.93996 0.00864835 43.332 -68.59 3.9416
43.3497 -68.644 3.93716 0.0336461 43.332 -68.59 3.9416
43.3497 -68.644 3.93716 0.0336461 43.332 -68.59 3.9416
43.3979 -68.651 3.94269 0.0632562 43.332 -68.59 3.9416
43.3497 -68.644 3.93716 0.0336461 43.332 -68.59 3.9416
43.1072 -68.4287 3.93435 0.00155708 43.332 -68.59 3.9416
43.3713 -68.5817 3.94717 0.0282958 43.332 -68.59 3.9416
43.3445 -68.6789 3.94226 0.0462798 43.332 -68.59 3.9416
43.3445 -68.6789 3.94226 0.0462798 43.332 -68.59 3.9416
43.4965 -68.691 3.94373 0.0183164 43.332 -68.59 3.9416
43.3713 -68.5817 3.94717 0.0282958 43.332 -68.59 3.9416
43.3313 -68.6234 3.94396 0.0584631 43.332 -68.59 3.9416
43.0346 -68.5959 3.93825 0.00120998 43.332 -68.59 3.9416
43.1809 -68.4054 3.93566 0.0049947 43.332 -68.59 3.9416
43.4781 -68.5461 3.94626 0.0466849 43.332 -68.59 3.9416
43.3979 -68.651 3.94269 0.0632562 43.332 -68.59 3.9416
43.3497 -68.644 3.93716 0.0336461 43.332 -68.59 3.9416
43.3713 -68.5817 3.94717 0.0282958 43.332 -68.59 3.9416
43.4524 -68.6934 3.94492 0.0209546 43.332 -68.59 3.9416
43.2879 -68.599 3.93988 0.0827081 43.332 -68.59 3.9416
43.4764 -68.5185 3.93561 0.00427598 43.332 -68.59 3.9416
43.2708 -68.6373 3.93411 0.009877 43.332 -68.59 3.9416
43.4932 -68.439 3.94555 0.0323033 43.332 -68.59 3.9416
43.3713 -68.5817 3.94717 0.0282958 43.332 -68.59 3.9416
43.4932 -68.439 3.94555 0.0323033 43.332 -68.59 3.9416
43.2879 -68.599 3.93988 0.0827081 43.332 -68.59 3.9416
43.2134 -68.5795 3.93733 0.035977 43.332 -68.59 3.9416
43.2267 -68.4212 3.94202 0.0217657 43.332 -68.59 3.9416
43.2193 -68.5759 3.93523 0.0193541 43.332 -68.59 3.9416
43.3445 -68.6789 3.94226 0.0462798 43.332 -68.59 3.9416
43.2134 -68.5795 3.93733 0.035977 43.332 -68.59 3.9416
43.3683 -68.4116 3.93639 0.0105337 43.332 -68.59 3.9416
43.2896 -68.4418 3.93672 0.0233847 43.332 -68.59 3.9416
43.2879 -68.599 3.93988 0.0827081 43.332 -68.59 3.9416
43.2879 -68.599 3.93988 0.0827081 43.332 -68.59 3.9416
43.4932 -68.439 3.94555 0.0323033 43.332 -68.59 3.9416
43.3313 -68.6234 3.94396 0.0584631 43.332 -68.59 3.9416
43.2896 -68.4418 3.93672 0.0233847 43.332 -68.59 3.9416
43.2879 -68.599 3.93988 0.0827081 43.332 -68.59 3.9416
43.2134 -68.5795 3.93733 0.035977 43.332 -68.59 3.9416
43.4779 -68.3668 3.94215 0.0143541 43.332 -68.59 3.9416
43.3313 -68.6234 3.94396 0.0584631 43.332 -68.59 3.9416
43.3979 -68.651 3.94269 0.0632562 43.332 -68.59 3.9416
43.3313 -68.6234 3.94396 0.0584631 43.332 -68.59 3.9416
43.4265 -68.5288 3.93752 0.0301606 43.332 -68.59 3.9416
43.2879 -68.599 3.93988 0.0827081 43.332 -68.59 3.9416
43.4932 -68.439 3.94555 0.0323033 43.332 -68.59 3.9416
43.2879 -68.599 3.93988 0.0827081 43.332 -68.59 3.9416
43.3313 -68.6234 3.94396 0.0584631 43.332 -68.59 3.9416
43.2215 -68.3583 3.94739 0.000876307 43.332 -68.59 3.9416
43.3497 -68.644 3.93716 0.0336461 43.332 -68.59 3.9416
43.2879 -68.599 3.93988 0.0827081 43.332 -68.59 3.9416
43.3313 -68.6234 3.94396 0.0584631 43.332 -68.59 3.9416
43.4965 -68.691 3.94373 0.0183164 43.332 -68.59 3.9416
43.4265 -68.5288 3.93752 0.0301606 43.332 -68.59 3.9416
43.3979 -68.651 3.94269 0.0632562 43.332 -68.59 3.9416
43.5607 -68.7578 3.94975 0.000386014 43.332 -68.59 3.9416
43.4781 -68.5461 3.94626 0.0466849 43.332 -68.59 3.9416
43.4265 -68.5288 3.93752 0.0301606 43.332 -68.59 3.9416
43.3683 -68.4116 3.93639 0.0105337 43.332 -68.59 3.9416
43.3206 -68.5387 3.93522 0.0211994 43.332 -68.59 3.9416
43.5082 -68.6924 3.95035 0.00144545 43.332 -68.59 3.9416
43.4524 -68.6934 3.94492 0.0209546 43.332 -68.59 3.9416
43.254 -68.687 3.93394 0.00548725 43.332 -68.59 3.9416
43.2879 -68.599 3.93988 0.0827081 43.332 -68.59 3.9416
43.2134 -68.5795 3.93733 0.035977 43.332 -68.59 3.9416
43.3713 -68.5817 3.94717 0.0282958 43.332 -68.59 3.9416
43.3313 -68.6234 3.94396 0.0584631 43.332 -68.59 3.9416
43.3497 -68.644 3.93716 0.0336461 43.332 -68.59 3.9416
43.2879 -68.599 3.93988 0.0827081 43.332 -68.59 3.9416
43.4781 -68.5461 3.94626 0.0466849 43.332 -68.59 3.9416
43.3979 -68.651 3.94269 0.0632562 43.332 -68.59 3.9416
43.3683 -68.4116 3.93639 0.0105337 43.332 -68.59 3.9416
43.4965 -68.691 3.94373 0.0183164 43.332 -68.59 3.9416
43.2879 -68.599 3.93988 0.0827081 43.332 -68.59 3.9416
43.2642 -68.7155 3.93356 0.00301542 43.332 -68.59 3.9416
43.4781 -68.5461 3.94626 0.0466849 43.332 -68.59 3.9416
43.3497 -68.644 3.93716 0.0336461 43.332 -68.59 3.9416
43.3497 -68.644 3.93716 0.0336461 43.332 -68.59 3.9416
43.3979 -68.651 3.94269 0.0632562 43.332 -68.59 3.9416
43.2193 -68.5759 3.93523 0.0193541 43.332 -68.59 3.9416
43.2879 -68.599 3.93988 0.0827081 43.332 -68.59 3.9416
43.3979 -68.651 3.94269 0.0632562 43.332 -68.59 3.9416
43.3206 -68.5387 3.93522 0.0211994 43.332 -68.59 3.9416
43.2879 -68.599 3.93988 0.0827081 43.332 -68.59 3.9416
43.2267 -68.4212 3.94202 0.0217657 43.332 -68.59 3.9416
43.3313 -68.6234 3.94396 0.0584631 43.332 -68.59 3.9416
43.3445 -68.6789 3.94226 0.0462798 43.332 -68.59 3.9416
43.2879 -68.599 3.93988 0.0827081 43.332 -68.59 3.9416
43.3497 -68.644 3.93716 0.0336461 43.332 -68.59 3.9416
43.2879 -68.599 3.93988 0.0827081 43.332 -68.59 3.9416
43.3313 -68.6234 3.94396 0.0584631 43.332 -68.59 3.9416
43.3713 -68.5817 3.94717 0.0282958 43.332 -68.59 3.9416
43.4524 -68.6934 3.94492 0.0209546 43.332 -68.59 3.9416
43.2896 -68.4418 3.93672 0.0233847 43.332 -68.59 3.9416
43.2879 -68.599 3.93988 0.0827081 43.332 -68.59 3.9416
43.2879 -68.599 3.93988 0.0827081 43.332 -68.59 3.9416
43.3206 -68.5387 3.93522 0.0211994 43.332 -68.59 3.9416
43.2193 -68.5759 3.93523 0.0193541 43.332 -68.59 3.9416
43.4265 -68.5288 3.93752 0.0301606 43.332 -68.59 3.9416
43.2134 -68.5795 3.93733 0.035977 43.332 -68.59 3.9416
43.4932 -68.439 3.94555 0.0323033 43.332 -68.59 3.9416
43.2134 -68.5795 3.93733 0.035977 43.332 -68.59 3.9416
43.3683 -68.4116 3.93639 0.0105337 43.332 -68.59 3.9416
43.3445 -68.6789 3.94226 0.0462798 43.332 -68.59 3.9416
43.2879 -68.599 3.93988 0.0827081 43.332 -68.59 3.9416
43.2134 -68.5795 3.93733 0.035977 43.332 -68.59 3.9416
43.3313 -68.6234 3.94396 0.0584631 43.332 -68.59 3.9416
43.4965 -68.691 3.94373 0.0183164 43.332 -68.59 3.9416
43.2134 -68.5795 3.93733 0.035977 43.332 -68.59 3.9416
43.4779 -68.3668 3.94215 0.0143541 43.332 -68.59 3.9416
43.4524 -68.6934 3.94492 0.0209546 43.332 -68.59 3.9416
43.4781 -68.5461 3.94626 0.0466849 43.332 -68.59 3.9416
43.2879 -68.599 3.93988 0.0827081 43.332 -68.59 3.9416
43.2879 -68.599 3.93988 0.0827081 43.332 -68.59 3.9416
43.1072 -68.4287 3.93435 0.00155708 43.332 -68.59 3.9416
43.3497 -68.644 3.93716 0.0336461 43.332 -68.59 3.9416
43.4779 -68.3668 3.94215 0.0143541 43.332 -68.59 3.9416
43.4524 -68.6934 3.94492 0.0209546 43.332 -68.59 3.9416
43.3313 -68.6234 3.94396 0.0584631 43.332 -68.59 3.9416
43.4779 -68.3668 3.94215 0.0143541 43.332 -68.59 3.9416
43.2708 -68.6373 3.93411 0.009877 43.332 -68.59 3.9416
43.3497 -68.644 3.93716 0.0336461 43.332 -68.59 3.9416
43.2879 -68.599 3.93988 0.0827081 43.332 -68.59 3.9416
43.3497 -68.644 3.93716 0.0336461 43.332 -68.59 3.9416
43.2267 -68.4212 3.94202 0.0217657 43.332 -68.59 3.9416
43.3713 -68.5817 3.94717 0.0282958 43.332 -68.59 3.9416
43.3313 -68.6234 3.94396 0.0584631 43.332 -68.59 3.9416
43.4781 -68.5461 3.94626 0.0466849 43.332 -68.59 3.9416
43.4932 -68.439 3.94555 0.0323033 43.332 -68.59 3.9416
43.2642 -68.7155 3.93356 0.00301542 43.332 -68.59 3.9416
43.3979 -68.651 3.94269 0.0632562 43.332 -68.59 3.9416
43.2193 -68.5759 3.93523 0.0193541 43.332 -68.59 3.9416
43.2879 -68.599 3.93988 0.0827081 43.332 -68.59 3.9416
43.2708 -68.6373 3.93411 0.009877 43.332 -68.59 3.9416
43.3206 -68.5387 3.93522 0.0211994 43.332 -68.59 3.9416
43.3313 -68.6234 3.94396 0.0584631 43.332 -68.59 3.9416
43.2267 -68.4212 3.94202 0.0217657 43.332 -68.59 3.9416
43.3979 -68.651 3.94269 0.0632562 43.332 -68.59 3.9416
43.4781 -68.5461 3.94626 0.0466849 43.332 -68.59 3.9416
43.4265 -68.5288 3.93752 0.0301606 43.332 -68.59 3.9416
43.4932 -68.439 3.94555 0.0323033 43.332 -68.59 3.9416
43.3445 -68.6789 3.94226 0.0462798 43.332 -68.59 3.9416
43.4265 -68.5288 3.93752 0.0301606 43.332 -68.59 3.9416
43.2708 -68.6373 3.93411 0.009877 43.332 -68.59 3.9416
43.3713 -68.5817 3.94717 0.0282958 43.332 -68.59 3.9416
43.2879 -68.599 3.93988 0.0827081 43.332 -68.59 3.9416
43.4524 -68.6934 3.94492 0.0209546 43.332 -68.59 3.9416
43.2896 -68.4418 3.93672 0.0233847 43.332 -68.59 3.9416
43.3313 -68.6234 3.94396 0.0584631 43.332 -68.59 3.9416
43.2896 -68.4418 3.93672 0.0233847 43.332 -68.59 3.9416
43.4779 -68.3668 3.94215 0.0143541 43.332 -68.59 3.9416
43.4524 -68.6934 3.94492 0.0209546 43.332 -68.59 3.9416
43.3497 -68.644 3.93716 0.0336461 43.332 -68.59 3.9416
43.2535 -68.6567 3.94704 0.0037947 43.332 -68.59 3.9416
43.3723 -68.6345 3.93431 0.00666881 43.332 -68.59 3.9416
43.4524 -68.6934 3.94492 0.0209546 43.332 -68.59 3.9416
43.3713 -68.5817 3.94717 0.0282958 43.332 -68.59 3.9416
43.4932 -68.439 3.94555 0.0323033 43.332 -68.59 3.9416
43.4932 -68.439 3.94555 0.0323033 43.332 -68.59 3.9416
43.4524 -68.6934 3.94492 0.0209546 43.332 -68.59 3.9416
43.4781 -68.5461 3.94626 0.0466849 43.332 -68.59 3.9416
43.2879 -68.599 3.93988 0.0827081 43.332 -68.59 3.9416
43.4265 -68.5288 3.93752 0.0301606 43.332 -68.59 3.9416
43.3445 -68.6789 3.94226 0.0462798 43.332 -68.59 3.9416
43.4781 -68.5461 3.94626 0.0466849 43.332 -68.59 3.9416
43.3445 -68.6789 3.94226 0.0462798 43.332 -68.59 3.9416
43.544 -68.6238 3.93837 0.005127 43.332 -68.59 3.9416
43.4965 -68.691 3.94373 0.0183164 43.332 -68.59 3.9416
43.3313 -68.6234 3.94396 0.0584631 43.332 -68.59 3.9416
43.2518 -68.6491 3.94624 0.00671732 43.332 -68.59 3.9416
43.3713 -68.5817 3.94717 0.0282958 43.332 -68.59 3.9416
43.3723 -68.6345 3.93431 0.00666881 43.332 -68.59 3.9416
43.2879 -68.599 3.93988 0.0827081 43.332 -68.59 3.9416
43.3313 -68.6234 3.94396 0.0584631 43.332 -68.59 3.9416
43.3683 -68.4116 3.93639 0.0105337 43.332 -68.59 3.9416
43.4932 -68.439 3.94555 0.0323033 43.332 -68.59 3.9416
43.2879 -68.599 3.93988 0.0827081 43.332 -68.59 3.9416
43.3313 -68.6234 3.94396 0.0584631 43.332 -68.59 3.9416
43.2134 -68.5795 3.93733 0.035977 43.332 -68.59 3.9416
43.3713 -68.5817 3.94717 0.0282958 43.332 -68.59 3.9416
43.4781 -68.5461 3.94626 0.0466849 43.332 -68.59 3.9416
43.2193 -68.5759 3.93523 0.0193541 43.332 -68.59 3.9416
43.2708 -68.6373 3.93411 0.009877 43.332 -68.59 3.9416
43.4781 -68.5461 3.94626 0.0466849 43.332 -68.59 3.9416
43.3979 -68.651 3.94269 0.0632562 43.332 -68.59 3.9416
43.5322 -68.4301 3.93996 0.00864835 43.332 -68.59 3.9416
43.3445 -68.6789 3.94226 0.0462798 43.332 -68.59 3.9416
43.4265 -68.5288 3.93752 0.0301606 43.332 -68.59 3.9416
43.4781 -68.5461 3.94626 0.0466849 43.332 -68.59 3.9416
43.4265 -68.5288 3.93752 0.0301606 43.332 -68.59 3.9416
43.3713 -68.5817 3.94717 0.0282958 43.332 -68.59 3.9416
43.3497 -68.644 3.93716 0.0336461 43.332 -68.59 3.9416
43.4265 -68.5288 3.93752 0.0301606 43.332 -68.59 3.9416
43.2134 -68.5795 3.93733 0.035977 43.332 -68.59 3.9416
43.2896 -68.4418 3.93672 0.0233847 43.332 -68.59 3.9416
43.4764 -68.5185 3.93561 0.00427598 43.332 -68.59 3.9416
43.3979 -68.651 3.94269 0.0632562 43.332 -68.59 3.9416
43.4781 -68.5461 3.94626 0.0466849 43.332 -68.59 3.9416
