246.459 29.0153 0.0704958 0.0671598 246.41 28.956 0.067066
246.459 29.0153 0.0704958 0.0671598 246.41 28.956 0.067066
246.436 28.883 0.07016 0.0394226 246.41 28.956 0.067066
246.269 28.8791 0.0706699 0.0216188 246.41 28.956 0.067066
246.459 29.0153 0.0704958 0.0671598 246.41 28.956 0.067066
246.355 28.7388 0.0740208 0.00282375 246.41 28.956 0.067066
246.459 29.0153 0.0704958 0.0671598 246.41 28.956 0.067066
246.359 29.0503 0.0738625 0.0312214 246.41 28.956 0.067066
246.477 28.9801 0.0698439 0.0611624 246.41 28.956 0.067066
246.264 28.9526 0.0682103 0.0161002 246.41 28.956 0.067066
246.269 28.8791 0.0706699 0.0216188 246.41 28.956 0.067066
246.452 29.1186 0.0691185 0.03804 246.41 28.956 0.067066
246.459 29.0153 0.0704958 0.0671598 246.41 28.956 0.067066
246.452 29.1186 0.0691185 0.03804 246.41 28.956 0.067066
246.477 28.9801 0.0698439 0.0611624 246.41 28.956 0.067066
246.452 29.1186 0.0691185 0.03804 246.41 28.956 0.067066
246.525 29.0392 0.0689456 0.0360832 246.41 28.956 0.067066
246.452 29.1186 0.0691185 0.03804 246.41 28.956 0.067066
246.436 28.883 0.07016 0.0394226 246.41 28.956 0.067066
246.335 28.7813 0.0770606 0.00217045 246.41 28.956 0.067066
246.459 29.0153 0.0704958 0.0671598 246.41 28.956 0.067066
246.436 28.883 0.07016 0.0394226 246.41 28.956 0.067066
246.459 29.0153 0.0704958 0.0671598 246.41 28.956 0.067066
246.459 29.0153 0.0704958 0.0671598 246.41 28.956 0.067066
246.477 28.9801 0.0698439 0.0611624 246.41 28.956 0.067066
246.269 28.8791 0.0706699 0.0216188 246.41 28.956 0.067066
246.359 29.0503 0.0738625 0.0312214 246.41 28.956 0.067066
246.459 29.0153 0.0704958 0.0671598 246.41 28.956 0.067066
246.359 29.0503 0.0738625 0.0312214 246.41 28.956 0.067066
246.477 28.9801 0.0698439 0.0611624 246.41 28.956 0.067066
246.436 28.883 0.07016 0.0394226 246.41 28.956 0.067066
246.269 28.8791 0.0706699 0.0216188 246.41 28.956 0.067066
246.664 28.9499 0.0665573 0.00170051 246.41 28.956 0.067066
246.452 29.1186 0.0691185 0.03804 246.41 28.956 0.067066
246.477 28.9801 0.0698439 0.0611624 246.41 28.956 0.067066
246.525 29.0392 0.0689456 0.0360832 246.41 28.956 0.067066
246.359 29.0503 0.0738625 0.0312214 246.41 28.956 0.067066
246.436 28.883 0.07016 0.0394226 246.41 28.956 0.067066
246.525 29.0392 0.0689456 0.0360832 246.41 28.956 0.067066
246.452 29.1186 0.0691185 0.03804 246.41 28.956 0.067066
246.459 29.0153 0.0704958 0.0671598 246.41 28.956 0.067066
246.378 28.9677 0.063531 0.00267053 246.41 28.956 0.067066
246.436 28.883 0.07016 0.0394226 246.41 28.956 0.067066
246.355 28.7388 0.0740208 0.00282375 246.41 28.956 0.067066
246.359 29.0503 0.0738625 0.0312214 246.41 28.956 0.067066
246.459 29.0153 0.0704958 0.0671598 246.41 28.956 0.067066
246.264 28.9526 0.0682103 0.0161002 246.41 28.956 0.067066
246.335 28.7813 0.0770606 0.00217045 246.41 28.956 0.067066
246.452 29.1186 0.0691185 0.03804 246.41 28.956 0.067066
246.269 28.8791 0.0706699 0.0216188 246.41 28.956 0.067066
246.436 28.883 0.07016 0.0394226 246.41 28.956 0.067066
246.525 29.0392 0.0689456 0.0360832 246.41 28.956 0.067066
246.359 29.0503 0.0738625 0.0312214 246.41 28.956 0.067066
246.436 28.883 0.07016 0.0394226 246.41 28.956 0.067066
246.363 28.8752 0.0746715 0.022657 246.41 28.956 0.067066
246.459 29.0153 0.0704958 0.0671598 246.41 28.956 0.067066
246.452 29.1186 0.0691185 0.03804 246.41 28.956 0.067066
246.515 29.2476 0.0698817 0.00136794 246.41 28.956 0.067066
246.459 29.0153 0.0704958 0.0671598 246.41 28.956 0.067066
246.359 29.0503 0.0738625 0.0312214 246.41 28.956 0.067066
246.436 28.883 0.07016 0.0394226 246.41 28.956 0.067066
246.525 29.0392 0.0689456 0.0360832 246.41 28.956 0.067066
246.493 29.2025 0.0637418 0.00268922 246.41 28.956 0.067066
246.459 29.0153 0.0704958 0.0671598 246.41 28.956 0.067066
246.525 29.0392 0.0689456 0.0360832 246.41 28.956 0.067066
246.436 28.883 0.07016 0.0394226 246.41 28.956 0.067066
246.477 28.9801 0.0698439 0.0611624 246.41 28.956 0.067066
246.436 28.883 0.07016 0.0394226 246.41 28.956 0.067066
246.452 29.1186 0.0691185 0.03804 246.41 28.956 0.067066
246.477 28.9801 0.0698439 0.0611624 246.41 28.956 0.067066
246.525 29.0392 0.0689456 0.0360832 246.41 28.956 0.067066
246.477 28.9801 0.0698439 0.0611624 246.41 28.956 0.067066
246.477 28.9801 0.0698439 0.0611624 246.41 28.956 0.067066
246.359 29.0503 0.0738625 0.0312214 246.41 28.956 0.067066
246.269 28.8791 0.0706699 0.0216188 246.41 28.956 0.067066
246.169 28.9894 0.0707568 0.00741449 246.41 28.956 0.067066
246.459 29.0153 0.0704958 0.0671598 246.41 28.956 0.067066
246.219 28.9004 0.0678962 0.00324059 246.41 28.956 0.067066
246.363 28.8752 0.0746715 0.022657 246.41 28.956 0.067066
246.459 29.0153 0.0704958 0.0671598 246.41 28.956 0.067066
246.363 28.8752 0.0746715 0.022657 246.41 28.956 0.067066
246.452 29.1186 0.0691185 0.03804 246.41 28.956 0.067066
246.359 29.0503 0.0738625 0.0312214 246.41 28.956 0.067066
246.477 28.9801 0.0698439 0.0611624 246.41 28.956 0.067066
246.436 28.883 0.07016 0.0394226 246.41 28.956 0.067066
246.459 29.0153 0.0704958 0.0671598 246.41 28.956 0.067066
246.169 28.9894 0.0707568 0.00741449 246.41 28.956 0.067066
246.452 29.1186 0.0691185 0.03804 246.41 28.956 0.067066
246.477 28.9801 0.0698439 0.0611624 246.41 28.956 0.067066
246.477 28.9801 0.0698439 0.0611624 246.41 28.956 0.067066
246.264 28.9526 0.0682103 0.0161002 246.41 28.956 0.067066
246.459 29.0153 0.0704958 0.0671598 246.41 28.956 0.067066
246.264 28.9526 0.0682103 0.0161002 246.41 28.956 0.067066
246.459 29.0153 0.0704958 0.0671598 246.41 28.956 0.067066
246.452 29.1186 0.0691185 0.03804 246.41 28.956 0.067066
246.459 29.0153 0.0704958 0.0671598 246.41 28.956 0.067066
246.269 28.8791 0.0706699 0.0216188 246.41 28.956 0.067066
246.436 28.883 0.07016 0.0394226 246.41 28.956 0.067066
246.459 29.0153 0.0704958 0.0671598 246.41 28.956 0.067066
246.459 29.0153 0.0704958 0.0671598 246.41 28.956 0.067066
246.408 28.9682 0.0643704 0.00743353 246.41 28.956 0.067066
246.436 28.883 0.07016 0.0394226 246.41 28.956 0.067066
246.477 28.9801 0.0698439 0.0611624 246.41 28.956 0.067066
246.459 29.0153 0.0704958 0.0671598 246.41 28.956 0.067066
246.359 29.0503 0.0738625 0.0312214 246.41 28.956 0.067066
246.469 28.8697 0.0782106 0.000439128 246.41 28.956 0.067066
246.477 28.9801 0.0698439 0.0611624 246.41 28.956 0.067066
246.359 29.0503 0.0738625 0.0312214 246.41 28.956 0.067066
246.477 28.9801 0.0698439 0.0611624 246.41 28.956 0.067066
246.477 28.9801 0.0698439 0.0611624 246.41 28.956 0.067066
246.359 29.0503 0.0738625 0.0312214 246.41 28.956 0.067066
246.359 29.0503 0.0738625 0.0312214 246.41 28.956 0.067066
246.525 29.0392 0.0689456 0.0360832 246.41 28.956 0.067066
246.477 28.9801 0.0698439 0.0611624 246.41 28.956 0.067066
246.459 29.0153 0.0704958 0.0671598 246.41 28.956 0.067066
246.477 28.9801 0.0698439 0.0611624 246.41 28.956 0.067066
246.359 29.0503 0.0738625 0.0312214 246.41 28.956 0.067066
246.359 29.0503 0.0738625 0.0312214 246.41 28.956 0.067066
246.452 29.1186 0.0691185 0.03804 246.41 28.956 0.067066
246.477 28.9801 0.0698439 0.0611624 246.41 28.956 0.067066
246.452 29.1186 0.0691185 0.03804 246.41 28.956 0.067066
246.452 29.1186 0.0691185 0.03804 246.41 28.956 0.067066
246.219 28.9004 0.0678962 0.00324059 246.41 28.956 0.067066
246.436 28.883 0.07016 0.0394226 246.41 28.956 0.067066
246.477 28.9801 0.0698439 0.0611624 246.41 28.956 0.067066
246.477 28.9801 0.0698439 0.0611624 246.41 28.956 0.067066
246.436 28.883 0.07016 0.0394226 246.41 28.956 0.067066
246.452 29.1186 0.0691185 0.03804 246.41 28.956 0.067066
246.477 28.9801 0.0698439 0.0611624 246.41 28.956 0.067066
246.477 28.9801 0.0698439 0.0611624 246.41 28.956 0.067066
246.452 29.1186 0.0691185 0.03804 246.41 28.956 0.067066
246.477 28.9801 0.0698439 0.0611624 246.41 28.956 0.067066
246.436 28.883 0.07016 0.0394226 246.41 28.956 0.067066
246.452 29.1186 0.0691185 0.03804 246.41 28.956 0.067066
246.436 28.883 0.07016 0.0394226 246.41 28.956 0.067066
246.269 28.8791 0.0706699 0.0216188 246.41 28.956 0.067066
246.525 29.0392 0.0689456 0.0360832 246.41 28.956 0.067066
246.269 28.8791 0.0706699 0.0216188 246.41 28.956 0.067066
246.452 29.1186 0.0691185 0.03804 246.41 28.956 0.067066
246.459 29.0153 0.0704958 0.0671598 246.41 28.956 0.067066
246.269 28.8791 0.0706699 0.0216188 246.41 28.956 0.067066
246.525 29.0392 0.0689456 0.0360832 246.41 28.956 0.067066
246.359 29.0503 0.0738625 0.0312214 246.41 28.956 0.067066
246.525 29.0392 0.0689456 0.0360832 246.41 28.956 0.067066
246.493 29.2025 0.0637418 0.00268922 246.41 28.956 0.067066
246.62 29.068 0.064712 0.00406858 246.41 28.956 0.067066
246.459 29.0153 0.0704958 0.0671598 246.41 28.956 0.067066
246.452 29.1186 0.0691185 0.03804 246.41 28.956 0.067066
246.436 28.883 0.07016 0.0394226 246.41 28.956 0.067066
246.525 29.0392 0.0689456 0.0360832 246.41 28.956 0.067066
246.525 29.0392 0.0689456 0.0360832 246.41 28.956 0.067066
246.459 29.0153 0.0704958 0.0671598 246.41 28.956 0.067066
246.459 29.0153 0.0704958 0.0671598 246.41 28.956 0.067066
246.459 29.0153 0.0704958 0.0671598 246.41 28.956 0.067066
246.452 29.1186 0.0691185 0.03804 246.41 28.956 0.067066
246.269 28.8791 0.0706699 0.0216188 246.41 28.956 0.067066
246.477 28.9801 0.0698439 0.0611624 246.41 28.956 0.067066
246.525 29.0392 0.0689456 0.0360832 246.41 28.956 0.067066
246.335 28.7813 0.0770606 0.00217045 246.41 28.956 0.067066
246.169 28.9894 0.0707568 0.00741449 246.41 28.956 0.067066
246.436 28.883 0.07016 0.0394226 246.41 28.956 0.067066
246.452 29.1186 0.0691185 0.03804 246.41 28.956 0.067066
246.269 28.8791 0.0706699 0.0216188 246.41 28.956 0.067066
246.297 28.8564 0.0679205 0.00662247 246.41 28.956 0.067066
246.477 28.9801 0.0698439 0.0611624 246.41 28.956 0.067066
246.269 28.8791 0.0706699 0.0216188 246.41 28.956 0.067066
246.477 28.9801 0.0698439 0.0611624 246.41 28.956 0.067066
246.477 28.9801 0.0698439 0.0611624 246.41 28.956 0.067066
246.452 29.1186 0.0691185 0.03804 246.41 28.956 0.067066
246.411 28.9321 0.0604162 5.92386e-05 246.41 28.956 0.067066
246.477 28.9801 0.0698439 0.0611624 246.41 28.956 0.067066
246.269 28.8791 0.0706699 0.0216188 246.41 28.956 0.067066
246.452 29.1186 0.0691185 0.03804 246.41 28.956 0.067066
246.436 28.883 0.07016 0.0394226 246.41 28.956 0.067066
246.477 28.9801 0.0698439 0.0611624 246.41 28.956 0.067066
246.452 29.1186 0.0691185 0.03804 246.41 28.956 0.067066
246.459 29.0153 0.0704958 0.0671598 246.41 28.956 0.067066
246.169 28.9894 0.0707568 0.00741449 246.41 28.956 0.067066
246.363 28.8752 0.0746715 0.022657 246.41 28.956 0.067066
246.359 29.0503 0.0738625 0.0312214 246.41 28.956 0.067066
246.525 29.0392 0.0689456 0.0360832 246.41 28.956 0.067066
246.452 29.1186 0.0691185 0.03804 246.41 28.956 0.067066
246.269 28.8791 0.0706699 0.0216188 246.41 28.956 0.067066
246.269 28.8791 0.0706699 0.0216188 246.41 28.956 0.067066
246.436 28.883 0.07016 0.0394226 246.41 28.956 0.067066
246.436 28.883 0.07016 0.0394226 246.41 28.956 0.067066
246.459 29.0153 0.0704958 0.0671598 246.41 28.956 0.067066
246.525 29.0392 0.0689456 0.0360832 246.41 28.956 0.067066
246.525 29.0392 0.0689456 0.0360832 246.41 28.956 0.067066
246.523 29.1558 0.0725611 0.00264078 246.41 28.956 0.067066
246.452 29.1186 0.0691185 0.03804 246.41 28.956 0.067066
246.436 28.883 0.07016 0.0394226 246.41 28.956 0.067066
246.459 29.0153 0.0704958 0.0671598 246.41 28.956 0.067066
246.436 28.883 0.07016 0.0394226 246.41 28.956 0.067066
246.452 29.1186 0.0691185 0.03804 246.41 28.956 0.067066
246.595 29.1799 0.0678897 0.0029052 246.41 28.956 0.067066
246.477 28.9801 0.0698439 0.0611624 246.41 28.956 0.067066
246.459 29.0153 0.0704958 0.0671598 246.41 28.956 0.067066
246.359 29.0503 0.0738625 0.0312214 246.41 28.956 0.067066
246.436 28.883 0.07016 0.0394226 246.41 28.956 0.067066
