105.778 -24.5977 3.40566 0.120062 106.15 -24.919 3.4089
105.974 -24.5857 3.40683 0.170149 106.15 -24.919 3.4089
105.974 -24.5857 3.40683 0.170149 106.15 -24.919 3.4089
105.778 -24.5977 3.40566 0.120062 106.15 -24.919 3.4089
106.152 -24.7822 3.41139 0.0429037 106.15 -24.919 3.4089
105.974 -24.5857 3.40683 0.170149 106.15 -24.919 3.4089
106.146 -24.9448 3.41348 0.00881584 106.15 -24.919 3.4089
105.726 -24.3974 3.40329 0.0733367 106.15 -24.919 3.4089
105.92 -24.5268 3.41021 0.203059 106.15 -24.919 3.4089
105.778 -24.5977 3.40566 0.120062 106.15 -24.919 3.4089
105.92 -24.5268 3.41021 0.203059 106.15 -24.919 3.4089
105.974 -24.5857 3.40683 0.170149 106.15 -24.919 3.4089
105.974 -24.5857 3.40683 0.170149 106.15 -24.919 3.4089
106.169 -24.6434 3.40436 0.032732 106.15 -24.919 3.4089
106.198 -24.756 3.4131 0.0410929 106.15 -24.919 3.4089
105.92 -24.5268 3.41021 0.203059 106.15 -24.919 3.4089
106.264 -24.6942 3.42372 0.0124911 106.15 -24.919 3.4089
105.778 -24.5977 3.40566 0.120062 106.15 -24.919 3.4089
106.223 -24.9201 3.41595 0.00755559 106.15 -24.919 3.4089
106.073 -24.8298 3.40432 0.016689 106.15 -24.919 3.4089
105.819 -24.7133 3.4025 0.0552329 106.15 -24.919 3.4089
106.152 -24.7822 3.41139 0.0429037 106.15 -24.919 3.4089
105.819 -24.7133 3.4025 0.0552329 106.15 -24.919 3.4089
105.739 -24.6011 3.41272 0.0700276 106.15 -24.919 3.4089
106.13 -24.7294 3.41287 0.0739564 106.15 -24.919 3.4089
105.974 -24.5857 3.40683 0.170149 106.15 -24.919 3.4089
106.025 -24.7422 3.39487 0.00251885 106.15 -24.919 3.4089
105.744 -24.7679 3.39274 0.00197648 106.15 -24.919 3.4089
105.739 -24.6011 3.41272 0.0700276 106.15 -24.919 3.4089
105.974 -24.5857 3.40683 0.170149 106.15 -24.919 3.4089
105.739 -24.6011 3.41272 0.0700276 106.15 -24.919 3.4089
106.152 -24.7822 3.41139 0.0429037 106.15 -24.919 3.4089
105.92 -24.5268 3.41021 0.203059 106.15 -24.919 3.4089
105.974 -24.5857 3.40683 0.170149 106.15 -24.919 3.4089
105.819 -24.7133 3.4025 0.0552329 106.15 -24.919 3.4089
105.92 -24.5268 3.41021 0.203059 106.15 -24.919 3.4089
106.13 -24.7294 3.41287 0.0739564 106.15 -24.919 3.4089
106.027 -24.653 3.40147 0.0444482 106.15 -24.919 3.4089
106.169 -24.6434 3.40436 0.032732 106.15 -24.919 3.4089
106.264 -24.6942 3.42372 0.0124911 106.15 -24.919 3.4089
105.92 -24.5268 3.41021 0.203059 106.15 -24.919 3.4089
106.293 -24.8598 3.4126 0.00699833 106.15 -24.919 3.4089
106.064 -24.6634 3.42381 0.0220528 106.15 -24.919 3.4089
105.739 -24.6011 3.41272 0.0700276 106.15 -24.919 3.4089
106.239 -24.789 3.41111 0.0202837 106.15 -24.919 3.4089
105.819 -24.7133 3.4025 0.0552329 106.15 -24.919 3.4089
105.819 -24.7133 3.4025 0.0552329 106.15 -24.919 3.4089
106.152 -24.7822 3.41139 0.0429037 106.15 -24.919 3.4089
105.759 -24.4902 3.39608 0.0277423 106.15 -24.919 3.4089
105.974 -24.5857 3.40683 0.170149 106.15 -24.919 3.4089
106.198 -24.756 3.4131 0.0410929 106.15 -24.919 3.4089
105.759 -24.4902 3.39608 0.0277423 106.15 -24.919 3.4089
105.739 -24.6011 3.41272 0.0700276 106.15 -24.919 3.4089
106.13 -24.7294 3.41287 0.0739564 106.15 -24.919 3.4089
106.293 -24.8598 3.4126 0.00699833 106.15 -24.919 3.4089
105.739 -24.6011 3.41272 0.0700276 106.15 -24.919 3.4089
105.819 -24.7133 3.4025 0.0552329 106.15 -24.919 3.4089
105.974 -24.5857 3.40683 0.170149 106.15 -24.919 3.4089
105.974 -24.5857 3.40683 0.170149 106.15 -24.919 3.4089
105.77 -24.778 3.41062 0.0449997 106.15 -24.919 3.4089
105.726 -24.3974 3.40329 0.0733367 106.15 -24.919 3.4089
106.13 -24.7294 3.41287 0.0739564 106.15 -24.919 3.4089
106.13 -24.7294 3.41287 0.0739564 106.15 -24.919 3.4089
105.92 -24.5268 3.41021 0.203059 106.15 -24.919 3.4089
106.453 -24.7598 3.41464 0.00247193 106.15 -24.919 3.4089
105.974 -24.5857 3.40683 0.170149 106.15 -24.919 3.4089
106.146 -24.9448 3.41348 0.00881584 106.15 -24.919 3.4089
105.844 -24.6593 3.39383 0.00728834 106.15 -24.919 3.4089
105.778 -24.5977 3.40566 0.120062 106.15 -24.919 3.4089
105.778 -24.5977 3.40566 0.120062 106.15 -24.919 3.4089
106.311 -24.7676 3.41838 0.0134795 106.15 -24.919 3.4089
105.92 -24.5268 3.41021 0.203059 106.15 -24.919 3.4089
106.437 -24.8731 3.40692 0.0002864 106.15 -24.919 3.4089
105.92 -24.5268 3.41021 0.203059 106.15 -24.919 3.4089
105.974 -24.5857 3.40683 0.170149 106.15 -24.919 3.4089
106.052 -24.7974 3.40513 0.0306696 106.15 -24.919 3.4089
106.311 -24.6455 3.40735 0.0126287 106.15 -24.919 3.4089
106.043 -24.7128 3.39828 0.010618 106.15 -24.919 3.4089
106.152 -24.7822 3.41139 0.0429037 106.15 -24.919 3.4089
106.13 -24.7294 3.41287 0.0739564 106.15 -24.919 3.4089
105.635 -24.288 3.41391 0.00649283 106.15 -24.919 3.4089
105.974 -24.5857 3.40683 0.170149 106.15 -24.919 3.4089
105.974 -24.5857 3.40683 0.170149 106.15 -24.919 3.4089
105.819 -24.7133 3.4025 0.0552329 106.15 -24.919 3.4089
105.974 -24.5857 3.40683 0.170149 106.15 -24.919 3.4089
105.974 -24.5857 3.40683 0.170149 106.15 -24.919 3.4089
106.311 -24.6455 3.40735 0.0126287 106.15 -24.919 3.4089
105.92 -24.5268 3.41021 0.203059 106.15 -24.919 3.4089
105.974 -24.5857 3.40683 0.170149 106.15 -24.919 3.4089
106.274 -24.6732 3.40178 0.00418569 106.15 -24.919 3.4089
105.819 -24.7133 3.4025 0.0552329 106.15 -24.919 3.4089
105.726 -24.3974 3.40329 0.0733367 106.15 -24.919 3.4089
106.152 -24.7822 3.41139 0.0429037 106.15 -24.919 3.4089
105.819 -24.7133 3.4025 0.0552329 106.15 -24.919 3.4089
106.118 -24.6874 3.39927 0.0097421 106.15 -24.919 3.4089
106.221 -24.5496 3.40643 0.038318 106.15 -24.919 3.4089
106.027 -24.653 3.40147 0.0444482 106.15 -24.919 3.4089
106.224 -24.4059 3.40104 0.00911058 106.15 -24.919 3.4089
106.13 -24.7294 3.41287 0.0739564 106.15 -24.919 3.4089
106.03 -24.4128 3.39641 0.0137937 106.15 -24.919 3.4089
105.819 -24.7133 3.4025 0.0552329 106.15 -24.919 3.4089
106.198 -24.756 3.4131 0.0410929 106.15 -24.919 3.4089
105.974 -24.5857 3.40683 0.170149 106.15 -24.919 3.4089
105.778 -24.5977 3.40566 0.120062 106.15 -24.919 3.4089
106.335 -24.7064 3.41862 0.014674 106.15 -24.919 3.4089
105.939 -24.4562 3.39448 0.0126227 106.15 -24.919 3.4089
105.726 -24.3974 3.40329 0.0733367 106.15 -24.919 3.4089
105.778 -24.5977 3.40566 0.120062 106.15 -24.919 3.4089
105.56 -24.6654 3.40817 0.0150382 106.15 -24.919 3.4089
105.763 -24.1077 3.4032 0.00738558 106.15 -24.919 3.4089
106.169 -24.6434 3.40436 0.032732 106.15 -24.919 3.4089
105.92 -24.5268 3.41021 0.203059 106.15 -24.919 3.4089
105.819 -24.7133 3.4025 0.0552329 106.15 -24.919 3.4089
105.974 -24.5857 3.40683 0.170149 106.15 -24.919 3.4089
106.227 -24.6115 3.40524 0.0249892 106.15 -24.919 3.4089
105.931 -24.6882 3.39675 0.0136527 106.15 -24.919 3.4089
105.739 -24.6011 3.41272 0.0700276 106.15 -24.919 3.4089
106.169 -24.6434 3.40436 0.032732 106.15 -24.919 3.4089
105.778 -24.5977 3.40566 0.120062 106.15 -24.919 3.4089
105.92 -24.5268 3.41021 0.203059 106.15 -24.919 3.4089
105.92 -24.5268 3.41021 0.203059 106.15 -24.919 3.4089
105.778 -24.5977 3.40566 0.120062 106.15 -24.919 3.4089
105.92 -24.5268 3.41021 0.203059 106.15 -24.919 3.4089
106.036 -24.8334 3.42336 0.0102554 106.15 -24.919 3.4089
105.92 -24.5268 3.41021 0.203059 106.15 -24.919 3.4089
106.146 -24.9448 3.41348 0.00881584 106.15 -24.919 3.4089
105.92 -24.5268 3.41021 0.203059 106.15 -24.919 3.4089
105.92 -24.5268 3.41021 0.203059 106.15 -24.919 3.4089
106.152 -24.7822 3.41139 0.0429037 106.15 -24.919 3.4089
106.064 -24.6634 3.42381 0.0220528 106.15 -24.919 3.4089
105.778 -24.5977 3.40566 0.120062 106.15 -24.919 3.4089
106.13 -24.7294 3.41287 0.0739564 106.15 -24.919 3.4089
106.027 -24.653 3.40147 0.0444482 106.15 -24.919 3.4089
106.227 -24.6115 3.40524 0.0249892 106.15 -24.919 3.4089
105.819 -24.7133 3.4025 0.0552329 106.15 -24.919 3.4089
106.043 -24.7128 3.39828 0.010618 106.15 -24.919 3.4089
105.759 -24.4902 3.39608 0.0277423 106.15 -24.919 3.4089
106.293 -24.8598 3.4126 0.00699833 106.15 -24.919 3.4089
105.778 -24.5977 3.40566 0.120062 106.15 -24.919 3.4089
106.222 -24.3265 3.40003 0.00488724 106.15 -24.919 3.4089
106.239 -24.789 3.41111 0.0202837 106.15 -24.919 3.4089
106.152 -24.7822 3.41139 0.0429037 106.15 -24.919 3.4089
106.11 -24.6071 3.39558 0.00399208 106.15 -24.919 3.4089
105.974 -24.5857 3.40683 0.170149 106.15 -24.919 3.4089
106.027 -24.653 3.40147 0.0444482 106.15 -24.919 3.4089
105.778 -24.5977 3.40566 0.120062 106.15 -24.919 3.4089
105.819 -24.7133 3.4025 0.0552329 106.15 -24.919 3.4089
106.264 -24.6942 3.42372 0.0124911 106.15 -24.919 3.4089
106.052 -24.7974 3.40513 0.0306696 106.15 -24.919 3.4089
105.778 -24.5977 3.40566 0.120062 106.15 -24.919 3.4089
105.974 -24.5857 3.40683 0.170149 106.15 -24.919 3.4089
105.92 -24.5268 3.41021 0.203059 106.15 -24.919 3.4089
106.31 -24.5191 3.40611 0.0128784 106.15 -24.919 3.4089
105.778 -24.5977 3.40566 0.120062 106.15 -24.919 3.4089
106.073 -24.8298 3.40432 0.016689 106.15 -24.919 3.4089
105.759 -24.4902 3.39608 0.0277423 106.15 -24.919 3.4089
105.974 -24.5857 3.40683 0.170149 106.15 -24.919 3.4089
105.974 -24.5857 3.40683 0.170149 106.15 -24.919 3.4089
105.974 -24.5857 3.40683 0.170149 106.15 -24.919 3.4089
105.819 -24.7133 3.4025 0.0552329 106.15 -24.919 3.4089
106.311 -24.6455 3.40735 0.0126287 106.15 -24.919 3.4089
105.92 -24.5268 3.41021 0.203059 106.15 -24.919 3.4089
106.335 -24.7064 3.41862 0.014674 106.15 -24.919 3.4089
105.931 -24.6882 3.39675 0.0136527 106.15 -24.919 3.4089
106.03 -24.4128 3.39641 0.0137937 106.15 -24.919 3.4089
105.932 -24.902 3.40743 0.0186784 106.15 -24.919 3.4089
106.198 -24.756 3.4131 0.0410929 106.15 -24.919 3.4089
105.92 -24.5268 3.41021 0.203059 106.15 -24.919 3.4089
106.227 -24.6115 3.40524 0.0249892 106.15 -24.919 3.4089
105.778 -24.5977 3.40566 0.120062 106.15 -24.919 3.4089
106.052 -24.7974 3.40513 0.0306696 106.15 -24.919 3.4089
105.92 -24.5268 3.41021 0.203059 106.15 -24.919 3.4089
105.77 -24.778 3.41062 0.0449997 106.15 -24.919 3.4089
106.064 -24.6634 3.42381 0.0220528 106.15 -24.919 3.4089
106.025 -24.7422 3.39487 0.00251885 106.15 -24.919 3.4089
105.726 -24.3974 3.40329 0.0733367 106.15 -24.919 3.4089
105.92 -24.5268 3.41021 0.203059 106.15 -24.919 3.4089
105.974 -24.5857 3.40683 0.170149 106.15 -24.919 3.4089
105.778 -24.5977 3.40566 0.120062 106.15 -24.919 3.4089
105.739 -24.6011 3.41272 0.0700276 106.15 -24.919 3.4089
105.974 -24.5857 3.40683 0.170149 106.15 -24.919 3.4089
105.763 -24.1077 3.4032 0.00738558 106.15 -24.919 3.4089
105.92 -24.5268 3.41021 0.203059 106.15 -24.919 3.4089
105.92 -24.5268 3.41021 0.203059 106.15 -24.919 3.4089
105.739 -24.6011 3.41272 0.0700276 106.15 -24.919 3.4089
106.052 -24.7974 3.40513 0.0306696 106.15 -24.919 3.4089
105.739 -24.6011 3.41272 0.0700276 106.15 -24.919 3.4089
105.778 -24.5977 3.40566 0.120062 106.15 -24.919 3.4089
105.778 -24.5977 3.40566 0.120062 106.15 -24.919 3.4089
106.118 -24.6874 3.39927 0.0097421 106.15 -24.919 3.4089
105.974 -24.5857 3.40683 0.170149 106.15 -24.919 3.4089
105.92 -24.5268 3.41021 0.203059 106.15 -24.919 3.4089
106.31 -24.5191 3.40611 0.0128784 106.15 -24.919 3.4089
105.778 -24.5977 3.40566 0.120062 106.15 -24.919 3.4089
105.932 -24.902 3.40743 0.0186784 106.15 -24.919 3.4089
105.778 -24.5977 3.40566 0.120062 106.15 -24.919 3.4089
105.92 -24.5268 3.41021 0.203059 106.15 -24.919 3.4089
106.405 -24.7092 3.41179 0.0051648 106.15 -24.919 3.4089
105.726 -24.3974 3.40329 0.0733367 106.15 -24.919 3.4089
106.198 -24.756 3.4131 0.0410929 106.15 -24.919 3.4089
