126.719 19.8488 0.0677538 6.7815 126.71 19.977 0.065986
126.803 19.7926 0.0639655 6.56484 126.71 19.977 0.065986
126.803 19.7926 0.0639655 6.56484 126.71 19.977 0.065986
126.944 19.9676 0.0643238 5.42329 126.71 19.977 0.065986
126.854 19.6279 0.0646235 0.845793 126.71 19.977 0.065986
126.719 19.8488 0.0677538 6.7815 126.71 19.977 0.065986
126.803 19.7926 0.0639655 6.56484 126.71 19.977 0.065986
126.733 20.025 0.062997 3.76142 126.71 19.977 0.065986
126.971 19.9507 0.0622097 3.80205 126.71 19.977 0.065986
127.004 19.8682 0.0631619 3.16846 126.71 19.977 0.065986
126.803 19.7926 0.0639655 6.56484 126.71 19.977 0.065986
126.822 19.6346 0.0642779 0.957202 126.71 19.977 0.065986
126.778 19.7012 0.0621563 1.63147 126.71 19.977 0.065986
126.709 19.5892 0.0658601 0.307658 126.71 19.977 0.065986
127.004 19.8682 0.0631619 3.16846 126.71 19.977 0.065986
126.944 19.9676 0.0643238 5.42329 126.71 19.977 0.065986
126.719 19.8488 0.0677538 6.7815 126.71 19.977 0.065986
127.004 19.8682 0.0631619 3.16846 126.71 19.977 0.065986
126.778 19.7012 0.0621563 1.63147 126.71 19.977 0.065986
126.971 19.9507 0.0622097 3.80205 126.71 19.977 0.065986
126.966 19.7314 0.0597155 0.805642 126.71 19.977 0.065986
126.719 19.8488 0.0677538 6.7815 126.71 19.977 0.065986
126.971 19.9507 0.0622097 3.80205 126.71 19.977 0.065986
126.733 20.025 0.062997 3.76142 126.71 19.977 0.065986
126.941 20.0097 0.0552052 0.169386 126.71 19.977 0.065986
126.719 19.8488 0.0677538 6.7815 126.71 19.977 0.065986
126.665 19.94 0.0647354 4.48414 126.71 19.977 0.065986
126.68 19.8087 0.0676927 4.41603 126.71 19.977 0.065986
127.004 19.8682 0.0631619 3.16846 126.71 19.977 0.065986
126.778 19.7012 0.0621563 1.63147 126.71 19.977 0.065986
126.803 19.7926 0.0639655 6.56484 126.71 19.977 0.065986
126.68 19.8087 0.0676927 4.41603 126.71 19.977 0.065986
126.778 19.7012 0.0621563 1.63147 126.71 19.977 0.065986
126.854 19.6279 0.0646235 0.845793 126.71 19.977 0.065986
126.948 19.7985 0.0686302 2.40919 126.71 19.977 0.065986
126.932 20.0164 0.0589082 1.33793 126.71 19.977 0.065986
126.68 19.8087 0.0676927 4.41603 126.71 19.977 0.065986
126.971 19.9507 0.0622097 3.80205 126.71 19.977 0.065986
126.68 19.8087 0.0676927 4.41603 126.71 19.977 0.065986
126.944 19.9676 0.0643238 5.42329 126.71 19.977 0.065986
126.733 20.025 0.062997 3.76142 126.71 19.977 0.065986
126.665 19.94 0.0647354 4.48414 126.71 19.977 0.065986
126.948 19.7985 0.0686302 2.40919 126.71 19.977 0.065986
126.68 19.8087 0.0676927 4.41603 126.71 19.977 0.065986
126.68 19.8087 0.0676927 4.41603 126.71 19.977 0.065986
126.693 20.2378 0.0645363 0.135977 126.71 19.977 0.065986
126.719 19.8488 0.0677538 6.7815 126.71 19.977 0.065986
126.971 19.8372 0.0691131 1.95485 126.71 19.977 0.065986
127.004 19.8682 0.0631619 3.16846 126.71 19.977 0.065986
126.75 19.6986 0.0622221 1.39403 126.71 19.977 0.065986
126.803 19.7926 0.0639655 6.56484 126.71 19.977 0.065986
126.971 19.9507 0.0622097 3.80205 126.71 19.977 0.065986
126.929 19.6041 0.0656682 0.373769 126.71 19.977 0.065986
126.854 19.6279 0.0646235 0.845793 126.71 19.977 0.065986
126.948 19.7985 0.0686302 2.40919 126.71 19.977 0.065986
126.944 19.9676 0.0643238 5.42329 126.71 19.977 0.065986
126.971 19.9507 0.0622097 3.80205 126.71 19.977 0.065986
126.543 19.8628 0.0636416 0.607506 126.71 19.977 0.065986
126.888 19.8105 0.0525849 0.0200239 126.71 19.977 0.065986
126.803 19.7926 0.0639655 6.56484 126.71 19.977 0.065986
126.793 20.1863 0.0710609 0.19852 126.71 19.977 0.065986
126.924 19.6434 0.0601927 0.339018 126.71 19.977 0.065986
126.948 19.7985 0.0686302 2.40919 126.71 19.977 0.065986
126.733 20.025 0.062997 3.76142 126.71 19.977 0.065986
126.924 19.6434 0.0601927 0.339018 126.71 19.977 0.065986
126.719 19.8488 0.0677538 6.7815 126.71 19.977 0.065986
126.733 20.025 0.062997 3.76142 126.71 19.977 0.065986
126.543 19.8628 0.0636416 0.607506 126.71 19.977 0.065986
126.803 19.7926 0.0639655 6.56484 126.71 19.977 0.065986
127.008 19.8431 0.0565717 0.324592 126.71 19.977 0.065986
126.803 19.7926 0.0639655 6.56484 126.71 19.977 0.065986
126.948 19.7985 0.0686302 2.40919 126.71 19.977 0.065986
126.68 19.8087 0.0676927 4.41603 126.71 19.977 0.065986
126.665 19.94 0.0647354 4.48414 126.71 19.977 0.065986
126.591 19.9614 0.0690274 1.65706 126.71 19.977 0.065986
126.854 19.6279 0.0646235 0.845793 126.71 19.977 0.065986
126.822 19.6346 0.0642779 0.957202 126.71 19.977 0.065986
126.68 19.8087 0.0676927 4.41603 126.71 19.977 0.065986
126.782 19.728 0.0626539 2.64655 126.71 19.977 0.065986
126.944 19.9676 0.0643238 5.42329 126.71 19.977 0.065986
126.971 19.8372 0.0691131 1.95485 126.71 19.977 0.065986
126.971 19.8372 0.0691131 1.95485 126.71 19.977 0.065986
127.008 19.8431 0.0565717 0.324592 126.71 19.977 0.065986
126.782 19.728 0.0626539 2.64655 126.71 19.977 0.065986
127.178 19.888 0.0650347 0.139334 126.71 19.977 0.065986
126.924 19.6434 0.0601927 0.339018 126.71 19.977 0.065986
126.782 19.728 0.0626539 2.64655 126.71 19.977 0.065986
126.719 19.8488 0.0677538 6.7815 126.71 19.977 0.065986
126.803 19.7926 0.0639655 6.56484 126.71 19.977 0.065986
126.803 19.7926 0.0639655 6.56484 126.71 19.977 0.065986
126.778 19.7012 0.0621563 1.63147 126.71 19.977 0.065986
126.719 19.8488 0.0677538 6.7815 126.71 19.977 0.065986
127.004 19.8682 0.0631619 3.16846 126.71 19.977 0.065986
126.803 19.7926 0.0639655 6.56484 126.71 19.977 0.065986
126.665 19.94 0.0647354 4.48414 126.71 19.977 0.065986
126.733 20.025 0.062997 3.76142 126.71 19.977 0.065986
126.68 19.8087 0.0676927 4.41603 126.71 19.977 0.065986
126.68 19.8087 0.0676927 4.41603 126.71 19.977 0.065986
126.778 19.7012 0.0621563 1.63147 126.71 19.977 0.065986
126.733 20.025 0.062997 3.76142 126.71 19.977 0.065986
126.944 19.9676 0.0643238 5.42329 126.71 19.977 0.065986
126.543 19.8628 0.0636416 0.607506 126.71 19.977 0.065986
126.591 19.9614 0.0690274 1.65706 126.71 19.977 0.065986
126.803 19.7926 0.0639655 6.56484 126.71 19.977 0.065986
126.666 20.1089 0.0619447 0.613846 126.71 19.977 0.065986
126.719 19.8488 0.0677538 6.7815 126.71 19.977 0.065986
127.004 19.8682 0.0631619 3.16846 126.71 19.977 0.065986
126.971 19.8372 0.0691131 1.95485 126.71 19.977 0.065986
126.709 19.5892 0.0658601 0.307658 126.71 19.977 0.065986
126.665 19.94 0.0647354 4.48414 126.71 19.977 0.065986
126.591 19.9614 0.0690274 1.65706 126.71 19.977 0.065986
126.803 19.7926 0.0639655 6.56484 126.71 19.977 0.065986
127.004 19.8682 0.0631619 3.16846 126.71 19.977 0.065986
126.944 19.9676 0.0643238 5.42329 126.71 19.977 0.065986
126.666 20.1089 0.0619447 0.613846 126.71 19.977 0.065986
126.803 19.7926 0.0639655 6.56484 126.71 19.977 0.065986
126.966 19.7314 0.0597155 0.805642 126.71 19.977 0.065986
126.944 19.9676 0.0643238 5.42329 126.71 19.977 0.065986
126.803 19.7926 0.0639655 6.56484 126.71 19.977 0.065986
126.733 20.025 0.062997 3.76142 126.71 19.977 0.065986
126.948 19.7985 0.0686302 2.40919 126.71 19.977 0.065986
126.733 20.025 0.062997 3.76142 126.71 19.977 0.065986
126.591 19.9614 0.0690274 1.65706 126.71 19.977 0.065986
126.782 19.728 0.0626539 2.64655 126.71 19.977 0.065986
126.971 19.8372 0.0691131 1.95485 126.71 19.977 0.065986
126.719 19.8488 0.0677538 6.7815 126.71 19.977 0.065986
126.665 19.94 0.0647354 4.48414 126.71 19.977 0.065986
126.543 19.8628 0.0636416 0.607506 126.71 19.977 0.065986
126.719 19.8488 0.0677538 6.7815 126.71 19.977 0.065986
126.733 20.025 0.062997 3.76142 126.71 19.977 0.065986
126.665 19.94 0.0647354 4.48414 126.71 19.977 0.065986
126.822 19.6346 0.0642779 0.957202 126.71 19.977 0.065986
126.666 20.1089 0.0619447 0.613846 126.71 19.977 0.065986
126.803 19.7926 0.0639655 6.56484 126.71 19.977 0.065986
126.68 19.8087 0.0676927 4.41603 126.71 19.977 0.065986
126.971 19.9507 0.0622097 3.80205 126.71 19.977 0.065986
126.803 19.7926 0.0639655 6.56484 126.71 19.977 0.065986
126.679 20.0897 0.0596086 0.350769 126.71 19.977 0.065986
126.944 19.9676 0.0643238 5.42329 126.71 19.977 0.065986
126.803 19.7926 0.0639655 6.56484 126.71 19.977 0.065986
126.803 19.7926 0.0639655 6.56484 126.71 19.977 0.065986
126.854 19.6279 0.0646235 0.845793 126.71 19.977 0.065986
126.94 20.1522 0.064205 0.792314 126.71 19.977 0.065986
126.803 19.7926 0.0639655 6.56484 126.71 19.977 0.065986
126.782 19.728 0.0626539 2.64655 126.71 19.977 0.065986
126.971 19.9507 0.0622097 3.80205 126.71 19.977 0.065986
126.666 20.1089 0.0619447 0.613846 126.71 19.977 0.065986
126.719 19.8488 0.0677538 6.7815 126.71 19.977 0.065986
126.733 20.025 0.062997 3.76142 126.71 19.977 0.065986
126.67 19.6424 0.0628813 0.36049 126.71 19.977 0.065986
127.018 19.707 0.0623834 0.714941 126.71 19.977 0.065986
126.733 20.025 0.062997 3.76142 126.71 19.977 0.065986
126.971 19.8372 0.0691131 1.95485 126.71 19.977 0.065986
126.971 19.8372 0.0691131 1.95485 126.71 19.977 0.065986
126.733 20.025 0.062997 3.76142 126.71 19.977 0.065986
126.68 19.8087 0.0676927 4.41603 126.71 19.977 0.065986
126.944 19.9676 0.0643238 5.42329 126.71 19.977 0.065986
127.018 19.707 0.0623834 0.714941 126.71 19.977 0.065986
126.778 19.7012 0.0621563 1.63147 126.71 19.977 0.065986
126.68 19.8087 0.0676927 4.41603 126.71 19.977 0.065986
126.803 19.7926 0.0639655 6.56484 126.71 19.977 0.065986
126.798 19.5501 0.0708822 0.0747661 126.71 19.977 0.065986
126.719 19.8488 0.0677538 6.7815 126.71 19.977 0.065986
126.665 19.94 0.0647354 4.48414 126.71 19.977 0.065986
126.719 19.8488 0.0677538 6.7815 126.71 19.977 0.065986
126.665 19.94 0.0647354 4.48414 126.71 19.977 0.065986
126.68 19.8087 0.0676927 4.41603 126.71 19.977 0.065986
126.778 19.7012 0.0621563 1.63147 126.71 19.977 0.065986
126.642 19.6271 0.0689397 0.314985 126.71 19.977 0.065986
126.719 19.8488 0.0677538 6.7815 126.71 19.977 0.065986
126.75 19.6986 0.0622221 1.39403 126.71 19.977 0.065986
126.591 19.9614 0.0690274 1.65706 126.71 19.977 0.065986
126.822 19.6346 0.0642779 0.957202 126.71 19.977 0.065986
127.008 19.8431 0.0565717 0.324592 126.71 19.977 0.065986
126.932 20.0164 0.0589082 1.33793 126.71 19.977 0.065986
126.75 19.6986 0.0622221 1.39403 126.71 19.977 0.065986
126.665 19.94 0.0647354 4.48414 126.71 19.977 0.065986
126.803 19.7926 0.0639655 6.56484 126.71 19.977 0.065986
126.971 19.9507 0.0622097 3.80205 126.71 19.977 0.065986
126.719 19.8488 0.0677538 6.7815 126.71 19.977 0.065986
126.803 19.7926 0.0639655 6.56484 126.71 19.977 0.065986
126.803 19.7926 0.0639655 6.56484 126.71 19.977 0.065986
126.68 19.8087 0.0676927 4.41603 126.71 19.977 0.065986
126.733 20.025 0.062997 3.76142 126.71 19.977 0.065986
126.68 19.8087 0.0676927 4.41603 126.71 19.977 0.065986
127.004 19.8682 0.0631619 3.16846 126.71 19.977 0.065986
126.543 19.8628 0.0636416 0.607506 126.71 19.977 0.065986
126.944 19.9676 0.0643238 5.42329 126.71 19.977 0.065986
126.822 19.6346 0.0642779 0.957202 126.71 19.977 0.065986
126.985 20.0873 0.0596999 0.647139 126.71 19.977 0.065986
126.68 19.8087 0.0676927 4.41603 126.71 19.977 0.065986
126.733 20.025 0.062997 3.76142 126.71 19.977 0.065986
126.68 19.8087 0.0676927 4.41603 126.71 19.977 0.065986
126.854 19.6279 0.0646235 0.845793 126.71 19.977 0.065986
126.68 19.8087 0.0676927 4.41603 126.71 19.977 0.065986
126.642 19.6271 0.0689397 0.314985 126.71 19.977 0.065986
126.665 19.94 0.0647354 4.48414 126.71 19.977 0.065986
126.932 20.0164 0.0589082 1.33793 126.71 19.977 0.065986
126.803 19.7926 0.0639655 6.56484 126.71 19.977 0.065986
126.679 20.0897 0.0596086 0.350769 126.71 19.977 0.065986
