271.337 22.3559 5.58812 1.56943 271.37 22.465 5.5827
271.249 22.217 5.59039 0.642318 271.37 22.465 5.5827
271.409 22.3523 5.58649 1.06711 271.37 22.465 5.5827
271.438 22.3132 5.59552 1.72371 271.37 22.465 5.5827
271.331 22.2845 5.5927 2.441 271.37 22.465 5.5827
271.301 22.5657 5.59829 0.496227 271.37 22.465 5.5827
271.263 22.6048 5.59545 0.216619 271.37 22.465 5.5827
271.438 22.3132 5.59552 1.72371 271.37 22.465 5.5827
271.331 22.2845 5.5927 2.441 271.37 22.465 5.5827
271.337 22.3559 5.58812 1.56943 271.37 22.465 5.5827
271.426 22.5276 5.58784 0.300494 271.37 22.465 5.5827
271.249 22.217 5.59039 0.642318 271.37 22.465 5.5827
271.186 22.4218 5.58597 0.106423 271.37 22.465 5.5827
271.293 22.3381 5.59354 2.79977 271.37 22.465 5.5827
271.249 22.217 5.59039 0.642318 271.37 22.465 5.5827
271.331 22.2845 5.5927 2.441 271.37 22.465 5.5827
271.126 22.3625 5.59275 0.330017 271.37 22.465 5.5827
271.349 22.1896 5.58734 0.50438 271.37 22.465 5.5827
271.263 22.6048 5.59545 0.216619 271.37 22.465 5.5827
271.585 22.2299 5.58387 0.0650237 271.37 22.465 5.5827
271.249 22.217 5.59039 0.642318 271.37 22.465 5.5827
271.409 22.3523 5.58649 1.06711 271.37 22.465 5.5827
271.584 22.385 5.58754 0.210652 271.37 22.465 5.5827
271.409 22.3523 5.58649 1.06711 271.37 22.465 5.5827
271.293 22.3381 5.59354 2.79977 271.37 22.465 5.5827
271.193 22.484 5.5921 0.46571 271.37 22.465 5.5827
271.409 22.3523 5.58649 1.06711 271.37 22.465 5.5827
271.293 22.3381 5.59354 2.79977 271.37 22.465 5.5827
271.584 22.385 5.58754 0.210652 271.37 22.465 5.5827
271.38 22.5857 5.60191 0.146062 271.37 22.465 5.5827
271.419 22.4641 5.58343 0.148867 271.37 22.465 5.5827
271.293 22.3381 5.59354 2.79977 271.37 22.465 5.5827
271.426 22.5276 5.58784 0.300494 271.37 22.465 5.5827
271.301 22.5657 5.59829 0.496227 271.37 22.465 5.5827
271.349 22.1896 5.58734 0.50438 271.37 22.465 5.5827
271.293 22.3381 5.59354 2.79977 271.37 22.465 5.5827
271.124 22.3434 5.59093 0.220356 271.37 22.465 5.5827
271.293 22.3381 5.59354 2.79977 271.37 22.465 5.5827
271.352 22.5873 5.59543 0.391699 271.37 22.465 5.5827
271.249 22.217 5.59039 0.642318 271.37 22.465 5.5827
271.382 22.5046 5.58654 0.310784 271.37 22.465 5.5827
271.124 22.3434 5.59093 0.220356 271.37 22.465 5.5827
271.193 22.484 5.5921 0.46571 271.37 22.465 5.5827
271.293 22.3381 5.59354 2.79977 271.37 22.465 5.5827
271.438 22.3132 5.59552 1.72371 271.37 22.465 5.5827
271.438 22.3132 5.59552 1.72371 271.37 22.465 5.5827
271.352 22.5873 5.59543 0.391699 271.37 22.465 5.5827
271.426 22.5276 5.58784 0.300494 271.37 22.465 5.5827
271.438 22.3132 5.59552 1.72371 271.37 22.465 5.5827
271.126 22.3625 5.59275 0.330017 271.37 22.465 5.5827
271.438 22.3132 5.59552 1.72371 271.37 22.465 5.5827
271.558 22.2926 5.59213 0.420621 271.37 22.465 5.5827
271.349 22.1896 5.58734 0.50438 271.37 22.465 5.5827
271.293 22.3381 5.59354 2.79977 271.37 22.465 5.5827
271.337 22.3559 5.58812 1.56943 271.37 22.465 5.5827
271.331 22.2845 5.5927 2.441 271.37 22.465 5.5827
271.301 22.5657 5.59829 0.496227 271.37 22.465 5.5827
271.409 22.3523 5.58649 1.06711 271.37 22.465 5.5827
271.331 22.2845 5.5927 2.441 271.37 22.465 5.5827
271.293 22.3381 5.59354 2.79977 271.37 22.465 5.5827
271.331 22.2845 5.5927 2.441 271.37 22.465 5.5827
271.144 22.1814 5.59844 0.0870137 271.37 22.465 5.5827
271.124 22.3434 5.59093 0.220356 271.37 22.465 5.5827
271.331 22.2845 5.5927 2.441 271.37 22.465 5.5827
271.301 22.5657 5.59829 0.496227 271.37 22.465 5.5827
271.293 22.3381 5.59354 2.79977 271.37 22.465 5.5827
271.337 22.3559 5.58812 1.56943 271.37 22.465 5.5827
271.331 22.2845 5.5927 2.441 271.37 22.465 5.5827
271.409 22.3523 5.58649 1.06711 271.37 22.465 5.5827
271.293 22.3381 5.59354 2.79977 271.37 22.465 5.5827
271.558 22.2926 5.59213 0.420621 271.37 22.465 5.5827
271.319 22.3605 5.58141 0.0907866 271.37 22.465 5.5827
271.331 22.2845 5.5927 2.441 271.37 22.465 5.5827
271.293 22.3381 5.59354 2.79977 271.37 22.465 5.5827
271.438 22.3132 5.59552 1.72371 271.37 22.465 5.5827
271.38 22.5857 5.60191 0.146062 271.37 22.465 5.5827
271.337 22.3559 5.58812 1.56943 271.37 22.465 5.5827
271.249 22.217 5.59039 0.642318 271.37 22.465 5.5827
271.331 22.2845 5.5927 2.441 271.37 22.465 5.5827
271.614 22.53 5.59072 0.0406366 271.37 22.465 5.5827
271.331 22.2845 5.5927 2.441 271.37 22.465 5.5827
271.183 22.5882 5.59223 0.0792128 271.37 22.465 5.5827
271.438 22.3132 5.59552 1.72371 271.37 22.465 5.5827
271.438 22.3132 5.59552 1.72371 271.37 22.465 5.5827
271.409 22.3523 5.58649 1.06711 271.37 22.465 5.5827
271.186 22.4218 5.58597 0.106423 271.37 22.465 5.5827
271.331 22.2845 5.5927 2.441 271.37 22.465 5.5827
271.331 22.2845 5.5927 2.441 271.37 22.465 5.5827
271.551 22.5136 5.58837 0.124548 271.37 22.465 5.5827
271.331 22.2845 5.5927 2.441 271.37 22.465 5.5827
271.249 22.217 5.59039 0.642318 271.37 22.465 5.5827
271.301 22.5657 5.59829 0.496227 271.37 22.465 5.5827
271.337 22.3559 5.58812 1.56943 271.37 22.465 5.5827
271.438 22.3132 5.59552 1.72371 271.37 22.465 5.5827
271.186 22.4218 5.58597 0.106423 271.37 22.465 5.5827
271.337 22.3559 5.58812 1.56943 271.37 22.465 5.5827
271.352 22.5873 5.59543 0.391699 271.37 22.465 5.5827
271.331 22.2845 5.5927 2.441 271.37 22.465 5.5827
271.409 22.3523 5.58649 1.06711 271.37 22.465 5.5827
271.293 22.3381 5.59354 2.79977 271.37 22.465 5.5827
271.331 22.2845 5.5927 2.441 271.37 22.465 5.5827
271.382 22.5046 5.58654 0.310784 271.37 22.465 5.5827
271.126 22.3625 5.59275 0.330017 271.37 22.465 5.5827
271.352 22.5873 5.59543 0.391699 271.37 22.465 5.5827
271.293 22.3381 5.59354 2.79977 271.37 22.465 5.5827
271.293 22.3381 5.59354 2.79977 271.37 22.465 5.5827
271.337 22.3559 5.58812 1.56943 271.37 22.465 5.5827
271.293 22.3381 5.59354 2.79977 271.37 22.465 5.5827
271.293 22.3381 5.59354 2.79977 271.37 22.465 5.5827
271.331 22.2845 5.5927 2.441 271.37 22.465 5.5827
271.626 22.2935 5.59306 0.0919823 271.37 22.465 5.5827
271.331 22.2845 5.5927 2.441 271.37 22.465 5.5827
271.438 22.3132 5.59552 1.72371 271.37 22.465 5.5827
271.293 22.3381 5.59354 2.79977 271.37 22.465 5.5827
271.438 22.3132 5.59552 1.72371 271.37 22.465 5.5827
271.263 22.6048 5.59545 0.216619 271.37 22.465 5.5827
271.193 22.484 5.5921 0.46571 271.37 22.465 5.5827
271.337 22.3559 5.58812 1.56943 271.37 22.465 5.5827
271.331 22.2845 5.5927 2.441 271.37 22.465 5.5827
271.558 22.2926 5.59213 0.420621 271.37 22.465 5.5827
271.438 22.3132 5.59552 1.72371 271.37 22.465 5.5827
271.331 22.2845 5.5927 2.441 271.37 22.465 5.5827
271.409 22.3523 5.58649 1.06711 271.37 22.465 5.5827
271.331 22.2845 5.5927 2.441 271.37 22.465 5.5827
271.349 22.1896 5.58734 0.50438 271.37 22.465 5.5827
271.337 22.3559 5.58812 1.56943 271.37 22.465 5.5827
271.38 22.5857 5.60191 0.146062 271.37 22.465 5.5827
271.61 22.1749 5.59607 0.0180135 271.37 22.465 5.5827
271.438 22.3132 5.59552 1.72371 271.37 22.465 5.5827
271.293 22.3381 5.59354 2.79977 271.37 22.465 5.5827
271.438 22.3132 5.59552 1.72371 271.37 22.465 5.5827
271.249 22.217 5.59039 0.642318 271.37 22.465 5.5827
271.221 22.1696 5.58321 0.0284167 271.37 22.465 5.5827
271.584 22.385 5.58754 0.210652 271.37 22.465 5.5827
271.352 22.5873 5.59543 0.391699 271.37 22.465 5.5827
271.438 22.3132 5.59552 1.72371 271.37 22.465 5.5827
271.331 22.2845 5.5927 2.441 271.37 22.465 5.5827
271.126 22.3625 5.59275 0.330017 271.37 22.465 5.5827
271.193 22.484 5.5921 0.46571 271.37 22.465 5.5827
271.331 22.2845 5.5927 2.441 271.37 22.465 5.5827
271.331 22.2845 5.5927 2.441 271.37 22.465 5.5827
271.293 22.3381 5.59354 2.79977 271.37 22.465 5.5827
271.352 22.5873 5.59543 0.391699 271.37 22.465 5.5827
271.337 22.3559 5.58812 1.56943 271.37 22.465 5.5827
271.545 22.3266 5.58401 0.181827 271.37 22.465 5.5827
271.331 22.2845 5.5927 2.441 271.37 22.465 5.5827
271.293 22.3381 5.59354 2.79977 271.37 22.465 5.5827
271.349 22.1896 5.58734 0.50438 271.37 22.465 5.5827
271.249 22.217 5.59039 0.642318 271.37 22.465 5.5827
271.426 22.5276 5.58784 0.300494 271.37 22.465 5.5827
271.337 22.3559 5.58812 1.56943 271.37 22.465 5.5827
271.438 22.3132 5.59552 1.72371 271.37 22.465 5.5827
271.293 22.3381 5.59354 2.79977 271.37 22.465 5.5827
271.124 22.3434 5.59093 0.220356 271.37 22.465 5.5827
271.293 22.3381 5.59354 2.79977 271.37 22.465 5.5827
271.438 22.3132 5.59552 1.72371 271.37 22.465 5.5827
271.558 22.2926 5.59213 0.420621 271.37 22.465 5.5827
271.293 22.3381 5.59354 2.79977 271.37 22.465 5.5827
271.293 22.3381 5.59354 2.79977 271.37 22.465 5.5827
271.426 22.5276 5.58784 0.300494 271.37 22.465 5.5827
271.144 22.1814 5.59844 0.0870137 271.37 22.465 5.5827
271.409 22.3523 5.58649 1.06711 271.37 22.465 5.5827
271.406 22.0626 5.58283 0.0153625 271.37 22.465 5.5827
271.293 22.3381 5.59354 2.79977 271.37 22.465 5.5827
271.293 22.3381 5.59354 2.79977 271.37 22.465 5.5827
271.293 22.3381 5.59354 2.79977 271.37 22.465 5.5827
271.438 22.3132 5.59552 1.72371 271.37 22.465 5.5827
271.438 22.3132 5.59552 1.72371 271.37 22.465 5.5827
271.193 22.134 5.59878 0.0605601 271.37 22.465 5.5827
271.409 22.3523 5.58649 1.06711 271.37 22.465 5.5827
271.438 22.3132 5.59552 1.72371 271.37 22.465 5.5827
271.293 22.3381 5.59354 2.79977 271.37 22.465 5.5827
271.409 22.3523 5.58649 1.06711 271.37 22.465 5.5827
271.352 22.5873 5.59543 0.391699 271.37 22.465 5.5827
271.558 22.2926 5.59213 0.420621 271.37 22.465 5.5827
271.337 22.3559 5.58812 1.56943 271.37 22.465 5.5827
271.337 22.3559 5.58812 1.56943 271.37 22.465 5.5827
271.337 22.3559 5.58812 1.56943 271.37 22.465 5.5827
271.438 22.3132 5.59552 1.72371 271.37 22.465 5.5827
271.337 22.3559 5.58812 1.56943 271.37 22.465 5.5827
271.558 22.2926 5.59213 0.420621 271.37 22.465 5.5827
271.331 22.2845 5.5927 2.441 271.37 22.465 5.5827
271.409 22.3523 5.58649 1.06711 271.37 22.465 5.5827
271.249 22.217 5.59039 0.642318 271.37 22.465 5.5827
271.382 22.5046 5.58654 0.310784 271.37 22.465 5.5827
271.293 22.3381 5.59354 2.79977 271.37 22.465 5.5827
271.293 22.3381 5.59354 2.79977 271.37 22.465 5.5827
271.349 22.1896 5.58734 0.50438 271.37 22.465 5.5827
271.293 22.3381 5.59354 2.79977 271.37 22.465 5.5827
271.296 22.0303 5.59321 0.0216664 271.37 22.465 5.5827
271.293 22.3381 5.59354 2.79977 271.37 22.465 5.5827
271.438 22.3132 5.59552 1.72371 271.37 22.465 5.5827
271.584 22.385 5.58754 0.210652 271.37 22.465 5.5827
271.337 22.3559 5.58812 1.56943 271.37 22.465 5.5827
271.352 22.5873 5.59543 0.391699 271.37 22.465 5.5827
271.293 22.3381 5.59354 2.79977 271.37 22.465 5.5827
271.293 22.3381 5.59354 2.79977 271.37 22.465 5.5827
271.585 22.2299 5.58387 0.0650237 271.37 22.465 5.5827
271.426 22.5276 5.58784 0.300494 271.37 22.465 5.5827
271.331 22.2845 5.5927 2.441 271.37 22.465 5.5827
