15.9587 -90.565 3.63811 1.11782 15.973 -90.282 3.6308
16.1061 -90.5172 3.63915 1.00831 15.973 -90.282 3.6308
16.1868 -90.192 3.64029 0.170024 15.973 -90.282 3.6308
16.0718 -90.3985 3.6263 0.801317 15.973 -90.282 3.6308
16.0718 -90.3985 3.6263 0.801317 15.973 -90.282 3.6308
15.691 -90.1729 3.63378 0.216053 15.973 -90.282 3.6308
15.6373 -90.5031 3.63494 0.353523 15.973 -90.282 3.6308
15.7855 -90.43 3.63428 2.35785 15.973 -90.282 3.6308
16.0696 -90.35 3.63645 1.90057 15.973 -90.282 3.6308
15.7755 -90.321 3.62597 3.52782 15.973 -90.282 3.6308
15.934 -90.5963 3.62313 1.00649 15.973 -90.282 3.6308
15.7551 -90.2057 3.63412 0.520888 15.973 -90.282 3.6308
16.1061 -90.5172 3.63915 1.00831 15.973 -90.282 3.6308
15.9947 -90.3899 3.6418 0.363576 15.973 -90.282 3.6308
16.0152 -90.3117 3.64224 0.243739 15.973 -90.282 3.6308
15.9405 -90.2379 3.62782 1.39744 15.973 -90.282 3.6308
16.0395 -90.5035 3.62748 1.82964 15.973 -90.282 3.6308
16.031 -90.2792 3.63043 1.65973 15.973 -90.282 3.6308
16.125 -90.3311 3.63663 1.30947 15.973 -90.282 3.6308
16.1841 -90.5553 3.63714 0.826641 15.973 -90.282 3.6308
16.2687 -90.5563 3.63902 0.307864 15.973 -90.282 3.6308
15.7855 -90.43 3.63428 2.35785 15.973 -90.282 3.6308
16.0099 -90.5121 3.64184 0.340025 15.973 -90.282 3.6308
16.1309 -89.9915 3.63758 0.0162376 15.973 -90.282 3.6308
16.0395 -90.5035 3.62748 1.82964 15.973 -90.282 3.6308
15.9405 -90.2379 3.62782 1.39744 15.973 -90.282 3.6308
15.8317 -90.44 3.61892 0.539822 15.973 -90.282 3.6308
16.0696 -90.35 3.63645 1.90057 15.973 -90.282 3.6308
15.7855 -90.43 3.63428 2.35785 15.973 -90.282 3.6308
15.7656 -90.1851 3.63036 0.954325 15.973 -90.282 3.6308
16.125 -90.3311 3.63663 1.30947 15.973 -90.282 3.6308
16.0072 -90.2864 3.63263 2.28344 15.973 -90.282 3.6308
15.9114 -90.2143 3.62887 1.43686 15.973 -90.282 3.6308
15.9587 -90.565 3.63811 1.11782 15.973 -90.282 3.6308
16.1061 -90.5172 3.63915 1.00831 15.973 -90.282 3.6308
15.8317 -90.44 3.61892 0.539822 15.973 -90.282 3.6308
16.1841 -90.5553 3.63714 0.826641 15.973 -90.282 3.6308
15.7843 -90.2645 3.62247 1.07911 15.973 -90.282 3.6308
16.1013 -90.2311 3.63521 0.808305 15.973 -90.282 3.6308
16.0395 -90.5035 3.62748 1.82964 15.973 -90.282 3.6308
15.7855 -90.43 3.63428 2.35785 15.973 -90.282 3.6308
15.934 -90.5963 3.62313 1.00649 15.973 -90.282 3.6308
16.031 -90.2792 3.63043 1.65973 15.973 -90.282 3.6308
15.7843 -90.2645 3.62247 1.07911 15.973 -90.282 3.6308
16.209 -90.1124 3.64082 0.0495031 15.973 -90.282 3.6308
15.9114 -90.2143 3.62887 1.43686 15.973 -90.282 3.6308
16.1061 -90.5172 3.63915 1.00831 15.973 -90.282 3.6308
15.9587 -90.565 3.63811 1.11782 15.973 -90.282 3.6308
16.1367 -90.2616 3.63122 0.599426 15.973 -90.282 3.6308
16.0718 -90.3985 3.6263 0.801317 15.973 -90.282 3.6308
16.125 -90.3311 3.63663 1.30947 15.973 -90.282 3.6308
15.7656 -90.1851 3.63036 0.954325 15.973 -90.282 3.6308
16.125 -90.3311 3.63663 1.30947 15.973 -90.282 3.6308
15.9114 -90.2143 3.62887 1.43686 15.973 -90.282 3.6308
15.7855 -90.43 3.63428 2.35785 15.973 -90.282 3.6308
15.7656 -90.1851 3.63036 0.954325 15.973 -90.282 3.6308
15.9114 -90.2143 3.62887 1.43686 15.973 -90.282 3.6308
16.2627 -90.2391 3.64121 0.134624 15.973 -90.282 3.6308
15.9405 -90.2379 3.62782 1.39744 15.973 -90.282 3.6308
16.1501 -90.4741 3.63758 1.28997 15.973 -90.282 3.6308
16.2687 -90.5563 3.63902 0.307864 15.973 -90.282 3.6308
16.0072 -90.2864 3.63263 2.28344 15.973 -90.282 3.6308
16.0072 -90.2864 3.63263 2.28344 15.973 -90.282 3.6308
16.0072 -90.2864 3.63263 2.28344 15.973 -90.282 3.6308
15.8394 -90.3535 3.63818 0.668876 15.973 -90.282 3.6308
15.9891 -90.1207 3.63051 0.349144 15.973 -90.282 3.6308
16.0088 -90.2266 3.63396 1.27677 15.973 -90.282 3.6308
16.1501 -90.4741 3.63758 1.28997 15.973 -90.282 3.6308
15.6925 -90.1551 3.6381 0.0250796 15.973 -90.282 3.6308
16.0088 -90.2266 3.63396 1.27677 15.973 -90.282 3.6308
15.7755 -90.321 3.62597 3.52782 15.973 -90.282 3.6308
15.8394 -90.3535 3.63818 0.668876 15.973 -90.282 3.6308
15.7855 -90.43 3.63428 2.35785 15.973 -90.282 3.6308
16.0099 -90.5121 3.64184 0.340025 15.973 -90.282 3.6308
15.7755 -90.321 3.62597 3.52782 15.973 -90.282 3.6308
16.0395 -90.5035 3.62748 1.82964 15.973 -90.282 3.6308
16.1438 -90.5423 3.64195 0.32944 15.973 -90.282 3.6308
15.7551 -90.2057 3.63412 0.520888 15.973 -90.282 3.6308
16.031 -90.2792 3.63043 1.65973 15.973 -90.282 3.6308
16.125 -90.3311 3.63663 1.30947 15.973 -90.282 3.6308
15.9405 -90.2379 3.62782 1.39744 15.973 -90.282 3.6308
16.0696 -90.35 3.63645 1.90057 15.973 -90.282 3.6308
16.125 -90.3311 3.63663 1.30947 15.973 -90.282 3.6308
15.6282 -90.2414 3.62287 0.944186 15.973 -90.282 3.6308
16.1501 -90.4741 3.63758 1.28997 15.973 -90.282 3.6308
15.7843 -90.2645 3.62247 1.07911 15.973 -90.282 3.6308
15.7755 -90.321 3.62597 3.52782 15.973 -90.282 3.6308
15.9389 -90.1506 3.64139 0.058694 15.973 -90.282 3.6308
15.9114 -90.2143 3.62887 1.43686 15.973 -90.282 3.6308
15.691 -90.1729 3.63378 0.216053 15.973 -90.282 3.6308
16.094 -90.5564 3.64268 0.228029 15.973 -90.282 3.6308
16.2303 -90.4883 3.63605 0.709081 15.973 -90.282 3.6308
15.9405 -90.2379 3.62782 1.39744 15.973 -90.282 3.6308
15.7855 -90.43 3.63428 2.35785 15.973 -90.282 3.6308
16.031 -90.2792 3.63043 1.65973 15.973 -90.282 3.6308
16.1501 -90.4741 3.63758 1.28997 15.973 -90.282 3.6308
15.7843 -90.2645 3.62247 1.07911 15.973 -90.282 3.6308
16.1501 -90.4741 3.63758 1.28997 15.973 -90.282 3.6308
15.7855 -90.43 3.63428 2.35785 15.973 -90.282 3.6308
15.7551 -90.2057 3.63412 0.520888 15.973 -90.282 3.6308
16.1013 -90.2311 3.63521 0.808305 15.973 -90.282 3.6308
15.9114 -90.2143 3.62887 1.43686 15.973 -90.282 3.6308
16.0696 -90.35 3.63645 1.90057 15.973 -90.282 3.6308
16.0152 -90.3117 3.64224 0.243739 15.973 -90.282 3.6308
15.7855 -90.43 3.63428 2.35785 15.973 -90.282 3.6308
16.1868 -90.192 3.64029 0.170024 15.973 -90.282 3.6308
16.0395 -90.5035 3.62748 1.82964 15.973 -90.282 3.6308
15.9405 -90.2379 3.62782 1.39744 15.973 -90.282 3.6308
15.6282 -90.2414 3.62287 0.944186 15.973 -90.282 3.6308
15.9405 -90.2379 3.62782 1.39744 15.973 -90.282 3.6308
16.0395 -90.5035 3.62748 1.82964 15.973 -90.282 3.6308
15.9405 -90.2379 3.62782 1.39744 15.973 -90.282 3.6308
16.0395 -90.5035 3.62748 1.82964 15.973 -90.282 3.6308
16.0395 -90.5035 3.62748 1.82964 15.973 -90.282 3.6308
16.0718 -90.3985 3.6263 0.801317 15.973 -90.282 3.6308
15.7551 -90.2057 3.63412 0.520888 15.973 -90.282 3.6308
16.0395 -90.5035 3.62748 1.82964 15.973 -90.282 3.6308
16.125 -90.3311 3.63663 1.30947 15.973 -90.282 3.6308
15.9114 -90.2143 3.62887 1.43686 15.973 -90.282 3.6308
15.993 -90.2069 3.6383 0.477342 15.973 -90.282 3.6308
15.7843 -90.2645 3.62247 1.07911 15.973 -90.282 3.6308
15.993 -90.2069 3.6383 0.477342 15.973 -90.282 3.6308
15.72 -90.2913 3.61606 0.125716 15.973 -90.282 3.6308
15.9587 -90.565 3.63811 1.11782 15.973 -90.282 3.6308
16.031 -90.2792 3.63043 1.65973 15.973 -90.282 3.6308
16.1841 -90.5553 3.63714 0.826641 15.973 -90.282 3.6308
16.2303 -90.4883 3.63605 0.709081 15.973 -90.282 3.6308
16.1353 -90.1889 3.61892 0.000624512 15.973 -90.282 3.6308
16.1816 -90.2988 3.64252 0.223313 15.973 -90.282 3.6308
16.0696 -90.35 3.63645 1.90057 15.973 -90.282 3.6308
16.031 -90.2792 3.63043 1.65973 15.973 -90.282 3.6308
15.8394 -90.3535 3.63818 0.668876 15.973 -90.282 3.6308
15.6282 -90.2414 3.62287 0.944186 15.973 -90.282 3.6308
16.3241 -90.5599 3.63932 0.157711 15.973 -90.282 3.6308
16.0696 -90.35 3.63645 1.90057 15.973 -90.282 3.6308
16.0088 -90.2266 3.63396 1.27677 15.973 -90.282 3.6308
15.7755 -90.321 3.62597 3.52782 15.973 -90.282 3.6308
15.9405 -90.2379 3.62782 1.39744 15.973 -90.282 3.6308
16.031 -90.2792 3.63043 1.65973 15.973 -90.282 3.6308
15.7755 -90.321 3.62597 3.52782 15.973 -90.282 3.6308
15.9114 -90.2143 3.62887 1.43686 15.973 -90.282 3.6308
16.1544 -90.5187 3.64255 0.284159 15.973 -90.282 3.6308
16.1367 -90.2616 3.63122 0.599426 15.973 -90.282 3.6308
15.9587 -90.565 3.63811 1.11782 15.973 -90.282 3.6308
15.7855 -90.43 3.63428 2.35785 15.973 -90.282 3.6308
16.1841 -90.5553 3.63714 0.826641 15.973 -90.282 3.6308
15.993 -90.2069 3.6383 0.477342 15.973 -90.282 3.6308
15.7755 -90.321 3.62597 3.52782 15.973 -90.282 3.6308
16.031 -90.2792 3.63043 1.65973 15.973 -90.282 3.6308
15.7755 -90.321 3.62597 3.52782 15.973 -90.282 3.6308
16.0088 -90.2266 3.63396 1.27677 15.973 -90.282 3.6308
15.993 -90.2069 3.6383 0.477342 15.973 -90.282 3.6308
15.7843 -90.2645 3.62247 1.07911 15.973 -90.282 3.6308
15.9114 -90.2143 3.62887 1.43686 15.973 -90.282 3.6308
15.7843 -90.2645 3.62247 1.07911 15.973 -90.282 3.6308
16.1061 -90.5172 3.63915 1.00831 15.973 -90.282 3.6308
15.9114 -90.2143 3.62887 1.43686 15.973 -90.282 3.6308
15.8807 -90.3773 3.61815 0.168567 15.973 -90.282 3.6308
15.691 -90.1729 3.63378 0.216053 15.973 -90.282 3.6308
15.7843 -90.2645 3.62247 1.07911 15.973 -90.282 3.6308
16.0696 -90.35 3.63645 1.90057 15.973 -90.282 3.6308
16.0072 -90.2864 3.63263 2.28344 15.973 -90.282 3.6308
15.8993 -90.0864 3.63226 0.265348 15.973 -90.282 3.6308
16.125 -90.3311 3.63663 1.30947 15.973 -90.282 3.6308
15.8394 -90.3535 3.63818 0.668876 15.973 -90.282 3.6308
15.8807 -90.3773 3.61815 0.168567 15.973 -90.282 3.6308
15.8394 -90.3535 3.63818 0.668876 15.973 -90.282 3.6308
16.2303 -90.4883 3.63605 0.709081 15.973 -90.282 3.6308
15.7656 -90.1851 3.63036 0.954325 15.973 -90.282 3.6308
15.8807 -90.3773 3.61815 0.168567 15.973 -90.282 3.6308
15.8394 -90.3535 3.63818 0.668876 15.973 -90.282 3.6308
15.9114 -90.2143 3.62887 1.43686 15.973 -90.282 3.6308
15.9587 -90.565 3.63811 1.11782 15.973 -90.282 3.6308
15.9587 -90.565 3.63811 1.11782 15.973 -90.282 3.6308
16.1367 -90.2616 3.63122 0.599426 15.973 -90.282 3.6308
15.6282 -90.2414 3.62287 0.944186 15.973 -90.282 3.6308
15.7755 -90.321 3.62597 3.52782 15.973 -90.282 3.6308
16.1061 -90.5172 3.63915 1.00831 15.973 -90.282 3.6308
15.7755 -90.321 3.62597 3.52782 15.973 -90.282 3.6308
16.1061 -90.5172 3.63915 1.00831 15.973 -90.282 3.6308
15.9587 -90.565 3.63811 1.11782 15.973 -90.282 3.6308
15.7843 -90.2645 3.62247 1.07911 15.973 -90.282 3.6308
15.934 -90.5963 3.62313 1.00649 15.973 -90.282 3.6308
16.0099 -90.5121 3.64184 0.340025 15.973 -90.282 3.6308
16.0696 -90.35 3.63645 1.90057 15.973 -90.282 3.6308
16.0152 -90.3117 3.64224 0.243739 15.973 -90.282 3.6308
16.0088 -90.2266 3.63396 1.27677 15.973 -90.282 3.6308
15.6282 -90.2414 3.62287 0.944186 15.973 -90.282 3.6308
16.0718 -90.3985 3.6263 0.801317 15.973 -90.282 3.6308
15.7755 -90.321 3.62597 3.52782 15.973 -90.282 3.6308
16.2303 -90.4883 3.63605 0.709081 15.973 -90.282 3.6308
16.0696 -90.35 3.63645 1.90057 15.973 -90.282 3.6308
15.993 -90.2069 3.6383 0.477342 15.973 -90.282 3.6308
15.7755 -90.321 3.62597 3.52782 15.973 -90.282 3.6308
16.1013 -90.2311 3.63521 0.808305 15.973 -90.282 3.6308
16.1501 -90.4741 3.63758 1.28997 15.973 -90.282 3.6308
16.1501 -90.4741 3.63758 1.28997 15.973 -90.282 3.6308
15.9405 -90.2379 3.62782 1.39744 15.973 -90.282 3.6308
16.0696 -90.35 3.63645 1.90057 15.973 -90.282 3.6308
16.3119 -90.233 3.63896 0.102998 15.973 -90.282 3.6308
