-37.6983 -70.6218 1.92833 0.284988 -37.698 -70.659 1.9292
-37.6983 -70.6218 1.92833 0.284988 -37.698 -70.659 1.9292
-37.3465 -70.4645 1.93288 0.0459623 -37.698 -70.659 1.9292
-37.8837 -70.5441 1.93042 0.11407 -37.698 -70.659 1.9292
-37.7717 -70.4955 1.92887 0.468344 -37.698 -70.659 1.9292
-37.5837 -70.7396 1.93418 0.068372 -37.698 -70.659 1.9292
-37.6983 -70.6218 1.92833 0.284988 -37.698 -70.659 1.9292
-37.7717 -70.4955 1.92887 0.468344 -37.698 -70.659 1.9292
-37.7717 -70.4955 1.92887 0.468344 -37.698 -70.659 1.9292
-37.5709 -70.3726 1.91997 0.0267629 -37.698 -70.659 1.9292
-37.8723 -70.4534 1.93011 0.160708 -37.698 -70.659 1.9292
-37.4775 -70.4615 1.92247 0.0235635 -37.698 -70.659 1.9292
-37.6985 -70.3706 1.93825 0.00958493 -37.698 -70.659 1.9292
-37.7717 -70.4955 1.92887 0.468344 -37.698 -70.659 1.9292
-37.7717 -70.4955 1.92887 0.468344 -37.698 -70.659 1.9292
-37.8264 -70.4503 1.9207 0.124931 -37.698 -70.659 1.9292
-37.6983 -70.6218 1.92833 0.284988 -37.698 -70.659 1.9292
-37.8364 -70.6672 1.92074 0.0121698 -37.698 -70.659 1.9292
-37.5425 -70.5747 1.93568 0.150872 -37.698 -70.659 1.9292
-37.7717 -70.4955 1.92887 0.468344 -37.698 -70.659 1.9292
-37.4203 -70.7689 1.92998 0.01024 -37.698 -70.659 1.9292
-37.5425 -70.5747 1.93568 0.150872 -37.698 -70.659 1.9292
-37.7717 -70.4955 1.92887 0.468344 -37.698 -70.659 1.9292
-37.3465 -70.4645 1.93288 0.0459623 -37.698 -70.659 1.9292
-37.8264 -70.4503 1.9207 0.124931 -37.698 -70.659 1.9292
-37.8264 -70.4503 1.9207 0.124931 -37.698 -70.659 1.9292
-37.5425 -70.5747 1.93568 0.150872 -37.698 -70.659 1.9292
-37.8837 -70.5441 1.93042 0.11407 -37.698 -70.659 1.9292
-37.7111 -70.4991 1.9207 0.0802558 -37.698 -70.659 1.9292
-37.7717 -70.4955 1.92887 0.468344 -37.698 -70.659 1.9292
-37.7717 -70.4955 1.92887 0.468344 -37.698 -70.659 1.9292
-37.6983 -70.6218 1.92833 0.284988 -37.698 -70.659 1.9292
-37.6983 -70.6218 1.92833 0.284988 -37.698 -70.659 1.9292
-37.6983 -70.6218 1.92833 0.284988 -37.698 -70.659 1.9292
-37.7617 -70.1855 1.93083 0.0330869 -37.698 -70.659 1.9292
-37.6983 -70.6218 1.92833 0.284988 -37.698 -70.659 1.9292
-37.8837 -70.5441 1.93042 0.11407 -37.698 -70.659 1.9292
-37.8264 -70.4503 1.9207 0.124931 -37.698 -70.659 1.9292
-37.5837 -70.7396 1.93418 0.068372 -37.698 -70.659 1.9292
-37.5425 -70.5747 1.93568 0.150872 -37.698 -70.659 1.9292
-37.6983 -70.6218 1.92833 0.284988 -37.698 -70.659 1.9292
-37.7717 -70.4955 1.92887 0.468344 -37.698 -70.659 1.9292
-37.6983 -70.6218 1.92833 0.284988 -37.698 -70.659 1.9292
-37.5425 -70.5747 1.93568 0.150872 -37.698 -70.659 1.9292
-37.8837 -70.5441 1.93042 0.11407 -37.698 -70.659 1.9292
-37.6983 -70.6218 1.92833 0.284988 -37.698 -70.659 1.9292
-37.7717 -70.4955 1.92887 0.468344 -37.698 -70.659 1.9292
-37.8837 -70.5441 1.93042 0.11407 -37.698 -70.659 1.9292
-37.7667 -70.4976 1.93895 0.00695927 -37.698 -70.659 1.9292
-37.7111 -70.4991 1.9207 0.0802558 -37.698 -70.659 1.9292
-37.6366 -70.721 1.94204 0.00220293 -37.698 -70.659 1.9292
-37.7111 -70.4991 1.9207 0.0802558 -37.698 -70.659 1.9292
-37.4775 -70.4615 1.92247 0.0235635 -37.698 -70.659 1.9292
-37.8364 -70.6672 1.92074 0.0121698 -37.698 -70.659 1.9292
-37.5425 -70.5747 1.93568 0.150872 -37.698 -70.659 1.9292
-37.7111 -70.4991 1.9207 0.0802558 -37.698 -70.659 1.9292
-37.5425 -70.5747 1.93568 0.150872 -37.698 -70.659 1.9292
-37.6983 -70.6218 1.92833 0.284988 -37.698 -70.659 1.9292
-37.7717 -70.4955 1.92887 0.468344 -37.698 -70.659 1.9292
-37.5266 -70.7211 1.92883 0.0496945 -37.698 -70.659 1.9292
-37.7717 -70.4955 1.92887 0.468344 -37.698 -70.659 1.9292
-37.6722 -70.8437 1.9295 0.011592 -37.698 -70.659 1.9292
-37.5425 -70.5747 1.93568 0.150872 -37.698 -70.659 1.9292
-37.5425 -70.5747 1.93568 0.150872 -37.698 -70.659 1.9292
-37.5425 -70.5747 1.93568 0.150872 -37.698 -70.659 1.9292
-37.6983 -70.6218 1.92833 0.284988 -37.698 -70.659 1.9292
-37.6147 -70.9133 1.93814 0.00164639 -37.698 -70.659 1.9292
-37.6983 -70.6218 1.92833 0.284988 -37.698 -70.659 1.9292
-37.6983 -70.6218 1.92833 0.284988 -37.698 -70.659 1.9292
-37.8723 -70.4534 1.93011 0.160708 -37.698 -70.659 1.9292
-37.8723 -70.4534 1.93011 0.160708 -37.698 -70.659 1.9292
-37.7617 -70.1855 1.93083 0.0330869 -37.698 -70.659 1.9292
-37.7227 -70.3137 1.93639 0.0147315 -37.698 -70.659 1.9292
-37.6983 -70.6218 1.92833 0.284988 -37.698 -70.659 1.9292
-37.5266 -70.7211 1.92883 0.0496945 -37.698 -70.659 1.9292
-37.5057 -70.2702 1.93025 0.0965257 -37.698 -70.659 1.9292
-37.6983 -70.6218 1.92833 0.284988 -37.698 -70.659 1.9292
-37.5266 -70.7211 1.92883 0.0496945 -37.698 -70.659 1.9292
-37.7717 -70.4955 1.92887 0.468344 -37.698 -70.659 1.9292
-37.6983 -70.6218 1.92833 0.284988 -37.698 -70.659 1.9292
-37.6983 -70.6218 1.92833 0.284988 -37.698 -70.659 1.9292
-37.5425 -70.5747 1.93568 0.150872 -37.698 -70.659 1.9292
-37.7717 -70.4955 1.92887 0.468344 -37.698 -70.659 1.9292
-37.8264 -70.4503 1.9207 0.124931 -37.698 -70.659 1.9292
-37.8837 -70.5441 1.93042 0.11407 -37.698 -70.659 1.9292
-37.8264 -70.4503 1.9207 0.124931 -37.698 -70.659 1.9292
-37.7717 -70.4955 1.92887 0.468344 -37.698 -70.659 1.9292
-37.6307 -70.3672 1.91883 0.0269143 -37.698 -70.659 1.9292
-37.7717 -70.4955 1.92887 0.468344 -37.698 -70.659 1.9292
-37.6983 -70.6218 1.92833 0.284988 -37.698 -70.659 1.9292
-37.7717 -70.4955 1.92887 0.468344 -37.698 -70.659 1.9292
-37.7617 -70.1855 1.93083 0.0330869 -37.698 -70.659 1.9292
-37.7717 -70.4955 1.92887 0.468344 -37.698 -70.659 1.9292
-37.5057 -70.2702 1.93025 0.0965257 -37.698 -70.659 1.9292
-37.5837 -70.7396 1.93418 0.068372 -37.698 -70.659 1.9292
-37.8264 -70.4503 1.9207 0.124931 -37.698 -70.659 1.9292
-37.7717 -70.4955 1.92887 0.468344 -37.698 -70.659 1.9292
-37.4775 -70.4615 1.92247 0.0235635 -37.698 -70.659 1.9292
-37.5266 -70.7211 1.92883 0.0496945 -37.698 -70.659 1.9292
-37.7617 -70.1855 1.93083 0.0330869 -37.698 -70.659 1.9292
-37.7111 -70.4991 1.9207 0.0802558 -37.698 -70.659 1.9292
-37.8264 -70.4503 1.9207 0.124931 -37.698 -70.659 1.9292
-37.6985 -70.3706 1.93825 0.00958493 -37.698 -70.659 1.9292
-37.8723 -70.4534 1.93011 0.160708 -37.698 -70.659 1.9292
-37.8364 -70.6672 1.92074 0.0121698 -37.698 -70.659 1.9292
-37.7717 -70.4955 1.92887 0.468344 -37.698 -70.659 1.9292
-37.8723 -70.4534 1.93011 0.160708 -37.698 -70.659 1.9292
-37.6307 -70.3672 1.91883 0.0269143 -37.698 -70.659 1.9292
-37.8837 -70.5441 1.93042 0.11407 -37.698 -70.659 1.9292
-37.7717 -70.4955 1.92887 0.468344 -37.698 -70.659 1.9292
-37.6983 -70.6218 1.92833 0.284988 -37.698 -70.659 1.9292
-37.7717 -70.4955 1.92887 0.468344 -37.698 -70.659 1.9292
-37.8264 -70.4503 1.9207 0.124931 -37.698 -70.659 1.9292
-37.5425 -70.5747 1.93568 0.150872 -37.698 -70.659 1.9292
-37.3465 -70.4645 1.93288 0.0459623 -37.698 -70.659 1.9292
-37.6983 -70.6218 1.92833 0.284988 -37.698 -70.659 1.9292
-37.8264 -70.4503 1.9207 0.124931 -37.698 -70.659 1.9292
-37.6983 -70.6218 1.92833 0.284988 -37.698 -70.659 1.9292
-37.7717 -70.4955 1.92887 0.468344 -37.698 -70.659 1.9292
-37.6983 -70.6218 1.92833 0.284988 -37.698 -70.659 1.9292
-37.7717 -70.4955 1.92887 0.468344 -37.698 -70.659 1.9292
-37.7717 -70.4955 1.92887 0.468344 -37.698 -70.659 1.9292
-37.7717 -70.4955 1.92887 0.468344 -37.698 -70.659 1.9292
-37.7717 -70.4955 1.92887 0.468344 -37.698 -70.659 1.9292
-37.4775 -70.4615 1.92247 0.0235635 -37.698 -70.659 1.9292
-37.8264 -70.4503 1.9207 0.124931 -37.698 -70.659 1.9292
-37.7617 -70.1855 1.93083 0.0330869 -37.698 -70.659 1.9292
-37.5266 -70.7211 1.92883 0.0496945 -37.698 -70.659 1.9292
-37.6983 -70.6218 1.92833 0.284988 -37.698 -70.659 1.9292
-37.5425 -70.5747 1.93568 0.150872 -37.698 -70.659 1.9292
-37.6983 -70.6218 1.92833 0.284988 -37.698 -70.659 1.9292
-37.7717 -70.4955 1.92887 0.468344 -37.698 -70.659 1.9292
-37.7717 -70.4955 1.92887 0.468344 -37.698 -70.659 1.9292
-37.7111 -70.4991 1.9207 0.0802558 -37.698 -70.659 1.9292
-37.5057 -70.2702 1.93025 0.0965257 -37.698 -70.659 1.9292
-37.5709 -70.3726 1.91997 0.0267629 -37.698 -70.659 1.9292
-37.8723 -70.4534 1.93011 0.160708 -37.698 -70.659 1.9292
-37.5057 -70.2702 1.93025 0.0965257 -37.698 -70.659 1.9292
-37.5837 -70.7396 1.93418 0.068372 -37.698 -70.659 1.9292
-37.8723 -70.4534 1.93011 0.160708 -37.698 -70.659 1.9292
-37.8723 -70.4534 1.93011 0.160708 -37.698 -70.659 1.9292
-37.7717 -70.4955 1.92887 0.468344 -37.698 -70.659 1.9292
-37.7111 -70.4991 1.9207 0.0802558 -37.698 -70.659 1.9292
-37.8723 -70.4534 1.93011 0.160708 -37.698 -70.659 1.9292
-37.8264 -70.4503 1.9207 0.124931 -37.698 -70.659 1.9292
-37.6307 -70.3672 1.91883 0.0269143 -37.698 -70.659 1.9292
-37.7717 -70.4955 1.92887 0.468344 -37.698 -70.659 1.9292
-37.7111 -70.4991 1.9207 0.0802558 -37.698 -70.659 1.9292
-37.6983 -70.6218 1.92833 0.284988 -37.698 -70.659 1.9292
-37.7717 -70.4955 1.92887 0.468344 -37.698 -70.659 1.9292
-37.5837 -70.7396 1.93418 0.068372 -37.698 -70.659 1.9292
-37.5425 -70.5747 1.93568 0.150872 -37.698 -70.659 1.9292
-37.7717 -70.4955 1.92887 0.468344 -37.698 -70.659 1.9292
-37.7617 -70.1855 1.93083 0.0330869 -37.698 -70.659 1.9292
-37.6983 -70.6218 1.92833 0.284988 -37.698 -70.659 1.9292
-37.6983 -70.6218 1.92833 0.284988 -37.698 -70.659 1.9292
-37.7717 -70.4955 1.92887 0.468344 -37.698 -70.659 1.9292
-37.8723 -70.4534 1.93011 0.160708 -37.698 -70.659 1.9292
-37.6983 -70.6218 1.92833 0.284988 -37.698 -70.659 1.9292
-37.7717 -70.4955 1.92887 0.468344 -37.698 -70.659 1.9292
-37.6985 -70.3706 1.93825 0.00958493 -37.698 -70.659 1.9292
-37.6983 -70.6218 1.92833 0.284988 -37.698 -70.659 1.9292
-37.5837 -70.7396 1.93418 0.068372 -37.698 -70.659 1.9292
-37.6983 -70.6218 1.92833 0.284988 -37.698 -70.659 1.9292
-37.7717 -70.4955 1.92887 0.468344 -37.698 -70.659 1.9292
-37.3617 -70.7707 1.93445 0.00962006 -37.698 -70.659 1.9292
-37.7111 -70.4991 1.9207 0.0802558 -37.698 -70.659 1.9292
-37.5425 -70.5747 1.93568 0.150872 -37.698 -70.659 1.9292
-37.7717 -70.4955 1.92887 0.468344 -37.698 -70.659 1.9292
-37.9745 -70.2795 1.91627 0.0122457 -37.698 -70.659 1.9292
-37.5837 -70.7396 1.93418 0.068372 -37.698 -70.659 1.9292
-37.7717 -70.4955 1.92887 0.468344 -37.698 -70.659 1.9292
-37.7717 -70.4955 1.92887 0.468344 -37.698 -70.659 1.9292
-37.8723 -70.4534 1.93011 0.160708 -37.698 -70.659 1.9292
-37.8723 -70.4534 1.93011 0.160708 -37.698 -70.659 1.9292
-37.7717 -70.4955 1.92887 0.468344 -37.698 -70.659 1.9292
-37.7111 -70.4991 1.9207 0.0802558 -37.698 -70.659 1.9292
-37.6977 -70.3906 1.91265 0.000338125 -37.698 -70.659 1.9292
-37.8837 -70.5441 1.93042 0.11407 -37.698 -70.659 1.9292
-37.5057 -70.2702 1.93025 0.0965257 -37.698 -70.659 1.9292
-37.8364 -70.6672 1.92074 0.0121698 -37.698 -70.659 1.9292
-37.5425 -70.5747 1.93568 0.150872 -37.698 -70.659 1.9292
-37.8264 -70.4503 1.9207 0.124931 -37.698 -70.659 1.9292
-37.8723 -70.4534 1.93011 0.160708 -37.698 -70.659 1.9292
-37.7111 -70.4991 1.9207 0.0802558 -37.698 -70.659 1.9292
-37.7111 -70.4991 1.9207 0.0802558 -37.698 -70.659 1.9292
-37.7617 -70.1855 1.93083 0.0330869 -37.698 -70.659 1.9292
-37.6983 -70.6218 1.92833 0.284988 -37.698 -70.659 1.9292
-37.7717 -70.4955 1.92887 0.468344 -37.698 -70.659 1.9292
-37.5057 -70.2702 1.93025 0.0965257 -37.698 -70.659 1.9292
-37.6983 -70.6218 1.92833 0.284988 -37.698 -70.659 1.9292
-37.7717 -70.4955 1.92887 0.468344 -37.698 -70.659 1.9292
-37.7717 -70.4955 1.92887 0.468344 -37.698 -70.659 1.9292
-37.7717 -70.4955 1.92887 0.468344 -37.698 -70.659 1.9292
-37.6983 -70.6218 1.92833 0.284988 -37.698 -70.659 1.9292
-37.8264 -70.4503 1.9207 0.124931 -37.698 -70.659 1.9292
-37.7717 -70.4955 1.92887 0.468344 -37.698 -70.659 1.9292
-37.5709 -70.3726 1.91997 0.0267629 -37.698 -70.659 1.9292
-37.8723 -70.4534 1.93011 0.160708 -37.698 -70.659 1.9292
-37.6983 -70.6218 1.92833 0.284988 -37.698 -70.659 1.9292
