49.4032 -63.7574 3.93785 0.55575 49.345 -63.96 3.937
49.4979 -64.042 3.9336 0.696513 49.345 -63.96 3.937
49.4883 -63.9575 3.94225 0.663045 49.345 -63.96 3.937
49.4032 -63.7574 3.93785 0.55575 49.345 -63.96 3.937
49.4032 -63.7574 3.93785 0.55575 49.345 -63.96 3.937
49.5427 -63.7773 3.94643 0.0365896 49.345 -63.96 3.937
49.363 -63.9685 3.93521 2.98427 49.345 -63.96 3.937
49.471 -63.8923 3.93472 1.2131 49.345 -63.96 3.937
49.5149 -63.8751 3.93551 0.769519 49.345 -63.96 3.937
49.363 -63.9685 3.93521 2.98427 49.345 -63.96 3.937
49.2217 -64.1635 3.93868 0.0411247 49.345 -63.96 3.937
49.2355 -64.1356 3.93337 0.317075 49.345 -63.96 3.937
49.471 -63.8923 3.93472 1.2131 49.345 -63.96 3.937
49.363 -63.9685 3.93521 2.98427 49.345 -63.96 3.937
49.5149 -63.8751 3.93551 0.769519 49.345 -63.96 3.937
49.5734 -64.0365 3.93826 0.361144 49.345 -63.96 3.937
49.471 -63.8923 3.93472 1.2131 49.345 -63.96 3.937
49.363 -63.9685 3.93521 2.98427 49.345 -63.96 3.937
49.2395 -63.7866 3.93482 0.243299 49.345 -63.96 3.937
49.363 -63.9685 3.93521 2.98427 49.345 -63.96 3.937
49.3952 -63.7516 3.93858 0.516173 49.345 -63.96 3.937
49.4642 -64.0245 3.9342 1.35139 49.345 -63.96 3.937
49.363 -63.9685 3.93521 2.98427 49.345 -63.96 3.937
49.363 -63.9685 3.93521 2.98427 49.345 -63.96 3.937
49.5442 -64.143 3.93306 0.090164 49.345 -63.96 3.937
49.4642 -64.0245 3.9342 1.35139 49.345 -63.96 3.937
49.3103 -64.192 3.93981 0.0371001 49.345 -63.96 3.937
49.417 -63.9496 3.94035 1.77891 49.345 -63.96 3.937
49.4883 -63.9575 3.94225 0.663045 49.345 -63.96 3.937
49.4979 -64.042 3.9336 0.696513 49.345 -63.96 3.937
49.4642 -64.0245 3.9342 1.35139 49.345 -63.96 3.937
49.2355 -64.1356 3.93337 0.317075 49.345 -63.96 3.937
49.3196 -64.1031 3.94077 0.178952 49.345 -63.96 3.937
49.5129 -63.8932 3.93517 0.831638 49.345 -63.96 3.937
49.363 -63.9685 3.93521 2.98427 49.345 -63.96 3.937
49.4493 -64.1384 3.93008 0.132721 49.345 -63.96 3.937
49.4883 -63.9575 3.94225 0.663045 49.345 -63.96 3.937
49.2355 -64.1356 3.93337 0.317075 49.345 -63.96 3.937
49.417 -63.9496 3.94035 1.77891 49.345 -63.96 3.937
49.363 -63.9685 3.93521 2.98427 49.345 -63.96 3.937
49.471 -63.8923 3.93472 1.2131 49.345 -63.96 3.937
49.417 -63.9496 3.94035 1.77891 49.345 -63.96 3.937
49.5149 -63.8751 3.93551 0.769519 49.345 -63.96 3.937
49.4642 -64.0245 3.9342 1.35139 49.345 -63.96 3.937
49.4642 -64.0245 3.9342 1.35139 49.345 -63.96 3.937
49.471 -63.8923 3.93472 1.2131 49.345 -63.96 3.937
49.417 -63.9496 3.94035 1.77891 49.345 -63.96 3.937
49.417 -63.9496 3.94035 1.77891 49.345 -63.96 3.937
49.417 -63.9496 3.94035 1.77891 49.345 -63.96 3.937
49.417 -63.9496 3.94035 1.77891 49.345 -63.96 3.937
49.5129 -63.8932 3.93517 0.831638 49.345 -63.96 3.937
49.4386 -64.1911 3.93701 0.147306 49.345 -63.96 3.937
49.1959 -63.945 3.94129 0.106797 49.345 -63.96 3.937
49.4032 -63.7574 3.93785 0.55575 49.345 -63.96 3.937
49.417 -63.9496 3.94035 1.77891 49.345 -63.96 3.937
49.5149 -63.8751 3.93551 0.769519 49.345 -63.96 3.937
49.471 -63.8923 3.93472 1.2131 49.345 -63.96 3.937
49.363 -63.9685 3.93521 2.98427 49.345 -63.96 3.937
49.4883 -63.9575 3.94225 0.663045 49.345 -63.96 3.937
49.4642 -64.0245 3.9342 1.35139 49.345 -63.96 3.937
49.4642 -64.0245 3.9342 1.35139 49.345 -63.96 3.937
49.471 -63.8923 3.93472 1.2131 49.345 -63.96 3.937
49.417 -63.9496 3.94035 1.77891 49.345 -63.96 3.937
49.3577 -63.7139 3.93909 0.22093 49.345 -63.96 3.937
49.2395 -63.7866 3.93482 0.243299 49.345 -63.96 3.937
49.3952 -63.7516 3.93858 0.516173 49.345 -63.96 3.937
49.3366 -64.2116 3.92916 0.057586 49.345 -63.96 3.937
49.4642 -64.0245 3.9342 1.35139 49.345 -63.96 3.937
49.4493 -64.1384 3.93008 0.132721 49.345 -63.96 3.937
49.4979 -64.042 3.9336 0.696513 49.345 -63.96 3.937
49.3952 -63.7516 3.93858 0.516173 49.345 -63.96 3.937
49.3107 -63.8631 3.94691 0.0161027 49.345 -63.96 3.937
49.363 -63.9685 3.93521 2.98427 49.345 -63.96 3.937
49.4883 -63.9575 3.94225 0.663045 49.345 -63.96 3.937
49.3952 -63.7516 3.93858 0.516173 49.345 -63.96 3.937
49.2518 -63.7591 3.93301 0.0939716 49.345 -63.96 3.937
49.471 -63.8923 3.93472 1.2131 49.345 -63.96 3.937
49.417 -63.9496 3.94035 1.77891 49.345 -63.96 3.937
49.4642 -64.0245 3.9342 1.35139 49.345 -63.96 3.937
49.5129 -63.8932 3.93517 0.831638 49.345 -63.96 3.937
49.4032 -63.7574 3.93785 0.55575 49.345 -63.96 3.937
49.363 -63.9685 3.93521 2.98427 49.345 -63.96 3.937
49.3847 -64.2596 3.93252 0.0402461 49.345 -63.96 3.937
49.4642 -64.0245 3.9342 1.35139 49.345 -63.96 3.937
49.1967 -64.1585 3.93655 0.0710528 49.345 -63.96 3.937
49.5129 -63.8932 3.93517 0.831638 49.345 -63.96 3.937
49.4642 -64.0245 3.9342 1.35139 49.345 -63.96 3.937
49.5734 -64.0365 3.93826 0.361144 49.345 -63.96 3.937
49.3866 -63.7045 3.94211 0.126659 49.345 -63.96 3.937
49.363 -63.9685 3.93521 2.98427 49.345 -63.96 3.937
49.471 -63.8923 3.93472 1.2131 49.345 -63.96 3.937
49.2355 -64.1356 3.93337 0.317075 49.345 -63.96 3.937
49.417 -63.9496 3.94035 1.77891 49.345 -63.96 3.937
49.471 -63.8923 3.93472 1.2131 49.345 -63.96 3.937
49.363 -63.9685 3.93521 2.98427 49.345 -63.96 3.937
49.363 -63.9685 3.93521 2.98427 49.345 -63.96 3.937
49.3082 -63.911 3.94332 0.243958 49.345 -63.96 3.937
49.471 -63.8923 3.93472 1.2131 49.345 -63.96 3.937
49.4858 -64.1151 3.93361 0.397057 49.345 -63.96 3.937
49.363 -63.9685 3.93521 2.98427 49.345 -63.96 3.937
49.363 -63.9685 3.93521 2.98427 49.345 -63.96 3.937
49.471 -63.8923 3.93472 1.2131 49.345 -63.96 3.937
49.363 -63.9685 3.93521 2.98427 49.345 -63.96 3.937
49.4858 -64.1151 3.93361 0.397057 49.345 -63.96 3.937
49.4883 -63.9575 3.94225 0.663045 49.345 -63.96 3.937
49.4883 -63.9575 3.94225 0.663045 49.345 -63.96 3.937
49.471 -63.8923 3.93472 1.2131 49.345 -63.96 3.937
49.1959 -63.945 3.94129 0.106797 49.345 -63.96 3.937
49.6073 -63.9946 3.93675 0.23605 49.345 -63.96 3.937
49.417 -63.9496 3.94035 1.77891 49.345 -63.96 3.937
49.3196 -64.1031 3.94077 0.178952 49.345 -63.96 3.937
49.417 -63.9496 3.94035 1.77891 49.345 -63.96 3.937
49.243 -64.1584 3.9349 0.213682 49.345 -63.96 3.937
49.4642 -64.0245 3.9342 1.35139 49.345 -63.96 3.937
49.3082 -63.911 3.94332 0.243958 49.345 -63.96 3.937
49.4493 -64.1384 3.93008 0.132721 49.345 -63.96 3.937
49.2395 -63.7866 3.93482 0.243299 49.345 -63.96 3.937
49.5734 -64.0365 3.93826 0.361144 49.345 -63.96 3.937
49.363 -63.9685 3.93521 2.98427 49.345 -63.96 3.937
49.363 -63.9685 3.93521 2.98427 49.345 -63.96 3.937
49.363 -63.9685 3.93521 2.98427 49.345 -63.96 3.937
49.3577 -63.7139 3.93909 0.22093 49.345 -63.96 3.937
49.363 -63.9685 3.93521 2.98427 49.345 -63.96 3.937
49.3952 -63.7516 3.93858 0.516173 49.345 -63.96 3.937
49.5481 -64.061 3.93778 0.438096 49.345 -63.96 3.937
49.3196 -64.1031 3.94077 0.178952 49.345 -63.96 3.937
49.3082 -63.911 3.94332 0.243958 49.345 -63.96 3.937
49.363 -63.9685 3.93521 2.98427 49.345 -63.96 3.937
49.3952 -63.7516 3.93858 0.516173 49.345 -63.96 3.937
49.4642 -64.0245 3.9342 1.35139 49.345 -63.96 3.937
49.5149 -63.8751 3.93551 0.769519 49.345 -63.96 3.937
49.5129 -63.8932 3.93517 0.831638 49.345 -63.96 3.937
49.4642 -64.0245 3.9342 1.35139 49.345 -63.96 3.937
49.417 -63.9496 3.94035 1.77891 49.345 -63.96 3.937
49.5129 -63.8932 3.93517 0.831638 49.345 -63.96 3.937
49.471 -63.8923 3.93472 1.2131 49.345 -63.96 3.937
49.3952 -63.7516 3.93858 0.516173 49.345 -63.96 3.937
49.2518 -63.7591 3.93301 0.0939716 49.345 -63.96 3.937
49.363 -63.9685 3.93521 2.98427 49.345 -63.96 3.937
49.363 -63.9685 3.93521 2.98427 49.345 -63.96 3.937
49.4979 -64.042 3.9336 0.696513 49.345 -63.96 3.937
49.4979 -64.042 3.9336 0.696513 49.345 -63.96 3.937
49.4493 -64.1384 3.93008 0.132721 49.345 -63.96 3.937
49.3196 -64.1031 3.94077 0.178952 49.345 -63.96 3.937
49.1959 -63.945 3.94129 0.106797 49.345 -63.96 3.937
49.363 -63.9685 3.93521 2.98427 49.345 -63.96 3.937
49.417 -63.9496 3.94035 1.77891 49.345 -63.96 3.937
49.363 -63.9685 3.93521 2.98427 49.345 -63.96 3.937
49.4493 -64.1384 3.93008 0.132721 49.345 -63.96 3.937
49.4158 -63.745 3.94419 0.124827 49.345 -63.96 3.937
49.5149 -63.8751 3.93551 0.769519 49.345 -63.96 3.937
49.363 -63.9685 3.93521 2.98427 49.345 -63.96 3.937
49.363 -63.9685 3.93521 2.98427 49.345 -63.96 3.937
49.5481 -64.061 3.93778 0.438096 49.345 -63.96 3.937
49.4032 -63.7574 3.93785 0.55575 49.345 -63.96 3.937
49.363 -63.9685 3.93521 2.98427 49.345 -63.96 3.937
49.2355 -64.1356 3.93337 0.317075 49.345 -63.96 3.937
49.417 -63.9496 3.94035 1.77891 49.345 -63.96 3.937
49.471 -63.8923 3.93472 1.2131 49.345 -63.96 3.937
49.3866 -63.7045 3.94211 0.126659 49.345 -63.96 3.937
49.3952 -63.7516 3.93858 0.516173 49.345 -63.96 3.937
49.363 -63.9685 3.93521 2.98427 49.345 -63.96 3.937
49.417 -63.9496 3.94035 1.77891 49.345 -63.96 3.937
49.5149 -63.8751 3.93551 0.769519 49.345 -63.96 3.937
49.5129 -63.8932 3.93517 0.831638 49.345 -63.96 3.937
49.4883 -63.9575 3.94225 0.663045 49.345 -63.96 3.937
49.4979 -64.042 3.9336 0.696513 49.345 -63.96 3.937
49.4979 -64.042 3.9336 0.696513 49.345 -63.96 3.937
49.363 -63.9685 3.93521 2.98427 49.345 -63.96 3.937
49.5129 -63.8932 3.93517 0.831638 49.345 -63.96 3.937
49.1967 -64.1585 3.93655 0.0710528 49.345 -63.96 3.937
49.3196 -64.1031 3.94077 0.178952 49.345 -63.96 3.937
49.4979 -64.042 3.9336 0.696513 49.345 -63.96 3.937
49.4883 -63.9575 3.94225 0.663045 49.345 -63.96 3.937
49.363 -63.9685 3.93521 2.98427 49.345 -63.96 3.937
49.5129 -63.8932 3.93517 0.831638 49.345 -63.96 3.937
49.363 -63.9685 3.93521 2.98427 49.345 -63.96 3.937
49.4032 -63.7574 3.93785 0.55575 49.345 -63.96 3.937
49.2355 -64.1356 3.93337 0.317075 49.345 -63.96 3.937
49.4032 -63.7574 3.93785 0.55575 49.345 -63.96 3.937
49.4858 -64.1151 3.93361 0.397057 49.345 -63.96 3.937
49.5149 -63.8751 3.93551 0.769519 49.345 -63.96 3.937
49.417 -63.9496 3.94035 1.77891 49.345 -63.96 3.937
49.4032 -63.7574 3.93785 0.55575 49.345 -63.96 3.937
49.417 -63.9496 3.94035 1.77891 49.345 -63.96 3.937
49.3952 -63.7516 3.93858 0.516173 49.345 -63.96 3.937
49.4979 -64.042 3.9336 0.696513 49.345 -63.96 3.937
49.5734 -64.0365 3.93826 0.361144 49.345 -63.96 3.937
49.4642 -64.0245 3.9342 1.35139 49.345 -63.96 3.937
49.4642 -64.0245 3.9342 1.35139 49.345 -63.96 3.937
49.2355 -64.1356 3.93337 0.317075 49.345 -63.96 3.937
49.5149 -63.8751 3.93551 0.769519 49.345 -63.96 3.937
49.5149 -63.8751 3.93551 0.769519 49.345 -63.96 3.937
49.4858 -64.1151 3.93361 0.397057 49.345 -63.96 3.937
49.417 -63.9496 3.94035 1.77891 49.345 -63.96 3.937
49.4642 -64.0245 3.9342 1.35139 49.345 -63.96 3.937
49.417 -63.9496 3.94035 1.77891 49.345 -63.96 3.937
49.5149 -63.8751 3.93551 0.769519 49.345 -63.96 3.937
49.5734 -64.0365 3.93826 0.361144 49.345 -63.96 3.937
49.4642 -64.0245 3.9342 1.35139 49.345 -63.96 3.937
