-37.7789 -71.6953 1.94749 0.00506623 -37.438 -71.39 1.9484
-37.6213 -71.5264 1.94672 0.0139552 -37.438 -71.39 1.9484
-37.3698 -71.5523 1.95265 0.00421246 -37.438 -71.39 1.9484
-37.6213 -71.5264 1.94672 0.0139552 -37.438 -71.39 1.9484
-37.57 -71.3809 1.94117 0.00229829 -37.438 -71.39 1.9484
-37.7454 -71.6424 1.947 0.00856504 -37.438 -71.39 1.9484
-37.6032 -71.682 1.94404 0.0124398 -37.438 -71.39 1.9484
-37.5145 -71.6797 1.94563 0.0142088 -37.438 -71.39 1.9484
-37.6213 -71.5264 1.94672 0.0139552 -37.438 -71.39 1.9484
-37.7149 -71.6535 1.95118 0.00424407 -37.438 -71.39 1.9484
-37.4457 -71.8071 1.94783 0.00675892 -37.438 -71.39 1.9484
-37.7789 -71.6953 1.94749 0.00506623 -37.438 -71.39 1.9484
-37.6213 -71.5264 1.94672 0.0139552 -37.438 -71.39 1.9484
-37.6032 -71.682 1.94404 0.0124398 -37.438 -71.39 1.9484
-37.78 -71.3741 1.94355 0.00181145 -37.438 -71.39 1.9484
-37.5709 -71.5632 1.95102 0.00934232 -37.438 -71.39 1.9484
-37.3698 -71.5523 1.95265 0.00421246 -37.438 -71.39 1.9484
-37.5145 -71.6797 1.94563 0.0142088 -37.438 -71.39 1.9484
-37.7789 -71.6953 1.94749 0.00506623 -37.438 -71.39 1.9484
-37.6213 -71.5264 1.94672 0.0139552 -37.438 -71.39 1.9484
-37.6617 -71.5462 1.94524 0.0140487 -37.438 -71.39 1.9484
-37.6032 -71.682 1.94404 0.0124398 -37.438 -71.39 1.9484
-37.5843 -71.5785 1.94256 0.0102197 -37.438 -71.39 1.9484
-37.5843 -71.5785 1.94256 0.0102197 -37.438 -71.39 1.9484
-37.6308 -71.7893 1.95691 0.000619966 -37.438 -71.39 1.9484
-37.5709 -71.5632 1.95102 0.00934232 -37.438 -71.39 1.9484
-37.7149 -71.6535 1.95118 0.00424407 -37.438 -71.39 1.9484
-37.5843 -71.5785 1.94256 0.0102197 -37.438 -71.39 1.9484
-37.6436 -71.5184 1.94565 0.0131007 -37.438 -71.39 1.9484
-37.8083 -71.7691 1.94436 0.00251043 -37.438 -71.39 1.9484
-37.5145 -71.6797 1.94563 0.0142088 -37.438 -71.39 1.9484
-37.4897 -71.5601 1.95247 0.00675857 -37.438 -71.39 1.9484
-37.6741 -71.6773 1.94962 0.0101606 -37.438 -71.39 1.9484
-37.8433 -71.6627 1.94519 0.0031158 -37.438 -71.39 1.9484
-37.6032 -71.682 1.94404 0.0124398 -37.438 -71.39 1.9484
-37.4457 -71.8071 1.94783 0.00675892 -37.438 -71.39 1.9484
-37.6317 -71.3358 1.94947 0.000744969 -37.438 -71.39 1.9484
-37.6213 -71.5264 1.94672 0.0139552 -37.438 -71.39 1.9484
-37.7789 -71.6953 1.94749 0.00506623 -37.438 -71.39 1.9484
-37.4731 -71.4674 1.94839 0.00682768 -37.438 -71.39 1.9484
-37.6617 -71.5462 1.94524 0.0140487 -37.438 -71.39 1.9484
-37.5145 -71.6797 1.94563 0.0142088 -37.438 -71.39 1.9484
-37.6617 -71.5462 1.94524 0.0140487 -37.438 -71.39 1.9484
-37.5145 -71.6797 1.94563 0.0142088 -37.438 -71.39 1.9484
-37.5145 -71.6797 1.94563 0.0142088 -37.438 -71.39 1.9484
-37.7074 -71.5812 1.94194 0.00856889 -37.438 -71.39 1.9484
-37.6213 -71.5264 1.94672 0.0139552 -37.438 -71.39 1.9484
-37.7193 -71.6861 1.94892 0.00774508 -37.438 -71.39 1.9484
-37.7454 -71.6424 1.947 0.00856504 -37.438 -71.39 1.9484
-37.6213 -71.5264 1.94672 0.0139552 -37.438 -71.39 1.9484
-37.8629 -71.6663 1.94782 0.00149371 -37.438 -71.39 1.9484
-37.2545 -71.724 1.95167 0.00246902 -37.438 -71.39 1.9484
-37.8433 -71.6627 1.94519 0.0031158 -37.438 -71.39 1.9484
-37.6617 -71.5462 1.94524 0.0140487 -37.438 -71.39 1.9484
-37.8591 -71.503 1.93952 0.00171995 -37.438 -71.39 1.9484
-37.5843 -71.5785 1.94256 0.0102197 -37.438 -71.39 1.9484
-37.6617 -71.5462 1.94524 0.0140487 -37.438 -71.39 1.9484
-37.5679 -71.6884 1.9539 0.0054799 -37.438 -71.39 1.9484
-37.6213 -71.5264 1.94672 0.0139552 -37.438 -71.39 1.9484
-37.4731 -71.4674 1.94839 0.00682768 -37.438 -71.39 1.9484
-37.5145 -71.6797 1.94563 0.0142088 -37.438 -71.39 1.9484
-37.5993 -71.3097 1.94039 0.000902103 -37.438 -71.39 1.9484
-37.6617 -71.5462 1.94524 0.0140487 -37.438 -71.39 1.9484
-37.6213 -71.5264 1.94672 0.0139552 -37.438 -71.39 1.9484
-37.5145 -71.6797 1.94563 0.0142088 -37.438 -71.39 1.9484
-37.6617 -71.5462 1.94524 0.0140487 -37.438 -71.39 1.9484
-37.7193 -71.6861 1.94892 0.00774508 -37.438 -71.39 1.9484
-37.6741 -71.6773 1.94962 0.0101606 -37.438 -71.39 1.9484
-37.6741 -71.6773 1.94962 0.0101606 -37.438 -71.39 1.9484
-37.296 -71.631 1.94298 0.000504486 -37.438 -71.39 1.9484
-37.7149 -71.6535 1.95118 0.00424407 -37.438 -71.39 1.9484
-37.574 -71.8881 1.95703 0.000623283 -37.438 -71.39 1.9484
-37.7789 -71.6953 1.94749 0.00506623 -37.438 -71.39 1.9484
-37.6308 -71.7893 1.95691 0.000619966 -37.438 -71.39 1.9484
-37.5843 -71.5785 1.94256 0.0102197 -37.438 -71.39 1.9484
-37.7332 -71.5052 1.94853 0.00419231 -37.438 -71.39 1.9484
-37.4731 -71.4674 1.94839 0.00682768 -37.438 -71.39 1.9484
-37.6741 -71.6773 1.94962 0.0101606 -37.438 -71.39 1.9484
-37.4897 -71.5601 1.95247 0.00675857 -37.438 -71.39 1.9484
-37.7149 -71.6535 1.95118 0.00424407 -37.438 -71.39 1.9484
-37.6213 -71.5264 1.94672 0.0139552 -37.438 -71.39 1.9484
-37.5709 -71.5632 1.95102 0.00934232 -37.438 -71.39 1.9484
-37.4897 -71.5601 1.95247 0.00675857 -37.438 -71.39 1.9484
-37.6032 -71.682 1.94404 0.0124398 -37.438 -71.39 1.9484
-37.4731 -71.4674 1.94839 0.00682768 -37.438 -71.39 1.9484
-37.6617 -71.5462 1.94524 0.0140487 -37.438 -71.39 1.9484
-37.6213 -71.5264 1.94672 0.0139552 -37.438 -71.39 1.9484
-37.7149 -71.6535 1.95118 0.00424407 -37.438 -71.39 1.9484
-37.9573 -71.3942 1.93612 0.000150327 -37.438 -71.39 1.9484
-37.3521 -71.7483 1.95501 0.00396336 -37.438 -71.39 1.9484
-37.3698 -71.5523 1.95265 0.00421246 -37.438 -71.39 1.9484
-37.6436 -71.5184 1.94565 0.0131007 -37.438 -71.39 1.9484
-37.8591 -71.503 1.93952 0.00171995 -37.438 -71.39 1.9484
-37.7149 -71.6535 1.95118 0.00424407 -37.438 -71.39 1.9484
-37.5145 -71.6797 1.94563 0.0142088 -37.438 -71.39 1.9484
-37.8629 -71.6663 1.94782 0.00149371 -37.438 -71.39 1.9484
-37.6032 -71.682 1.94404 0.0124398 -37.438 -71.39 1.9484
-37.5145 -71.6797 1.94563 0.0142088 -37.438 -71.39 1.9484
-37.5501 -71.5485 1.93852 0.00147989 -37.438 -71.39 1.9484
-37.3521 -71.7483 1.95501 0.00396336 -37.438 -71.39 1.9484
-37.7074 -71.5812 1.94194 0.00856889 -37.438 -71.39 1.9484
-37.296 -71.631 1.94298 0.000504486 -37.438 -71.39 1.9484
-37.6213 -71.5264 1.94672 0.0139552 -37.438 -71.39 1.9484
-37.6617 -71.5462 1.94524 0.0140487 -37.438 -71.39 1.9484
-37.57 -71.3809 1.94117 0.00229829 -37.438 -71.39 1.9484
-37.57 -71.3809 1.94117 0.00229829 -37.438 -71.39 1.9484
-37.5145 -71.6797 1.94563 0.0142088 -37.438 -71.39 1.9484
-37.521 -71.77 1.9514 0.0112657 -37.438 -71.39 1.9484
-37.7454 -71.6424 1.947 0.00856504 -37.438 -71.39 1.9484
-37.5709 -71.5632 1.95102 0.00934232 -37.438 -71.39 1.9484
-37.6617 -71.5462 1.94524 0.0140487 -37.438 -71.39 1.9484
-37.6617 -71.5462 1.94524 0.0140487 -37.438 -71.39 1.9484
-37.2545 -71.724 1.95167 0.00246902 -37.438 -71.39 1.9484
-37.8433 -71.6627 1.94519 0.0031158 -37.438 -71.39 1.9484
-37.521 -71.77 1.9514 0.0112657 -37.438 -71.39 1.9484
-37.7074 -71.5812 1.94194 0.00856889 -37.438 -71.39 1.9484
-37.6617 -71.5462 1.94524 0.0140487 -37.438 -71.39 1.9484
-37.4731 -71.4674 1.94839 0.00682768 -37.438 -71.39 1.9484
-37.4897 -71.5601 1.95247 0.00675857 -37.438 -71.39 1.9484
-37.6617 -71.5462 1.94524 0.0140487 -37.438 -71.39 1.9484
-37.7789 -71.6953 1.94749 0.00506623 -37.438 -71.39 1.9484
-37.7193 -71.6861 1.94892 0.00774508 -37.438 -71.39 1.9484
-37.4457 -71.8071 1.94783 0.00675892 -37.438 -71.39 1.9484
-37.4457 -71.8071 1.94783 0.00675892 -37.438 -71.39 1.9484
-37.6436 -71.5184 1.94565 0.0131007 -37.438 -71.39 1.9484
-37.5145 -71.6797 1.94563 0.0142088 -37.438 -71.39 1.9484
-37.5843 -71.5785 1.94256 0.0102197 -37.438 -71.39 1.9484
-37.935 -71.6424 1.94068 0.000735161 -37.438 -71.39 1.9484
-37.6617 -71.5462 1.94524 0.0140487 -37.438 -71.39 1.9484
-37.521 -71.77 1.9514 0.0112657 -37.438 -71.39 1.9484
-37.6213 -71.5264 1.94672 0.0139552 -37.438 -71.39 1.9484
-37.8433 -71.6627 1.94519 0.0031158 -37.438 -71.39 1.9484
-37.3521 -71.7483 1.95501 0.00396336 -37.438 -71.39 1.9484
-37.6032 -71.682 1.94404 0.0124398 -37.438 -71.39 1.9484
-37.521 -71.77 1.9514 0.0112657 -37.438 -71.39 1.9484
-37.5145 -71.6797 1.94563 0.0142088 -37.438 -71.39 1.9484
-37.4457 -71.8071 1.94783 0.00675892 -37.438 -71.39 1.9484
-37.6213 -71.5264 1.94672 0.0139552 -37.438 -71.39 1.9484
-37.5843 -71.5785 1.94256 0.0102197 -37.438 -71.39 1.9484
-37.521 -71.77 1.9514 0.0112657 -37.438 -71.39 1.9484
-37.5145 -71.6797 1.94563 0.0142088 -37.438 -71.39 1.9484
-37.2508 -71.5134 1.95314 0.000864645 -37.438 -71.39 1.9484
-37.7193 -71.6861 1.94892 0.00774508 -37.438 -71.39 1.9484
-37.5145 -71.6797 1.94563 0.0142088 -37.438 -71.39 1.9484
-37.5709 -71.5632 1.95102 0.00934232 -37.438 -71.39 1.9484
-37.6032 -71.682 1.94404 0.0124398 -37.438 -71.39 1.9484
-37.6032 -71.682 1.94404 0.0124398 -37.438 -71.39 1.9484
-37.3698 -71.5523 1.95265 0.00421246 -37.438 -71.39 1.9484
-37.4457 -71.8071 1.94783 0.00675892 -37.438 -71.39 1.9484
-37.6436 -71.5184 1.94565 0.0131007 -37.438 -71.39 1.9484
-37.6617 -71.5462 1.94524 0.0140487 -37.438 -71.39 1.9484
-37.7789 -71.6953 1.94749 0.00506623 -37.438 -71.39 1.9484
-37.4897 -71.5601 1.95247 0.00675857 -37.438 -71.39 1.9484
-37.5145 -71.6797 1.94563 0.0142088 -37.438 -71.39 1.9484
-37.3521 -71.7483 1.95501 0.00396336 -37.438 -71.39 1.9484
-37.924 -71.5866 1.93796 0.000548586 -37.438 -71.39 1.9484
-37.4897 -71.5601 1.95247 0.00675857 -37.438 -71.39 1.9484
-37.7074 -71.5812 1.94194 0.00856889 -37.438 -71.39 1.9484
-37.4457 -71.8071 1.94783 0.00675892 -37.438 -71.39 1.9484
-37.6213 -71.5264 1.94672 0.0139552 -37.438 -71.39 1.9484
-37.7454 -71.6424 1.947 0.00856504 -37.438 -71.39 1.9484
-37.7149 -71.6535 1.95118 0.00424407 -37.438 -71.39 1.9484
-37.5679 -71.6884 1.9539 0.0054799 -37.438 -71.39 1.9484
-37.4731 -71.4674 1.94839 0.00682768 -37.438 -71.39 1.9484
-37.6436 -71.5184 1.94565 0.0131007 -37.438 -71.39 1.9484
-37.4731 -71.4674 1.94839 0.00682768 -37.438 -71.39 1.9484
-37.4365 -71.6265 1.95359 0.00671389 -37.438 -71.39 1.9484
-37.4731 -71.4674 1.94839 0.00682768 -37.438 -71.39 1.9484
-37.8698 -71.37 1.94101 0.000750102 -37.438 -71.39 1.9484
-37.7193 -71.6861 1.94892 0.00774508 -37.438 -71.39 1.9484
-37.7193 -71.6861 1.94892 0.00774508 -37.438 -71.39 1.9484
-37.521 -71.77 1.9514 0.0112657 -37.438 -71.39 1.9484
-37.5843 -71.5785 1.94256 0.0102197 -37.438 -71.39 1.9484
-37.6608 -71.2572 1.94453 0.000521058 -37.438 -71.39 1.9484
-37.8433 -71.6627 1.94519 0.0031158 -37.438 -71.39 1.9484
-37.521 -71.77 1.9514 0.0112657 -37.438 -71.39 1.9484
-37.4897 -71.5601 1.95247 0.00675857 -37.438 -71.39 1.9484
-37.6617 -71.5462 1.94524 0.0140487 -37.438 -71.39 1.9484
-37.5993 -71.3097 1.94039 0.000902103 -37.438 -71.39 1.9484
-37.7332 -71.5052 1.94853 0.00419231 -37.438 -71.39 1.9484
-37.6436 -71.5184 1.94565 0.0131007 -37.438 -71.39 1.9484
-37.6213 -71.5264 1.94672 0.0139552 -37.438 -71.39 1.9484
-37.4897 -71.5601 1.95247 0.00675857 -37.438 -71.39 1.9484
-37.5993 -71.3097 1.94039 0.000902103 -37.438 -71.39 1.9484
-37.6617 -71.5462 1.94524 0.0140487 -37.438 -71.39 1.9484
-37.521 -71.77 1.9514 0.0112657 -37.438 -71.39 1.9484
-37.7193 -71.6861 1.94892 0.00774508 -37.438 -71.39 1.9484
-37.6032 -71.682 1.94404 0.0124398 -37.438 -71.39 1.9484
-37.78 -71.3741 1.94355 0.00181145 -37.438 -71.39 1.9484
-37.8083 -71.7691 1.94436 0.00251043 -37.438 -71.39 1.9484
-37.6213 -71.5264 1.94672 0.0139552 -37.438 -71.39 1.9484
-37.6436 -71.5184 1.94565 0.0131007 -37.438 -71.39 1.9484
-37.5145 -71.6797 1.94563 0.0142088 -37.438 -71.39 1.9484
-37.5145 -71.6797 1.94563 0.0142088 -37.438 -71.39 1.9484
-37.6032 -71.682 1.94404 0.0124398 -37.438 -71.39 1.9484
-37.273 -71.8529 1.94698 0.000451708 -37.438 -71.39 1.9484
-37.7454 -71.6424 1.947 0.00856504 -37.438 -71.39 1.9484
-37.6741 -71.6773 1.94962 0.0101606 -37.438 -71.39 1.9484
-37.5709 -71.5632 1.95102 0.00934232 -37.438 -71.39 1.9484
-37.4731 -71.4674 1.94839 0.00682768 -37.438 -71.39 1.9484
