73.1665 15.9309 0.101537 0.172454 73.264 15.807 0.10058
73.3896 15.4728 0.094966 0.0090183 73.264 15.807 0.10058
73.1665 15.9309 0.101537 0.172454 73.264 15.807 0.10058
73.2537 15.9692 0.104635 0.486961 73.264 15.807 0.10058
73.4784 15.511 0.102457 0.0513221 73.264 15.807 0.10058
73.712 15.8704 0.096734 0.095776 73.264 15.807 0.10058
73.6616 15.7464 0.104069 0.197325 73.264 15.807 0.10058
73.3853 15.8754 0.112174 0.488574 73.264 15.807 0.10058
73.2537 15.9692 0.104635 0.486961 73.264 15.807 0.10058
73.5639 15.9679 0.10348 0.543644 73.264 15.807 0.10058
73.2663 15.9969 0.107955 0.472685 73.264 15.807 0.10058
73.2663 15.9969 0.107955 0.472685 73.264 15.807 0.10058
73.3717 15.8788 0.1029 0.940394 73.264 15.807 0.10058
73.3853 15.8754 0.112174 0.488574 73.264 15.807 0.10058
73.5136 15.6307 0.111999 0.072872 73.264 15.807 0.10058
73.3074 15.7917 0.119683 0.0319265 73.264 15.807 0.10058
73.4665 16.1299 0.09686 0.0807939 73.264 15.807 0.10058
73.537 16.1845 0.105008 0.0937888 73.264 15.807 0.10058
73.5299 15.6957 0.10439 0.388163 73.264 15.807 0.10058
73.3727 15.9629 0.104826 0.866081 73.264 15.807 0.10058
73.2286 16.0433 0.115157 0.099812 73.264 15.807 0.10058
73.2839 15.9182 0.100205 0.425993 73.264 15.807 0.10058
73.3727 15.9629 0.104826 0.866081 73.264 15.807 0.10058
73.2663 15.9969 0.107955 0.472685 73.264 15.807 0.10058
73.5299 15.6957 0.10439 0.388163 73.264 15.807 0.10058
73.2839 15.9182 0.100205 0.425993 73.264 15.807 0.10058
73.1817 15.9546 0.10997 0.256281 73.264 15.807 0.10058
73.1031 15.7593 0.105402 0.0919811 73.264 15.807 0.10058
73.3853 15.8754 0.112174 0.488574 73.264 15.807 0.10058
73.3717 15.8788 0.1029 0.940394 73.264 15.807 0.10058
73.3673 15.9148 0.0941085 0.143256 73.264 15.807 0.10058
73.3853 15.8754 0.112174 0.488574 73.264 15.807 0.10058
73.5406 15.8426 0.113562 0.175728 73.264 15.807 0.10058
73.5639 15.9679 0.10348 0.543644 73.264 15.807 0.10058
73.5639 15.9679 0.10348 0.543644 73.264 15.807 0.10058
73.5228 15.9439 0.11293 0.242067 73.264 15.807 0.10058
73.2537 15.9692 0.104635 0.486961 73.264 15.807 0.10058
73.3717 15.8788 0.1029 0.940394 73.264 15.807 0.10058
73.3896 15.765 0.111955 0.355557 73.264 15.807 0.10058
73.3727 15.9629 0.104826 0.866081 73.264 15.807 0.10058
73.2663 15.9969 0.107955 0.472685 73.264 15.807 0.10058
73.5349 15.7025 0.109114 0.24588 73.264 15.807 0.10058
73.2839 15.9182 0.100205 0.425993 73.264 15.807 0.10058
73.3727 15.9629 0.104826 0.866081 73.264 15.807 0.10058
73.3853 15.8754 0.112174 0.488574 73.264 15.807 0.10058
73.5434 16.1823 0.0962713 0.0294388 73.264 15.807 0.10058
73.4784 15.511 0.102457 0.0513221 73.264 15.807 0.10058
73.3327 16.0093 0.100152 0.377708 73.264 15.807 0.10058
73.5299 15.6957 0.10439 0.388163 73.264 15.807 0.10058
73.3853 15.8754 0.112174 0.488574 73.264 15.807 0.10058
73.2537 15.9692 0.104635 0.486961 73.264 15.807 0.10058
73.2663 15.9969 0.107955 0.472685 73.264 15.807 0.10058
73.5349 15.7025 0.109114 0.24588 73.264 15.807 0.10058
73.3727 15.9629 0.104826 0.866081 73.264 15.807 0.10058
73.055 15.9469 0.115967 0.02254 73.264 15.807 0.10058
73.5299 15.6957 0.10439 0.388163 73.264 15.807 0.10058
73.5228 15.9439 0.11293 0.242067 73.264 15.807 0.10058
73.6346 15.6049 0.0995958 0.0697889 73.264 15.807 0.10058
73.1207 16.0395 0.0970243 0.0173633 73.264 15.807 0.10058
73.3896 15.765 0.111955 0.355557 73.264 15.807 0.10058
73.5706 15.884 0.110527 0.314449 73.264 15.807 0.10058
73.2537 15.9692 0.104635 0.486961 73.264 15.807 0.10058
73.2839 15.9182 0.100205 0.425993 73.264 15.807 0.10058
73.2839 15.9182 0.100205 0.425993 73.264 15.807 0.10058
73.3896 15.765 0.111955 0.355557 73.264 15.807 0.10058
73.5228 15.9439 0.11293 0.242067 73.264 15.807 0.10058
73.6616 15.7464 0.104069 0.197325 73.264 15.807 0.10058
73.3327 16.0093 0.100152 0.377708 73.264 15.807 0.10058
73.2854 15.7675 0.115407 0.126588 73.264 15.807 0.10058
73.5639 15.9679 0.10348 0.543644 73.264 15.807 0.10058
73.3717 15.8788 0.1029 0.940394 73.264 15.807 0.10058
73.1817 15.9546 0.10997 0.256281 73.264 15.807 0.10058
73.712 15.8704 0.096734 0.095776 73.264 15.807 0.10058
73.5299 15.6957 0.10439 0.388163 73.264 15.807 0.10058
73.5362 15.7343 0.0981713 0.328267 73.264 15.807 0.10058
73.3673 15.9148 0.0941085 0.143256 73.264 15.807 0.10058
73.3853 15.8754 0.112174 0.488574 73.264 15.807 0.10058
73.3653 15.8195 0.0966094 0.316527 73.264 15.807 0.10058
73.3717 15.8788 0.1029 0.940394 73.264 15.807 0.10058
73.5639 15.9679 0.10348 0.543644 73.264 15.807 0.10058
73.3727 15.9629 0.104826 0.866081 73.264 15.807 0.10058
73.0919 15.9263 0.106799 0.108672 73.264 15.807 0.10058
73.3717 15.8788 0.1029 0.940394 73.264 15.807 0.10058
73.2743 15.846 0.100625 0.4489 73.264 15.807 0.10058
73.3717 15.8788 0.1029 0.940394 73.264 15.807 0.10058
73.1665 15.9309 0.101537 0.172454 73.264 15.807 0.10058
73.1031 15.7593 0.105402 0.0919811 73.264 15.807 0.10058
73.3727 15.9629 0.104826 0.866081 73.264 15.807 0.10058
73.3727 15.9629 0.104826 0.866081 73.264 15.807 0.10058
73.3653 15.8195 0.0966094 0.316527 73.264 15.807 0.10058
73.3727 15.9629 0.104826 0.866081 73.264 15.807 0.10058
73.1813 15.5154 0.101974 0.0144468 73.264 15.807 0.10058
73.3653 15.8195 0.0966094 0.316527 73.264 15.807 0.10058
73.3327 16.0093 0.100152 0.377708 73.264 15.807 0.10058
73.6616 15.7464 0.104069 0.197325 73.264 15.807 0.10058
73.2839 15.9182 0.100205 0.425993 73.264 15.807 0.10058
73.5299 15.6957 0.10439 0.388163 73.264 15.807 0.10058
73.1254 15.9271 0.107907 0.168189 73.264 15.807 0.10058
73.2537 15.9692 0.104635 0.486961 73.264 15.807 0.10058
73.3896 15.765 0.111955 0.355557 73.264 15.807 0.10058
73.3653 15.8195 0.0966094 0.316527 73.264 15.807 0.10058
73.2839 15.9182 0.100205 0.425993 73.264 15.807 0.10058
73.3896 15.765 0.111955 0.355557 73.264 15.807 0.10058
73.2663 15.9969 0.107955 0.472685 73.264 15.807 0.10058
73.1628 15.6416 0.103677 0.0705133 73.264 15.807 0.10058
73.5406 15.8426 0.113562 0.175728 73.264 15.807 0.10058
73.3727 15.9629 0.104826 0.866081 73.264 15.807 0.10058
73.3717 15.8788 0.1029 0.940394 73.264 15.807 0.10058
73.5639 15.9679 0.10348 0.543644 73.264 15.807 0.10058
73.3653 15.8195 0.0966094 0.316527 73.264 15.807 0.10058
73.4977 15.7457 0.11366 0.145063 73.264 15.807 0.10058
73.5639 15.9679 0.10348 0.543644 73.264 15.807 0.10058
73.5811 15.7629 0.0915123 0.0561479 73.264 15.807 0.10058
73.2854 15.7675 0.115407 0.126588 73.264 15.807 0.10058
73.2976 15.5509 0.111285 0.0374966 73.264 15.807 0.10058
73.2242 15.8098 0.0964263 0.106051 73.264 15.807 0.10058
73.2839 15.9182 0.100205 0.425993 73.264 15.807 0.10058
73.2839 15.9182 0.100205 0.425993 73.264 15.807 0.10058
73.3896 15.765 0.111955 0.355557 73.264 15.807 0.10058
73.4977 15.7457 0.11366 0.145063 73.264 15.807 0.10058
73.1179 16.0989 0.106469 0.0557613 73.264 15.807 0.10058
73.2663 15.9969 0.107955 0.472685 73.264 15.807 0.10058
73.5639 15.9679 0.10348 0.543644 73.264 15.807 0.10058
73.3653 15.8195 0.0966094 0.316527 73.264 15.807 0.10058
73.2839 15.9182 0.100205 0.425993 73.264 15.807 0.10058
73.3717 15.8788 0.1029 0.940394 73.264 15.807 0.10058
73.2537 15.9692 0.104635 0.486961 73.264 15.807 0.10058
73.2839 15.9182 0.100205 0.425993 73.264 15.807 0.10058
73.5639 15.9679 0.10348 0.543644 73.264 15.807 0.10058
73.5639 15.9679 0.10348 0.543644 73.264 15.807 0.10058
73.641 15.9095 0.0983851 0.2412 73.264 15.807 0.10058
73.6029 15.7236 0.0942442 0.0972532 73.264 15.807 0.10058
73.2663 15.9969 0.107955 0.472685 73.264 15.807 0.10058
73.1665 15.9309 0.101537 0.172454 73.264 15.807 0.10058
73.0919 15.9263 0.106799 0.108672 73.264 15.807 0.10058
73.4409 15.8791 0.0943574 0.207207 73.264 15.807 0.10058
73.2537 15.9692 0.104635 0.486961 73.264 15.807 0.10058
73.1254 15.9271 0.107907 0.168189 73.264 15.807 0.10058
73.5362 15.7343 0.0981713 0.328267 73.264 15.807 0.10058
73.4409 15.8791 0.0943574 0.207207 73.264 15.807 0.10058
73.2839 15.9182 0.100205 0.425993 73.264 15.807 0.10058
73.5228 15.9439 0.11293 0.242067 73.264 15.807 0.10058
73.3727 15.9629 0.104826 0.866081 73.264 15.807 0.10058
73.2339 15.8099 0.0993073 0.238505 73.264 15.807 0.10058
73.5362 15.7343 0.0981713 0.328267 73.264 15.807 0.10058
73.5706 15.884 0.110527 0.314449 73.264 15.807 0.10058
73.2537 15.9692 0.104635 0.486961 73.264 15.807 0.10058
73.2537 15.9692 0.104635 0.486961 73.264 15.807 0.10058
73.3327 16.0093 0.100152 0.377708 73.264 15.807 0.10058
73.2839 15.9182 0.100205 0.425993 73.264 15.807 0.10058
73.3327 16.0093 0.100152 0.377708 73.264 15.807 0.10058
73.3727 15.9629 0.104826 0.866081 73.264 15.807 0.10058
73.1665 15.9309 0.101537 0.172454 73.264 15.807 0.10058
73.3182 16.07 0.0964572 0.0896712 73.264 15.807 0.10058
73.5362 15.7343 0.0981713 0.328267 73.264 15.807 0.10058
73.2743 15.846 0.100625 0.4489 73.264 15.807 0.10058
73.3727 15.9629 0.104826 0.866081 73.264 15.807 0.10058
73.2663 15.9969 0.107955 0.472685 73.264 15.807 0.10058
73.7551 15.8511 0.104959 0.0797606 73.264 15.807 0.10058
73.5349 15.7025 0.109114 0.24588 73.264 15.807 0.10058
73.3327 16.0093 0.100152 0.377708 73.264 15.807 0.10058
73.3853 15.8754 0.112174 0.488574 73.264 15.807 0.10058
73.3327 16.0093 0.100152 0.377708 73.264 15.807 0.10058
73.537 16.1845 0.105008 0.0937888 73.264 15.807 0.10058
73.3653 15.8195 0.0966094 0.316527 73.264 15.807 0.10058
73.3727 15.9629 0.104826 0.866081 73.264 15.807 0.10058
73.4784 15.511 0.102457 0.0513221 73.264 15.807 0.10058
73.4584 15.6156 0.0926819 0.0370867 73.264 15.807 0.10058
73.2663 15.9969 0.107955 0.472685 73.264 15.807 0.10058
73.2537 15.9692 0.104635 0.486961 73.264 15.807 0.10058
73.055 15.9469 0.115967 0.02254 73.264 15.807 0.10058
73.6029 15.7236 0.0942442 0.0972532 73.264 15.807 0.10058
73.3853 15.8754 0.112174 0.488574 73.264 15.807 0.10058
73.7551 15.8511 0.104959 0.0797606 73.264 15.807 0.10058
73.3952 15.7838 0.0936035 0.134068 73.264 15.807 0.10058
73.1031 15.7593 0.105402 0.0919811 73.264 15.807 0.10058
73.3727 15.9629 0.104826 0.866081 73.264 15.807 0.10058
73.3717 15.8788 0.1029 0.940394 73.264 15.807 0.10058
73.3182 16.07 0.0964572 0.0896712 73.264 15.807 0.10058
73.5349 15.7025 0.109114 0.24588 73.264 15.807 0.10058
73.3182 16.07 0.0964572 0.0896712 73.264 15.807 0.10058
73.3164 15.8553 0.0917047 0.0466159 73.264 15.807 0.10058
73.3727 15.9629 0.104826 0.866081 73.264 15.807 0.10058
73.5639 15.9679 0.10348 0.543644 73.264 15.807 0.10058
73.641 15.9095 0.0983851 0.2412 73.264 15.807 0.10058
73.4409 15.8791 0.0943574 0.207207 73.264 15.807 0.10058
73.4665 16.1299 0.09686 0.0807939 73.264 15.807 0.10058
73.3727 15.9629 0.104826 0.866081 73.264 15.807 0.10058
73.1817 15.9546 0.10997 0.256281 73.264 15.807 0.10058
73.359 15.5939 0.10044 0.1331 73.264 15.807 0.10058
73.2537 15.9692 0.104635 0.486961 73.264 15.807 0.10058
73.5706 15.884 0.110527 0.314449 73.264 15.807 0.10058
73.2663 15.9969 0.107955 0.472685 73.264 15.807 0.10058
73.5228 15.9439 0.11293 0.242067 73.264 15.807 0.10058
73.5349 15.7025 0.109114 0.24588 73.264 15.807 0.10058
73.3727 15.9629 0.104826 0.866081 73.264 15.807 0.10058
73.5706 15.884 0.110527 0.314449 73.264 15.807 0.10058
73.5639 15.9679 0.10348 0.543644 73.264 15.807 0.10058
73.2839 15.9182 0.100205 0.425993 73.264 15.807 0.10058
73.5811 15.7629 0.0915123 0.0561479 73.264 15.807 0.10058
