90.8019 -30.0878 3.53413 0.00262926 90.57 -30.127 3.5344
90.627 -30.106 3.52879 0.00297992 90.57 -30.127 3.5344
90.5922 -30.3212 3.53528 0.00402207 90.57 -30.127 3.5344
90.511 -30.245 3.52585 0.00104592 90.57 -30.127 3.5344
90.6297 -30.3682 3.53455 0.003459 90.57 -30.127 3.5344
90.6806 -30.2361 3.53455 0.00971917 90.57 -30.127 3.5344
90.6373 -30.2865 3.53186 0.0125031 90.57 -30.127 3.5344
90.8019 -30.0878 3.53413 0.00262926 90.57 -30.127 3.5344
90.6806 -30.2361 3.53455 0.00971917 90.57 -30.127 3.5344
90.5922 -30.3212 3.53528 0.00402207 90.57 -30.127 3.5344
90.6373 -30.2865 3.53186 0.0125031 90.57 -30.127 3.5344
90.6095 -30.0987 3.52869 0.00260187 90.57 -30.127 3.5344
90.5989 -30.0392 3.536 0.00291863 90.57 -30.127 3.5344
90.6373 -30.2865 3.53186 0.0125031 90.57 -30.127 3.5344
90.6806 -30.2361 3.53455 0.00971917 90.57 -30.127 3.5344
90.7191 -30.2087 3.52777 0.00266791 90.57 -30.127 3.5344
90.8241 -30.2068 3.53695 0.0013284 90.57 -30.127 3.5344
90.6373 -30.2865 3.53186 0.0125031 90.57 -30.127 3.5344
90.6697 -30.1266 3.53076 0.0073161 90.57 -30.127 3.5344
90.6934 -30.1108 3.5306 0.00541233 90.57 -30.127 3.5344
90.6085 -30.3557 3.52646 0.00197425 90.57 -30.127 3.5344
90.6806 -30.2361 3.53455 0.00971917 90.57 -30.127 3.5344
90.6806 -30.2361 3.53455 0.00971917 90.57 -30.127 3.5344
90.8019 -30.0878 3.53413 0.00262926 90.57 -30.127 3.5344
90.8019 -30.0878 3.53413 0.00262926 90.57 -30.127 3.5344
90.7573 -30.0826 3.53874 0.000886559 90.57 -30.127 3.5344
90.707 -30.0437 3.53422 0.00385924 90.57 -30.127 3.5344
90.6806 -30.2361 3.53455 0.00971917 90.57 -30.127 3.5344
90.6373 -30.2865 3.53186 0.0125031 90.57 -30.127 3.5344
90.7191 -30.2087 3.52777 0.00266791 90.57 -30.127 3.5344
90.6697 -30.1266 3.53076 0.0073161 90.57 -30.127 3.5344
90.6934 -30.1108 3.5306 0.00541233 90.57 -30.127 3.5344
90.6297 -30.3682 3.53455 0.003459 90.57 -30.127 3.5344
90.6297 -30.3682 3.53455 0.003459 90.57 -30.127 3.5344
90.627 -30.106 3.52879 0.00297992 90.57 -30.127 3.5344
90.6934 -30.1108 3.5306 0.00541233 90.57 -30.127 3.5344
90.518 -30.1773 3.52745 0.00206594 90.57 -30.127 3.5344
90.8241 -30.2068 3.53695 0.0013284 90.57 -30.127 3.5344
90.6373 -30.2865 3.53186 0.0125031 90.57 -30.127 3.5344
90.6806 -30.2361 3.53455 0.00971917 90.57 -30.127 3.5344
90.6697 -30.1266 3.53076 0.0073161 90.57 -30.127 3.5344
90.6806 -30.2361 3.53455 0.00971917 90.57 -30.127 3.5344
90.5922 -30.3212 3.53528 0.00402207 90.57 -30.127 3.5344
90.6934 -30.1108 3.5306 0.00541233 90.57 -30.127 3.5344
90.8019 -30.0878 3.53413 0.00262926 90.57 -30.127 3.5344
90.6373 -30.2865 3.53186 0.0125031 90.57 -30.127 3.5344
90.6373 -30.2865 3.53186 0.0125031 90.57 -30.127 3.5344
90.8682 -30.4094 3.53267 0.000396955 90.57 -30.127 3.5344
90.8682 -30.4094 3.53267 0.000396955 90.57 -30.127 3.5344
90.6806 -30.2361 3.53455 0.00971917 90.57 -30.127 3.5344
90.6085 -30.3557 3.52646 0.00197425 90.57 -30.127 3.5344
90.6373 -30.2865 3.53186 0.0125031 90.57 -30.127 3.5344
90.707 -30.0437 3.53422 0.00385924 90.57 -30.127 3.5344
90.6373 -30.2865 3.53186 0.0125031 90.57 -30.127 3.5344
90.6373 -30.2865 3.53186 0.0125031 90.57 -30.127 3.5344
90.6085 -30.3557 3.52646 0.00197425 90.57 -30.127 3.5344
90.6806 -30.2361 3.53455 0.00971917 90.57 -30.127 3.5344
90.518 -30.1773 3.52745 0.00206594 90.57 -30.127 3.5344
90.6806 -30.2361 3.53455 0.00971917 90.57 -30.127 3.5344
90.8188 -30.3844 3.53576 0.000485304 90.57 -30.127 3.5344
90.6806 -30.2361 3.53455 0.00971917 90.57 -30.127 3.5344
90.6373 -30.2865 3.53186 0.0125031 90.57 -30.127 3.5344
90.707 -30.0437 3.53422 0.00385924 90.57 -30.127 3.5344
90.6373 -30.2865 3.53186 0.0125031 90.57 -30.127 3.5344
90.8682 -30.4094 3.53267 0.000396955 90.57 -30.127 3.5344
90.6373 -30.2865 3.53186 0.0125031 90.57 -30.127 3.5344
90.6362 -30.0357 3.52702 0.000311743 90.57 -30.127 3.5344
90.6806 -30.2361 3.53455 0.00971917 90.57 -30.127 3.5344
90.6373 -30.2865 3.53186 0.0125031 90.57 -30.127 3.5344
90.511 -30.245 3.52585 0.00104592 90.57 -30.127 3.5344
90.8545 -30.3191 3.52806 0.00052306 90.57 -30.127 3.5344
90.6297 -30.3682 3.53455 0.003459 90.57 -30.127 3.5344
90.6697 -30.1266 3.53076 0.0073161 90.57 -30.127 3.5344
90.6373 -30.2865 3.53186 0.0125031 90.57 -30.127 3.5344
90.4866 -30.2355 3.52561 0.00069996 90.57 -30.127 3.5344
90.707 -30.0437 3.53422 0.00385924 90.57 -30.127 3.5344
90.6806 -30.2361 3.53455 0.00971917 90.57 -30.127 3.5344
90.764 -30.2548 3.52782 0.00201462 90.57 -30.127 3.5344
90.6697 -30.1266 3.53076 0.0073161 90.57 -30.127 3.5344
90.6806 -30.2361 3.53455 0.00971917 90.57 -30.127 3.5344
90.6095 -30.0987 3.52869 0.00260187 90.57 -30.127 3.5344
90.6085 -30.3557 3.52646 0.00197425 90.57 -30.127 3.5344
90.6697 -30.1266 3.53076 0.0073161 90.57 -30.127 3.5344
90.6373 -30.2865 3.53186 0.0125031 90.57 -30.127 3.5344
90.7191 -30.2087 3.52777 0.00266791 90.57 -30.127 3.5344
90.627 -30.106 3.52879 0.00297992 90.57 -30.127 3.5344
90.707 -30.0437 3.53422 0.00385924 90.57 -30.127 3.5344
90.7191 -30.2087 3.52777 0.00266791 90.57 -30.127 3.5344
90.8019 -30.0878 3.53413 0.00262926 90.57 -30.127 3.5344
90.707 -30.0437 3.53422 0.00385924 90.57 -30.127 3.5344
90.6373 -30.2865 3.53186 0.0125031 90.57 -30.127 3.5344
90.6095 -30.0987 3.52869 0.00260187 90.57 -30.127 3.5344
90.6373 -30.2865 3.53186 0.0125031 90.57 -30.127 3.5344
90.6501 -30.2445 3.53947 0.000587056 90.57 -30.127 3.5344
90.6806 -30.2361 3.53455 0.00971917 90.57 -30.127 3.5344
90.6373 -30.2865 3.53186 0.0125031 90.57 -30.127 3.5344
90.4951 -30.0326 3.5311 0.0014213 90.57 -30.127 3.5344
90.764 -30.2548 3.52782 0.00201462 90.57 -30.127 3.5344
90.5922 -30.3212 3.53528 0.00402207 90.57 -30.127 3.5344
90.627 -30.106 3.52879 0.00297992 90.57 -30.127 3.5344
90.6085 -30.3557 3.52646 0.00197425 90.57 -30.127 3.5344
90.6934 -30.1108 3.5306 0.00541233 90.57 -30.127 3.5344
90.707 -30.0437 3.53422 0.00385924 90.57 -30.127 3.5344
90.6297 -30.3682 3.53455 0.003459 90.57 -30.127 3.5344
90.6373 -30.2865 3.53186 0.0125031 90.57 -30.127 3.5344
90.6362 -30.0357 3.52702 0.000311743 90.57 -30.127 3.5344
90.627 -30.106 3.52879 0.00297992 90.57 -30.127 3.5344
90.6373 -30.2865 3.53186 0.0125031 90.57 -30.127 3.5344
90.6373 -30.2865 3.53186 0.0125031 90.57 -30.127 3.5344
90.6697 -30.1266 3.53076 0.0073161 90.57 -30.127 3.5344
90.4866 -30.2355 3.52561 0.00069996 90.57 -30.127 3.5344
90.7191 -30.2087 3.52777 0.00266791 90.57 -30.127 3.5344
90.8019 -30.0878 3.53413 0.00262926 90.57 -30.127 3.5344
90.4866 -30.2355 3.52561 0.00069996 90.57 -30.127 3.5344
90.7191 -30.2087 3.52777 0.00266791 90.57 -30.127 3.5344
90.764 -30.2548 3.52782 0.00201462 90.57 -30.127 3.5344
90.5922 -30.3212 3.53528 0.00402207 90.57 -30.127 3.5344
90.6373 -30.2865 3.53186 0.0125031 90.57 -30.127 3.5344
90.6806 -30.2361 3.53455 0.00971917 90.57 -30.127 3.5344
90.511 -30.245 3.52585 0.00104592 90.57 -30.127 3.5344
90.6806 -30.2361 3.53455 0.00971917 90.57 -30.127 3.5344
90.6373 -30.2865 3.53186 0.0125031 90.57 -30.127 3.5344
90.6934 -30.1108 3.5306 0.00541233 90.57 -30.127 3.5344
90.6697 -30.1266 3.53076 0.0073161 90.57 -30.127 3.5344
90.6095 -30.0987 3.52869 0.00260187 90.57 -30.127 3.5344
90.6373 -30.2865 3.53186 0.0125031 90.57 -30.127 3.5344
90.6697 -30.1266 3.53076 0.0073161 90.57 -30.127 3.5344
90.6806 -30.2361 3.53455 0.00971917 90.57 -30.127 3.5344
90.6373 -30.2865 3.53186 0.0125031 90.57 -30.127 3.5344
90.707 -30.0437 3.53422 0.00385924 90.57 -30.127 3.5344
90.6373 -30.2865 3.53186 0.0125031 90.57 -30.127 3.5344
90.764 -30.2548 3.52782 0.00201462 90.57 -30.127 3.5344
90.7191 -30.2087 3.52777 0.00266791 90.57 -30.127 3.5344
90.6373 -30.2865 3.53186 0.0125031 90.57 -30.127 3.5344
90.6697 -30.1266 3.53076 0.0073161 90.57 -30.127 3.5344
90.8019 -30.0878 3.53413 0.00262926 90.57 -30.127 3.5344
90.6095 -30.0987 3.52869 0.00260187 90.57 -30.127 3.5344
90.5547 -30.2174 3.52714 0.00274254 90.57 -30.127 3.5344
90.6806 -30.2361 3.53455 0.00971917 90.57 -30.127 3.5344
90.6697 -30.1266 3.53076 0.0073161 90.57 -30.127 3.5344
90.3012 -30.0607 3.5335 7.33103e-05 90.57 -30.127 3.5344
90.5989 -30.0392 3.536 0.00291863 90.57 -30.127 3.5344
90.6697 -30.1266 3.53076 0.0073161 90.57 -30.127 3.5344
90.6373 -30.2865 3.53186 0.0125031 90.57 -30.127 3.5344
90.6373 -30.2865 3.53186 0.0125031 90.57 -30.127 3.5344
90.6697 -30.1266 3.53076 0.0073161 90.57 -30.127 3.5344
90.308 -30.1796 3.52994 0.000202563 90.57 -30.127 3.5344
90.5547 -30.2174 3.52714 0.00274254 90.57 -30.127 3.5344
90.707 -30.0437 3.53422 0.00385924 90.57 -30.127 3.5344
90.6297 -30.3682 3.53455 0.003459 90.57 -30.127 3.5344
90.764 -30.2548 3.52782 0.00201462 90.57 -30.127 3.5344
90.6934 -30.1108 3.5306 0.00541233 90.57 -30.127 3.5344
90.5547 -30.2174 3.52714 0.00274254 90.57 -30.127 3.5344
90.6373 -30.2865 3.53186 0.0125031 90.57 -30.127 3.5344
90.6934 -30.1108 3.5306 0.00541233 90.57 -30.127 3.5344
90.5922 -30.3212 3.53528 0.00402207 90.57 -30.127 3.5344
90.5989 -30.0392 3.536 0.00291863 90.57 -30.127 3.5344
90.6297 -30.3682 3.53455 0.003459 90.57 -30.127 3.5344
90.5267 -29.8872 3.54141 9.07429e-06 90.57 -30.127 3.5344
90.707 -30.0437 3.53422 0.00385924 90.57 -30.127 3.5344
90.6373 -30.2865 3.53186 0.0125031 90.57 -30.127 3.5344
90.6373 -30.2865 3.53186 0.0125031 90.57 -30.127 3.5344
90.6806 -30.2361 3.53455 0.00971917 90.57 -30.127 3.5344
90.518 -30.1773 3.52745 0.00206594 90.57 -30.127 3.5344
90.627 -30.106 3.52879 0.00297992 90.57 -30.127 3.5344
90.6373 -30.2865 3.53186 0.0125031 90.57 -30.127 3.5344
90.6697 -30.1266 3.53076 0.0073161 90.57 -30.127 3.5344
90.5989 -30.0392 3.536 0.00291863 90.57 -30.127 3.5344
90.6297 -30.3682 3.53455 0.003459 90.57 -30.127 3.5344
90.8019 -30.0878 3.53413 0.00262926 90.57 -30.127 3.5344
90.6806 -30.2361 3.53455 0.00971917 90.57 -30.127 3.5344
90.511 -30.245 3.52585 0.00104592 90.57 -30.127 3.5344
90.8019 -30.0878 3.53413 0.00262926 90.57 -30.127 3.5344
90.5922 -30.3212 3.53528 0.00402207 90.57 -30.127 3.5344
90.7191 -30.2087 3.52777 0.00266791 90.57 -30.127 3.5344
90.627 -30.106 3.52879 0.00297992 90.57 -30.127 3.5344
90.6934 -30.1108 3.5306 0.00541233 90.57 -30.127 3.5344
90.7109 -30.3373 3.52534 0.000652173 90.57 -30.127 3.5344
90.8241 -30.2068 3.53695 0.0013284 90.57 -30.127 3.5344
90.5989 -30.0392 3.536 0.00291863 90.57 -30.127 3.5344
90.6697 -30.1266 3.53076 0.0073161 90.57 -30.127 3.5344
90.6373 -30.2865 3.53186 0.0125031 90.57 -30.127 3.5344
90.6373 -30.2865 3.53186 0.0125031 90.57 -30.127 3.5344
90.6806 -30.2361 3.53455 0.00971917 90.57 -30.127 3.5344
90.6373 -30.2865 3.53186 0.0125031 90.57 -30.127 3.5344
90.6697 -30.1266 3.53076 0.0073161 90.57 -30.127 3.5344
90.6697 -30.1266 3.53076 0.0073161 90.57 -30.127 3.5344
90.6373 -30.2865 3.53186 0.0125031 90.57 -30.127 3.5344
90.6697 -30.1266 3.53076 0.0073161 90.57 -30.127 3.5344
90.6806 -30.2361 3.53455 0.00971917 90.57 -30.127 3.5344
90.627 -30.106 3.52879 0.00297992 90.57 -30.127 3.5344
90.6806 -30.2361 3.53455 0.00971917 90.57 -30.127 3.5344
90.5989 -30.0392 3.536 0.00291863 90.57 -30.127 3.5344
90.6806 -30.2361 3.53455 0.00971917 90.57 -30.127 3.5344
90.6174 -30.3561 3.52478 0.000637566 90.57 -30.127 3.5344
90.6697 -30.1266 3.53076 0.0073161 90.57 -30.127 3.5344
90.6806 -30.2361 3.53455 0.00971917 90.57 -30.127 3.5344
90.6934 -30.1108 3.5306 0.00541233 90.57 -30.127 3.5344
90.7191 -30.2087 3.52777 0.00266791 90.57 -30.127 3.5344
90.6095 -30.0987 3.52869 0.00260187 90.57 -30.127 3.5344
