110.061 -23.9104 3.43837 0.234843 110.15 -23.849 3.425
110.124 -24.4321 3.42331 0.0397835 110.15 -23.849 3.425
110.2 -23.7411 3.4292 1.22777 110.15 -23.849 3.425
110.306 -24.0355 3.43414 1.00488 110.15 -23.849 3.425
110.265 -23.7591 3.42838 1.28937 110.15 -23.849 3.425
110.209 -23.899 3.43344 1.39594 110.15 -23.849 3.425
110.183 -23.6931 3.42071 0.673317 110.15 -23.849 3.425
110.171 -23.9976 3.42237 2.06344 110.15 -23.849 3.425
110.384 -23.843 3.43525 0.655285 110.15 -23.849 3.425
110.107 -23.9038 3.42515 2.46416 110.15 -23.849 3.425
110.291 -23.9332 3.43206 1.59715 110.15 -23.849 3.425
110.284 -23.8777 3.43178 1.57475 110.15 -23.849 3.425
110.209 -23.8509 3.43233 1.49433 110.15 -23.849 3.425
110.412 -23.6323 3.422 0.11769 110.15 -23.849 3.425
109.918 -23.9092 3.42173 1.09183 110.15 -23.849 3.425
110.107 -23.9038 3.42515 2.46416 110.15 -23.849 3.425
110.2 -23.7411 3.4292 1.22777 110.15 -23.849 3.425
110.284 -23.8777 3.43178 1.57475 110.15 -23.849 3.425
110.197 -24.4018 3.42337 0.060993 110.15 -23.849 3.425
110.209 -23.899 3.43344 1.39594 110.15 -23.849 3.425
110.306 -24.0355 3.43414 1.00488 110.15 -23.849 3.425
110.298 -24.1442 3.42561 0.900582 110.15 -23.849 3.425
110.339 -24.0624 3.43112 1.13209 110.15 -23.849 3.425
110.629 -23.5707 3.44166 0.00355688 110.15 -23.849 3.425
110.056 -24.2639 3.43294 0.163983 110.15 -23.849 3.425
110.298 -24.1442 3.42561 0.900582 110.15 -23.849 3.425
110.001 -23.8632 3.43656 0.239219 110.15 -23.849 3.425
109.86 -24.0358 3.42692 0.449711 110.15 -23.849 3.425
109.883 -23.5122 3.43218 0.0131961 110.15 -23.849 3.425
110.171 -23.9976 3.42237 2.06344 110.15 -23.849 3.425
110.339 -24.0624 3.43112 1.13209 110.15 -23.849 3.425
110.221 -24.0468 3.42719 2.00526 110.15 -23.849 3.425
110.284 -23.8777 3.43178 1.57475 110.15 -23.849 3.425
110.052 -23.6583 3.43011 0.418097 110.15 -23.849 3.425
109.851 -23.8069 3.41249 0.171555 110.15 -23.849 3.425
110.298 -24.1442 3.42561 0.900582 110.15 -23.849 3.425
110.11 -24.0782 3.42781 1.66898 110.15 -23.849 3.425
110.306 -24.0355 3.43414 1.00488 110.15 -23.849 3.425
110.265 -23.7591 3.42838 1.28937 110.15 -23.849 3.425
109.871 -23.8609 3.42271 0.707866 110.15 -23.849 3.425
110.283 -23.8516 3.42947 1.76094 110.15 -23.849 3.425
110.291 -23.9332 3.43206 1.59715 110.15 -23.849 3.425
110.283 -23.8516 3.42947 1.76094 110.15 -23.849 3.425
110.199 -24.052 3.44626 0.0186444 110.15 -23.849 3.425
110.339 -24.0624 3.43112 1.13209 110.15 -23.849 3.425
109.938 -23.9118 3.43069 0.62909 110.15 -23.849 3.425
109.828 -23.9233 3.42465 0.471128 110.15 -23.849 3.425
110.291 -23.9332 3.43206 1.59715 110.15 -23.849 3.425
110.384 -23.843 3.43525 0.655285 110.15 -23.849 3.425
110.284 -23.8777 3.43178 1.57475 110.15 -23.849 3.425
110.052 -23.6583 3.43011 0.418097 110.15 -23.849 3.425
110.2 -23.7411 3.4292 1.22777 110.15 -23.849 3.425
110.306 -24.0355 3.43414 1.00488 110.15 -23.849 3.425
109.871 -23.8609 3.42271 0.707866 110.15 -23.849 3.425
110.426 -23.5814 3.43463 0.0795053 110.15 -23.849 3.425
110.291 -23.9332 3.43206 1.59715 110.15 -23.849 3.425
110.151 -23.9162 3.4349 0.964348 110.15 -23.849 3.425
110.229 -23.7433 3.41744 0.458035 110.15 -23.849 3.425
110.051 -23.6581 3.4304 0.398672 110.15 -23.849 3.425
110.175 -23.7818 3.42741 1.70924 110.15 -23.849 3.425
110.001 -23.8632 3.43656 0.239219 110.15 -23.849 3.425
109.858 -24.2069 3.42783 0.13719 110.15 -23.849 3.425
110.107 -23.9038 3.42515 2.46416 110.15 -23.849 3.425
110.265 -23.7591 3.42838 1.28937 110.15 -23.849 3.425
109.918 -23.9092 3.42173 1.09183 110.15 -23.849 3.425
109.918 -23.9092 3.42173 1.09183 110.15 -23.849 3.425
109.851 -23.8069 3.41249 0.171555 110.15 -23.849 3.425
110.291 -23.9332 3.43206 1.59715 110.15 -23.849 3.425
110.239 -24.0812 3.43727 0.472603 110.15 -23.849 3.425
110.2 -23.7411 3.4292 1.22777 110.15 -23.849 3.425
110.284 -23.8777 3.43178 1.57475 110.15 -23.849 3.425
110.107 -23.9038 3.42515 2.46416 110.15 -23.849 3.425
110.321 -24.1683 3.43253 0.572209 110.15 -23.849 3.425
110.284 -23.8777 3.43178 1.57475 110.15 -23.849 3.425
110.334 -23.5267 3.42884 0.100238 110.15 -23.849 3.425
110.185 -24.1425 3.43362 0.670542 110.15 -23.849 3.425
109.938 -23.9118 3.43069 0.62909 110.15 -23.849 3.425
110.306 -24.0355 3.43414 1.00488 110.15 -23.849 3.425
110.2 -23.7411 3.4292 1.22777 110.15 -23.849 3.425
110.107 -23.9038 3.42515 2.46416 110.15 -23.849 3.425
110.171 -23.9976 3.42237 2.06344 110.15 -23.849 3.425
110.314 -23.836 3.43401 0.992167 110.15 -23.849 3.425
110.11 -24.0782 3.42781 1.66898 110.15 -23.849 3.425
110.384 -23.843 3.43525 0.655285 110.15 -23.849 3.425
110.474 -24.0322 3.43205 0.49852 110.15 -23.849 3.425
110.229 -23.7433 3.41744 0.458035 110.15 -23.849 3.425
110.209 -23.8509 3.43233 1.49433 110.15 -23.849 3.425
109.907 -24.1348 3.42764 0.398107 110.15 -23.849 3.425
110.291 -23.9332 3.43206 1.59715 110.15 -23.849 3.425
110.051 -23.6581 3.4304 0.398672 110.15 -23.849 3.425
110.265 -23.7591 3.42838 1.28937 110.15 -23.849 3.425
110.2 -23.7411 3.4292 1.22777 110.15 -23.849 3.425
110.283 -23.8516 3.42947 1.76094 110.15 -23.849 3.425
110.474 -24.0322 3.43205 0.49852 110.15 -23.849 3.425
110.171 -23.9976 3.42237 2.06344 110.15 -23.849 3.425
110.35 -24.0062 3.43904 0.364907 110.15 -23.849 3.425
110.306 -24.0355 3.43414 1.00488 110.15 -23.849 3.425
110.052 -23.6583 3.43011 0.418097 110.15 -23.849 3.425
110.185 -24.1425 3.43362 0.670542 110.15 -23.849 3.425
110.384 -23.843 3.43525 0.655285 110.15 -23.849 3.425
110.107 -23.9038 3.42515 2.46416 110.15 -23.849 3.425
110.283 -23.8516 3.42947 1.76094 110.15 -23.849 3.425
110.291 -23.9332 3.43206 1.59715 110.15 -23.849 3.425
110.221 -24.0468 3.42719 2.00526 110.15 -23.849 3.425
110.171 -23.9976 3.42237 2.06344 110.15 -23.849 3.425
110.107 -23.9038 3.42515 2.46416 110.15 -23.849 3.425
110.148 -23.6214 3.42209 0.42671 110.15 -23.849 3.425
110.2 -23.7411 3.4292 1.22777 110.15 -23.849 3.425
110.298 -24.1442 3.42561 0.900582 110.15 -23.849 3.425
110.209 -23.8509 3.43233 1.49433 110.15 -23.849 3.425
110.291 -23.9332 3.43206 1.59715 110.15 -23.849 3.425
110.171 -23.9976 3.42237 2.06344 110.15 -23.849 3.425
110.107 -23.9038 3.42515 2.46416 110.15 -23.849 3.425
110.124 -24.4321 3.42331 0.0397835 110.15 -23.849 3.425
110.061 -23.9104 3.43837 0.234843 110.15 -23.849 3.425
110.209 -23.8509 3.43233 1.49433 110.15 -23.849 3.425
110.284 -23.8777 3.43178 1.57475 110.15 -23.849 3.425
109.797 -24.091 3.43118 0.0793691 110.15 -23.849 3.425
109.853 -23.9076 3.42264 0.651014 110.15 -23.849 3.425
110.209 -23.8509 3.43233 1.49433 110.15 -23.849 3.425
110.209 -23.899 3.43344 1.39594 110.15 -23.849 3.425
110.171 -23.9976 3.42237 2.06344 110.15 -23.849 3.425
110.291 -23.9332 3.43206 1.59715 110.15 -23.849 3.425
109.828 -23.9233 3.42465 0.471128 110.15 -23.849 3.425
110.185 -24.1425 3.43362 0.670542 110.15 -23.849 3.425
110.44 -24.1132 3.44193 0.0790746 110.15 -23.849 3.425
110.171 -23.9976 3.42237 2.06344 110.15 -23.849 3.425
110.175 -23.7818 3.42741 1.70924 110.15 -23.849 3.425
110.349 -23.6182 3.4409 0.0429259 110.15 -23.849 3.425
110.298 -24.1442 3.42561 0.900582 110.15 -23.849 3.425
110.209 -23.8509 3.43233 1.49433 110.15 -23.849 3.425
110.549 -23.5241 3.43029 0.0162111 110.15 -23.849 3.425
110.185 -24.1425 3.43362 0.670542 110.15 -23.849 3.425
109.851 -23.8069 3.41249 0.171555 110.15 -23.849 3.425
110.471 -23.3716 3.43795 0.00140046 110.15 -23.849 3.425
109.918 -23.9092 3.42173 1.09183 110.15 -23.849 3.425
110.052 -23.6583 3.43011 0.418097 110.15 -23.849 3.425
110.175 -23.7818 3.42741 1.70924 110.15 -23.849 3.425
110.314 -23.836 3.43401 0.992167 110.15 -23.849 3.425
109.782 -23.6517 3.41872 0.0809728 110.15 -23.849 3.425
110.209 -23.899 3.43344 1.39594 110.15 -23.849 3.425
110.183 -23.6931 3.42071 0.673317 110.15 -23.849 3.425
109.907 -24.1348 3.42764 0.398107 110.15 -23.849 3.425
110.284 -23.8777 3.43178 1.57475 110.15 -23.849 3.425
110.265 -23.7591 3.42838 1.28937 110.15 -23.849 3.425
110.284 -23.8777 3.43178 1.57475 110.15 -23.849 3.425
109.871 -23.8609 3.42271 0.707866 110.15 -23.849 3.425
110.467 -23.8613 3.42853 0.576676 110.15 -23.849 3.425
110.221 -24.0468 3.42719 2.00526 110.15 -23.849 3.425
109.938 -23.9118 3.43069 0.62909 110.15 -23.849 3.425
110.467 -23.8613 3.42853 0.576676 110.15 -23.849 3.425
110.221 -24.0468 3.42719 2.00526 110.15 -23.849 3.425
110.314 -23.836 3.43401 0.992167 110.15 -23.849 3.425
110.183 -23.6931 3.42071 0.673317 110.15 -23.849 3.425
110.265 -23.7591 3.42838 1.28937 110.15 -23.849 3.425
110.2 -23.7411 3.4292 1.22777 110.15 -23.849 3.425
110.185 -24.1425 3.43362 0.670542 110.15 -23.849 3.425
110.11 -24.0782 3.42781 1.66898 110.15 -23.849 3.425
110.209 -23.8509 3.43233 1.49433 110.15 -23.849 3.425
110.314 -23.836 3.43401 0.992167 110.15 -23.849 3.425
110.284 -23.8777 3.43178 1.57475 110.15 -23.849 3.425
109.907 -24.1348 3.42764 0.398107 110.15 -23.849 3.425
110.284 -23.8777 3.43178 1.57475 110.15 -23.849 3.425
110.171 -23.9976 3.42237 2.06344 110.15 -23.849 3.425
110.229 -23.7433 3.41744 0.458035 110.15 -23.849 3.425
110.185 -24.1425 3.43362 0.670542 110.15 -23.849 3.425
110.209 -23.8509 3.43233 1.49433 110.15 -23.849 3.425
110.12 -23.7137 3.43587 0.29979 110.15 -23.849 3.425
110.257 -23.766 3.44136 0.125103 110.15 -23.849 3.425
110.209 -23.8509 3.43233 1.49433 110.15 -23.849 3.425
110.314 -23.836 3.43401 0.992167 110.15 -23.849 3.425
110.306 -24.0355 3.43414 1.00488 110.15 -23.849 3.425
110.291 -23.9332 3.43206 1.59715 110.15 -23.849 3.425
110.221 -24.0468 3.42719 2.00526 110.15 -23.849 3.425
109.86 -24.0358 3.42692 0.449711 110.15 -23.849 3.425
109.942 -24.2228 3.42513 0.318047 110.15 -23.849 3.425
109.853 -23.9076 3.42264 0.651014 110.15 -23.849 3.425
110.265 -23.7591 3.42838 1.28937 110.15 -23.849 3.425
110.107 -23.9038 3.42515 2.46416 110.15 -23.849 3.425
110.291 -23.9332 3.43206 1.59715 110.15 -23.849 3.425
110.209 -23.899 3.43344 1.39594 110.15 -23.849 3.425
110.2 -23.7411 3.4292 1.22777 110.15 -23.849 3.425
110.091 -23.5882 3.42816 0.287578 110.15 -23.849 3.425
110.571 -24.1471 3.41743 0.0101803 110.15 -23.849 3.425
110.291 -23.9332 3.43206 1.59715 110.15 -23.849 3.425
109.828 -23.9233 3.42465 0.471128 110.15 -23.849 3.425
110.107 -23.9038 3.42515 2.46416 110.15 -23.849 3.425
109.748 -23.8961 3.42277 0.204484 110.15 -23.849 3.425
110.11 -24.0782 3.42781 1.66898 110.15 -23.849 3.425
109.748 -23.8961 3.42277 0.204484 110.15 -23.849 3.425
110.221 -24.0468 3.42719 2.00526 110.15 -23.849 3.425
110.384 -23.843 3.43525 0.655285 110.15 -23.849 3.425
110.11 -24.0782 3.42781 1.66898 110.15 -23.849 3.425
110.061 -23.9104 3.43837 0.234843 110.15 -23.849 3.425
110.094 -23.6414 3.42036 0.445378 110.15 -23.849 3.425
110.291 -23.9332 3.43206 1.59715 110.15 -23.849 3.425
110.314 -23.836 3.43401 0.992167 110.15 -23.849 3.425
109.938 -23.9118 3.43069 0.62909 110.15 -23.849 3.425
110.11 -24.0782 3.42781 1.66898 110.15 -23.849 3.425
110.171 -23.9976 3.42237 2.06344 110.15 -23.849 3.425
