-6.74557 -94.1089 3.03797 0.0856209 -6.5762 -94.345 3.0469
-6.72241 -94.2958 3.04204 0.414899 -6.5762 -94.345 3.0469
-6.72241 -94.2958 3.04204 0.414899 -6.5762 -94.345 3.0469
-6.94535 -94.2029 3.03843 0.211442 -6.5762 -94.345 3.0469
-6.71211 -94.4733 3.03722 0.136794 -6.5762 -94.345 3.0469
-6.52444 -94.3586 3.04956 0.0259694 -6.5762 -94.345 3.0469
-6.8765 -94.4915 3.03962 0.198832 -6.5762 -94.345 3.0469
-6.58579 -94.1725 3.04658 0.0892386 -6.5762 -94.345 3.0469
-6.6305 -94.4199 3.04158 0.171352 -6.5762 -94.345 3.0469
-6.46676 -94.192 3.04936 0.0190598 -6.5762 -94.345 3.0469
-6.6305 -94.4199 3.04158 0.171352 -6.5762 -94.345 3.0469
-6.66082 -94.3185 3.03902 0.225185 -6.5762 -94.345 3.0469
-6.66082 -94.3185 3.03902 0.225185 -6.5762 -94.345 3.0469
-6.4467 -94.4606 3.05019 0.00407353 -6.5762 -94.345 3.0469
-6.94535 -94.2029 3.03843 0.211442 -6.5762 -94.345 3.0469
-6.6305 -94.4199 3.04158 0.171352 -6.5762 -94.345 3.0469
-6.72241 -94.2958 3.04204 0.414899 -6.5762 -94.345 3.0469
-6.72241 -94.2958 3.04204 0.414899 -6.5762 -94.345 3.0469
-6.82945 -94.1083 3.04843 0.0252464 -6.5762 -94.345 3.0469
-6.72241 -94.2958 3.04204 0.414899 -6.5762 -94.345 3.0469
-6.94535 -94.2029 3.03843 0.211442 -6.5762 -94.345 3.0469
-6.72241 -94.2958 3.04204 0.414899 -6.5762 -94.345 3.0469
-6.76798 -94.2457 3.04704 0.134792 -6.5762 -94.345 3.0469
-6.72241 -94.2958 3.04204 0.414899 -6.5762 -94.345 3.0469
-6.72241 -94.2958 3.04204 0.414899 -6.5762 -94.345 3.0469
-6.72241 -94.2958 3.04204 0.414899 -6.5762 -94.345 3.0469
-6.66082 -94.3185 3.03902 0.225185 -6.5762 -94.345 3.0469
-6.72241 -94.2958 3.04204 0.414899 -6.5762 -94.345 3.0469
-6.44492 -94.4865 3.04422 0.0095974 -6.5762 -94.345 3.0469
-6.72241 -94.2958 3.04204 0.414899 -6.5762 -94.345 3.0469
-6.59965 -94.4383 3.04504 0.0901499 -6.5762 -94.345 3.0469
-6.72241 -94.2958 3.04204 0.414899 -6.5762 -94.345 3.0469
-6.72241 -94.2958 3.04204 0.414899 -6.5762 -94.345 3.0469
-6.6248 -94.2808 3.04256 0.235848 -6.5762 -94.345 3.0469
-6.59106 -94.2846 3.04944 0.051951 -6.5762 -94.345 3.0469
-6.63353 -94.1974 3.05012 0.040326 -6.5762 -94.345 3.0469
-6.72241 -94.2958 3.04204 0.414899 -6.5762 -94.345 3.0469
-6.76798 -94.2457 3.04704 0.134792 -6.5762 -94.345 3.0469
-6.94535 -94.2029 3.03843 0.211442 -6.5762 -94.345 3.0469
-6.6305 -94.4199 3.04158 0.171352 -6.5762 -94.345 3.0469
-6.58269 -94.4152 3.04125 0.106693 -6.5762 -94.345 3.0469
-6.59106 -94.2846 3.04944 0.051951 -6.5762 -94.345 3.0469
-6.6248 -94.2808 3.04256 0.235848 -6.5762 -94.345 3.0469
-6.66082 -94.3185 3.03902 0.225185 -6.5762 -94.345 3.0469
-6.8765 -94.4915 3.03962 0.198832 -6.5762 -94.345 3.0469
-6.72241 -94.2958 3.04204 0.414899 -6.5762 -94.345 3.0469
-6.52444 -94.3586 3.04956 0.0259694 -6.5762 -94.345 3.0469
-6.6248 -94.2808 3.04256 0.235848 -6.5762 -94.345 3.0469
-6.6248 -94.2808 3.04256 0.235848 -6.5762 -94.345 3.0469
-6.6305 -94.4199 3.04158 0.171352 -6.5762 -94.345 3.0469
-6.94535 -94.2029 3.03843 0.211442 -6.5762 -94.345 3.0469
-6.69318 -94.2045 3.04542 0.205898 -6.5762 -94.345 3.0469
-6.80443 -94.0752 3.03606 0.0390412 -6.5762 -94.345 3.0469
-6.50383 -94.5726 3.03839 0.00416529 -6.5762 -94.345 3.0469
-6.76798 -94.2457 3.04704 0.134792 -6.5762 -94.345 3.0469
-6.6248 -94.2808 3.04256 0.235848 -6.5762 -94.345 3.0469
-6.59965 -94.4383 3.04504 0.0901499 -6.5762 -94.345 3.0469
-6.6248 -94.2808 3.04256 0.235848 -6.5762 -94.345 3.0469
-6.6248 -94.2808 3.04256 0.235848 -6.5762 -94.345 3.0469
-6.69318 -94.2045 3.04542 0.205898 -6.5762 -94.345 3.0469
-6.69318 -94.2045 3.04542 0.205898 -6.5762 -94.345 3.0469
-6.94535 -94.2029 3.03843 0.211442 -6.5762 -94.345 3.0469
-6.4366 -94.3095 3.05226 0.0049111 -6.5762 -94.345 3.0469
-6.6305 -94.4199 3.04158 0.171352 -6.5762 -94.345 3.0469
-6.69318 -94.2045 3.04542 0.205898 -6.5762 -94.345 3.0469
-6.59106 -94.2846 3.04944 0.051951 -6.5762 -94.345 3.0469
-6.69318 -94.2045 3.04542 0.205898 -6.5762 -94.345 3.0469
-6.6248 -94.2808 3.04256 0.235848 -6.5762 -94.345 3.0469
-6.59106 -94.2846 3.04944 0.051951 -6.5762 -94.345 3.0469
-6.59965 -94.4383 3.04504 0.0901499 -6.5762 -94.345 3.0469
-6.8765 -94.4915 3.03962 0.198832 -6.5762 -94.345 3.0469
-6.59965 -94.4383 3.04504 0.0901499 -6.5762 -94.345 3.0469
-6.8765 -94.4915 3.03962 0.198832 -6.5762 -94.345 3.0469
-6.6305 -94.4199 3.04158 0.171352 -6.5762 -94.345 3.0469
-6.59965 -94.4383 3.04504 0.0901499 -6.5762 -94.345 3.0469
-6.6305 -94.4199 3.04158 0.171352 -6.5762 -94.345 3.0469
-6.58269 -94.4152 3.04125 0.106693 -6.5762 -94.345 3.0469
-6.59965 -94.4383 3.04504 0.0901499 -6.5762 -94.345 3.0469
-6.6248 -94.2808 3.04256 0.235848 -6.5762 -94.345 3.0469
-6.6248 -94.2808 3.04256 0.235848 -6.5762 -94.345 3.0469
-6.6305 -94.4199 3.04158 0.171352 -6.5762 -94.345 3.0469
-6.72241 -94.2958 3.04204 0.414899 -6.5762 -94.345 3.0469
-6.94535 -94.2029 3.03843 0.211442 -6.5762 -94.345 3.0469
-6.6248 -94.2808 3.04256 0.235848 -6.5762 -94.345 3.0469
-6.46676 -94.192 3.04936 0.0190598 -6.5762 -94.345 3.0469
-6.66082 -94.3185 3.03902 0.225185 -6.5762 -94.345 3.0469
-6.69694 -94.5071 3.0407 0.130873 -6.5762 -94.345 3.0469
-6.6248 -94.2808 3.04256 0.235848 -6.5762 -94.345 3.0469
-6.8765 -94.4915 3.03962 0.198832 -6.5762 -94.345 3.0469
-6.76798 -94.2457 3.04704 0.134792 -6.5762 -94.345 3.0469
-6.58579 -94.1725 3.04658 0.0892386 -6.5762 -94.345 3.0469
-6.71211 -94.4733 3.03722 0.136794 -6.5762 -94.345 3.0469
-6.72241 -94.2958 3.04204 0.414899 -6.5762 -94.345 3.0469
-6.59965 -94.4383 3.04504 0.0901499 -6.5762 -94.345 3.0469
-6.69694 -94.5071 3.0407 0.130873 -6.5762 -94.345 3.0469
-6.69318 -94.2045 3.04542 0.205898 -6.5762 -94.345 3.0469
-6.69694 -94.5071 3.0407 0.130873 -6.5762 -94.345 3.0469
-6.59965 -94.4383 3.04504 0.0901499 -6.5762 -94.345 3.0469
-6.72241 -94.2958 3.04204 0.414899 -6.5762 -94.345 3.0469
-6.69318 -94.2045 3.04542 0.205898 -6.5762 -94.345 3.0469
-6.72241 -94.2958 3.04204 0.414899 -6.5762 -94.345 3.0469
-6.6305 -94.4199 3.04158 0.171352 -6.5762 -94.345 3.0469
-6.6305 -94.4199 3.04158 0.171352 -6.5762 -94.345 3.0469
-6.8765 -94.4915 3.03962 0.198832 -6.5762 -94.345 3.0469
-6.54788 -94.6819 3.04051 0.00196634 -6.5762 -94.345 3.0469
-6.72241 -94.2958 3.04204 0.414899 -6.5762 -94.345 3.0469
-6.59965 -94.4383 3.04504 0.0901499 -6.5762 -94.345 3.0469
-6.58579 -94.1725 3.04658 0.0892386 -6.5762 -94.345 3.0469
-6.94535 -94.2029 3.03843 0.211442 -6.5762 -94.345 3.0469
-6.80443 -94.0752 3.03606 0.0390412 -6.5762 -94.345 3.0469
-6.6305 -94.4199 3.04158 0.171352 -6.5762 -94.345 3.0469
-6.59965 -94.4383 3.04504 0.0901499 -6.5762 -94.345 3.0469
-6.72241 -94.2958 3.04204 0.414899 -6.5762 -94.345 3.0469
-6.76798 -94.2457 3.04704 0.134792 -6.5762 -94.345 3.0469
-6.72241 -94.2958 3.04204 0.414899 -6.5762 -94.345 3.0469
-6.66082 -94.3185 3.03902 0.225185 -6.5762 -94.345 3.0469
-6.59965 -94.4383 3.04504 0.0901499 -6.5762 -94.345 3.0469
-6.72241 -94.2958 3.04204 0.414899 -6.5762 -94.345 3.0469
-6.76798 -94.2457 3.04704 0.134792 -6.5762 -94.345 3.0469
-6.6305 -94.4199 3.04158 0.171352 -6.5762 -94.345 3.0469
-6.69694 -94.5071 3.0407 0.130873 -6.5762 -94.345 3.0469
-6.72241 -94.2958 3.04204 0.414899 -6.5762 -94.345 3.0469
-6.71211 -94.4733 3.03722 0.136794 -6.5762 -94.345 3.0469
-6.80443 -94.0752 3.03606 0.0390412 -6.5762 -94.345 3.0469
-6.66082 -94.3185 3.03902 0.225185 -6.5762 -94.345 3.0469
-6.94535 -94.2029 3.03843 0.211442 -6.5762 -94.345 3.0469
-6.8765 -94.4915 3.03962 0.198832 -6.5762 -94.345 3.0469
-6.72241 -94.2958 3.04204 0.414899 -6.5762 -94.345 3.0469
-6.69694 -94.5071 3.0407 0.130873 -6.5762 -94.345 3.0469
-6.72241 -94.2958 3.04204 0.414899 -6.5762 -94.345 3.0469
-6.8765 -94.4915 3.03962 0.198832 -6.5762 -94.345 3.0469
-6.58269 -94.4152 3.04125 0.106693 -6.5762 -94.345 3.0469
-6.72241 -94.2958 3.04204 0.414899 -6.5762 -94.345 3.0469
-6.66082 -94.3185 3.03902 0.225185 -6.5762 -94.345 3.0469
-6.58269 -94.4152 3.04125 0.106693 -6.5762 -94.345 3.0469
-6.94535 -94.2029 3.03843 0.211442 -6.5762 -94.345 3.0469
-6.69694 -94.5071 3.0407 0.130873 -6.5762 -94.345 3.0469
-6.72241 -94.2958 3.04204 0.414899 -6.5762 -94.345 3.0469
-6.80443 -94.0752 3.03606 0.0390412 -6.5762 -94.345 3.0469
-6.69318 -94.2045 3.04542 0.205898 -6.5762 -94.345 3.0469
-6.58269 -94.4152 3.04125 0.106693 -6.5762 -94.345 3.0469
-6.72241 -94.2958 3.04204 0.414899 -6.5762 -94.345 3.0469
-6.69318 -94.2045 3.04542 0.205898 -6.5762 -94.345 3.0469
-6.59106 -94.2846 3.04944 0.051951 -6.5762 -94.345 3.0469
-6.58269 -94.4152 3.04125 0.106693 -6.5762 -94.345 3.0469
-6.66082 -94.3185 3.03902 0.225185 -6.5762 -94.345 3.0469
-6.69318 -94.2045 3.04542 0.205898 -6.5762 -94.345 3.0469
-6.72241 -94.2958 3.04204 0.414899 -6.5762 -94.345 3.0469
-6.69318 -94.2045 3.04542 0.205898 -6.5762 -94.345 3.0469
-6.8765 -94.4915 3.03962 0.198832 -6.5762 -94.345 3.0469
-6.17375 -94.1446 3.05219 4.59702e-05 -6.5762 -94.345 3.0469
-6.59106 -94.2846 3.04944 0.051951 -6.5762 -94.345 3.0469
-6.75956 -94.2318 3.03356 0.0576237 -6.5762 -94.345 3.0469
-6.71211 -94.4733 3.03722 0.136794 -6.5762 -94.345 3.0469
-6.69694 -94.5071 3.0407 0.130873 -6.5762 -94.345 3.0469
-6.69694 -94.5071 3.0407 0.130873 -6.5762 -94.345 3.0469
-6.72241 -94.2958 3.04204 0.414899 -6.5762 -94.345 3.0469
-6.71211 -94.4733 3.03722 0.136794 -6.5762 -94.345 3.0469
-6.66082 -94.3185 3.03902 0.225185 -6.5762 -94.345 3.0469
-6.76798 -94.2457 3.04704 0.134792 -6.5762 -94.345 3.0469
-6.4366 -94.3095 3.05226 0.0049111 -6.5762 -94.345 3.0469
-6.76798 -94.2457 3.04704 0.134792 -6.5762 -94.345 3.0469
-6.8765 -94.4915 3.03962 0.198832 -6.5762 -94.345 3.0469
-6.72241 -94.2958 3.04204 0.414899 -6.5762 -94.345 3.0469
-6.72241 -94.2958 3.04204 0.414899 -6.5762 -94.345 3.0469
-6.6248 -94.2808 3.04256 0.235848 -6.5762 -94.345 3.0469
-6.78336 -94.1746 3.05159 0.00933769 -6.5762 -94.345 3.0469
-6.8765 -94.4915 3.03962 0.198832 -6.5762 -94.345 3.0469
-6.6248 -94.2808 3.04256 0.235848 -6.5762 -94.345 3.0469
-6.71211 -94.4733 3.03722 0.136794 -6.5762 -94.345 3.0469
-6.72241 -94.2958 3.04204 0.414899 -6.5762 -94.345 3.0469
-6.69318 -94.2045 3.04542 0.205898 -6.5762 -94.345 3.0469
-6.72241 -94.2958 3.04204 0.414899 -6.5762 -94.345 3.0469
-6.80443 -94.0752 3.03606 0.0390412 -6.5762 -94.345 3.0469
-6.76798 -94.2457 3.04704 0.134792 -6.5762 -94.345 3.0469
-6.71211 -94.4733 3.03722 0.136794 -6.5762 -94.345 3.0469
-6.74557 -94.1089 3.03797 0.0856209 -6.5762 -94.345 3.0469
-6.72241 -94.2958 3.04204 0.414899 -6.5762 -94.345 3.0469
-6.72241 -94.2958 3.04204 0.414899 -6.5762 -94.345 3.0469
-6.72241 -94.2958 3.04204 0.414899 -6.5762 -94.345 3.0469
-6.8765 -94.4915 3.03962 0.198832 -6.5762 -94.345 3.0469
-6.69318 -94.2045 3.04542 0.205898 -6.5762 -94.345 3.0469
-6.76798 -94.2457 3.04704 0.134792 -6.5762 -94.345 3.0469
-6.71211 -94.4733 3.03722 0.136794 -6.5762 -94.345 3.0469
-6.6248 -94.2808 3.04256 0.235848 -6.5762 -94.345 3.0469
-6.6305 -94.4199 3.04158 0.171352 -6.5762 -94.345 3.0469
-6.94535 -94.2029 3.03843 0.211442 -6.5762 -94.345 3.0469
-6.59106 -94.2846 3.04944 0.051951 -6.5762 -94.345 3.0469
-6.6248 -94.2808 3.04256 0.235848 -6.5762 -94.345 3.0469
-6.6248 -94.2808 3.04256 0.235848 -6.5762 -94.345 3.0469
-6.8765 -94.4915 3.03962 0.198832 -6.5762 -94.345 3.0469
-6.6305 -94.4199 3.04158 0.171352 -6.5762 -94.345 3.0469
-6.56829 -94.0965 3.04723 0.0392793 -6.5762 -94.345 3.0469
-6.66082 -94.3185 3.03902 0.225185 -6.5762 -94.345 3.0469
-6.72241 -94.2958 3.04204 0.414899 -6.5762 -94.345 3.0469
-6.63353 -94.1974 3.05012 0.040326 -6.5762 -94.345 3.0469
-6.80443 -94.0752 3.03606 0.0390412 -6.5762 -94.345 3.0469
-6.72241 -94.2958 3.04204 0.414899 -6.5762 -94.345 3.0469
-6.46676 -94.192 3.04936 0.0190598 -6.5762 -94.345 3.0469
-6.69694 -94.5071 3.0407 0.130873 -6.5762 -94.345 3.0469
