18.1627 -90.4235 3.67207 1.7641 18.377 -90.437 3.6751
18.1627 -90.4235 3.67207 1.7641 18.377 -90.437 3.6751
18.0584 -90.3309 3.66259 0.772826 18.377 -90.437 3.6751
18.2703 -90.5653 3.66956 1.99191 18.377 -90.437 3.6751
18.2285 -90.3617 3.67571 0.448815 18.377 -90.437 3.6751
18.4636 -90.415 3.67479 0.582706 18.377 -90.437 3.6751
18.2703 -90.5653 3.66956 1.99191 18.377 -90.437 3.6751
18.4601 -90.4747 3.67297 0.724562 18.377 -90.437 3.6751
18.1627 -90.4235 3.67207 1.7641 18.377 -90.437 3.6751
18.0584 -90.3309 3.66259 0.772826 18.377 -90.437 3.6751
18.0539 -90.4906 3.66656 2.38147 18.377 -90.437 3.6751
18.0539 -90.4906 3.66656 2.38147 18.377 -90.437 3.6751
18.0508 -90.6446 3.67535 0.0738134 18.377 -90.437 3.6751
18.5498 -90.5078 3.66999 0.0918191 18.377 -90.437 3.6751
18.4636 -90.415 3.67479 0.582706 18.377 -90.437 3.6751
18.3639 -90.2593 3.67006 0.368131 18.377 -90.437 3.6751
18.1627 -90.4235 3.67207 1.7641 18.377 -90.437 3.6751
18.1831 -90.6368 3.67166 1.1965 18.377 -90.437 3.6751
18.3639 -90.2593 3.67006 0.368131 18.377 -90.437 3.6751
18.3302 -90.4888 3.66902 1.54412 18.377 -90.437 3.6751
18.4273 -90.6144 3.67193 0.588134 18.377 -90.437 3.6751
18.2703 -90.5653 3.66956 1.99191 18.377 -90.437 3.6751
18.2659 -90.5932 3.66463 0.430318 18.377 -90.437 3.6751
18.27 -90.3699 3.6669 1.19286 18.377 -90.437 3.6751
18.5498 -90.5078 3.66999 0.0918191 18.377 -90.437 3.6751
18.3302 -90.4888 3.66902 1.54412 18.377 -90.437 3.6751
18.3807 -90.3247 3.6756 0.42993 18.377 -90.437 3.6751
18.5473 -90.4488 3.67624 0.250422 18.377 -90.437 3.6751
18.27 -90.3699 3.6669 1.19286 18.377 -90.437 3.6751
18.1627 -90.4235 3.67207 1.7641 18.377 -90.437 3.6751
18.2285 -90.3617 3.67571 0.448815 18.377 -90.437 3.6751
18.4273 -90.6144 3.67193 0.588134 18.377 -90.437 3.6751
18.2703 -90.5653 3.66956 1.99191 18.377 -90.437 3.6751
18.403 -90.4201 3.67378 1.02718 18.377 -90.437 3.6751
18.27 -90.3699 3.6669 1.19286 18.377 -90.437 3.6751
18.4384 -90.6323 3.67768 0.267129 18.377 -90.437 3.6751
18.4601 -90.4747 3.67297 0.724562 18.377 -90.437 3.6751
18.3123 -90.4409 3.67999 0.0940447 18.377 -90.437 3.6751
18.2659 -90.5932 3.66463 0.430318 18.377 -90.437 3.6751
18.2703 -90.5653 3.66956 1.99191 18.377 -90.437 3.6751
18.3302 -90.4888 3.66902 1.54412 18.377 -90.437 3.6751
18.3302 -90.4888 3.66902 1.54412 18.377 -90.437 3.6751
18.27 -90.3699 3.6669 1.19286 18.377 -90.437 3.6751
18.27 -90.3699 3.6669 1.19286 18.377 -90.437 3.6751
18.4384 -90.6323 3.67768 0.267129 18.377 -90.437 3.6751
18.0539 -90.4906 3.66656 2.38147 18.377 -90.437 3.6751
18.0539 -90.4906 3.66656 2.38147 18.377 -90.437 3.6751
18.1627 -90.4235 3.67207 1.7641 18.377 -90.437 3.6751
18.3218 -90.8306 3.67375 0.0645117 18.377 -90.437 3.6751
18.4636 -90.415 3.67479 0.582706 18.377 -90.437 3.6751
18.3302 -90.4888 3.66902 1.54412 18.377 -90.437 3.6751
18.2659 -90.5932 3.66463 0.430318 18.377 -90.437 3.6751
18.3032 -90.6072 3.67373 1.1571 18.377 -90.437 3.6751
18.0584 -90.3309 3.66259 0.772826 18.377 -90.437 3.6751
18.4741 -90.4419 3.67288 0.585978 18.377 -90.437 3.6751
18.0539 -90.4906 3.66656 2.38147 18.377 -90.437 3.6751
18.2703 -90.5653 3.66956 1.99191 18.377 -90.437 3.6751
18.3032 -90.6072 3.67373 1.1571 18.377 -90.437 3.6751
18.403 -90.4201 3.67378 1.02718 18.377 -90.437 3.6751
18.4273 -90.6144 3.67193 0.588134 18.377 -90.437 3.6751
18.0539 -90.4906 3.66656 2.38147 18.377 -90.437 3.6751
18.5876 -90.6176 3.67136 0.0447525 18.377 -90.437 3.6751
18.2285 -90.3617 3.67571 0.448815 18.377 -90.437 3.6751
18.267 -90.236 3.66505 0.202311 18.377 -90.437 3.6751
18.27 -90.3699 3.6669 1.19286 18.377 -90.437 3.6751
18.4741 -90.4419 3.67288 0.585978 18.377 -90.437 3.6751
18.4273 -90.6144 3.67193 0.588134 18.377 -90.437 3.6751
18.0584 -90.3309 3.66259 0.772826 18.377 -90.437 3.6751
18.3302 -90.4888 3.66902 1.54412 18.377 -90.437 3.6751
18.3639 -90.2593 3.67006 0.368131 18.377 -90.437 3.6751
18.4636 -90.415 3.67479 0.582706 18.377 -90.437 3.6751
18.403 -90.4201 3.67378 1.02718 18.377 -90.437 3.6751
18.2264 -90.4409 3.67711 0.318163 18.377 -90.437 3.6751
18.0539 -90.4906 3.66656 2.38147 18.377 -90.437 3.6751
18.4601 -90.4747 3.67297 0.724562 18.377 -90.437 3.6751
18.1831 -90.6368 3.67166 1.1965 18.377 -90.437 3.6751
18.1831 -90.6368 3.67166 1.1965 18.377 -90.437 3.6751
18.4273 -90.6144 3.67193 0.588134 18.377 -90.437 3.6751
18.3807 -90.3247 3.6756 0.42993 18.377 -90.437 3.6751
18.2402 -90.7052 3.67673 0.143425 18.377 -90.437 3.6751
17.8903 -90.2011 3.66002 0.0807752 18.377 -90.437 3.6751
17.9479 -90.4867 3.67456 0.0400074 18.377 -90.437 3.6751
18.3032 -90.6072 3.67373 1.1571 18.377 -90.437 3.6751
18.1831 -90.6368 3.67166 1.1965 18.377 -90.437 3.6751
18.27 -90.3699 3.6669 1.19286 18.377 -90.437 3.6751
18.3807 -90.3247 3.6756 0.42993 18.377 -90.437 3.6751
18.4384 -90.6323 3.67768 0.267129 18.377 -90.437 3.6751
18.2703 -90.5653 3.66956 1.99191 18.377 -90.437 3.6751
18.0539 -90.4906 3.66656 2.38147 18.377 -90.437 3.6751
18.1831 -90.6368 3.67166 1.1965 18.377 -90.437 3.6751
18.3032 -90.6072 3.67373 1.1571 18.377 -90.437 3.6751
18.3622 -90.4421 3.66508 0.24396 18.377 -90.437 3.6751
18.187 -90.3973 3.67747 0.146522 18.377 -90.437 3.6751
18.2703 -90.5653 3.66956 1.99191 18.377 -90.437 3.6751
18.2285 -90.3617 3.67571 0.448815 18.377 -90.437 3.6751
18.64 -90.5974 3.66948 0.00646508 18.377 -90.437 3.6751
18.2703 -90.5653 3.66956 1.99191 18.377 -90.437 3.6751
18.1627 -90.4235 3.67207 1.7641 18.377 -90.437 3.6751
18.4741 -90.4419 3.67288 0.585978 18.377 -90.437 3.6751
18.4636 -90.415 3.67479 0.582706 18.377 -90.437 3.6751
18.27 -90.3699 3.6669 1.19286 18.377 -90.437 3.6751
18.4101 -90.5678 3.6716 0.888628 18.377 -90.437 3.6751
18.0539 -90.4906 3.66656 2.38147 18.377 -90.437 3.6751
18.27 -90.3699 3.6669 1.19286 18.377 -90.437 3.6751
18.3302 -90.4888 3.66902 1.54412 18.377 -90.437 3.6751
18.267 -90.236 3.66505 0.202311 18.377 -90.437 3.6751
18.4636 -90.415 3.67479 0.582706 18.377 -90.437 3.6751
18.3084 -90.4254 3.67771 0.349238 18.377 -90.437 3.6751
18.1831 -90.6368 3.67166 1.1965 18.377 -90.437 3.6751
18.3622 -90.4421 3.66508 0.24396 18.377 -90.437 3.6751
18.4101 -90.5678 3.6716 0.888628 18.377 -90.437 3.6751
18.1627 -90.4235 3.67207 1.7641 18.377 -90.437 3.6751
18.4101 -90.5678 3.6716 0.888628 18.377 -90.437 3.6751
18.3084 -90.4254 3.67771 0.349238 18.377 -90.437 3.6751
18.6038 -90.6094 3.67411 0.0745328 18.377 -90.437 3.6751
18.0584 -90.3309 3.66259 0.772826 18.377 -90.437 3.6751
18.403 -90.4201 3.67378 1.02718 18.377 -90.437 3.6751
18.219 -90.7363 3.66663 0.272671 18.377 -90.437 3.6751
18.2285 -90.3617 3.67571 0.448815 18.377 -90.437 3.6751
18.0539 -90.4906 3.66656 2.38147 18.377 -90.437 3.6751
18.4273 -90.6144 3.67193 0.588134 18.377 -90.437 3.6751
18.2703 -90.5653 3.66956 1.99191 18.377 -90.437 3.6751
18.403 -90.4201 3.67378 1.02718 18.377 -90.437 3.6751
18.3032 -90.6072 3.67373 1.1571 18.377 -90.437 3.6751
18.2883 -90.7068 3.67591 0.250075 18.377 -90.437 3.6751
18.3032 -90.6072 3.67373 1.1571 18.377 -90.437 3.6751
18.0539 -90.4906 3.66656 2.38147 18.377 -90.437 3.6751
18.2703 -90.5653 3.66956 1.99191 18.377 -90.437 3.6751
18.1831 -90.6368 3.67166 1.1965 18.377 -90.437 3.6751
18.27 -90.3699 3.6669 1.19286 18.377 -90.437 3.6751
18.1627 -90.4235 3.67207 1.7641 18.377 -90.437 3.6751
18.0539 -90.4906 3.66656 2.38147 18.377 -90.437 3.6751
18.4741 -90.4419 3.67288 0.585978 18.377 -90.437 3.6751
18.3084 -90.4254 3.67771 0.349238 18.377 -90.437 3.6751
18.3084 -90.4254 3.67771 0.349238 18.377 -90.437 3.6751
18.3084 -90.4254 3.67771 0.349238 18.377 -90.437 3.6751
18.4636 -90.415 3.67479 0.582706 18.377 -90.437 3.6751
18.3302 -90.4888 3.66902 1.54412 18.377 -90.437 3.6751
18.3032 -90.6072 3.67373 1.1571 18.377 -90.437 3.6751
18.403 -90.4201 3.67378 1.02718 18.377 -90.437 3.6751
18.403 -90.4201 3.67378 1.02718 18.377 -90.437 3.6751
18.0584 -90.3309 3.66259 0.772826 18.377 -90.437 3.6751
18.4636 -90.415 3.67479 0.582706 18.377 -90.437 3.6751
18.3032 -90.6072 3.67373 1.1571 18.377 -90.437 3.6751
18.0584 -90.3309 3.66259 0.772826 18.377 -90.437 3.6751
18.4101 -90.5678 3.6716 0.888628 18.377 -90.437 3.6751
18.2285 -90.3617 3.67571 0.448815 18.377 -90.437 3.6751
18.4636 -90.415 3.67479 0.582706 18.377 -90.437 3.6751
18.4384 -90.6323 3.67768 0.267129 18.377 -90.437 3.6751
18.3302 -90.4888 3.66902 1.54412 18.377 -90.437 3.6751
18.2703 -90.5653 3.66956 1.99191 18.377 -90.437 3.6751
18.3218 -90.8306 3.67375 0.0645117 18.377 -90.437 3.6751
18.1627 -90.4235 3.67207 1.7641 18.377 -90.437 3.6751
18.4273 -90.6144 3.67193 0.588134 18.377 -90.437 3.6751
18.2703 -90.5653 3.66956 1.99191 18.377 -90.437 3.6751
18.3032 -90.6072 3.67373 1.1571 18.377 -90.437 3.6751
18.2703 -90.5653 3.66956 1.99191 18.377 -90.437 3.6751
18.2285 -90.3617 3.67571 0.448815 18.377 -90.437 3.6751
18.1831 -90.6368 3.67166 1.1965 18.377 -90.437 3.6751
18.2703 -90.5653 3.66956 1.99191 18.377 -90.437 3.6751
18.0539 -90.4906 3.66656 2.38147 18.377 -90.437 3.6751
18.2402 -90.7052 3.67673 0.143425 18.377 -90.437 3.6751
18.2061 -90.8104 3.66875 0.125021 18.377 -90.437 3.6751
18.4601 -90.4747 3.67297 0.724562 18.377 -90.437 3.6751
18.0539 -90.4906 3.66656 2.38147 18.377 -90.437 3.6751
18.4101 -90.5678 3.6716 0.888628 18.377 -90.437 3.6751
18.4384 -90.6323 3.67768 0.267129 18.377 -90.437 3.6751
18.2285 -90.3617 3.67571 0.448815 18.377 -90.437 3.6751
18.0539 -90.4906 3.66656 2.38147 18.377 -90.437 3.6751
18.2264 -90.4409 3.67711 0.318163 18.377 -90.437 3.6751
17.9479 -90.4867 3.67456 0.0400074 18.377 -90.437 3.6751
18.4636 -90.415 3.67479 0.582706 18.377 -90.437 3.6751
18.4101 -90.5678 3.6716 0.888628 18.377 -90.437 3.6751
18.4101 -90.5678 3.6716 0.888628 18.377 -90.437 3.6751
18.3639 -90.2593 3.67006 0.368131 18.377 -90.437 3.6751
18.3778 -90.184 3.67678 0.0437237 18.377 -90.437 3.6751
18.4601 -90.4747 3.67297 0.724562 18.377 -90.437 3.6751
18.3084 -90.4254 3.67771 0.349238 18.377 -90.437 3.6751
18.3302 -90.4888 3.66902 1.54412 18.377 -90.437 3.6751
18.4741 -90.4419 3.67288 0.585978 18.377 -90.437 3.6751
18.3032 -90.6072 3.67373 1.1571 18.377 -90.437 3.6751
18.0584 -90.3309 3.66259 0.772826 18.377 -90.437 3.6751
18.2703 -90.5653 3.66956 1.99191 18.377 -90.437 3.6751
18.3084 -90.4254 3.67771 0.349238 18.377 -90.437 3.6751
18.4601 -90.4747 3.67297 0.724562 18.377 -90.437 3.6751
18.5258 -90.4471 3.66982 0.135319 18.377 -90.437 3.6751
18.2703 -90.5653 3.66956 1.99191 18.377 -90.437 3.6751
18.3032 -90.6072 3.67373 1.1571 18.377 -90.437 3.6751
18.3302 -90.4888 3.66902 1.54412 18.377 -90.437 3.6751
18.4601 -90.4747 3.67297 0.724562 18.377 -90.437 3.6751
18.4101 -90.5678 3.6716 0.888628 18.377 -90.437 3.6751
18.0539 -90.4906 3.66656 2.38147 18.377 -90.437 3.6751
18.4384 -90.6323 3.67768 0.267129 18.377 -90.437 3.6751
18.2402 -90.7052 3.67673 0.143425 18.377 -90.437 3.6751
18.4273 -90.6144 3.67193 0.588134 18.377 -90.437 3.6751
18.5139 -90.2732 3.67628 0.0938148 18.377 -90.437 3.6751
18.403 -90.4201 3.67378 1.02718 18.377 -90.437 3.6751
18.1627 -90.4235 3.67207 1.7641 18.377 -90.437 3.6751
18.1627 -90.4235 3.67207 1.7641 18.377 -90.437 3.6751
18.4273 -90.6144 3.67193 0.588134 18.377 -90.437 3.6751
