79.758 16.4616 0.088152 0.092759 79.85 16.452 0.097092
79.6147 16.5751 0.0928824 0.791563 79.85 16.452 0.097092
79.3872 16.5089 0.0890864 0.168089 79.85 16.452 0.097092
79.4055 16.5108 0.0972837 0.42123 79.85 16.452 0.097092
79.9068 16.5006 0.0933084 0.0265101 79.85 16.452 0.097092
79.5384 16.5274 0.0958776 0.858965 79.85 16.452 0.097092
79.4285 16.5428 0.103406 0.0692617 79.85 16.452 0.097092
79.6147 16.5751 0.0928824 0.791563 79.85 16.452 0.097092
79.4009 16.5319 0.0889926 0.195777 79.85 16.452 0.097092
79.7284 16.3556 0.0936695 0.136741 79.85 16.452 0.097092
79.5384 16.5274 0.0958776 0.858965 79.85 16.452 0.097092
79.4627 16.4956 0.104124 0.0537552 79.85 16.452 0.097092
79.6061 16.6768 0.100918 0.129972 79.85 16.452 0.097092
79.598 16.4062 0.100277 0.187193 79.85 16.452 0.097092
79.5384 16.5274 0.0958776 0.858965 79.85 16.452 0.097092
79.6147 16.5751 0.0928824 0.791563 79.85 16.452 0.097092
79.48 16.3618 0.0976215 0.250271 79.85 16.452 0.097092
79.9126 16.8113 0.0921219 0.00390326 79.85 16.452 0.097092
79.6147 16.5751 0.0928824 0.791563 79.85 16.452 0.097092
79.5384 16.5274 0.0958776 0.858965 79.85 16.452 0.097092
79.4055 16.5108 0.0972837 0.42123 79.85 16.452 0.097092
79.818 16.7437 0.0903025 0.037888 79.85 16.452 0.097092
79.5787 16.8226 0.101965 0.0156326 79.85 16.452 0.097092
79.6147 16.5751 0.0928824 0.791563 79.85 16.452 0.097092
79.6147 16.5751 0.0928824 0.791563 79.85 16.452 0.097092
79.381 16.8465 0.0933367 0.0353781 79.85 16.452 0.097092
79.7284 16.3556 0.0936695 0.136741 79.85 16.452 0.097092
79.7614 16.4948 0.0893128 0.14532 79.85 16.452 0.097092
79.4009 16.5319 0.0889926 0.195777 79.85 16.452 0.097092
79.598 16.4062 0.100277 0.187193 79.85 16.452 0.097092
79.764 16.384 0.0875416 0.0385757 79.85 16.452 0.097092
79.5659 16.6724 0.0873805 0.179405 79.85 16.452 0.097092
79.758 16.4616 0.088152 0.092759 79.85 16.452 0.097092
79.598 16.4062 0.100277 0.187193 79.85 16.452 0.097092
79.6147 16.5751 0.0928824 0.791563 79.85 16.452 0.097092
79.6948 16.662 0.103019 0.0293265 79.85 16.452 0.097092
79.7284 16.3556 0.0936695 0.136741 79.85 16.452 0.097092
79.4055 16.5108 0.0972837 0.42123 79.85 16.452 0.097092
79.6632 16.509 0.0948811 0.615911 79.85 16.452 0.097092
79.4009 16.5319 0.0889926 0.195777 79.85 16.452 0.097092
79.5384 16.5274 0.0958776 0.858965 79.85 16.452 0.097092
79.6632 16.509 0.0948811 0.615911 79.85 16.452 0.097092
79.5384 16.5274 0.0958776 0.858965 79.85 16.452 0.097092
79.6632 16.509 0.0948811 0.615911 79.85 16.452 0.097092
79.6147 16.5751 0.0928824 0.791563 79.85 16.452 0.097092
79.6221 16.7401 0.0909357 0.242269 79.85 16.452 0.097092
79.5787 16.8226 0.101965 0.0156326 79.85 16.452 0.097092
79.4367 16.7634 0.0986198 0.102761 79.85 16.452 0.097092
79.6632 16.509 0.0948811 0.615911 79.85 16.452 0.097092
79.5384 16.5274 0.0958776 0.858965 79.85 16.452 0.097092
79.6023 16.3975 0.0871341 0.101627 79.85 16.452 0.097092
79.5384 16.5274 0.0958776 0.858965 79.85 16.452 0.097092
79.8885 16.5148 0.0962132 0.0305634 79.85 16.452 0.097092
79.806 16.3101 0.0990583 0.0150578 79.85 16.452 0.097092
79.7274 16.7241 0.0966605 0.125181 79.85 16.452 0.097092
79.764 16.384 0.0875416 0.0385757 79.85 16.452 0.097092
79.4055 16.5108 0.0972837 0.42123 79.85 16.452 0.097092
79.4055 16.5108 0.0972837 0.42123 79.85 16.452 0.097092
79.4055 16.5108 0.0972837 0.42123 79.85 16.452 0.097092
79.6632 16.509 0.0948811 0.615911 79.85 16.452 0.097092
79.48 16.3618 0.0976215 0.250271 79.85 16.452 0.097092
79.6147 16.5751 0.0928824 0.791563 79.85 16.452 0.097092
79.4627 16.4956 0.104124 0.0537552 79.85 16.452 0.097092
79.4055 16.5108 0.0972837 0.42123 79.85 16.452 0.097092
79.5384 16.5274 0.0958776 0.858965 79.85 16.452 0.097092
79.6221 16.7401 0.0909357 0.242269 79.85 16.452 0.097092
79.8885 16.5148 0.0962132 0.0305634 79.85 16.452 0.097092
79.4055 16.5108 0.0972837 0.42123 79.85 16.452 0.097092
79.6632 16.509 0.0948811 0.615911 79.85 16.452 0.097092
79.5384 16.5274 0.0958776 0.858965 79.85 16.452 0.097092
79.598 16.4062 0.100277 0.187193 79.85 16.452 0.097092
79.6061 16.6768 0.100918 0.129972 79.85 16.452 0.097092
79.48 16.3618 0.0976215 0.250271 79.85 16.452 0.097092
79.381 16.8465 0.0933367 0.0353781 79.85 16.452 0.097092
79.5384 16.5274 0.0958776 0.858965 79.85 16.452 0.097092
79.6221 16.7401 0.0909357 0.242269 79.85 16.452 0.097092
79.818 16.7437 0.0903025 0.037888 79.85 16.452 0.097092
79.6632 16.509 0.0948811 0.615911 79.85 16.452 0.097092
79.6061 16.6374 0.0852039 0.0809373 79.85 16.452 0.097092
79.7274 16.7241 0.0966605 0.125181 79.85 16.452 0.097092
79.6147 16.5751 0.0928824 0.791563 79.85 16.452 0.097092
79.6147 16.5751 0.0928824 0.791563 79.85 16.452 0.097092
79.4055 16.5108 0.0972837 0.42123 79.85 16.452 0.097092
79.7284 16.3556 0.0936695 0.136741 79.85 16.452 0.097092
79.6632 16.509 0.0948811 0.615911 79.85 16.452 0.097092
79.6147 16.5751 0.0928824 0.791563 79.85 16.452 0.097092
79.7284 16.3556 0.0936695 0.136741 79.85 16.452 0.097092
79.5659 16.6724 0.0873805 0.179405 79.85 16.452 0.097092
79.6221 16.7401 0.0909357 0.242269 79.85 16.452 0.097092
79.5384 16.5274 0.0958776 0.858965 79.85 16.452 0.097092
79.6948 16.662 0.103019 0.0293265 79.85 16.452 0.097092
79.6147 16.5751 0.0928824 0.791563 79.85 16.452 0.097092
79.6632 16.509 0.0948811 0.615911 79.85 16.452 0.097092
79.4009 16.5319 0.0889926 0.195777 79.85 16.452 0.097092
79.5384 16.5274 0.0958776 0.858965 79.85 16.452 0.097092
79.5659 16.6724 0.0873805 0.179405 79.85 16.452 0.097092
79.6632 16.509 0.0948811 0.615911 79.85 16.452 0.097092
79.7614 16.4948 0.0893128 0.14532 79.85 16.452 0.097092
79.4367 16.7634 0.0986198 0.102761 79.85 16.452 0.097092
79.6948 16.662 0.103019 0.0293265 79.85 16.452 0.097092
79.4055 16.5108 0.0972837 0.42123 79.85 16.452 0.097092
79.4055 16.5108 0.0972837 0.42123 79.85 16.452 0.097092
79.6023 16.3975 0.0871341 0.101627 79.85 16.452 0.097092
79.806 16.3101 0.0990583 0.0150578 79.85 16.452 0.097092
79.3872 16.5089 0.0890864 0.168089 79.85 16.452 0.097092
79.947 16.5909 0.0940359 0.0114741 79.85 16.452 0.097092
79.7284 16.3556 0.0936695 0.136741 79.85 16.452 0.097092
79.7274 16.7241 0.0966605 0.125181 79.85 16.452 0.097092
79.5384 16.5274 0.0958776 0.858965 79.85 16.452 0.097092
79.3872 16.5089 0.0890864 0.168089 79.85 16.452 0.097092
79.6221 16.7401 0.0909357 0.242269 79.85 16.452 0.097092
79.6632 16.509 0.0948811 0.615911 79.85 16.452 0.097092
79.6632 16.509 0.0948811 0.615911 79.85 16.452 0.097092
79.48 16.3618 0.0976215 0.250271 79.85 16.452 0.097092
79.6632 16.509 0.0948811 0.615911 79.85 16.452 0.097092
79.7274 16.7241 0.0966605 0.125181 79.85 16.452 0.097092
79.4009 16.5319 0.0889926 0.195777 79.85 16.452 0.097092
79.6221 16.7401 0.0909357 0.242269 79.85 16.452 0.097092
79.6061 16.6374 0.0852039 0.0809373 79.85 16.452 0.097092
79.7972 16.7229 0.0918413 0.0737502 79.85 16.452 0.097092
79.5384 16.5274 0.0958776 0.858965 79.85 16.452 0.097092
79.6632 16.509 0.0948811 0.615911 79.85 16.452 0.097092
79.5384 16.5274 0.0958776 0.858965 79.85 16.452 0.097092
79.48 16.3618 0.0976215 0.250271 79.85 16.452 0.097092
79.5384 16.5274 0.0958776 0.858965 79.85 16.452 0.097092
79.3872 16.5089 0.0890864 0.168089 79.85 16.452 0.097092
79.5384 16.5274 0.0958776 0.858965 79.85 16.452 0.097092
79.8585 16.3483 0.095996 0.0191168 79.85 16.452 0.097092
79.6147 16.5751 0.0928824 0.791563 79.85 16.452 0.097092
79.6632 16.509 0.0948811 0.615911 79.85 16.452 0.097092
79.5384 16.5274 0.0958776 0.858965 79.85 16.452 0.097092
79.8151 16.5871 0.0994876 0.0452203 79.85 16.452 0.097092
79.5384 16.5274 0.0958776 0.858965 79.85 16.452 0.097092
79.6147 16.5751 0.0928824 0.791563 79.85 16.452 0.097092
79.5384 16.5274 0.0958776 0.858965 79.85 16.452 0.097092
79.6221 16.7401 0.0909357 0.242269 79.85 16.452 0.097092
79.4009 16.5319 0.0889926 0.195777 79.85 16.452 0.097092
79.5384 16.5274 0.0958776 0.858965 79.85 16.452 0.097092
79.4055 16.5108 0.0972837 0.42123 79.85 16.452 0.097092
79.5659 16.6724 0.0873805 0.179405 79.85 16.452 0.097092
79.4367 16.7634 0.0986198 0.102761 79.85 16.452 0.097092
79.5659 16.6724 0.0873805 0.179405 79.85 16.452 0.097092
79.48 16.3618 0.0976215 0.250271 79.85 16.452 0.097092
79.6632 16.509 0.0948811 0.615911 79.85 16.452 0.097092
79.6061 16.6374 0.0852039 0.0809373 79.85 16.452 0.097092
79.6632 16.509 0.0948811 0.615911 79.85 16.452 0.097092
79.4055 16.5108 0.0972837 0.42123 79.85 16.452 0.097092
79.6061 16.6768 0.100918 0.129972 79.85 16.452 0.097092
79.6632 16.509 0.0948811 0.615911 79.85 16.452 0.097092
79.6147 16.5751 0.0928824 0.791563 79.85 16.452 0.097092
79.48 16.3618 0.0976215 0.250271 79.85 16.452 0.097092
79.4627 16.4956 0.104124 0.0537552 79.85 16.452 0.097092
79.6632 16.509 0.0948811 0.615911 79.85 16.452 0.097092
79.5659 16.6724 0.0873805 0.179405 79.85 16.452 0.097092
79.5384 16.5274 0.0958776 0.858965 79.85 16.452 0.097092
79.6221 16.7401 0.0909357 0.242269 79.85 16.452 0.097092
79.6632 16.509 0.0948811 0.615911 79.85 16.452 0.097092
79.2228 16.3781 0.0920802 0.0155213 79.85 16.452 0.097092
79.5384 16.5274 0.0958776 0.858965 79.85 16.452 0.097092
79.6147 16.5751 0.0928824 0.791563 79.85 16.452 0.097092
79.5384 16.5274 0.0958776 0.858965 79.85 16.452 0.097092
79.7614 16.4948 0.0893128 0.14532 79.85 16.452 0.097092
79.6147 16.5751 0.0928824 0.791563 79.85 16.452 0.097092
79.6632 16.509 0.0948811 0.615911 79.85 16.452 0.097092
79.3872 16.5089 0.0890864 0.168089 79.85 16.452 0.097092
79.5384 16.5274 0.0958776 0.858965 79.85 16.452 0.097092
79.6147 16.5751 0.0928824 0.791563 79.85 16.452 0.097092
79.48 16.3618 0.0976215 0.250271 79.85 16.452 0.097092
79.48 16.3618 0.0976215 0.250271 79.85 16.452 0.097092
79.5384 16.5274 0.0958776 0.858965 79.85 16.452 0.097092
79.6632 16.509 0.0948811 0.615911 79.85 16.452 0.097092
79.6221 16.7401 0.0909357 0.242269 79.85 16.452 0.097092
79.5384 16.5274 0.0958776 0.858965 79.85 16.452 0.097092
79.6147 16.5751 0.0928824 0.791563 79.85 16.452 0.097092
79.5384 16.5274 0.0958776 0.858965 79.85 16.452 0.097092
79.4055 16.5108 0.0972837 0.42123 79.85 16.452 0.097092
79.4009 16.5319 0.0889926 0.195777 79.85 16.452 0.097092
79.7274 16.7241 0.0966605 0.125181 79.85 16.452 0.097092
79.5384 16.5274 0.0958776 0.858965 79.85 16.452 0.097092
79.5384 16.5274 0.0958776 0.858965 79.85 16.452 0.097092
79.6147 16.5751 0.0928824 0.791563 79.85 16.452 0.097092
79.6632 16.509 0.0948811 0.615911 79.85 16.452 0.097092
79.7972 16.7229 0.0918413 0.0737502 79.85 16.452 0.097092
79.4055 16.5108 0.0972837 0.42123 79.85 16.452 0.097092
79.7274 16.7241 0.0966605 0.125181 79.85 16.452 0.097092
79.7972 16.7229 0.0918413 0.0737502 79.85 16.452 0.097092
79.6061 16.6374 0.0852039 0.0809373 79.85 16.452 0.097092
79.6147 16.5751 0.0928824 0.791563 79.85 16.452 0.097092
79.7284 16.3556 0.0936695 0.136741 79.85 16.452 0.097092
79.5384 16.5274 0.0958776 0.858965 79.85 16.452 0.097092
79.6061 16.6768 0.100918 0.129972 79.85 16.452 0.097092
79.5384 16.5274 0.0958776 0.858965 79.85 16.452 0.097092
79.598 16.4062 0.100277 0.187193 79.85 16.452 0.097092
79.6147 16.5751 0.0928824 0.791563 79.85 16.452 0.097092
79.7614 16.4948 0.0893128 0.14532 79.85 16.452 0.097092
79.2228 16.3781 0.0920802 0.0155213 79.85 16.452 0.097092
79.5384 16.5274 0.0958776 0.858965 79.85 16.452 0.097092
79.5384 16.5274 0.0958776 0.858965 79.85 16.452 0.097092
79.758 16.4616 0.088152 0.092759 79.85 16.452 0.097092
79.6023 16.3975 0.0871341 0.101627 79.85 16.452 0.097092
