64.4182 13.9622 0.12445 0.0739432 64.478 14.195 0.12251
64.8565 13.9368 0.119838 0.0847255 64.478 14.195 0.12251
64.4337 13.9312 0.114011 0.0786147 64.478 14.195 0.12251
64.4551 13.9967 0.113577 0.11369 64.478 14.195 0.12251
64.7229 14.2449 0.110733 0.0793868 64.478 14.195 0.12251
64.5913 14.0815 0.124153 0.142813 64.478 14.195 0.12251
64.6005 13.6651 0.126292 0.0142456 64.478 14.195 0.12251
64.4337 13.9312 0.114011 0.0786147 64.478 14.195 0.12251
64.4337 13.9312 0.114011 0.0786147 64.478 14.195 0.12251
64.5136 14.1745 0.120812 0.117077 64.478 14.195 0.12251
64.5876 14.1293 0.117527 0.255055 64.478 14.195 0.12251
64.6479 14.1109 0.124657 0.106603 64.478 14.195 0.12251
64.6479 14.1109 0.124657 0.106603 64.478 14.195 0.12251
64.4182 13.9622 0.12445 0.0739432 64.478 14.195 0.12251
64.475 14.2651 0.120838 0.0393187 64.478 14.195 0.12251
64.8143 13.9482 0.116333 0.1411 64.478 14.195 0.12251
64.8565 13.9368 0.119838 0.0847255 64.478 14.195 0.12251
64.5913 14.0815 0.124153 0.142813 64.478 14.195 0.12251
64.4977 14.1257 0.121227 0.140939 64.478 14.195 0.12251
64.5876 14.1293 0.117527 0.255055 64.478 14.195 0.12251
64.5876 14.1293 0.117527 0.255055 64.478 14.195 0.12251
64.259 14.027 0.120129 0.0157345 64.478 14.195 0.12251
64.5876 14.1293 0.117527 0.255055 64.478 14.195 0.12251
64.6297 14.1245 0.110595 0.15711 64.478 14.195 0.12251
64.3959 14.0607 0.112116 0.0528131 64.478 14.195 0.12251
64.7229 14.2449 0.110733 0.0793868 64.478 14.195 0.12251
64.5268 14.2551 0.117517 0.0817904 64.478 14.195 0.12251
64.4977 14.1257 0.121227 0.140939 64.478 14.195 0.12251
64.757 14.3304 0.108455 0.0219735 64.478 14.195 0.12251
64.6225 14.0778 0.125763 0.0981395 64.478 14.195 0.12251
64.4877 13.9242 0.110676 0.0582717 64.478 14.195 0.12251
64.566 13.9924 0.117048 0.296716 64.478 14.195 0.12251
64.566 13.9924 0.117048 0.296716 64.478 14.195 0.12251
64.5622 13.8181 0.120446 0.12539 64.478 14.195 0.12251
64.8011 13.8569 0.118185 0.0971966 64.478 14.195 0.12251
64.5219 13.8768 0.129348 0.0352814 64.478 14.195 0.12251
64.5913 14.0815 0.124153 0.142813 64.478 14.195 0.12251
64.3985 13.9369 0.121965 0.0804248 64.478 14.195 0.12251
64.5876 14.1293 0.117527 0.255055 64.478 14.195 0.12251
64.3985 13.9369 0.121965 0.0804248 64.478 14.195 0.12251
64.6673 14.0253 0.113334 0.257927 64.478 14.195 0.12251
64.7976 13.6589 0.129706 0.00245039 64.478 14.195 0.12251
64.8905 14.3539 0.115586 0.00856359 64.478 14.195 0.12251
64.2939 14.2012 0.1109 0.00673426 64.478 14.195 0.12251
64.8115 14.1263 0.113072 0.125273 64.478 14.195 0.12251
64.5875 14.269 0.11562 0.0923335 64.478 14.195 0.12251
64.6673 14.0253 0.113334 0.257927 64.478 14.195 0.12251
64.7229 14.2449 0.110733 0.0793868 64.478 14.195 0.12251
64.7872 14.2017 0.115017 0.109086 64.478 14.195 0.12251
64.8143 13.9482 0.116333 0.1411 64.478 14.195 0.12251
64.8115 14.1263 0.113072 0.125273 64.478 14.195 0.12251
64.4551 13.9967 0.113577 0.11369 64.478 14.195 0.12251
64.5876 14.1293 0.117527 0.255055 64.478 14.195 0.12251
64.5913 14.0815 0.124153 0.142813 64.478 14.195 0.12251
64.5913 14.0815 0.124153 0.142813 64.478 14.195 0.12251
64.6673 14.0253 0.113334 0.257927 64.478 14.195 0.12251
64.5876 14.1293 0.117527 0.255055 64.478 14.195 0.12251
64.5136 14.1745 0.120812 0.117077 64.478 14.195 0.12251
64.8565 13.9368 0.119838 0.0847255 64.478 14.195 0.12251
64.6225 14.0778 0.125763 0.0981395 64.478 14.195 0.12251
64.8638 14.211 0.121915 0.0242848 64.478 14.195 0.12251
64.475 14.2651 0.120838 0.0393187 64.478 14.195 0.12251
64.4551 13.9967 0.113577 0.11369 64.478 14.195 0.12251
64.8115 14.1263 0.113072 0.125273 64.478 14.195 0.12251
64.6673 14.0253 0.113334 0.257927 64.478 14.195 0.12251
64.6225 14.0778 0.125763 0.0981395 64.478 14.195 0.12251
64.34 13.9769 0.107767 0.00627239 64.478 14.195 0.12251
64.566 13.9924 0.117048 0.296716 64.478 14.195 0.12251
64.7055 13.9248 0.107812 0.047056 64.478 14.195 0.12251
64.4337 13.9312 0.114011 0.0786147 64.478 14.195 0.12251
64.5622 13.8181 0.120446 0.12539 64.478 14.195 0.12251
64.5876 14.1293 0.117527 0.255055 64.478 14.195 0.12251
64.566 13.9924 0.117048 0.296716 64.478 14.195 0.12251
64.554 14.2555 0.116629 0.0944193 64.478 14.195 0.12251
64.4977 14.1257 0.121227 0.140939 64.478 14.195 0.12251
64.8011 13.8569 0.118185 0.0971966 64.478 14.195 0.12251
64.5268 14.2551 0.117517 0.0817904 64.478 14.195 0.12251
64.5733 14.23 0.113852 0.120402 64.478 14.195 0.12251
64.3959 14.0607 0.112116 0.0528131 64.478 14.195 0.12251
64.554 14.2555 0.116629 0.0944193 64.478 14.195 0.12251
64.5816 14.2476 0.106712 0.0315994 64.478 14.195 0.12251
64.8325 13.748 0.113453 0.0161076 64.478 14.195 0.12251
64.6479 14.1109 0.124657 0.106603 64.478 14.195 0.12251
64.7872 14.2017 0.115017 0.109086 64.478 14.195 0.12251
64.7055 13.9248 0.107812 0.047056 64.478 14.195 0.12251
64.6673 14.0253 0.113334 0.257927 64.478 14.195 0.12251
64.6673 14.0253 0.113334 0.257927 64.478 14.195 0.12251
64.7872 14.2017 0.115017 0.109086 64.478 14.195 0.12251
64.5733 14.23 0.113852 0.120402 64.478 14.195 0.12251
64.4436 13.9956 0.130712 0.0158116 64.478 14.195 0.12251
64.5733 14.23 0.113852 0.120402 64.478 14.195 0.12251
64.6297 14.1245 0.110595 0.15711 64.478 14.195 0.12251
64.5622 13.8181 0.120446 0.12539 64.478 14.195 0.12251
64.4977 14.1257 0.121227 0.140939 64.478 14.195 0.12251
64.8011 13.8569 0.118185 0.0971966 64.478 14.195 0.12251
64.8143 13.9482 0.116333 0.1411 64.478 14.195 0.12251
64.566 13.9924 0.117048 0.296716 64.478 14.195 0.12251
64.6297 14.1245 0.110595 0.15711 64.478 14.195 0.12251
64.7872 14.2017 0.115017 0.109086 64.478 14.195 0.12251
64.6297 14.1245 0.110595 0.15711 64.478 14.195 0.12251
64.6479 14.1109 0.124657 0.106603 64.478 14.195 0.12251
64.7872 14.2017 0.115017 0.109086 64.478 14.195 0.12251
64.6753 14.4256 0.125224 0.00144175 64.478 14.195 0.12251
64.5136 14.1745 0.120812 0.117077 64.478 14.195 0.12251
64.566 13.9924 0.117048 0.296716 64.478 14.195 0.12251
64.5188 14.1104 0.130915 0.0117511 64.478 14.195 0.12251
64.7229 14.2449 0.110733 0.0793868 64.478 14.195 0.12251
64.8115 14.1263 0.113072 0.125273 64.478 14.195 0.12251
64.5876 14.1293 0.117527 0.255055 64.478 14.195 0.12251
64.3985 13.9369 0.121965 0.0804248 64.478 14.195 0.12251
64.4977 14.1257 0.121227 0.140939 64.478 14.195 0.12251
64.7191 14.1391 0.0986242 0.00194891 64.478 14.195 0.12251
64.6225 14.0778 0.125763 0.0981395 64.478 14.195 0.12251
64.5219 13.8768 0.129348 0.0352814 64.478 14.195 0.12251
64.8011 13.8569 0.118185 0.0971966 64.478 14.195 0.12251
64.4977 14.1257 0.121227 0.140939 64.478 14.195 0.12251
64.5733 14.23 0.113852 0.120402 64.478 14.195 0.12251
64.4977 14.1257 0.121227 0.140939 64.478 14.195 0.12251
64.5875 14.269 0.11562 0.0923335 64.478 14.195 0.12251
64.566 13.9924 0.117048 0.296716 64.478 14.195 0.12251
64.4182 13.9622 0.12445 0.0739432 64.478 14.195 0.12251
64.566 13.9924 0.117048 0.296716 64.478 14.195 0.12251
64.7872 14.2017 0.115017 0.109086 64.478 14.195 0.12251
64.5136 14.1745 0.120812 0.117077 64.478 14.195 0.12251
64.5913 14.0815 0.124153 0.142813 64.478 14.195 0.12251
64.6297 14.1245 0.110595 0.15711 64.478 14.195 0.12251
64.8161 13.8819 0.108272 0.0238956 64.478 14.195 0.12251
64.3194 14.1594 0.12308 0.0164616 64.478 14.195 0.12251
64.6005 13.6651 0.126292 0.0142456 64.478 14.195 0.12251
64.7872 14.2017 0.115017 0.109086 64.478 14.195 0.12251
64.5622 13.8181 0.120446 0.12539 64.478 14.195 0.12251
64.5136 14.1745 0.120812 0.117077 64.478 14.195 0.12251
64.7229 14.2449 0.110733 0.0793868 64.478 14.195 0.12251
64.6673 14.0253 0.113334 0.257927 64.478 14.195 0.12251
64.5331 13.6637 0.11919 0.01738 64.478 14.195 0.12251
64.566 13.9924 0.117048 0.296716 64.478 14.195 0.12251
64.4977 14.1257 0.121227 0.140939 64.478 14.195 0.12251
64.4977 14.1257 0.121227 0.140939 64.478 14.195 0.12251
64.554 14.2555 0.116629 0.0944193 64.478 14.195 0.12251
64.4977 14.1257 0.121227 0.140939 64.478 14.195 0.12251
64.5331 13.6637 0.11919 0.01738 64.478 14.195 0.12251
64.2862 14.1133 0.111538 0.00972337 64.478 14.195 0.12251
64.5622 13.8181 0.120446 0.12539 64.478 14.195 0.12251
64.5535 13.861 0.10607 0.0108509 64.478 14.195 0.12251
64.5733 14.23 0.113852 0.120402 64.478 14.195 0.12251
64.5876 14.1293 0.117527 0.255055 64.478 14.195 0.12251
64.5733 14.23 0.113852 0.120402 64.478 14.195 0.12251
64.566 13.9924 0.117048 0.296716 64.478 14.195 0.12251
64.5733 14.23 0.113852 0.120402 64.478 14.195 0.12251
64.7872 14.2017 0.115017 0.109086 64.478 14.195 0.12251
64.6673 14.0253 0.113334 0.257927 64.478 14.195 0.12251
64.4551 13.9967 0.113577 0.11369 64.478 14.195 0.12251
64.6479 14.1109 0.124657 0.106603 64.478 14.195 0.12251
64.7914 13.8612 0.110449 0.0418533 64.478 14.195 0.12251
64.5876 14.1293 0.117527 0.255055 64.478 14.195 0.12251
64.566 13.9924 0.117048 0.296716 64.478 14.195 0.12251
64.8565 13.9368 0.119838 0.0847255 64.478 14.195 0.12251
64.6005 13.6651 0.126292 0.0142456 64.478 14.195 0.12251
64.5913 14.0815 0.124153 0.142813 64.478 14.195 0.12251
64.5069 14.2923 0.121577 0.0298769 64.478 14.195 0.12251
64.8143 13.9482 0.116333 0.1411 64.478 14.195 0.12251
64.5268 14.2551 0.117517 0.0817904 64.478 14.195 0.12251
64.8262 13.7749 0.113937 0.0259463 64.478 14.195 0.12251
64.8115 14.1263 0.113072 0.125273 64.478 14.195 0.12251
64.4977 14.1257 0.121227 0.140939 64.478 14.195 0.12251
64.6673 14.0253 0.113334 0.257927 64.478 14.195 0.12251
64.5876 14.1293 0.117527 0.255055 64.478 14.195 0.12251
64.566 13.9924 0.117048 0.296716 64.478 14.195 0.12251
64.8143 13.9482 0.116333 0.1411 64.478 14.195 0.12251
64.5136 14.1745 0.120812 0.117077 64.478 14.195 0.12251
64.566 13.9924 0.117048 0.296716 64.478 14.195 0.12251
64.4337 13.9312 0.114011 0.0786147 64.478 14.195 0.12251
64.5219 13.8768 0.129348 0.0352814 64.478 14.195 0.12251
64.6297 14.1245 0.110595 0.15711 64.478 14.195 0.12251
64.8011 13.8569 0.118185 0.0971966 64.478 14.195 0.12251
64.566 13.9924 0.117048 0.296716 64.478 14.195 0.12251
64.5136 14.1745 0.120812 0.117077 64.478 14.195 0.12251
64.6225 14.0778 0.125763 0.0981395 64.478 14.195 0.12251
64.3567 13.9764 0.127546 0.0210488 64.478 14.195 0.12251
64.5875 14.269 0.11562 0.0923335 64.478 14.195 0.12251
64.4551 13.9967 0.113577 0.11369 64.478 14.195 0.12251
64.5622 13.8181 0.120446 0.12539 64.478 14.195 0.12251
64.5136 14.1745 0.120812 0.117077 64.478 14.195 0.12251
64.5219 13.8768 0.129348 0.0352814 64.478 14.195 0.12251
64.5913 14.0815 0.124153 0.142813 64.478 14.195 0.12251
64.6225 14.0778 0.125763 0.0981395 64.478 14.195 0.12251
64.8262 13.7749 0.113937 0.0259463 64.478 14.195 0.12251
64.475 14.2651 0.120838 0.0393187 64.478 14.195 0.12251
64.8143 13.9482 0.116333 0.1411 64.478 14.195 0.12251
64.5136 14.1745 0.120812 0.117077 64.478 14.195 0.12251
64.8638 14.211 0.121915 0.0242848 64.478 14.195 0.12251
64.5069 14.2923 0.121577 0.0298769 64.478 14.195 0.12251
64.566 13.9924 0.117048 0.296716 64.478 14.195 0.12251
64.5136 14.1745 0.120812 0.117077 64.478 14.195 0.12251
64.6673 14.0253 0.113334 0.257927 64.478 14.195 0.12251
64.566 13.9924 0.117048 0.296716 64.478 14.195 0.12251
64.8011 13.8569 0.118185 0.0971966 64.478 14.195 0.12251
64.4551 13.9967 0.113577 0.11369 64.478 14.195 0.12251
64.6673 14.0253 0.113334 0.257927 64.478 14.195 0.12251
64.4436 13.9956 0.130712 0.0158116 64.478 14.195 0.12251
