54.6977 13.6914 0.145137 0.0129652 54.551 13.901 0.14712
54.7973 13.8459 0.145614 0.0409543 54.551 13.901 0.14712
54.7973 13.8459 0.145614 0.0409543 54.551 13.901 0.14712
54.7973 13.8459 0.145614 0.0409543 54.551 13.901 0.14712
54.8545 14.001 0.145127 0.0129488 54.551 13.901 0.14712
54.7503 14.0097 0.14909 0.0138016 54.551 13.901 0.14712
54.7973 13.8459 0.145614 0.0409543 54.551 13.901 0.14712
54.5712 14.2109 0.148421 0.000397059 54.551 13.901 0.14712
54.7973 13.8459 0.145614 0.0409543 54.551 13.901 0.14712
54.7973 13.8459 0.145614 0.0409543 54.551 13.901 0.14712
54.8545 14.001 0.145127 0.0129488 54.551 13.901 0.14712
54.5362 13.8123 0.144803 0.0109357 54.551 13.901 0.14712
54.7973 13.8459 0.145614 0.0409543 54.551 13.901 0.14712
54.5927 13.7073 0.144346 0.00778647 54.551 13.901 0.14712
54.8545 14.001 0.145127 0.0129488 54.551 13.901 0.14712
54.7093 14.1733 0.149046 0.00130924 54.551 13.901 0.14712
54.6977 13.6914 0.145137 0.0129652 54.551 13.901 0.14712
54.5399 13.8953 0.157276 2.28197e-05 54.551 13.901 0.14712
54.7973 13.8459 0.145614 0.0409543 54.551 13.901 0.14712
54.7973 13.8459 0.145614 0.0409543 54.551 13.901 0.14712
55.0227 14.045 0.143664 0.000309794 54.551 13.901 0.14712
54.5927 13.7073 0.144346 0.00778647 54.551 13.901 0.14712
54.7973 13.8459 0.145614 0.0409543 54.551 13.901 0.14712
54.5008 14.0202 0.145467 0.00349106 54.551 13.901 0.14712
54.677 13.8947 0.142105 0.0214157 54.551 13.901 0.14712
54.6919 13.9585 0.151432 0.00727834 54.551 13.901 0.14712
54.5813 13.8822 0.147918 0.0293966 54.551 13.901 0.14712
54.5362 13.8123 0.144803 0.0109357 54.551 13.901 0.14712
54.4444 13.9259 0.147028 0.00357104 54.551 13.901 0.14712
54.7055 13.9173 0.148774 0.0317716 54.551 13.901 0.14712
54.5813 13.8822 0.147918 0.0293966 54.551 13.901 0.14712
54.7055 13.9173 0.148774 0.0317716 54.551 13.901 0.14712
54.5362 13.8123 0.144803 0.0109357 54.551 13.901 0.14712
54.5654 13.8607 0.149598 0.0154274 54.551 13.901 0.14712
54.5572 14.0992 0.151641 0.0019293 54.551 13.901 0.14712
54.7055 13.9173 0.148774 0.0317716 54.551 13.901 0.14712
54.6977 13.6914 0.145137 0.0129652 54.551 13.901 0.14712
54.5813 13.8822 0.147918 0.0293966 54.551 13.901 0.14712
54.7973 13.8459 0.145614 0.0409543 54.551 13.901 0.14712
54.7055 13.9173 0.148774 0.0317716 54.551 13.901 0.14712
54.5927 13.7073 0.144346 0.00778647 54.551 13.901 0.14712
54.5008 14.0202 0.145467 0.00349106 54.551 13.901 0.14712
54.7503 14.0097 0.14909 0.0138016 54.551 13.901 0.14712
54.6977 13.6914 0.145137 0.0129652 54.551 13.901 0.14712
54.7055 13.9173 0.148774 0.0317716 54.551 13.901 0.14712
54.7055 13.9173 0.148774 0.0317716 54.551 13.901 0.14712
54.5813 13.8822 0.147918 0.0293966 54.551 13.901 0.14712
54.5927 13.7073 0.144346 0.00778647 54.551 13.901 0.14712
54.677 13.8947 0.142105 0.0214157 54.551 13.901 0.14712
54.5813 13.8822 0.147918 0.0293966 54.551 13.901 0.14712
54.7503 14.0097 0.14909 0.0138016 54.551 13.901 0.14712
54.5813 13.8822 0.147918 0.0293966 54.551 13.901 0.14712
54.7718 13.7936 0.149278 0.00840159 54.551 13.901 0.14712
54.8545 14.001 0.145127 0.0129488 54.551 13.901 0.14712
54.677 13.8947 0.142105 0.0214157 54.551 13.901 0.14712
54.708 14.1283 0.147328 0.0045166 54.551 13.901 0.14712
54.7973 13.8459 0.145614 0.0409543 54.551 13.901 0.14712
54.6165 13.6936 0.145165 0.00877605 54.551 13.901 0.14712
54.8545 14.001 0.145127 0.0129488 54.551 13.901 0.14712
54.7973 13.8459 0.145614 0.0409543 54.551 13.901 0.14712
54.7313 13.9128 0.151522 0.00510425 54.551 13.901 0.14712
54.5712 14.2109 0.148421 0.000397059 54.551 13.901 0.14712
54.7055 13.9173 0.148774 0.0317716 54.551 13.901 0.14712
54.7973 13.8459 0.145614 0.0409543 54.551 13.901 0.14712
54.8545 14.001 0.145127 0.0129488 54.551 13.901 0.14712
54.6977 13.6914 0.145137 0.0129652 54.551 13.901 0.14712
54.8545 14.001 0.145127 0.0129488 54.551 13.901 0.14712
54.7503 14.0097 0.14909 0.0138016 54.551 13.901 0.14712
54.7503 14.0097 0.14909 0.0138016 54.551 13.901 0.14712
54.5927 13.7073 0.144346 0.00778647 54.551 13.901 0.14712
54.5813 13.8822 0.147918 0.0293966 54.551 13.901 0.14712
54.677 13.8947 0.142105 0.0214157 54.551 13.901 0.14712
54.7055 13.9173 0.148774 0.0317716 54.551 13.901 0.14712
54.983 13.8043 0.14264 0.00319523 54.551 13.901 0.14712
54.4832 13.8279 0.147066 0.00676425 54.551 13.901 0.14712
54.7984 14.0439 0.148606 0.00733057 54.551 13.901 0.14712
54.7055 13.9173 0.148774 0.0317716 54.551 13.901 0.14712
54.7984 14.0439 0.148606 0.00733057 54.551 13.901 0.14712
54.7055 13.9173 0.148774 0.0317716 54.551 13.901 0.14712
54.677 13.8947 0.142105 0.0214157 54.551 13.901 0.14712
54.5813 13.8822 0.147918 0.0293966 54.551 13.901 0.14712
54.8545 14.001 0.145127 0.0129488 54.551 13.901 0.14712
54.7973 13.8459 0.145614 0.0409543 54.551 13.901 0.14712
54.7973 13.8459 0.145614 0.0409543 54.551 13.901 0.14712
54.7313 13.9128 0.151522 0.00510425 54.551 13.901 0.14712
54.7973 13.8459 0.145614 0.0409543 54.551 13.901 0.14712
54.8545 14.001 0.145127 0.0129488 54.551 13.901 0.14712
54.6165 13.6936 0.145165 0.00877605 54.551 13.901 0.14712
54.7503 14.0097 0.14909 0.0138016 54.551 13.901 0.14712
54.7973 13.8459 0.145614 0.0409543 54.551 13.901 0.14712
54.8545 14.001 0.145127 0.0129488 54.551 13.901 0.14712
54.7503 14.0097 0.14909 0.0138016 54.551 13.901 0.14712
54.7973 13.8459 0.145614 0.0409543 54.551 13.901 0.14712
54.5362 13.8123 0.144803 0.0109357 54.551 13.901 0.14712
54.708 14.1283 0.147328 0.0045166 54.551 13.901 0.14712
54.5813 13.8822 0.147918 0.0293966 54.551 13.901 0.14712
54.677 13.8947 0.142105 0.0214157 54.551 13.901 0.14712
54.677 13.8947 0.142105 0.0214157 54.551 13.901 0.14712
54.5362 13.8123 0.144803 0.0109357 54.551 13.901 0.14712
54.5813 13.8822 0.147918 0.0293966 54.551 13.901 0.14712
54.677 13.8947 0.142105 0.0214157 54.551 13.901 0.14712
54.7973 13.8459 0.145614 0.0409543 54.551 13.901 0.14712
54.677 13.8947 0.142105 0.0214157 54.551 13.901 0.14712
54.5362 13.8123 0.144803 0.0109357 54.551 13.901 0.14712
54.5927 13.7073 0.144346 0.00778647 54.551 13.901 0.14712
54.7055 13.9173 0.148774 0.0317716 54.551 13.901 0.14712
54.5362 13.8123 0.144803 0.0109357 54.551 13.901 0.14712
54.5362 13.8123 0.144803 0.0109357 54.551 13.901 0.14712
54.7973 13.8459 0.145614 0.0409543 54.551 13.901 0.14712
54.5654 13.8607 0.149598 0.0154274 54.551 13.901 0.14712
54.5362 13.8123 0.144803 0.0109357 54.551 13.901 0.14712
54.5654 13.8607 0.149598 0.0154274 54.551 13.901 0.14712
54.5678 13.9622 0.152711 0.00333306 54.551 13.901 0.14712
54.5572 14.0992 0.151641 0.0019293 54.551 13.901 0.14712
54.6977 13.6914 0.145137 0.0129652 54.551 13.901 0.14712
54.708 14.1283 0.147328 0.0045166 54.551 13.901 0.14712
54.7973 13.8459 0.145614 0.0409543 54.551 13.901 0.14712
54.8545 14.001 0.145127 0.0129488 54.551 13.901 0.14712
54.7973 13.8459 0.145614 0.0409543 54.551 13.901 0.14712
54.7055 13.9173 0.148774 0.0317716 54.551 13.901 0.14712
54.7055 13.9173 0.148774 0.0317716 54.551 13.901 0.14712
54.5654 13.8607 0.149598 0.0154274 54.551 13.901 0.14712
54.6977 13.6914 0.145137 0.0129652 54.551 13.901 0.14712
54.7718 13.7936 0.149278 0.00840159 54.551 13.901 0.14712
54.5813 13.8822 0.147918 0.0293966 54.551 13.901 0.14712
54.708 14.1283 0.147328 0.0045166 54.551 13.901 0.14712
54.7973 13.8459 0.145614 0.0409543 54.551 13.901 0.14712
54.6977 13.6914 0.145137 0.0129652 54.551 13.901 0.14712
54.5651 14.1377 0.150686 0.00152802 54.551 13.901 0.14712
54.7055 13.9173 0.148774 0.0317716 54.551 13.901 0.14712
54.7973 13.8459 0.145614 0.0409543 54.551 13.901 0.14712
54.7973 13.8459 0.145614 0.0409543 54.551 13.901 0.14712
54.7055 13.9173 0.148774 0.0317716 54.551 13.901 0.14712
54.4444 13.9259 0.147028 0.00357104 54.551 13.901 0.14712
54.6977 13.6914 0.145137 0.0129652 54.551 13.901 0.14712
54.7055 13.9173 0.148774 0.0317716 54.551 13.901 0.14712
54.7313 13.9128 0.151522 0.00510425 54.551 13.901 0.14712
54.7984 14.0439 0.148606 0.00733057 54.551 13.901 0.14712
54.7984 14.0439 0.148606 0.00733057 54.551 13.901 0.14712
54.5654 13.8607 0.149598 0.0154274 54.551 13.901 0.14712
54.7718 13.7936 0.149278 0.00840159 54.551 13.901 0.14712
54.7313 13.9128 0.151522 0.00510425 54.551 13.901 0.14712
54.5927 13.7073 0.144346 0.00778647 54.551 13.901 0.14712
54.7973 13.8459 0.145614 0.0409543 54.551 13.901 0.14712
54.7973 13.8459 0.145614 0.0409543 54.551 13.901 0.14712
54.6047 14.1059 0.153328 0.000727434 54.551 13.901 0.14712
54.5008 14.0202 0.145467 0.00349106 54.551 13.901 0.14712
54.55 14.0918 0.15382 0.000556029 54.551 13.901 0.14712
54.5813 13.8822 0.147918 0.0293966 54.551 13.901 0.14712
54.4444 13.9259 0.147028 0.00357104 54.551 13.901 0.14712
54.6977 13.6914 0.145137 0.0129652 54.551 13.901 0.14712
54.6165 13.6936 0.145165 0.00877605 54.551 13.901 0.14712
54.7055 13.9173 0.148774 0.0317716 54.551 13.901 0.14712
54.5654 13.8607 0.149598 0.0154274 54.551 13.901 0.14712
54.5813 13.8822 0.147918 0.0293966 54.551 13.901 0.14712
54.5813 13.8822 0.147918 0.0293966 54.551 13.901 0.14712
54.6165 13.6936 0.145165 0.00877605 54.551 13.901 0.14712
54.7718 13.7936 0.149278 0.00840159 54.551 13.901 0.14712
54.5654 13.8607 0.149598 0.0154274 54.551 13.901 0.14712
54.5362 13.8123 0.144803 0.0109357 54.551 13.901 0.14712
54.677 13.8947 0.142105 0.0214157 54.551 13.901 0.14712
54.5813 13.8822 0.147918 0.0293966 54.551 13.901 0.14712
54.7718 13.7936 0.149278 0.00840159 54.551 13.901 0.14712
54.5654 13.8607 0.149598 0.0154274 54.551 13.901 0.14712
54.677 13.8947 0.142105 0.0214157 54.551 13.901 0.14712
54.8545 14.001 0.145127 0.0129488 54.551 13.901 0.14712
54.6977 13.6914 0.145137 0.0129652 54.551 13.901 0.14712
54.677 13.8947 0.142105 0.0214157 54.551 13.901 0.14712
54.677 13.8947 0.142105 0.0214157 54.551 13.901 0.14712
54.5654 13.8607 0.149598 0.0154274 54.551 13.901 0.14712
54.5654 13.8607 0.149598 0.0154274 54.551 13.901 0.14712
54.5813 13.8822 0.147918 0.0293966 54.551 13.901 0.14712
54.5813 13.8822 0.147918 0.0293966 54.551 13.901 0.14712
54.677 13.8947 0.142105 0.0214157 54.551 13.901 0.14712
54.7055 13.9173 0.148774 0.0317716 54.551 13.901 0.14712
54.7055 13.9173 0.148774 0.0317716 54.551 13.901 0.14712
54.7055 13.9173 0.148774 0.0317716 54.551 13.901 0.14712
54.5813 13.8822 0.147918 0.0293966 54.551 13.901 0.14712
54.5813 13.8822 0.147918 0.0293966 54.551 13.901 0.14712
54.6919 13.9585 0.151432 0.00727834 54.551 13.901 0.14712
54.677 13.8947 0.142105 0.0214157 54.551 13.901 0.14712
54.8545 14.001 0.145127 0.0129488 54.551 13.901 0.14712
54.6919 13.9585 0.151432 0.00727834 54.551 13.901 0.14712
54.677 13.8947 0.142105 0.0214157 54.551 13.901 0.14712
54.5654 13.8607 0.149598 0.0154274 54.551 13.901 0.14712
54.7984 14.0439 0.148606 0.00733057 54.551 13.901 0.14712
54.7973 13.8459 0.145614 0.0409543 54.551 13.901 0.14712
54.5927 13.7073 0.144346 0.00778647 54.551 13.901 0.14712
54.7973 13.8459 0.145614 0.0409543 54.551 13.901 0.14712
54.4719 13.9596 0.14581 0.00401026 54.551 13.901 0.14712
54.7973 13.8459 0.145614 0.0409543 54.551 13.901 0.14712
54.708 14.1283 0.147328 0.0045166 54.551 13.901 0.14712
54.6977 13.6914 0.145137 0.0129652 54.551 13.901 0.14712
54.5813 13.8822 0.147918 0.0293966 54.551 13.901 0.14712
54.7055 13.9173 0.148774 0.0317716 54.551 13.901 0.14712
54.8223 13.7888 0.140164 0.0107951 54.551 13.901 0.14712
54.5813 13.8822 0.147918 0.0293966 54.551 13.901 0.14712
54.7973 13.8459 0.145614 0.0409543 54.551 13.901 0.14712
54.6977 13.6914 0.145137 0.0129652 54.551 13.901 0.14712
54.7503 14.0097 0.14909 0.0138016 54.551 13.901 0.14712
