-36.6695 -29.5497 1.24103 0.0769514 -36.873 -29.514 1.2402
-36.8556 -29.3624 1.24063 0.334352 -36.873 -29.514 1.2402
-36.6695 -29.5497 1.24103 0.0769514 -36.873 -29.514 1.2402
-36.728 -29.3857 1.23915 0.194984 -36.873 -29.514 1.2402
-36.8848 -29.5344 1.24144 0.290519 -36.873 -29.514 1.2402
-36.728 -29.3857 1.23915 0.194984 -36.873 -29.514 1.2402
-37.0048 -29.2292 1.24079 0.0297867 -36.873 -29.514 1.2402
-36.8556 -29.3624 1.24063 0.334352 -36.873 -29.514 1.2402
-36.8734 -29.2861 1.24275 0.118047 -36.873 -29.514 1.2402
-36.8182 -29.5557 1.23429 0.00812305 -36.873 -29.514 1.2402
-36.7197 -29.476 1.24033 0.194154 -36.873 -29.514 1.2402
-36.9842 -29.6194 1.2452 0.10113 -36.873 -29.514 1.2402
-36.8556 -29.3624 1.24063 0.334352 -36.873 -29.514 1.2402
-36.6695 -29.5497 1.24103 0.0769514 -36.873 -29.514 1.2402
-36.8556 -29.3624 1.24063 0.334352 -36.873 -29.514 1.2402
-36.8848 -29.5344 1.24144 0.290519 -36.873 -29.514 1.2402
-36.8848 -29.5344 1.24144 0.290519 -36.873 -29.514 1.2402
-36.8848 -29.5344 1.24144 0.290519 -36.873 -29.514 1.2402
-36.7531 -29.3741 1.23392 0.0388728 -36.873 -29.514 1.2402
-36.8556 -29.3624 1.24063 0.334352 -36.873 -29.514 1.2402
-36.728 -29.3857 1.23915 0.194984 -36.873 -29.514 1.2402
-36.8848 -29.5344 1.24144 0.290519 -36.873 -29.514 1.2402
-36.728 -29.3857 1.23915 0.194984 -36.873 -29.514 1.2402
-37.0803 -29.3726 1.24576 0.0168493 -36.873 -29.514 1.2402
-37.0032 -29.2362 1.24364 0.015319 -36.873 -29.514 1.2402
-36.7947 -29.2404 1.24285 0.0513321 -36.873 -29.514 1.2402
-36.7608 -29.3107 1.24652 0.0279506 -36.873 -29.514 1.2402
-36.7197 -29.476 1.24033 0.194154 -36.873 -29.514 1.2402
-36.9228 -29.3362 1.23475 0.0631013 -36.873 -29.514 1.2402
-36.8556 -29.3624 1.24063 0.334352 -36.873 -29.514 1.2402
-36.8556 -29.3624 1.24063 0.334352 -36.873 -29.514 1.2402
-36.9473 -29.6389 1.24466 0.11569 -36.873 -29.514 1.2402
-36.795 -29.3858 1.23881 0.280932 -36.873 -29.514 1.2402
-36.9473 -29.6389 1.24466 0.11569 -36.873 -29.514 1.2402
-36.9169 -29.2678 1.23528 0.0674763 -36.873 -29.514 1.2402
-36.7947 -29.2404 1.24285 0.0513321 -36.873 -29.514 1.2402
-36.9275 -29.2405 1.23858 0.086642 -36.873 -29.514 1.2402
-36.8556 -29.3624 1.24063 0.334352 -36.873 -29.514 1.2402
-36.7197 -29.476 1.24033 0.194154 -36.873 -29.514 1.2402
-36.795 -29.3858 1.23881 0.280932 -36.873 -29.514 1.2402
-36.728 -29.3857 1.23915 0.194984 -36.873 -29.514 1.2402
-36.7536 -29.3842 1.24903 0.0185656 -36.873 -29.514 1.2402
-36.8556 -29.3624 1.24063 0.334352 -36.873 -29.514 1.2402
-36.728 -29.3857 1.23915 0.194984 -36.873 -29.514 1.2402
-36.8556 -29.3624 1.24063 0.334352 -36.873 -29.514 1.2402
-36.8556 -29.3624 1.24063 0.334352 -36.873 -29.514 1.2402
-36.9473 -29.6389 1.24466 0.11569 -36.873 -29.514 1.2402
-36.8848 -29.5344 1.24144 0.290519 -36.873 -29.514 1.2402
-36.9586 -29.7615 1.24353 0.0115296 -36.873 -29.514 1.2402
-36.8556 -29.3624 1.24063 0.334352 -36.873 -29.514 1.2402
-36.795 -29.3858 1.23881 0.280932 -36.873 -29.514 1.2402
-36.8848 -29.5344 1.24144 0.290519 -36.873 -29.514 1.2402
-36.9473 -29.6389 1.24466 0.11569 -36.873 -29.514 1.2402
-36.7031 -29.6027 1.23936 0.0370418 -36.873 -29.514 1.2402
-36.795 -29.3858 1.23881 0.280932 -36.873 -29.514 1.2402
-36.728 -29.3857 1.23915 0.194984 -36.873 -29.514 1.2402
-36.8848 -29.5344 1.24144 0.290519 -36.873 -29.514 1.2402
-36.8297 -29.2959 1.24579 0.0429135 -36.873 -29.514 1.2402
-37.0048 -29.2292 1.24079 0.0297867 -36.873 -29.514 1.2402
-36.6695 -29.5497 1.24103 0.0769514 -36.873 -29.514 1.2402
-36.7536 -29.3842 1.24903 0.0185656 -36.873 -29.514 1.2402
-36.9275 -29.2405 1.23858 0.086642 -36.873 -29.514 1.2402
-37.0671 -29.5835 1.24175 0.0314597 -36.873 -29.514 1.2402
-36.728 -29.3857 1.23915 0.194984 -36.873 -29.514 1.2402
-36.728 -29.3857 1.23915 0.194984 -36.873 -29.514 1.2402
-36.8708 -29.6143 1.23534 0.00556501 -36.873 -29.514 1.2402
-36.8386 -29.3106 1.23276 0.031142 -36.873 -29.514 1.2402
-36.9169 -29.2678 1.23528 0.0674763 -36.873 -29.514 1.2402
-36.824 -29.4382 1.23462 0.0493059 -36.873 -29.514 1.2402
-36.728 -29.3857 1.23915 0.194984 -36.873 -29.514 1.2402
-36.8556 -29.3624 1.24063 0.334352 -36.873 -29.514 1.2402
-36.8848 -29.5344 1.24144 0.290519 -36.873 -29.514 1.2402
-36.7531 -29.3741 1.23392 0.0388728 -36.873 -29.514 1.2402
-36.728 -29.3857 1.23915 0.194984 -36.873 -29.514 1.2402
-36.7947 -29.2404 1.24285 0.0513321 -36.873 -29.514 1.2402
-36.8848 -29.5344 1.24144 0.290519 -36.873 -29.514 1.2402
-36.7197 -29.476 1.24033 0.194154 -36.873 -29.514 1.2402
-36.9929 -29.3005 1.23678 0.0617235 -36.873 -29.514 1.2402
-36.6695 -29.5497 1.24103 0.0769514 -36.873 -29.514 1.2402
-36.8848 -29.5344 1.24144 0.290519 -36.873 -29.514 1.2402
-37.0455 -29.5244 1.23439 0.00272774 -36.873 -29.514 1.2402
-36.7531 -29.3741 1.23392 0.0388728 -36.873 -29.514 1.2402
-36.728 -29.3857 1.23915 0.194984 -36.873 -29.514 1.2402
-36.8848 -29.5344 1.24144 0.290519 -36.873 -29.514 1.2402
-36.9169 -29.2678 1.23528 0.0674763 -36.873 -29.514 1.2402
-36.6695 -29.5497 1.24103 0.0769514 -36.873 -29.514 1.2402
-36.9842 -29.6194 1.2452 0.10113 -36.873 -29.514 1.2402
-36.9842 -29.6194 1.2452 0.10113 -36.873 -29.514 1.2402
-36.9169 -29.2678 1.23528 0.0674763 -36.873 -29.514 1.2402
-36.8556 -29.3624 1.24063 0.334352 -36.873 -29.514 1.2402
-36.7197 -29.476 1.24033 0.194154 -36.873 -29.514 1.2402
-37.182 -29.6506 1.25011 0.000941041 -36.873 -29.514 1.2402
-36.8556 -29.3624 1.24063 0.334352 -36.873 -29.514 1.2402
-36.9228 -29.3362 1.23475 0.0631013 -36.873 -29.514 1.2402
-36.9473 -29.6389 1.24466 0.11569 -36.873 -29.514 1.2402
-36.795 -29.3858 1.23881 0.280932 -36.873 -29.514 1.2402
-36.8848 -29.5344 1.24144 0.290519 -36.873 -29.514 1.2402
-36.9842 -29.6194 1.2452 0.10113 -36.873 -29.514 1.2402
-36.6695 -29.5497 1.24103 0.0769514 -36.873 -29.514 1.2402
-36.7197 -29.476 1.24033 0.194154 -36.873 -29.514 1.2402
-36.812 -29.5164 1.23541 0.0329188 -36.873 -29.514 1.2402
-36.9835 -29.4874 1.23489 0.0152563 -36.873 -29.514 1.2402
-37.1076 -29.3114 1.244 0.00857777 -36.873 -29.514 1.2402
-36.728 -29.3857 1.23915 0.194984 -36.873 -29.514 1.2402
-36.8556 -29.3624 1.24063 0.334352 -36.873 -29.514 1.2402
-36.9929 -29.3005 1.23678 0.0617235 -36.873 -29.514 1.2402
-36.795 -29.3858 1.23881 0.280932 -36.873 -29.514 1.2402
-36.8556 -29.3624 1.24063 0.334352 -36.873 -29.514 1.2402
-36.8556 -29.3624 1.24063 0.334352 -36.873 -29.514 1.2402
-36.7197 -29.476 1.24033 0.194154 -36.873 -29.514 1.2402
-36.8386 -29.3106 1.23276 0.031142 -36.873 -29.514 1.2402
-36.9842 -29.6194 1.2452 0.10113 -36.873 -29.514 1.2402
-36.812 -29.5164 1.23541 0.0329188 -36.873 -29.514 1.2402
-36.9842 -29.6194 1.2452 0.10113 -36.873 -29.514 1.2402
-36.8848 -29.5344 1.24144 0.290519 -36.873 -29.514 1.2402
-36.7197 -29.476 1.24033 0.194154 -36.873 -29.514 1.2402
-36.8734 -29.2861 1.24275 0.118047 -36.873 -29.514 1.2402
-36.8556 -29.3624 1.24063 0.334352 -36.873 -29.514 1.2402
-36.7197 -29.476 1.24033 0.194154 -36.873 -29.514 1.2402
-36.7197 -29.476 1.24033 0.194154 -36.873 -29.514 1.2402
-36.795 -29.3858 1.23881 0.280932 -36.873 -29.514 1.2402
-36.8556 -29.3624 1.24063 0.334352 -36.873 -29.514 1.2402
-36.9842 -29.6194 1.2452 0.10113 -36.873 -29.514 1.2402
-36.728 -29.3857 1.23915 0.194984 -36.873 -29.514 1.2402
-36.795 -29.3858 1.23881 0.280932 -36.873 -29.514 1.2402
-36.9169 -29.2678 1.23528 0.0674763 -36.873 -29.514 1.2402
-36.6695 -29.5497 1.24103 0.0769514 -36.873 -29.514 1.2402
-36.9169 -29.2678 1.23528 0.0674763 -36.873 -29.514 1.2402
-36.6695 -29.5497 1.24103 0.0769514 -36.873 -29.514 1.2402
-36.8556 -29.3624 1.24063 0.334352 -36.873 -29.514 1.2402
-36.6695 -29.5497 1.24103 0.0769514 -36.873 -29.514 1.2402
-36.8734 -29.2861 1.24275 0.118047 -36.873 -29.514 1.2402
-36.7197 -29.476 1.24033 0.194154 -36.873 -29.514 1.2402
-36.795 -29.3858 1.23881 0.280932 -36.873 -29.514 1.2402
-36.795 -29.3858 1.23881 0.280932 -36.873 -29.514 1.2402
-36.728 -29.3857 1.23915 0.194984 -36.873 -29.514 1.2402
-36.7197 -29.476 1.24033 0.194154 -36.873 -29.514 1.2402
-36.8386 -29.3106 1.23276 0.031142 -36.873 -29.514 1.2402
-36.8848 -29.5344 1.24144 0.290519 -36.873 -29.514 1.2402
-36.7197 -29.476 1.24033 0.194154 -36.873 -29.514 1.2402
-36.795 -29.3858 1.23881 0.280932 -36.873 -29.514 1.2402
-36.8734 -29.2861 1.24275 0.118047 -36.873 -29.514 1.2402
-36.9275 -29.2405 1.23858 0.086642 -36.873 -29.514 1.2402
-36.728 -29.3857 1.23915 0.194984 -36.873 -29.514 1.2402
-36.8848 -29.5344 1.24144 0.290519 -36.873 -29.514 1.2402
-36.8556 -29.3624 1.24063 0.334352 -36.873 -29.514 1.2402
-36.8734 -29.2861 1.24275 0.118047 -36.873 -29.514 1.2402
-36.9275 -29.2405 1.23858 0.086642 -36.873 -29.514 1.2402
-36.824 -29.4382 1.23462 0.0493059 -36.873 -29.514 1.2402
-36.9842 -29.6194 1.2452 0.10113 -36.873 -29.514 1.2402
-36.9473 -29.6389 1.24466 0.11569 -36.873 -29.514 1.2402
-36.8556 -29.3624 1.24063 0.334352 -36.873 -29.514 1.2402
-36.8734 -29.2861 1.24275 0.118047 -36.873 -29.514 1.2402
-36.9842 -29.6194 1.2452 0.10113 -36.873 -29.514 1.2402
-36.9275 -29.2405 1.23858 0.086642 -36.873 -29.514 1.2402
-36.8386 -29.3106 1.23276 0.031142 -36.873 -29.514 1.2402
-36.8556 -29.3624 1.24063 0.334352 -36.873 -29.514 1.2402
-36.824 -29.4382 1.23462 0.0493059 -36.873 -29.514 1.2402
-36.8556 -29.3624 1.24063 0.334352 -36.873 -29.514 1.2402
-36.7197 -29.476 1.24033 0.194154 -36.873 -29.514 1.2402
-36.795 -29.3858 1.23881 0.280932 -36.873 -29.514 1.2402
-36.8556 -29.3624 1.24063 0.334352 -36.873 -29.514 1.2402
-36.8556 -29.3624 1.24063 0.334352 -36.873 -29.514 1.2402
-36.9842 -29.6194 1.2452 0.10113 -36.873 -29.514 1.2402
-36.7536 -29.3842 1.24903 0.0185656 -36.873 -29.514 1.2402
-36.7947 -29.2404 1.24285 0.0513321 -36.873 -29.514 1.2402
-36.8734 -29.2861 1.24275 0.118047 -36.873 -29.514 1.2402
-36.8848 -29.5344 1.24144 0.290519 -36.873 -29.514 1.2402
-36.8848 -29.5344 1.24144 0.290519 -36.873 -29.514 1.2402
-37.0048 -29.2292 1.24079 0.0297867 -36.873 -29.514 1.2402
-36.9228 -29.3362 1.23475 0.0631013 -36.873 -29.514 1.2402
-36.8556 -29.3624 1.24063 0.334352 -36.873 -29.514 1.2402
-36.8848 -29.5344 1.24144 0.290519 -36.873 -29.514 1.2402
-36.7197 -29.476 1.24033 0.194154 -36.873 -29.514 1.2402
-36.8556 -29.3624 1.24063 0.334352 -36.873 -29.514 1.2402
-36.8556 -29.3624 1.24063 0.334352 -36.873 -29.514 1.2402
-36.9842 -29.6194 1.2452 0.10113 -36.873 -29.514 1.2402
-36.8556 -29.3624 1.24063 0.334352 -36.873 -29.514 1.2402
-36.795 -29.3858 1.23881 0.280932 -36.873 -29.514 1.2402
-36.9645 -29.3135 1.24423 0.0661884 -36.873 -29.514 1.2402
-36.8556 -29.3624 1.24063 0.334352 -36.873 -29.514 1.2402
-36.9275 -29.2405 1.23858 0.086642 -36.873 -29.514 1.2402
-36.795 -29.3858 1.23881 0.280932 -36.873 -29.514 1.2402
-36.728 -29.3857 1.23915 0.194984 -36.873 -29.514 1.2402
-36.9842 -29.6194 1.2452 0.10113 -36.873 -29.514 1.2402
-36.7031 -29.6027 1.23936 0.0370418 -36.873 -29.514 1.2402
-36.6957 -29.9288 1.25078 0.00029567 -36.873 -29.514 1.2402
-36.7031 -29.6027 1.23936 0.0370418 -36.873 -29.514 1.2402
-36.7947 -29.2404 1.24285 0.0513321 -36.873 -29.514 1.2402
-36.8734 -29.2861 1.24275 0.118047 -36.873 -29.514 1.2402
-36.8848 -29.5344 1.24144 0.290519 -36.873 -29.514 1.2402
-36.8848 -29.5344 1.24144 0.290519 -36.873 -29.514 1.2402
-36.8848 -29.5344 1.24144 0.290519 -36.873 -29.514 1.2402
-36.728 -29.3857 1.23915 0.194984 -36.873 -29.514 1.2402
-36.9275 -29.2405 1.23858 0.086642 -36.873 -29.514 1.2402
-36.728 -29.3857 1.23915 0.194984 -36.873 -29.514 1.2402
-36.9929 -29.3005 1.23678 0.0617235 -36.873 -29.514 1.2402
-36.7197 -29.476 1.24033 0.194154 -36.873 -29.514 1.2402
-36.8556 -29.3624 1.24063 0.334352 -36.873 -29.514 1.2402
-36.9842 -29.6194 1.2452 0.10113 -36.873 -29.514 1.2402
