70.7948 15.0863 0.114743 0.1641 70.79 14.919 0.11157
70.7143 14.6987 0.108109 0.342545 70.79 14.919 0.11157
70.714 15.0055 0.109898 0.319689 70.79 14.919 0.11157
70.9994 14.8272 0.102604 0.259767 70.79 14.919 0.11157
70.8732 15.0221 0.115176 0.278072 70.79 14.919 0.11157
70.8255 14.861 0.112843 0.79121 70.79 14.919 0.11157
70.7948 15.0863 0.114743 0.1641 70.79 14.919 0.11157
70.8917 14.9863 0.112965 0.452454 70.79 14.919 0.11157
70.714 15.0055 0.109898 0.319689 70.79 14.919 0.11157
70.6592 14.8795 0.114393 0.353865 70.79 14.919 0.11157
70.7948 15.0863 0.114743 0.1641 70.79 14.919 0.11157
70.6592 14.8795 0.114393 0.353865 70.79 14.919 0.11157
70.965 14.9388 0.115385 0.309355 70.79 14.919 0.11157
70.8255 14.861 0.112843 0.79121 70.79 14.919 0.11157
70.8079 14.8575 0.115939 0.548728 70.79 14.919 0.11157
70.8512 14.7847 0.118456 0.304671 70.79 14.919 0.11157
70.6581 14.9609 0.118053 0.154154 70.79 14.919 0.11157
70.8732 15.0221 0.115176 0.278072 70.79 14.919 0.11157
70.7244 14.7544 0.116189 0.372827 70.79 14.919 0.11157
71.0637 14.7219 0.121879 0.0192777 70.79 14.919 0.11157
70.6769 14.6848 0.11073 0.281322 70.79 14.919 0.11157
70.6581 14.9609 0.118053 0.154154 70.79 14.919 0.11157
70.8004 14.9972 0.116544 0.281778 70.79 14.919 0.11157
70.7244 14.7544 0.116189 0.372827 70.79 14.919 0.11157
70.8255 14.861 0.112843 0.79121 70.79 14.919 0.11157
70.9994 14.8272 0.102604 0.259767 70.79 14.919 0.11157
70.8512 14.7847 0.118456 0.304671 70.79 14.919 0.11157
70.8131 15 0.115445 0.33327 70.79 14.919 0.11157
70.8704 14.9977 0.110075 0.492919 70.79 14.919 0.11157
70.8512 14.7847 0.118456 0.304671 70.79 14.919 0.11157
70.6416 14.9326 0.126773 0.00913595 70.79 14.919 0.11157
70.8026 14.7742 0.115357 0.550887 70.79 14.919 0.11157
70.7244 14.7544 0.116189 0.372827 70.79 14.919 0.11157
70.5157 14.6481 0.119412 0.0181629 70.79 14.919 0.11157
70.9541 14.8467 0.124571 0.0241512 70.79 14.919 0.11157
70.7014 14.664 0.115562 0.217668 70.79 14.919 0.11157
70.8004 14.9972 0.116544 0.281778 70.79 14.919 0.11157
70.6769 14.6848 0.11073 0.281322 70.79 14.919 0.11157
70.965 14.9388 0.115385 0.309355 70.79 14.919 0.11157
70.8079 14.8575 0.115939 0.548728 70.79 14.919 0.11157
70.714 15.0055 0.109898 0.319689 70.79 14.919 0.11157
70.9104 14.9756 0.121381 0.0729025 70.79 14.919 0.11157
70.6769 14.6848 0.11073 0.281322 70.79 14.919 0.11157
70.5684 14.7539 0.114467 0.131967 70.79 14.919 0.11157
70.8079 14.8575 0.115939 0.548728 70.79 14.919 0.11157
70.8079 14.8575 0.115939 0.548728 70.79 14.919 0.11157
70.8704 14.9977 0.110075 0.492919 70.79 14.919 0.11157
70.8917 14.9863 0.112965 0.452454 70.79 14.919 0.11157
70.7244 14.7544 0.116189 0.372827 70.79 14.919 0.11157
70.7244 14.7544 0.116189 0.372827 70.79 14.919 0.11157
70.6466 14.9275 0.101244 0.0643436 70.79 14.919 0.11157
70.8704 14.9977 0.110075 0.492919 70.79 14.919 0.11157
70.8917 14.9863 0.112965 0.452454 70.79 14.919 0.11157
70.6592 14.8795 0.114393 0.353865 70.79 14.919 0.11157
71.0637 14.7219 0.121879 0.0192777 70.79 14.919 0.11157
70.9561 14.9954 0.112313 0.348309 70.79 14.919 0.11157
70.7285 14.9698 0.122054 0.071792 70.79 14.919 0.11157
70.8079 14.8575 0.115939 0.548728 70.79 14.919 0.11157
70.8255 14.861 0.112843 0.79121 70.79 14.919 0.11157
71.0644 15.0756 0.11636 0.0386872 70.79 14.919 0.11157
70.5777 14.8528 0.123984 0.021455 70.79 14.919 0.11157
70.8917 14.9863 0.112965 0.452454 70.79 14.919 0.11157
70.5288 14.8917 0.121833 0.0240527 70.79 14.919 0.11157
70.8026 14.7742 0.115357 0.550887 70.79 14.919 0.11157
70.9561 14.9954 0.112313 0.348309 70.79 14.919 0.11157
71.0644 15.0756 0.11636 0.0386872 70.79 14.919 0.11157
70.7553 15.005 0.124737 0.0219712 70.79 14.919 0.11157
70.6122 15.0921 0.106716 0.0449632 70.79 14.919 0.11157
70.8131 15 0.115445 0.33327 70.79 14.919 0.11157
70.6122 15.0921 0.106716 0.0449632 70.79 14.919 0.11157
70.8382 14.904 0.119779 0.210989 70.79 14.919 0.11157
70.8026 14.7742 0.115357 0.550887 70.79 14.919 0.11157
70.8004 14.9972 0.116544 0.281778 70.79 14.919 0.11157
71.1216 14.7699 0.112281 0.123016 70.79 14.919 0.11157
70.8004 14.9972 0.116544 0.281778 70.79 14.919 0.11157
70.714 15.0055 0.109898 0.319689 70.79 14.919 0.11157
70.9994 14.8272 0.102604 0.259767 70.79 14.919 0.11157
70.8704 14.9977 0.110075 0.492919 70.79 14.919 0.11157
70.8255 14.861 0.112843 0.79121 70.79 14.919 0.11157
70.7845 14.9603 0.106113 0.42682 70.79 14.919 0.11157
70.8255 14.861 0.112843 0.79121 70.79 14.919 0.11157
70.8079 14.8575 0.115939 0.548728 70.79 14.919 0.11157
71.1379 14.889 0.110218 0.123092 70.79 14.919 0.11157
70.7395 14.9166 0.122802 0.0736757 70.79 14.919 0.11157
70.8004 14.9972 0.116544 0.281778 70.79 14.919 0.11157
70.5938 14.6429 0.108217 0.0784786 70.79 14.919 0.11157
70.9561 14.9954 0.112313 0.348309 70.79 14.919 0.11157
71.1379 14.889 0.110218 0.123092 70.79 14.919 0.11157
70.9561 14.9954 0.112313 0.348309 70.79 14.919 0.11157
70.9331 14.8508 0.123154 0.0507831 70.79 14.919 0.11157
70.8026 14.7742 0.115357 0.550887 70.79 14.919 0.11157
70.7999 15.1109 0.122075 0.0219298 70.79 14.919 0.11157
70.6731 14.6672 0.11811 0.124409 70.79 14.919 0.11157
70.8004 14.9972 0.116544 0.281778 70.79 14.919 0.11157
70.714 15.0055 0.109898 0.319689 70.79 14.919 0.11157
70.5684 14.7539 0.114467 0.131967 70.79 14.919 0.11157
70.6592 14.8795 0.114393 0.353865 70.79 14.919 0.11157
70.7948 15.0863 0.114743 0.1641 70.79 14.919 0.11157
70.7845 14.9603 0.106113 0.42682 70.79 14.919 0.11157
70.8026 14.7742 0.115357 0.550887 70.79 14.919 0.11157
70.8255 14.861 0.112843 0.79121 70.79 14.919 0.11157
70.8704 14.9977 0.110075 0.492919 70.79 14.919 0.11157
70.8026 14.7742 0.115357 0.550887 70.79 14.919 0.11157
70.8704 14.9977 0.110075 0.492919 70.79 14.919 0.11157
70.9994 14.8272 0.102604 0.259767 70.79 14.919 0.11157
70.8004 14.9972 0.116544 0.281778 70.79 14.919 0.11157
70.8288 14.7124 0.126967 0.0103683 70.79 14.919 0.11157
70.8917 14.9863 0.112965 0.452454 70.79 14.919 0.11157
70.965 14.9388 0.115385 0.309355 70.79 14.919 0.11157
70.8026 14.7742 0.115357 0.550887 70.79 14.919 0.11157
70.965 14.9388 0.115385 0.309355 70.79 14.919 0.11157
70.8026 14.7742 0.115357 0.550887 70.79 14.919 0.11157
70.8131 15 0.115445 0.33327 70.79 14.919 0.11157
70.6581 14.9324 0.11251 0.33452 70.79 14.919 0.11157
70.7285 14.9698 0.122054 0.071792 70.79 14.919 0.11157
70.9994 14.8272 0.102604 0.259767 70.79 14.919 0.11157
70.8704 14.9977 0.110075 0.492919 70.79 14.919 0.11157
70.8079 14.8575 0.115939 0.548728 70.79 14.919 0.11157
70.8255 14.861 0.112843 0.79121 70.79 14.919 0.11157
70.8026 14.7742 0.115357 0.550887 70.79 14.919 0.11157
70.3626 14.7917 0.112629 0.0054455 70.79 14.919 0.11157
70.8026 14.7742 0.115357 0.550887 70.79 14.919 0.11157
70.8917 14.9863 0.112965 0.452454 70.79 14.919 0.11157
70.8026 14.7742 0.115357 0.550887 70.79 14.919 0.11157
70.714 15.0055 0.109898 0.319689 70.79 14.919 0.11157
70.7285 14.9698 0.122054 0.071792 70.79 14.919 0.11157
70.7143 14.6987 0.108109 0.342545 70.79 14.919 0.11157
70.8131 15 0.115445 0.33327 70.79 14.919 0.11157
70.7143 14.6987 0.108109 0.342545 70.79 14.919 0.11157
70.877 15.2774 0.11842 0.0041262 70.79 14.919 0.11157
70.6769 14.6848 0.11073 0.281322 70.79 14.919 0.11157
70.8704 14.9977 0.110075 0.492919 70.79 14.919 0.11157
70.965 14.9388 0.115385 0.309355 70.79 14.919 0.11157
70.8004 14.9972 0.116544 0.281778 70.79 14.919 0.11157
70.6105 14.8082 0.120219 0.0904172 70.79 14.919 0.11157
70.7014 14.664 0.115562 0.217668 70.79 14.919 0.11157
70.7845 14.9603 0.106113 0.42682 70.79 14.919 0.11157
70.8512 14.7847 0.118456 0.304671 70.79 14.919 0.11157
70.8732 15.0221 0.115176 0.278072 70.79 14.919 0.11157
70.8512 14.7847 0.118456 0.304671 70.79 14.919 0.11157
71.0212 14.528 0.12195 0.00483504 70.79 14.919 0.11157
71.023 14.6915 0.106889 0.249052 70.79 14.919 0.11157
70.9994 14.8272 0.102604 0.259767 70.79 14.919 0.11157
70.8512 14.7847 0.118456 0.304671 70.79 14.919 0.11157
70.8079 14.8575 0.115939 0.548728 70.79 14.919 0.11157
70.8917 14.9863 0.112965 0.452454 70.79 14.919 0.11157
70.9561 14.9954 0.112313 0.348309 70.79 14.919 0.11157
70.965 14.9388 0.115385 0.309355 70.79 14.919 0.11157
70.7845 14.9603 0.106113 0.42682 70.79 14.919 0.11157
70.7014 14.664 0.115562 0.217668 70.79 14.919 0.11157
70.7948 15.0863 0.114743 0.1641 70.79 14.919 0.11157
70.8026 14.7742 0.115357 0.550887 70.79 14.919 0.11157
70.8255 14.861 0.112843 0.79121 70.79 14.919 0.11157
70.8131 15 0.115445 0.33327 70.79 14.919 0.11157
70.714 15.0055 0.109898 0.319689 70.79 14.919 0.11157
70.8079 14.8575 0.115939 0.548728 70.79 14.919 0.11157
71.1379 14.889 0.110218 0.123092 70.79 14.919 0.11157
70.9789 14.653 0.108153 0.267654 70.79 14.919 0.11157
70.8237 14.9238 0.0967995 0.0450016 70.79 14.919 0.11157
70.7285 14.9698 0.122054 0.071792 70.79 14.919 0.11157
70.7948 15.0863 0.114743 0.1641 70.79 14.919 0.11157
70.8255 14.861 0.112843 0.79121 70.79 14.919 0.11157
70.8512 14.7847 0.118456 0.304671 70.79 14.919 0.11157
70.7244 14.7544 0.116189 0.372827 70.79 14.919 0.11157
70.9994 14.8272 0.102604 0.259767 70.79 14.919 0.11157
70.4038 14.9831 0.106019 0.00395067 70.79 14.919 0.11157
70.8026 14.7742 0.115357 0.550887 70.79 14.919 0.11157
70.9789 14.653 0.108153 0.267654 70.79 14.919 0.11157
70.7244 14.7544 0.116189 0.372827 70.79 14.919 0.11157
70.6581 14.9324 0.11251 0.33452 70.79 14.919 0.11157
70.8026 14.7742 0.115357 0.550887 70.79 14.919 0.11157
70.8079 14.8575 0.115939 0.548728 70.79 14.919 0.11157
70.7845 14.9603 0.106113 0.42682 70.79 14.919 0.11157
70.8079 14.8575 0.115939 0.548728 70.79 14.919 0.11157
70.6731 14.6672 0.11811 0.124409 70.79 14.919 0.11157
70.8255 14.861 0.112843 0.79121 70.79 14.919 0.11157
70.8079 14.8575 0.115939 0.548728 70.79 14.919 0.11157
70.7667 15.061 0.108965 0.244365 70.79 14.919 0.11157
70.8917 14.9863 0.112965 0.452454 70.79 14.919 0.11157
70.6466 14.9275 0.101244 0.0643436 70.79 14.919 0.11157
71.1379 14.889 0.110218 0.123092 70.79 14.919 0.11157
70.8079 14.8575 0.115939 0.548728 70.79 14.919 0.11157
70.7143 14.6987 0.108109 0.342545 70.79 14.919 0.11157
70.7845 14.9603 0.106113 0.42682 70.79 14.919 0.11157
70.7143 14.6987 0.108109 0.342545 70.79 14.919 0.11157
70.8255 14.861 0.112843 0.79121 70.79 14.919 0.11157
70.6592 14.8795 0.114393 0.353865 70.79 14.919 0.11157
70.8079 14.8575 0.115939 0.548728 70.79 14.919 0.11157
70.8704 14.9977 0.110075 0.492919 70.79 14.919 0.11157
70.8917 14.9863 0.112965 0.452454 70.79 14.919 0.11157
71.023 14.6915 0.106889 0.249052 70.79 14.919 0.11157
70.8079 14.8575 0.115939 0.548728 70.79 14.919 0.11157
71.023 14.6915 0.106889 0.249052 70.79 14.919 0.11157
70.714 15.0055 0.109898 0.319689 70.79 14.919 0.11157
70.9104 14.9756 0.121381 0.0729025 70.79 14.919 0.11157
70.8704 14.9977 0.110075 0.492919 70.79 14.919 0.11157
70.8079 14.8575 0.115939 0.548728 70.79 14.919 0.11157
71.0637 14.7219 0.121879 0.0192777 70.79 14.919 0.11157
70.8131 15 0.115445 0.33327 70.79 14.919 0.11157
70.8026 14.7742 0.115357 0.550887 70.79 14.919 0.11157
