163.934 -12.1837 3.27814 0.726915 164.14 -12.515 3.2786
163.934 -12.1837 3.27814 0.726915 164.14 -12.515 3.2786
163.989 -12.4073 3.2776 1.90571 164.14 -12.515 3.2786
164.044 -12.4657 3.27286 0.283604 164.14 -12.515 3.2786
163.717 -12.1583 3.27682 0.0802134 164.14 -12.515 3.2786
164.043 -12.4563 3.27701 1.17841 164.14 -12.515 3.2786
164.028 -12.3107 3.27809 1.89573 164.14 -12.515 3.2786
164.163 -12.0874 3.27617 0.0450897 164.14 -12.515 3.2786
164.045 -12.1224 3.27894 0.318495 164.14 -12.515 3.2786
163.96 -12.5319 3.28042 0.596512 164.14 -12.515 3.2786
164.044 -12.4657 3.27286 0.283604 164.14 -12.515 3.2786
163.934 -12.1837 3.27814 0.726915 164.14 -12.515 3.2786
163.96 -12.5319 3.28042 0.596512 164.14 -12.515 3.2786
163.842 -12.4537 3.28008 0.460918 164.14 -12.515 3.2786
164.043 -12.4563 3.27701 1.17841 164.14 -12.515 3.2786
163.897 -12.2895 3.27145 0.712897 164.14 -12.515 3.2786
164.125 -12.4804 3.28249 0.84927 164.14 -12.515 3.2786
163.989 -12.4073 3.2776 1.90571 164.14 -12.515 3.2786
163.889 -12.3626 3.26919 0.285988 164.14 -12.515 3.2786
164.028 -12.3107 3.27809 1.89573 164.14 -12.515 3.2786
163.989 -12.4073 3.2776 1.90571 164.14 -12.515 3.2786
163.795 -12.3974 3.27276 0.768949 164.14 -12.515 3.2786
164.125 -12.4804 3.28249 0.84927 164.14 -12.515 3.2786
163.797 -12.366 3.27422 0.959767 164.14 -12.515 3.2786
163.717 -12.1583 3.27682 0.0802134 164.14 -12.515 3.2786
164.056 -12.4449 3.2825 1.13038 164.14 -12.515 3.2786
164.028 -12.3107 3.27809 1.89573 164.14 -12.515 3.2786
163.795 -12.3974 3.27276 0.768949 164.14 -12.515 3.2786
164.028 -12.3107 3.27809 1.89573 164.14 -12.515 3.2786
163.897 -12.2895 3.27145 0.712897 164.14 -12.515 3.2786
164.028 -12.3107 3.27809 1.89573 164.14 -12.515 3.2786
164.028 -12.3107 3.27809 1.89573 164.14 -12.515 3.2786
163.842 -12.4537 3.28008 0.460918 164.14 -12.515 3.2786
163.877 -12.2582 3.26907 0.260932 164.14 -12.515 3.2786
163.881 -12.1626 3.27066 0.235312 164.14 -12.515 3.2786
163.797 -12.366 3.27422 0.959767 164.14 -12.515 3.2786
163.72 -12.3548 3.27245 0.457695 164.14 -12.515 3.2786
163.72 -12.3548 3.27245 0.457695 164.14 -12.515 3.2786
164.044 -12.4657 3.27286 0.283604 164.14 -12.515 3.2786
164.064 -12.1445 3.28069 0.369027 164.14 -12.515 3.2786
163.795 -12.3974 3.27276 0.768949 164.14 -12.515 3.2786
163.989 -12.4073 3.2776 1.90571 164.14 -12.515 3.2786
164.125 -12.4804 3.28249 0.84927 164.14 -12.515 3.2786
164.028 -12.3107 3.27809 1.89573 164.14 -12.515 3.2786
163.79 -12.5983 3.27134 0.0622726 164.14 -12.515 3.2786
163.795 -12.3974 3.27276 0.768949 164.14 -12.515 3.2786
163.795 -12.3974 3.27276 0.768949 164.14 -12.515 3.2786
164.043 -12.4563 3.27701 1.17841 164.14 -12.515 3.2786
164.125 -12.4804 3.28249 0.84927 164.14 -12.515 3.2786
164.037 -12.3528 3.27251 0.45142 164.14 -12.515 3.2786
163.72 -12.3548 3.27245 0.457695 164.14 -12.515 3.2786
163.897 -12.2895 3.27145 0.712897 164.14 -12.515 3.2786
163.88 -12.17 3.27012 0.210501 164.14 -12.515 3.2786
163.898 -12.2498 3.28433 0.115806 164.14 -12.515 3.2786
163.759 -12.5767 3.27544 0.106752 164.14 -12.515 3.2786
164.037 -12.3528 3.27251 0.45142 164.14 -12.515 3.2786
164.043 -12.4563 3.27701 1.17841 164.14 -12.515 3.2786
163.989 -12.4073 3.2776 1.90571 164.14 -12.515 3.2786
164.056 -12.4449 3.2825 1.13038 164.14 -12.515 3.2786
164.12 -12.5171 3.28513 0.372347 164.14 -12.515 3.2786
163.946 -12.2726 3.27438 1.29198 164.14 -12.515 3.2786
163.797 -12.366 3.27422 0.959767 164.14 -12.515 3.2786
164.163 -12.0874 3.27617 0.0450897 164.14 -12.515 3.2786
163.866 -12.4399 3.27045 0.373639 164.14 -12.515 3.2786
163.946 -12.2726 3.27438 1.29198 164.14 -12.515 3.2786
163.68 -12.3803 3.26774 0.122055 164.14 -12.515 3.2786
163.946 -12.2726 3.27438 1.29198 164.14 -12.515 3.2786
164.043 -12.4563 3.27701 1.17841 164.14 -12.515 3.2786
163.946 -12.2726 3.27438 1.29198 164.14 -12.515 3.2786
163.897 -12.2895 3.27145 0.712897 164.14 -12.515 3.2786
163.945 -12.5536 3.28027 0.435122 164.14 -12.515 3.2786
163.989 -12.4073 3.2776 1.90571 164.14 -12.515 3.2786
163.989 -12.4073 3.2776 1.90571 164.14 -12.515 3.2786
163.906 -12.4051 3.26874 0.170928 164.14 -12.515 3.2786
163.946 -12.2726 3.27438 1.29198 164.14 -12.515 3.2786
163.795 -12.3974 3.27276 0.768949 164.14 -12.515 3.2786
164.028 -12.3107 3.27809 1.89573 164.14 -12.515 3.2786
163.946 -12.2726 3.27438 1.29198 164.14 -12.515 3.2786
163.795 -12.3974 3.27276 0.768949 164.14 -12.515 3.2786
164.25 -12.568 3.27954 0.078334 164.14 -12.515 3.2786
163.581 -12.2651 3.2683 0.05021 164.14 -12.515 3.2786
164.056 -12.4449 3.2825 1.13038 164.14 -12.515 3.2786
163.797 -12.366 3.27422 0.959767 164.14 -12.515 3.2786
164.125 -12.4804 3.28249 0.84927 164.14 -12.515 3.2786
163.897 -12.2895 3.27145 0.712897 164.14 -12.515 3.2786
163.889 -12.3626 3.26919 0.285988 164.14 -12.515 3.2786
164.028 -12.3107 3.27809 1.89573 164.14 -12.515 3.2786
163.585 -12.3757 3.27073 0.0645093 164.14 -12.515 3.2786
163.923 -12.2273 3.28184 0.426535 164.14 -12.515 3.2786
163.946 -12.2726 3.27438 1.29198 164.14 -12.515 3.2786
164.281 -12.4785 3.2803 0.156316 164.14 -12.515 3.2786
163.934 -12.1837 3.27814 0.726915 164.14 -12.515 3.2786
163.989 -12.4073 3.2776 1.90571 164.14 -12.515 3.2786
164.028 -12.3107 3.27809 1.89573 164.14 -12.515 3.2786
163.795 -12.3974 3.27276 0.768949 164.14 -12.515 3.2786
163.946 -12.2726 3.27438 1.29198 164.14 -12.515 3.2786
163.945 -12.5536 3.28027 0.435122 164.14 -12.515 3.2786
164.056 -12.4449 3.2825 1.13038 164.14 -12.515 3.2786
163.797 -12.366 3.27422 0.959767 164.14 -12.515 3.2786
163.923 -12.2273 3.28184 0.426535 164.14 -12.515 3.2786
164.044 -12.4657 3.27286 0.283604 164.14 -12.515 3.2786
163.896 -12.6117 3.27471 0.14445 164.14 -12.515 3.2786
164.043 -12.4563 3.27701 1.17841 164.14 -12.515 3.2786
163.946 -12.2726 3.27438 1.29198 164.14 -12.515 3.2786
163.989 -12.4073 3.2776 1.90571 164.14 -12.515 3.2786
164.028 -12.3107 3.27809 1.89573 164.14 -12.515 3.2786
163.72 -12.3548 3.27245 0.457695 164.14 -12.515 3.2786
163.989 -12.4073 3.2776 1.90571 164.14 -12.515 3.2786
164.043 -12.4563 3.27701 1.17841 164.14 -12.515 3.2786
163.989 -12.4073 3.2776 1.90571 164.14 -12.515 3.2786
164.028 -12.3107 3.27809 1.89573 164.14 -12.515 3.2786
164.028 -12.3107 3.27809 1.89573 164.14 -12.515 3.2786
164.043 -12.4563 3.27701 1.17841 164.14 -12.515 3.2786
164.043 -12.4563 3.27701 1.17841 164.14 -12.515 3.2786
164.037 -12.3528 3.27251 0.45142 164.14 -12.515 3.2786
164.056 -12.4449 3.2825 1.13038 164.14 -12.515 3.2786
164.125 -12.4804 3.28249 0.84927 164.14 -12.515 3.2786
163.946 -12.2726 3.27438 1.29198 164.14 -12.515 3.2786
163.797 -12.366 3.27422 0.959767 164.14 -12.515 3.2786
163.877 -12.2582 3.26907 0.260932 164.14 -12.515 3.2786
163.934 -12.1837 3.27814 0.726915 164.14 -12.515 3.2786
163.881 -12.1626 3.27066 0.235312 164.14 -12.515 3.2786
163.953 -12.3019 3.26675 0.0369076 164.14 -12.515 3.2786
163.68 -12.3803 3.26774 0.122055 164.14 -12.515 3.2786
164.037 -12.3528 3.27251 0.45142 164.14 -12.515 3.2786
163.741 -12.2605 3.27873 0.162128 164.14 -12.515 3.2786
163.989 -12.4073 3.2776 1.90571 164.14 -12.515 3.2786
163.989 -12.4073 3.2776 1.90571 164.14 -12.515 3.2786
163.889 -12.3626 3.26919 0.285988 164.14 -12.515 3.2786
163.946 -12.2726 3.27438 1.29198 164.14 -12.515 3.2786
163.691 -12.708 3.27479 0.00326167 164.14 -12.515 3.2786
163.934 -12.1837 3.27814 0.726915 164.14 -12.515 3.2786
164.056 -12.4449 3.2825 1.13038 164.14 -12.515 3.2786
163.88 -12.17 3.27012 0.210501 164.14 -12.515 3.2786
163.897 -12.2895 3.27145 0.712897 164.14 -12.515 3.2786
164.043 -12.4563 3.27701 1.17841 164.14 -12.515 3.2786
163.937 -12.1256 3.26854 0.0414642 164.14 -12.515 3.2786
164.056 -12.4449 3.2825 1.13038 164.14 -12.515 3.2786
163.989 -12.4073 3.2776 1.90571 164.14 -12.515 3.2786
163.96 -12.5319 3.28042 0.596512 164.14 -12.515 3.2786
164.056 -12.4449 3.2825 1.13038 164.14 -12.515 3.2786
163.806 -12.5321 3.27982 0.154176 164.14 -12.515 3.2786
164.125 -12.4804 3.28249 0.84927 164.14 -12.515 3.2786
164.12 -12.5171 3.28513 0.372347 164.14 -12.515 3.2786
164.056 -12.4449 3.2825 1.13038 164.14 -12.515 3.2786
164.056 -12.4449 3.2825 1.13038 164.14 -12.515 3.2786
164.043 -12.4563 3.27701 1.17841 164.14 -12.515 3.2786
164.037 -12.3528 3.27251 0.45142 164.14 -12.515 3.2786
164.028 -12.3107 3.27809 1.89573 164.14 -12.515 3.2786
163.797 -12.366 3.27422 0.959767 164.14 -12.515 3.2786
164.043 -12.4563 3.27701 1.17841 164.14 -12.515 3.2786
163.842 -12.4537 3.28008 0.460918 164.14 -12.515 3.2786
163.797 -12.366 3.27422 0.959767 164.14 -12.515 3.2786
164.043 -12.4563 3.27701 1.17841 164.14 -12.515 3.2786
163.645 -12.449 3.27004 0.0995101 164.14 -12.515 3.2786
164.037 -12.3528 3.27251 0.45142 164.14 -12.515 3.2786
164.056 -12.4449 3.2825 1.13038 164.14 -12.515 3.2786
163.842 -12.4537 3.28008 0.460918 164.14 -12.515 3.2786
163.797 -12.366 3.27422 0.959767 164.14 -12.515 3.2786
164.028 -12.3107 3.27809 1.89573 164.14 -12.515 3.2786
163.889 -12.3626 3.26919 0.285988 164.14 -12.515 3.2786
164.043 -12.4563 3.27701 1.17841 164.14 -12.515 3.2786
163.795 -12.3974 3.27276 0.768949 164.14 -12.515 3.2786
164.044 -12.4657 3.27286 0.283604 164.14 -12.515 3.2786
164.043 -12.4563 3.27701 1.17841 164.14 -12.515 3.2786
163.797 -12.366 3.27422 0.959767 164.14 -12.515 3.2786
163.989 -12.4073 3.2776 1.90571 164.14 -12.515 3.2786
164.045 -12.1224 3.27894 0.318495 164.14 -12.515 3.2786
163.989 -12.4073 3.2776 1.90571 164.14 -12.515 3.2786
163.934 -12.1837 3.27814 0.726915 164.14 -12.515 3.2786
163.806 -12.5321 3.27982 0.154176 164.14 -12.515 3.2786
164.045 -12.1224 3.27894 0.318495 164.14 -12.515 3.2786
164.028 -12.3107 3.27809 1.89573 164.14 -12.515 3.2786
164.064 -12.1445 3.28069 0.369027 164.14 -12.515 3.2786
163.877 -12.2582 3.26907 0.260932 164.14 -12.515 3.2786
163.72 -12.3548 3.27245 0.457695 164.14 -12.515 3.2786
163.795 -12.3974 3.27276 0.768949 164.14 -12.515 3.2786
164.043 -12.4563 3.27701 1.17841 164.14 -12.515 3.2786
163.989 -12.4073 3.2776 1.90571 164.14 -12.515 3.2786
163.946 -12.2726 3.27438 1.29198 164.14 -12.515 3.2786
163.96 -12.5319 3.28042 0.596512 164.14 -12.515 3.2786
164.096 -12.5785 3.28614 0.126422 164.14 -12.515 3.2786
163.795 -12.3974 3.27276 0.768949 164.14 -12.515 3.2786
164.044 -12.4657 3.27286 0.283604 164.14 -12.515 3.2786
163.765 -12.4178 3.26168 0.00236583 164.14 -12.515 3.2786
164.056 -12.4449 3.2825 1.13038 164.14 -12.515 3.2786
163.645 -12.449 3.27004 0.0995101 164.14 -12.515 3.2786
163.945 -12.5536 3.28027 0.435122 164.14 -12.515 3.2786
163.923 -12.2273 3.28184 0.426535 164.14 -12.515 3.2786
163.989 -12.4073 3.2776 1.90571 164.14 -12.515 3.2786
164.125 -12.4804 3.28249 0.84927 164.14 -12.515 3.2786
163.866 -12.4399 3.27045 0.373639 164.14 -12.515 3.2786
163.72 -12.3548 3.27245 0.457695 164.14 -12.515 3.2786
164.028 -12.3107 3.27809 1.89573 164.14 -12.515 3.2786
164.028 -12.3107 3.27809 1.89573 164.14 -12.515 3.2786
163.898 -12.2498 3.28433 0.115806 164.14 -12.515 3.2786
164.043 -12.4563 3.27701 1.17841 164.14 -12.515 3.2786
163.88 -12.17 3.27012 0.210501 164.14 -12.515 3.2786
163.88 -12.17 3.27012 0.210501 164.14 -12.515 3.2786
163.68 -12.3803 3.26774 0.122055 164.14 -12.515 3.2786
