175.559 -11.0993 3.22471 0.0158778 175.54 -11.19 3.2243
175.694 -11.208 3.23008 0.00113167 175.54 -11.19 3.2243
175.559 -11.0993 3.22471 0.0158778 175.54 -11.19 3.2243
175.655 -11.0509 3.22727 0.00708285 175.54 -11.19 3.2243
175.649 -11.1463 3.22251 0.038143 175.54 -11.19 3.2243
175.649 -11.1463 3.22251 0.038143 175.54 -11.19 3.2243
175.503 -11.2947 3.21911 0.0124765 175.54 -11.19 3.2243
175.695 -11.2095 3.22589 0.0117156 175.54 -11.19 3.2243
175.596 -11.2079 3.22418 0.0183837 175.54 -11.19 3.2243
175.695 -11.2095 3.22589 0.0117156 175.54 -11.19 3.2243
175.613 -10.9751 3.22295 0.0157851 175.54 -11.19 3.2243
175.553 -11.106 3.22376 0.0220806 175.54 -11.19 3.2243
175.655 -11.0509 3.22727 0.00708285 175.54 -11.19 3.2243
175.596 -11.2079 3.22418 0.0183837 175.54 -11.19 3.2243
175.427 -11.1776 3.21805 0.0191092 175.54 -11.19 3.2243
175.528 -11.2559 3.21671 0.0161125 175.54 -11.19 3.2243
175.347 -10.9723 3.21816 0.00279767 175.54 -11.19 3.2243
175.553 -11.106 3.22376 0.0220806 175.54 -11.19 3.2243
175.459 -10.9333 3.21595 0.00443904 175.54 -11.19 3.2243
175.951 -11.1372 3.23063 0.000301634 175.54 -11.19 3.2243
175.427 -11.1776 3.21805 0.0191092 175.54 -11.19 3.2243
175.783 -10.9834 3.2179 0.00200612 175.54 -11.19 3.2243
175.576 -10.8945 3.21777 0.00416526 175.54 -11.19 3.2243
175.596 -11.2079 3.22418 0.0183837 175.54 -11.19 3.2243
175.559 -11.0993 3.22471 0.0158778 175.54 -11.19 3.2243
175.553 -11.106 3.22376 0.0220806 175.54 -11.19 3.2243
175.649 -11.1463 3.22251 0.038143 175.54 -11.19 3.2243
175.459 -10.9333 3.21595 0.00443904 175.54 -11.19 3.2243
175.649 -11.1463 3.22251 0.038143 175.54 -11.19 3.2243
175.596 -11.2079 3.22418 0.0183837 175.54 -11.19 3.2243
175.649 -11.1463 3.22251 0.038143 175.54 -11.19 3.2243
175.466 -11.3305 3.2215 0.00381574 175.54 -11.19 3.2243
175.596 -11.2079 3.22418 0.0183837 175.54 -11.19 3.2243
175.559 -11.0993 3.22471 0.0158778 175.54 -11.19 3.2243
175.649 -11.1463 3.22251 0.038143 175.54 -11.19 3.2243
175.553 -11.106 3.22376 0.0220806 175.54 -11.19 3.2243
175.596 -11.2079 3.22418 0.0183837 175.54 -11.19 3.2243
175.688 -10.9419 3.22629 0.00431645 175.54 -11.19 3.2243
175.503 -11.2947 3.21911 0.0124765 175.54 -11.19 3.2243
175.649 -11.1463 3.22251 0.038143 175.54 -11.19 3.2243
175.528 -11.2559 3.21671 0.0161125 175.54 -11.19 3.2243
175.649 -11.1463 3.22251 0.038143 175.54 -11.19 3.2243
175.649 -11.1463 3.22251 0.038143 175.54 -11.19 3.2243
175.613 -10.9751 3.22295 0.0157851 175.54 -11.19 3.2243
175.77 -11.1327 3.22866 0.00410286 175.54 -11.19 3.2243
175.649 -11.1463 3.22251 0.038143 175.54 -11.19 3.2243
175.695 -11.2095 3.22589 0.0117156 175.54 -11.19 3.2243
175.649 -11.1463 3.22251 0.038143 175.54 -11.19 3.2243
175.427 -11.1776 3.21805 0.0191092 175.54 -11.19 3.2243
175.528 -11.2559 3.21671 0.0161125 175.54 -11.19 3.2243
175.427 -11.1776 3.21805 0.0191092 175.54 -11.19 3.2243
175.688 -10.9419 3.22629 0.00431645 175.54 -11.19 3.2243
175.559 -11.0993 3.22471 0.0158778 175.54 -11.19 3.2243
175.528 -11.2559 3.21671 0.0161125 175.54 -11.19 3.2243
175.427 -11.1776 3.21805 0.0191092 175.54 -11.19 3.2243
175.649 -11.1463 3.22251 0.038143 175.54 -11.19 3.2243
175.649 -11.1463 3.22251 0.038143 175.54 -11.19 3.2243
175.466 -11.3305 3.2215 0.00381574 175.54 -11.19 3.2243
175.223 -11.0914 3.2219 0.000100196 175.54 -11.19 3.2243
175.695 -11.2095 3.22589 0.0117156 175.54 -11.19 3.2243
175.427 -11.1776 3.21805 0.0191092 175.54 -11.19 3.2243
175.576 -10.8945 3.21777 0.00416526 175.54 -11.19 3.2243
175.596 -11.2079 3.22418 0.0183837 175.54 -11.19 3.2243
175.596 -11.2079 3.22418 0.0183837 175.54 -11.19 3.2243
175.352 -11.1536 3.22336 0.00130019 175.54 -11.19 3.2243
175.649 -11.1463 3.22251 0.038143 175.54 -11.19 3.2243
175.459 -10.9333 3.21595 0.00443904 175.54 -11.19 3.2243
175.613 -10.9751 3.22295 0.0157851 175.54 -11.19 3.2243
175.457 -11.312 3.22071 0.00559361 175.54 -11.19 3.2243
175.613 -10.9751 3.22295 0.0157851 175.54 -11.19 3.2243
175.427 -11.1776 3.21805 0.0191092 175.54 -11.19 3.2243
175.649 -11.1463 3.22251 0.038143 175.54 -11.19 3.2243
175.553 -11.106 3.22376 0.0220806 175.54 -11.19 3.2243
175.347 -10.9723 3.21816 0.00279767 175.54 -11.19 3.2243
175.559 -11.0993 3.22471 0.0158778 175.54 -11.19 3.2243
175.613 -10.9751 3.22295 0.0157851 175.54 -11.19 3.2243
175.389 -11.3413 3.21678 0.00242142 175.54 -11.19 3.2243
175.457 -11.312 3.22071 0.00559361 175.54 -11.19 3.2243
175.613 -10.9751 3.22295 0.0157851 175.54 -11.19 3.2243
175.649 -11.1463 3.22251 0.038143 175.54 -11.19 3.2243
175.319 -11.2786 3.2206 0.000970317 175.54 -11.19 3.2243
175.503 -11.2947 3.21911 0.0124765 175.54 -11.19 3.2243
175.503 -11.2947 3.21911 0.0124765 175.54 -11.19 3.2243
175.649 -11.1463 3.22251 0.038143 175.54 -11.19 3.2243
175.503 -11.2947 3.21911 0.0124765 175.54 -11.19 3.2243
175.688 -10.9419 3.22629 0.00431645 175.54 -11.19 3.2243
175.655 -11.0509 3.22727 0.00708285 175.54 -11.19 3.2243
175.613 -10.9751 3.22295 0.0157851 175.54 -11.19 3.2243
175.559 -11.0993 3.22471 0.0158778 175.54 -11.19 3.2243
175.695 -11.2095 3.22589 0.0117156 175.54 -11.19 3.2243
175.559 -11.0993 3.22471 0.0158778 175.54 -11.19 3.2243
175.503 -11.2947 3.21911 0.0124765 175.54 -11.19 3.2243
175.553 -11.106 3.22376 0.0220806 175.54 -11.19 3.2243
175.649 -11.1463 3.22251 0.038143 175.54 -11.19 3.2243
175.404 -11.3645 3.22549 0.000101629 175.54 -11.19 3.2243
175.649 -11.1463 3.22251 0.038143 175.54 -11.19 3.2243
175.576 -10.8945 3.21777 0.00416526 175.54 -11.19 3.2243
175.528 -11.2559 3.21671 0.0161125 175.54 -11.19 3.2243
175.553 -11.106 3.22376 0.0220806 175.54 -11.19 3.2243
175.553 -11.106 3.22376 0.0220806 175.54 -11.19 3.2243
175.389 -11.3413 3.21678 0.00242142 175.54 -11.19 3.2243
175.596 -11.2079 3.22418 0.0183837 175.54 -11.19 3.2243
175.528 -11.2559 3.21671 0.0161125 175.54 -11.19 3.2243
175.625 -10.9591 3.21379 0.00145544 175.54 -11.19 3.2243
175.457 -11.312 3.22071 0.00559361 175.54 -11.19 3.2243
175.596 -11.2079 3.22418 0.0183837 175.54 -11.19 3.2243
175.649 -11.1463 3.22251 0.038143 175.54 -11.19 3.2243
175.649 -11.1463 3.22251 0.038143 175.54 -11.19 3.2243
175.613 -10.9751 3.22295 0.0157851 175.54 -11.19 3.2243
175.649 -11.1463 3.22251 0.038143 175.54 -11.19 3.2243
175.559 -11.0993 3.22471 0.0158778 175.54 -11.19 3.2243
175.347 -10.9723 3.21816 0.00279767 175.54 -11.19 3.2243
175.613 -10.9751 3.22295 0.0157851 175.54 -11.19 3.2243
175.695 -11.2095 3.22589 0.0117156 175.54 -11.19 3.2243
175.503 -11.2947 3.21911 0.0124765 175.54 -11.19 3.2243
175.559 -11.0993 3.22471 0.0158778 175.54 -11.19 3.2243
175.427 -11.1776 3.21805 0.0191092 175.54 -11.19 3.2243
175.688 -10.9419 3.22629 0.00431645 175.54 -11.19 3.2243
175.559 -11.0993 3.22471 0.0158778 175.54 -11.19 3.2243
175.528 -11.2559 3.21671 0.0161125 175.54 -11.19 3.2243
175.649 -11.1463 3.22251 0.038143 175.54 -11.19 3.2243
175.312 -11.1361 3.21935 0.00305703 175.54 -11.19 3.2243
175.649 -11.1463 3.22251 0.038143 175.54 -11.19 3.2243
175.319 -11.2786 3.2206 0.000970317 175.54 -11.19 3.2243
175.528 -11.2559 3.21671 0.0161125 175.54 -11.19 3.2243
175.528 -11.2559 3.21671 0.0161125 175.54 -11.19 3.2243
175.695 -11.2095 3.22589 0.0117156 175.54 -11.19 3.2243
175.427 -11.1776 3.21805 0.0191092 175.54 -11.19 3.2243
175.553 -11.106 3.22376 0.0220806 175.54 -11.19 3.2243
175.625 -10.9591 3.21379 0.00145544 175.54 -11.19 3.2243
175.448 -10.8296 3.21813 0.000770187 175.54 -11.19 3.2243
175.613 -10.9751 3.22295 0.0157851 175.54 -11.19 3.2243
175.559 -11.0993 3.22471 0.0158778 175.54 -11.19 3.2243
175.649 -11.1463 3.22251 0.038143 175.54 -11.19 3.2243
175.613 -10.9751 3.22295 0.0157851 175.54 -11.19 3.2243
175.553 -11.106 3.22376 0.0220806 175.54 -11.19 3.2243
175.694 -11.208 3.23008 0.00113167 175.54 -11.19 3.2243
175.457 -11.312 3.22071 0.00559361 175.54 -11.19 3.2243
175.503 -11.2947 3.21911 0.0124765 175.54 -11.19 3.2243
175.649 -11.1463 3.22251 0.038143 175.54 -11.19 3.2243
175.559 -11.0993 3.22471 0.0158778 175.54 -11.19 3.2243
175.695 -11.2095 3.22589 0.0117156 175.54 -11.19 3.2243
175.649 -11.1463 3.22251 0.038143 175.54 -11.19 3.2243
175.559 -11.0993 3.22471 0.0158778 175.54 -11.19 3.2243
175.613 -10.9751 3.22295 0.0157851 175.54 -11.19 3.2243
175.649 -11.1463 3.22251 0.038143 175.54 -11.19 3.2243
175.892 -11.2246 3.21502 3.55713e-05 175.54 -11.19 3.2243
175.553 -11.106 3.22376 0.0220806 175.54 -11.19 3.2243
175.596 -11.2079 3.22418 0.0183837 175.54 -11.19 3.2243
175.427 -11.1776 3.21805 0.0191092 175.54 -11.19 3.2243
175.503 -11.2947 3.21911 0.0124765 175.54 -11.19 3.2243
175.77 -11.1327 3.22866 0.00410286 175.54 -11.19 3.2243
175.649 -11.1463 3.22251 0.038143 175.54 -11.19 3.2243
175.559 -11.0993 3.22471 0.0158778 175.54 -11.19 3.2243
175.503 -11.2947 3.21911 0.0124765 175.54 -11.19 3.2243
175.649 -11.1463 3.22251 0.038143 175.54 -11.19 3.2243
175.649 -11.1463 3.22251 0.038143 175.54 -11.19 3.2243
175.695 -11.2095 3.22589 0.0117156 175.54 -11.19 3.2243
175.576 -10.8945 3.21777 0.00416526 175.54 -11.19 3.2243
175.613 -10.9751 3.22295 0.0157851 175.54 -11.19 3.2243
175.655 -11.0509 3.22727 0.00708285 175.54 -11.19 3.2243
175.655 -11.0509 3.22727 0.00708285 175.54 -11.19 3.2243
175.688 -10.9419 3.22629 0.00431645 175.54 -11.19 3.2243
175.347 -10.9723 3.21816 0.00279767 175.54 -11.19 3.2243
175.688 -10.9419 3.22629 0.00431645 175.54 -11.19 3.2243
175.319 -11.2786 3.2206 0.000970317 175.54 -11.19 3.2243
175.427 -11.1776 3.21805 0.0191092 175.54 -11.19 3.2243
175.596 -11.2079 3.22418 0.0183837 175.54 -11.19 3.2243
175.528 -11.2559 3.21671 0.0161125 175.54 -11.19 3.2243
175.559 -11.0993 3.22471 0.0158778 175.54 -11.19 3.2243
175.655 -10.8378 3.21943 0.00135709 175.54 -11.19 3.2243
175.559 -11.0993 3.22471 0.0158778 175.54 -11.19 3.2243
175.613 -10.9751 3.22295 0.0157851 175.54 -11.19 3.2243
175.613 -10.9751 3.22295 0.0157851 175.54 -11.19 3.2243
175.649 -11.1463 3.22251 0.038143 175.54 -11.19 3.2243
175.613 -10.9751 3.22295 0.0157851 175.54 -11.19 3.2243
175.427 -11.1776 3.21805 0.0191092 175.54 -11.19 3.2243
175.576 -10.8945 3.21777 0.00416526 175.54 -11.19 3.2243
175.596 -11.2079 3.22418 0.0183837 175.54 -11.19 3.2243
175.427 -11.1776 3.21805 0.0191092 175.54 -11.19 3.2243
175.528 -11.2559 3.21671 0.0161125 175.54 -11.19 3.2243
175.596 -11.2079 3.22418 0.0183837 175.54 -11.19 3.2243
175.553 -11.106 3.22376 0.0220806 175.54 -11.19 3.2243
175.459 -10.9333 3.21595 0.00443904 175.54 -11.19 3.2243
175.528 -11.2559 3.21671 0.0161125 175.54 -11.19 3.2243
175.528 -11.2559 3.21671 0.0161125 175.54 -11.19 3.2243
175.575 -11.3715 3.22036 0.00440002 175.54 -11.19 3.2243
175.649 -11.1463 3.22251 0.038143 175.54 -11.19 3.2243
175.613 -10.9751 3.22295 0.0157851 175.54 -11.19 3.2243
175.649 -11.1463 3.22251 0.038143 175.54 -11.19 3.2243
175.457 -11.312 3.22071 0.00559361 175.54 -11.19 3.2243
175.649 -11.1463 3.22251 0.038143 175.54 -11.19 3.2243
175.649 -11.1463 3.22251 0.038143 175.54 -11.19 3.2243
175.503 -11.2947 3.21911 0.0124765 175.54 -11.19 3.2243
175.427 -11.1776 3.21805 0.0191092 175.54 -11.19 3.2243
175.553 -11.106 3.22376 0.0220806 175.54 -11.19 3.2243
175.649 -11.1463 3.22251 0.038143 175.54 -11.19 3.2243
175.596 -11.2079 3.22418 0.0183837 175.54 -11.19 3.2243
175.575 -11.3715 3.22036 0.00440002 175.54 -11.19 3.2243
175.649 -11.1463 3.22251 0.038143 175.54 -11.19 3.2243
