-30.9481 -17.2122 1.01111 7.6598e-06 -30.755 -17.375 1.0038
-30.776 -17.3337 1.00138 0.00018597 -30.755 -17.375 1.0038
-30.8389 -17.5674 1.00776 8.6104e-05 -30.755 -17.375 1.0038
-30.7874 -17.3676 1.0051 0.000354223 -30.755 -17.375 1.0038
-30.7874 -17.3676 1.0051 0.000354223 -30.755 -17.375 1.0038
-30.7857 -17.1746 1.00371 0.000126237 -30.755 -17.375 1.0038
-30.7874 -17.3676 1.0051 0.000354223 -30.755 -17.375 1.0038
-30.8743 -17.345 1.00956 0.000179365 -30.755 -17.375 1.0038
-30.7874 -17.3676 1.0051 0.000354223 -30.755 -17.375 1.0038
-30.7857 -17.1746 1.00371 0.000126237 -30.755 -17.375 1.0038
-30.776 -17.3337 1.00138 0.00018597 -30.755 -17.375 1.0038
-30.7449 -17.2975 1.00311 0.000190846 -30.755 -17.375 1.0038
-30.692 -17.217 1.00315 4.57078e-05 -30.755 -17.375 1.0038
-30.7857 -17.1746 1.00371 0.000126237 -30.755 -17.375 1.0038
-30.7986 -17.5758 1.00666 4.29431e-05 -30.755 -17.375 1.0038
-30.8743 -17.345 1.00956 0.000179365 -30.755 -17.375 1.0038
-30.8743 -17.345 1.00956 0.000179365 -30.755 -17.375 1.0038
-30.7449 -17.2975 1.00311 0.000190846 -30.755 -17.375 1.0038
-30.7874 -17.3676 1.0051 0.000354223 -30.755 -17.375 1.0038
-30.8389 -17.5674 1.00776 8.6104e-05 -30.755 -17.375 1.0038
-30.7857 -17.1746 1.00371 0.000126237 -30.755 -17.375 1.0038
-30.7874 -17.3676 1.0051 0.000354223 -30.755 -17.375 1.0038
-30.8743 -17.345 1.00956 0.000179365 -30.755 -17.375 1.0038
-30.7874 -17.3676 1.0051 0.000354223 -30.755 -17.375 1.0038
-30.776 -17.3337 1.00138 0.00018597 -30.755 -17.375 1.0038
-30.7449 -17.2975 1.00311 0.000190846 -30.755 -17.375 1.0038
-30.7857 -17.1746 1.00371 0.000126237 -30.755 -17.375 1.0038
-30.776 -17.3337 1.00138 0.00018597 -30.755 -17.375 1.0038
-30.7874 -17.3676 1.0051 0.000354223 -30.755 -17.375 1.0038
-30.776 -17.3337 1.00138 0.00018597 -30.755 -17.375 1.0038
-30.776 -17.3337 1.00138 0.00018597 -30.755 -17.375 1.0038
-30.7857 -17.1746 1.00371 0.000126237 -30.755 -17.375 1.0038
-30.7874 -17.3676 1.0051 0.000354223 -30.755 -17.375 1.0038
-30.8515 -17.3689 1.01163 3.75631e-05 -30.755 -17.375 1.0038
-30.7886 -17.514 1.0083 9.19005e-05 -30.755 -17.375 1.0038
-30.7937 -17.6051 1.00692 2.22865e-05 -30.755 -17.375 1.0038
-30.8743 -17.345 1.00956 0.000179365 -30.755 -17.375 1.0038
-30.7986 -17.5758 1.00666 4.29431e-05 -30.755 -17.375 1.0038
-30.8162 -17.5768 1.00979 4.30241e-05 -30.755 -17.375 1.0038
-30.7449 -17.2975 1.00311 0.000190846 -30.755 -17.375 1.0038
-30.8515 -17.3689 1.01163 3.75631e-05 -30.755 -17.375 1.0038
-30.7886 -17.514 1.0083 9.19005e-05 -30.755 -17.375 1.0038
-30.776 -17.3337 1.00138 0.00018597 -30.755 -17.375 1.0038
-30.7886 -17.514 1.0083 9.19005e-05 -30.755 -17.375 1.0038
-30.7874 -17.3676 1.0051 0.000354223 -30.755 -17.375 1.0038
-30.776 -17.3337 1.00138 0.00018597 -30.755 -17.375 1.0038
-30.751 -17.3026 1.00708 0.000100751 -30.755 -17.375 1.0038
-30.776 -17.3337 1.00138 0.00018597 -30.755 -17.375 1.0038
-30.776 -17.3337 1.00138 0.00018597 -30.755 -17.375 1.0038
-30.7857 -17.1746 1.00371 0.000126237 -30.755 -17.375 1.0038
-30.7874 -17.3676 1.0051 0.000354223 -30.755 -17.375 1.0038
-30.8389 -17.5674 1.00776 8.6104e-05 -30.755 -17.375 1.0038
-30.7449 -17.2975 1.00311 0.000190846 -30.755 -17.375 1.0038
-30.776 -17.3337 1.00138 0.00018597 -30.755 -17.375 1.0038
-30.776 -17.3337 1.00138 0.00018597 -30.755 -17.375 1.0038
-30.8743 -17.345 1.00956 0.000179365 -30.755 -17.375 1.0038
-30.751 -17.3026 1.00708 0.000100751 -30.755 -17.375 1.0038
-30.7874 -17.3676 1.0051 0.000354223 -30.755 -17.375 1.0038
-30.7449 -17.2975 1.00311 0.000190846 -30.755 -17.375 1.0038
-30.7886 -17.514 1.0083 9.19005e-05 -30.755 -17.375 1.0038
-30.6501 -17.4225 1.00705 1.22416e-05 -30.755 -17.375 1.0038
-30.8389 -17.5674 1.00776 8.6104e-05 -30.755 -17.375 1.0038
-30.7874 -17.3676 1.0051 0.000354223 -30.755 -17.375 1.0038
-30.7886 -17.514 1.0083 9.19005e-05 -30.755 -17.375 1.0038
-30.7874 -17.3676 1.0051 0.000354223 -30.755 -17.375 1.0038
-30.7449 -17.2975 1.00311 0.000190846 -30.755 -17.375 1.0038
-30.8389 -17.5674 1.00776 8.6104e-05 -30.755 -17.375 1.0038
-30.7874 -17.3676 1.0051 0.000354223 -30.755 -17.375 1.0038
-30.776 -17.3337 1.00138 0.00018597 -30.755 -17.375 1.0038
-30.8743 -17.345 1.00956 0.000179365 -30.755 -17.375 1.0038
-30.7874 -17.3676 1.0051 0.000354223 -30.755 -17.375 1.0038
-30.8389 -17.5674 1.00776 8.6104e-05 -30.755 -17.375 1.0038
-30.7874 -17.3676 1.0051 0.000354223 -30.755 -17.375 1.0038
-30.7874 -17.3676 1.0051 0.000354223 -30.755 -17.375 1.0038
-30.8743 -17.345 1.00956 0.000179365 -30.755 -17.375 1.0038
-30.8389 -17.5674 1.00776 8.6104e-05 -30.755 -17.375 1.0038
-30.7886 -17.514 1.0083 9.19005e-05 -30.755 -17.375 1.0038
-30.7874 -17.3676 1.0051 0.000354223 -30.755 -17.375 1.0038
-30.7857 -17.1746 1.00371 0.000126237 -30.755 -17.375 1.0038
-30.7986 -17.5758 1.00666 4.29431e-05 -30.755 -17.375 1.0038
-30.776 -17.3337 1.00138 0.00018597 -30.755 -17.375 1.0038
-30.7874 -17.3676 1.0051 0.000354223 -30.755 -17.375 1.0038
-30.7874 -17.3676 1.0051 0.000354223 -30.755 -17.375 1.0038
-30.8389 -17.5674 1.00776 8.6104e-05 -30.755 -17.375 1.0038
-30.7874 -17.3676 1.0051 0.000354223 -30.755 -17.375 1.0038
-30.7449 -17.2975 1.00311 0.000190846 -30.755 -17.375 1.0038
-30.7874 -17.3676 1.0051 0.000354223 -30.755 -17.375 1.0038
-30.8162 -17.5768 1.00979 4.30241e-05 -30.755 -17.375 1.0038
-30.7655 -17.5929 1.00625 1.70716e-05 -30.755 -17.375 1.0038
-30.8389 -17.5674 1.00776 8.6104e-05 -30.755 -17.375 1.0038
-30.776 -17.3337 1.00138 0.00018597 -30.755 -17.375 1.0038
-30.7857 -17.1746 1.00371 0.000126237 -30.755 -17.375 1.0038
-30.7874 -17.3676 1.0051 0.000354223 -30.755 -17.375 1.0038
-30.776 -17.3337 1.00138 0.00018597 -30.755 -17.375 1.0038
-30.751 -17.3026 1.00708 0.000100751 -30.755 -17.375 1.0038
-30.7874 -17.3676 1.0051 0.000354223 -30.755 -17.375 1.0038
-30.7874 -17.3676 1.0051 0.000354223 -30.755 -17.375 1.0038
-30.7986 -17.5758 1.00666 4.29431e-05 -30.755 -17.375 1.0038
-30.751 -17.3026 1.00708 0.000100751 -30.755 -17.375 1.0038
-30.8743 -17.345 1.00956 0.000179365 -30.755 -17.375 1.0038
-30.7886 -17.514 1.0083 9.19005e-05 -30.755 -17.375 1.0038
-30.7857 -17.1746 1.00371 0.000126237 -30.755 -17.375 1.0038
-30.7886 -17.514 1.0083 9.19005e-05 -30.755 -17.375 1.0038
-30.7255 -17.3177 1.0094 1.71417e-05 -30.755 -17.375 1.0038
-30.7655 -17.5929 1.00625 1.70716e-05 -30.755 -17.375 1.0038
-30.7874 -17.3676 1.0051 0.000354223 -30.755 -17.375 1.0038
-30.7449 -17.2975 1.00311 0.000190846 -30.755 -17.375 1.0038
-30.7857 -17.1746 1.00371 0.000126237 -30.755 -17.375 1.0038
-30.7449 -17.2975 1.00311 0.000190846 -30.755 -17.375 1.0038
-30.7449 -17.2975 1.00311 0.000190846 -30.755 -17.375 1.0038
-30.6501 -17.4225 1.00705 1.22416e-05 -30.755 -17.375 1.0038
-30.8389 -17.5674 1.00776 8.6104e-05 -30.755 -17.375 1.0038
-30.7874 -17.3676 1.0051 0.000354223 -30.755 -17.375 1.0038
-30.776 -17.3337 1.00138 0.00018597 -30.755 -17.375 1.0038
-30.6774 -17.4253 1.00577 3.19427e-05 -30.755 -17.375 1.0038
-30.7874 -17.3676 1.0051 0.000354223 -30.755 -17.375 1.0038
-30.751 -17.3026 1.00708 0.000100751 -30.755 -17.375 1.0038
-30.7449 -17.2975 1.00311 0.000190846 -30.755 -17.375 1.0038
-30.8389 -17.5674 1.00776 8.6104e-05 -30.755 -17.375 1.0038
-30.8743 -17.345 1.00956 0.000179365 -30.755 -17.375 1.0038
-30.7449 -17.2975 1.00311 0.000190846 -30.755 -17.375 1.0038
-30.7449 -17.2975 1.00311 0.000190846 -30.755 -17.375 1.0038
-30.776 -17.3337 1.00138 0.00018597 -30.755 -17.375 1.0038
-30.776 -17.3337 1.00138 0.00018597 -30.755 -17.375 1.0038
-30.7874 -17.3676 1.0051 0.000354223 -30.755 -17.375 1.0038
-30.7449 -17.2975 1.00311 0.000190846 -30.755 -17.375 1.0038
-30.8162 -17.5768 1.00979 4.30241e-05 -30.755 -17.375 1.0038
-30.751 -17.3026 1.00708 0.000100751 -30.755 -17.375 1.0038
-30.7874 -17.3676 1.0051 0.000354223 -30.755 -17.375 1.0038
-30.7857 -17.1746 1.00371 0.000126237 -30.755 -17.375 1.0038
-30.6517 -17.4111 1.00373 1.78489e-05 -30.755 -17.375 1.0038
-30.8162 -17.5768 1.00979 4.30241e-05 -30.755 -17.375 1.0038
-30.776 -17.3337 1.00138 0.00018597 -30.755 -17.375 1.0038
-30.7886 -17.514 1.0083 9.19005e-05 -30.755 -17.375 1.0038
-30.776 -17.3337 1.00138 0.00018597 -30.755 -17.375 1.0038
-30.8389 -17.5674 1.00776 8.6104e-05 -30.755 -17.375 1.0038
-30.7449 -17.2975 1.00311 0.000190846 -30.755 -17.375 1.0038
-30.7874 -17.3676 1.0051 0.000354223 -30.755 -17.375 1.0038
-30.8162 -17.5768 1.00979 4.30241e-05 -30.755 -17.375 1.0038
-30.7449 -17.2975 1.00311 0.000190846 -30.755 -17.375 1.0038
-30.7449 -17.2975 1.00311 0.000190846 -30.755 -17.375 1.0038
-30.7874 -17.3676 1.0051 0.000354223 -30.755 -17.375 1.0038
-30.7874 -17.3676 1.0051 0.000354223 -30.755 -17.375 1.0038
-30.751 -17.3026 1.00708 0.000100751 -30.755 -17.375 1.0038
-30.776 -17.3337 1.00138 0.00018597 -30.755 -17.375 1.0038
-30.7874 -17.3676 1.0051 0.000354223 -30.755 -17.375 1.0038
-30.7874 -17.3676 1.0051 0.000354223 -30.755 -17.375 1.0038
-30.7449 -17.2975 1.00311 0.000190846 -30.755 -17.375 1.0038
-30.7655 -17.5929 1.00625 1.70716e-05 -30.755 -17.375 1.0038
-30.7874 -17.3676 1.0051 0.000354223 -30.755 -17.375 1.0038
-30.7449 -17.2975 1.00311 0.000190846 -30.755 -17.375 1.0038
-30.7857 -17.1746 1.00371 0.000126237 -30.755 -17.375 1.0038
-30.7874 -17.3676 1.0051 0.000354223 -30.755 -17.375 1.0038
-30.6774 -17.4253 1.00577 3.19427e-05 -30.755 -17.375 1.0038
-30.7857 -17.1746 1.00371 0.000126237 -30.755 -17.375 1.0038
-30.7449 -17.2975 1.00311 0.000190846 -30.755 -17.375 1.0038
-30.7874 -17.3676 1.0051 0.000354223 -30.755 -17.375 1.0038
-30.6501 -17.4225 1.00705 1.22416e-05 -30.755 -17.375 1.0038
-30.7886 -17.514 1.0083 9.19005e-05 -30.755 -17.375 1.0038
-30.6517 -17.4111 1.00373 1.78489e-05 -30.755 -17.375 1.0038
-30.776 -17.3337 1.00138 0.00018597 -30.755 -17.375 1.0038
-30.7886 -17.514 1.0083 9.19005e-05 -30.755 -17.375 1.0038
-30.7857 -17.1746 1.00371 0.000126237 -30.755 -17.375 1.0038
-30.776 -17.3337 1.00138 0.00018597 -30.755 -17.375 1.0038
-30.7874 -17.3676 1.0051 0.000354223 -30.755 -17.375 1.0038
-30.751 -17.3026 1.00708 0.000100751 -30.755 -17.375 1.0038
-30.8389 -17.5674 1.00776 8.6104e-05 -30.755 -17.375 1.0038
-30.7449 -17.2975 1.00311 0.000190846 -30.755 -17.375 1.0038
-30.692 -17.217 1.00315 4.57078e-05 -30.755 -17.375 1.0038
-30.692 -17.217 1.00315 4.57078e-05 -30.755 -17.375 1.0038
-30.8389 -17.5674 1.00776 8.6104e-05 -30.755 -17.375 1.0038
-30.7874 -17.3676 1.0051 0.000354223 -30.755 -17.375 1.0038
-30.7449 -17.2975 1.00311 0.000190846 -30.755 -17.375 1.0038
-30.6517 -17.4111 1.00373 1.78489e-05 -30.755 -17.375 1.0038
-30.776 -17.3337 1.00138 0.00018597 -30.755 -17.375 1.0038
-30.751 -17.3026 1.00708 0.000100751 -30.755 -17.375 1.0038
-30.776 -17.3337 1.00138 0.00018597 -30.755 -17.375 1.0038
-30.7857 -17.1746 1.00371 0.000126237 -30.755 -17.375 1.0038
-30.7874 -17.3676 1.0051 0.000354223 -30.755 -17.375 1.0038
-30.8743 -17.345 1.00956 0.000179365 -30.755 -17.375 1.0038
-30.7874 -17.3676 1.0051 0.000354223 -30.755 -17.375 1.0038
-30.7857 -17.1746 1.00371 0.000126237 -30.755 -17.375 1.0038
-30.7857 -17.1746 1.00371 0.000126237 -30.755 -17.375 1.0038
-30.8743 -17.345 1.00956 0.000179365 -30.755 -17.375 1.0038
-30.7874 -17.3676 1.0051 0.000354223 -30.755 -17.375 1.0038
-30.8743 -17.345 1.00956 0.000179365 -30.755 -17.375 1.0038
-30.7874 -17.3676 1.0051 0.000354223 -30.755 -17.375 1.0038
-30.7874 -17.3676 1.0051 0.000354223 -30.755 -17.375 1.0038
-30.7874 -17.3676 1.0051 0.000354223 -30.755 -17.375 1.0038
-30.8743 -17.345 1.00956 0.000179365 -30.755 -17.375 1.0038
-30.8743 -17.345 1.00956 0.000179365 -30.755 -17.375 1.0038
-30.7874 -17.3676 1.0051 0.000354223 -30.755 -17.375 1.0038
-30.7449 -17.2975 1.00311 0.000190846 -30.755 -17.375 1.0038
-30.7881 -17.6135 1.00779 1.85954e-05 -30.755 -17.375 1.0038
-30.7874 -17.3676 1.0051 0.000354223 -30.755 -17.375 1.0038
-30.9775 -17.0726 0.997412 1.26266e-05 -30.755 -17.375 1.0038
-30.776 -17.3337 1.00138 0.00018597 -30.755 -17.375 1.0038
-30.7449 -17.2975 1.00311 0.000190846 -30.755 -17.375 1.0038
-30.7857 -17.1746 1.00371 0.000126237 -30.755 -17.375 1.0038
-30.7874 -17.3676 1.0051 0.000354223 -30.755 -17.375 1.0038
