197.981 25.5835 0.0739474 0.0221534 198.25 25.472 0.071782
198.156 25.5154 0.0742618 0.121257 198.25 25.472 0.071782
198.389 25.3247 0.0766708 0.00219481 198.25 25.472 0.071782
198.464 25.2595 0.0695726 0.0026639 198.25 25.472 0.071782
198.269 25.5313 0.0684096 0.105563 198.25 25.472 0.071782
198.18 25.3348 0.0741878 0.0554512 198.25 25.472 0.071782
198.225 25.6876 0.0722626 0.0276004 198.25 25.472 0.071782
198.269 25.4423 0.0706924 0.139324 198.25 25.472 0.071782
198.112 25.3703 0.0805983 0.00559419 198.25 25.472 0.071782
198.4 25.6283 0.0746137 0.00593787 198.25 25.472 0.071782
198.269 25.4423 0.0706924 0.139324 198.25 25.472 0.071782
198.269 25.4423 0.0706924 0.139324 198.25 25.472 0.071782
198.163 25.4523 0.0677716 0.0943287 198.25 25.472 0.071782
198.025 25.5578 0.0722385 0.0444496 198.25 25.472 0.071782
198.156 25.5154 0.0742618 0.121257 198.25 25.472 0.071782
198.18 25.3348 0.0741878 0.0554512 198.25 25.472 0.071782
198.269 25.4423 0.0706924 0.139324 198.25 25.472 0.071782
198.025 25.5578 0.0722385 0.0444496 198.25 25.472 0.071782
198.026 25.5476 0.0804439 0.00852062 198.25 25.472 0.071782
198.269 25.4423 0.0706924 0.139324 198.25 25.472 0.071782
197.982 25.5244 0.0745603 0.0309396 198.25 25.472 0.071782
198.004 25.4706 0.0753799 0.0398987 198.25 25.472 0.071782
198.025 25.5578 0.0722385 0.0444496 198.25 25.472 0.071782
198.005 25.6276 0.074805 0.0194515 198.25 25.472 0.071782
197.965 25.5724 0.073812 0.0187868 198.25 25.472 0.071782
198.007 25.4587 0.0753288 0.0409653 198.25 25.472 0.071782
198.005 25.6276 0.074805 0.0194515 198.25 25.472 0.071782
198.172 25.5434 0.0751715 0.0903377 198.25 25.472 0.071782
197.982 25.5244 0.0745603 0.0309396 198.25 25.472 0.071782
198.062 25.3852 0.075626 0.045381 198.25 25.472 0.071782
198.004 25.4706 0.0753799 0.0398987 198.25 25.472 0.071782
198.269 25.4423 0.0706924 0.139324 198.25 25.472 0.071782
198.269 25.4423 0.0706924 0.139324 198.25 25.472 0.071782
198.004 25.4706 0.0753799 0.0398987 198.25 25.472 0.071782
198.156 25.5154 0.0742618 0.121257 198.25 25.472 0.071782
198.18 25.3348 0.0741878 0.0554512 198.25 25.472 0.071782
198.156 25.5154 0.0742618 0.121257 198.25 25.472 0.071782
197.98 25.5631 0.0709216 0.0178053 198.25 25.472 0.071782
198.163 25.4523 0.0677716 0.0943287 198.25 25.472 0.071782
198.025 25.5578 0.0722385 0.0444496 198.25 25.472 0.071782
198.156 25.5154 0.0742618 0.121257 198.25 25.472 0.071782
198.269 25.4423 0.0706924 0.139324 198.25 25.472 0.071782
198.172 25.5434 0.0751715 0.0903377 198.25 25.472 0.071782
198.163 25.4523 0.0677716 0.0943287 198.25 25.472 0.071782
198.004 25.4706 0.0753799 0.0398987 198.25 25.472 0.071782
198.163 25.4523 0.0677716 0.0943287 198.25 25.472 0.071782
198.007 25.4587 0.0753288 0.0409653 198.25 25.472 0.071782
197.98 25.5631 0.0709216 0.0178053 198.25 25.472 0.071782
198.18 25.3348 0.0741878 0.0554512 198.25 25.472 0.071782
198.18 25.3348 0.0741878 0.0554512 198.25 25.472 0.071782
197.741 25.2968 0.0780662 2.71016e-05 198.25 25.472 0.071782
198.004 25.4706 0.0753799 0.0398987 198.25 25.472 0.071782
198.163 25.4523 0.0677716 0.0943287 198.25 25.472 0.071782
198.086 25.3162 0.0726863 0.0395139 198.25 25.472 0.071782
198.086 25.3162 0.0726863 0.0395139 198.25 25.472 0.071782
198.156 25.5154 0.0742618 0.121257 198.25 25.472 0.071782
198.004 25.4706 0.0753799 0.0398987 198.25 25.472 0.071782
198.211 25.635 0.0732462 0.055771 198.25 25.472 0.071782
197.977 25.4477 0.0702692 0.0194796 198.25 25.472 0.071782
198.172 25.5434 0.0751715 0.0903377 198.25 25.472 0.071782
198.18 25.3348 0.0741878 0.0554512 198.25 25.472 0.071782
198.156 25.5154 0.0742618 0.121257 198.25 25.472 0.071782
198.455 25.6155 0.0643627 0.00385272 198.25 25.472 0.071782
198.211 25.635 0.0732462 0.055771 198.25 25.472 0.071782
198.269 25.4423 0.0706924 0.139324 198.25 25.472 0.071782
197.981 25.5835 0.0739474 0.0221534 198.25 25.472 0.071782
198.004 25.4706 0.0753799 0.0398987 198.25 25.472 0.071782
198.007 25.4587 0.0753288 0.0409653 198.25 25.472 0.071782
198.189 25.6971 0.0678396 0.0131973 198.25 25.472 0.071782
198.025 25.5578 0.0722385 0.0444496 198.25 25.472 0.071782
198.172 25.5434 0.0751715 0.0903377 198.25 25.472 0.071782
198.269 25.4423 0.0706924 0.139324 198.25 25.472 0.071782
198.163 25.4523 0.0677716 0.0943287 198.25 25.472 0.071782
198.269 25.5313 0.0684096 0.105563 198.25 25.472 0.071782
198.163 25.4523 0.0677716 0.0943287 198.25 25.472 0.071782
197.965 25.5724 0.073812 0.0187868 198.25 25.472 0.071782
198.189 25.6971 0.0678396 0.0131973 198.25 25.472 0.071782
198.025 25.5578 0.0722385 0.0444496 198.25 25.472 0.071782
198.269 25.5313 0.0684096 0.105563 198.25 25.472 0.071782
198.269 25.4423 0.0706924 0.139324 198.25 25.472 0.071782
198.004 25.4706 0.0753799 0.0398987 198.25 25.472 0.071782
198.269 25.5313 0.0684096 0.105563 198.25 25.472 0.071782
198.156 25.5154 0.0742618 0.121257 198.25 25.472 0.071782
198.18 25.3348 0.0741878 0.0554512 198.25 25.472 0.071782
198.225 25.6876 0.0722626 0.0276004 198.25 25.472 0.071782
198.163 25.4523 0.0677716 0.0943287 198.25 25.472 0.071782
198.004 25.4706 0.0753799 0.0398987 198.25 25.472 0.071782
198.18 25.7094 0.0783987 0.00481718 198.25 25.472 0.071782
198.163 25.4523 0.0677716 0.0943287 198.25 25.472 0.071782
198.269 25.5313 0.0684096 0.105563 198.25 25.472 0.071782
198.172 25.5434 0.0751715 0.0903377 198.25 25.472 0.071782
197.982 25.5244 0.0745603 0.0309396 198.25 25.472 0.071782
198.007 25.4587 0.0753288 0.0409653 198.25 25.472 0.071782
198.343 25.6833 0.0725644 0.011817 198.25 25.472 0.071782
197.981 25.5835 0.0739474 0.0221534 198.25 25.472 0.071782
198.269 25.5313 0.0684096 0.105563 198.25 25.472 0.071782
198.163 25.4523 0.0677716 0.0943287 198.25 25.472 0.071782
198.269 25.4423 0.0706924 0.139324 198.25 25.472 0.071782
198.004 25.4706 0.0753799 0.0398987 198.25 25.472 0.071782
198.156 25.5154 0.0742618 0.121257 198.25 25.472 0.071782
198.007 25.4587 0.0753288 0.0409653 198.25 25.472 0.071782
198.211 25.635 0.0732462 0.055771 198.25 25.472 0.071782
198.211 25.635 0.0732462 0.055771 198.25 25.472 0.071782
198.012 25.2756 0.0775808 0.00446215 198.25 25.472 0.071782
198.269 25.4423 0.0706924 0.139324 198.25 25.472 0.071782
197.98 25.5631 0.0709216 0.0178053 198.25 25.472 0.071782
198.269 25.5313 0.0684096 0.105563 198.25 25.472 0.071782
198.259 25.7922 0.0742177 0.0021985 198.25 25.472 0.071782
198.156 25.5154 0.0742618 0.121257 198.25 25.472 0.071782
198.269 25.4423 0.0706924 0.139324 198.25 25.472 0.071782
198.005 25.6276 0.074805 0.0194515 198.25 25.472 0.071782
198.062 25.3852 0.075626 0.045381 198.25 25.472 0.071782
198.211 25.635 0.0732462 0.055771 198.25 25.472 0.071782
198.163 25.4523 0.0677716 0.0943287 198.25 25.472 0.071782
198.269 25.4423 0.0706924 0.139324 198.25 25.472 0.071782
198.112 25.3703 0.0805983 0.00559419 198.25 25.472 0.071782
198.225 25.6876 0.0722626 0.0276004 198.25 25.472 0.071782
198.163 25.4523 0.0677716 0.0943287 198.25 25.472 0.071782
198.269 25.4423 0.0706924 0.139324 198.25 25.472 0.071782
198.025 25.5578 0.0722385 0.0444496 198.25 25.472 0.071782
198.211 25.635 0.0732462 0.055771 198.25 25.472 0.071782
198.088 25.4107 0.0646424 0.0112059 198.25 25.472 0.071782
198.163 25.4523 0.0677716 0.0943287 198.25 25.472 0.071782
198.156 25.5154 0.0742618 0.121257 198.25 25.472 0.071782
197.98 25.5631 0.0709216 0.0178053 198.25 25.472 0.071782
198.269 25.5313 0.0684096 0.105563 198.25 25.472 0.071782
198.269 25.4423 0.0706924 0.139324 198.25 25.472 0.071782
198.163 25.4523 0.0677716 0.0943287 198.25 25.472 0.071782
198.225 25.6876 0.0722626 0.0276004 198.25 25.472 0.071782
198.156 25.5154 0.0742618 0.121257 198.25 25.472 0.071782
198.003 25.4632 0.069723 0.0273065 198.25 25.472 0.071782
198.269 25.4423 0.0706924 0.139324 198.25 25.472 0.071782
198.088 25.4107 0.0646424 0.0112059 198.25 25.472 0.071782
197.982 25.5244 0.0745603 0.0309396 198.25 25.472 0.071782
198.003 25.4632 0.069723 0.0273065 198.25 25.472 0.071782
198.112 25.3703 0.0805983 0.00559419 198.25 25.472 0.071782
197.919 25.525 0.076895 0.00888354 198.25 25.472 0.071782
198.163 25.4523 0.0677716 0.0943287 198.25 25.472 0.071782
198.163 25.4523 0.0677716 0.0943287 198.25 25.472 0.071782
198.432 25.249 0.0710453 0.00304409 198.25 25.472 0.071782
198.18 25.3348 0.0741878 0.0554512 198.25 25.472 0.071782
198.025 25.5578 0.0722385 0.0444496 198.25 25.472 0.071782
198.163 25.4523 0.0677716 0.0943287 198.25 25.472 0.071782
198.211 25.635 0.0732462 0.055771 198.25 25.472 0.071782
198.269 25.4423 0.0706924 0.139324 198.25 25.472 0.071782
198.336 25.5734 0.0610226 0.00327062 198.25 25.472 0.071782
198.004 25.4706 0.0753799 0.0398987 198.25 25.472 0.071782
198.003 25.4632 0.069723 0.0273065 198.25 25.472 0.071782
198.225 25.6876 0.0722626 0.0276004 198.25 25.472 0.071782
198.269 25.4423 0.0706924 0.139324 198.25 25.472 0.071782
198.026 25.5476 0.0804439 0.00852062 198.25 25.472 0.071782
198.294 25.717 0.0742641 0.00792099 198.25 25.472 0.071782
198.269 25.4423 0.0706924 0.139324 198.25 25.472 0.071782
197.965 25.5724 0.073812 0.0187868 198.25 25.472 0.071782
198.172 25.5434 0.0751715 0.0903377 198.25 25.472 0.071782
198.269 25.4423 0.0706924 0.139324 198.25 25.472 0.071782
198.003 25.4632 0.069723 0.0273065 198.25 25.472 0.071782
197.981 25.5835 0.0739474 0.0221534 198.25 25.472 0.071782
198.172 25.5434 0.0751715 0.0903377 198.25 25.472 0.071782
198.18 25.3348 0.0741878 0.0554512 198.25 25.472 0.071782
198.163 25.4523 0.0677716 0.0943287 198.25 25.472 0.071782
198.004 25.4706 0.0753799 0.0398987 198.25 25.472 0.071782
197.98 25.5631 0.0709216 0.0178053 198.25 25.472 0.071782
198.269 25.5313 0.0684096 0.105563 198.25 25.472 0.071782
198.211 25.635 0.0732462 0.055771 198.25 25.472 0.071782
198.172 25.5434 0.0751715 0.0903377 198.25 25.472 0.071782
198.025 25.5578 0.0722385 0.0444496 198.25 25.472 0.071782
198.009 25.3268 0.0746402 0.0180167 198.25 25.472 0.071782
197.981 25.5835 0.0739474 0.0221534 198.25 25.472 0.071782
197.982 25.5244 0.0745603 0.0309396 198.25 25.472 0.071782
198.269 25.4423 0.0706924 0.139324 198.25 25.472 0.071782
198.18 25.3348 0.0741878 0.0554512 198.25 25.472 0.071782
198.439 25.3149 0.0664115 0.00905122 198.25 25.472 0.071782
198.009 25.3268 0.0746402 0.0180167 198.25 25.472 0.071782
198.025 25.5578 0.0722385 0.0444496 198.25 25.472 0.071782
198.156 25.5154 0.0742618 0.121257 198.25 25.472 0.071782
198.156 25.5154 0.0742618 0.121257 198.25 25.472 0.071782
198.172 25.5434 0.0751715 0.0903377 198.25 25.472 0.071782
197.982 25.5244 0.0745603 0.0309396 198.25 25.472 0.071782
198.156 25.5154 0.0742618 0.121257 198.25 25.472 0.071782
198.172 25.5434 0.0751715 0.0903377 198.25 25.472 0.071782
198.189 25.6971 0.0678396 0.0131973 198.25 25.472 0.071782
198.004 25.4706 0.0753799 0.0398987 198.25 25.472 0.071782
198.269 25.4423 0.0706924 0.139324 198.25 25.472 0.071782
198.025 25.5578 0.0722385 0.0444496 198.25 25.472 0.071782
198.172 25.5434 0.0751715 0.0903377 198.25 25.472 0.071782
198.269 25.5313 0.0684096 0.105563 198.25 25.472 0.071782
198.062 25.3852 0.075626 0.045381 198.25 25.472 0.071782
197.977 25.4477 0.0702692 0.0194796 198.25 25.472 0.071782
198.439 25.3149 0.0664115 0.00905122 198.25 25.472 0.071782
198.156 25.5154 0.0742618 0.121257 198.25 25.472 0.071782
198.172 25.5434 0.0751715 0.0903377 198.25 25.472 0.071782
198.211 25.635 0.0732462 0.055771 198.25 25.472 0.071782
198.156 25.5154 0.0742618 0.121257 198.25 25.472 0.071782
197.919 25.525 0.076895 0.00888354 198.25 25.472 0.071782
197.98 25.5631 0.0709216 0.0178053 198.25 25.472 0.071782
198.062 25.3852 0.075626 0.045381 198.25 25.472 0.071782
198.088 25.4107 0.0646424 0.0112059 198.25 25.472 0.071782
198.156 25.5154 0.0742618 0.121257 198.25 25.472 0.071782
198.189 25.6971 0.0678396 0.0131973 198.25 25.472 0.071782
