-24.9832 -87.748 2.59517 0.344331 -24.846 -88.029 2.5972
-24.904 -87.9652 2.59626 1.30444 -24.846 -88.029 2.5972
-24.7633 -88.0169 2.60783 0.246601 -24.846 -88.029 2.5972
-25.0817 -87.9219 2.60074 0.157298 -24.846 -88.029 2.5972
-24.839 -87.6869 2.59255 0.211692 -24.846 -88.029 2.5972
-24.8519 -87.9291 2.59871 1.69665 -24.846 -88.029 2.5972
-24.8286 -87.775 2.58756 0.0577867 -24.846 -88.029 2.5972
-24.9598 -88.0452 2.59617 0.693062 -24.846 -88.029 2.5972
-24.6518 -87.9861 2.59769 0.728135 -24.846 -88.029 2.5972
-24.7632 -87.8757 2.59985 1.30212 -24.846 -88.029 2.5972
-25.0817 -87.9219 2.60074 0.157298 -24.846 -88.029 2.5972
-25.1308 -87.8441 2.59304 0.10686 -24.846 -88.029 2.5972
-24.9598 -88.0452 2.59617 0.693062 -24.846 -88.029 2.5972
-24.9603 -87.8076 2.59866 0.534638 -24.846 -88.029 2.5972
-24.9672 -87.8486 2.60017 0.517532 -24.846 -88.029 2.5972
-24.9819 -88.0107 2.59483 0.579141 -24.846 -88.029 2.5972
-24.8427 -88.1114 2.5925 0.160128 -24.846 -88.029 2.5972
-24.7823 -87.7884 2.594 0.581917 -24.846 -88.029 2.5972
-24.9396 -87.8746 2.58618 0.0316925 -24.846 -88.029 2.5972
-24.8409 -88.1933 2.59748 0.309661 -24.846 -88.029 2.5972
-24.7632 -87.8757 2.59985 1.30212 -24.846 -88.029 2.5972
-24.8409 -88.1933 2.59748 0.309661 -24.846 -88.029 2.5972
-24.8574 -87.7265 2.5955 0.465417 -24.846 -88.029 2.5972
-25.0123 -87.9511 2.59703 0.661684 -24.846 -88.029 2.5972
-24.8519 -87.9291 2.59871 1.69665 -24.846 -88.029 2.5972
-24.526 -87.8351 2.59828 0.110209 -24.846 -88.029 2.5972
-24.6932 -88.3408 2.60166 0.0418387 -24.846 -88.029 2.5972
-25.0143 -88.076 2.60771 0.0304923 -24.846 -88.029 2.5972
-24.7635 -87.9165 2.60628 0.305645 -24.846 -88.029 2.5972
-24.8409 -88.1933 2.59748 0.309661 -24.846 -88.029 2.5972
-24.904 -87.9652 2.59626 1.30444 -24.846 -88.029 2.5972
-24.8399 -87.9115 2.59494 1.22225 -24.846 -88.029 2.5972
-24.8399 -87.9115 2.59494 1.22225 -24.846 -88.029 2.5972
-24.9773 -87.9595 2.60108 0.619819 -24.846 -88.029 2.5972
-24.8409 -88.1933 2.59748 0.309661 -24.846 -88.029 2.5972
-24.6518 -87.9861 2.59769 0.728135 -24.846 -88.029 2.5972
-25.0123 -87.9511 2.59703 0.661684 -24.846 -88.029 2.5972
-24.7633 -88.0169 2.60783 0.246601 -24.846 -88.029 2.5972
-24.8519 -87.9291 2.59871 1.69665 -24.846 -88.029 2.5972
-24.8399 -87.9115 2.59494 1.22225 -24.846 -88.029 2.5972
-24.9598 -88.0452 2.59617 0.693062 -24.846 -88.029 2.5972
-24.8519 -87.9291 2.59871 1.69665 -24.846 -88.029 2.5972
-24.8399 -87.9115 2.59494 1.22225 -24.846 -88.029 2.5972
-25.1315 -87.7846 2.60214 0.0135321 -24.846 -88.029 2.5972
-24.904 -87.9652 2.59626 1.30444 -24.846 -88.029 2.5972
-24.8427 -88.1114 2.5925 0.160128 -24.846 -88.029 2.5972
-24.8399 -87.9115 2.59494 1.22225 -24.846 -88.029 2.5972
-24.8653 -87.9929 2.59223 0.436369 -24.846 -88.029 2.5972
-24.8519 -87.9291 2.59871 1.69665 -24.846 -88.029 2.5972
-24.8519 -87.9291 2.59871 1.69665 -24.846 -88.029 2.5972
-24.7632 -87.8757 2.59985 1.30212 -24.846 -88.029 2.5972
-24.7632 -87.8757 2.59985 1.30212 -24.846 -88.029 2.5972
-24.8519 -87.9291 2.59871 1.69665 -24.846 -88.029 2.5972
-24.9584 -88.0123 2.59986 0.881082 -24.846 -88.029 2.5972
-25.0763 -87.7383 2.59494 0.12383 -24.846 -88.029 2.5972
-24.904 -87.9652 2.59626 1.30444 -24.846 -88.029 2.5972
-24.7823 -87.7884 2.594 0.581917 -24.846 -88.029 2.5972
-25.1502 -88.0714 2.59166 0.0235738 -24.846 -88.029 2.5972
-24.904 -87.9652 2.59626 1.30444 -24.846 -88.029 2.5972
-25.0123 -87.9511 2.59703 0.661684 -24.846 -88.029 2.5972
-24.904 -87.9652 2.59626 1.30444 -24.846 -88.029 2.5972
-24.8427 -88.1114 2.5925 0.160128 -24.846 -88.029 2.5972
-25.1046 -88.0676 2.59929 0.121831 -24.846 -88.029 2.5972
-24.8399 -87.9115 2.59494 1.22225 -24.846 -88.029 2.5972
-24.9819 -88.0107 2.59483 0.579141 -24.846 -88.029 2.5972
-25.0763 -87.7383 2.59494 0.12383 -24.846 -88.029 2.5972
-24.9832 -87.748 2.59517 0.344331 -24.846 -88.029 2.5972
-24.6518 -87.9861 2.59769 0.728135 -24.846 -88.029 2.5972
-24.8519 -87.9291 2.59871 1.69665 -24.846 -88.029 2.5972
-24.9819 -88.0107 2.59483 0.579141 -24.846 -88.029 2.5972
-24.4953 -87.8157 2.60515 0.0293128 -24.846 -88.029 2.5972
-25.0078 -87.7672 2.59155 0.222844 -24.846 -88.029 2.5972
-25.0078 -87.7672 2.59155 0.222844 -24.846 -88.029 2.5972
-24.7632 -87.8757 2.59985 1.30212 -24.846 -88.029 2.5972
-24.8399 -87.9115 2.59494 1.22225 -24.846 -88.029 2.5972
-24.904 -87.9652 2.59626 1.30444 -24.846 -88.029 2.5972
-24.9598 -88.0452 2.59617 0.693062 -24.846 -88.029 2.5972
-24.9819 -88.0107 2.59483 0.579141 -24.846 -88.029 2.5972
-24.8519 -87.9291 2.59871 1.69665 -24.846 -88.029 2.5972
-24.8529 -88.2159 2.58756 0.00111168 -24.846 -88.029 2.5972
-24.8641 -87.7857 2.60287 0.256678 -24.846 -88.029 2.5972
-24.904 -87.9652 2.59626 1.30444 -24.846 -88.029 2.5972
-24.7632 -87.8757 2.59985 1.30212 -24.846 -88.029 2.5972
-24.7632 -87.8757 2.59985 1.30212 -24.846 -88.029 2.5972
-24.848 -88.1731 2.60382 0.441317 -24.846 -88.029 2.5972
-24.8399 -87.9115 2.59494 1.22225 -24.846 -88.029 2.5972
-24.9598 -88.0452 2.59617 0.693062 -24.846 -88.029 2.5972
-24.7632 -87.8757 2.59985 1.30212 -24.846 -88.029 2.5972
-24.8519 -87.9291 2.59871 1.69665 -24.846 -88.029 2.5972
-24.9442 -88.1076 2.59135 0.0889506 -24.846 -88.029 2.5972
-24.8607 -88.019 2.58946 0.0902791 -24.846 -88.029 2.5972
-24.8399 -87.9115 2.59494 1.22225 -24.846 -88.029 2.5972
-24.8399 -87.9115 2.59494 1.22225 -24.846 -88.029 2.5972
-24.9442 -88.1076 2.59135 0.0889506 -24.846 -88.029 2.5972
-24.904 -87.9652 2.59626 1.30444 -24.846 -88.029 2.5972
-24.904 -87.9652 2.59626 1.30444 -24.846 -88.029 2.5972
-24.9555 -87.9433 2.59566 0.974576 -24.846 -88.029 2.5972
-24.904 -87.9652 2.59626 1.30444 -24.846 -88.029 2.5972
-24.7823 -87.7884 2.594 0.581917 -24.846 -88.029 2.5972
-24.904 -87.9652 2.59626 1.30444 -24.846 -88.029 2.5972
-24.8399 -87.9115 2.59494 1.22225 -24.846 -88.029 2.5972
-25.1502 -88.0714 2.59166 0.0235738 -24.846 -88.029 2.5972
-24.9564 -87.8869 2.59432 0.804849 -24.846 -88.029 2.5972
-24.526 -87.8351 2.59828 0.110209 -24.846 -88.029 2.5972
-24.9603 -87.8076 2.59866 0.534638 -24.846 -88.029 2.5972
-24.8399 -87.9115 2.59494 1.22225 -24.846 -88.029 2.5972
-24.8399 -87.9115 2.59494 1.22225 -24.846 -88.029 2.5972
-24.9584 -88.0123 2.59986 0.881082 -24.846 -88.029 2.5972
-24.9584 -88.0123 2.59986 0.881082 -24.846 -88.029 2.5972
-24.8399 -87.9115 2.59494 1.22225 -24.846 -88.029 2.5972
-24.8519 -87.9291 2.59871 1.69665 -24.846 -88.029 2.5972
-24.9555 -87.9433 2.59566 0.974576 -24.846 -88.029 2.5972
-24.9898 -87.8742 2.60148 0.346531 -24.846 -88.029 2.5972
-24.8519 -87.9291 2.59871 1.69665 -24.846 -88.029 2.5972
-24.8519 -87.9291 2.59871 1.69665 -24.846 -88.029 2.5972
-25.0078 -87.7672 2.59155 0.222844 -24.846 -88.029 2.5972
-24.9555 -87.9433 2.59566 0.974576 -24.846 -88.029 2.5972
-24.7823 -87.7884 2.594 0.581917 -24.846 -88.029 2.5972
-24.8653 -87.9929 2.59223 0.436369 -24.846 -88.029 2.5972
-24.8519 -87.9291 2.59871 1.69665 -24.846 -88.029 2.5972
-24.8519 -87.9291 2.59871 1.69665 -24.846 -88.029 2.5972
-24.9898 -87.8742 2.60148 0.346531 -24.846 -88.029 2.5972
-25.1697 -88.0078 2.59384 0.049972 -24.846 -88.029 2.5972
-24.904 -87.9652 2.59626 1.30444 -24.846 -88.029 2.5972
-25.0123 -87.9511 2.59703 0.661684 -24.846 -88.029 2.5972
-24.9555 -87.9433 2.59566 0.974576 -24.846 -88.029 2.5972
-25.2039 -87.95 2.59159 0.023514 -24.846 -88.029 2.5972
-24.7632 -87.8757 2.59985 1.30212 -24.846 -88.029 2.5972
-24.9555 -87.9433 2.59566 0.974576 -24.846 -88.029 2.5972
-24.904 -87.9652 2.59626 1.30444 -24.846 -88.029 2.5972
-24.9555 -87.9433 2.59566 0.974576 -24.846 -88.029 2.5972
-24.904 -87.9652 2.59626 1.30444 -24.846 -88.029 2.5972
-24.8519 -87.9291 2.59871 1.69665 -24.846 -88.029 2.5972
-24.9584 -88.0123 2.59986 0.881082 -24.846 -88.029 2.5972
-24.9555 -87.9433 2.59566 0.974576 -24.846 -88.029 2.5972
-24.8519 -87.9291 2.59871 1.69665 -24.846 -88.029 2.5972
-24.9672 -87.8486 2.60017 0.517532 -24.846 -88.029 2.5972
-24.9555 -87.9433 2.59566 0.974576 -24.846 -88.029 2.5972
-24.9832 -87.748 2.59517 0.344331 -24.846 -88.029 2.5972
-25.0078 -87.7672 2.59155 0.222844 -24.846 -88.029 2.5972
-24.7632 -87.8757 2.59985 1.30212 -24.846 -88.029 2.5972
-24.904 -87.9652 2.59626 1.30444 -24.846 -88.029 2.5972
-24.7632 -87.8757 2.59985 1.30212 -24.846 -88.029 2.5972
-24.6518 -87.9861 2.59769 0.728135 -24.846 -88.029 2.5972
-24.9564 -87.8869 2.59432 0.804849 -24.846 -88.029 2.5972
-25.0123 -87.9511 2.59703 0.661684 -24.846 -88.029 2.5972
-24.7632 -87.8757 2.59985 1.30212 -24.846 -88.029 2.5972
-24.8427 -88.1114 2.5925 0.160128 -24.846 -88.029 2.5972
-25.0123 -87.9511 2.59703 0.661684 -24.846 -88.029 2.5972
-24.7823 -87.7884 2.594 0.581917 -24.846 -88.029 2.5972
-24.6518 -87.9861 2.59769 0.728135 -24.846 -88.029 2.5972
-24.7632 -87.8757 2.59985 1.30212 -24.846 -88.029 2.5972
-24.7632 -87.8757 2.59985 1.30212 -24.846 -88.029 2.5972
-24.7632 -87.8757 2.59985 1.30212 -24.846 -88.029 2.5972
-24.848 -88.1731 2.60382 0.441317 -24.846 -88.029 2.5972
-24.9564 -87.8869 2.59432 0.804849 -24.846 -88.029 2.5972
-24.9555 -87.9433 2.59566 0.974576 -24.846 -88.029 2.5972
-24.8399 -87.9115 2.59494 1.22225 -24.846 -88.029 2.5972
-24.839 -87.6869 2.59255 0.211692 -24.846 -88.029 2.5972
-24.7635 -87.9165 2.60628 0.305645 -24.846 -88.029 2.5972
-24.8519 -87.9291 2.59871 1.69665 -24.846 -88.029 2.5972
-24.6518 -87.9861 2.59769 0.728135 -24.846 -88.029 2.5972
-24.8399 -87.9115 2.59494 1.22225 -24.846 -88.029 2.5972
-24.8399 -87.9115 2.59494 1.22225 -24.846 -88.029 2.5972
-24.9832 -87.748 2.59517 0.344331 -24.846 -88.029 2.5972
-24.7632 -87.8757 2.59985 1.30212 -24.846 -88.029 2.5972
-24.8399 -87.9115 2.59494 1.22225 -24.846 -88.029 2.5972
-24.9898 -87.8742 2.60148 0.346531 -24.846 -88.029 2.5972
-24.9584 -88.0123 2.59986 0.881082 -24.846 -88.029 2.5972
-24.526 -87.8351 2.59828 0.110209 -24.846 -88.029 2.5972
-24.8519 -87.9291 2.59871 1.69665 -24.846 -88.029 2.5972
-24.7632 -87.8757 2.59985 1.30212 -24.846 -88.029 2.5972
-24.9598 -88.0452 2.59617 0.693062 -24.846 -88.029 2.5972
-24.9598 -88.0452 2.59617 0.693062 -24.846 -88.029 2.5972
-24.9555 -87.9433 2.59566 0.974576 -24.846 -88.029 2.5972
-24.8519 -87.9291 2.59871 1.69665 -24.846 -88.029 2.5972
-24.9672 -87.8486 2.60017 0.517532 -24.846 -88.029 2.5972
-24.8399 -87.9115 2.59494 1.22225 -24.846 -88.029 2.5972
-24.9584 -88.0123 2.59986 0.881082 -24.846 -88.029 2.5972
-24.839 -87.6869 2.59255 0.211692 -24.846 -88.029 2.5972
-24.7633 -88.0169 2.60783 0.246601 -24.846 -88.029 2.5972
-24.7632 -87.8757 2.59985 1.30212 -24.846 -88.029 2.5972
-24.9564 -87.8869 2.59432 0.804849 -24.846 -88.029 2.5972
-24.9603 -87.8076 2.59866 0.534638 -24.846 -88.029 2.5972
-24.9819 -88.0107 2.59483 0.579141 -24.846 -88.029 2.5972
-24.9898 -87.8742 2.60148 0.346531 -24.846 -88.029 2.5972
-24.526 -87.8351 2.59828 0.110209 -24.846 -88.029 2.5972
-24.9564 -87.8869 2.59432 0.804849 -24.846 -88.029 2.5972
-24.904 -87.9652 2.59626 1.30444 -24.846 -88.029 2.5972
-24.6518 -87.9861 2.59769 0.728135 -24.846 -88.029 2.5972
-24.7823 -87.7884 2.594 0.581917 -24.846 -88.029 2.5972
-24.8519 -87.9291 2.59871 1.69665 -24.846 -88.029 2.5972
-24.8519 -87.9291 2.59871 1.69665 -24.846 -88.029 2.5972
-25.0437 -87.9504 2.59022 0.123474 -24.846 -88.029 2.5972
-24.9603 -87.8076 2.59866 0.534638 -24.846 -88.029 2.5972
-24.9564 -87.8869 2.59432 0.804849 -24.846 -88.029 2.5972
-24.7823 -87.7884 2.594 0.581917 -24.846 -88.029 2.5972
-24.977 -87.591 2.59576 0.0384016 -24.846 -88.029 2.5972
-24.904 -87.9652 2.59626 1.30444 -24.846 -88.029 2.5972
-24.942 -88.3544 2.60498 0.0162476 -24.846 -88.029 2.5972
