155.419 22.6363 0.0846147 0.0738639 155.56 22.242 0.080791
155.533 22.3252 0.0870672 4.57791 155.56 22.242 0.080791
155.65 22.5148 0.0798463 0.288816 155.56 22.242 0.080791
155.176 22.1528 0.0953531 0.0771976 155.56 22.242 0.080791
155.583 22.3619 0.0862541 3.21855 155.56 22.242 0.080791
155.533 22.3252 0.0870672 4.57791 155.56 22.242 0.080791
155.299 22.2678 0.0885495 1.8848 155.56 22.242 0.080791
155.771 22.1907 0.08206 0.132332 155.56 22.242 0.080791
155.407 22.5219 0.087231 0.748254 155.56 22.242 0.080791
155.428 22.3662 0.0835214 2.7245 155.56 22.242 0.080791
155.407 22.5219 0.087231 0.748254 155.56 22.242 0.080791
155.398 22.4344 0.0851732 2.04201 155.56 22.242 0.080791
155.778 22.458 0.07873 0.0901442 155.56 22.242 0.080791
155.315 22.3461 0.0875073 2.06503 155.56 22.242 0.080791
155.533 22.3252 0.0870672 4.57791 155.56 22.242 0.080791
155.669 22.0703 0.0837041 0.123783 155.56 22.242 0.080791
155.568 22.3158 0.0880717 3.16297 155.56 22.242 0.080791
155.533 22.3252 0.0870672 4.57791 155.56 22.242 0.080791
155.428 22.3662 0.0835214 2.7245 155.56 22.242 0.080791
155.568 22.3158 0.0880717 3.16297 155.56 22.242 0.080791
155.605 22.0597 0.086106 0.252001 155.56 22.242 0.080791
155.422 22.4424 0.0931682 0.445918 155.56 22.242 0.080791
155.355 22.0179 0.0963128 0.0335107 155.56 22.242 0.080791
155.222 22.2585 0.089264 0.627924 155.56 22.242 0.080791
155.101 22.1233 0.0865277 0.00560064 155.56 22.242 0.080791
155.669 22.0703 0.0837041 0.123783 155.56 22.242 0.080791
155.604 22.4493 0.0820248 1.31505 155.56 22.242 0.080791
155.428 22.3662 0.0835214 2.7245 155.56 22.242 0.080791
155.299 22.2678 0.0885495 1.8848 155.56 22.242 0.080791
155.522 22.0982 0.0877832 0.898572 155.56 22.242 0.080791
155.533 22.3252 0.0870672 4.57791 155.56 22.242 0.080791
155.222 22.2585 0.089264 0.627924 155.56 22.242 0.080791
155.533 22.3252 0.0870672 4.57791 155.56 22.242 0.080791
155.568 22.3158 0.0880717 3.16297 155.56 22.242 0.080791
155.533 22.3252 0.0870672 4.57791 155.56 22.242 0.080791
155.323 22.2186 0.0915045 1.60326 155.56 22.242 0.080791
155.315 22.3461 0.0875073 2.06503 155.56 22.242 0.080791
155.422 22.4424 0.0931682 0.445918 155.56 22.242 0.080791
155.407 22.5219 0.087231 0.748254 155.56 22.242 0.080791
155.568 22.3158 0.0880717 3.16297 155.56 22.242 0.080791
155.533 22.3252 0.0870672 4.57791 155.56 22.242 0.080791
155.356 22.5284 0.0881354 0.449267 155.56 22.242 0.080791
155.583 22.3619 0.0862541 3.21855 155.56 22.242 0.080791
155.568 22.3158 0.0880717 3.16297 155.56 22.242 0.080791
155.533 22.3252 0.0870672 4.57791 155.56 22.242 0.080791
155.356 22.5284 0.0881354 0.449267 155.56 22.242 0.080791
155.356 22.5284 0.0881354 0.449267 155.56 22.242 0.080791
155.432 22.1741 0.08613 2.3202 155.56 22.242 0.080791
155.568 22.3158 0.0880717 3.16297 155.56 22.242 0.080791
155.315 22.3461 0.0875073 2.06503 155.56 22.242 0.080791
155.533 22.3252 0.0870672 4.57791 155.56 22.242 0.080791
155.67 22.136 0.0869869 0.374343 155.56 22.242 0.080791
155.628 22.5951 0.0784032 0.0565408 155.56 22.242 0.080791
155.568 22.3158 0.0880717 3.16297 155.56 22.242 0.080791
155.65 22.5148 0.0798463 0.288816 155.56 22.242 0.080791
155.407 22.5219 0.087231 0.748254 155.56 22.242 0.080791
155.288 22.143 0.0898624 0.727396 155.56 22.242 0.080791
155.407 22.5219 0.087231 0.748254 155.56 22.242 0.080791
155.432 22.1741 0.08613 2.3202 155.56 22.242 0.080791
155.222 22.2585 0.089264 0.627924 155.56 22.242 0.080791
155.422 22.4424 0.0931682 0.445918 155.56 22.242 0.080791
155.669 22.0703 0.0837041 0.123783 155.56 22.242 0.080791
155.222 22.2585 0.089264 0.627924 155.56 22.242 0.080791
155.315 22.3461 0.0875073 2.06503 155.56 22.242 0.080791
155.315 22.3461 0.0875073 2.06503 155.56 22.242 0.080791
155.568 22.3158 0.0880717 3.16297 155.56 22.242 0.080791
155.328 22.2404 0.0911095 1.95714 155.56 22.242 0.080791
155.326 22.4117 0.0971855 0.056371 155.56 22.242 0.080791
155.398 22.4344 0.0851732 2.04201 155.56 22.242 0.080791
155.351 22.2754 0.0944486 0.774172 155.56 22.242 0.080791
155.323 22.2186 0.0915045 1.60326 155.56 22.242 0.080791
155.222 22.2585 0.089264 0.627924 155.56 22.242 0.080791
155.328 22.2404 0.0911095 1.95714 155.56 22.242 0.080791
155.583 22.3619 0.0862541 3.21855 155.56 22.242 0.080791
155.526 22.5778 0.0828362 0.306775 155.56 22.242 0.080791
155.533 22.3252 0.0870672 4.57791 155.56 22.242 0.080791
155.604 22.4493 0.0820248 1.31505 155.56 22.242 0.080791
155.522 22.0982 0.0877832 0.898572 155.56 22.242 0.080791
155.328 22.2404 0.0911095 1.95714 155.56 22.242 0.080791
155.583 22.3619 0.0862541 3.21855 155.56 22.242 0.080791
155.315 22.3461 0.0875073 2.06503 155.56 22.242 0.080791
155.778 22.4548 0.0851877 0.103566 155.56 22.242 0.080791
155.323 22.2186 0.0915045 1.60326 155.56 22.242 0.080791
155.39 22.571 0.0854265 0.271343 155.56 22.242 0.080791
155.533 22.3252 0.0870672 4.57791 155.56 22.242 0.080791
155.315 22.3461 0.0875073 2.06503 155.56 22.242 0.080791
155.323 22.2186 0.0915045 1.60326 155.56 22.242 0.080791
155.522 22.0982 0.0877832 0.898572 155.56 22.242 0.080791
155.328 22.2404 0.0911095 1.95714 155.56 22.242 0.080791
155.428 22.3662 0.0835214 2.7245 155.56 22.242 0.080791
155.432 22.1741 0.08613 2.3202 155.56 22.242 0.080791
155.351 22.2754 0.0944486 0.774172 155.56 22.242 0.080791
155.351 22.2754 0.0944486 0.774172 155.56 22.242 0.080791
155.299 22.2678 0.0885495 1.8848 155.56 22.242 0.080791
155.568 22.3158 0.0880717 3.16297 155.56 22.242 0.080791
155.778 22.458 0.07873 0.0901442 155.56 22.242 0.080791
155.351 22.2754 0.0944486 0.774172 155.56 22.242 0.080791
155.398 22.4344 0.0851732 2.04201 155.56 22.242 0.080791
155.533 22.3252 0.0870672 4.57791 155.56 22.242 0.080791
155.328 22.2404 0.0911095 1.95714 155.56 22.242 0.080791
155.422 22.4424 0.0931682 0.445918 155.56 22.242 0.080791
155.492 22.1649 0.0778378 0.0701578 155.56 22.242 0.080791
155.428 22.3662 0.0835214 2.7245 155.56 22.242 0.080791
155.398 22.4344 0.0851732 2.04201 155.56 22.242 0.080791
155.533 22.3252 0.0870672 4.57791 155.56 22.242 0.080791
155.428 22.3662 0.0835214 2.7245 155.56 22.242 0.080791
155.428 22.3662 0.0835214 2.7245 155.56 22.242 0.080791
155.323 22.2186 0.0915045 1.60326 155.56 22.242 0.080791
155.125 22.0565 0.0925047 0.014415 155.56 22.242 0.080791
155.419 22.6363 0.0846147 0.0738639 155.56 22.242 0.080791
155.394 22.4416 0.0938684 0.322831 155.56 22.242 0.080791
155.583 22.3619 0.0862541 3.21855 155.56 22.242 0.080791
155.398 22.4344 0.0851732 2.04201 155.56 22.242 0.080791
155.603 22.5167 0.0807302 0.464694 155.56 22.242 0.080791
155.432 22.1741 0.08613 2.3202 155.56 22.242 0.080791
155.299 22.2678 0.0885495 1.8848 155.56 22.242 0.080791
155.533 22.3252 0.0870672 4.57791 155.56 22.242 0.080791
155.604 22.4493 0.0820248 1.31505 155.56 22.242 0.080791
155.432 22.1741 0.08613 2.3202 155.56 22.242 0.080791
155.323 22.2186 0.0915045 1.60326 155.56 22.242 0.080791
155.315 22.3461 0.0875073 2.06503 155.56 22.242 0.080791
155.323 22.2186 0.0915045 1.60326 155.56 22.242 0.080791
155.568 22.3158 0.0880717 3.16297 155.56 22.242 0.080791
155.428 22.3662 0.0835214 2.7245 155.56 22.242 0.080791
155.568 22.3158 0.0880717 3.16297 155.56 22.242 0.080791
155.398 22.4344 0.0851732 2.04201 155.56 22.242 0.080791
155.533 22.3252 0.0870672 4.57791 155.56 22.242 0.080791
155.522 22.0982 0.0877832 0.898572 155.56 22.242 0.080791
155.407 22.5219 0.087231 0.748254 155.56 22.242 0.080791
155.367 22.1941 0.0957111 0.351582 155.56 22.242 0.080791
155.583 22.3619 0.0862541 3.21855 155.56 22.242 0.080791
155.533 22.3252 0.0870672 4.57791 155.56 22.242 0.080791
155.533 22.3252 0.0870672 4.57791 155.56 22.242 0.080791
155.398 22.4344 0.0851732 2.04201 155.56 22.242 0.080791
155.509 22.3967 0.0931667 0.471249 155.56 22.242 0.080791
155.432 22.1741 0.08613 2.3202 155.56 22.242 0.080791
155.222 22.2585 0.089264 0.627924 155.56 22.242 0.080791
155.39 22.571 0.0854265 0.271343 155.56 22.242 0.080791
155.568 22.3158 0.0880717 3.16297 155.56 22.242 0.080791
155.315 22.3461 0.0875073 2.06503 155.56 22.242 0.080791
155.299 22.2678 0.0885495 1.8848 155.56 22.242 0.080791
155.533 22.3252 0.0870672 4.57791 155.56 22.242 0.080791
155.328 22.2404 0.0911095 1.95714 155.56 22.242 0.080791
155.398 22.4344 0.0851732 2.04201 155.56 22.242 0.080791
155.323 22.2186 0.0915045 1.60326 155.56 22.242 0.080791
155.526 22.5778 0.0828362 0.306775 155.56 22.242 0.080791
155.299 22.2678 0.0885495 1.8848 155.56 22.242 0.080791
155.432 22.1741 0.08613 2.3202 155.56 22.242 0.080791
155.328 22.2404 0.0911095 1.95714 155.56 22.242 0.080791
155.693 22.3956 0.0770592 0.175981 155.56 22.242 0.080791
155.533 22.3252 0.0870672 4.57791 155.56 22.242 0.080791
155.398 22.4344 0.0851732 2.04201 155.56 22.242 0.080791
155.398 22.4344 0.0851732 2.04201 155.56 22.242 0.080791
155.315 22.3461 0.0875073 2.06503 155.56 22.242 0.080791
155.299 22.2678 0.0885495 1.8848 155.56 22.242 0.080791
155.432 22.1741 0.08613 2.3202 155.56 22.242 0.080791
155.222 22.2585 0.089264 0.627924 155.56 22.242 0.080791
155.428 22.3662 0.0835214 2.7245 155.56 22.242 0.080791
155.568 22.3158 0.0880717 3.16297 155.56 22.242 0.080791
155.299 22.2678 0.0885495 1.8848 155.56 22.242 0.080791
155.604 22.4493 0.0820248 1.31505 155.56 22.242 0.080791
155.533 22.3252 0.0870672 4.57791 155.56 22.242 0.080791
155.398 22.4344 0.0851732 2.04201 155.56 22.242 0.080791
155.605 22.0597 0.086106 0.252001 155.56 22.242 0.080791
155.568 22.3158 0.0880717 3.16297 155.56 22.242 0.080791
155.583 22.3619 0.0862541 3.21855 155.56 22.242 0.080791
155.7 22.2228 0.0802379 0.344785 155.56 22.242 0.080791
155.568 22.3158 0.0880717 3.16297 155.56 22.242 0.080791
155.568 22.3158 0.0880717 3.16297 155.56 22.242 0.080791
155.299 22.2678 0.0885495 1.8848 155.56 22.242 0.080791
155.604 22.4493 0.0820248 1.31505 155.56 22.242 0.080791
155.583 22.3619 0.0862541 3.21855 155.56 22.242 0.080791
155.398 22.4344 0.0851732 2.04201 155.56 22.242 0.080791
155.323 22.2186 0.0915045 1.60326 155.56 22.242 0.080791
155.583 22.3619 0.0862541 3.21855 155.56 22.242 0.080791
155.323 22.2186 0.0915045 1.60326 155.56 22.242 0.080791
155.398 22.4344 0.0851732 2.04201 155.56 22.242 0.080791
155.604 22.4493 0.0820248 1.31505 155.56 22.242 0.080791
155.506 22.3835 0.0776803 0.293505 155.56 22.242 0.080791
155.323 22.2186 0.0915045 1.60326 155.56 22.242 0.080791
155.568 22.3158 0.0880717 3.16297 155.56 22.242 0.080791
155.432 22.1741 0.08613 2.3202 155.56 22.242 0.080791
155.568 22.3158 0.0880717 3.16297 155.56 22.242 0.080791
155.326 22.4117 0.0971855 0.056371 155.56 22.242 0.080791
155.603 22.5167 0.0807302 0.464694 155.56 22.242 0.080791
155.315 22.3461 0.0875073 2.06503 155.56 22.242 0.080791
155.398 22.4344 0.0851732 2.04201 155.56 22.242 0.080791
155.367 22.1941 0.0957111 0.351582 155.56 22.242 0.080791
155.422 22.4424 0.0931682 0.445918 155.56 22.242 0.080791
155.299 22.2678 0.0885495 1.8848 155.56 22.242 0.080791
155.693 22.3956 0.0770592 0.175981 155.56 22.242 0.080791
155.398 22.4344 0.0851732 2.04201 155.56 22.242 0.080791
155.428 22.3662 0.0835214 2.7245 155.56 22.242 0.080791
155.351 22.2754 0.0944486 0.774172 155.56 22.242 0.080791
155.288 22.143 0.0898624 0.727396 155.56 22.242 0.080791
155.351 22.2754 0.0944486 0.774172 155.56 22.242 0.080791
155.357 22.414 0.0942607 0.361518 155.56 22.242 0.080791
155.568 22.3158 0.0880717 3.16297 155.56 22.242 0.080791
155.568 22.3158 0.0880717 3.16297 155.56 22.242 0.080791
155.533 22.3252 0.0870672 4.57791 155.56 22.242 0.080791
