278.211 5.46846 4.70949 0.0328543 278.25 5.427 4.6997
278.517 5.32561 4.70655 0.167031 278.25 5.427 4.6997
278.431 5.27863 4.7097 0.257277 278.25 5.427 4.6997
278.324 5.42048 4.71232 0.0814622 278.25 5.427 4.6997
278.299 5.33245 4.70538 0.457692 278.25 5.427 4.6997
278.431 5.27863 4.7097 0.257277 278.25 5.427 4.6997
278.177 5.36601 4.70809 0.0731019 278.25 5.427 4.6997
278.304 5.46497 4.70112 0.127375 278.25 5.427 4.6997
278.586 5.34675 4.71059 0.0560058 278.25 5.427 4.6997
278.522 5.40141 4.70768 0.104131 278.25 5.427 4.6997
278.079 5.52636 4.71179 0.000529167 278.25 5.427 4.6997
278.04 5.1539 4.7023 0.0225143 278.25 5.427 4.6997
278.226 5.223 4.69467 0.481482 278.25 5.427 4.6997
278.226 5.223 4.69467 0.481482 278.25 5.427 4.6997
278.299 5.33245 4.70538 0.457692 278.25 5.427 4.6997
278.522 5.40141 4.70768 0.104131 278.25 5.427 4.6997
278.327 5.17261 4.70474 0.381943 278.25 5.427 4.6997
278.299 5.33245 4.70538 0.457692 278.25 5.427 4.6997
278.327 5.17261 4.70474 0.381943 278.25 5.427 4.6997
278.211 5.46846 4.70949 0.0328543 278.25 5.427 4.6997
278.177 5.36601 4.70809 0.0731019 278.25 5.427 4.6997
278.517 5.32561 4.70655 0.167031 278.25 5.427 4.6997
278.274 5.42361 4.70526 0.207002 278.25 5.427 4.6997
278.522 5.40141 4.70768 0.104131 278.25 5.427 4.6997
278.304 5.46497 4.70112 0.127375 278.25 5.427 4.6997
278.299 5.33245 4.70538 0.457692 278.25 5.427 4.6997
278.299 5.33245 4.70538 0.457692 278.25 5.427 4.6997
278.237 5.0422 4.69997 0.120336 278.25 5.427 4.6997
278.274 5.42361 4.70526 0.207002 278.25 5.427 4.6997
278.085 5.39135 4.71449 0.000700891 278.25 5.427 4.6997
278.524 5.25245 4.71017 0.116026 278.25 5.427 4.6997
278.226 5.223 4.69467 0.481482 278.25 5.427 4.6997
278.299 5.33245 4.70538 0.457692 278.25 5.427 4.6997
278.522 5.40141 4.70768 0.104131 278.25 5.427 4.6997
278.237 5.0422 4.69997 0.120336 278.25 5.427 4.6997
278.517 5.32561 4.70655 0.167031 278.25 5.427 4.6997
278.299 5.33245 4.70538 0.457692 278.25 5.427 4.6997
278.299 5.33245 4.70538 0.457692 278.25 5.427 4.6997
278.327 5.17261 4.70474 0.381943 278.25 5.427 4.6997
278.517 5.32561 4.70655 0.167031 278.25 5.427 4.6997
278.293 5.54213 4.70137 0.029329 278.25 5.427 4.6997
278.324 5.42048 4.71232 0.0814622 278.25 5.427 4.6997
278.299 5.33245 4.70538 0.457692 278.25 5.427 4.6997
278.599 5.25647 4.71381 0.0264545 278.25 5.427 4.6997
278.504 5.18709 4.70912 0.105016 278.25 5.427 4.6997
278.366 5.53865 4.70641 0.0417204 278.25 5.427 4.6997
278.299 5.33245 4.70538 0.457692 278.25 5.427 4.6997
278.237 5.0422 4.69997 0.120336 278.25 5.427 4.6997
278.512 5.07693 4.70495 0.0384384 278.25 5.427 4.6997
278.327 5.17261 4.70474 0.381943 278.25 5.427 4.6997
278.624 5.40106 4.72249 0.00230256 278.25 5.427 4.6997
278.536 5.30615 4.69675 0.0259191 278.25 5.427 4.6997
278.517 5.32561 4.70655 0.167031 278.25 5.427 4.6997
278.177 5.36601 4.70809 0.0731019 278.25 5.427 4.6997
278.352 4.98726 4.70005 0.0436048 278.25 5.427 4.6997
278.327 5.17261 4.70474 0.381943 278.25 5.427 4.6997
278.517 5.32561 4.70655 0.167031 278.25 5.427 4.6997
278.327 5.17261 4.70474 0.381943 278.25 5.427 4.6997
278.324 5.42048 4.71232 0.0814622 278.25 5.427 4.6997
278.057 5.16 4.70155 0.0411802 278.25 5.427 4.6997
278.512 5.07693 4.70495 0.0384384 278.25 5.427 4.6997
278.299 5.33245 4.70538 0.457692 278.25 5.427 4.6997
278.512 5.07693 4.70495 0.0384384 278.25 5.427 4.6997
278.226 5.223 4.69467 0.481482 278.25 5.427 4.6997
278.504 5.18709 4.70912 0.105016 278.25 5.427 4.6997
278.299 5.33245 4.70538 0.457692 278.25 5.427 4.6997
278.327 5.17261 4.70474 0.381943 278.25 5.427 4.6997
278.226 5.223 4.69467 0.481482 278.25 5.427 4.6997
278.237 5.0422 4.69997 0.120336 278.25 5.427 4.6997
278.299 5.33245 4.70538 0.457692 278.25 5.427 4.6997
278.299 5.33245 4.70538 0.457692 278.25 5.427 4.6997
278.299 5.33245 4.70538 0.457692 278.25 5.427 4.6997
278.599 5.25647 4.71381 0.0264545 278.25 5.427 4.6997
278.237 5.0422 4.69997 0.120336 278.25 5.427 4.6997
278.379 5.385 4.71943 0.00993987 278.25 5.427 4.6997
278.512 5.07693 4.70495 0.0384384 278.25 5.427 4.6997
278.113 5.37347 4.69356 0.0850089 278.25 5.427 4.6997
278.211 5.46846 4.70949 0.0328543 278.25 5.427 4.6997
278.299 5.33245 4.70538 0.457692 278.25 5.427 4.6997
278.324 5.42048 4.71232 0.0814622 278.25 5.427 4.6997
278.524 5.25245 4.71017 0.116026 278.25 5.427 4.6997
278.594 5.55806 4.71157 0.00513062 278.25 5.427 4.6997
278.299 5.33245 4.70538 0.457692 278.25 5.427 4.6997
278.397 5.47576 4.71695 0.018586 278.25 5.427 4.6997
278.327 5.17261 4.70474 0.381943 278.25 5.427 4.6997
278.226 5.223 4.69467 0.481482 278.25 5.427 4.6997
278.522 5.40141 4.70768 0.104131 278.25 5.427 4.6997
278.586 5.34675 4.71059 0.0560058 278.25 5.427 4.6997
278.299 5.33245 4.70538 0.457692 278.25 5.427 4.6997
278.431 5.27863 4.7097 0.257277 278.25 5.427 4.6997
278.051 5.35753 4.70518 0.0159435 278.25 5.427 4.6997
278.504 5.18709 4.70912 0.105016 278.25 5.427 4.6997
278.327 5.17261 4.70474 0.381943 278.25 5.427 4.6997
278.517 5.32561 4.70655 0.167031 278.25 5.427 4.6997
278.586 5.34675 4.71059 0.0560058 278.25 5.427 4.6997
278.088 5.20877 4.70729 0.0170421 278.25 5.427 4.6997
278.04 5.1539 4.7023 0.0225143 278.25 5.427 4.6997
278.299 5.33245 4.70538 0.457692 278.25 5.427 4.6997
278.237 5.0422 4.69997 0.120336 278.25 5.427 4.6997
278.517 5.32561 4.70655 0.167031 278.25 5.427 4.6997
278.327 5.17261 4.70474 0.381943 278.25 5.427 4.6997
278.522 5.40141 4.70768 0.104131 278.25 5.427 4.6997
278.226 5.223 4.69467 0.481482 278.25 5.427 4.6997
278.274 5.42361 4.70526 0.207002 278.25 5.427 4.6997
278.517 5.32561 4.70655 0.167031 278.25 5.427 4.6997
278.327 5.17261 4.70474 0.381943 278.25 5.427 4.6997
278.237 5.0422 4.69997 0.120336 278.25 5.427 4.6997
278.526 5.48198 4.71449 0.0272554 278.25 5.427 4.6997
278.274 5.42361 4.70526 0.207002 278.25 5.427 4.6997
278.177 5.36601 4.70809 0.0731019 278.25 5.427 4.6997
278.226 5.223 4.69467 0.481482 278.25 5.427 4.6997
278.327 5.17261 4.70474 0.381943 278.25 5.427 4.6997
278.327 5.17261 4.70474 0.381943 278.25 5.427 4.6997
278.226 5.223 4.69467 0.481482 278.25 5.427 4.6997
278.177 5.36601 4.70809 0.0731019 278.25 5.427 4.6997
278.522 5.40141 4.70768 0.104131 278.25 5.427 4.6997
278.299 5.33245 4.70538 0.457692 278.25 5.427 4.6997
278.293 5.54213 4.70137 0.029329 278.25 5.427 4.6997
278.431 5.27863 4.7097 0.257277 278.25 5.427 4.6997
278.299 5.33245 4.70538 0.457692 278.25 5.427 4.6997
278.237 5.0422 4.69997 0.120336 278.25 5.427 4.6997
278.524 5.25245 4.71017 0.116026 278.25 5.427 4.6997
278.226 5.223 4.69467 0.481482 278.25 5.427 4.6997
278.299 5.33245 4.70538 0.457692 278.25 5.427 4.6997
278.226 5.223 4.69467 0.481482 278.25 5.427 4.6997
278.431 5.27863 4.7097 0.257277 278.25 5.427 4.6997
278.586 5.34675 4.71059 0.0560058 278.25 5.427 4.6997
278.327 5.17261 4.70474 0.381943 278.25 5.427 4.6997
278.327 5.17261 4.70474 0.381943 278.25 5.427 4.6997
278.512 5.07693 4.70495 0.0384384 278.25 5.427 4.6997
278.324 5.42048 4.71232 0.0814622 278.25 5.427 4.6997
278.274 5.42361 4.70526 0.207002 278.25 5.427 4.6997
278.237 5.0422 4.69997 0.120336 278.25 5.427 4.6997
278.352 4.98726 4.70005 0.0436048 278.25 5.427 4.6997
278.465 5.33313 4.7177 0.0287273 278.25 5.427 4.6997
278.299 5.33245 4.70538 0.457692 278.25 5.427 4.6997
278.226 5.223 4.69467 0.481482 278.25 5.427 4.6997
278.327 5.17261 4.70474 0.381943 278.25 5.427 4.6997
278.226 5.223 4.69467 0.481482 278.25 5.427 4.6997
278.237 5.0422 4.69997 0.120336 278.25 5.427 4.6997
278.177 5.36601 4.70809 0.0731019 278.25 5.427 4.6997
278.304 5.46497 4.70112 0.127375 278.25 5.427 4.6997
278.274 5.42361 4.70526 0.207002 278.25 5.427 4.6997
278.226 5.223 4.69467 0.481482 278.25 5.427 4.6997
278.299 5.33245 4.70538 0.457692 278.25 5.427 4.6997
278.226 5.223 4.69467 0.481482 278.25 5.427 4.6997
278.517 5.32561 4.70655 0.167031 278.25 5.427 4.6997
278.517 5.32561 4.70655 0.167031 278.25 5.427 4.6997
278.366 5.53865 4.70641 0.0417204 278.25 5.427 4.6997
278.431 5.27863 4.7097 0.257277 278.25 5.427 4.6997
278.327 5.17261 4.70474 0.381943 278.25 5.427 4.6997
278.226 5.223 4.69467 0.481482 278.25 5.427 4.6997
278.366 5.53865 4.70641 0.0417204 278.25 5.427 4.6997
278.274 5.42361 4.70526 0.207002 278.25 5.427 4.6997
278.299 5.33245 4.70538 0.457692 278.25 5.427 4.6997
278.431 5.27863 4.7097 0.257277 278.25 5.427 4.6997
278.226 5.223 4.69467 0.481482 278.25 5.427 4.6997
278.04 5.1539 4.7023 0.0225143 278.25 5.427 4.6997
278.113 5.37347 4.69356 0.0850089 278.25 5.427 4.6997
278.327 5.17261 4.70474 0.381943 278.25 5.427 4.6997
278.501 5.665 4.7132 0.00121309 278.25 5.427 4.6997
278.578 5.24403 4.71142 0.048943 278.25 5.427 4.6997
278.485 5.48322 4.71877 0.0111255 278.25 5.427 4.6997
278.211 5.46846 4.70949 0.0328543 278.25 5.427 4.6997
278.431 5.27863 4.7097 0.257277 278.25 5.427 4.6997
278.051 5.35753 4.70518 0.0159435 278.25 5.427 4.6997
278.299 5.33245 4.70538 0.457692 278.25 5.427 4.6997
278.274 5.42361 4.70526 0.207002 278.25 5.427 4.6997
278.274 5.42361 4.70526 0.207002 278.25 5.427 4.6997
278.304 5.46497 4.70112 0.127375 278.25 5.427 4.6997
278.327 5.17261 4.70474 0.381943 278.25 5.427 4.6997
278.299 5.33245 4.70538 0.457692 278.25 5.427 4.6997
278.304 5.46497 4.70112 0.127375 278.25 5.427 4.6997
278.293 5.54213 4.70137 0.029329 278.25 5.427 4.6997
278.512 5.07693 4.70495 0.0384384 278.25 5.427 4.6997
278.299 5.33245 4.70538 0.457692 278.25 5.427 4.6997
278.237 5.0422 4.69997 0.120336 278.25 5.427 4.6997
278.299 5.33245 4.70538 0.457692 278.25 5.427 4.6997
278.226 5.223 4.69467 0.481482 278.25 5.427 4.6997
278.299 5.33245 4.70538 0.457692 278.25 5.427 4.6997
278.299 5.33245 4.70538 0.457692 278.25 5.427 4.6997
278.431 5.27863 4.7097 0.257277 278.25 5.427 4.6997
278.517 5.32561 4.70655 0.167031 278.25 5.427 4.6997
278.237 5.0422 4.69997 0.120336 278.25 5.427 4.6997
278.467 5.49112 4.70241 0.0373501 278.25 5.427 4.6997
278.237 5.0422 4.69997 0.120336 278.25 5.427 4.6997
278.517 5.32561 4.70655 0.167031 278.25 5.427 4.6997
278.202 5.01161 4.70222 0.0368815 278.25 5.427 4.6997
278.327 5.17261 4.70474 0.381943 278.25 5.427 4.6997
278.304 5.46497 4.70112 0.127375 278.25 5.427 4.6997
278.226 5.223 4.69467 0.481482 278.25 5.427 4.6997
278.057 5.16 4.70155 0.0411802 278.25 5.427 4.6997
278.578 5.24403 4.71142 0.048943 278.25 5.427 4.6997
278.226 5.223 4.69467 0.481482 278.25 5.427 4.6997
278.226 5.223 4.69467 0.481482 278.25 5.427 4.6997
278.226 5.223 4.69467 0.481482 278.25 5.427 4.6997
278.504 5.18709 4.70912 0.105016 278.25 5.427 4.6997
278.599 5.25647 4.71381 0.0264545 278.25 5.427 4.6997
278.504 5.18709 4.70912 0.105016 278.25 5.427 4.6997
278.299 5.33245 4.70538 0.457692 278.25 5.427 4.6997
