17.1788 7.7593 0.225688 0.0473284 17.099 7.6347 0.22863
17.1788 7.7593 0.225688 0.0473284 17.099 7.6347 0.22863
17.3779 7.77035 0.225365 0.0285226 17.099 7.6347 0.22863
17.108 7.75784 0.228772 0.0518487 17.099 7.6347 0.22863
17.1788 7.7593 0.225688 0.0473284 17.099 7.6347 0.22863
17.1788 7.7593 0.225688 0.0473284 17.099 7.6347 0.22863
17.0236 7.7075 0.23217 0.019689 17.099 7.6347 0.22863
17.108 7.75784 0.228772 0.0518487 17.099 7.6347 0.22863
17.0236 7.7075 0.23217 0.019689 17.099 7.6347 0.22863
17.3059 7.58058 0.229985 0.00532301 17.099 7.6347 0.22863
17.3111 7.71588 0.230105 0.0192782 17.099 7.6347 0.22863
17.0844 7.91303 0.231469 0.00732256 17.099 7.6347 0.22863
17.3111 7.71588 0.230105 0.0192782 17.099 7.6347 0.22863
17.3111 7.71588 0.230105 0.0192782 17.099 7.6347 0.22863
17.108 7.75784 0.228772 0.0518487 17.099 7.6347 0.22863
17.3111 7.71588 0.230105 0.0192782 17.099 7.6347 0.22863
17.1788 7.7593 0.225688 0.0473284 17.099 7.6347 0.22863
17.1788 7.7593 0.225688 0.0473284 17.099 7.6347 0.22863
17.2465 7.9485 0.22818 0.00780131 17.099 7.6347 0.22863
17.1788 7.7593 0.225688 0.0473284 17.099 7.6347 0.22863
17.1788 7.7593 0.225688 0.0473284 17.099 7.6347 0.22863
17.3779 7.77035 0.225365 0.0285226 17.099 7.6347 0.22863
17.0737 7.90869 0.233142 0.00427613 17.099 7.6347 0.22863
17.108 7.75784 0.228772 0.0518487 17.099 7.6347 0.22863
17.3779 7.77035 0.225365 0.0285226 17.099 7.6347 0.22863
17.1788 7.7593 0.225688 0.0473284 17.099 7.6347 0.22863
17.1788 7.7593 0.225688 0.0473284 17.099 7.6347 0.22863
17.108 7.75784 0.228772 0.0518487 17.099 7.6347 0.22863
17.0737 7.90869 0.233142 0.00427613 17.099 7.6347 0.22863
17.3111 7.71588 0.230105 0.0192782 17.099 7.6347 0.22863
17.3786 7.80058 0.22883 0.00938668 17.099 7.6347 0.22863
17.108 7.75784 0.228772 0.0518487 17.099 7.6347 0.22863
17.3535 7.87249 0.220775 0.00485859 17.099 7.6347 0.22863
17.3535 7.87249 0.220775 0.00485859 17.099 7.6347 0.22863
17.3779 7.77035 0.225365 0.0285226 17.099 7.6347 0.22863
17.108 7.75784 0.228772 0.0518487 17.099 7.6347 0.22863
17.108 7.75784 0.228772 0.0518487 17.099 7.6347 0.22863
17.0979 7.5434 0.233878 0.00229609 17.099 7.6347 0.22863
17.3535 7.87249 0.220775 0.00485859 17.099 7.6347 0.22863
17.1788 7.7593 0.225688 0.0473284 17.099 7.6347 0.22863
17.108 7.75784 0.228772 0.0518487 17.099 7.6347 0.22863
17.1788 7.7593 0.225688 0.0473284 17.099 7.6347 0.22863
17.0357 7.66511 0.226852 0.00604815 17.099 7.6347 0.22863
16.912 7.69515 0.235047 0.0021783 17.099 7.6347 0.22863
17.0844 7.91303 0.231469 0.00732256 17.099 7.6347 0.22863
17.3779 7.77035 0.225365 0.0285226 17.099 7.6347 0.22863
17.1144 7.74078 0.222088 0.00145543 17.099 7.6347 0.22863
17.2402 7.80939 0.232397 0.0110048 17.099 7.6347 0.22863
17.3111 7.71588 0.230105 0.0192782 17.099 7.6347 0.22863
17.0979 7.5434 0.233878 0.00229609 17.099 7.6347 0.22863
17.1788 7.7593 0.225688 0.0473284 17.099 7.6347 0.22863
17.3786 7.80058 0.22883 0.00938668 17.099 7.6347 0.22863
17.3111 7.71588 0.230105 0.0192782 17.099 7.6347 0.22863
17.1788 7.7593 0.225688 0.0473284 17.099 7.6347 0.22863
17.1788 7.7593 0.225688 0.0473284 17.099 7.6347 0.22863
17.108 7.75784 0.228772 0.0518487 17.099 7.6347 0.22863
17.108 7.75784 0.228772 0.0518487 17.099 7.6347 0.22863
16.8232 7.63906 0.234213 0.000208044 17.099 7.6347 0.22863
17.1788 7.7593 0.225688 0.0473284 17.099 7.6347 0.22863
17.3037 8.04184 0.225435 0.000581506 17.099 7.6347 0.22863
17.3059 7.58058 0.229985 0.00532301 17.099 7.6347 0.22863
17.1788 7.7593 0.225688 0.0473284 17.099 7.6347 0.22863
17.108 7.75784 0.228772 0.0518487 17.099 7.6347 0.22863
17.108 7.75784 0.228772 0.0518487 17.099 7.6347 0.22863
17.3939 7.96941 0.223487 0.0018677 17.099 7.6347 0.22863
17.0236 7.7075 0.23217 0.019689 17.099 7.6347 0.22863
17.108 7.75784 0.228772 0.0518487 17.099 7.6347 0.22863
17.1144 7.74078 0.222088 0.00145543 17.099 7.6347 0.22863
17.0236 7.7075 0.23217 0.019689 17.099 7.6347 0.22863
17.0979 7.5434 0.233878 0.00229609 17.099 7.6347 0.22863
17.108 7.75784 0.228772 0.0518487 17.099 7.6347 0.22863
17.0236 7.7075 0.23217 0.019689 17.099 7.6347 0.22863
17.0357 7.66511 0.226852 0.00604815 17.099 7.6347 0.22863
17.0326 7.71979 0.225624 0.0037465 17.099 7.6347 0.22863
17.1788 7.7593 0.225688 0.0473284 17.099 7.6347 0.22863
17.3779 7.77035 0.225365 0.0285226 17.099 7.6347 0.22863
17.0949 7.56939 0.231875 0.00772721 17.099 7.6347 0.22863
17.3779 7.77035 0.225365 0.0285226 17.099 7.6347 0.22863
17.108 7.75784 0.228772 0.0518487 17.099 7.6347 0.22863
17.3111 7.71588 0.230105 0.0192782 17.099 7.6347 0.22863
17.0844 7.91303 0.231469 0.00732256 17.099 7.6347 0.22863
17.108 7.75784 0.228772 0.0518487 17.099 7.6347 0.22863
17.108 7.75784 0.228772 0.0518487 17.099 7.6347 0.22863
17.0236 7.7075 0.23217 0.019689 17.099 7.6347 0.22863
17.0326 7.71979 0.225624 0.0037465 17.099 7.6347 0.22863
17.1788 7.7593 0.225688 0.0473284 17.099 7.6347 0.22863
17.3779 7.77035 0.225365 0.0285226 17.099 7.6347 0.22863
17.108 7.75784 0.228772 0.0518487 17.099 7.6347 0.22863
17.2402 7.80939 0.232397 0.0110048 17.099 7.6347 0.22863
17.1788 7.7593 0.225688 0.0473284 17.099 7.6347 0.22863
17.0357 7.66511 0.226852 0.00604815 17.099 7.6347 0.22863
17.108 7.75784 0.228772 0.0518487 17.099 7.6347 0.22863
17.0236 7.7075 0.23217 0.019689 17.099 7.6347 0.22863
17.0357 7.66511 0.226852 0.00604815 17.099 7.6347 0.22863
16.9415 7.8071 0.22713 0.000737778 17.099 7.6347 0.22863
17.1788 7.7593 0.225688 0.0473284 17.099 7.6347 0.22863
17.1788 7.7593 0.225688 0.0473284 17.099 7.6347 0.22863
17.108 7.75784 0.228772 0.0518487 17.099 7.6347 0.22863
17.3779 7.77035 0.225365 0.0285226 17.099 7.6347 0.22863
17.3535 7.87249 0.220775 0.00485859 17.099 7.6347 0.22863
17.3111 7.71588 0.230105 0.0192782 17.099 7.6347 0.22863
17.3779 7.77035 0.225365 0.0285226 17.099 7.6347 0.22863
17.3779 7.77035 0.225365 0.0285226 17.099 7.6347 0.22863
17.108 7.75784 0.228772 0.0518487 17.099 7.6347 0.22863
17.0357 7.66511 0.226852 0.00604815 17.099 7.6347 0.22863
17.2402 7.80939 0.232397 0.0110048 17.099 7.6347 0.22863
17.1788 7.7593 0.225688 0.0473284 17.099 7.6347 0.22863
17.1788 7.7593 0.225688 0.0473284 17.099 7.6347 0.22863
17.3779 7.77035 0.225365 0.0285226 17.099 7.6347 0.22863
17.3779 7.77035 0.225365 0.0285226 17.099 7.6347 0.22863
17.0357 7.66511 0.226852 0.00604815 17.099 7.6347 0.22863
17.108 7.75784 0.228772 0.0518487 17.099 7.6347 0.22863
17.1788 7.7593 0.225688 0.0473284 17.099 7.6347 0.22863
17.3104 7.54749 0.225293 0.004806 17.099 7.6347 0.22863
17.2741 7.97927 0.228811 0.00261513 17.099 7.6347 0.22863
17.0982 7.83562 0.223706 0.00318332 17.099 7.6347 0.22863
17.0357 7.66511 0.226852 0.00604815 17.099 7.6347 0.22863
17.0236 7.7075 0.23217 0.019689 17.099 7.6347 0.22863
17.1788 7.7593 0.225688 0.0473284 17.099 7.6347 0.22863
17.1788 7.7593 0.225688 0.0473284 17.099 7.6347 0.22863
17.1788 7.7593 0.225688 0.0473284 17.099 7.6347 0.22863
17.108 7.75784 0.228772 0.0518487 17.099 7.6347 0.22863
17.1788 7.7593 0.225688 0.0473284 17.099 7.6347 0.22863
17.108 7.75784 0.228772 0.0518487 17.099 7.6347 0.22863
17.3104 7.54749 0.225293 0.004806 17.099 7.6347 0.22863
17.1788 7.7593 0.225688 0.0473284 17.099 7.6347 0.22863
17.3104 7.54749 0.225293 0.004806 17.099 7.6347 0.22863
17.2465 7.9485 0.22818 0.00780131 17.099 7.6347 0.22863
17.108 7.75784 0.228772 0.0518487 17.099 7.6347 0.22863
17.3786 7.80058 0.22883 0.00938668 17.099 7.6347 0.22863
17.108 7.75784 0.228772 0.0518487 17.099 7.6347 0.22863
17.1788 7.7593 0.225688 0.0473284 17.099 7.6347 0.22863
17.108 7.75784 0.228772 0.0518487 17.099 7.6347 0.22863
17.3111 7.71588 0.230105 0.0192782 17.099 7.6347 0.22863
17.108 7.75784 0.228772 0.0518487 17.099 7.6347 0.22863
17.3111 7.71588 0.230105 0.0192782 17.099 7.6347 0.22863
17.1788 7.7593 0.225688 0.0473284 17.099 7.6347 0.22863
17.1788 7.7593 0.225688 0.0473284 17.099 7.6347 0.22863
17.1788 7.7593 0.225688 0.0473284 17.099 7.6347 0.22863
17.3779 7.77035 0.225365 0.0285226 17.099 7.6347 0.22863
17.3939 7.96941 0.223487 0.0018677 17.099 7.6347 0.22863
17.0236 7.7075 0.23217 0.019689 17.099 7.6347 0.22863
17.108 7.75784 0.228772 0.0518487 17.099 7.6347 0.22863
17.3111 7.71588 0.230105 0.0192782 17.099 7.6347 0.22863
17.2465 7.9485 0.22818 0.00780131 17.099 7.6347 0.22863
17.108 7.75784 0.228772 0.0518487 17.099 7.6347 0.22863
17.1788 7.7593 0.225688 0.0473284 17.099 7.6347 0.22863
17.108 7.75784 0.228772 0.0518487 17.099 7.6347 0.22863
17.3535 7.87249 0.220775 0.00485859 17.099 7.6347 0.22863
17.2402 7.80939 0.232397 0.0110048 17.099 7.6347 0.22863
17.3779 7.77035 0.225365 0.0285226 17.099 7.6347 0.22863
17.108 7.75784 0.228772 0.0518487 17.099 7.6347 0.22863
17.0326 7.71979 0.225624 0.0037465 17.099 7.6347 0.22863
17.108 7.75784 0.228772 0.0518487 17.099 7.6347 0.22863
17.1788 7.7593 0.225688 0.0473284 17.099 7.6347 0.22863
17.1788 7.7593 0.225688 0.0473284 17.099 7.6347 0.22863
17.108 7.75784 0.228772 0.0518487 17.099 7.6347 0.22863
17.0357 7.66511 0.226852 0.00604815 17.099 7.6347 0.22863
17.3779 7.77035 0.225365 0.0285226 17.099 7.6347 0.22863
17.1788 7.7593 0.225688 0.0473284 17.099 7.6347 0.22863
17.108 7.75784 0.228772 0.0518487 17.099 7.6347 0.22863
17.108 7.75784 0.228772 0.0518487 17.099 7.6347 0.22863
17.0236 7.7075 0.23217 0.019689 17.099 7.6347 0.22863
17.0236 7.7075 0.23217 0.019689 17.099 7.6347 0.22863
17.0737 7.90869 0.233142 0.00427613 17.099 7.6347 0.22863
17.1788 7.7593 0.225688 0.0473284 17.099 7.6347 0.22863
17.3779 7.77035 0.225365 0.0285226 17.099 7.6347 0.22863
17.0844 7.91303 0.231469 0.00732256 17.099 7.6347 0.22863
17.3104 7.54749 0.225293 0.004806 17.099 7.6347 0.22863
17.2465 7.9485 0.22818 0.00780131 17.099 7.6347 0.22863
17.2741 7.97927 0.228811 0.00261513 17.099 7.6347 0.22863
17.0357 7.66511 0.226852 0.00604815 17.099 7.6347 0.22863
17.3111 7.71588 0.230105 0.0192782 17.099 7.6347 0.22863
17.1144 7.74078 0.222088 0.00145543 17.099 7.6347 0.22863
17.1788 7.7593 0.225688 0.0473284 17.099 7.6347 0.22863
17.3059 7.58058 0.229985 0.00532301 17.099 7.6347 0.22863
17.1788 7.7593 0.225688 0.0473284 17.099 7.6347 0.22863
17.108 7.75784 0.228772 0.0518487 17.099 7.6347 0.22863
17.3779 7.77035 0.225365 0.0285226 17.099 7.6347 0.22863
17.2402 7.80939 0.232397 0.0110048 17.099 7.6347 0.22863
17.3779 7.77035 0.225365 0.0285226 17.099 7.6347 0.22863
17.3779 7.77035 0.225365 0.0285226 17.099 7.6347 0.22863
17.1788 7.7593 0.225688 0.0473284 17.099 7.6347 0.22863
17.3779 7.77035 0.225365 0.0285226 17.099 7.6347 0.22863
17.3111 7.71588 0.230105 0.0192782 17.099 7.6347 0.22863
17.0949 7.56939 0.231875 0.00772721 17.099 7.6347 0.22863
17.108 7.75784 0.228772 0.0518487 17.099 7.6347 0.22863
17.1788 7.7593 0.225688 0.0473284 17.099 7.6347 0.22863
17.108 7.75784 0.228772 0.0518487 17.099 7.6347 0.22863
17.0236 7.7075 0.23217 0.019689 17.099 7.6347 0.22863
17.3111 7.71588 0.230105 0.0192782 17.099 7.6347 0.22863
17.0236 7.7075 0.23217 0.019689 17.099 7.6347 0.22863
17.108 7.75784 0.228772 0.0518487 17.099 7.6347 0.22863
17.3779 7.77035 0.225365 0.0285226 17.099 7.6347 0.22863
17.0982 7.83562 0.223706 0.00318332 17.099 7.6347 0.22863
17.1788 7.7593 0.225688 0.0473284 17.099 7.6347 0.22863
17.0236 7.7075 0.23217 0.019689 17.099 7.6347 0.22863
17.108 7.75784 0.228772 0.0518487 17.099 7.6347 0.22863
17.3111 7.71588 0.230105 0.0192782 17.099 7.6347 0.22863
17.3535 7.87249 0.220775 0.00485859 17.099 7.6347 0.22863
