15.1657 7.69374 0.225837 0.352815 15.282 7.7246 0.21963
14.9699 7.67645 0.225643 0.0956517 15.282 7.7246 0.21963
15.0242 7.61692 0.225728 0.0915388 15.282 7.7246 0.21963
15.0442 7.61187 0.228122 0.0672668 15.282 7.7246 0.21963
15.2635 7.56995 0.222653 0.0475931 15.282 7.7246 0.21963
14.9699 7.67645 0.225643 0.0956517 15.282 7.7246 0.21963
15.1657 7.69374 0.225837 0.352815 15.282 7.7246 0.21963
15.1657 7.69374 0.225837 0.352815 15.282 7.7246 0.21963
14.9947 7.73631 0.226741 0.207167 15.282 7.7246 0.21963
15.1657 7.69374 0.225837 0.352815 15.282 7.7246 0.21963
15.1893 7.83271 0.218255 0.233793 15.282 7.7246 0.21963
15.4012 7.76395 0.217897 0.126898 15.282 7.7246 0.21963
15.1906 7.78733 0.216458 0.0697587 15.282 7.7246 0.21963
14.975 7.74253 0.228768 0.109046 15.282 7.7246 0.21963
15.1657 7.69374 0.225837 0.352815 15.282 7.7246 0.21963
15.0009 7.67285 0.224727 0.131889 15.282 7.7246 0.21963
14.8649 7.73569 0.226018 0.0147141 15.282 7.7246 0.21963
15.2635 7.56995 0.222653 0.0475931 15.282 7.7246 0.21963
15.2334 7.55985 0.22179 0.0438332 15.282 7.7246 0.21963
15.1657 7.69374 0.225837 0.352815 15.282 7.7246 0.21963
15.1443 7.86844 0.229388 0.0321322 15.282 7.7246 0.21963
15.1657 7.69374 0.225837 0.352815 15.282 7.7246 0.21963
15.1657 7.69374 0.225837 0.352815 15.282 7.7246 0.21963
15.1657 7.69374 0.225837 0.352815 15.282 7.7246 0.21963
15.1657 7.69374 0.225837 0.352815 15.282 7.7246 0.21963
15.1893 7.83271 0.218255 0.233793 15.282 7.7246 0.21963
15.1657 7.69374 0.225837 0.352815 15.282 7.7246 0.21963
14.9252 7.59139 0.225205 0.00974445 15.282 7.7246 0.21963
15.2635 7.56995 0.222653 0.0475931 15.282 7.7246 0.21963
15.0442 7.61187 0.228122 0.0672668 15.282 7.7246 0.21963
15.1893 7.83271 0.218255 0.233793 15.282 7.7246 0.21963
15.0141 7.69207 0.227864 0.159934 15.282 7.7246 0.21963
15.4012 7.76395 0.217897 0.126898 15.282 7.7246 0.21963
15.1688 7.84685 0.22911 0.0395403 15.282 7.7246 0.21963
15.1657 7.69374 0.225837 0.352815 15.282 7.7246 0.21963
15.1906 7.78733 0.216458 0.0697587 15.282 7.7246 0.21963
15.1906 7.78733 0.216458 0.0697587 15.282 7.7246 0.21963
15.0141 7.69207 0.227864 0.159934 15.282 7.7246 0.21963
15.2334 7.55985 0.22179 0.0438332 15.282 7.7246 0.21963
15.4012 7.76395 0.217897 0.126898 15.282 7.7246 0.21963
14.9947 7.73631 0.226741 0.207167 15.282 7.7246 0.21963
15.1688 7.84685 0.22911 0.0395403 15.282 7.7246 0.21963
15.0141 7.69207 0.227864 0.159934 15.282 7.7246 0.21963
14.9947 7.73631 0.226741 0.207167 15.282 7.7246 0.21963
15.0009 7.67285 0.224727 0.131889 15.282 7.7246 0.21963
15.0141 7.69207 0.227864 0.159934 15.282 7.7246 0.21963
15.0141 7.69207 0.227864 0.159934 15.282 7.7246 0.21963
14.8649 7.73569 0.226018 0.0147141 15.282 7.7246 0.21963
15.0009 7.67285 0.224727 0.131889 15.282 7.7246 0.21963
15.1657 7.69374 0.225837 0.352815 15.282 7.7246 0.21963
15.1688 7.84685 0.22911 0.0395403 15.282 7.7246 0.21963
15.0009 7.67285 0.224727 0.131889 15.282 7.7246 0.21963
15.0141 7.69207 0.227864 0.159934 15.282 7.7246 0.21963
15.0141 7.69207 0.227864 0.159934 15.282 7.7246 0.21963
14.9699 7.67645 0.225643 0.0956517 15.282 7.7246 0.21963
14.9699 7.67645 0.225643 0.0956517 15.282 7.7246 0.21963
15.1657 7.69374 0.225837 0.352815 15.282 7.7246 0.21963
15.4012 7.76395 0.217897 0.126898 15.282 7.7246 0.21963
15.4012 7.76395 0.217897 0.126898 15.282 7.7246 0.21963
15.1893 7.83271 0.218255 0.233793 15.282 7.7246 0.21963
15.1893 7.83271 0.218255 0.233793 15.282 7.7246 0.21963
15.0242 7.61692 0.225728 0.0915388 15.282 7.7246 0.21963
15.0009 7.67285 0.224727 0.131889 15.282 7.7246 0.21963
15.0009 7.67285 0.224727 0.131889 15.282 7.7246 0.21963
15.1657 7.69374 0.225837 0.352815 15.282 7.7246 0.21963
15.1657 7.69374 0.225837 0.352815 15.282 7.7246 0.21963
15.1657 7.69374 0.225837 0.352815 15.282 7.7246 0.21963
15.4012 7.76395 0.217897 0.126898 15.282 7.7246 0.21963
14.975 7.74253 0.228768 0.109046 15.282 7.7246 0.21963
15.2635 7.56995 0.222653 0.0475931 15.282 7.7246 0.21963
15.1657 7.69374 0.225837 0.352815 15.282 7.7246 0.21963
15.4012 7.76395 0.217897 0.126898 15.282 7.7246 0.21963
15.4012 7.76395 0.217897 0.126898 15.282 7.7246 0.21963
15.1657 7.69374 0.225837 0.352815 15.282 7.7246 0.21963
15.1906 7.78733 0.216458 0.0697587 15.282 7.7246 0.21963
15.0141 7.69207 0.227864 0.159934 15.282 7.7246 0.21963
15.1657 7.69374 0.225837 0.352815 15.282 7.7246 0.21963
15.0009 7.67285 0.224727 0.131889 15.282 7.7246 0.21963
15.0009 7.67285 0.224727 0.131889 15.282 7.7246 0.21963
15.0141 7.69207 0.227864 0.159934 15.282 7.7246 0.21963
15.1657 7.69374 0.225837 0.352815 15.282 7.7246 0.21963
15.1893 7.83271 0.218255 0.233793 15.282 7.7246 0.21963
15.1893 7.83271 0.218255 0.233793 15.282 7.7246 0.21963
14.9947 7.73631 0.226741 0.207167 15.282 7.7246 0.21963
14.9699 7.67645 0.225643 0.0956517 15.282 7.7246 0.21963
15.1906 7.78733 0.216458 0.0697587 15.282 7.7246 0.21963
15.1657 7.69374 0.225837 0.352815 15.282 7.7246 0.21963
15.2334 7.55985 0.22179 0.0438332 15.282 7.7246 0.21963
15.4012 7.76395 0.217897 0.126898 15.282 7.7246 0.21963
14.975 7.74253 0.228768 0.109046 15.282 7.7246 0.21963
14.975 7.74253 0.228768 0.109046 15.282 7.7246 0.21963
15.1893 7.83271 0.218255 0.233793 15.282 7.7246 0.21963
15.2334 7.55985 0.22179 0.0438332 15.282 7.7246 0.21963
15.0442 7.61187 0.228122 0.0672668 15.282 7.7246 0.21963
14.9947 7.73631 0.226741 0.207167 15.282 7.7246 0.21963
15.1657 7.69374 0.225837 0.352815 15.282 7.7246 0.21963
14.9699 7.67645 0.225643 0.0956517 15.282 7.7246 0.21963
14.9252 7.59139 0.225205 0.00974445 15.282 7.7246 0.21963
15.1893 7.83271 0.218255 0.233793 15.282 7.7246 0.21963
15.0442 7.61187 0.228122 0.0672668 15.282 7.7246 0.21963
15.1893 7.83271 0.218255 0.233793 15.282 7.7246 0.21963
14.9947 7.73631 0.226741 0.207167 15.282 7.7246 0.21963
15.2011 7.50407 0.221237 0.00828831 15.282 7.7246 0.21963
14.8649 7.73569 0.226018 0.0147141 15.282 7.7246 0.21963
15.1657 7.69374 0.225837 0.352815 15.282 7.7246 0.21963
15.2334 7.55985 0.22179 0.0438332 15.282 7.7246 0.21963
15.1657 7.69374 0.225837 0.352815 15.282 7.7246 0.21963
15.1893 7.83271 0.218255 0.233793 15.282 7.7246 0.21963
15.0242 7.61692 0.225728 0.0915388 15.282 7.7246 0.21963
15.0442 7.61187 0.228122 0.0672668 15.282 7.7246 0.21963
14.9699 7.67645 0.225643 0.0956517 15.282 7.7246 0.21963
15.0009 7.67285 0.224727 0.131889 15.282 7.7246 0.21963
15.0009 7.67285 0.224727 0.131889 15.282 7.7246 0.21963
15.121 7.57232 0.222355 0.0529777 15.282 7.7246 0.21963
15.2334 7.55985 0.22179 0.0438332 15.282 7.7246 0.21963
15.0009 7.67285 0.224727 0.131889 15.282 7.7246 0.21963
15.0242 7.61692 0.225728 0.0915388 15.282 7.7246 0.21963
15.0009 7.67285 0.224727 0.131889 15.282 7.7246 0.21963
15.1688 7.84685 0.22911 0.0395403 15.282 7.7246 0.21963
15.1657 7.69374 0.225837 0.352815 15.282 7.7246 0.21963
15.4012 7.76395 0.217897 0.126898 15.282 7.7246 0.21963
15.1657 7.69374 0.225837 0.352815 15.282 7.7246 0.21963
15.0242 7.61692 0.225728 0.0915388 15.282 7.7246 0.21963
14.9699 7.67645 0.225643 0.0956517 15.282 7.7246 0.21963
15.0127 7.65707 0.221367 0.0343473 15.282 7.7246 0.21963
15.1893 7.83271 0.218255 0.233793 15.282 7.7246 0.21963
14.975 7.74253 0.228768 0.109046 15.282 7.7246 0.21963
14.9699 7.67645 0.225643 0.0956517 15.282 7.7246 0.21963
15.121 7.57232 0.222355 0.0529777 15.282 7.7246 0.21963
15.1764 7.57396 0.22859 0.0144462 15.282 7.7246 0.21963
15.1443 7.86844 0.229388 0.0321322 15.282 7.7246 0.21963
14.9947 7.73631 0.226741 0.207167 15.282 7.7246 0.21963
15.2011 7.50407 0.221237 0.00828831 15.282 7.7246 0.21963
15.0141 7.69207 0.227864 0.159934 15.282 7.7246 0.21963
15.1657 7.69374 0.225837 0.352815 15.282 7.7246 0.21963
14.9947 7.73631 0.226741 0.207167 15.282 7.7246 0.21963
15.1893 7.83271 0.218255 0.233793 15.282 7.7246 0.21963
15.0141 7.69207 0.227864 0.159934 15.282 7.7246 0.21963
14.9947 7.73631 0.226741 0.207167 15.282 7.7246 0.21963
14.9252 7.59139 0.225205 0.00974445 15.282 7.7246 0.21963
15.1893 7.83271 0.218255 0.233793 15.282 7.7246 0.21963
15.4012 7.76395 0.217897 0.126898 15.282 7.7246 0.21963
15.2334 7.55985 0.22179 0.0438332 15.282 7.7246 0.21963
14.9699 7.67645 0.225643 0.0956517 15.282 7.7246 0.21963
15.0141 7.69207 0.227864 0.159934 15.282 7.7246 0.21963
14.9947 7.73631 0.226741 0.207167 15.282 7.7246 0.21963
14.975 7.74253 0.228768 0.109046 15.282 7.7246 0.21963
15.1657 7.69374 0.225837 0.352815 15.282 7.7246 0.21963
15.0009 7.67285 0.224727 0.131889 15.282 7.7246 0.21963
15.0242 7.61692 0.225728 0.0915388 15.282 7.7246 0.21963
15.1657 7.69374 0.225837 0.352815 15.282 7.7246 0.21963
14.8018 7.59532 0.229393 0.00105204 15.282 7.7246 0.21963
15.1893 7.83271 0.218255 0.233793 15.282 7.7246 0.21963
15.1657 7.69374 0.225837 0.352815 15.282 7.7246 0.21963
15.0141 7.69207 0.227864 0.159934 15.282 7.7246 0.21963
15.1657 7.69374 0.225837 0.352815 15.282 7.7246 0.21963
14.9947 7.73631 0.226741 0.207167 15.282 7.7246 0.21963
14.9699 7.67645 0.225643 0.0956517 15.282 7.7246 0.21963
14.9699 7.67645 0.225643 0.0956517 15.282 7.7246 0.21963
15.1657 7.69374 0.225837 0.352815 15.282 7.7246 0.21963
15.1906 7.78733 0.216458 0.0697587 15.282 7.7246 0.21963
15.0242 7.61692 0.225728 0.0915388 15.282 7.7246 0.21963
15.1443 7.86844 0.229388 0.0321322 15.282 7.7246 0.21963
15.1688 7.84685 0.22911 0.0395403 15.282 7.7246 0.21963
15.2334 7.55985 0.22179 0.0438332 15.282 7.7246 0.21963
15.4012 7.76395 0.217897 0.126898 15.282 7.7246 0.21963
15.1906 7.78733 0.216458 0.0697587 15.282 7.7246 0.21963
15.1657 7.69374 0.225837 0.352815 15.282 7.7246 0.21963
15.0141 7.69207 0.227864 0.159934 15.282 7.7246 0.21963
15.1657 7.69374 0.225837 0.352815 15.282 7.7246 0.21963
15.1906 7.78733 0.216458 0.0697587 15.282 7.7246 0.21963
15.1657 7.69374 0.225837 0.352815 15.282 7.7246 0.21963
15.0242 7.61692 0.225728 0.0915388 15.282 7.7246 0.21963
15.1657 7.69374 0.225837 0.352815 15.282 7.7246 0.21963
15.2865 7.70911 0.227555 0.0265001 15.282 7.7246 0.21963
15.2635 7.56995 0.222653 0.0475931 15.282 7.7246 0.21963
15.0009 7.67285 0.224727 0.131889 15.282 7.7246 0.21963
14.9947 7.73631 0.226741 0.207167 15.282 7.7246 0.21963
15.0877 7.44186 0.225628 0.00139163 15.282 7.7246 0.21963
14.9699 7.67645 0.225643 0.0956517 15.282 7.7246 0.21963
15.4012 7.76395 0.217897 0.126898 15.282 7.7246 0.21963
15.1893 7.83271 0.218255 0.233793 15.282 7.7246 0.21963
15.0442 7.61187 0.228122 0.0672668 15.282 7.7246 0.21963
15.2635 7.56995 0.222653 0.0475931 15.282 7.7246 0.21963
14.9947 7.73631 0.226741 0.207167 15.282 7.7246 0.21963
15.2598 7.84438 0.229441 0.00552327 15.282 7.7246 0.21963
15.2635 7.56995 0.222653 0.0475931 15.282 7.7246 0.21963
14.9699 7.67645 0.225643 0.0956517 15.282 7.7246 0.21963
14.9947 7.73631 0.226741 0.207167 15.282 7.7246 0.21963
15.0242 7.61692 0.225728 0.0915388 15.282 7.7246 0.21963
14.9221 7.95082 0.230367 0.00330775 15.282 7.7246 0.21963
15.1893 7.83271 0.218255 0.233793 15.282 7.7246 0.21963
14.9699 7.67645 0.225643 0.0956517 15.282 7.7246 0.21963
15.1657 7.69374 0.225837 0.352815 15.282 7.7246 0.21963
15.0442 7.61187 0.228122 0.0672668 15.282 7.7246 0.21963
15.0009 7.67285 0.224727 0.131889 15.282 7.7246 0.21963
15.4012 7.76395 0.217897 0.126898 15.282 7.7246 0.21963
15.0127 7.65707 0.221367 0.0343473 15.282 7.7246 0.21963
14.975 7.74253 0.228768 0.109046 15.282 7.7246 0.21963
15.1657 7.69374 0.225837 0.352815 15.282 7.7246 0.21963
