188.444 24.7919 0.0751563 0.036537 188.54 24.782 0.071944
188.496 24.7967 0.0760087 0.0724225 188.54 24.782 0.071944
188.503 24.8364 0.0767393 0.0507099 188.54 24.782 0.071944
188.598 24.6891 0.0775406 0.181916 188.54 24.782 0.071944
188.598 24.6891 0.0775406 0.181916 188.54 24.782 0.071944
188.496 24.7967 0.0760087 0.0724225 188.54 24.782 0.071944
188.821 24.8464 0.0778527 0.0035803 188.54 24.782 0.071944
188.482 24.8716 0.0777771 0.0250315 188.54 24.782 0.071944
188.745 24.7335 0.0710402 0.0351545 188.54 24.782 0.071944
188.641 24.4775 0.0772096 0.0250435 188.54 24.782 0.071944
188.525 24.7404 0.0723978 0.0541201 188.54 24.782 0.071944
188.613 24.5563 0.0741853 0.0750051 188.54 24.782 0.071944
188.503 24.8364 0.0767393 0.0507099 188.54 24.782 0.071944
188.496 24.7967 0.0760087 0.0724225 188.54 24.782 0.071944
188.598 24.6891 0.0775406 0.181916 188.54 24.782 0.071944
188.484 24.4935 0.0757489 0.0218097 188.54 24.782 0.071944
188.496 24.7967 0.0760087 0.0724225 188.54 24.782 0.071944
188.39 24.7166 0.0824363 0.018254 188.54 24.782 0.071944
188.444 24.7919 0.0751563 0.036537 188.54 24.782 0.071944
188.655 24.6667 0.0718683 0.0801659 188.54 24.782 0.071944
188.598 24.6891 0.0775406 0.181916 188.54 24.782 0.071944
188.519 24.4623 0.0737584 0.0101194 188.54 24.782 0.071944
188.745 24.7335 0.0710402 0.0351545 188.54 24.782 0.071944
188.503 24.8364 0.0767393 0.0507099 188.54 24.782 0.071944
188.521 24.725 0.0763481 0.147338 188.54 24.782 0.071944
188.598 24.6891 0.0775406 0.181916 188.54 24.782 0.071944
188.745 24.7335 0.0710402 0.0351545 188.54 24.782 0.071944
188.655 24.6667 0.0718683 0.0801659 188.54 24.782 0.071944
188.598 24.6891 0.0775406 0.181916 188.54 24.782 0.071944
188.598 24.6891 0.0775406 0.181916 188.54 24.782 0.071944
188.774 24.6405 0.0786802 0.021267 188.54 24.782 0.071944
188.503 24.8364 0.0767393 0.0507099 188.54 24.782 0.071944
188.521 24.725 0.0763481 0.147338 188.54 24.782 0.071944
188.689 24.8607 0.0641066 0.000113266 188.54 24.782 0.071944
188.598 24.6891 0.0775406 0.181916 188.54 24.782 0.071944
188.613 24.5563 0.0741853 0.0750051 188.54 24.782 0.071944
188.503 24.8364 0.0767393 0.0507099 188.54 24.782 0.071944
188.484 24.4935 0.0757489 0.0218097 188.54 24.782 0.071944
188.525 24.7404 0.0723978 0.0541201 188.54 24.782 0.071944
188.525 24.7404 0.0723978 0.0541201 188.54 24.782 0.071944
188.521 24.725 0.0763481 0.147338 188.54 24.782 0.071944
188.484 24.4935 0.0757489 0.0218097 188.54 24.782 0.071944
188.655 24.6667 0.0718683 0.0801659 188.54 24.782 0.071944
188.444 24.6646 0.0871384 0.00166021 188.54 24.782 0.071944
188.641 24.4775 0.0772096 0.0250435 188.54 24.782 0.071944
188.496 24.7967 0.0760087 0.0724225 188.54 24.782 0.071944
188.72 24.8525 0.0681267 0.0034457 188.54 24.782 0.071944
188.745 24.7335 0.0710402 0.0351545 188.54 24.782 0.071944
188.613 24.5563 0.0741853 0.0750051 188.54 24.782 0.071944
188.598 24.6891 0.0775406 0.181916 188.54 24.782 0.071944
188.444 24.7919 0.0751563 0.036537 188.54 24.782 0.071944
188.605 24.8465 0.0724429 0.0326073 188.54 24.782 0.071944
188.521 24.725 0.0763481 0.147338 188.54 24.782 0.071944
188.521 24.725 0.0763481 0.147338 188.54 24.782 0.071944
188.496 24.7967 0.0760087 0.0724225 188.54 24.782 0.071944
188.484 24.4935 0.0757489 0.0218097 188.54 24.782 0.071944
188.482 24.8716 0.0777771 0.0250315 188.54 24.782 0.071944
188.48 24.6977 0.081208 0.0644898 188.54 24.782 0.071944
188.598 24.6891 0.0775406 0.181916 188.54 24.782 0.071944
188.48 24.6977 0.081208 0.0644898 188.54 24.782 0.071944
188.39 24.7166 0.0824363 0.018254 188.54 24.782 0.071944
188.496 24.7967 0.0760087 0.0724225 188.54 24.782 0.071944
188.634 24.4526 0.0760768 0.0166813 188.54 24.782 0.071944
188.655 24.6667 0.0718683 0.0801659 188.54 24.782 0.071944
188.655 24.6667 0.0718683 0.0801659 188.54 24.782 0.071944
188.74 24.7954 0.0788844 0.0208119 188.54 24.782 0.071944
188.613 24.5563 0.0741853 0.0750051 188.54 24.782 0.071944
188.598 24.6891 0.0775406 0.181916 188.54 24.782 0.071944
188.521 24.725 0.0763481 0.147338 188.54 24.782 0.071944
188.496 24.7967 0.0760087 0.0724225 188.54 24.782 0.071944
188.598 24.6891 0.0775406 0.181916 188.54 24.782 0.071944
188.496 24.7967 0.0760087 0.0724225 188.54 24.782 0.071944
188.48 24.6977 0.081208 0.0644898 188.54 24.782 0.071944
188.655 24.6667 0.0718683 0.0801659 188.54 24.782 0.071944
188.503 24.8364 0.0767393 0.0507099 188.54 24.782 0.071944
188.521 24.725 0.0763481 0.147338 188.54 24.782 0.071944
188.745 24.7335 0.0710402 0.0351545 188.54 24.782 0.071944
188.598 24.6891 0.0775406 0.181916 188.54 24.782 0.071944
188.832 24.8244 0.0639344 9.10596e-05 188.54 24.782 0.071944
188.35 24.5596 0.0831634 0.00484878 188.54 24.782 0.071944
188.655 24.6667 0.0718683 0.0801659 188.54 24.782 0.071944
188.521 24.725 0.0763481 0.147338 188.54 24.782 0.071944
188.35 24.5596 0.0831634 0.00484878 188.54 24.782 0.071944
188.521 24.725 0.0763481 0.147338 188.54 24.782 0.071944
188.35 24.5596 0.0831634 0.00484878 188.54 24.782 0.071944
188.521 24.725 0.0763481 0.147338 188.54 24.782 0.071944
188.598 24.6891 0.0775406 0.181916 188.54 24.782 0.071944
188.613 24.5563 0.0741853 0.0750051 188.54 24.782 0.071944
188.521 24.725 0.0763481 0.147338 188.54 24.782 0.071944
188.598 24.6891 0.0775406 0.181916 188.54 24.782 0.071944
188.655 24.6667 0.0718683 0.0801659 188.54 24.782 0.071944
188.48 24.6977 0.081208 0.0644898 188.54 24.782 0.071944
188.39 24.7166 0.0824363 0.018254 188.54 24.782 0.071944
188.444 24.7919 0.0751563 0.036537 188.54 24.782 0.071944
188.444 24.7919 0.0751563 0.036537 188.54 24.782 0.071944
188.598 24.6891 0.0775406 0.181916 188.54 24.782 0.071944
188.598 24.6891 0.0775406 0.181916 188.54 24.782 0.071944
188.74 24.7954 0.0788844 0.0208119 188.54 24.782 0.071944
188.48 24.6977 0.081208 0.0644898 188.54 24.782 0.071944
188.613 24.5563 0.0741853 0.0750051 188.54 24.782 0.071944
188.496 24.7967 0.0760087 0.0724225 188.54 24.782 0.071944
188.655 24.6667 0.0718683 0.0801659 188.54 24.782 0.071944
188.484 24.4935 0.0757489 0.0218097 188.54 24.782 0.071944
188.598 24.6891 0.0775406 0.181916 188.54 24.782 0.071944
188.613 24.5563 0.0741853 0.0750051 188.54 24.782 0.071944
188.598 24.6891 0.0775406 0.181916 188.54 24.782 0.071944
188.749 24.8168 0.0797632 0.00965683 188.54 24.782 0.071944
188.521 24.725 0.0763481 0.147338 188.54 24.782 0.071944
188.384 24.9534 0.0805012 0.0010686 188.54 24.782 0.071944
188.496 24.7967 0.0760087 0.0724225 188.54 24.782 0.071944
188.496 24.7967 0.0760087 0.0724225 188.54 24.782 0.071944
188.525 24.7404 0.0723978 0.0541201 188.54 24.782 0.071944
188.48 24.6977 0.081208 0.0644898 188.54 24.782 0.071944
188.655 24.6667 0.0718683 0.0801659 188.54 24.782 0.071944
188.482 24.8716 0.0777771 0.0250315 188.54 24.782 0.071944
188.48 24.6977 0.081208 0.0644898 188.54 24.782 0.071944
188.521 24.725 0.0763481 0.147338 188.54 24.782 0.071944
188.48 24.6977 0.081208 0.0644898 188.54 24.782 0.071944
188.521 24.725 0.0763481 0.147338 188.54 24.782 0.071944
188.48 24.6977 0.081208 0.0644898 188.54 24.782 0.071944
188.641 24.4775 0.0772096 0.0250435 188.54 24.782 0.071944
188.521 24.725 0.0763481 0.147338 188.54 24.782 0.071944
188.641 24.4775 0.0772096 0.0250435 188.54 24.782 0.071944
188.74 24.7954 0.0788844 0.0208119 188.54 24.782 0.071944
188.598 24.6891 0.0775406 0.181916 188.54 24.782 0.071944
188.482 24.8716 0.0777771 0.0250315 188.54 24.782 0.071944
188.613 24.5563 0.0741853 0.0750051 188.54 24.782 0.071944
188.484 24.4935 0.0757489 0.0218097 188.54 24.782 0.071944
188.655 24.6667 0.0718683 0.0801659 188.54 24.782 0.071944
188.598 24.6891 0.0775406 0.181916 188.54 24.782 0.071944
188.598 24.6891 0.0775406 0.181916 188.54 24.782 0.071944
188.655 24.6667 0.0718683 0.0801659 188.54 24.782 0.071944
188.482 24.8716 0.0777771 0.0250315 188.54 24.782 0.071944
188.503 24.8364 0.0767393 0.0507099 188.54 24.782 0.071944
188.482 24.8716 0.0777771 0.0250315 188.54 24.782 0.071944
188.39 24.7166 0.0824363 0.018254 188.54 24.782 0.071944
188.496 24.7967 0.0760087 0.0724225 188.54 24.782 0.071944
188.655 24.6667 0.0718683 0.0801659 188.54 24.782 0.071944
188.598 24.6891 0.0775406 0.181916 188.54 24.782 0.071944
188.598 24.6891 0.0775406 0.181916 188.54 24.782 0.071944
188.655 24.6667 0.0718683 0.0801659 188.54 24.782 0.071944
188.521 24.725 0.0763481 0.147338 188.54 24.782 0.071944
188.598 24.6891 0.0775406 0.181916 188.54 24.782 0.071944
188.496 24.7967 0.0760087 0.0724225 188.54 24.782 0.071944
188.521 24.725 0.0763481 0.147338 188.54 24.782 0.071944
188.525 24.7404 0.0723978 0.0541201 188.54 24.782 0.071944
188.484 24.4935 0.0757489 0.0218097 188.54 24.782 0.071944
188.598 24.6891 0.0775406 0.181916 188.54 24.782 0.071944
188.745 24.7335 0.0710402 0.0351545 188.54 24.782 0.071944
188.605 24.8465 0.0724429 0.0326073 188.54 24.782 0.071944
188.484 24.4935 0.0757489 0.0218097 188.54 24.782 0.071944
188.655 24.6667 0.0718683 0.0801659 188.54 24.782 0.071944
188.74 24.7954 0.0788844 0.0208119 188.54 24.782 0.071944
188.655 24.6667 0.0718683 0.0801659 188.54 24.782 0.071944
188.745 24.7335 0.0710402 0.0351545 188.54 24.782 0.071944
188.521 24.725 0.0763481 0.147338 188.54 24.782 0.071944
188.525 24.7404 0.0723978 0.0541201 188.54 24.782 0.071944
188.521 24.725 0.0763481 0.147338 188.54 24.782 0.071944
188.641 24.4775 0.0772096 0.0250435 188.54 24.782 0.071944
188.39 24.7166 0.0824363 0.018254 188.54 24.782 0.071944
188.525 24.7404 0.0723978 0.0541201 188.54 24.782 0.071944
188.496 24.7967 0.0760087 0.0724225 188.54 24.782 0.071944
188.605 24.8465 0.0724429 0.0326073 188.54 24.782 0.071944
188.484 24.4935 0.0757489 0.0218097 188.54 24.782 0.071944
188.444 24.7919 0.0751563 0.036537 188.54 24.782 0.071944
188.525 24.7404 0.0723978 0.0541201 188.54 24.782 0.071944
188.655 24.6667 0.0718683 0.0801659 188.54 24.782 0.071944
188.521 24.725 0.0763481 0.147338 188.54 24.782 0.071944
188.521 24.725 0.0763481 0.147338 188.54 24.782 0.071944
188.598 24.6891 0.0775406 0.181916 188.54 24.782 0.071944
188.701 24.6893 0.0675973 0.00776515 188.54 24.782 0.071944
188.641 24.4775 0.0772096 0.0250435 188.54 24.782 0.071944
188.496 24.7967 0.0760087 0.0724225 188.54 24.782 0.071944
188.521 24.725 0.0763481 0.147338 188.54 24.782 0.071944
188.48 24.6977 0.081208 0.0644898 188.54 24.782 0.071944
188.496 24.7967 0.0760087 0.0724225 188.54 24.782 0.071944
188.521 24.725 0.0763481 0.147338 188.54 24.782 0.071944
188.48 24.6977 0.081208 0.0644898 188.54 24.782 0.071944
188.598 24.6891 0.0775406 0.181916 188.54 24.782 0.071944
188.605 24.8465 0.0724429 0.0326073 188.54 24.782 0.071944
188.598 24.6891 0.0775406 0.181916 188.54 24.782 0.071944
188.525 24.7404 0.0723978 0.0541201 188.54 24.782 0.071944
188.641 24.4775 0.0772096 0.0250435 188.54 24.782 0.071944
188.598 24.6891 0.0775406 0.181916 188.54 24.782 0.071944
188.598 24.6891 0.0775406 0.181916 188.54 24.782 0.071944
188.496 24.7967 0.0760087 0.0724225 188.54 24.782 0.071944
188.598 24.6891 0.0775406 0.181916 188.54 24.782 0.071944
188.598 24.6891 0.0775406 0.181916 188.54 24.782 0.071944
188.634 24.4526 0.0760768 0.0166813 188.54 24.782 0.071944
188.598 24.6891 0.0775406 0.181916 188.54 24.782 0.071944
188.48 24.6977 0.081208 0.0644898 188.54 24.782 0.071944
188.521 24.725 0.0763481 0.147338 188.54 24.782 0.071944
188.521 24.725 0.0763481 0.147338 188.54 24.782 0.071944
188.634 24.4526 0.0760768 0.0166813 188.54 24.782 0.071944
188.598 24.6891 0.0775406 0.181916 188.54 24.782 0.071944
188.503 24.8364 0.0767393 0.0507099 188.54 24.782 0.071944
188.598 24.6891 0.0775406 0.181916 188.54 24.782 0.071944
188.613 24.5563 0.0741853 0.0750051 188.54 24.782 0.071944
188.521 24.725 0.0763481 0.147338 188.54 24.782 0.071944
188.521 24.725 0.0763481 0.147338 188.54 24.782 0.071944
