220.155 -11.6593 2.95089 0.0655902 219.86 -11.549 2.9428
220.087 -11.7821 2.94839 0.0642364 219.86 -11.549 2.9428
219.737 -11.8326 2.94687 0.0158035 219.86 -11.549 2.9428
219.943 -11.6429 2.94409 0.405013 219.86 -11.549 2.9428
220.042 -11.5828 2.94802 0.366039 219.86 -11.549 2.9428
219.744 -11.4887 2.94091 0.0833902 219.86 -11.549 2.9428
220.042 -11.5828 2.94802 0.366039 219.86 -11.549 2.9428
219.795 -11.4425 2.94803 0.0776648 219.86 -11.549 2.9428
219.943 -11.6429 2.94409 0.405013 219.86 -11.549 2.9428
220.042 -11.5828 2.94802 0.366039 219.86 -11.549 2.9428
219.976 -11.5051 2.94467 0.313448 219.86 -11.549 2.9428
219.744 -11.4887 2.94091 0.0833902 219.86 -11.549 2.9428
220.042 -11.5828 2.94802 0.366039 219.86 -11.549 2.9428
219.744 -11.4887 2.94091 0.0833902 219.86 -11.549 2.9428
220.089 -11.7379 2.94778 0.112143 219.86 -11.549 2.9428
220.089 -11.7379 2.94778 0.112143 219.86 -11.549 2.9428
219.878 -11.709 2.94061 0.0726553 219.86 -11.549 2.9428
220.087 -11.7821 2.94839 0.0642364 219.86 -11.549 2.9428
220.221 -11.4178 2.95138 0.00737972 219.86 -11.549 2.9428
220.089 -11.7379 2.94778 0.112143 219.86 -11.549 2.9428
219.875 -11.7106 2.94699 0.311876 219.86 -11.549 2.9428
219.976 -11.5051 2.94467 0.313448 219.86 -11.549 2.9428
219.943 -11.6429 2.94409 0.405013 219.86 -11.549 2.9428
219.887 -11.7521 2.9469 0.214204 219.86 -11.549 2.9428
219.899 -11.7984 2.94112 0.0291265 219.86 -11.549 2.9428
219.875 -11.7106 2.94699 0.311876 219.86 -11.549 2.9428
219.887 -11.7521 2.9469 0.214204 219.86 -11.549 2.9428
219.875 -11.7106 2.94699 0.311876 219.86 -11.549 2.9428
219.875 -11.7106 2.94699 0.311876 219.86 -11.549 2.9428
220.042 -11.5828 2.94802 0.366039 219.86 -11.549 2.9428
219.781 -11.5164 2.95259 0.00469509 219.86 -11.549 2.9428
220.089 -11.7379 2.94778 0.112143 219.86 -11.549 2.9428
220.042 -11.5828 2.94802 0.366039 219.86 -11.549 2.9428
219.875 -11.7106 2.94699 0.311876 219.86 -11.549 2.9428
220.042 -11.5828 2.94802 0.366039 219.86 -11.549 2.9428
219.943 -11.6429 2.94409 0.405013 219.86 -11.549 2.9428
219.943 -11.6429 2.94409 0.405013 219.86 -11.549 2.9428
219.98 -11.3824 2.93873 0.00180175 219.86 -11.549 2.9428
220.089 -11.7379 2.94778 0.112143 219.86 -11.549 2.9428
220.038 -11.6566 2.95275 0.0560214 219.86 -11.549 2.9428
219.943 -11.6429 2.94409 0.405013 219.86 -11.549 2.9428
219.744 -11.4887 2.94091 0.0833902 219.86 -11.549 2.9428
220.042 -11.5828 2.94802 0.366039 219.86 -11.549 2.9428
219.943 -11.6429 2.94409 0.405013 219.86 -11.549 2.9428
219.943 -11.6429 2.94409 0.405013 219.86 -11.549 2.9428
219.939 -11.7447 2.94244 0.0995137 219.86 -11.549 2.9428
219.626 -11.6377 2.93795 0.00901706 219.86 -11.549 2.9428
219.943 -11.6429 2.94409 0.405013 219.86 -11.549 2.9428
219.943 -11.6429 2.94409 0.405013 219.86 -11.549 2.9428
219.73 -11.4173 2.941 0.0359774 219.86 -11.549 2.9428
219.728 -11.8596 2.94041 0.00575908 219.86 -11.549 2.9428
220.042 -11.5828 2.94802 0.366039 219.86 -11.549 2.9428
219.744 -11.4887 2.94091 0.0833902 219.86 -11.549 2.9428
219.875 -11.7106 2.94699 0.311876 219.86 -11.549 2.9428
219.675 -11.2924 2.94307 0.00289772 219.86 -11.549 2.9428
220.042 -11.5828 2.94802 0.366039 219.86 -11.549 2.9428
219.875 -11.7106 2.94699 0.311876 219.86 -11.549 2.9428
220.155 -11.6593 2.95089 0.0655902 219.86 -11.549 2.9428
219.786 -11.5155 2.93996 0.0748539 219.86 -11.549 2.9428
220.042 -11.5828 2.94802 0.366039 219.86 -11.549 2.9428
220.038 -11.6566 2.95275 0.0560214 219.86 -11.549 2.9428
220.089 -11.7379 2.94778 0.112143 219.86 -11.549 2.9428
220.089 -11.7379 2.94778 0.112143 219.86 -11.549 2.9428
219.875 -11.7106 2.94699 0.311876 219.86 -11.549 2.9428
219.719 -11.8125 2.94652 0.0191656 219.86 -11.549 2.9428
219.943 -11.6429 2.94409 0.405013 219.86 -11.549 2.9428
219.887 -11.7521 2.9469 0.214204 219.86 -11.549 2.9428
219.846 -11.8806 2.94427 0.0207308 219.86 -11.549 2.9428
219.694 -11.7895 2.9483 0.007745 219.86 -11.549 2.9428
219.976 -11.5051 2.94467 0.313448 219.86 -11.549 2.9428
219.795 -11.4425 2.94803 0.0776648 219.86 -11.549 2.9428
219.939 -11.7447 2.94244 0.0995137 219.86 -11.549 2.9428
219.943 -11.6429 2.94409 0.405013 219.86 -11.549 2.9428
219.887 -11.7521 2.9469 0.214204 219.86 -11.549 2.9428
219.943 -11.6429 2.94409 0.405013 219.86 -11.549 2.9428
219.887 -11.7521 2.9469 0.214204 219.86 -11.549 2.9428
219.976 -11.5051 2.94467 0.313448 219.86 -11.549 2.9428
220.089 -11.7379 2.94778 0.112143 219.86 -11.549 2.9428
220.042 -11.5828 2.94802 0.366039 219.86 -11.549 2.9428
219.875 -11.7106 2.94699 0.311876 219.86 -11.549 2.9428
219.737 -11.8326 2.94687 0.0158035 219.86 -11.549 2.9428
219.943 -11.6429 2.94409 0.405013 219.86 -11.549 2.9428
219.744 -11.4887 2.94091 0.0833902 219.86 -11.549 2.9428
219.943 -11.6429 2.94409 0.405013 219.86 -11.549 2.9428
219.666 -11.5069 2.9403 0.0376699 219.86 -11.549 2.9428
220.042 -11.5828 2.94802 0.366039 219.86 -11.549 2.9428
220.042 -11.5828 2.94802 0.366039 219.86 -11.549 2.9428
219.939 -11.7447 2.94244 0.0995137 219.86 -11.549 2.9428
220.089 -11.7379 2.94778 0.112143 219.86 -11.549 2.9428
219.875 -11.7106 2.94699 0.311876 219.86 -11.549 2.9428
219.875 -11.7106 2.94699 0.311876 219.86 -11.549 2.9428
219.943 -11.6429 2.94409 0.405013 219.86 -11.549 2.9428
219.976 -11.5051 2.94467 0.313448 219.86 -11.549 2.9428
220.042 -11.5828 2.94802 0.366039 219.86 -11.549 2.9428
220.038 -11.6566 2.95275 0.0560214 219.86 -11.549 2.9428
219.875 -11.7106 2.94699 0.311876 219.86 -11.549 2.9428
219.976 -11.5051 2.94467 0.313448 219.86 -11.549 2.9428
220.042 -11.5828 2.94802 0.366039 219.86 -11.549 2.9428
219.626 -11.6377 2.93795 0.00901706 219.86 -11.549 2.9428
219.875 -11.7106 2.94699 0.311876 219.86 -11.549 2.9428
219.875 -11.7106 2.94699 0.311876 219.86 -11.549 2.9428
219.939 -11.7447 2.94244 0.0995137 219.86 -11.549 2.9428
219.976 -11.5051 2.94467 0.313448 219.86 -11.549 2.9428
219.887 -11.7521 2.9469 0.214204 219.86 -11.549 2.9428
220.221 -11.4178 2.95138 0.00737972 219.86 -11.549 2.9428
219.943 -11.6429 2.94409 0.405013 219.86 -11.549 2.9428
219.943 -11.6429 2.94409 0.405013 219.86 -11.549 2.9428
219.943 -11.6429 2.94409 0.405013 219.86 -11.549 2.9428
219.719 -11.8125 2.94652 0.0191656 219.86 -11.549 2.9428
220.042 -11.5828 2.94802 0.366039 219.86 -11.549 2.9428
220.089 -11.7379 2.94778 0.112143 219.86 -11.549 2.9428
220.042 -11.5828 2.94802 0.366039 219.86 -11.549 2.9428
219.875 -11.7106 2.94699 0.311876 219.86 -11.549 2.9428
220.042 -11.5828 2.94802 0.366039 219.86 -11.549 2.9428
220.155 -11.6593 2.95089 0.0655902 219.86 -11.549 2.9428
219.875 -11.7106 2.94699 0.311876 219.86 -11.549 2.9428
220.042 -11.5828 2.94802 0.366039 219.86 -11.549 2.9428
219.943 -11.6429 2.94409 0.405013 219.86 -11.549 2.9428
219.976 -11.5051 2.94467 0.313448 219.86 -11.549 2.9428
219.73 -11.4173 2.941 0.0359774 219.86 -11.549 2.9428
219.887 -11.7521 2.9469 0.214204 219.86 -11.549 2.9428
220.042 -11.5828 2.94802 0.366039 219.86 -11.549 2.9428
219.887 -11.7521 2.9469 0.214204 219.86 -11.549 2.9428
219.976 -11.5051 2.94467 0.313448 219.86 -11.549 2.9428
219.666 -11.5069 2.9403 0.0376699 219.86 -11.549 2.9428
219.875 -11.7106 2.94699 0.311876 219.86 -11.549 2.9428
219.943 -11.6429 2.94409 0.405013 219.86 -11.549 2.9428
220.042 -11.5828 2.94802 0.366039 219.86 -11.549 2.9428
219.887 -11.7521 2.9469 0.214204 219.86 -11.549 2.9428
219.744 -11.4887 2.94091 0.0833902 219.86 -11.549 2.9428
220.042 -11.5828 2.94802 0.366039 219.86 -11.549 2.9428
220.038 -11.6566 2.95275 0.0560214 219.86 -11.549 2.9428
219.976 -11.5051 2.94467 0.313448 219.86 -11.549 2.9428
219.875 -11.7106 2.94699 0.311876 219.86 -11.549 2.9428
220.042 -11.5828 2.94802 0.366039 219.86 -11.549 2.9428
219.943 -11.6429 2.94409 0.405013 219.86 -11.549 2.9428
219.626 -11.6377 2.93795 0.00901706 219.86 -11.549 2.9428
219.786 -11.5155 2.93996 0.0748539 219.86 -11.549 2.9428
219.976 -11.5051 2.94467 0.313448 219.86 -11.549 2.9428
219.939 -11.7447 2.94244 0.0995137 219.86 -11.549 2.9428
219.943 -11.6429 2.94409 0.405013 219.86 -11.549 2.9428
219.887 -11.7521 2.9469 0.214204 219.86 -11.549 2.9428
219.875 -11.7106 2.94699 0.311876 219.86 -11.549 2.9428
219.943 -11.6429 2.94409 0.405013 219.86 -11.549 2.9428
219.887 -11.7521 2.9469 0.214204 219.86 -11.549 2.9428
219.976 -11.5051 2.94467 0.313448 219.86 -11.549 2.9428
219.976 -11.5051 2.94467 0.313448 219.86 -11.549 2.9428
219.887 -11.7521 2.9469 0.214204 219.86 -11.549 2.9428
219.887 -11.7521 2.9469 0.214204 219.86 -11.549 2.9428
220.042 -11.5828 2.94802 0.366039 219.86 -11.549 2.9428
220.042 -11.5828 2.94802 0.366039 219.86 -11.549 2.9428
219.887 -11.7521 2.9469 0.214204 219.86 -11.549 2.9428
219.976 -11.5051 2.94467 0.313448 219.86 -11.549 2.9428
219.875 -11.7106 2.94699 0.311876 219.86 -11.549 2.9428
220.042 -11.5828 2.94802 0.366039 219.86 -11.549 2.9428
220.089 -11.7379 2.94778 0.112143 219.86 -11.549 2.9428
219.943 -11.6429 2.94409 0.405013 219.86 -11.549 2.9428
219.697 -11.7797 2.94526 0.030942 219.86 -11.549 2.9428
219.943 -11.6429 2.94409 0.405013 219.86 -11.549 2.9428
219.697 -11.7797 2.94526 0.030942 219.86 -11.549 2.9428
219.666 -11.5069 2.9403 0.0376699 219.86 -11.549 2.9428
219.887 -11.7521 2.9469 0.214204 219.86 -11.549 2.9428
220.042 -11.5828 2.94802 0.366039 219.86 -11.549 2.9428
219.943 -11.6429 2.94409 0.405013 219.86 -11.549 2.9428
219.887 -11.7521 2.9469 0.214204 219.86 -11.549 2.9428
219.744 -11.4887 2.94091 0.0833902 219.86 -11.549 2.9428
219.875 -11.7106 2.94699 0.311876 219.86 -11.549 2.9428
219.875 -11.7106 2.94699 0.311876 219.86 -11.549 2.9428
219.943 -11.6429 2.94409 0.405013 219.86 -11.549 2.9428
219.875 -11.7106 2.94699 0.311876 219.86 -11.549 2.9428
219.976 -11.5051 2.94467 0.313448 219.86 -11.549 2.9428
219.976 -11.5051 2.94467 0.313448 219.86 -11.549 2.9428
219.976 -11.5051 2.94467 0.313448 219.86 -11.549 2.9428
220.042 -11.5828 2.94802 0.366039 219.86 -11.549 2.9428
219.899 -11.7984 2.94112 0.0291265 219.86 -11.549 2.9428
219.875 -11.7106 2.94699 0.311876 219.86 -11.549 2.9428
219.939 -11.7447 2.94244 0.0995137 219.86 -11.549 2.9428
219.744 -11.4887 2.94091 0.0833902 219.86 -11.549 2.9428
219.887 -11.7521 2.9469 0.214204 219.86 -11.549 2.9428
220.042 -11.5828 2.94802 0.366039 219.86 -11.549 2.9428
219.875 -11.7106 2.94699 0.311876 219.86 -11.549 2.9428
219.887 -11.7521 2.9469 0.214204 219.86 -11.549 2.9428
219.943 -11.6429 2.94409 0.405013 219.86 -11.549 2.9428
219.976 -11.5051 2.94467 0.313448 219.86 -11.549 2.9428
220.042 -11.5828 2.94802 0.366039 219.86 -11.549 2.9428
219.887 -11.7521 2.9469 0.214204 219.86 -11.549 2.9428
220.038 -11.6566 2.95275 0.0560214 219.86 -11.549 2.9428
219.887 -11.7521 2.9469 0.214204 219.86 -11.549 2.9428
219.697 -11.7797 2.94526 0.030942 219.86 -11.549 2.9428
219.875 -11.7106 2.94699 0.311876 219.86 -11.549 2.9428
219.73 -11.4173 2.941 0.0359774 219.86 -11.549 2.9428
219.976 -11.5051 2.94467 0.313448 219.86 -11.549 2.9428
219.846 -11.8806 2.94427 0.0207308 219.86 -11.549 2.9428
219.943 -11.6429 2.94409 0.405013 219.86 -11.549 2.9428
219.971 -11.3378 2.94003 0.00294289 219.86 -11.549 2.9428
219.939 -11.7447 2.94244 0.0995137 219.86 -11.549 2.9428
219.875 -11.7106 2.94699 0.311876 219.86 -11.549 2.9428
219.976 -11.5051 2.94467 0.313448 219.86 -11.549 2.9428
219.795 -11.4425 2.94803 0.0776648 219.86 -11.549 2.9428
219.875 -11.7106 2.94699 0.311876 219.86 -11.549 2.9428
