66.7512 -46.9674 3.85649 0.000730909 66.657 -47.153 3.8601
66.6574 -47.1187 3.86082 0.0180745 66.657 -47.153 3.8601
66.6369 -47.1895 3.85992 0.0118815 66.657 -47.153 3.8601
66.5238 -46.8937 3.86577 0.00519589 66.657 -47.153 3.8601
66.3543 -46.9265 3.85145 3.4243e-05 66.657 -47.153 3.8601
66.4627 -47.1882 3.85712 0.0122119 66.657 -47.153 3.8601
66.5193 -47.2416 3.86063 0.00593443 66.657 -47.153 3.8601
66.53 -47.149 3.86495 0.00472314 66.657 -47.153 3.8601
66.5074 -47.1574 3.86276 0.0101395 66.657 -47.153 3.8601
66.6213 -46.9932 3.86133 0.0243136 66.657 -47.153 3.8601
66.6369 -47.1895 3.85992 0.0118815 66.657 -47.153 3.8601
66.6762 -47.0975 3.85661 0.00783513 66.657 -47.153 3.8601
66.4416 -47.0051 3.85228 0.000799034 66.657 -47.153 3.8601
66.6213 -46.9932 3.86133 0.0243136 66.657 -47.153 3.8601
66.4834 -47.2088 3.8599 0.00969181 66.657 -47.153 3.8601
66.5074 -47.1574 3.86276 0.0101395 66.657 -47.153 3.8601
66.5074 -47.1574 3.86276 0.0101395 66.657 -47.153 3.8601
66.4834 -47.2088 3.8599 0.00969181 66.657 -47.153 3.8601
66.6762 -47.0975 3.85661 0.00783513 66.657 -47.153 3.8601
66.4179 -47.0711 3.86107 0.0114307 66.657 -47.153 3.8601
66.4834 -47.2088 3.8599 0.00969181 66.657 -47.153 3.8601
66.6574 -47.1187 3.86082 0.0180745 66.657 -47.153 3.8601
66.5238 -46.8937 3.86577 0.00519589 66.657 -47.153 3.8601
66.4179 -47.0711 3.86107 0.0114307 66.657 -47.153 3.8601
66.5514 -46.801 3.86407 0.00186676 66.657 -47.153 3.8601
66.4179 -47.0711 3.86107 0.0114307 66.657 -47.153 3.8601
66.6213 -46.9932 3.86133 0.0243136 66.657 -47.153 3.8601
66.4258 -47.2054 3.85162 0.00147161 66.657 -47.153 3.8601
66.61 -46.8163 3.86675 0.00175727 66.657 -47.153 3.8601
66.6213 -46.9932 3.86133 0.0243136 66.657 -47.153 3.8601
66.6574 -47.1187 3.86082 0.0180745 66.657 -47.153 3.8601
66.6213 -46.9932 3.86133 0.0243136 66.657 -47.153 3.8601
66.4427 -46.8818 3.86234 0.00377361 66.657 -47.153 3.8601
66.4179 -47.0711 3.86107 0.0114307 66.657 -47.153 3.8601
66.6213 -46.9932 3.86133 0.0243136 66.657 -47.153 3.8601
66.5074 -47.1574 3.86276 0.0101395 66.657 -47.153 3.8601
66.5575 -47.0391 3.85494 0.00779274 66.657 -47.153 3.8601
66.5514 -46.801 3.86407 0.00186676 66.657 -47.153 3.8601
66.4427 -46.8818 3.86234 0.00377361 66.657 -47.153 3.8601
66.6369 -47.1895 3.85992 0.0118815 66.657 -47.153 3.8601
66.6369 -47.1895 3.85992 0.0118815 66.657 -47.153 3.8601
66.6574 -47.1187 3.86082 0.0180745 66.657 -47.153 3.8601
66.6574 -47.1187 3.86082 0.0180745 66.657 -47.153 3.8601
66.5074 -47.1574 3.86276 0.0101395 66.657 -47.153 3.8601
66.4627 -47.1882 3.85712 0.0122119 66.657 -47.153 3.8601
66.6574 -47.1187 3.86082 0.0180745 66.657 -47.153 3.8601
66.5829 -46.8927 3.86958 0.00111111 66.657 -47.153 3.8601
66.5074 -47.1574 3.86276 0.0101395 66.657 -47.153 3.8601
66.4179 -47.0711 3.86107 0.0114307 66.657 -47.153 3.8601
66.8445 -47.0001 3.85839 0.000254482 66.657 -47.153 3.8601
66.6574 -47.1187 3.86082 0.0180745 66.657 -47.153 3.8601
66.5193 -47.2416 3.86063 0.00593443 66.657 -47.153 3.8601
66.6213 -46.9932 3.86133 0.0243136 66.657 -47.153 3.8601
66.6574 -47.1187 3.86082 0.0180745 66.657 -47.153 3.8601
66.806 -47.0475 3.86166 0.00190508 66.657 -47.153 3.8601
66.6574 -47.1187 3.86082 0.0180745 66.657 -47.153 3.8601
66.4179 -47.0711 3.86107 0.0114307 66.657 -47.153 3.8601
66.6213 -46.9932 3.86133 0.0243136 66.657 -47.153 3.8601
66.5238 -46.8937 3.86577 0.00519589 66.657 -47.153 3.8601
66.5362 -47.126 3.86658 0.00249288 66.657 -47.153 3.8601
66.6515 -46.9096 3.85713 0.00206304 66.657 -47.153 3.8601
66.6213 -46.9932 3.86133 0.0243136 66.657 -47.153 3.8601
66.5575 -47.0391 3.85494 0.00779274 66.657 -47.153 3.8601
66.4627 -47.1882 3.85712 0.0122119 66.657 -47.153 3.8601
66.3767 -47.0185 3.85504 0.00232862 66.657 -47.153 3.8601
66.4179 -47.0711 3.86107 0.0114307 66.657 -47.153 3.8601
66.6213 -46.9932 3.86133 0.0243136 66.657 -47.153 3.8601
66.6574 -47.1187 3.86082 0.0180745 66.657 -47.153 3.8601
66.6574 -47.1187 3.86082 0.0180745 66.657 -47.153 3.8601
66.6574 -47.1187 3.86082 0.0180745 66.657 -47.153 3.8601
66.3569 -47.313 3.85139 0.000229108 66.657 -47.153 3.8601
66.53 -47.149 3.86495 0.00472314 66.657 -47.153 3.8601
66.6574 -47.1187 3.86082 0.0180745 66.657 -47.153 3.8601
66.5074 -47.1574 3.86276 0.0101395 66.657 -47.153 3.8601
66.5074 -47.1574 3.86276 0.0101395 66.657 -47.153 3.8601
66.6369 -47.1895 3.85992 0.0118815 66.657 -47.153 3.8601
66.61 -46.8163 3.86675 0.00175727 66.657 -47.153 3.8601
66.4834 -47.2088 3.8599 0.00969181 66.657 -47.153 3.8601
66.6213 -46.9932 3.86133 0.0243136 66.657 -47.153 3.8601
66.5238 -46.8937 3.86577 0.00519589 66.657 -47.153 3.8601
66.5238 -46.8937 3.86577 0.00519589 66.657 -47.153 3.8601
66.5074 -47.1574 3.86276 0.0101395 66.657 -47.153 3.8601
66.6574 -47.1187 3.86082 0.0180745 66.657 -47.153 3.8601
66.4627 -47.1882 3.85712 0.0122119 66.657 -47.153 3.8601
66.4627 -47.1882 3.85712 0.0122119 66.657 -47.153 3.8601
66.4427 -46.8818 3.86234 0.00377361 66.657 -47.153 3.8601
66.4179 -47.0711 3.86107 0.0114307 66.657 -47.153 3.8601
66.6369 -47.1895 3.85992 0.0118815 66.657 -47.153 3.8601
66.4834 -47.2088 3.8599 0.00969181 66.657 -47.153 3.8601
66.5514 -46.801 3.86407 0.00186676 66.657 -47.153 3.8601
66.5074 -47.1574 3.86276 0.0101395 66.657 -47.153 3.8601
66.5074 -47.1574 3.86276 0.0101395 66.657 -47.153 3.8601
66.4627 -47.1882 3.85712 0.0122119 66.657 -47.153 3.8601
66.4627 -47.1882 3.85712 0.0122119 66.657 -47.153 3.8601
66.6574 -47.1187 3.86082 0.0180745 66.657 -47.153 3.8601
66.4179 -47.0711 3.86107 0.0114307 66.657 -47.153 3.8601
66.4627 -47.1882 3.85712 0.0122119 66.657 -47.153 3.8601
66.4179 -47.0711 3.86107 0.0114307 66.657 -47.153 3.8601
66.4627 -47.1882 3.85712 0.0122119 66.657 -47.153 3.8601
66.3767 -47.0185 3.85504 0.00232862 66.657 -47.153 3.8601
66.5238 -46.8937 3.86577 0.00519589 66.657 -47.153 3.8601
66.5238 -46.8937 3.86577 0.00519589 66.657 -47.153 3.8601
66.4627 -47.1882 3.85712 0.0122119 66.657 -47.153 3.8601
66.4834 -47.2088 3.8599 0.00969181 66.657 -47.153 3.8601
66.5074 -47.1574 3.86276 0.0101395 66.657 -47.153 3.8601
66.53 -47.149 3.86495 0.00472314 66.657 -47.153 3.8601
66.6213 -46.9932 3.86133 0.0243136 66.657 -47.153 3.8601
66.7512 -46.9674 3.85649 0.000730909 66.657 -47.153 3.8601
66.5575 -47.0391 3.85494 0.00779274 66.657 -47.153 3.8601
66.806 -47.0475 3.86166 0.00190508 66.657 -47.153 3.8601
66.5193 -47.2416 3.86063 0.00593443 66.657 -47.153 3.8601
66.6213 -46.9932 3.86133 0.0243136 66.657 -47.153 3.8601
66.6762 -47.0975 3.85661 0.00783513 66.657 -47.153 3.8601
66.5575 -47.0391 3.85494 0.00779274 66.657 -47.153 3.8601
66.4834 -47.2088 3.8599 0.00969181 66.657 -47.153 3.8601
66.4179 -47.0711 3.86107 0.0114307 66.657 -47.153 3.8601
66.6574 -47.1187 3.86082 0.0180745 66.657 -47.153 3.8601
66.4627 -47.1882 3.85712 0.0122119 66.657 -47.153 3.8601
66.6369 -47.1895 3.85992 0.0118815 66.657 -47.153 3.8601
66.3767 -47.0185 3.85504 0.00232862 66.657 -47.153 3.8601
66.4834 -47.2088 3.8599 0.00969181 66.657 -47.153 3.8601
66.6213 -46.9932 3.86133 0.0243136 66.657 -47.153 3.8601
66.5575 -47.0391 3.85494 0.00779274 66.657 -47.153 3.8601
66.4172 -46.8797 3.8575 0.00115808 66.657 -47.153 3.8601
66.6574 -47.1187 3.86082 0.0180745 66.657 -47.153 3.8601
66.4179 -47.0711 3.86107 0.0114307 66.657 -47.153 3.8601
66.4834 -47.2088 3.8599 0.00969181 66.657 -47.153 3.8601
66.6762 -47.0975 3.85661 0.00783513 66.657 -47.153 3.8601
66.6574 -47.1187 3.86082 0.0180745 66.657 -47.153 3.8601
66.4427 -46.8818 3.86234 0.00377361 66.657 -47.153 3.8601
66.6574 -47.1187 3.86082 0.0180745 66.657 -47.153 3.8601
66.4627 -47.1882 3.85712 0.0122119 66.657 -47.153 3.8601
66.5193 -47.2416 3.86063 0.00593443 66.657 -47.153 3.8601
66.3966 -47.2816 3.85974 0.00101709 66.657 -47.153 3.8601
66.6574 -47.1187 3.86082 0.0180745 66.657 -47.153 3.8601
66.6213 -46.9932 3.86133 0.0243136 66.657 -47.153 3.8601
66.4627 -47.1882 3.85712 0.0122119 66.657 -47.153 3.8601
66.4179 -47.0711 3.86107 0.0114307 66.657 -47.153 3.8601
66.6762 -47.0975 3.85661 0.00783513 66.657 -47.153 3.8601
66.5074 -47.1574 3.86276 0.0101395 66.657 -47.153 3.8601
66.53 -47.149 3.86495 0.00472314 66.657 -47.153 3.8601
66.6369 -47.1895 3.85992 0.0118815 66.657 -47.153 3.8601
66.5193 -47.2416 3.86063 0.00593443 66.657 -47.153 3.8601
66.4179 -47.0711 3.86107 0.0114307 66.657 -47.153 3.8601
66.6213 -46.9932 3.86133 0.0243136 66.657 -47.153 3.8601
66.5575 -47.0391 3.85494 0.00779274 66.657 -47.153 3.8601
66.6213 -46.9932 3.86133 0.0243136 66.657 -47.153 3.8601
66.6213 -46.9932 3.86133 0.0243136 66.657 -47.153 3.8601
66.4258 -47.2054 3.85162 0.00147161 66.657 -47.153 3.8601
66.61 -46.8163 3.86675 0.00175727 66.657 -47.153 3.8601
66.4179 -47.0711 3.86107 0.0114307 66.657 -47.153 3.8601
66.3767 -47.0185 3.85504 0.00232862 66.657 -47.153 3.8601
66.6515 -46.9096 3.85713 0.00206304 66.657 -47.153 3.8601
66.6213 -46.9932 3.86133 0.0243136 66.657 -47.153 3.8601
66.5074 -47.1574 3.86276 0.0101395 66.657 -47.153 3.8601
66.6515 -46.9096 3.85713 0.00206304 66.657 -47.153 3.8601
66.6515 -46.9096 3.85713 0.00206304 66.657 -47.153 3.8601
66.6213 -46.9932 3.86133 0.0243136 66.657 -47.153 3.8601
66.5575 -47.0391 3.85494 0.00779274 66.657 -47.153 3.8601
66.5362 -47.126 3.86658 0.00249288 66.657 -47.153 3.8601
66.6762 -47.0975 3.85661 0.00783513 66.657 -47.153 3.8601
66.6369 -47.1895 3.85992 0.0118815 66.657 -47.153 3.8601
66.6762 -47.0975 3.85661 0.00783513 66.657 -47.153 3.8601
66.6213 -46.9932 3.86133 0.0243136 66.657 -47.153 3.8601
66.4179 -47.0711 3.86107 0.0114307 66.657 -47.153 3.8601
66.6515 -46.9096 3.85713 0.00206304 66.657 -47.153 3.8601
66.6213 -46.9932 3.86133 0.0243136 66.657 -47.153 3.8601
66.6574 -47.1187 3.86082 0.0180745 66.657 -47.153 3.8601
66.3767 -47.0185 3.85504 0.00232862 66.657 -47.153 3.8601
66.5362 -47.126 3.86658 0.00249288 66.657 -47.153 3.8601
66.5074 -47.1574 3.86276 0.0101395 66.657 -47.153 3.8601
66.4179 -47.0711 3.86107 0.0114307 66.657 -47.153 3.8601
66.6574 -47.1187 3.86082 0.0180745 66.657 -47.153 3.8601
66.4179 -47.0711 3.86107 0.0114307 66.657 -47.153 3.8601
66.4834 -47.2088 3.8599 0.00969181 66.657 -47.153 3.8601
66.6762 -47.0975 3.85661 0.00783513 66.657 -47.153 3.8601
66.5193 -47.2416 3.86063 0.00593443 66.657 -47.153 3.8601
66.6574 -47.1187 3.86082 0.0180745 66.657 -47.153 3.8601
66.6213 -46.9932 3.86133 0.0243136 66.657 -47.153 3.8601
66.5193 -47.2416 3.86063 0.00593443 66.657 -47.153 3.8601
66.4834 -47.2088 3.8599 0.00969181 66.657 -47.153 3.8601
66.4627 -47.1882 3.85712 0.0122119 66.657 -47.153 3.8601
66.6213 -46.9932 3.86133 0.0243136 66.657 -47.153 3.8601
66.6213 -46.9932 3.86133 0.0243136 66.657 -47.153 3.8601
66.6574 -47.1187 3.86082 0.0180745 66.657 -47.153 3.8601
66.4627 -47.1882 3.85712 0.0122119 66.657 -47.153 3.8601
66.5362 -47.126 3.86658 0.00249288 66.657 -47.153 3.8601
66.6213 -46.9932 3.86133 0.0243136 66.657 -47.153 3.8601
66.2717 -47.2793 3.857 0.000138718 66.657 -47.153 3.8601
66.4427 -46.8818 3.86234 0.00377361 66.657 -47.153 3.8601
66.6515 -46.9096 3.85713 0.00206304 66.657 -47.153 3.8601
66.4627 -47.1882 3.85712 0.0122119 66.657 -47.153 3.8601
66.6762 -47.0975 3.85661 0.00783513 66.657 -47.153 3.8601
66.6574 -47.1187 3.86082 0.0180745 66.657 -47.153 3.8601
66.3966 -47.2816 3.85974 0.00101709 66.657 -47.153 3.8601
66.5074 -47.1574 3.86276 0.0101395 66.657 -47.153 3.8601
66.6369 -47.1895 3.85992 0.0118815 66.657 -47.153 3.8601
66.4179 -47.0711 3.86107 0.0114307 66.657 -47.153 3.8601
66.6213 -46.9932 3.86133 0.0243136 66.657 -47.153 3.8601
66.6369 -47.1895 3.85992 0.0118815 66.657 -47.153 3.8601
