118.192 -22.1406 3.39995 0.000595748 118.07 -22.502 3.3964
117.96 -22.0225 3.39126 0.00123944 118.07 -22.502 3.3964
118.11 -22.2375 3.38367 2.88202e-05 118.07 -22.502 3.3964
117.876 -22.2994 3.39003 0.000484558 118.07 -22.502 3.3964
117.79 -22.3035 3.3864 0.000162104 118.07 -22.502 3.3964
117.96 -22.0225 3.39126 0.00123944 118.07 -22.502 3.3964
117.96 -22.0225 3.39126 0.00123944 118.07 -22.502 3.3964
118.14 -22.4018 3.391 0.000148245 118.07 -22.502 3.3964
118.14 -22.4018 3.391 0.000148245 118.07 -22.502 3.3964
117.906 -21.9369 3.39559 0.000171945 118.07 -22.502 3.3964
118.184 -22.3691 3.39847 0.000257089 118.07 -22.502 3.3964
118.192 -22.1406 3.39995 0.000595748 118.07 -22.502 3.3964
118.113 -22.3906 3.39776 0.00022304 118.07 -22.502 3.3964
117.67 -22.2981 3.39206 2.31342e-05 118.07 -22.502 3.3964
118.192 -22.1406 3.39995 0.000595748 118.07 -22.502 3.3964
118.333 -22.3612 3.39441 8.41521e-05 118.07 -22.502 3.3964
117.96 -22.0225 3.39126 0.00123944 118.07 -22.502 3.3964
118.05 -22.4048 3.39909 9.14706e-05 118.07 -22.502 3.3964
118.192 -22.1406 3.39995 0.000595748 118.07 -22.502 3.3964
118.11 -22.2375 3.38367 2.88202e-05 118.07 -22.502 3.3964
117.96 -22.0225 3.39126 0.00123944 118.07 -22.502 3.3964
117.729 -22.3759 3.3909 3.68626e-05 118.07 -22.502 3.3964
117.876 -22.2994 3.39003 0.000484558 118.07 -22.502 3.3964
117.876 -22.2994 3.39003 0.000484558 118.07 -22.502 3.3964
117.876 -22.2994 3.39003 0.000484558 118.07 -22.502 3.3964
118.192 -22.1406 3.39995 0.000595748 118.07 -22.502 3.3964
117.96 -22.0225 3.39126 0.00123944 118.07 -22.502 3.3964
117.79 -22.3035 3.3864 0.000162104 118.07 -22.502 3.3964
117.899 -22.363 3.39519 0.000156785 118.07 -22.502 3.3964
118.369 -22.1623 3.39247 0.000100863 118.07 -22.502 3.3964
117.96 -22.0225 3.39126 0.00123944 118.07 -22.502 3.3964
118.192 -22.1406 3.39995 0.000595748 118.07 -22.502 3.3964
118.113 -22.3906 3.39776 0.00022304 118.07 -22.502 3.3964
117.96 -22.0225 3.39126 0.00123944 118.07 -22.502 3.3964
117.965 -22.3674 3.38976 0.000303256 118.07 -22.502 3.3964
117.96 -22.0225 3.39126 0.00123944 118.07 -22.502 3.3964
118.192 -22.1406 3.39995 0.000595748 118.07 -22.502 3.3964
117.906 -21.9369 3.39559 0.000171945 118.07 -22.502 3.3964
118.184 -22.3691 3.39847 0.000257089 118.07 -22.502 3.3964
117.899 -22.363 3.39519 0.000156785 118.07 -22.502 3.3964
117.876 -22.2994 3.39003 0.000484558 118.07 -22.502 3.3964
117.96 -22.0225 3.39126 0.00123944 118.07 -22.502 3.3964
118.184 -22.3691 3.39847 0.000257089 118.07 -22.502 3.3964
118.113 -22.3906 3.39776 0.00022304 118.07 -22.502 3.3964
117.928 -22.2545 3.38644 0.000412734 118.07 -22.502 3.3964
118.184 -22.3691 3.39847 0.000257089 118.07 -22.502 3.3964
117.906 -21.9369 3.39559 0.000171945 118.07 -22.502 3.3964
117.96 -22.0225 3.39126 0.00123944 118.07 -22.502 3.3964
117.876 -22.2994 3.39003 0.000484558 118.07 -22.502 3.3964
117.965 -22.3674 3.38976 0.000303256 118.07 -22.502 3.3964
118.369 -22.1623 3.39247 0.000100863 118.07 -22.502 3.3964
117.997 -22.4843 3.38971 4.30408e-05 118.07 -22.502 3.3964
117.704 -22.0003 3.38881 0.000126084 118.07 -22.502 3.3964
118.113 -22.3906 3.39776 0.00022304 118.07 -22.502 3.3964
117.96 -22.0225 3.39126 0.00123944 118.07 -22.502 3.3964
118.192 -22.1406 3.39995 0.000595748 118.07 -22.502 3.3964
117.96 -22.0225 3.39126 0.00123944 118.07 -22.502 3.3964
117.928 -22.2545 3.38644 0.000412734 118.07 -22.502 3.3964
117.96 -22.0225 3.39126 0.00123944 118.07 -22.502 3.3964
117.876 -22.2994 3.39003 0.000484558 118.07 -22.502 3.3964
117.96 -22.0225 3.39126 0.00123944 118.07 -22.502 3.3964
117.96 -22.0225 3.39126 0.00123944 118.07 -22.502 3.3964
117.704 -22.0003 3.38881 0.000126084 118.07 -22.502 3.3964
117.96 -22.0225 3.39126 0.00123944 118.07 -22.502 3.3964
117.928 -22.2545 3.38644 0.000412734 118.07 -22.502 3.3964
117.876 -22.2994 3.39003 0.000484558 118.07 -22.502 3.3964
117.745 -22.1864 3.39603 3.49032e-05 118.07 -22.502 3.3964
117.96 -22.0225 3.39126 0.00123944 118.07 -22.502 3.3964
117.96 -22.0225 3.39126 0.00123944 118.07 -22.502 3.3964
118.192 -22.1406 3.39995 0.000595748 118.07 -22.502 3.3964
117.745 -22.1864 3.39603 3.49032e-05 118.07 -22.502 3.3964
117.965 -22.3674 3.38976 0.000303256 118.07 -22.502 3.3964
118.184 -22.3691 3.39847 0.000257089 118.07 -22.502 3.3964
118.184 -22.3691 3.39847 0.000257089 118.07 -22.502 3.3964
118.333 -22.3612 3.39441 8.41521e-05 118.07 -22.502 3.3964
117.876 -22.2994 3.39003 0.000484558 118.07 -22.502 3.3964
117.729 -22.3759 3.3909 3.68626e-05 118.07 -22.502 3.3964
118.184 -22.3691 3.39847 0.000257089 118.07 -22.502 3.3964
117.96 -22.0225 3.39126 0.00123944 118.07 -22.502 3.3964
117.965 -22.3674 3.38976 0.000303256 118.07 -22.502 3.3964
118.048 -22.4556 3.3865 1.85194e-05 118.07 -22.502 3.3964
117.96 -22.0225 3.39126 0.00123944 118.07 -22.502 3.3964
118.14 -22.4018 3.391 0.000148245 118.07 -22.502 3.3964
117.876 -22.2994 3.39003 0.000484558 118.07 -22.502 3.3964
118.184 -22.3691 3.39847 0.000257089 118.07 -22.502 3.3964
118.333 -22.3612 3.39441 8.41521e-05 118.07 -22.502 3.3964
117.96 -22.0225 3.39126 0.00123944 118.07 -22.502 3.3964
117.79 -22.3035 3.3864 0.000162104 118.07 -22.502 3.3964
117.96 -22.0225 3.39126 0.00123944 118.07 -22.502 3.3964
117.899 -22.363 3.39519 0.000156785 118.07 -22.502 3.3964
117.899 -22.363 3.39519 0.000156785 118.07 -22.502 3.3964
117.96 -22.0225 3.39126 0.00123944 118.07 -22.502 3.3964
117.756 -22.4213 3.39018 2.98825e-05 118.07 -22.502 3.3964
117.928 -22.2545 3.38644 0.000412734 118.07 -22.502 3.3964
117.96 -22.0225 3.39126 0.00123944 118.07 -22.502 3.3964
118.369 -22.1623 3.39247 0.000100863 118.07 -22.502 3.3964
117.928 -22.2545 3.38644 0.000412734 118.07 -22.502 3.3964
117.704 -22.0003 3.38881 0.000126084 118.07 -22.502 3.3964
118.192 -22.1406 3.39995 0.000595748 118.07 -22.502 3.3964
117.96 -22.0225 3.39126 0.00123944 118.07 -22.502 3.3964
117.96 -22.0225 3.39126 0.00123944 118.07 -22.502 3.3964
117.928 -22.2545 3.38644 0.000412734 118.07 -22.502 3.3964
117.67 -22.2981 3.39206 2.31342e-05 118.07 -22.502 3.3964
117.876 -22.2994 3.39003 0.000484558 118.07 -22.502 3.3964
117.965 -22.3674 3.38976 0.000303256 118.07 -22.502 3.3964
117.724 -22.325 3.39122 5.95287e-05 118.07 -22.502 3.3964
117.928 -22.2545 3.38644 0.000412734 118.07 -22.502 3.3964
118.192 -22.1406 3.39995 0.000595748 118.07 -22.502 3.3964
118.05 -22.4048 3.39909 9.14706e-05 118.07 -22.502 3.3964
117.965 -22.3674 3.38976 0.000303256 118.07 -22.502 3.3964
117.899 -22.363 3.39519 0.000156785 118.07 -22.502 3.3964
117.876 -22.2994 3.39003 0.000484558 118.07 -22.502 3.3964
117.96 -22.0225 3.39126 0.00123944 118.07 -22.502 3.3964
118.192 -22.1406 3.39995 0.000595748 118.07 -22.502 3.3964
117.965 -22.3674 3.38976 0.000303256 118.07 -22.502 3.3964
117.96 -22.0225 3.39126 0.00123944 118.07 -22.502 3.3964
118.184 -22.3691 3.39847 0.000257089 118.07 -22.502 3.3964
118.192 -22.1406 3.39995 0.000595748 118.07 -22.502 3.3964
117.876 -22.2994 3.39003 0.000484558 118.07 -22.502 3.3964
118.192 -22.1406 3.39995 0.000595748 118.07 -22.502 3.3964
118.333 -22.3612 3.39441 8.41521e-05 118.07 -22.502 3.3964
117.96 -22.0225 3.39126 0.00123944 118.07 -22.502 3.3964
118.192 -22.1406 3.39995 0.000595748 118.07 -22.502 3.3964
118.369 -22.1623 3.39247 0.000100863 118.07 -22.502 3.3964
117.79 -22.3035 3.3864 0.000162104 118.07 -22.502 3.3964
117.906 -21.9369 3.39559 0.000171945 118.07 -22.502 3.3964
118.14 -22.4018 3.391 0.000148245 118.07 -22.502 3.3964
117.724 -22.325 3.39122 5.95287e-05 118.07 -22.502 3.3964
117.906 -21.9369 3.39559 0.000171945 118.07 -22.502 3.3964
118.184 -22.3691 3.39847 0.000257089 118.07 -22.502 3.3964
117.96 -22.0225 3.39126 0.00123944 118.07 -22.502 3.3964
118.192 -22.1406 3.39995 0.000595748 118.07 -22.502 3.3964
117.876 -22.2994 3.39003 0.000484558 118.07 -22.502 3.3964
117.928 -22.2545 3.38644 0.000412734 118.07 -22.502 3.3964
117.79 -22.3035 3.3864 0.000162104 118.07 -22.502 3.3964
117.928 -22.2545 3.38644 0.000412734 118.07 -22.502 3.3964
117.96 -22.0225 3.39126 0.00123944 118.07 -22.502 3.3964
118.184 -22.3691 3.39847 0.000257089 118.07 -22.502 3.3964
117.96 -22.0225 3.39126 0.00123944 118.07 -22.502 3.3964
118.14 -22.4018 3.391 0.000148245 118.07 -22.502 3.3964
118.192 -22.1406 3.39995 0.000595748 118.07 -22.502 3.3964
118.192 -22.1406 3.39995 0.000595748 118.07 -22.502 3.3964
117.876 -22.2994 3.39003 0.000484558 118.07 -22.502 3.3964
117.96 -22.0225 3.39126 0.00123944 118.07 -22.502 3.3964
117.704 -22.0003 3.38881 0.000126084 118.07 -22.502 3.3964
118.184 -22.3691 3.39847 0.000257089 118.07 -22.502 3.3964
117.704 -22.0003 3.38881 0.000126084 118.07 -22.502 3.3964
117.96 -22.0225 3.39126 0.00123944 118.07 -22.502 3.3964
118.184 -22.3691 3.39847 0.000257089 118.07 -22.502 3.3964
118.414 -22.1287 3.39817 0.000159035 118.07 -22.502 3.3964
117.928 -22.2545 3.38644 0.000412734 118.07 -22.502 3.3964
118.414 -22.1287 3.39817 0.000159035 118.07 -22.502 3.3964
118.184 -22.3691 3.39847 0.000257089 118.07 -22.502 3.3964
118.14 -22.4018 3.391 0.000148245 118.07 -22.502 3.3964
117.704 -22.0003 3.38881 0.000126084 118.07 -22.502 3.3964
117.876 -22.2994 3.39003 0.000484558 118.07 -22.502 3.3964
117.96 -22.0225 3.39126 0.00123944 118.07 -22.502 3.3964
118.184 -22.3691 3.39847 0.000257089 118.07 -22.502 3.3964
118 -22.3663 3.38539 6.14087e-05 118.07 -22.502 3.3964
118.113 -22.3906 3.39776 0.00022304 118.07 -22.502 3.3964
117.928 -22.2545 3.38644 0.000412734 118.07 -22.502 3.3964
117.96 -22.0225 3.39126 0.00123944 118.07 -22.502 3.3964
117.928 -22.2545 3.38644 0.000412734 118.07 -22.502 3.3964
118.414 -22.1287 3.39817 0.000159035 118.07 -22.502 3.3964
118.192 -22.1406 3.39995 0.000595748 118.07 -22.502 3.3964
117.876 -22.2994 3.39003 0.000484558 118.07 -22.502 3.3964
118.414 -22.1287 3.39817 0.000159035 118.07 -22.502 3.3964
117.96 -22.0225 3.39126 0.00123944 118.07 -22.502 3.3964
117.876 -22.2994 3.39003 0.000484558 118.07 -22.502 3.3964
118.369 -22.1623 3.39247 0.000100863 118.07 -22.502 3.3964
117.96 -22.0225 3.39126 0.00123944 118.07 -22.502 3.3964
117.96 -22.0225 3.39126 0.00123944 118.07 -22.502 3.3964
117.908 -22.3751 3.38283 1.87134e-05 118.07 -22.502 3.3964
117.96 -22.0225 3.39126 0.00123944 118.07 -22.502 3.3964
117.876 -22.2994 3.39003 0.000484558 118.07 -22.502 3.3964
118.192 -22.1406 3.39995 0.000595748 118.07 -22.502 3.3964
117.96 -22.0225 3.39126 0.00123944 118.07 -22.502 3.3964
118.414 -22.1287 3.39817 0.000159035 118.07 -22.502 3.3964
117.96 -22.0225 3.39126 0.00123944 118.07 -22.502 3.3964
117.79 -22.3035 3.3864 0.000162104 118.07 -22.502 3.3964
117.96 -22.0225 3.39126 0.00123944 118.07 -22.502 3.3964
118.192 -22.1406 3.39995 0.000595748 118.07 -22.502 3.3964
118.192 -22.1406 3.39995 0.000595748 118.07 -22.502 3.3964
117.704 -22.0003 3.38881 0.000126084 118.07 -22.502 3.3964
118.192 -22.1406 3.39995 0.000595748 118.07 -22.502 3.3964
117.96 -22.0225 3.39126 0.00123944 118.07 -22.502 3.3964
117.899 -22.363 3.39519 0.000156785 118.07 -22.502 3.3964
118.113 -22.3906 3.39776 0.00022304 118.07 -22.502 3.3964
117.928 -22.2545 3.38644 0.000412734 118.07 -22.502 3.3964
117.899 -22.363 3.39519 0.000156785 118.07 -22.502 3.3964
118.14 -22.4018 3.391 0.000148245 118.07 -22.502 3.3964
118.192 -22.1406 3.39995 0.000595748 118.07 -22.502 3.3964
118.14 -22.4018 3.391 0.000148245 118.07 -22.502 3.3964
117.79 -22.3035 3.3864 0.000162104 118.07 -22.502 3.3964
117.965 -22.3674 3.38976 0.000303256 118.07 -22.502 3.3964
117.928 -22.2545 3.38644 0.000412734 118.07 -22.502 3.3964
117.96 -22.0225 3.39126 0.00123944 118.07 -22.502 3.3964
118.184 -22.3691 3.39847 0.000257089 118.07 -22.502 3.3964
117.96 -22.0225 3.39126 0.00123944 118.07 -22.502 3.3964
117.96 -22.0225 3.39126 0.00123944 118.07 -22.502 3.3964
