255.72 -19.5934 3.21801 0.203305 255.93 -19.647 3.2314
255.732 -19.5248 3.22114 0.176394 255.93 -19.647 3.2314
255.793 -19.6127 3.2246 0.129931 255.93 -19.647 3.2314
255.884 -19.552 3.21634 0.00825342 255.93 -19.647 3.2314
255.72 -19.5934 3.21801 0.203305 255.93 -19.647 3.2314
255.668 -19.6825 3.22378 0.0735455 255.93 -19.647 3.2314
255.893 -19.6021 3.22307 0.135239 255.93 -19.647 3.2314
255.672 -19.528 3.22036 0.181776 255.93 -19.647 3.2314
255.777 -19.4075 3.21829 0.0333044 255.93 -19.647 3.2314
255.76 -19.4316 3.22204 0.0504345 255.93 -19.647 3.2314
255.893 -19.6021 3.22307 0.135239 255.93 -19.647 3.2314
255.732 -19.5248 3.22114 0.176394 255.93 -19.647 3.2314
255.547 -19.6081 3.2105 0.012909 255.93 -19.647 3.2314
255.796 -19.4213 3.21631 0.0150799 255.93 -19.647 3.2314
255.732 -19.5248 3.22114 0.176394 255.93 -19.647 3.2314
255.72 -19.5934 3.21801 0.203305 255.93 -19.647 3.2314
255.893 -19.6021 3.22307 0.135239 255.93 -19.647 3.2314
255.72 -19.5934 3.21801 0.203305 255.93 -19.647 3.2314
255.874 -19.7003 3.21565 0.00337352 255.93 -19.647 3.2314
255.93 -19.6067 3.22684 0.0628307 255.93 -19.647 3.2314
255.732 -19.5248 3.22114 0.176394 255.93 -19.647 3.2314
255.633 -19.5779 3.21495 0.115574 255.93 -19.647 3.2314
255.672 -19.528 3.22036 0.181776 255.93 -19.647 3.2314
255.633 -19.5779 3.21495 0.115574 255.93 -19.647 3.2314
255.573 -19.7197 3.22214 0.0396284 255.93 -19.647 3.2314
255.893 -19.6021 3.22307 0.135239 255.93 -19.647 3.2314
255.463 -19.7004 3.21642 0.0558623 255.93 -19.647 3.2314
255.793 -19.6127 3.2246 0.129931 255.93 -19.647 3.2314
255.672 -19.528 3.22036 0.181776 255.93 -19.647 3.2314
255.672 -19.528 3.22036 0.181776 255.93 -19.647 3.2314
256.008 -19.6156 3.22357 0.0398229 255.93 -19.647 3.2314
255.893 -19.6021 3.22307 0.135239 255.93 -19.647 3.2314
255.893 -19.6021 3.22307 0.135239 255.93 -19.647 3.2314
255.793 -19.6127 3.2246 0.129931 255.93 -19.647 3.2314
255.75 -19.7389 3.21744 0.0604428 255.93 -19.647 3.2314
255.547 -19.6081 3.2105 0.012909 255.93 -19.647 3.2314
255.922 -20.0746 3.23228 1.25108e-05 255.93 -19.647 3.2314
255.72 -19.5934 3.21801 0.203305 255.93 -19.647 3.2314
255.633 -19.5779 3.21495 0.115574 255.93 -19.647 3.2314
255.72 -19.5934 3.21801 0.203305 255.93 -19.647 3.2314
255.732 -19.5248 3.22114 0.176394 255.93 -19.647 3.2314
255.547 -19.6081 3.2105 0.012909 255.93 -19.647 3.2314
255.975 -19.7953 3.22285 0.0215262 255.93 -19.647 3.2314
255.573 -19.7197 3.22214 0.0396284 255.93 -19.647 3.2314
255.732 -19.5248 3.22114 0.176394 255.93 -19.647 3.2314
255.97 -19.9361 3.23067 0.00127707 255.93 -19.647 3.2314
255.796 -19.4213 3.21631 0.0150799 255.93 -19.647 3.2314
256.008 -19.6156 3.22357 0.0398229 255.93 -19.647 3.2314
255.918 -19.5217 3.22064 0.0431109 255.93 -19.647 3.2314
255.672 -19.528 3.22036 0.181776 255.93 -19.647 3.2314
255.793 -19.6127 3.2246 0.129931 255.93 -19.647 3.2314
255.72 -19.5934 3.21801 0.203305 255.93 -19.647 3.2314
255.633 -19.5779 3.21495 0.115574 255.93 -19.647 3.2314
256.012 -19.7115 3.22712 0.0434096 255.93 -19.647 3.2314
256.008 -19.6156 3.22357 0.0398229 255.93 -19.647 3.2314
256.012 -19.7115 3.22712 0.0434096 255.93 -19.647 3.2314
255.732 -19.5248 3.22114 0.176394 255.93 -19.647 3.2314
255.76 -19.4316 3.22204 0.0504345 255.93 -19.647 3.2314
255.975 -19.7953 3.22285 0.0215262 255.93 -19.647 3.2314
255.672 -19.528 3.22036 0.181776 255.93 -19.647 3.2314
255.633 -19.5779 3.21495 0.115574 255.93 -19.647 3.2314
255.463 -19.7004 3.21642 0.0558623 255.93 -19.647 3.2314
255.672 -19.528 3.22036 0.181776 255.93 -19.647 3.2314
255.732 -19.5248 3.22114 0.176394 255.93 -19.647 3.2314
255.93 -19.6067 3.22684 0.0628307 255.93 -19.647 3.2314
255.633 -19.5779 3.21495 0.115574 255.93 -19.647 3.2314
255.72 -19.5934 3.21801 0.203305 255.93 -19.647 3.2314
255.975 -19.7953 3.22285 0.0215262 255.93 -19.647 3.2314
255.732 -19.5248 3.22114 0.176394 255.93 -19.647 3.2314
255.732 -19.5248 3.22114 0.176394 255.93 -19.647 3.2314
255.672 -19.528 3.22036 0.181776 255.93 -19.647 3.2314
255.672 -19.528 3.22036 0.181776 255.93 -19.647 3.2314
255.793 -19.6127 3.2246 0.129931 255.93 -19.647 3.2314
255.573 -19.7197 3.22214 0.0396284 255.93 -19.647 3.2314
255.72 -19.5934 3.21801 0.203305 255.93 -19.647 3.2314
255.633 -19.5779 3.21495 0.115574 255.93 -19.647 3.2314
255.633 -19.5779 3.21495 0.115574 255.93 -19.647 3.2314
255.893 -19.6021 3.22307 0.135239 255.93 -19.647 3.2314
255.75 -19.7389 3.21744 0.0604428 255.93 -19.647 3.2314
255.672 -19.528 3.22036 0.181776 255.93 -19.647 3.2314
255.72 -19.5934 3.21801 0.203305 255.93 -19.647 3.2314
255.633 -19.5779 3.21495 0.115574 255.93 -19.647 3.2314
255.72 -19.5934 3.21801 0.203305 255.93 -19.647 3.2314
255.732 -19.5248 3.22114 0.176394 255.93 -19.647 3.2314
255.633 -19.5779 3.21495 0.115574 255.93 -19.647 3.2314
255.893 -19.6021 3.22307 0.135239 255.93 -19.647 3.2314
255.893 -19.6021 3.22307 0.135239 255.93 -19.647 3.2314
255.573 -19.7197 3.22214 0.0396284 255.93 -19.647 3.2314
255.72 -19.5934 3.21801 0.203305 255.93 -19.647 3.2314
255.463 -19.7004 3.21642 0.0558623 255.93 -19.647 3.2314
255.793 -19.6127 3.2246 0.129931 255.93 -19.647 3.2314
255.672 -19.528 3.22036 0.181776 255.93 -19.647 3.2314
255.893 -19.6021 3.22307 0.135239 255.93 -19.647 3.2314
255.76 -19.4316 3.22204 0.0504345 255.93 -19.647 3.2314
255.732 -19.5248 3.22114 0.176394 255.93 -19.647 3.2314
255.672 -19.528 3.22036 0.181776 255.93 -19.647 3.2314
255.777 -19.4075 3.21829 0.0333044 255.93 -19.647 3.2314
255.672 -19.528 3.22036 0.181776 255.93 -19.647 3.2314
255.975 -19.7953 3.22285 0.0215262 255.93 -19.647 3.2314
255.918 -19.5217 3.22064 0.0431109 255.93 -19.647 3.2314
255.893 -19.6021 3.22307 0.135239 255.93 -19.647 3.2314
255.893 -19.6021 3.22307 0.135239 255.93 -19.647 3.2314
255.76 -19.4316 3.22204 0.0504345 255.93 -19.647 3.2314
256.008 -19.6156 3.22357 0.0398229 255.93 -19.647 3.2314
255.672 -19.528 3.22036 0.181776 255.93 -19.647 3.2314
255.668 -19.6825 3.22378 0.0735455 255.93 -19.647 3.2314
255.672 -19.528 3.22036 0.181776 255.93 -19.647 3.2314
255.72 -19.5934 3.21801 0.203305 255.93 -19.647 3.2314
255.75 -19.7389 3.21744 0.0604428 255.93 -19.647 3.2314
255.793 -19.6127 3.2246 0.129931 255.93 -19.647 3.2314
255.72 -19.5934 3.21801 0.203305 255.93 -19.647 3.2314
255.72 -19.5934 3.21801 0.203305 255.93 -19.647 3.2314
255.76 -19.4316 3.22204 0.0504345 255.93 -19.647 3.2314
255.793 -19.6127 3.2246 0.129931 255.93 -19.647 3.2314
255.633 -19.5779 3.21495 0.115574 255.93 -19.647 3.2314
256.008 -19.6156 3.22357 0.0398229 255.93 -19.647 3.2314
255.672 -19.528 3.22036 0.181776 255.93 -19.647 3.2314
255.72 -19.5934 3.21801 0.203305 255.93 -19.647 3.2314
255.893 -19.6021 3.22307 0.135239 255.93 -19.647 3.2314
255.672 -19.528 3.22036 0.181776 255.93 -19.647 3.2314
255.732 -19.5248 3.22114 0.176394 255.93 -19.647 3.2314
255.668 -19.6825 3.22378 0.0735455 255.93 -19.647 3.2314
255.975 -19.7953 3.22285 0.0215262 255.93 -19.647 3.2314
255.893 -19.6021 3.22307 0.135239 255.93 -19.647 3.2314
255.72 -19.5934 3.21801 0.203305 255.93 -19.647 3.2314
255.672 -19.528 3.22036 0.181776 255.93 -19.647 3.2314
255.793 -19.6127 3.2246 0.129931 255.93 -19.647 3.2314
255.893 -19.6021 3.22307 0.135239 255.93 -19.647 3.2314
255.732 -19.5248 3.22114 0.176394 255.93 -19.647 3.2314
255.672 -19.528 3.22036 0.181776 255.93 -19.647 3.2314
255.672 -19.528 3.22036 0.181776 255.93 -19.647 3.2314
255.72 -19.5934 3.21801 0.203305 255.93 -19.647 3.2314
255.75 -19.7389 3.21744 0.0604428 255.93 -19.647 3.2314
255.93 -19.6067 3.22684 0.0628307 255.93 -19.647 3.2314
256.008 -19.6156 3.22357 0.0398229 255.93 -19.647 3.2314
255.463 -19.7004 3.21642 0.0558623 255.93 -19.647 3.2314
255.888 -19.8761 3.22006 0.00557624 255.93 -19.647 3.2314
255.918 -19.5217 3.22064 0.0431109 255.93 -19.647 3.2314
255.668 -19.6825 3.22378 0.0735455 255.93 -19.647 3.2314
255.893 -19.6021 3.22307 0.135239 255.93 -19.647 3.2314
255.76 -19.4316 3.22204 0.0504345 255.93 -19.647 3.2314
255.893 -19.6021 3.22307 0.135239 255.93 -19.647 3.2314
255.633 -19.5779 3.21495 0.115574 255.93 -19.647 3.2314
255.918 -19.5217 3.22064 0.0431109 255.93 -19.647 3.2314
255.463 -19.7004 3.21642 0.0558623 255.93 -19.647 3.2314
255.672 -19.528 3.22036 0.181776 255.93 -19.647 3.2314
255.633 -19.5779 3.21495 0.115574 255.93 -19.647 3.2314
256.012 -19.7115 3.22712 0.0434096 255.93 -19.647 3.2314
255.72 -19.5934 3.21801 0.203305 255.93 -19.647 3.2314
255.93 -19.6067 3.22684 0.0628307 255.93 -19.647 3.2314
255.793 -19.6127 3.2246 0.129931 255.93 -19.647 3.2314
255.463 -19.7004 3.21642 0.0558623 255.93 -19.647 3.2314
255.463 -19.7004 3.21642 0.0558623 255.93 -19.647 3.2314
255.463 -19.7004 3.21642 0.0558623 255.93 -19.647 3.2314
255.793 -19.6127 3.2246 0.129931 255.93 -19.647 3.2314
255.668 -19.6825 3.22378 0.0735455 255.93 -19.647 3.2314
255.72 -19.5934 3.21801 0.203305 255.93 -19.647 3.2314
255.463 -19.7004 3.21642 0.0558623 255.93 -19.647 3.2314
255.76 -19.4316 3.22204 0.0504345 255.93 -19.647 3.2314
255.793 -19.6127 3.2246 0.129931 255.93 -19.647 3.2314
255.672 -19.528 3.22036 0.181776 255.93 -19.647 3.2314
256.008 -19.6156 3.22357 0.0398229 255.93 -19.647 3.2314
255.93 -19.6067 3.22684 0.0628307 255.93 -19.647 3.2314
255.76 -19.4316 3.22204 0.0504345 255.93 -19.647 3.2314
255.732 -19.5248 3.22114 0.176394 255.93 -19.647 3.2314
256.012 -19.7115 3.22712 0.0434096 255.93 -19.647 3.2314
255.463 -19.7004 3.21642 0.0558623 255.93 -19.647 3.2314
255.76 -19.4316 3.22204 0.0504345 255.93 -19.647 3.2314
255.672 -19.528 3.22036 0.181776 255.93 -19.647 3.2314
255.547 -19.6081 3.2105 0.012909 255.93 -19.647 3.2314
255.732 -19.5248 3.22114 0.176394 255.93 -19.647 3.2314
256.008 -19.6156 3.22357 0.0398229 255.93 -19.647 3.2314
255.668 -19.6825 3.22378 0.0735455 255.93 -19.647 3.2314
255.633 -19.5779 3.21495 0.115574 255.93 -19.647 3.2314
255.793 -19.6127 3.2246 0.129931 255.93 -19.647 3.2314
255.547 -19.6081 3.2105 0.012909 255.93 -19.647 3.2314
255.732 -19.5248 3.22114 0.176394 255.93 -19.647 3.2314
255.72 -19.5934 3.21801 0.203305 255.93 -19.647 3.2314
255.672 -19.528 3.22036 0.181776 255.93 -19.647 3.2314
255.668 -19.6825 3.22378 0.0735455 255.93 -19.647 3.2314
255.72 -19.5934 3.21801 0.203305 255.93 -19.647 3.2314
255.72 -19.5934 3.21801 0.203305 255.93 -19.647 3.2314
255.633 -19.5779 3.21495 0.115574 255.93 -19.647 3.2314
255.796 -19.4213 3.21631 0.0150799 255.93 -19.647 3.2314
255.793 -19.6127 3.2246 0.129931 255.93 -19.647 3.2314
255.93 -19.6067 3.22684 0.0628307 255.93 -19.647 3.2314
255.672 -19.528 3.22036 0.181776 255.93 -19.647 3.2314
255.918 -19.5217 3.22064 0.0431109 255.93 -19.647 3.2314
255.893 -19.6021 3.22307 0.135239 255.93 -19.647 3.2314
255.893 -19.4393 3.22037 0.0232058 255.93 -19.647 3.2314
255.732 -19.5248 3.22114 0.176394 255.93 -19.647 3.2314
255.777 -19.4075 3.21829 0.0333044 255.93 -19.647 3.2314
255.93 -19.6067 3.22684 0.0628307 255.93 -19.647 3.2314
255.732 -19.5248 3.22114 0.176394 255.93 -19.647 3.2314
255.793 -19.6127 3.2246 0.129931 255.93 -19.647 3.2314
255.893 -19.6021 3.22307 0.135239 255.93 -19.647 3.2314
255.893 -19.4393 3.22037 0.0232058 255.93 -19.647 3.2314
255.93 -19.6067 3.22684 0.0628307 255.93 -19.647 3.2314
255.732 -19.5248 3.22114 0.176394 255.93 -19.647 3.2314
255.668 -19.6825 3.22378 0.0735455 255.93 -19.647 3.2314
