129.286 19.7215 0.0693594 0.791388 129.44 19.568 0.069169
129.263 19.6914 0.0640002 3.07202 129.44 19.568 0.069169
129.115 19.7431 0.0653887 0.647264 129.44 19.568 0.069169
129.341 19.4391 0.0697057 0.303228 129.44 19.568 0.069169
129.26 19.5044 0.0674868 1.46922 129.44 19.568 0.069169
129.494 19.6736 0.0596399 0.335634 129.44 19.568 0.069169
129.287 19.4995 0.0680679 1.24189 129.44 19.568 0.069169
129.296 19.7408 0.0602099 1.06237 129.44 19.568 0.069169
129.339 19.4302 0.0668155 0.612264 129.44 19.568 0.069169
129.263 19.6914 0.0640002 3.07202 129.44 19.568 0.069169
129.339 19.4302 0.0668155 0.612264 129.44 19.568 0.069169
129.156 19.6705 0.0711363 0.260717 129.44 19.568 0.069169
129.249 19.3335 0.0654 0.102346 129.44 19.568 0.069169
129.156 19.6705 0.0711363 0.260717 129.44 19.568 0.069169
128.954 19.5738 0.0638486 0.0275175 129.44 19.568 0.069169
129.536 19.6247 0.067997 0.1696 129.44 19.568 0.069169
129.514 19.4064 0.0658037 0.071083 129.44 19.568 0.069169
129.366 19.5339 0.0595778 0.481162 129.44 19.568 0.069169
129.514 19.6398 0.0603022 0.319665 129.44 19.568 0.069169
129.263 19.6914 0.0640002 3.07202 129.44 19.568 0.069169
129.287 19.4995 0.0680679 1.24189 129.44 19.568 0.069169
129.287 19.4995 0.0680679 1.24189 129.44 19.568 0.069169
129.296 19.7408 0.0602099 1.06237 129.44 19.568 0.069169
129.287 19.4995 0.0680679 1.24189 129.44 19.568 0.069169
129.172 19.8469 0.0659316 0.316031 129.44 19.568 0.069169
129.263 19.6914 0.0640002 3.07202 129.44 19.568 0.069169
129.339 19.4302 0.0668155 0.612264 129.44 19.568 0.069169
129.46 19.7158 0.0621261 0.93576 129.44 19.568 0.069169
129.171 19.777 0.0634448 0.864245 129.44 19.568 0.069169
129.286 19.7215 0.0693594 0.791388 129.44 19.568 0.069169
129.26 19.5044 0.0674868 1.46922 129.44 19.568 0.069169
129.384 19.656 0.0602763 1.19678 129.44 19.568 0.069169
129.401 19.7931 0.0660002 0.740158 129.44 19.568 0.069169
129.249 19.3335 0.0654 0.102346 129.44 19.568 0.069169
129.286 19.7215 0.0693594 0.791388 129.44 19.568 0.069169
129.296 19.7408 0.0602099 1.06237 129.44 19.568 0.069169
129.401 19.7931 0.0660002 0.740158 129.44 19.568 0.069169
129.437 19.519 0.0593051 0.229298 129.44 19.568 0.069169
129.514 19.4064 0.0658037 0.071083 129.44 19.568 0.069169
129.156 19.6705 0.0711363 0.260717 129.44 19.568 0.069169
129.287 19.4995 0.0680679 1.24189 129.44 19.568 0.069169
129.263 19.6914 0.0640002 3.07202 129.44 19.568 0.069169
129.26 19.5044 0.0674868 1.46922 129.44 19.568 0.069169
129.26 19.5044 0.0674868 1.46922 129.44 19.568 0.069169
129.171 19.777 0.0634448 0.864245 129.44 19.568 0.069169
129.26 19.5044 0.0674868 1.46922 129.44 19.568 0.069169
129.46 19.7158 0.0621261 0.93576 129.44 19.568 0.069169
129.263 19.6914 0.0640002 3.07202 129.44 19.568 0.069169
129.287 19.4995 0.0680679 1.24189 129.44 19.568 0.069169
129.384 19.656 0.0602763 1.19678 129.44 19.568 0.069169
129.26 19.5044 0.0674868 1.46922 129.44 19.568 0.069169
129.59 19.7281 0.0619069 0.0964676 129.44 19.568 0.069169
129.171 19.777 0.0634448 0.864245 129.44 19.568 0.069169
129.171 19.777 0.0634448 0.864245 129.44 19.568 0.069169
129.296 19.7408 0.0602099 1.06237 129.44 19.568 0.069169
129.679 19.5088 0.0634446 0.00685719 129.44 19.568 0.069169
129.185 19.4102 0.0637899 0.256401 129.44 19.568 0.069169
129.115 19.7431 0.0653887 0.647264 129.44 19.568 0.069169
129.26 19.5044 0.0674868 1.46922 129.44 19.568 0.069169
129.263 19.6914 0.0640002 3.07202 129.44 19.568 0.069169
129.287 19.4995 0.0680679 1.24189 129.44 19.568 0.069169
129.358 19.6606 0.0580501 0.413061 129.44 19.568 0.069169
129.115 19.7431 0.0653887 0.647264 129.44 19.568 0.069169
129.366 19.5339 0.0595778 0.481162 129.44 19.568 0.069169
129.46 19.7158 0.0621261 0.93576 129.44 19.568 0.069169
129.575 19.5812 0.0642909 0.164428 129.44 19.568 0.069169
129.59 19.7281 0.0619069 0.0964676 129.44 19.568 0.069169
129.384 19.656 0.0602763 1.19678 129.44 19.568 0.069169
129.46 19.7158 0.0621261 0.93576 129.44 19.568 0.069169
129.384 19.656 0.0602763 1.19678 129.44 19.568 0.069169
129.366 19.5339 0.0595778 0.481162 129.44 19.568 0.069169
129.172 19.8469 0.0659316 0.316031 129.44 19.568 0.069169
129.263 19.6914 0.0640002 3.07202 129.44 19.568 0.069169
129.341 19.4391 0.0697057 0.303228 129.44 19.568 0.069169
129.401 19.7931 0.0660002 0.740158 129.44 19.568 0.069169
129.287 19.4995 0.0680679 1.24189 129.44 19.568 0.069169
129.263 19.6914 0.0640002 3.07202 129.44 19.568 0.069169
129.263 19.6914 0.0640002 3.07202 129.44 19.568 0.069169
129.172 19.8469 0.0659316 0.316031 129.44 19.568 0.069169
129.401 19.7931 0.0660002 0.740158 129.44 19.568 0.069169
129.366 19.5339 0.0595778 0.481162 129.44 19.568 0.069169
129.207 19.5733 0.0582613 0.18487 129.44 19.568 0.069169
129.171 19.777 0.0634448 0.864245 129.44 19.568 0.069169
129.384 19.656 0.0602763 1.19678 129.44 19.568 0.069169
129.171 19.777 0.0634448 0.864245 129.44 19.568 0.069169
129.286 19.7215 0.0693594 0.791388 129.44 19.568 0.069169
129.339 19.4302 0.0668155 0.612264 129.44 19.568 0.069169
129.46 19.7158 0.0621261 0.93576 129.44 19.568 0.069169
129.528 19.8235 0.0690044 0.0219905 129.44 19.568 0.069169
129.263 19.6914 0.0640002 3.07202 129.44 19.568 0.069169
129.384 19.656 0.0602763 1.19678 129.44 19.568 0.069169
129.115 19.7431 0.0653887 0.647264 129.44 19.568 0.069169
129.296 19.7408 0.0602099 1.06237 129.44 19.568 0.069169
129.26 19.5044 0.0674868 1.46922 129.44 19.568 0.069169
129.263 19.6914 0.0640002 3.07202 129.44 19.568 0.069169
129.46 19.7158 0.0621261 0.93576 129.44 19.568 0.069169
129.26 19.5044 0.0674868 1.46922 129.44 19.568 0.069169
129.263 19.6914 0.0640002 3.07202 129.44 19.568 0.069169
129.286 19.7215 0.0693594 0.791388 129.44 19.568 0.069169
129.263 19.6914 0.0640002 3.07202 129.44 19.568 0.069169
129.46 19.7158 0.0621261 0.93576 129.44 19.568 0.069169
129.366 19.5339 0.0595778 0.481162 129.44 19.568 0.069169
129.26 19.5044 0.0674868 1.46922 129.44 19.568 0.069169
129.146 19.6314 0.0716814 0.200342 129.44 19.568 0.069169
129.358 19.6606 0.0580501 0.413061 129.44 19.568 0.069169
129.358 19.6606 0.0580501 0.413061 129.44 19.568 0.069169
129.384 19.656 0.0602763 1.19678 129.44 19.568 0.069169
129.263 19.6914 0.0640002 3.07202 129.44 19.568 0.069169
129.384 19.656 0.0602763 1.19678 129.44 19.568 0.069169
129.384 19.656 0.0602763 1.19678 129.44 19.568 0.069169
129.341 19.4391 0.0697057 0.303228 129.44 19.568 0.069169
129.249 19.3335 0.0654 0.102346 129.44 19.568 0.069169
129.286 19.7215 0.0693594 0.791388 129.44 19.568 0.069169
129.59 19.7281 0.0619069 0.0964676 129.44 19.568 0.069169
129.401 19.7931 0.0660002 0.740158 129.44 19.568 0.069169
129.384 19.656 0.0602763 1.19678 129.44 19.568 0.069169
129.249 19.3335 0.0654 0.102346 129.44 19.568 0.069169
129.287 19.4995 0.0680679 1.24189 129.44 19.568 0.069169
129.26 19.5044 0.0674868 1.46922 129.44 19.568 0.069169
129.287 19.4995 0.0680679 1.24189 129.44 19.568 0.069169
129.286 19.7215 0.0693594 0.791388 129.44 19.568 0.069169
129.26 19.5044 0.0674868 1.46922 129.44 19.568 0.069169
129.174 19.7721 0.0590277 0.208432 129.44 19.568 0.069169
129.296 19.7408 0.0602099 1.06237 129.44 19.568 0.069169
129.26 19.5044 0.0674868 1.46922 129.44 19.568 0.069169
129.341 19.4391 0.0697057 0.303228 129.44 19.568 0.069169
129.263 19.6914 0.0640002 3.07202 129.44 19.568 0.069169
129.263 19.6914 0.0640002 3.07202 129.44 19.568 0.069169
129.269 19.3502 0.0659355 0.161364 129.44 19.568 0.069169
129.172 19.8469 0.0659316 0.316031 129.44 19.568 0.069169
129.156 19.6705 0.0711363 0.260717 129.44 19.568 0.069169
129.384 19.656 0.0602763 1.19678 129.44 19.568 0.069169
129.296 19.7408 0.0602099 1.06237 129.44 19.568 0.069169
129.529 19.5659 0.0661526 0.307084 129.44 19.568 0.069169
129.269 19.3502 0.0659355 0.161364 129.44 19.568 0.069169
129.287 19.4995 0.0680679 1.24189 129.44 19.568 0.069169
129.171 19.777 0.0634448 0.864245 129.44 19.568 0.069169
129.263 19.6914 0.0640002 3.07202 129.44 19.568 0.069169
129.055 19.5088 0.0695517 0.128782 129.44 19.568 0.069169
129.263 19.6914 0.0640002 3.07202 129.44 19.568 0.069169
129.287 19.4995 0.0680679 1.24189 129.44 19.568 0.069169
129.263 19.6914 0.0640002 3.07202 129.44 19.568 0.069169
129.348 19.6973 0.0553935 0.0550207 129.44 19.568 0.069169
129.366 19.5339 0.0595778 0.481162 129.44 19.568 0.069169
129.287 19.4995 0.0680679 1.24189 129.44 19.568 0.069169
129.46 19.7158 0.0621261 0.93576 129.44 19.568 0.069169
129.575 19.5812 0.0642909 0.164428 129.44 19.568 0.069169
129.26 19.5044 0.0674868 1.46922 129.44 19.568 0.069169
129.048 19.6897 0.0653656 0.307217 129.44 19.568 0.069169
129.171 19.777 0.0634448 0.864245 129.44 19.568 0.069169
129.366 19.5339 0.0595778 0.481162 129.44 19.568 0.069169
129.296 19.7408 0.0602099 1.06237 129.44 19.568 0.069169
129.286 19.7215 0.0693594 0.791388 129.44 19.568 0.069169
129.263 19.6914 0.0640002 3.07202 129.44 19.568 0.069169
129.536 19.6247 0.067997 0.1696 129.44 19.568 0.069169
129.339 19.4302 0.0668155 0.612264 129.44 19.568 0.069169
129.296 19.7408 0.0602099 1.06237 129.44 19.568 0.069169
129.115 19.7431 0.0653887 0.647264 129.44 19.568 0.069169
129.287 19.4995 0.0680679 1.24189 129.44 19.568 0.069169
129.46 19.7158 0.0621261 0.93576 129.44 19.568 0.069169
129.115 19.7431 0.0653887 0.647264 129.44 19.568 0.069169
129.174 19.7721 0.0590277 0.208432 129.44 19.568 0.069169
129.296 19.7408 0.0602099 1.06237 129.44 19.568 0.069169
129.296 19.7408 0.0602099 1.06237 129.44 19.568 0.069169
129.294 19.7019 0.0703511 0.530531 129.44 19.568 0.069169
129.263 19.6914 0.0640002 3.07202 129.44 19.568 0.069169
129.294 19.7019 0.0703511 0.530531 129.44 19.568 0.069169
129.287 19.4995 0.0680679 1.24189 129.44 19.568 0.069169
129.26 19.5044 0.0674868 1.46922 129.44 19.568 0.069169
129.46 19.7158 0.0621261 0.93576 129.44 19.568 0.069169
129.494 19.6736 0.0596399 0.335634 129.44 19.568 0.069169
129.172 19.8469 0.0659316 0.316031 129.44 19.568 0.069169
129.249 19.3335 0.0654 0.102346 129.44 19.568 0.069169
129.172 19.8469 0.0659316 0.316031 129.44 19.568 0.069169
129.115 19.7431 0.0653887 0.647264 129.44 19.568 0.069169
129.294 19.7019 0.0703511 0.530531 129.44 19.568 0.069169
129.384 19.656 0.0602763 1.19678 129.44 19.568 0.069169
129.296 19.7408 0.0602099 1.06237 129.44 19.568 0.069169
129.171 19.777 0.0634448 0.864245 129.44 19.568 0.069169
129.494 19.6736 0.0596399 0.335634 129.44 19.568 0.069169
129.326 19.4629 0.0756599 0.00536807 129.44 19.568 0.069169
129.401 19.7931 0.0660002 0.740158 129.44 19.568 0.069169
129.523 19.649 0.0602588 0.278753 129.44 19.568 0.069169
129.296 19.7408 0.0602099 1.06237 129.44 19.568 0.069169
129.287 19.4995 0.0680679 1.24189 129.44 19.568 0.069169
129.26 19.5044 0.0674868 1.46922 129.44 19.568 0.069169
129.115 19.7431 0.0653887 0.647264 129.44 19.568 0.069169
129.384 19.656 0.0602763 1.19678 129.44 19.568 0.069169
129.26 19.5044 0.0674868 1.46922 129.44 19.568 0.069169
129.185 19.4102 0.0637899 0.256401 129.44 19.568 0.069169
129.296 19.7408 0.0602099 1.06237 129.44 19.568 0.069169
129.249 19.3335 0.0654 0.102346 129.44 19.568 0.069169
129.341 19.4391 0.0697057 0.303228 129.44 19.568 0.069169
129.26 19.5044 0.0674868 1.46922 129.44 19.568 0.069169
129.296 19.7408 0.0602099 1.06237 129.44 19.568 0.069169
129.348 19.6973 0.0553935 0.0550207 129.44 19.568 0.069169
129.263 19.6914 0.0640002 3.07202 129.44 19.568 0.069169
129.263 19.6914 0.0640002 3.07202 129.44 19.568 0.069169
129.294 19.7019 0.0703511 0.530531 129.44 19.568 0.069169
129.514 19.6398 0.0603022 0.319665 129.44 19.568 0.069169
