22.2474 -88.1128 3.76671 0.0975324 22.143 -88.101 3.765
22.2148 -88.2688 3.76504 0.0469383 22.143 -88.101 3.765
22.2148 -88.2688 3.76504 0.0469383 22.143 -88.101 3.765
22.203 -88.0478 3.7667 0.0578303 22.143 -88.101 3.765
22.5517 -88.2535 3.76963 0.0108867 22.143 -88.101 3.765
22.1813 -88.2126 3.76884 0.0237019 22.143 -88.101 3.765
22.2474 -88.1128 3.76671 0.0975324 22.143 -88.101 3.765
22.203 -88.0478 3.7667 0.0578303 22.143 -88.101 3.765
22.2959 -87.9217 3.76 0.00403249 22.143 -88.101 3.765
22.2474 -88.1128 3.76671 0.0975324 22.143 -88.101 3.765
22.3536 -88.1684 3.76291 0.0312138 22.143 -88.101 3.765
22.4804 -88.3439 3.77089 0.00859671 22.143 -88.101 3.765
22.2148 -88.2688 3.76504 0.0469383 22.143 -88.101 3.765
22.2148 -88.2688 3.76504 0.0469383 22.143 -88.101 3.765
22.1731 -88.1071 3.76656 0.0620424 22.143 -88.101 3.765
22.4087 -88.1291 3.77304 0.0120887 22.143 -88.101 3.765
22.1731 -88.1071 3.76656 0.0620424 22.143 -88.101 3.765
22.3087 -88.061 3.76175 0.029833 22.143 -88.101 3.765
22.2148 -88.2688 3.76504 0.0469383 22.143 -88.101 3.765
22.3371 -88.0589 3.76621 0.0804906 22.143 -88.101 3.765
22.0521 -88.1032 3.76766 0.00597871 22.143 -88.101 3.765
22.203 -88.0478 3.7667 0.0578303 22.143 -88.101 3.765
22.1731 -88.1071 3.76656 0.0620424 22.143 -88.101 3.765
22.3371 -88.0589 3.76621 0.0804906 22.143 -88.101 3.765
22.203 -88.0478 3.7667 0.0578303 22.143 -88.101 3.765
22.3371 -88.0589 3.76621 0.0804906 22.143 -88.101 3.765
22.1496 -88.0724 3.76038 0.0373699 22.143 -88.101 3.765
22.3371 -88.0589 3.76621 0.0804906 22.143 -88.101 3.765
22.203 -88.0478 3.7667 0.0578303 22.143 -88.101 3.765
22.4782 -88.2555 3.77125 0.0202298 22.143 -88.101 3.765
22.4087 -88.1291 3.77304 0.0120887 22.143 -88.101 3.765
22.2474 -88.1128 3.76671 0.0975324 22.143 -88.101 3.765
22.3371 -88.0589 3.76621 0.0804906 22.143 -88.101 3.765
22.2474 -88.1128 3.76671 0.0975324 22.143 -88.101 3.765
22.1731 -88.1071 3.76656 0.0620424 22.143 -88.101 3.765
22.3371 -88.0589 3.76621 0.0804906 22.143 -88.101 3.765
22.1496 -88.0724 3.76038 0.0373699 22.143 -88.101 3.765
22.1731 -88.1071 3.76656 0.0620424 22.143 -88.101 3.765
22.1731 -88.1071 3.76656 0.0620424 22.143 -88.101 3.765
22.3371 -88.0589 3.76621 0.0804906 22.143 -88.101 3.765
22.2474 -88.1128 3.76671 0.0975324 22.143 -88.101 3.765
22.2474 -88.1128 3.76671 0.0975324 22.143 -88.101 3.765
22.1731 -88.1071 3.76656 0.0620424 22.143 -88.101 3.765
22.203 -88.0478 3.7667 0.0578303 22.143 -88.101 3.765
22.4782 -88.2555 3.77125 0.0202298 22.143 -88.101 3.765
22.5517 -88.2535 3.76963 0.0108867 22.143 -88.101 3.765
22.2148 -88.2688 3.76504 0.0469383 22.143 -88.101 3.765
22.101 -88.0881 3.76756 0.0149617 22.143 -88.101 3.765
22.4269 -87.8967 3.76522 0.00483266 22.143 -88.101 3.765
22.101 -88.0881 3.76756 0.0149617 22.143 -88.101 3.765
22.2148 -88.2688 3.76504 0.0469383 22.143 -88.101 3.765
22.1813 -88.2126 3.76884 0.0237019 22.143 -88.101 3.765
22.4087 -88.1291 3.77304 0.0120887 22.143 -88.101 3.765
22.3371 -88.0589 3.76621 0.0804906 22.143 -88.101 3.765
22.3371 -88.0589 3.76621 0.0804906 22.143 -88.101 3.765
22.203 -88.0478 3.7667 0.0578303 22.143 -88.101 3.765
22.203 -88.0478 3.7667 0.0578303 22.143 -88.101 3.765
22.3371 -88.0589 3.76621 0.0804906 22.143 -88.101 3.765
22.1731 -88.1071 3.76656 0.0620424 22.143 -88.101 3.765
22.3371 -88.0589 3.76621 0.0804906 22.143 -88.101 3.765
22.4383 -87.9591 3.7697 0.0106848 22.143 -88.101 3.765
22.4383 -87.9591 3.7697 0.0106848 22.143 -88.101 3.765
22.3536 -88.1684 3.76291 0.0312138 22.143 -88.101 3.765
22.4782 -88.2555 3.77125 0.0202298 22.143 -88.101 3.765
22.3087 -88.061 3.76175 0.029833 22.143 -88.101 3.765
22.203 -88.0478 3.7667 0.0578303 22.143 -88.101 3.765
22.1496 -88.0724 3.76038 0.0373699 22.143 -88.101 3.765
22.3371 -88.0589 3.76621 0.0804906 22.143 -88.101 3.765
22.2959 -87.9217 3.76 0.00403249 22.143 -88.101 3.765
22.1731 -88.1071 3.76656 0.0620424 22.143 -88.101 3.765
22.1731 -88.1071 3.76656 0.0620424 22.143 -88.101 3.765
22.2148 -88.2688 3.76504 0.0469383 22.143 -88.101 3.765
22.1731 -88.1071 3.76656 0.0620424 22.143 -88.101 3.765
22.3087 -88.061 3.76175 0.029833 22.143 -88.101 3.765
22.1496 -88.0724 3.76038 0.0373699 22.143 -88.101 3.765
22.203 -88.0478 3.7667 0.0578303 22.143 -88.101 3.765
22.3536 -88.1684 3.76291 0.0312138 22.143 -88.101 3.765
22.4782 -88.2555 3.77125 0.0202298 22.143 -88.101 3.765
22.3273 -88.0138 3.75914 0.00318406 22.143 -88.101 3.765
22.3371 -88.0589 3.76621 0.0804906 22.143 -88.101 3.765
22.2148 -88.2688 3.76504 0.0469383 22.143 -88.101 3.765
22.4782 -88.2555 3.77125 0.0202298 22.143 -88.101 3.765
22.3371 -88.0589 3.76621 0.0804906 22.143 -88.101 3.765
22.1731 -88.1071 3.76656 0.0620424 22.143 -88.101 3.765
22.1731 -88.1071 3.76656 0.0620424 22.143 -88.101 3.765
21.8919 -88.1154 3.76303 0.00176198 22.143 -88.101 3.765
22.1496 -88.0724 3.76038 0.0373699 22.143 -88.101 3.765
22.3371 -88.0589 3.76621 0.0804906 22.143 -88.101 3.765
22.0588 -88.3196 3.76372 0.00670214 22.143 -88.101 3.765
22.0303 -88.1201 3.75904 0.0147028 22.143 -88.101 3.765
22.3536 -88.1684 3.76291 0.0312138 22.143 -88.101 3.765
22.1731 -88.1071 3.76656 0.0620424 22.143 -88.101 3.765
22.3371 -88.0589 3.76621 0.0804906 22.143 -88.101 3.765
22.2474 -88.1128 3.76671 0.0975324 22.143 -88.101 3.765
22.3536 -88.1684 3.76291 0.0312138 22.143 -88.101 3.765
22.2474 -88.1128 3.76671 0.0975324 22.143 -88.101 3.765
22.2474 -88.1128 3.76671 0.0975324 22.143 -88.101 3.765
22.1731 -88.1071 3.76656 0.0620424 22.143 -88.101 3.765
22.2474 -88.1128 3.76671 0.0975324 22.143 -88.101 3.765
22.3371 -88.0589 3.76621 0.0804906 22.143 -88.101 3.765
22.4383 -87.9591 3.7697 0.0106848 22.143 -88.101 3.765
22.2148 -88.2688 3.76504 0.0469383 22.143 -88.101 3.765
22.2148 -88.2688 3.76504 0.0469383 22.143 -88.101 3.765
22.4804 -88.3439 3.77089 0.00859671 22.143 -88.101 3.765
22.3536 -88.1684 3.76291 0.0312138 22.143 -88.101 3.765
22.1813 -88.2126 3.76884 0.0237019 22.143 -88.101 3.765
22.0588 -88.3196 3.76372 0.00670214 22.143 -88.101 3.765
22.203 -88.0478 3.7667 0.0578303 22.143 -88.101 3.765
22.1496 -88.0724 3.76038 0.0373699 22.143 -88.101 3.765
22.1731 -88.1071 3.76656 0.0620424 22.143 -88.101 3.765
22.4782 -88.2555 3.77125 0.0202298 22.143 -88.101 3.765
22.2474 -88.1128 3.76671 0.0975324 22.143 -88.101 3.765
22.0521 -88.1032 3.76766 0.00597871 22.143 -88.101 3.765
22.3536 -88.1684 3.76291 0.0312138 22.143 -88.101 3.765
22.2474 -88.1128 3.76671 0.0975324 22.143 -88.101 3.765
22.3935 -88.02 3.77486 0.000982339 22.143 -88.101 3.765
21.9257 -88.1792 3.76824 0.000144048 22.143 -88.101 3.765
22.1731 -88.1071 3.76656 0.0620424 22.143 -88.101 3.765
22.2474 -88.1128 3.76671 0.0975324 22.143 -88.101 3.765
22.4383 -87.9591 3.7697 0.0106848 22.143 -88.101 3.765
22.2474 -88.1128 3.76671 0.0975324 22.143 -88.101 3.765
22.1496 -88.0724 3.76038 0.0373699 22.143 -88.101 3.765
22.101 -88.0881 3.76756 0.0149617 22.143 -88.101 3.765
22.3371 -88.0589 3.76621 0.0804906 22.143 -88.101 3.765
22.5517 -88.2535 3.76963 0.0108867 22.143 -88.101 3.765
22.203 -88.0478 3.7667 0.0578303 22.143 -88.101 3.765
22.2474 -88.1128 3.76671 0.0975324 22.143 -88.101 3.765
22.3371 -88.0589 3.76621 0.0804906 22.143 -88.101 3.765
22.1496 -88.0724 3.76038 0.0373699 22.143 -88.101 3.765
22.2474 -88.1128 3.76671 0.0975324 22.143 -88.101 3.765
22.2474 -88.1128 3.76671 0.0975324 22.143 -88.101 3.765
22.1731 -88.1071 3.76656 0.0620424 22.143 -88.101 3.765
22.3536 -88.1684 3.76291 0.0312138 22.143 -88.101 3.765
22.1496 -88.0724 3.76038 0.0373699 22.143 -88.101 3.765
22.2474 -88.1128 3.76671 0.0975324 22.143 -88.101 3.765
22.4782 -88.2555 3.77125 0.0202298 22.143 -88.101 3.765
22.2474 -88.1128 3.76671 0.0975324 22.143 -88.101 3.765
22.2474 -88.1128 3.76671 0.0975324 22.143 -88.101 3.765
22.1731 -88.1071 3.76656 0.0620424 22.143 -88.101 3.765
22.1813 -88.2126 3.76884 0.0237019 22.143 -88.101 3.765
22.4087 -88.1291 3.77304 0.0120887 22.143 -88.101 3.765
22.1496 -88.0724 3.76038 0.0373699 22.143 -88.101 3.765
22.1496 -88.0724 3.76038 0.0373699 22.143 -88.101 3.765
22.2474 -88.1128 3.76671 0.0975324 22.143 -88.101 3.765
22.2474 -88.1128 3.76671 0.0975324 22.143 -88.101 3.765
22.2474 -88.1128 3.76671 0.0975324 22.143 -88.101 3.765
22.3371 -88.0589 3.76621 0.0804906 22.143 -88.101 3.765
22.3371 -88.0589 3.76621 0.0804906 22.143 -88.101 3.765
22.1731 -88.1071 3.76656 0.0620424 22.143 -88.101 3.765
22.203 -88.0478 3.7667 0.0578303 22.143 -88.101 3.765
22.2474 -88.1128 3.76671 0.0975324 22.143 -88.101 3.765
22.2474 -88.1128 3.76671 0.0975324 22.143 -88.101 3.765
22.1813 -88.2126 3.76884 0.0237019 22.143 -88.101 3.765
22.1731 -88.1071 3.76656 0.0620424 22.143 -88.101 3.765
22.1611 -87.833 3.76891 0.000381895 22.143 -88.101 3.765
22.3087 -88.061 3.76175 0.029833 22.143 -88.101 3.765
22.5517 -88.2535 3.76963 0.0108867 22.143 -88.101 3.765
22.1731 -88.1071 3.76656 0.0620424 22.143 -88.101 3.765
22.2474 -88.1128 3.76671 0.0975324 22.143 -88.101 3.765
22.3371 -88.0589 3.76621 0.0804906 22.143 -88.101 3.765
22.3273 -88.0138 3.75914 0.00318406 22.143 -88.101 3.765
22.203 -88.0478 3.7667 0.0578303 22.143 -88.101 3.765
22.3371 -88.0589 3.76621 0.0804906 22.143 -88.101 3.765
22.2474 -88.1128 3.76671 0.0975324 22.143 -88.101 3.765
22.4087 -88.1291 3.77304 0.0120887 22.143 -88.101 3.765
22.1496 -88.0724 3.76038 0.0373699 22.143 -88.101 3.765
22.2474 -88.1128 3.76671 0.0975324 22.143 -88.101 3.765
22.2474 -88.1128 3.76671 0.0975324 22.143 -88.101 3.765
22.203 -88.0478 3.7667 0.0578303 22.143 -88.101 3.765
22.2426 -88.4409 3.7658 0.00257871 22.143 -88.101 3.765
22.2474 -88.1128 3.76671 0.0975324 22.143 -88.101 3.765
22.1731 -88.1071 3.76656 0.0620424 22.143 -88.101 3.765
22.203 -88.0478 3.7667 0.0578303 22.143 -88.101 3.765
22.1813 -88.2126 3.76884 0.0237019 22.143 -88.101 3.765
22.1496 -88.0724 3.76038 0.0373699 22.143 -88.101 3.765
22.101 -88.0881 3.76756 0.0149617 22.143 -88.101 3.765
22.3371 -88.0589 3.76621 0.0804906 22.143 -88.101 3.765
22.2148 -88.2688 3.76504 0.0469383 22.143 -88.101 3.765
22.1731 -88.1071 3.76656 0.0620424 22.143 -88.101 3.765
22.4383 -87.9591 3.7697 0.0106848 22.143 -88.101 3.765
22.1496 -88.0724 3.76038 0.0373699 22.143 -88.101 3.765
22.203 -88.0478 3.7667 0.0578303 22.143 -88.101 3.765
22.2474 -88.1128 3.76671 0.0975324 22.143 -88.101 3.765
22.2148 -88.2688 3.76504 0.0469383 22.143 -88.101 3.765
22.1496 -88.0724 3.76038 0.0373699 22.143 -88.101 3.765
22.5517 -88.2535 3.76963 0.0108867 22.143 -88.101 3.765
22.2474 -88.1128 3.76671 0.0975324 22.143 -88.101 3.765
22.4782 -88.2555 3.77125 0.0202298 22.143 -88.101 3.765
22.3371 -88.0589 3.76621 0.0804906 22.143 -88.101 3.765
22.2148 -88.2688 3.76504 0.0469383 22.143 -88.101 3.765
22.203 -88.0478 3.7667 0.0578303 22.143 -88.101 3.765
22.203 -88.0478 3.7667 0.0578303 22.143 -88.101 3.765
22.2474 -88.1128 3.76671 0.0975324 22.143 -88.101 3.765
22.3371 -88.0589 3.76621 0.0804906 22.143 -88.101 3.765
22.2474 -88.1128 3.76671 0.0975324 22.143 -88.101 3.765
22.1731 -88.1071 3.76656 0.0620424 22.143 -88.101 3.765
22.203 -88.0478 3.7667 0.0578303 22.143 -88.101 3.765
22.3087 -88.061 3.76175 0.029833 22.143 -88.101 3.765
22.0303 -88.1201 3.75904 0.0147028 22.143 -88.101 3.765
22.203 -88.0478 3.7667 0.0578303 22.143 -88.101 3.765
