44.5211 -67.0929 3.94369 0.00236564 44.624 -67.261 3.9417
44.5476 -67.1379 3.94399 0.00414831 44.624 -67.261 3.9417
44.5211 -67.0929 3.94369 0.00236564 44.624 -67.261 3.9417
44.7246 -67.2437 3.94218 0.00198589 44.624 -67.261 3.9417
44.7278 -67.2487 3.9446 0.00180594 44.624 -67.261 3.9417
44.5163 -67.2455 3.93893 0.00867896 44.624 -67.261 3.9417
44.5163 -67.2455 3.93893 0.00867896 44.624 -67.261 3.9417
44.5476 -67.1379 3.94399 0.00414831 44.624 -67.261 3.9417
44.5163 -67.2455 3.93893 0.00867896 44.624 -67.261 3.9417
44.5211 -67.0929 3.94369 0.00236564 44.624 -67.261 3.9417
44.4779 -67.084 3.93943 0.00205015 44.624 -67.261 3.9417
44.5163 -67.2455 3.93893 0.00867896 44.624 -67.261 3.9417
44.8003 -67.2553 3.93794 8.12553e-05 44.624 -67.261 3.9417
44.5163 -67.2455 3.93893 0.00867896 44.624 -67.261 3.9417
44.7815 -67.3599 3.9391 0.00014311 44.624 -67.261 3.9417
44.4107 -67.1477 3.9408 0.00286952 44.624 -67.261 3.9417
44.3832 -67.4106 3.94145 0.000731851 44.624 -67.261 3.9417
44.5163 -67.2455 3.93893 0.00867896 44.624 -67.261 3.9417
44.5163 -67.2455 3.93893 0.00867896 44.624 -67.261 3.9417
44.376 -67.2214 3.93158 0.000268469 44.624 -67.261 3.9417
44.5163 -67.2455 3.93893 0.00867896 44.624 -67.261 3.9417
44.7278 -67.2487 3.9446 0.00180594 44.624 -67.261 3.9417
44.5211 -67.0929 3.94369 0.00236564 44.624 -67.261 3.9417
44.7399 -67.1673 3.94587 0.00102569 44.624 -67.261 3.9417
44.7121 -66.9144 3.94333 1.36021e-05 44.624 -67.261 3.9417
44.7246 -67.2437 3.94218 0.00198589 44.624 -67.261 3.9417
44.5476 -67.1379 3.94399 0.00414831 44.624 -67.261 3.9417
44.5476 -67.1379 3.94399 0.00414831 44.624 -67.261 3.9417
44.5301 -67.0013 3.94425 0.000389004 44.624 -67.261 3.9417
44.5211 -67.0929 3.94369 0.00236564 44.624 -67.261 3.9417
44.4107 -67.1477 3.9408 0.00286952 44.624 -67.261 3.9417
44.4779 -67.084 3.93943 0.00205015 44.624 -67.261 3.9417
44.5163 -67.2455 3.93893 0.00867896 44.624 -67.261 3.9417
44.4779 -67.084 3.93943 0.00205015 44.624 -67.261 3.9417
44.5211 -67.0929 3.94369 0.00236564 44.624 -67.261 3.9417
44.7983 -67.3161 3.94586 0.000293453 44.624 -67.261 3.9417
44.5937 -67.0585 3.93678 0.000367526 44.624 -67.261 3.9417
44.5163 -67.2455 3.93893 0.00867896 44.624 -67.261 3.9417
44.4779 -67.084 3.93943 0.00205015 44.624 -67.261 3.9417
44.5476 -67.1379 3.94399 0.00414831 44.624 -67.261 3.9417
44.3832 -67.4106 3.94145 0.000731851 44.624 -67.261 3.9417
44.5301 -67.0013 3.94425 0.000389004 44.624 -67.261 3.9417
44.5163 -67.2455 3.93893 0.00867896 44.624 -67.261 3.9417
44.5163 -67.2455 3.93893 0.00867896 44.624 -67.261 3.9417
44.4107 -67.1477 3.9408 0.00286952 44.624 -67.261 3.9417
44.5163 -67.2455 3.93893 0.00867896 44.624 -67.261 3.9417
44.4779 -67.084 3.93943 0.00205015 44.624 -67.261 3.9417
44.5163 -67.2455 3.93893 0.00867896 44.624 -67.261 3.9417
44.5163 -67.2455 3.93893 0.00867896 44.624 -67.261 3.9417
44.5476 -67.1379 3.94399 0.00414831 44.624 -67.261 3.9417
44.4107 -67.1477 3.9408 0.00286952 44.624 -67.261 3.9417
44.5163 -67.2455 3.93893 0.00867896 44.624 -67.261 3.9417
44.6585 -67.492 3.946 8.55733e-05 44.624 -67.261 3.9417
44.5211 -67.0929 3.94369 0.00236564 44.624 -67.261 3.9417
44.7246 -67.2437 3.94218 0.00198589 44.624 -67.261 3.9417
44.7243 -67.2828 3.94853 0.000477608 44.624 -67.261 3.9417
44.5211 -67.0929 3.94369 0.00236564 44.624 -67.261 3.9417
44.5163 -67.2455 3.93893 0.00867896 44.624 -67.261 3.9417
44.7399 -67.1673 3.94587 0.00102569 44.624 -67.261 3.9417
44.5476 -67.1379 3.94399 0.00414831 44.624 -67.261 3.9417
44.5211 -67.0929 3.94369 0.00236564 44.624 -67.261 3.9417
44.5476 -67.1379 3.94399 0.00414831 44.624 -67.261 3.9417
44.5476 -67.1379 3.94399 0.00414831 44.624 -67.261 3.9417
44.4107 -67.1477 3.9408 0.00286952 44.624 -67.261 3.9417
44.4107 -67.1477 3.9408 0.00286952 44.624 -67.261 3.9417
44.7399 -67.1673 3.94587 0.00102569 44.624 -67.261 3.9417
44.3832 -67.4106 3.94145 0.000731851 44.624 -67.261 3.9417
44.4107 -67.1477 3.9408 0.00286952 44.624 -67.261 3.9417
44.5163 -67.2455 3.93893 0.00867896 44.624 -67.261 3.9417
44.5211 -67.0929 3.94369 0.00236564 44.624 -67.261 3.9417
44.7037 -67.2493 3.93421 8.85626e-05 44.624 -67.261 3.9417
44.4107 -67.1477 3.9408 0.00286952 44.624 -67.261 3.9417
44.4003 -67.104 3.93628 0.000876302 44.624 -67.261 3.9417
44.7869 -67.1127 3.94324 0.00028187 44.624 -67.261 3.9417
44.5163 -67.2455 3.93893 0.00867896 44.624 -67.261 3.9417
44.5211 -67.0929 3.94369 0.00236564 44.624 -67.261 3.9417
44.4003 -67.104 3.93628 0.000876302 44.624 -67.261 3.9417
44.5163 -67.2455 3.93893 0.00867896 44.624 -67.261 3.9417
44.7983 -67.3161 3.94586 0.000293453 44.624 -67.261 3.9417
44.4107 -67.1477 3.9408 0.00286952 44.624 -67.261 3.9417
44.7278 -67.2487 3.9446 0.00180594 44.624 -67.261 3.9417
44.7246 -67.2437 3.94218 0.00198589 44.624 -67.261 3.9417
44.7278 -67.2487 3.9446 0.00180594 44.624 -67.261 3.9417
44.5211 -67.0929 3.94369 0.00236564 44.624 -67.261 3.9417
44.4779 -67.084 3.93943 0.00205015 44.624 -67.261 3.9417
44.7278 -67.2487 3.9446 0.00180594 44.624 -67.261 3.9417
44.7817 -67.186 3.94253 0.00055755 44.624 -67.261 3.9417
44.5163 -67.2455 3.93893 0.00867896 44.624 -67.261 3.9417
44.4107 -67.1477 3.9408 0.00286952 44.624 -67.261 3.9417
44.7869 -67.1127 3.94324 0.00028187 44.624 -67.261 3.9417
44.7643 -67.2155 3.93932 0.000394447 44.624 -67.261 3.9417
44.5476 -67.1379 3.94399 0.00414831 44.624 -67.261 3.9417
44.5211 -67.0929 3.94369 0.00236564 44.624 -67.261 3.9417
44.5476 -67.1379 3.94399 0.00414831 44.624 -67.261 3.9417
44.5163 -67.2455 3.93893 0.00867896 44.624 -67.261 3.9417
44.5163 -67.2455 3.93893 0.00867896 44.624 -67.261 3.9417
44.5476 -67.1379 3.94399 0.00414831 44.624 -67.261 3.9417
44.7489 -67.2743 3.94979 0.000194001 44.624 -67.261 3.9417
44.5476 -67.1379 3.94399 0.00414831 44.624 -67.261 3.9417
44.7817 -67.186 3.94253 0.00055755 44.624 -67.261 3.9417
44.4003 -67.104 3.93628 0.000876302 44.624 -67.261 3.9417
44.4779 -67.084 3.93943 0.00205015 44.624 -67.261 3.9417
44.7246 -67.2437 3.94218 0.00198589 44.624 -67.261 3.9417
44.7278 -67.2487 3.9446 0.00180594 44.624 -67.261 3.9417
44.7246 -67.2437 3.94218 0.00198589 44.624 -67.261 3.9417
44.7278 -67.2487 3.9446 0.00180594 44.624 -67.261 3.9417
44.4779 -67.084 3.93943 0.00205015 44.624 -67.261 3.9417
44.7815 -67.3599 3.9391 0.00014311 44.624 -67.261 3.9417
44.7278 -67.2487 3.9446 0.00180594 44.624 -67.261 3.9417
44.4107 -67.1477 3.9408 0.00286952 44.624 -67.261 3.9417
44.5476 -67.1379 3.94399 0.00414831 44.624 -67.261 3.9417
44.7643 -67.2155 3.93932 0.000394447 44.624 -67.261 3.9417
44.5163 -67.2455 3.93893 0.00867896 44.624 -67.261 3.9417
44.4107 -67.1477 3.9408 0.00286952 44.624 -67.261 3.9417
44.4107 -67.1477 3.9408 0.00286952 44.624 -67.261 3.9417
44.5163 -67.2455 3.93893 0.00867896 44.624 -67.261 3.9417
44.7243 -67.2828 3.94853 0.000477608 44.624 -67.261 3.9417
44.4003 -67.104 3.93628 0.000876302 44.624 -67.261 3.9417
44.5163 -67.2455 3.93893 0.00867896 44.624 -67.261 3.9417
44.5476 -67.1379 3.94399 0.00414831 44.624 -67.261 3.9417
44.5163 -67.2455 3.93893 0.00867896 44.624 -67.261 3.9417
44.7246 -67.2437 3.94218 0.00198589 44.624 -67.261 3.9417
44.4003 -67.104 3.93628 0.000876302 44.624 -67.261 3.9417
44.4107 -67.1477 3.9408 0.00286952 44.624 -67.261 3.9417
44.4107 -67.1477 3.9408 0.00286952 44.624 -67.261 3.9417
44.3832 -67.4106 3.94145 0.000731851 44.624 -67.261 3.9417
44.7817 -67.186 3.94253 0.00055755 44.624 -67.261 3.9417
44.5163 -67.2455 3.93893 0.00867896 44.624 -67.261 3.9417
44.5476 -67.1379 3.94399 0.00414831 44.624 -67.261 3.9417
44.7246 -67.2437 3.94218 0.00198589 44.624 -67.261 3.9417
44.7246 -67.2437 3.94218 0.00198589 44.624 -67.261 3.9417
44.4779 -67.084 3.93943 0.00205015 44.624 -67.261 3.9417
44.4107 -67.1477 3.9408 0.00286952 44.624 -67.261 3.9417
44.6385 -67.4025 3.94589 0.000718505 44.624 -67.261 3.9417
44.7399 -67.1673 3.94587 0.00102569 44.624 -67.261 3.9417
44.7246 -67.2437 3.94218 0.00198589 44.624 -67.261 3.9417
44.5163 -67.2455 3.93893 0.00867896 44.624 -67.261 3.9417
44.5476 -67.1379 3.94399 0.00414831 44.624 -67.261 3.9417
44.5476 -67.1379 3.94399 0.00414831 44.624 -67.261 3.9417
44.5163 -67.2455 3.93893 0.00867896 44.624 -67.261 3.9417
44.7246 -67.2437 3.94218 0.00198589 44.624 -67.261 3.9417
44.7278 -67.2487 3.9446 0.00180594 44.624 -67.261 3.9417
44.5476 -67.1379 3.94399 0.00414831 44.624 -67.261 3.9417
44.7952 -67.1475 3.94904 0.000142709 44.624 -67.261 3.9417
44.5301 -67.0013 3.94425 0.000389004 44.624 -67.261 3.9417
44.4107 -67.1477 3.9408 0.00286952 44.624 -67.261 3.9417
44.7817 -67.186 3.94253 0.00055755 44.624 -67.261 3.9417
44.5163 -67.2455 3.93893 0.00867896 44.624 -67.261 3.9417
44.7246 -67.2437 3.94218 0.00198589 44.624 -67.261 3.9417
44.4779 -67.084 3.93943 0.00205015 44.624 -67.261 3.9417
44.5476 -67.1379 3.94399 0.00414831 44.624 -67.261 3.9417
44.5163 -67.2455 3.93893 0.00867896 44.624 -67.261 3.9417
44.7278 -67.2487 3.9446 0.00180594 44.624 -67.261 3.9417
44.4779 -67.084 3.93943 0.00205015 44.624 -67.261 3.9417
44.5163 -67.2455 3.93893 0.00867896 44.624 -67.261 3.9417
44.4107 -67.1477 3.9408 0.00286952 44.624 -67.261 3.9417
44.5163 -67.2455 3.93893 0.00867896 44.624 -67.261 3.9417
44.5163 -67.2455 3.93893 0.00867896 44.624 -67.261 3.9417
44.7869 -67.1127 3.94324 0.00028187 44.624 -67.261 3.9417
44.4003 -67.104 3.93628 0.000876302 44.624 -67.261 3.9417
44.5163 -67.2455 3.93893 0.00867896 44.624 -67.261 3.9417
44.5163 -67.2455 3.93893 0.00867896 44.624 -67.261 3.9417
44.7278 -67.2487 3.9446 0.00180594 44.624 -67.261 3.9417
44.5476 -67.1379 3.94399 0.00414831 44.624 -67.261 3.9417
44.5163 -67.2455 3.93893 0.00867896 44.624 -67.261 3.9417
44.7278 -67.2487 3.9446 0.00180594 44.624 -67.261 3.9417
44.7246 -67.2437 3.94218 0.00198589 44.624 -67.261 3.9417
44.7278 -67.2487 3.9446 0.00180594 44.624 -67.261 3.9417
44.5163 -67.2455 3.93893 0.00867896 44.624 -67.261 3.9417
44.5163 -67.2455 3.93893 0.00867896 44.624 -67.261 3.9417
44.5476 -67.1379 3.94399 0.00414831 44.624 -67.261 3.9417
44.5476 -67.1379 3.94399 0.00414831 44.624 -67.261 3.9417
44.5476 -67.1379 3.94399 0.00414831 44.624 -67.261 3.9417
44.376 -67.2214 3.93158 0.000268469 44.624 -67.261 3.9417
44.4779 -67.084 3.93943 0.00205015 44.624 -67.261 3.9417
44.5301 -67.0013 3.94425 0.000389004 44.624 -67.261 3.9417
44.5211 -67.0929 3.94369 0.00236564 44.624 -67.261 3.9417
44.5163 -67.2455 3.93893 0.00867896 44.624 -67.261 3.9417
44.5476 -67.1379 3.94399 0.00414831 44.624 -67.261 3.9417
44.5476 -67.1379 3.94399 0.00414831 44.624 -67.261 3.9417
44.7399 -67.1673 3.94587 0.00102569 44.624 -67.261 3.9417
44.7983 -67.3161 3.94586 0.000293453 44.624 -67.261 3.9417
44.4003 -67.104 3.93628 0.000876302 44.624 -67.261 3.9417
44.4107 -67.1477 3.9408 0.00286952 44.624 -67.261 3.9417
44.5163 -67.2455 3.93893 0.00867896 44.624 -67.261 3.9417
44.7278 -67.2487 3.9446 0.00180594 44.624 -67.261 3.9417
44.5163 -67.2455 3.93893 0.00867896 44.624 -67.261 3.9417
44.7399 -67.1673 3.94587 0.00102569 44.624 -67.261 3.9417
44.5163 -67.2455 3.93893 0.00867896 44.624 -67.261 3.9417
44.7246 -67.2437 3.94218 0.00198589 44.624 -67.261 3.9417
44.5163 -67.2455 3.93893 0.00867896 44.624 -67.261 3.9417
44.7643 -67.2155 3.93932 0.000394447 44.624 -67.261 3.9417
44.3832 -67.4106 3.94145 0.000731851 44.624 -67.261 3.9417
44.7643 -67.2155 3.93932 0.000394447 44.624 -67.261 3.9417
44.7643 -67.2155 3.93932 0.000394447 44.624 -67.261 3.9417
44.5163 -67.2455 3.93893 0.00867896 44.624 -67.261 3.9417
44.5163 -67.2455 3.93893 0.00867896 44.624 -67.261 3.9417
44.5211 -67.0929 3.94369 0.00236564 44.624 -67.261 3.9417
44.7246 -67.2437 3.94218 0.00198589 44.624 -67.261 3.9417
44.5163 -67.2455 3.93893 0.00867896 44.624 -67.261 3.9417
