169.293 23.4446 0.0773598 0.101582 169.29 23.34 0.078758
169.389 23.524 0.079933 0.0308858 169.29 23.34 0.078758
169.293 23.4446 0.0773598 0.101582 169.29 23.34 0.078758
169.254 23.5782 0.0777409 0.109539 169.29 23.34 0.078758
169.456 23.4427 0.0739605 0.034214 169.29 23.34 0.078758
169.254 23.5782 0.0777409 0.109539 169.29 23.34 0.078758
169.314 23.2871 0.0786341 0.00813565 169.29 23.34 0.078758
169.133 23.4898 0.0831619 0.0133096 169.29 23.34 0.078758
169.293 23.4446 0.0773598 0.101582 169.29 23.34 0.078758
169.254 23.5782 0.0777409 0.109539 169.29 23.34 0.078758
169.449 23.4441 0.074536 0.0380683 169.29 23.34 0.078758
169.176 23.2147 0.0762982 0.00143741 169.29 23.34 0.078758
169.54 23.4861 0.07467 0.00954583 169.29 23.34 0.078758
169.1 23.5006 0.0838138 0.00748863 169.29 23.34 0.078758
169.254 23.5782 0.0777409 0.109539 169.29 23.34 0.078758
169.254 23.5782 0.0777409 0.109539 169.29 23.34 0.078758
169.456 23.4427 0.0739605 0.034214 169.29 23.34 0.078758
169.314 23.2871 0.0786341 0.00813565 169.29 23.34 0.078758
169.389 23.524 0.079933 0.0308858 169.29 23.34 0.078758
169.293 23.4446 0.0773598 0.101582 169.29 23.34 0.078758
169.254 23.5782 0.0777409 0.109539 169.29 23.34 0.078758
169.293 23.4446 0.0773598 0.101582 169.29 23.34 0.078758
169.254 23.5782 0.0777409 0.109539 169.29 23.34 0.078758
169.456 23.4427 0.0739605 0.034214 169.29 23.34 0.078758
169.54 23.4861 0.07467 0.00954583 169.29 23.34 0.078758
169.188 23.7154 0.0713134 0.00230924 169.29 23.34 0.078758
169.449 23.4441 0.074536 0.0380683 169.29 23.34 0.078758
169.265 23.7013 0.0720074 0.00926328 169.29 23.34 0.078758
169.293 23.4446 0.0773598 0.101582 169.29 23.34 0.078758
169.121 23.5563 0.0791471 0.0443881 169.29 23.34 0.078758
169.449 23.4441 0.074536 0.0380683 169.29 23.34 0.078758
169.254 23.5782 0.0777409 0.109539 169.29 23.34 0.078758
169.121 23.5563 0.0791471 0.0443881 169.29 23.34 0.078758
169.293 23.4446 0.0773598 0.101582 169.29 23.34 0.078758
169.293 23.4446 0.0773598 0.101582 169.29 23.34 0.078758
169.293 23.4446 0.0773598 0.101582 169.29 23.34 0.078758
169.121 23.5563 0.0791471 0.0443881 169.29 23.34 0.078758
169.2 23.2472 0.0750625 0.00362426 169.29 23.34 0.078758
169.389 23.524 0.079933 0.0308858 169.29 23.34 0.078758
169.465 23.3298 0.0712322 0.00579254 169.29 23.34 0.078758
169.293 23.4446 0.0773598 0.101582 169.29 23.34 0.078758
169.293 23.4446 0.0773598 0.101582 169.29 23.34 0.078758
169.121 23.5563 0.0791471 0.0443881 169.29 23.34 0.078758
169.23 23.689 0.0797339 0.025545 169.29 23.34 0.078758
169.293 23.4446 0.0773598 0.101582 169.29 23.34 0.078758
169.356 23.5074 0.0676705 0.00511608 169.29 23.34 0.078758
169.389 23.524 0.079933 0.0308858 169.29 23.34 0.078758
169.254 23.5782 0.0777409 0.109539 169.29 23.34 0.078758
169.456 23.4427 0.0739605 0.034214 169.29 23.34 0.078758
169.293 23.4446 0.0773598 0.101582 169.29 23.34 0.078758
169.54 23.4861 0.07467 0.00954583 169.29 23.34 0.078758
169.293 23.4446 0.0773598 0.101582 169.29 23.34 0.078758
169.271 23.2532 0.0797785 0.00297582 169.29 23.34 0.078758
169.254 23.5782 0.0777409 0.109539 169.29 23.34 0.078758
169.449 23.4441 0.074536 0.0380683 169.29 23.34 0.078758
169.254 23.5782 0.0777409 0.109539 169.29 23.34 0.078758
169.254 23.5782 0.0777409 0.109539 169.29 23.34 0.078758
169.449 23.4441 0.074536 0.0380683 169.29 23.34 0.078758
169.293 23.4446 0.0773598 0.101582 169.29 23.34 0.078758
169.121 23.5563 0.0791471 0.0443881 169.29 23.34 0.078758
169.254 23.5782 0.0777409 0.109539 169.29 23.34 0.078758
169.293 23.4446 0.0773598 0.101582 169.29 23.34 0.078758
169.254 23.5782 0.0777409 0.109539 169.29 23.34 0.078758
169.293 23.4446 0.0773598 0.101582 169.29 23.34 0.078758
169.293 23.4446 0.0773598 0.101582 169.29 23.34 0.078758
169.449 23.4441 0.074536 0.0380683 169.29 23.34 0.078758
169.254 23.5782 0.0777409 0.109539 169.29 23.34 0.078758
169.254 23.5782 0.0777409 0.109539 169.29 23.34 0.078758
169.442 23.4774 0.0673488 0.00348712 169.29 23.34 0.078758
169.254 23.5782 0.0777409 0.109539 169.29 23.34 0.078758
169.449 23.4441 0.074536 0.0380683 169.29 23.34 0.078758
169.23 23.689 0.0797339 0.025545 169.29 23.34 0.078758
169.254 23.5782 0.0777409 0.109539 169.29 23.34 0.078758
169.254 23.5782 0.0777409 0.109539 169.29 23.34 0.078758
169.133 23.4898 0.0831619 0.0133096 169.29 23.34 0.078758
169.254 23.5782 0.0777409 0.109539 169.29 23.34 0.078758
169.293 23.4446 0.0773598 0.101582 169.29 23.34 0.078758
169.133 23.4898 0.0831619 0.0133096 169.29 23.34 0.078758
169.293 23.4446 0.0773598 0.101582 169.29 23.34 0.078758
169.293 23.4446 0.0773598 0.101582 169.29 23.34 0.078758
169.449 23.4441 0.074536 0.0380683 169.29 23.34 0.078758
169.254 23.5782 0.0777409 0.109539 169.29 23.34 0.078758
169.254 23.5782 0.0777409 0.109539 169.29 23.34 0.078758
169.254 23.5782 0.0777409 0.109539 169.29 23.34 0.078758
169.054 23.5755 0.0712959 0.000999851 169.29 23.34 0.078758
169.314 23.2871 0.0786341 0.00813565 169.29 23.34 0.078758
169.23 23.689 0.0797339 0.025545 169.29 23.34 0.078758
169.446 23.7145 0.0773349 0.00643823 169.29 23.34 0.078758
169.23 23.689 0.0797339 0.025545 169.29 23.34 0.078758
169.449 23.4441 0.074536 0.0380683 169.29 23.34 0.078758
169.254 23.5782 0.0777409 0.109539 169.29 23.34 0.078758
169.293 23.4446 0.0773598 0.101582 169.29 23.34 0.078758
169.2 23.2472 0.0750625 0.00362426 169.29 23.34 0.078758
169.293 23.4446 0.0773598 0.101582 169.29 23.34 0.078758
169.456 23.4427 0.0739605 0.034214 169.29 23.34 0.078758
169.293 23.4446 0.0773598 0.101582 169.29 23.34 0.078758
169.254 23.5782 0.0777409 0.109539 169.29 23.34 0.078758
169.254 23.5782 0.0777409 0.109539 169.29 23.34 0.078758
169.456 23.4427 0.0739605 0.034214 169.29 23.34 0.078758
169.254 23.5782 0.0777409 0.109539 169.29 23.34 0.078758
169.254 23.5782 0.0777409 0.109539 169.29 23.34 0.078758
169.254 23.5782 0.0777409 0.109539 169.29 23.34 0.078758
169.254 23.5782 0.0777409 0.109539 169.29 23.34 0.078758
169.293 23.4446 0.0773598 0.101582 169.29 23.34 0.078758
169.198 23.229 0.0729611 0.00135674 169.29 23.34 0.078758
169.194 23.2901 0.072208 0.00366238 169.29 23.34 0.078758
169.449 23.4441 0.074536 0.0380683 169.29 23.34 0.078758
169.293 23.4446 0.0773598 0.101582 169.29 23.34 0.078758
169.449 23.4441 0.074536 0.0380683 169.29 23.34 0.078758
169.121 23.5563 0.0791471 0.0443881 169.29 23.34 0.078758
169.254 23.5782 0.0777409 0.109539 169.29 23.34 0.078758
169.293 23.4446 0.0773598 0.101582 169.29 23.34 0.078758
169.456 23.4427 0.0739605 0.034214 169.29 23.34 0.078758
169.254 23.5782 0.0777409 0.109539 169.29 23.34 0.078758
169.254 23.5782 0.0777409 0.109539 169.29 23.34 0.078758
169.23 23.689 0.0797339 0.025545 169.29 23.34 0.078758
169.389 23.524 0.079933 0.0308858 169.29 23.34 0.078758
169.254 23.5782 0.0777409 0.109539 169.29 23.34 0.078758
169.1 23.5006 0.0838138 0.00748863 169.29 23.34 0.078758
169.449 23.4441 0.074536 0.0380683 169.29 23.34 0.078758
169.476 23.3442 0.0787001 0.0030845 169.29 23.34 0.078758
169.254 23.5782 0.0777409 0.109539 169.29 23.34 0.078758
169.1 23.5006 0.0838138 0.00748863 169.29 23.34 0.078758
169.254 23.5782 0.0777409 0.109539 169.29 23.34 0.078758
169.2 23.2472 0.0750625 0.00362426 169.29 23.34 0.078758
169.456 23.4427 0.0739605 0.034214 169.29 23.34 0.078758
169.293 23.4446 0.0773598 0.101582 169.29 23.34 0.078758
169.54 23.4861 0.07467 0.00954583 169.29 23.34 0.078758
169.404 23.5182 0.0677952 0.00548512 169.29 23.34 0.078758
169.449 23.4441 0.074536 0.0380683 169.29 23.34 0.078758
169.389 23.524 0.079933 0.0308858 169.29 23.34 0.078758
169.389 23.524 0.079933 0.0308858 169.29 23.34 0.078758
169.254 23.5782 0.0777409 0.109539 169.29 23.34 0.078758
169.293 23.4446 0.0773598 0.101582 169.29 23.34 0.078758
169.465 23.3298 0.0712322 0.00579254 169.29 23.34 0.078758
169.054 23.5755 0.0712959 0.000999851 169.29 23.34 0.078758
169.389 23.524 0.079933 0.0308858 169.29 23.34 0.078758
169.293 23.4446 0.0773598 0.101582 169.29 23.34 0.078758
169.254 23.5782 0.0777409 0.109539 169.29 23.34 0.078758
169.293 23.4446 0.0773598 0.101582 169.29 23.34 0.078758
169.293 23.4446 0.0773598 0.101582 169.29 23.34 0.078758
169.389 23.524 0.079933 0.0308858 169.29 23.34 0.078758
169.254 23.5782 0.0777409 0.109539 169.29 23.34 0.078758
169.293 23.4446 0.0773598 0.101582 169.29 23.34 0.078758
169.449 23.4441 0.074536 0.0380683 169.29 23.34 0.078758
169.254 23.5782 0.0777409 0.109539 169.29 23.34 0.078758
169.293 23.4446 0.0773598 0.101582 169.29 23.34 0.078758
169.254 23.5782 0.0777409 0.109539 169.29 23.34 0.078758
169.449 23.4441 0.074536 0.0380683 169.29 23.34 0.078758
169.254 23.5782 0.0777409 0.109539 169.29 23.34 0.078758
169.133 23.4898 0.0831619 0.0133096 169.29 23.34 0.078758
169.254 23.5782 0.0777409 0.109539 169.29 23.34 0.078758
169.314 23.2871 0.0786341 0.00813565 169.29 23.34 0.078758
169.254 23.5782 0.0777409 0.109539 169.29 23.34 0.078758
169.293 23.4446 0.0773598 0.101582 169.29 23.34 0.078758
169.23 23.689 0.0797339 0.025545 169.29 23.34 0.078758
169.389 23.524 0.079933 0.0308858 169.29 23.34 0.078758
169.293 23.4446 0.0773598 0.101582 169.29 23.34 0.078758
169.1 23.5006 0.0838138 0.00748863 169.29 23.34 0.078758
169.254 23.5782 0.0777409 0.109539 169.29 23.34 0.078758
169.293 23.4446 0.0773598 0.101582 169.29 23.34 0.078758
169.254 23.5782 0.0777409 0.109539 169.29 23.34 0.078758
169.254 23.5782 0.0777409 0.109539 169.29 23.34 0.078758
169.293 23.4446 0.0773598 0.101582 169.29 23.34 0.078758
169.121 23.5563 0.0791471 0.0443881 169.29 23.34 0.078758
169.121 23.5563 0.0791471 0.0443881 169.29 23.34 0.078758
169.389 23.524 0.079933 0.0308858 169.29 23.34 0.078758
169.293 23.4446 0.0773598 0.101582 169.29 23.34 0.078758
169.339 23.252 0.0767133 0.00507833 169.29 23.34 0.078758
169.456 23.4427 0.0739605 0.034214 169.29 23.34 0.078758
169.121 23.5563 0.0791471 0.0443881 169.29 23.34 0.078758
169.254 23.5782 0.0777409 0.109539 169.29 23.34 0.078758
169.389 23.524 0.079933 0.0308858 169.29 23.34 0.078758
169.404 23.5182 0.0677952 0.00548512 169.29 23.34 0.078758
169.194 23.2901 0.072208 0.00366238 169.29 23.34 0.078758
169.23 23.689 0.0797339 0.025545 169.29 23.34 0.078758
169.342 23.3382 0.0807918 0.00703451 169.29 23.34 0.078758
169.23 23.689 0.0797339 0.025545 169.29 23.34 0.078758
169.293 23.4446 0.0773598 0.101582 169.29 23.34 0.078758
169.449 23.4441 0.074536 0.0380683 169.29 23.34 0.078758
169.449 23.4441 0.074536 0.0380683 169.29 23.34 0.078758
169.121 23.5563 0.0791471 0.0443881 169.29 23.34 0.078758
169.254 23.5782 0.0777409 0.109539 169.29 23.34 0.078758
169.449 23.4441 0.074536 0.0380683 169.29 23.34 0.078758
169.254 23.5782 0.0777409 0.109539 169.29 23.34 0.078758
169.456 23.4427 0.0739605 0.034214 169.29 23.34 0.078758
169.133 23.4898 0.0831619 0.0133096 169.29 23.34 0.078758
169.254 23.5782 0.0777409 0.109539 169.29 23.34 0.078758
169.293 23.4446 0.0773598 0.101582 169.29 23.34 0.078758
169.449 23.4441 0.074536 0.0380683 169.29 23.34 0.078758
169.293 23.4446 0.0773598 0.101582 169.29 23.34 0.078758
169.121 23.5563 0.0791471 0.0443881 169.29 23.34 0.078758
169.456 23.4427 0.0739605 0.034214 169.29 23.34 0.078758
169.293 23.4446 0.0773598 0.101582 169.29 23.34 0.078758
169.54 23.4861 0.07467 0.00954583 169.29 23.34 0.078758
169.449 23.4441 0.074536 0.0380683 169.29 23.34 0.078758
169.456 23.4427 0.0739605 0.034214 169.29 23.34 0.078758
169.456 23.4427 0.0739605 0.034214 169.29 23.34 0.078758
169.121 23.5563 0.0791471 0.0443881 169.29 23.34 0.078758
169.121 23.5563 0.0791471 0.0443881 169.29 23.34 0.078758
