-33.0541 -20.8042 1.07667 0.0131984 -32.875 -20.817 1.0775
-32.9697 -20.789 1.07644 0.0319246 -32.875 -20.817 1.0775
-32.9697 -20.789 1.07644 0.0319246 -32.875 -20.817 1.0775
-32.8484 -20.9123 1.07893 0.019881 -32.875 -20.817 1.0775
-32.7176 -20.7667 1.0716 0.0340422 -32.875 -20.817 1.0775
-32.9697 -20.789 1.07644 0.0319246 -32.875 -20.817 1.0775
-32.6375 -20.9262 1.0704 0.00356229 -32.875 -20.817 1.0775
-32.8612 -20.9367 1.07158 0.0148825 -32.875 -20.817 1.0775
-32.9551 -20.451 1.06948 0.000772152 -32.875 -20.817 1.0775
-32.9033 -20.9745 1.07999 0.0110308 -32.875 -20.817 1.0775
-32.6885 -20.7962 1.0691 0.0169662 -32.875 -20.817 1.0775
-32.735 -20.8305 1.07596 0.0245486 -32.875 -20.817 1.0775
-32.7459 -20.5944 1.07172 0.0147481 -32.875 -20.817 1.0775
-33.0099 -20.5716 1.07349 0.00382056 -32.875 -20.817 1.0775
-32.735 -20.8305 1.07596 0.0245486 -32.875 -20.817 1.0775
-32.6885 -20.7962 1.0691 0.0169662 -32.875 -20.817 1.0775
-32.7741 -20.4713 1.06489 0.00143807 -32.875 -20.817 1.0775
-33.0232 -20.9777 1.08238 0.00334468 -32.875 -20.817 1.0775
-32.8612 -20.9367 1.07158 0.0148825 -32.875 -20.817 1.0775
-32.7086 -20.4977 1.07443 0.000832229 -32.875 -20.817 1.0775
-32.8484 -20.9123 1.07893 0.019881 -32.875 -20.817 1.0775
-32.735 -20.8305 1.07596 0.0245486 -32.875 -20.817 1.0775
-32.7176 -20.7667 1.0716 0.0340422 -32.875 -20.817 1.0775
-32.9308 -20.769 1.0737 0.0460604 -32.875 -20.817 1.0775
-32.8484 -20.9123 1.07893 0.019881 -32.875 -20.817 1.0775
-33.0397 -20.8814 1.07569 0.01376 -32.875 -20.817 1.0775
-32.9168 -21.0695 1.07288 0.00161147 -32.875 -20.817 1.0775
-32.9697 -20.789 1.07644 0.0319246 -32.875 -20.817 1.0775
-32.8918 -20.5762 1.07543 0.00661214 -32.875 -20.817 1.0775
-32.9308 -20.769 1.0737 0.0460604 -32.875 -20.817 1.0775
-32.9308 -20.769 1.0737 0.0460604 -32.875 -20.817 1.0775
-33.0325 -20.895 1.07558 0.0137996 -32.875 -20.817 1.0775
-33.0231 -20.8001 1.07244 0.0144553 -32.875 -20.817 1.0775
-32.7495 -20.9937 1.07338 0.00728763 -32.875 -20.817 1.0775
-33.0231 -20.8001 1.07244 0.0144553 -32.875 -20.817 1.0775
-33.0397 -20.8814 1.07569 0.01376 -32.875 -20.817 1.0775
-32.7495 -20.9937 1.07338 0.00728763 -32.875 -20.817 1.0775
-32.735 -20.8305 1.07596 0.0245486 -32.875 -20.817 1.0775
-32.9308 -20.769 1.0737 0.0460604 -32.875 -20.817 1.0775
-33.1667 -20.6345 1.07055 0.000254317 -32.875 -20.817 1.0775
-32.9697 -20.789 1.07644 0.0319246 -32.875 -20.817 1.0775
-32.9308 -20.769 1.0737 0.0460604 -32.875 -20.817 1.0775
-33.0325 -20.895 1.07558 0.0137996 -32.875 -20.817 1.0775
-32.6885 -20.7962 1.0691 0.0169662 -32.875 -20.817 1.0775
-32.6885 -20.7962 1.0691 0.0169662 -32.875 -20.817 1.0775
-33.0544 -20.7464 1.06986 0.00401291 -32.875 -20.817 1.0775
-32.9308 -20.769 1.0737 0.0460604 -32.875 -20.817 1.0775
-32.9308 -20.769 1.0737 0.0460604 -32.875 -20.817 1.0775
-32.735 -20.8305 1.07596 0.0245486 -32.875 -20.817 1.0775
-33.0231 -20.8001 1.07244 0.0144553 -32.875 -20.817 1.0775
-32.7176 -20.7667 1.0716 0.0340422 -32.875 -20.817 1.0775
-33.0325 -20.895 1.07558 0.0137996 -32.875 -20.817 1.0775
-32.9033 -20.9745 1.07999 0.0110308 -32.875 -20.817 1.0775
-32.9033 -20.9745 1.07999 0.0110308 -32.875 -20.817 1.0775
-32.7495 -20.9937 1.07338 0.00728763 -32.875 -20.817 1.0775
-32.6376 -20.7806 1.07698 0.00390104 -32.875 -20.817 1.0775
-32.8139 -20.6834 1.0628 0.00156264 -32.875 -20.817 1.0775
-32.9308 -20.769 1.0737 0.0460604 -32.875 -20.817 1.0775
-32.7176 -20.7667 1.0716 0.0340422 -32.875 -20.817 1.0775
-32.8638 -20.9709 1.08108 0.00708071 -32.875 -20.817 1.0775
-32.7459 -20.5944 1.07172 0.0147481 -32.875 -20.817 1.0775
-32.9697 -20.789 1.07644 0.0319246 -32.875 -20.817 1.0775
-33.0775 -20.8824 1.07341 0.00502134 -32.875 -20.817 1.0775
-32.7176 -20.7667 1.0716 0.0340422 -32.875 -20.817 1.0775
-32.6885 -20.7962 1.0691 0.0169662 -32.875 -20.817 1.0775
-33.1476 -21.0761 1.07716 0.000250757 -32.875 -20.817 1.0775
-33.1226 -20.7283 1.07531 0.00324348 -32.875 -20.817 1.0775
-32.735 -20.8305 1.07596 0.0245486 -32.875 -20.817 1.0775
-32.735 -20.8305 1.07596 0.0245486 -32.875 -20.817 1.0775
-32.735 -20.8305 1.07596 0.0245486 -32.875 -20.817 1.0775
-33.0325 -20.895 1.07558 0.0137996 -32.875 -20.817 1.0775
-33.0639 -20.7962 1.0753 0.0116252 -32.875 -20.817 1.0775
-33.0541 -20.8042 1.07667 0.0131984 -32.875 -20.817 1.0775
-32.7459 -20.5944 1.07172 0.0147481 -32.875 -20.817 1.0775
-32.8484 -20.9123 1.07893 0.019881 -32.875 -20.817 1.0775
-32.8612 -20.9367 1.07158 0.0148825 -32.875 -20.817 1.0775
-33.0397 -20.8814 1.07569 0.01376 -32.875 -20.817 1.0775
-32.7176 -20.7667 1.0716 0.0340422 -32.875 -20.817 1.0775
-33.0325 -20.895 1.07558 0.0137996 -32.875 -20.817 1.0775
-32.7495 -20.9937 1.07338 0.00728763 -32.875 -20.817 1.0775
-32.6885 -20.7962 1.0691 0.0169662 -32.875 -20.817 1.0775
-32.8484 -20.9123 1.07893 0.019881 -32.875 -20.817 1.0775
-32.7495 -20.9937 1.07338 0.00728763 -32.875 -20.817 1.0775
-32.9033 -20.9745 1.07999 0.0110308 -32.875 -20.817 1.0775
-33.0639 -20.7962 1.0753 0.0116252 -32.875 -20.817 1.0775
-32.8612 -20.9367 1.07158 0.0148825 -32.875 -20.817 1.0775
-33.0525 -20.8608 1.07312 0.00830672 -32.875 -20.817 1.0775
-33.1823 -20.8791 1.07707 0.00111659 -32.875 -20.817 1.0775
-33.008 -20.8254 1.07322 0.0194375 -32.875 -20.817 1.0775
-33.0544 -20.7464 1.06986 0.00401291 -32.875 -20.817 1.0775
-32.9278 -20.534 1.07553 0.00246708 -32.875 -20.817 1.0775
-33.0639 -20.7962 1.0753 0.0116252 -32.875 -20.817 1.0775
-32.9697 -20.789 1.07644 0.0319246 -32.875 -20.817 1.0775
-32.7495 -20.9937 1.07338 0.00728763 -32.875 -20.817 1.0775
-33.0325 -20.895 1.07558 0.0137996 -32.875 -20.817 1.0775
-33.0397 -20.8814 1.07569 0.01376 -32.875 -20.817 1.0775
-33.0639 -20.7962 1.0753 0.0116252 -32.875 -20.817 1.0775
-33.0231 -20.8001 1.07244 0.0144553 -32.875 -20.817 1.0775
-32.7176 -20.7667 1.0716 0.0340422 -32.875 -20.817 1.0775
-33.0541 -20.8042 1.07667 0.0131984 -32.875 -20.817 1.0775
-32.735 -20.8305 1.07596 0.0245486 -32.875 -20.817 1.0775
-32.8612 -20.9367 1.07158 0.0148825 -32.875 -20.817 1.0775
-32.7086 -20.4977 1.07443 0.000832229 -32.875 -20.817 1.0775
-32.7176 -20.7667 1.0716 0.0340422 -32.875 -20.817 1.0775
-33.008 -20.8254 1.07322 0.0194375 -32.875 -20.817 1.0775
-32.7741 -20.4713 1.06489 0.00143807 -32.875 -20.817 1.0775
-32.735 -20.8305 1.07596 0.0245486 -32.875 -20.817 1.0775
-33.008 -20.8254 1.07322 0.0194375 -32.875 -20.817 1.0775
-32.735 -20.8305 1.07596 0.0245486 -32.875 -20.817 1.0775
-32.735 -20.8305 1.07596 0.0245486 -32.875 -20.817 1.0775
-32.9697 -20.789 1.07644 0.0319246 -32.875 -20.817 1.0775
-33.0639 -20.7962 1.0753 0.0116252 -32.875 -20.817 1.0775
-33.0397 -20.8814 1.07569 0.01376 -32.875 -20.817 1.0775
-32.9697 -20.789 1.07644 0.0319246 -32.875 -20.817 1.0775
-32.7495 -20.9937 1.07338 0.00728763 -32.875 -20.817 1.0775
-33.0231 -20.8001 1.07244 0.0144553 -32.875 -20.817 1.0775
-32.7495 -20.9937 1.07338 0.00728763 -32.875 -20.817 1.0775
-32.9168 -21.0695 1.07288 0.00161147 -32.875 -20.817 1.0775
-33.0397 -20.8814 1.07569 0.01376 -32.875 -20.817 1.0775
-32.735 -20.8305 1.07596 0.0245486 -32.875 -20.817 1.0775
-32.8484 -20.9123 1.07893 0.019881 -32.875 -20.817 1.0775
-33.0672 -20.9014 1.07153 0.0025327 -32.875 -20.817 1.0775
-33.0325 -20.895 1.07558 0.0137996 -32.875 -20.817 1.0775
-33.0397 -20.8814 1.07569 0.01376 -32.875 -20.817 1.0775
-33.0231 -20.8001 1.07244 0.0144553 -32.875 -20.817 1.0775
-32.9308 -20.769 1.0737 0.0460604 -32.875 -20.817 1.0775
-33.0397 -20.8814 1.07569 0.01376 -32.875 -20.817 1.0775
-32.6175 -20.779 1.07802 0.00155072 -32.875 -20.817 1.0775
-32.735 -20.8305 1.07596 0.0245486 -32.875 -20.817 1.0775
-32.7459 -20.5944 1.07172 0.0147481 -32.875 -20.817 1.0775
-33.0325 -20.895 1.07558 0.0137996 -32.875 -20.817 1.0775
-32.7176 -20.7667 1.0716 0.0340422 -32.875 -20.817 1.0775
-32.7495 -20.9937 1.07338 0.00728763 -32.875 -20.817 1.0775
-32.5325 -20.703 1.07486 0.000618626 -32.875 -20.817 1.0775
-32.7176 -20.7667 1.0716 0.0340422 -32.875 -20.817 1.0775
-32.7741 -20.4713 1.06489 0.00143807 -32.875 -20.817 1.0775
-33.008 -20.8254 1.07322 0.0194375 -32.875 -20.817 1.0775
-32.7176 -20.7667 1.0716 0.0340422 -32.875 -20.817 1.0775
-32.8638 -20.9709 1.08108 0.00708071 -32.875 -20.817 1.0775
-33.0231 -20.8001 1.07244 0.0144553 -32.875 -20.817 1.0775
-33.0712 -20.9831 1.08367 0.00128193 -32.875 -20.817 1.0775
-32.7459 -20.5944 1.07172 0.0147481 -32.875 -20.817 1.0775
-32.7741 -20.4713 1.06489 0.00143807 -32.875 -20.817 1.0775
-33.0325 -20.895 1.07558 0.0137996 -32.875 -20.817 1.0775
-33.0541 -20.8042 1.07667 0.0131984 -32.875 -20.817 1.0775
-32.9033 -20.9745 1.07999 0.0110308 -32.875 -20.817 1.0775
-32.9308 -20.769 1.0737 0.0460604 -32.875 -20.817 1.0775
-32.9308 -20.769 1.0737 0.0460604 -32.875 -20.817 1.0775
-32.9308 -20.769 1.0737 0.0460604 -32.875 -20.817 1.0775
-32.9308 -20.769 1.0737 0.0460604 -32.875 -20.817 1.0775
-32.7176 -20.7667 1.0716 0.0340422 -32.875 -20.817 1.0775
-32.7176 -20.7667 1.0716 0.0340422 -32.875 -20.817 1.0775
-32.9308 -20.769 1.0737 0.0460604 -32.875 -20.817 1.0775
-33.0544 -20.7464 1.06986 0.00401291 -32.875 -20.817 1.0775
-32.7495 -20.9937 1.07338 0.00728763 -32.875 -20.817 1.0775
-32.7176 -20.7667 1.0716 0.0340422 -32.875 -20.817 1.0775
-33.008 -20.8254 1.07322 0.0194375 -32.875 -20.817 1.0775
-32.9697 -20.789 1.07644 0.0319246 -32.875 -20.817 1.0775
-32.735 -20.8305 1.07596 0.0245486 -32.875 -20.817 1.0775
-32.8638 -20.9709 1.08108 0.00708071 -32.875 -20.817 1.0775
-33.0639 -20.7962 1.0753 0.0116252 -32.875 -20.817 1.0775
-32.735 -20.8305 1.07596 0.0245486 -32.875 -20.817 1.0775
-33.008 -20.8254 1.07322 0.0194375 -32.875 -20.817 1.0775
-33.0397 -20.8814 1.07569 0.01376 -32.875 -20.817 1.0775
-32.735 -20.8305 1.07596 0.0245486 -32.875 -20.817 1.0775
-32.735 -20.8305 1.07596 0.0245486 -32.875 -20.817 1.0775
-32.8624 -20.5045 1.06896 0.00443983 -32.875 -20.817 1.0775
-33.0231 -20.8001 1.07244 0.0144553 -32.875 -20.817 1.0775
-32.9308 -20.769 1.0737 0.0460604 -32.875 -20.817 1.0775
-33.008 -20.8254 1.07322 0.0194375 -32.875 -20.817 1.0775
-33.0325 -20.895 1.07558 0.0137996 -32.875 -20.817 1.0775
-32.735 -20.8305 1.07596 0.0245486 -32.875 -20.817 1.0775
-32.7176 -20.7667 1.0716 0.0340422 -32.875 -20.817 1.0775
-33.0325 -20.895 1.07558 0.0137996 -32.875 -20.817 1.0775
-32.9033 -20.9745 1.07999 0.0110308 -32.875 -20.817 1.0775
-32.8484 -20.9123 1.07893 0.019881 -32.875 -20.817 1.0775
-33.0325 -20.895 1.07558 0.0137996 -32.875 -20.817 1.0775
-32.6885 -20.7962 1.0691 0.0169662 -32.875 -20.817 1.0775
-32.9308 -20.769 1.0737 0.0460604 -32.875 -20.817 1.0775
-33.1205 -20.6789 1.07038 0.00104527 -32.875 -20.817 1.0775
-33.0541 -20.8042 1.07667 0.0131984 -32.875 -20.817 1.0775
-32.8612 -20.9367 1.07158 0.0148825 -32.875 -20.817 1.0775
-32.6885 -20.7962 1.0691 0.0169662 -32.875 -20.817 1.0775
-32.9308 -20.769 1.0737 0.0460604 -32.875 -20.817 1.0775
-32.7459 -20.5944 1.07172 0.0147481 -32.875 -20.817 1.0775
-32.7176 -20.7667 1.0716 0.0340422 -32.875 -20.817 1.0775
-33.0541 -20.8042 1.07667 0.0131984 -32.875 -20.817 1.0775
-33.008 -20.8254 1.07322 0.0194375 -32.875 -20.817 1.0775
-32.7176 -20.7667 1.0716 0.0340422 -32.875 -20.817 1.0775
-32.9308 -20.769 1.0737 0.0460604 -32.875 -20.817 1.0775
-32.8918 -20.5762 1.07543 0.00661214 -32.875 -20.817 1.0775
-32.7176 -20.7667 1.0716 0.0340422 -32.875 -20.817 1.0775
-32.7459 -20.5944 1.07172 0.0147481 -32.875 -20.817 1.0775
-32.7176 -20.7667 1.0716 0.0340422 -32.875 -20.817 1.0775
-33.1659 -21.0596 1.0754 0.00013514 -32.875 -20.817 1.0775
-32.8624 -20.5045 1.06896 0.00443983 -32.875 -20.817 1.0775
-32.7176 -20.7667 1.0716 0.0340422 -32.875 -20.817 1.0775
-33.008 -20.8254 1.07322 0.0194375 -32.875 -20.817 1.0775
-33.008 -20.8254 1.07322 0.0194375 -32.875 -20.817 1.0775
-33.0541 -20.8042 1.07667 0.0131984 -32.875 -20.817 1.0775
