159.442 -13.0421 3.29812 0.0119813 159.65 -13.208 3.2996
159.55 -13.1982 3.29635 0.159514 159.65 -13.208 3.2996
159.734 -13.3838 3.30094 0.326209 159.65 -13.208 3.2996
159.645 -13.1573 3.29753 0.153265 159.65 -13.208 3.2996
159.787 -13.5437 3.30552 0.0891534 159.65 -13.208 3.2996
159.762 -13.3234 3.30629 0.264873 159.65 -13.208 3.2996
159.71 -13.2385 3.30027 0.327637 159.65 -13.208 3.2996
159.71 -13.2385 3.30027 0.327637 159.65 -13.208 3.2996
159.617 -13.4278 3.30081 0.222544 159.65 -13.208 3.2996
159.683 -13.4115 3.31103 0.0145724 159.65 -13.208 3.2996
159.739 -13.4178 3.29945 0.186645 159.65 -13.208 3.2996
159.65 -13.0645 3.29794 0.0538973 159.65 -13.208 3.2996
159.739 -13.4178 3.29945 0.186645 159.65 -13.208 3.2996
159.442 -13.1205 3.30178 0.0113216 159.65 -13.208 3.2996
159.738 -13.4787 3.30086 0.14896 159.65 -13.208 3.2996
159.651 -13.2145 3.3018 0.267957 159.65 -13.208 3.2996
159.645 -13.1573 3.29753 0.153265 159.65 -13.208 3.2996
159.651 -13.2145 3.3018 0.267957 159.65 -13.208 3.2996
159.795 -13.1075 3.29562 0.0147628 159.65 -13.208 3.2996
159.95 -13.1325 3.30693 0.0252662 159.65 -13.208 3.2996
159.685 -13.3682 3.29741 0.17934 159.65 -13.208 3.2996
159.738 -13.4787 3.30086 0.14896 159.65 -13.208 3.2996
159.617 -13.4278 3.30081 0.222544 159.65 -13.208 3.2996
159.645 -13.1573 3.29753 0.153265 159.65 -13.208 3.2996
159.71 -13.2385 3.30027 0.327637 159.65 -13.208 3.2996
159.622 -13.2237 3.30506 0.0995786 159.65 -13.208 3.2996
159.891 -13.2847 3.30339 0.179106 159.65 -13.208 3.2996
159.738 -13.4787 3.30086 0.14896 159.65 -13.208 3.2996
159.685 -13.3682 3.29741 0.17934 159.65 -13.208 3.2996
159.762 -13.3234 3.30629 0.264873 159.65 -13.208 3.2996
159.891 -13.2847 3.30339 0.179106 159.65 -13.208 3.2996
159.617 -13.4278 3.30081 0.222544 159.65 -13.208 3.2996
159.55 -13.1982 3.29635 0.159514 159.65 -13.208 3.2996
159.734 -13.3838 3.30094 0.326209 159.65 -13.208 3.2996
159.645 -13.1573 3.29753 0.153265 159.65 -13.208 3.2996
159.737 -13.1092 3.29901 0.0828412 159.65 -13.208 3.2996
159.617 -13.4278 3.30081 0.222544 159.65 -13.208 3.2996
159.738 -13.4787 3.30086 0.14896 159.65 -13.208 3.2996
159.685 -13.3682 3.29741 0.17934 159.65 -13.208 3.2996
159.928 -13.0996 3.3006 0.0124205 159.65 -13.208 3.2996
159.617 -13.4278 3.30081 0.222544 159.65 -13.208 3.2996
159.617 -13.4278 3.30081 0.222544 159.65 -13.208 3.2996
159.907 -13.3234 3.30281 0.144436 159.65 -13.208 3.2996
159.891 -13.2847 3.30339 0.179106 159.65 -13.208 3.2996
159.71 -13.2385 3.30027 0.327637 159.65 -13.208 3.2996
159.651 -13.2145 3.3018 0.267957 159.65 -13.208 3.2996
159.762 -13.3234 3.30629 0.264873 159.65 -13.208 3.2996
159.95 -13.1325 3.30693 0.0252662 159.65 -13.208 3.2996
159.891 -13.2847 3.30339 0.179106 159.65 -13.208 3.2996
159.685 -13.3682 3.29741 0.17934 159.65 -13.208 3.2996
159.734 -13.3838 3.30094 0.326209 159.65 -13.208 3.2996
159.71 -13.2385 3.30027 0.327637 159.65 -13.208 3.2996
159.762 -13.3234 3.30629 0.264873 159.65 -13.208 3.2996
159.769 -13.187 3.29959 0.163773 159.65 -13.208 3.2996
159.734 -13.3838 3.30094 0.326209 159.65 -13.208 3.2996
159.89 -13.36 3.29456 0.0021942 159.65 -13.208 3.2996
159.71 -13.2385 3.30027 0.327637 159.65 -13.208 3.2996
159.651 -13.2145 3.3018 0.267957 159.65 -13.208 3.2996
159.645 -13.1573 3.29753 0.153265 159.65 -13.208 3.2996
160.06 -13.3224 3.30937 0.0331893 159.65 -13.208 3.2996
159.71 -13.2385 3.30027 0.327637 159.65 -13.208 3.2996
159.769 -13.187 3.29959 0.163773 159.65 -13.208 3.2996
159.71 -13.2385 3.30027 0.327637 159.65 -13.208 3.2996
159.651 -13.2145 3.3018 0.267957 159.65 -13.208 3.2996
159.891 -13.2847 3.30339 0.179106 159.65 -13.208 3.2996
159.762 -13.3234 3.30629 0.264873 159.65 -13.208 3.2996
159.566 -13.2346 3.29701 0.213851 159.65 -13.208 3.2996
159.566 -13.2346 3.29701 0.213851 159.65 -13.208 3.2996
159.907 -13.3234 3.30281 0.144436 159.65 -13.208 3.2996
159.685 -13.3682 3.29741 0.17934 159.65 -13.208 3.2996
159.65 -13.0645 3.29794 0.0538973 159.65 -13.208 3.2996
159.738 -13.4787 3.30086 0.14896 159.65 -13.208 3.2996
159.566 -13.2346 3.29701 0.213851 159.65 -13.208 3.2996
159.737 -13.1092 3.29901 0.0828412 159.65 -13.208 3.2996
159.738 -13.4787 3.30086 0.14896 159.65 -13.208 3.2996
159.566 -13.2346 3.29701 0.213851 159.65 -13.208 3.2996
159.946 -13.4355 3.3008 0.0257169 159.65 -13.208 3.2996
159.566 -13.2346 3.29701 0.213851 159.65 -13.208 3.2996
159.907 -13.3234 3.30281 0.144436 159.65 -13.208 3.2996
159.651 -13.2145 3.3018 0.267957 159.65 -13.208 3.2996
159.937 -13.1853 3.3029 0.0517931 159.65 -13.208 3.2996
159.614 -13.3168 3.29534 0.138126 159.65 -13.208 3.2996
160.06 -13.3224 3.30937 0.0331893 159.65 -13.208 3.2996
159.651 -13.2145 3.3018 0.267957 159.65 -13.208 3.2996
159.415 -13.4512 3.29758 0.0277543 159.65 -13.208 3.2996
159.891 -13.2847 3.30339 0.179106 159.65 -13.208 3.2996
159.622 -13.2237 3.30506 0.0995786 159.65 -13.208 3.2996
159.734 -13.3838 3.30094 0.326209 159.65 -13.208 3.2996
159.608 -13.131 3.2924 0.0256431 159.65 -13.208 3.2996
159.946 -13.4355 3.3008 0.0257169 159.65 -13.208 3.2996
159.566 -13.2346 3.29701 0.213851 159.65 -13.208 3.2996
159.624 -13.1762 3.30081 0.198482 159.65 -13.208 3.2996
159.608 -13.131 3.2924 0.0256431 159.65 -13.208 3.2996
159.734 -13.3838 3.30094 0.326209 159.65 -13.208 3.2996
159.651 -13.2145 3.3018 0.267957 159.65 -13.208 3.2996
159.71 -13.2385 3.30027 0.327637 159.65 -13.208 3.2996
159.734 -13.3838 3.30094 0.326209 159.65 -13.208 3.2996
159.685 -13.3682 3.29741 0.17934 159.65 -13.208 3.2996
159.769 -13.187 3.29959 0.163773 159.65 -13.208 3.2996
159.622 -13.2237 3.30506 0.0995786 159.65 -13.208 3.2996
159.71 -13.2385 3.30027 0.327637 159.65 -13.208 3.2996
159.624 -13.1762 3.30081 0.198482 159.65 -13.208 3.2996
159.55 -13.1982 3.29635 0.159514 159.65 -13.208 3.2996
159.71 -13.2385 3.30027 0.327637 159.65 -13.208 3.2996
159.769 -13.187 3.29959 0.163773 159.65 -13.208 3.2996
159.769 -13.187 3.29959 0.163773 159.65 -13.208 3.2996
159.71 -13.2385 3.30027 0.327637 159.65 -13.208 3.2996
159.738 -13.4787 3.30086 0.14896 159.65 -13.208 3.2996
159.55 -13.1982 3.29635 0.159514 159.65 -13.208 3.2996
159.566 -13.2346 3.29701 0.213851 159.65 -13.208 3.2996
159.734 -13.3838 3.30094 0.326209 159.65 -13.208 3.2996
159.762 -13.3234 3.30629 0.264873 159.65 -13.208 3.2996
159.55 -13.1982 3.29635 0.159514 159.65 -13.208 3.2996
159.738 -13.4787 3.30086 0.14896 159.65 -13.208 3.2996
160.103 -13.4143 3.30651 0.0125757 159.65 -13.208 3.2996
159.912 -13.3433 3.3133 0.0217644 159.65 -13.208 3.2996
159.65 -13.0645 3.29794 0.0538973 159.65 -13.208 3.2996
159.734 -13.3838 3.30094 0.326209 159.65 -13.208 3.2996
159.566 -13.2346 3.29701 0.213851 159.65 -13.208 3.2996
159.739 -13.4178 3.29945 0.186645 159.65 -13.208 3.2996
159.734 -13.3838 3.30094 0.326209 159.65 -13.208 3.2996
159.685 -13.3682 3.29741 0.17934 159.65 -13.208 3.2996
159.737 -13.1092 3.29901 0.0828412 159.65 -13.208 3.2996
159.734 -13.3838 3.30094 0.326209 159.65 -13.208 3.2996
159.622 -13.2237 3.30506 0.0995786 159.65 -13.208 3.2996
159.762 -13.3234 3.30629 0.264873 159.65 -13.208 3.2996
159.762 -13.3234 3.30629 0.264873 159.65 -13.208 3.2996
159.734 -13.3838 3.30094 0.326209 159.65 -13.208 3.2996
159.415 -13.4512 3.29758 0.0277543 159.65 -13.208 3.2996
159.617 -13.4278 3.30081 0.222544 159.65 -13.208 3.2996
159.891 -13.2847 3.30339 0.179106 159.65 -13.208 3.2996
159.645 -13.1573 3.29753 0.153265 159.65 -13.208 3.2996
159.689 -13.0567 3.2975 0.0397686 159.65 -13.208 3.2996
159.95 -13.1325 3.30693 0.0252662 159.65 -13.208 3.2996
159.71 -13.2385 3.30027 0.327637 159.65 -13.208 3.2996
159.651 -13.2145 3.3018 0.267957 159.65 -13.208 3.2996
159.651 -13.2145 3.3018 0.267957 159.65 -13.208 3.2996
159.734 -13.3838 3.30094 0.326209 159.65 -13.208 3.2996
159.907 -13.3234 3.30281 0.144436 159.65 -13.208 3.2996
159.566 -13.2346 3.29701 0.213851 159.65 -13.208 3.2996
159.893 -13.3069 3.29449 0.00251737 159.65 -13.208 3.2996
159.928 -13.0996 3.3006 0.0124205 159.65 -13.208 3.2996
159.762 -13.3234 3.30629 0.264873 159.65 -13.208 3.2996
159.739 -13.4178 3.29945 0.186645 159.65 -13.208 3.2996
159.891 -13.2847 3.30339 0.179106 159.65 -13.208 3.2996
159.907 -13.3234 3.30281 0.144436 159.65 -13.208 3.2996
159.84 -13.1687 3.29592 0.0146588 159.65 -13.208 3.2996
159.71 -13.2385 3.30027 0.327637 159.65 -13.208 3.2996
159.762 -13.3234 3.30629 0.264873 159.65 -13.208 3.2996
159.734 -13.3838 3.30094 0.326209 159.65 -13.208 3.2996
159.617 -13.4278 3.30081 0.222544 159.65 -13.208 3.2996
159.55 -13.1982 3.29635 0.159514 159.65 -13.208 3.2996
159.738 -13.4787 3.30086 0.14896 159.65 -13.208 3.2996
159.651 -13.2145 3.3018 0.267957 159.65 -13.208 3.2996
159.614 -13.3168 3.29534 0.138126 159.65 -13.208 3.2996
159.738 -13.4787 3.30086 0.14896 159.65 -13.208 3.2996
159.891 -13.2847 3.30339 0.179106 159.65 -13.208 3.2996
159.617 -13.4278 3.30081 0.222544 159.65 -13.208 3.2996
159.71 -13.2385 3.30027 0.327637 159.65 -13.208 3.2996
159.65 -13.0645 3.29794 0.0538973 159.65 -13.208 3.2996
159.645 -13.1573 3.29753 0.153265 159.65 -13.208 3.2996
159.734 -13.3838 3.30094 0.326209 159.65 -13.208 3.2996
159.739 -13.4178 3.29945 0.186645 159.65 -13.208 3.2996
160.185 -13.2799 3.30661 0.00190028 159.65 -13.208 3.2996
159.734 -13.3838 3.30094 0.326209 159.65 -13.208 3.2996
159.739 -13.4178 3.29945 0.186645 159.65 -13.208 3.2996
159.787 -13.5437 3.30552 0.0891534 159.65 -13.208 3.2996
159.762 -13.3234 3.30629 0.264873 159.65 -13.208 3.2996
159.734 -13.3838 3.30094 0.326209 159.65 -13.208 3.2996
159.918 -13.0804 3.30745 0.0121217 159.65 -13.208 3.2996
159.762 -13.3234 3.30629 0.264873 159.65 -13.208 3.2996
159.624 -13.1762 3.30081 0.198482 159.65 -13.208 3.2996
159.55 -13.1982 3.29635 0.159514 159.65 -13.208 3.2996
159.415 -13.4512 3.29758 0.0277543 159.65 -13.208 3.2996
159.762 -13.3234 3.30629 0.264873 159.65 -13.208 3.2996
159.739 -13.4178 3.29945 0.186645 159.65 -13.208 3.2996
159.891 -13.2847 3.30339 0.179106 159.65 -13.208 3.2996
159.907 -13.3234 3.30281 0.144436 159.65 -13.208 3.2996
159.739 -13.4178 3.29945 0.186645 159.65 -13.208 3.2996
159.787 -13.5437 3.30552 0.0891534 159.65 -13.208 3.2996
159.738 -13.4787 3.30086 0.14896 159.65 -13.208 3.2996
159.739 -13.4178 3.29945 0.186645 159.65 -13.208 3.2996
159.762 -13.3234 3.30629 0.264873 159.65 -13.208 3.2996
159.891 -13.2847 3.30339 0.179106 159.65 -13.208 3.2996
160.12 -13.4561 3.31008 0.0123032 159.65 -13.208 3.2996
159.912 -13.3433 3.3133 0.0217644 159.65 -13.208 3.2996
159.566 -13.2346 3.29701 0.213851 159.65 -13.208 3.2996
159.622 -13.2237 3.30506 0.0995786 159.65 -13.208 3.2996
159.614 -13.3168 3.29534 0.138126 159.65 -13.208 3.2996
159.614 -13.3168 3.29534 0.138126 159.65 -13.208 3.2996
159.442 -13.1205 3.30178 0.0113216 159.65 -13.208 3.2996
159.55 -13.1982 3.29635 0.159514 159.65 -13.208 3.2996
159.651 -13.2145 3.3018 0.267957 159.65 -13.208 3.2996
159.617 -13.4278 3.30081 0.222544 159.65 -13.208 3.2996
159.762 -13.3234 3.30629 0.264873 159.65 -13.208 3.2996
159.907 -13.3234 3.30281 0.144436 159.65 -13.208 3.2996
159.907 -13.3234 3.30281 0.144436 159.65 -13.208 3.2996
159.738 -13.4787 3.30086 0.14896 159.65 -13.208 3.2996
159.738 -13.4787 3.30086 0.14896 159.65 -13.208 3.2996
159.685 -13.3682 3.29741 0.17934 159.65 -13.208 3.2996
