-0.96808 3.60639 0.317378 0.026798 -0.86957 3.4109 0.3108
-0.96808 3.60639 0.317378 0.026798 -0.86957 3.4109 0.3108
-0.96808 3.60639 0.317378 0.026798 -0.86957 3.4109 0.3108
-0.788321 3.43457 0.319248 0.00152029 -0.86957 3.4109 0.3108
-0.815659 3.62156 0.308766 0.0182485 -0.86957 3.4109 0.3108
-0.96808 3.60639 0.317378 0.026798 -0.86957 3.4109 0.3108
-0.766198 3.70783 0.313924 0.0130166 -0.86957 3.4109 0.3108
-1.13156 3.5238 0.317427 0.00290392 -0.86957 3.4109 0.3108
-1.0021 3.46079 0.314985 0.0141497 -0.86957 3.4109 0.3108
-0.96808 3.60639 0.317378 0.026798 -0.86957 3.4109 0.3108
-1.0021 3.46079 0.314985 0.0141497 -0.86957 3.4109 0.3108
-0.815659 3.62156 0.308766 0.0182485 -0.86957 3.4109 0.3108
-0.756991 3.61359 0.30827 0.0147606 -0.86957 3.4109 0.3108
-1.0021 3.46079 0.314985 0.0141497 -0.86957 3.4109 0.3108
-0.96808 3.60639 0.317378 0.026798 -0.86957 3.4109 0.3108
-1.0021 3.46079 0.314985 0.0141497 -0.86957 3.4109 0.3108
-0.766198 3.70783 0.313924 0.0130166 -0.86957 3.4109 0.3108
-1.0021 3.46079 0.314985 0.0141497 -0.86957 3.4109 0.3108
-0.955363 3.45385 0.318034 0.0142152 -0.86957 3.4109 0.3108
-0.96808 3.60639 0.317378 0.026798 -0.86957 3.4109 0.3108
-0.643673 3.51727 0.308852 0.00431117 -0.86957 3.4109 0.3108
-1.0151 3.54221 0.319667 0.0101499 -0.86957 3.4109 0.3108
-0.657987 3.52659 0.311855 0.00733023 -0.86957 3.4109 0.3108
-0.815659 3.62156 0.308766 0.0182485 -0.86957 3.4109 0.3108
-0.643673 3.51727 0.308852 0.00431117 -0.86957 3.4109 0.3108
-0.766198 3.70783 0.313924 0.0130166 -0.86957 3.4109 0.3108
-0.657987 3.52659 0.311855 0.00733023 -0.86957 3.4109 0.3108
-0.815659 3.62156 0.308766 0.0182485 -0.86957 3.4109 0.3108
-0.955363 3.45385 0.318034 0.0142152 -0.86957 3.4109 0.3108
-1.15584 3.51847 0.313533 0.000450653 -0.86957 3.4109 0.3108
-0.836477 3.76951 0.307886 0.00216676 -0.86957 3.4109 0.3108
-0.766198 3.70783 0.313924 0.0130166 -0.86957 3.4109 0.3108
-1.0151 3.54221 0.319667 0.0101499 -0.86957 3.4109 0.3108
-0.96808 3.60639 0.317378 0.026798 -0.86957 3.4109 0.3108
-0.756991 3.61359 0.30827 0.0147606 -0.86957 3.4109 0.3108
-1.0021 3.46079 0.314985 0.0141497 -0.86957 3.4109 0.3108
-1.0021 3.46079 0.314985 0.0141497 -0.86957 3.4109 0.3108
-0.815659 3.62156 0.308766 0.0182485 -0.86957 3.4109 0.3108
-0.756991 3.61359 0.30827 0.0147606 -0.86957 3.4109 0.3108
-0.815659 3.62156 0.308766 0.0182485 -0.86957 3.4109 0.3108
-0.96808 3.60639 0.317378 0.026798 -0.86957 3.4109 0.3108
-1.0021 3.46079 0.314985 0.0141497 -0.86957 3.4109 0.3108
-0.71971 3.58589 0.317422 0.00302388 -0.86957 3.4109 0.3108
-0.96808 3.60639 0.317378 0.026798 -0.86957 3.4109 0.3108
-0.815659 3.62156 0.308766 0.0182485 -0.86957 3.4109 0.3108
-0.96808 3.60639 0.317378 0.026798 -0.86957 3.4109 0.3108
-1.0021 3.46079 0.314985 0.0141497 -0.86957 3.4109 0.3108
-0.899973 3.34569 0.320627 0.000536501 -0.86957 3.4109 0.3108
-1.0021 3.46079 0.314985 0.0141497 -0.86957 3.4109 0.3108
-0.766198 3.70783 0.313924 0.0130166 -0.86957 3.4109 0.3108
-0.96808 3.60639 0.317378 0.026798 -0.86957 3.4109 0.3108
-0.657987 3.52659 0.311855 0.00733023 -0.86957 3.4109 0.3108
-0.756991 3.61359 0.30827 0.0147606 -0.86957 3.4109 0.3108
-0.96808 3.60639 0.317378 0.026798 -0.86957 3.4109 0.3108
-0.836477 3.76951 0.307886 0.00216676 -0.86957 3.4109 0.3108
-1.0021 3.46079 0.314985 0.0141497 -0.86957 3.4109 0.3108
-0.766198 3.70783 0.313924 0.0130166 -0.86957 3.4109 0.3108
-0.643673 3.51727 0.308852 0.00431117 -0.86957 3.4109 0.3108
-1.13156 3.5238 0.317427 0.00290392 -0.86957 3.4109 0.3108
-0.815659 3.62156 0.308766 0.0182485 -0.86957 3.4109 0.3108
-0.756991 3.61359 0.30827 0.0147606 -0.86957 3.4109 0.3108
-0.797673 3.82181 0.308433 0.00108801 -0.86957 3.4109 0.3108
-0.643673 3.51727 0.308852 0.00431117 -0.86957 3.4109 0.3108
-0.96808 3.60639 0.317378 0.026798 -0.86957 3.4109 0.3108
-1.0021 3.46079 0.314985 0.0141497 -0.86957 3.4109 0.3108
-0.643673 3.51727 0.308852 0.00431117 -0.86957 3.4109 0.3108
-0.756991 3.61359 0.30827 0.0147606 -0.86957 3.4109 0.3108
-0.756991 3.61359 0.30827 0.0147606 -0.86957 3.4109 0.3108
-0.955363 3.45385 0.318034 0.0142152 -0.86957 3.4109 0.3108
-0.756991 3.61359 0.30827 0.0147606 -0.86957 3.4109 0.3108
-0.955363 3.45385 0.318034 0.0142152 -0.86957 3.4109 0.3108
-1.13156 3.5238 0.317427 0.00290392 -0.86957 3.4109 0.3108
-0.717591 3.41718 0.307307 0.0010968 -0.86957 3.4109 0.3108
-1.0021 3.46079 0.314985 0.0141497 -0.86957 3.4109 0.3108
-0.766198 3.70783 0.313924 0.0130166 -0.86957 3.4109 0.3108
-0.96808 3.60639 0.317378 0.026798 -0.86957 3.4109 0.3108
-0.766198 3.70783 0.313924 0.0130166 -0.86957 3.4109 0.3108
-1.0021 3.46079 0.314985 0.0141497 -0.86957 3.4109 0.3108
-0.815659 3.62156 0.308766 0.0182485 -0.86957 3.4109 0.3108
-0.96808 3.60639 0.317378 0.026798 -0.86957 3.4109 0.3108
-0.756991 3.61359 0.30827 0.0147606 -0.86957 3.4109 0.3108
-0.96808 3.60639 0.317378 0.026798 -0.86957 3.4109 0.3108
-0.819485 3.57943 0.322358 0.000261544 -0.86957 3.4109 0.3108
-0.815659 3.62156 0.308766 0.0182485 -0.86957 3.4109 0.3108
-1.13156 3.5238 0.317427 0.00290392 -0.86957 3.4109 0.3108
-0.96808 3.60639 0.317378 0.026798 -0.86957 3.4109 0.3108
-0.756991 3.61359 0.30827 0.0147606 -0.86957 3.4109 0.3108
-0.766198 3.70783 0.313924 0.0130166 -0.86957 3.4109 0.3108
-0.766198 3.70783 0.313924 0.0130166 -0.86957 3.4109 0.3108
-0.955363 3.45385 0.318034 0.0142152 -0.86957 3.4109 0.3108
-0.96808 3.60639 0.317378 0.026798 -0.86957 3.4109 0.3108
-1.0151 3.54221 0.319667 0.0101499 -0.86957 3.4109 0.3108
-0.756991 3.61359 0.30827 0.0147606 -0.86957 3.4109 0.3108
-0.96808 3.60639 0.317378 0.026798 -0.86957 3.4109 0.3108
-0.766198 3.70783 0.313924 0.0130166 -0.86957 3.4109 0.3108
-0.955363 3.45385 0.318034 0.0142152 -0.86957 3.4109 0.3108
-0.657987 3.52659 0.311855 0.00733023 -0.86957 3.4109 0.3108
-0.96808 3.60639 0.317378 0.026798 -0.86957 3.4109 0.3108
-0.96808 3.60639 0.317378 0.026798 -0.86957 3.4109 0.3108
-1.0151 3.54221 0.319667 0.0101499 -0.86957 3.4109 0.3108
-1.0021 3.46079 0.314985 0.0141497 -0.86957 3.4109 0.3108
-1.0021 3.46079 0.314985 0.0141497 -0.86957 3.4109 0.3108
-0.766198 3.70783 0.313924 0.0130166 -0.86957 3.4109 0.3108
-0.96808 3.60639 0.317378 0.026798 -0.86957 3.4109 0.3108
-0.657987 3.52659 0.311855 0.00733023 -0.86957 3.4109 0.3108
-0.766198 3.70783 0.313924 0.0130166 -0.86957 3.4109 0.3108
-0.756991 3.61359 0.30827 0.0147606 -0.86957 3.4109 0.3108
-0.96808 3.60639 0.317378 0.026798 -0.86957 3.4109 0.3108
-0.766198 3.70783 0.313924 0.0130166 -0.86957 3.4109 0.3108
-0.566503 3.46961 0.310876 0.000511926 -0.86957 3.4109 0.3108
-0.756991 3.61359 0.30827 0.0147606 -0.86957 3.4109 0.3108
-0.96808 3.60639 0.317378 0.026798 -0.86957 3.4109 0.3108
-0.766198 3.70783 0.313924 0.0130166 -0.86957 3.4109 0.3108
-0.756991 3.61359 0.30827 0.0147606 -0.86957 3.4109 0.3108
-0.815659 3.62156 0.308766 0.0182485 -0.86957 3.4109 0.3108
-0.96808 3.60639 0.317378 0.026798 -0.86957 3.4109 0.3108
-0.566503 3.46961 0.310876 0.000511926 -0.86957 3.4109 0.3108
-0.96808 3.60639 0.317378 0.026798 -0.86957 3.4109 0.3108
-0.71971 3.58589 0.317422 0.00302388 -0.86957 3.4109 0.3108
-0.96808 3.60639 0.317378 0.026798 -0.86957 3.4109 0.3108
-0.643673 3.51727 0.308852 0.00431117 -0.86957 3.4109 0.3108
-0.96808 3.60639 0.317378 0.026798 -0.86957 3.4109 0.3108
-0.756991 3.61359 0.30827 0.0147606 -0.86957 3.4109 0.3108
-0.96808 3.60639 0.317378 0.026798 -0.86957 3.4109 0.3108
-1.0021 3.46079 0.314985 0.0141497 -0.86957 3.4109 0.3108
-0.657987 3.52659 0.311855 0.00733023 -0.86957 3.4109 0.3108
-0.71971 3.58589 0.317422 0.00302388 -0.86957 3.4109 0.3108
-1.0151 3.54221 0.319667 0.0101499 -0.86957 3.4109 0.3108
-0.766198 3.70783 0.313924 0.0130166 -0.86957 3.4109 0.3108
-0.847844 3.38594 0.315728 0.007189 -0.86957 3.4109 0.3108
-0.815659 3.62156 0.308766 0.0182485 -0.86957 3.4109 0.3108
-0.955363 3.45385 0.318034 0.0142152 -0.86957 3.4109 0.3108
-0.815659 3.62156 0.308766 0.0182485 -0.86957 3.4109 0.3108
-0.815659 3.62156 0.308766 0.0182485 -0.86957 3.4109 0.3108
-1.0021 3.46079 0.314985 0.0141497 -0.86957 3.4109 0.3108
-0.766198 3.70783 0.313924 0.0130166 -0.86957 3.4109 0.3108
-0.96808 3.60639 0.317378 0.026798 -0.86957 3.4109 0.3108
-0.815659 3.62156 0.308766 0.0182485 -0.86957 3.4109 0.3108
-0.96808 3.60639 0.317378 0.026798 -0.86957 3.4109 0.3108
-1.05764 3.33205 0.316281 0.000645074 -0.86957 3.4109 0.3108
-0.766198 3.70783 0.313924 0.0130166 -0.86957 3.4109 0.3108
-0.955363 3.45385 0.318034 0.0142152 -0.86957 3.4109 0.3108
-0.955363 3.45385 0.318034 0.0142152 -0.86957 3.4109 0.3108
-0.797673 3.82181 0.308433 0.00108801 -0.86957 3.4109 0.3108
-0.836477 3.76951 0.307886 0.00216676 -0.86957 3.4109 0.3108
-0.96808 3.60639 0.317378 0.026798 -0.86957 3.4109 0.3108
-1.0151 3.54221 0.319667 0.0101499 -0.86957 3.4109 0.3108
-1.0151 3.54221 0.319667 0.0101499 -0.86957 3.4109 0.3108
-1.0151 3.54221 0.319667 0.0101499 -0.86957 3.4109 0.3108
-0.847844 3.38594 0.315728 0.007189 -0.86957 3.4109 0.3108
-1.13156 3.5238 0.317427 0.00290392 -0.86957 3.4109 0.3108
-0.96808 3.60639 0.317378 0.026798 -0.86957 3.4109 0.3108
-0.847844 3.38594 0.315728 0.007189 -0.86957 3.4109 0.3108
-0.96808 3.60639 0.317378 0.026798 -0.86957 3.4109 0.3108
-1.0151 3.54221 0.319667 0.0101499 -0.86957 3.4109 0.3108
-1.0021 3.46079 0.314985 0.0141497 -0.86957 3.4109 0.3108
-0.96808 3.60639 0.317378 0.026798 -0.86957 3.4109 0.3108
-1.13156 3.5238 0.317427 0.00290392 -0.86957 3.4109 0.3108
-0.71971 3.58589 0.317422 0.00302388 -0.86957 3.4109 0.3108
-0.657987 3.52659 0.311855 0.00733023 -0.86957 3.4109 0.3108
-1.0151 3.54221 0.319667 0.0101499 -0.86957 3.4109 0.3108
-0.643673 3.51727 0.308852 0.00431117 -0.86957 3.4109 0.3108
-0.766198 3.70783 0.313924 0.0130166 -0.86957 3.4109 0.3108
-0.96808 3.60639 0.317378 0.026798 -0.86957 3.4109 0.3108
-0.815659 3.62156 0.308766 0.0182485 -0.86957 3.4109 0.3108
-0.756991 3.61359 0.30827 0.0147606 -0.86957 3.4109 0.3108
-0.758298 3.37729 0.308651 0.0011361 -0.86957 3.4109 0.3108
-0.96808 3.60639 0.317378 0.026798 -0.86957 3.4109 0.3108
-0.96808 3.60639 0.317378 0.026798 -0.86957 3.4109 0.3108
-0.657987 3.52659 0.311855 0.00733023 -0.86957 3.4109 0.3108
-1.0021 3.46079 0.314985 0.0141497 -0.86957 3.4109 0.3108
-0.756991 3.61359 0.30827 0.0147606 -0.86957 3.4109 0.3108
-0.657987 3.52659 0.311855 0.00733023 -0.86957 3.4109 0.3108
-0.756991 3.61359 0.30827 0.0147606 -0.86957 3.4109 0.3108
-0.955363 3.45385 0.318034 0.0142152 -0.86957 3.4109 0.3108
-0.657987 3.52659 0.311855 0.00733023 -0.86957 3.4109 0.3108
-0.815659 3.62156 0.308766 0.0182485 -0.86957 3.4109 0.3108
-0.766198 3.70783 0.313924 0.0130166 -0.86957 3.4109 0.3108
-0.815659 3.62156 0.308766 0.0182485 -0.86957 3.4109 0.3108
-0.756991 3.61359 0.30827 0.0147606 -0.86957 3.4109 0.3108
-0.766198 3.70783 0.313924 0.0130166 -0.86957 3.4109 0.3108
-0.847844 3.38594 0.315728 0.007189 -0.86957 3.4109 0.3108
-0.766198 3.70783 0.313924 0.0130166 -0.86957 3.4109 0.3108
-1.0021 3.46079 0.314985 0.0141497 -0.86957 3.4109 0.3108
-0.955363 3.45385 0.318034 0.0142152 -0.86957 3.4109 0.3108
-1.0021 3.46079 0.314985 0.0141497 -0.86957 3.4109 0.3108
-0.96808 3.60639 0.317378 0.026798 -0.86957 3.4109 0.3108
-1.0021 3.46079 0.314985 0.0141497 -0.86957 3.4109 0.3108
-0.955363 3.45385 0.318034 0.0142152 -0.86957 3.4109 0.3108
-0.847844 3.38594 0.315728 0.007189 -0.86957 3.4109 0.3108
-0.96808 3.60639 0.317378 0.026798 -0.86957 3.4109 0.3108
-0.847844 3.38594 0.315728 0.007189 -0.86957 3.4109 0.3108
-0.96808 3.60639 0.317378 0.026798 -0.86957 3.4109 0.3108
-0.96808 3.60639 0.317378 0.026798 -0.86957 3.4109 0.3108
-0.815659 3.62156 0.308766 0.0182485 -0.86957 3.4109 0.3108
-0.766198 3.70783 0.313924 0.0130166 -0.86957 3.4109 0.3108
-0.955363 3.45385 0.318034 0.0142152 -0.86957 3.4109 0.3108
-1.0151 3.54221 0.319667 0.0101499 -0.86957 3.4109 0.3108
-0.96808 3.60639 0.317378 0.026798 -0.86957 3.4109 0.3108
-0.756991 3.61359 0.30827 0.0147606 -0.86957 3.4109 0.3108
