202.881 -10.7445 3.08486 1.33777 202.78 -10.571 3.0839
202.727 -10.8307 3.09115 0.190128 202.78 -10.571 3.0839
202.637 -11.2867 3.07725 0.165914 202.78 -10.571 3.0839
202.823 -10.5758 3.09756 0.00288287 202.78 -10.571 3.0839
202.588 -10.7602 3.0808 0.654936 202.78 -10.571 3.0839
202.748 -10.8034 3.08948 0.513471 202.78 -10.571 3.0839
202.982 -10.7782 3.09194 0.550881 202.78 -10.571 3.0839
202.922 -10.8877 3.08643 2.12046 202.78 -10.571 3.0839
202.588 -10.7602 3.0808 0.654936 202.78 -10.571 3.0839
202.881 -10.7445 3.08486 1.33777 202.78 -10.571 3.0839
202.872 -10.5194 3.08815 0.0548809 202.78 -10.571 3.0839
203.327 -10.6155 3.0949 0.00569683 202.78 -10.571 3.0839
202.922 -10.8877 3.08643 2.12046 202.78 -10.571 3.0839
203.143 -10.6964 3.09142 0.156534 202.78 -10.571 3.0839
202.811 -10.7886 3.08532 1.93021 202.78 -10.571 3.0839
202.811 -10.7886 3.08532 1.93021 202.78 -10.571 3.0839
202.811 -10.7886 3.08532 1.93021 202.78 -10.571 3.0839
202.811 -10.7886 3.08532 1.93021 202.78 -10.571 3.0839
203.175 -10.7477 3.08543 0.0649984 202.78 -10.571 3.0839
202.56 -11.0526 3.07359 1.06163 202.78 -10.571 3.0839
202.588 -10.7602 3.0808 0.654936 202.78 -10.571 3.0839
202.882 -10.7873 3.08395 1.77775 202.78 -10.571 3.0839
202.882 -10.7873 3.08395 1.77775 202.78 -10.571 3.0839
202.982 -10.7782 3.09194 0.550881 202.78 -10.571 3.0839
203.088 -11.0361 3.08531 0.287765 202.78 -10.571 3.0839
202.588 -10.7602 3.0808 0.654936 202.78 -10.571 3.0839
202.588 -10.7602 3.0808 0.654936 202.78 -10.571 3.0839
202.922 -10.8877 3.08643 2.12046 202.78 -10.571 3.0839
202.588 -10.7602 3.0808 0.654936 202.78 -10.571 3.0839
202.921 -10.7578 3.08041 0.508708 202.78 -10.571 3.0839
203.001 -10.7081 3.09229 0.347469 202.78 -10.571 3.0839
202.881 -10.7445 3.08486 1.33777 202.78 -10.571 3.0839
202.922 -10.8877 3.08643 2.12046 202.78 -10.571 3.0839
202.882 -10.7873 3.08395 1.77775 202.78 -10.571 3.0839
202.882 -10.7873 3.08395 1.77775 202.78 -10.571 3.0839
202.881 -10.7445 3.08486 1.33777 202.78 -10.571 3.0839
202.982 -10.7782 3.09194 0.550881 202.78 -10.571 3.0839
203.001 -10.7081 3.09229 0.347469 202.78 -10.571 3.0839
202.811 -10.7886 3.08532 1.93021 202.78 -10.571 3.0839
202.922 -10.8877 3.08643 2.12046 202.78 -10.571 3.0839
202.811 -10.7886 3.08532 1.93021 202.78 -10.571 3.0839
202.56 -11.0526 3.07359 1.06163 202.78 -10.571 3.0839
202.922 -10.8877 3.08643 2.12046 202.78 -10.571 3.0839
202.811 -10.7886 3.08532 1.93021 202.78 -10.571 3.0839
202.882 -10.7873 3.08395 1.77775 202.78 -10.571 3.0839
202.882 -10.7873 3.08395 1.77775 202.78 -10.571 3.0839
203.143 -10.6964 3.09142 0.156534 202.78 -10.571 3.0839
202.811 -10.7886 3.08532 1.93021 202.78 -10.571 3.0839
203.088 -11.0361 3.08531 0.287765 202.78 -10.571 3.0839
202.679 -10.5629 3.08306 0.0660943 202.78 -10.571 3.0839
202.922 -10.8877 3.08643 2.12046 202.78 -10.571 3.0839
202.811 -10.7886 3.08532 1.93021 202.78 -10.571 3.0839
202.921 -10.7578 3.08041 0.508708 202.78 -10.571 3.0839
202.56 -11.0526 3.07359 1.06163 202.78 -10.571 3.0839
202.882 -10.7873 3.08395 1.77775 202.78 -10.571 3.0839
202.881 -10.7445 3.08486 1.33777 202.78 -10.571 3.0839
202.982 -10.7782 3.09194 0.550881 202.78 -10.571 3.0839
202.882 -10.7873 3.08395 1.77775 202.78 -10.571 3.0839
202.922 -10.8877 3.08643 2.12046 202.78 -10.571 3.0839
202.881 -10.7445 3.08486 1.33777 202.78 -10.571 3.0839
202.867 -10.5467 3.09266 0.0373647 202.78 -10.571 3.0839
202.637 -11.2867 3.07725 0.165914 202.78 -10.571 3.0839
202.56 -11.0526 3.07359 1.06163 202.78 -10.571 3.0839
202.588 -10.7602 3.0808 0.654936 202.78 -10.571 3.0839
203.175 -10.7477 3.08543 0.0649984 202.78 -10.571 3.0839
202.882 -10.7873 3.08395 1.77775 202.78 -10.571 3.0839
202.748 -10.8034 3.08948 0.513471 202.78 -10.571 3.0839
202.811 -10.7886 3.08532 1.93021 202.78 -10.571 3.0839
202.922 -10.8877 3.08643 2.12046 202.78 -10.571 3.0839
203.001 -10.7081 3.09229 0.347469 202.78 -10.571 3.0839
202.588 -10.7602 3.0808 0.654936 202.78 -10.571 3.0839
202.921 -10.7578 3.08041 0.508708 202.78 -10.571 3.0839
202.637 -11.2867 3.07725 0.165914 202.78 -10.571 3.0839
202.922 -10.8877 3.08643 2.12046 202.78 -10.571 3.0839
202.881 -10.7445 3.08486 1.33777 202.78 -10.571 3.0839
202.881 -10.7445 3.08486 1.33777 202.78 -10.571 3.0839
202.811 -10.7886 3.08532 1.93021 202.78 -10.571 3.0839
203.143 -10.6964 3.09142 0.156534 202.78 -10.571 3.0839
202.922 -10.8877 3.08643 2.12046 202.78 -10.571 3.0839
202.881 -10.7445 3.08486 1.33777 202.78 -10.571 3.0839
202.867 -10.5467 3.09266 0.0373647 202.78 -10.571 3.0839
202.811 -10.7886 3.08532 1.93021 202.78 -10.571 3.0839
202.748 -10.8034 3.08948 0.513471 202.78 -10.571 3.0839
202.811 -10.7886 3.08532 1.93021 202.78 -10.571 3.0839
202.811 -10.7886 3.08532 1.93021 202.78 -10.571 3.0839
202.588 -10.7602 3.0808 0.654936 202.78 -10.571 3.0839
202.982 -10.7782 3.09194 0.550881 202.78 -10.571 3.0839
202.918 -10.6495 3.09051 0.314376 202.78 -10.571 3.0839
202.882 -10.7873 3.08395 1.77775 202.78 -10.571 3.0839
202.882 -10.7873 3.08395 1.77775 202.78 -10.571 3.0839
202.882 -10.7873 3.08395 1.77775 202.78 -10.571 3.0839
202.881 -10.7445 3.08486 1.33777 202.78 -10.571 3.0839
202.922 -10.8877 3.08643 2.12046 202.78 -10.571 3.0839
202.882 -10.7873 3.08395 1.77775 202.78 -10.571 3.0839
202.881 -10.7445 3.08486 1.33777 202.78 -10.571 3.0839
202.67 -10.6428 3.0846 0.226571 202.78 -10.571 3.0839
202.811 -10.7886 3.08532 1.93021 202.78 -10.571 3.0839
203.175 -10.7477 3.08543 0.0649984 202.78 -10.571 3.0839
202.56 -11.0526 3.07359 1.06163 202.78 -10.571 3.0839
202.811 -10.7886 3.08532 1.93021 202.78 -10.571 3.0839
202.823 -10.8652 3.09459 0.0685645 202.78 -10.571 3.0839
203.195 -10.6279 3.0906 0.0406086 202.78 -10.571 3.0839
202.898 -10.4432 3.09266 0.00657473 202.78 -10.571 3.0839
202.881 -10.7445 3.08486 1.33777 202.78 -10.571 3.0839
202.881 -10.7445 3.08486 1.33777 202.78 -10.571 3.0839
202.982 -10.7782 3.09194 0.550881 202.78 -10.571 3.0839
202.56 -11.0526 3.07359 1.06163 202.78 -10.571 3.0839
202.881 -10.7445 3.08486 1.33777 202.78 -10.571 3.0839
202.811 -10.7886 3.08532 1.93021 202.78 -10.571 3.0839
202.921 -10.7578 3.08041 0.508708 202.78 -10.571 3.0839
203.001 -10.7081 3.09229 0.347469 202.78 -10.571 3.0839
202.881 -10.7445 3.08486 1.33777 202.78 -10.571 3.0839
202.918 -10.6495 3.09051 0.314376 202.78 -10.571 3.0839
202.882 -10.7873 3.08395 1.77775 202.78 -10.571 3.0839
202.881 -10.7445 3.08486 1.33777 202.78 -10.571 3.0839
202.811 -10.7886 3.08532 1.93021 202.78 -10.571 3.0839
202.922 -10.8877 3.08643 2.12046 202.78 -10.571 3.0839
202.881 -10.7445 3.08486 1.33777 202.78 -10.571 3.0839
202.922 -10.8877 3.08643 2.12046 202.78 -10.571 3.0839
202.811 -10.7886 3.08532 1.93021 202.78 -10.571 3.0839
202.855 -11.0667 3.07401 0.244267 202.78 -10.571 3.0839
202.718 -10.5352 3.08819 0.0318363 202.78 -10.571 3.0839
202.922 -10.8877 3.08643 2.12046 202.78 -10.571 3.0839
202.811 -10.7886 3.08532 1.93021 202.78 -10.571 3.0839
202.922 -10.8877 3.08643 2.12046 202.78 -10.571 3.0839
202.631 -10.5957 3.08067 0.0799964 202.78 -10.571 3.0839
202.922 -10.8877 3.08643 2.12046 202.78 -10.571 3.0839
202.922 -10.8877 3.08643 2.12046 202.78 -10.571 3.0839
202.811 -10.7886 3.08532 1.93021 202.78 -10.571 3.0839
202.56 -11.0526 3.07359 1.06163 202.78 -10.571 3.0839
202.922 -10.8877 3.08643 2.12046 202.78 -10.571 3.0839
202.56 -11.0526 3.07359 1.06163 202.78 -10.571 3.0839
202.881 -10.7445 3.08486 1.33777 202.78 -10.571 3.0839
202.855 -11.0667 3.07401 0.244267 202.78 -10.571 3.0839
202.727 -10.8307 3.09115 0.190128 202.78 -10.571 3.0839
202.67 -10.6428 3.0846 0.226571 202.78 -10.571 3.0839
202.855 -11.0667 3.07401 0.244267 202.78 -10.571 3.0839
202.982 -10.7782 3.09194 0.550881 202.78 -10.571 3.0839
202.56 -11.0526 3.07359 1.06163 202.78 -10.571 3.0839
202.881 -10.7445 3.08486 1.33777 202.78 -10.571 3.0839
202.811 -10.7886 3.08532 1.93021 202.78 -10.571 3.0839
202.982 -10.7782 3.09194 0.550881 202.78 -10.571 3.0839
202.882 -10.7873 3.08395 1.77775 202.78 -10.571 3.0839
202.855 -11.0667 3.07401 0.244267 202.78 -10.571 3.0839
202.588 -10.7602 3.0808 0.654936 202.78 -10.571 3.0839
203.115 -10.7179 3.08372 0.0785219 202.78 -10.571 3.0839
202.811 -10.7886 3.08532 1.93021 202.78 -10.571 3.0839
203.143 -10.6964 3.09142 0.156534 202.78 -10.571 3.0839
202.726 -10.8715 3.09279 0.0657919 202.78 -10.571 3.0839
202.748 -10.8034 3.08948 0.513471 202.78 -10.571 3.0839
202.811 -10.7886 3.08532 1.93021 202.78 -10.571 3.0839
203.175 -10.7477 3.08543 0.0649984 202.78 -10.571 3.0839
202.881 -10.7445 3.08486 1.33777 202.78 -10.571 3.0839
202.921 -10.7578 3.08041 0.508708 202.78 -10.571 3.0839
202.748 -10.8034 3.08948 0.513471 202.78 -10.571 3.0839
202.56 -11.0526 3.07359 1.06163 202.78 -10.571 3.0839
202.631 -10.5957 3.08067 0.0799964 202.78 -10.571 3.0839
202.882 -10.7873 3.08395 1.77775 202.78 -10.571 3.0839
202.881 -10.7445 3.08486 1.33777 202.78 -10.571 3.0839
202.881 -10.7445 3.08486 1.33777 202.78 -10.571 3.0839
202.888 -10.5967 3.08467 0.189177 202.78 -10.571 3.0839
202.748 -10.8034 3.08948 0.513471 202.78 -10.571 3.0839
202.982 -10.7782 3.09194 0.550881 202.78 -10.571 3.0839
202.922 -10.8877 3.08643 2.12046 202.78 -10.571 3.0839
202.56 -11.0526 3.07359 1.06163 202.78 -10.571 3.0839
202.811 -10.7886 3.08532 1.93021 202.78 -10.571 3.0839
202.67 -10.6428 3.0846 0.226571 202.78 -10.571 3.0839
202.921 -10.7578 3.08041 0.508708 202.78 -10.571 3.0839
202.811 -10.7886 3.08532 1.93021 202.78 -10.571 3.0839
202.882 -10.7873 3.08395 1.77775 202.78 -10.571 3.0839
202.922 -10.8877 3.08643 2.12046 202.78 -10.571 3.0839
202.56 -11.0526 3.07359 1.06163 202.78 -10.571 3.0839
202.811 -10.7886 3.08532 1.93021 202.78 -10.571 3.0839
202.588 -10.7602 3.0808 0.654936 202.78 -10.571 3.0839
202.811 -10.7886 3.08532 1.93021 202.78 -10.571 3.0839
202.922 -10.8877 3.08643 2.12046 202.78 -10.571 3.0839
202.882 -10.7873 3.08395 1.77775 202.78 -10.571 3.0839
202.811 -10.7886 3.08532 1.93021 202.78 -10.571 3.0839
202.811 -10.7886 3.08532 1.93021 202.78 -10.571 3.0839
202.882 -10.7873 3.08395 1.77775 202.78 -10.571 3.0839
202.922 -10.8877 3.08643 2.12046 202.78 -10.571 3.0839
202.811 -10.7886 3.08532 1.93021 202.78 -10.571 3.0839
203.088 -11.0361 3.08531 0.287765 202.78 -10.571 3.0839
203.001 -10.7081 3.09229 0.347469 202.78 -10.571 3.0839
202.882 -10.7873 3.08395 1.77775 202.78 -10.571 3.0839
202.882 -10.7873 3.08395 1.77775 202.78 -10.571 3.0839
203.001 -10.7081 3.09229 0.347469 202.78 -10.571 3.0839
202.56 -11.0526 3.07359 1.06163 202.78 -10.571 3.0839
202.922 -10.8877 3.08643 2.12046 202.78 -10.571 3.0839
202.811 -10.7886 3.08532 1.93021 202.78 -10.571 3.0839
202.56 -11.0526 3.07359 1.06163 202.78 -10.571 3.0839
202.888 -10.5967 3.08467 0.189177 202.78 -10.571 3.0839
202.882 -10.7873 3.08395 1.77775 202.78 -10.571 3.0839
202.921 -10.7578 3.08041 0.508708 202.78 -10.571 3.0839
202.882 -10.7873 3.08395 1.77775 202.78 -10.571 3.0839
202.918 -10.6495 3.09051 0.314376 202.78 -10.571 3.0839
202.882 -10.7873 3.08395 1.77775 202.78 -10.571 3.0839
202.882 -10.7873 3.08395 1.77775 202.78 -10.571 3.0839
202.679 -10.5629 3.08306 0.0660943 202.78 -10.571 3.0839
203.088 -11.0361 3.08531 0.287765 202.78 -10.571 3.0839
