121.093 -21.0604 3.37959 0.00286988 121.01 -20.961 3.394
120.93 -21.1294 3.38151 0.00643668 121.01 -20.961 3.394
120.9 -21.0974 3.38228 0.00629489 121.01 -20.961 3.394
120.894 -21.1918 3.38925 0.00227689 121.01 -20.961 3.394
121.372 -20.9379 3.39185 0.00430687 121.01 -20.961 3.394
120.755 -21.0153 3.39031 9.369e-05 121.01 -20.961 3.394
121.305 -21.0779 3.38972 0.0144217 121.01 -20.961 3.394
120.93 -21.1294 3.38151 0.00643668 121.01 -20.961 3.394
121.253 -21.1136 3.39261 0.014346 121.01 -20.961 3.394
121.305 -21.0779 3.38972 0.0144217 121.01 -20.961 3.394
121.059 -20.8672 3.382 0.00219827 121.01 -20.961 3.394
120.9 -21.0974 3.38228 0.00629489 121.01 -20.961 3.394
121.215 -21.0095 3.3864 0.0138621 121.01 -20.961 3.394
121.372 -20.9379 3.39185 0.00430687 121.01 -20.961 3.394
121.253 -21.1136 3.39261 0.014346 121.01 -20.961 3.394
121.253 -21.1136 3.39261 0.014346 121.01 -20.961 3.394
121.076 -20.8864 3.38744 0.00626487 121.01 -20.961 3.394
120.902 -21.1703 3.38486 0.00638613 121.01 -20.961 3.394
120.904 -21.0353 3.38387 0.00673524 121.01 -20.961 3.394
121.253 -21.1136 3.39261 0.014346 121.01 -20.961 3.394
120.968 -21.2366 3.3855 0.00761777 121.01 -20.961 3.394
121.372 -20.9379 3.39185 0.00430687 121.01 -20.961 3.394
120.915 -21.1921 3.37716 0.000967404 121.01 -20.961 3.394
120.869 -20.9166 3.39178 0.000233241 121.01 -20.961 3.394
120.84 -20.9857 3.38457 0.00253267 121.01 -20.961 3.394
120.915 -21.1921 3.37716 0.000967404 121.01 -20.961 3.394
120.968 -21.2366 3.3855 0.00761777 121.01 -20.961 3.394
120.755 -21.0153 3.39031 9.369e-05 121.01 -20.961 3.394
121.006 -21.4468 3.38243 0.000362785 121.01 -20.961 3.394
121.253 -21.1136 3.39261 0.014346 121.01 -20.961 3.394
121.166 -21.134 3.3841 0.0124213 121.01 -20.961 3.394
121.059 -20.8672 3.382 0.00219827 121.01 -20.961 3.394
121.305 -21.0779 3.38972 0.0144217 121.01 -20.961 3.394
121.188 -21.1289 3.38256 0.00622115 121.01 -20.961 3.394
121.253 -21.1136 3.39261 0.014346 121.01 -20.961 3.394
120.902 -21.1703 3.38486 0.00638613 121.01 -20.961 3.394
121.215 -21.0095 3.3864 0.0138621 121.01 -20.961 3.394
120.894 -21.1918 3.38925 0.00227689 121.01 -20.961 3.394
121.305 -21.0779 3.38972 0.0144217 121.01 -20.961 3.394
121.215 -21.0095 3.3864 0.0138621 121.01 -20.961 3.394
120.9 -21.0974 3.38228 0.00629489 121.01 -20.961 3.394
121.372 -20.9379 3.39185 0.00430687 121.01 -20.961 3.394
121.215 -21.0095 3.3864 0.0138621 121.01 -20.961 3.394
121.076 -20.8864 3.38744 0.00626487 121.01 -20.961 3.394
121.305 -21.0779 3.38972 0.0144217 121.01 -20.961 3.394
121.093 -21.0604 3.37959 0.00286988 121.01 -20.961 3.394
121.305 -21.0779 3.38972 0.0144217 121.01 -20.961 3.394
120.837 -20.9943 3.38398 0.0026772 121.01 -20.961 3.394
120.904 -21.0353 3.38387 0.00673524 121.01 -20.961 3.394
121.166 -21.134 3.3841 0.0124213 121.01 -20.961 3.394
121.188 -21.1289 3.38256 0.00622115 121.01 -20.961 3.394
120.902 -21.1703 3.38486 0.00638613 121.01 -20.961 3.394
121.059 -20.8672 3.382 0.00219827 121.01 -20.961 3.394
121.188 -21.1289 3.38256 0.00622115 121.01 -20.961 3.394
121.229 -20.8043 3.38766 0.00173722 121.01 -20.961 3.394
120.908 -20.8893 3.38052 0.00138627 121.01 -20.961 3.394
121.215 -21.0095 3.3864 0.0138621 121.01 -20.961 3.394
121.166 -21.134 3.3841 0.0124213 121.01 -20.961 3.394
120.968 -21.2366 3.3855 0.00761777 121.01 -20.961 3.394
120.908 -20.8893 3.38052 0.00138627 121.01 -20.961 3.394
120.904 -21.0353 3.38387 0.00673524 121.01 -20.961 3.394
121.253 -21.1136 3.39261 0.014346 121.01 -20.961 3.394
120.968 -21.2366 3.3855 0.00761777 121.01 -20.961 3.394
121.253 -21.1136 3.39261 0.014346 121.01 -20.961 3.394
121.253 -21.1136 3.39261 0.014346 121.01 -20.961 3.394
121.076 -20.8864 3.38744 0.00626487 121.01 -20.961 3.394
121.084 -20.7304 3.39259 0.00017994 121.01 -20.961 3.394
121.188 -21.1289 3.38256 0.00622115 121.01 -20.961 3.394
121.215 -21.0095 3.3864 0.0138621 121.01 -20.961 3.394
121.215 -21.0095 3.3864 0.0138621 121.01 -20.961 3.394
120.9 -21.0974 3.38228 0.00629489 121.01 -20.961 3.394
120.968 -21.2366 3.3855 0.00761777 121.01 -20.961 3.394
121.397 -20.8344 3.38975 0.000866848 121.01 -20.961 3.394
120.93 -21.1294 3.38151 0.00643668 121.01 -20.961 3.394
120.84 -20.9857 3.38457 0.00253267 121.01 -20.961 3.394
121.003 -20.8385 3.38603 0.00247273 121.01 -20.961 3.394
120.902 -21.1703 3.38486 0.00638613 121.01 -20.961 3.394
121.253 -21.1136 3.39261 0.014346 121.01 -20.961 3.394
120.93 -21.1294 3.38151 0.00643668 121.01 -20.961 3.394
120.902 -21.1703 3.38486 0.00638613 121.01 -20.961 3.394
121.215 -21.0095 3.3864 0.0138621 121.01 -20.961 3.394
121.215 -21.0095 3.3864 0.0138621 121.01 -20.961 3.394
121.305 -21.0779 3.38972 0.0144217 121.01 -20.961 3.394
121.099 -20.6381 3.38335 3.76631e-05 121.01 -20.961 3.394
121.243 -20.8335 3.39743 0.000320718 121.01 -20.961 3.394
121.215 -21.0095 3.3864 0.0138621 121.01 -20.961 3.394
120.852 -20.841 3.38402 0.000690075 121.01 -20.961 3.394
121.305 -21.0779 3.38972 0.0144217 121.01 -20.961 3.394
121.019 -20.6437 3.39417 5.76561e-06 121.01 -20.961 3.394
121.093 -21.0604 3.37959 0.00286988 121.01 -20.961 3.394
120.902 -21.1703 3.38486 0.00638613 121.01 -20.961 3.394
121.305 -21.0779 3.38972 0.0144217 121.01 -20.961 3.394
120.904 -21.0353 3.38387 0.00673524 121.01 -20.961 3.394
120.869 -20.9166 3.39178 0.000233241 121.01 -20.961 3.394
121.166 -21.134 3.3841 0.0124213 121.01 -20.961 3.394
121.007 -20.8432 3.39152 0.00090456 121.01 -20.961 3.394
120.908 -20.8893 3.38052 0.00138627 121.01 -20.961 3.394
120.888 -20.8825 3.38607 0.00155373 121.01 -20.961 3.394
121.215 -21.0095 3.3864 0.0138621 121.01 -20.961 3.394
121.076 -20.8864 3.38744 0.00626487 121.01 -20.961 3.394
121.215 -21.0095 3.3864 0.0138621 121.01 -20.961 3.394
121.305 -21.0779 3.38972 0.0144217 121.01 -20.961 3.394
121.003 -20.8385 3.38603 0.00247273 121.01 -20.961 3.394
120.902 -21.1703 3.38486 0.00638613 121.01 -20.961 3.394
120.84 -20.9857 3.38457 0.00253267 121.01 -20.961 3.394
121.007 -20.8432 3.39152 0.00090456 121.01 -20.961 3.394
121.253 -21.1136 3.39261 0.014346 121.01 -20.961 3.394
120.902 -21.1703 3.38486 0.00638613 121.01 -20.961 3.394
120.968 -21.2366 3.3855 0.00761777 121.01 -20.961 3.394
121.188 -21.1289 3.38256 0.00622115 121.01 -20.961 3.394
121.225 -20.8313 3.39646 0.000476636 121.01 -20.961 3.394
120.837 -20.9943 3.38398 0.0026772 121.01 -20.961 3.394
120.904 -21.0353 3.38387 0.00673524 121.01 -20.961 3.394
121.305 -21.0779 3.38972 0.0144217 121.01 -20.961 3.394
121.215 -21.0095 3.3864 0.0138621 121.01 -20.961 3.394
120.997 -21.0792 3.39165 0.00467609 121.01 -20.961 3.394
120.84 -20.9857 3.38457 0.00253267 121.01 -20.961 3.394
120.961 -20.8986 3.3773 0.000461671 121.01 -20.961 3.394
120.968 -21.2366 3.3855 0.00761777 121.01 -20.961 3.394
121.253 -21.1136 3.39261 0.014346 121.01 -20.961 3.394
121.423 -21.1149 3.39526 0.0039112 121.01 -20.961 3.394
120.9 -21.0974 3.38228 0.00629489 121.01 -20.961 3.394
121.003 -20.8385 3.38603 0.00247273 121.01 -20.961 3.394
121.076 -20.8864 3.38744 0.00626487 121.01 -20.961 3.394
120.904 -21.0353 3.38387 0.00673524 121.01 -20.961 3.394
121.305 -21.0779 3.38972 0.0144217 121.01 -20.961 3.394
121.215 -21.0095 3.3864 0.0138621 121.01 -20.961 3.394
121.229 -20.8043 3.38766 0.00173722 121.01 -20.961 3.394
120.997 -21.0792 3.39165 0.00467609 121.01 -20.961 3.394
121.305 -21.0779 3.38972 0.0144217 121.01 -20.961 3.394
120.84 -20.9857 3.38457 0.00253267 121.01 -20.961 3.394
121.076 -20.8864 3.38744 0.00626487 121.01 -20.961 3.394
120.93 -21.1294 3.38151 0.00643668 121.01 -20.961 3.394
121.006 -21.4468 3.38243 0.000362785 121.01 -20.961 3.394
121.372 -20.9379 3.39185 0.00430687 121.01 -20.961 3.394
121.253 -21.1136 3.39261 0.014346 121.01 -20.961 3.394
121.166 -21.134 3.3841 0.0124213 121.01 -20.961 3.394
121.166 -21.134 3.3841 0.0124213 121.01 -20.961 3.394
121.305 -21.0779 3.38972 0.0144217 121.01 -20.961 3.394
121.253 -21.1136 3.39261 0.014346 121.01 -20.961 3.394
121.225 -20.8313 3.39646 0.000476636 121.01 -20.961 3.394
120.693 -20.8823 3.38159 0.000113859 121.01 -20.961 3.394
121.166 -21.134 3.3841 0.0124213 121.01 -20.961 3.394
121.003 -20.8385 3.38603 0.00247273 121.01 -20.961 3.394
121.059 -20.8672 3.382 0.00219827 121.01 -20.961 3.394
121.215 -21.0095 3.3864 0.0138621 121.01 -20.961 3.394
120.857 -21.2254 3.37808 0.000976008 121.01 -20.961 3.394
121.253 -21.1136 3.39261 0.014346 121.01 -20.961 3.394
121.305 -21.0779 3.38972 0.0144217 121.01 -20.961 3.394
121.253 -21.1136 3.39261 0.014346 121.01 -20.961 3.394
120.968 -21.2366 3.3855 0.00761777 121.01 -20.961 3.394
121.423 -21.1149 3.39526 0.0039112 121.01 -20.961 3.394
121.166 -21.134 3.3841 0.0124213 121.01 -20.961 3.394
120.983 -20.8089 3.39012 0.000673268 121.01 -20.961 3.394
121.226 -21.0007 3.3984 0.000893426 121.01 -20.961 3.394
120.93 -21.1294 3.38151 0.00643668 121.01 -20.961 3.394
121.305 -21.0779 3.38972 0.0144217 121.01 -20.961 3.394
121.305 -21.0779 3.38972 0.0144217 121.01 -20.961 3.394
120.84 -20.9857 3.38457 0.00253267 121.01 -20.961 3.394
121.215 -21.0095 3.3864 0.0138621 121.01 -20.961 3.394
121.305 -21.0779 3.38972 0.0144217 121.01 -20.961 3.394
121.076 -20.8864 3.38744 0.00626487 121.01 -20.961 3.394
121.215 -21.0095 3.3864 0.0138621 121.01 -20.961 3.394
120.9 -21.0974 3.38228 0.00629489 121.01 -20.961 3.394
121.093 -21.0604 3.37959 0.00286988 121.01 -20.961 3.394
120.904 -21.0353 3.38387 0.00673524 121.01 -20.961 3.394
121.215 -21.0095 3.3864 0.0138621 121.01 -20.961 3.394
120.902 -21.1703 3.38486 0.00638613 121.01 -20.961 3.394
121.166 -21.134 3.3841 0.0124213 121.01 -20.961 3.394
121.166 -21.134 3.3841 0.0124213 121.01 -20.961 3.394
121.166 -21.134 3.3841 0.0124213 121.01 -20.961 3.394
121.243 -20.8335 3.39743 0.000320718 121.01 -20.961 3.394
121.066 -20.8361 3.38004 0.000646057 121.01 -20.961 3.394
121.188 -21.1289 3.38256 0.00622115 121.01 -20.961 3.394
120.904 -21.0353 3.38387 0.00673524 121.01 -20.961 3.394
121.003 -20.8385 3.38603 0.00247273 121.01 -20.961 3.394
121.372 -20.9379 3.39185 0.00430687 121.01 -20.961 3.394
120.997 -21.0792 3.39165 0.00467609 121.01 -20.961 3.394
121.423 -21.1149 3.39526 0.0039112 121.01 -20.961 3.394
120.93 -21.1294 3.38151 0.00643668 121.01 -20.961 3.394
121.355 -20.9954 3.38321 0.000829299 121.01 -20.961 3.394
121.253 -21.1136 3.39261 0.014346 121.01 -20.961 3.394
121.188 -21.1289 3.38256 0.00622115 121.01 -20.961 3.394
121.093 -21.0604 3.37959 0.00286988 121.01 -20.961 3.394
120.915 -21.1921 3.37716 0.000967404 121.01 -20.961 3.394
120.902 -21.1703 3.38486 0.00638613 121.01 -20.961 3.394
120.968 -21.2366 3.3855 0.00761777 121.01 -20.961 3.394
121.253 -21.1136 3.39261 0.014346 121.01 -20.961 3.394
120.997 -21.0792 3.39165 0.00467609 121.01 -20.961 3.394
121.076 -20.8864 3.38744 0.00626487 121.01 -20.961 3.394
121.253 -21.1136 3.39261 0.014346 121.01 -20.961 3.394
121.305 -21.0779 3.38972 0.0144217 121.01 -20.961 3.394
120.9 -21.0974 3.38228 0.00629489 121.01 -20.961 3.394
121.025 -20.9239 3.381 0.00305313 121.01 -20.961 3.394
120.968 -21.2366 3.3855 0.00761777 121.01 -20.961 3.394
121.215 -21.0095 3.3864 0.0138621 121.01 -20.961 3.394
120.997 -21.0792 3.39165 0.00467609 121.01 -20.961 3.394
121.372 -20.9379 3.39185 0.00430687 121.01 -20.961 3.394
121.093 -21.0604 3.37959 0.00286988 121.01 -20.961 3.394
120.9 -21.0974 3.38228 0.00629489 121.01 -20.961 3.394
