100.126 -26.7577 3.44322 0.0447357 100.19 -26.828 3.4398
100.085 -26.6017 3.43874 0.0246679 100.19 -26.828 3.4398
100.18 -26.6073 3.43858 0.0168291 100.19 -26.828 3.4398
100.024 -26.7206 3.44759 0.00641804 100.19 -26.828 3.4398
100.124 -26.6168 3.44069 0.0323687 100.19 -26.828 3.4398
100.126 -26.7577 3.44322 0.0447357 100.19 -26.828 3.4398
99.9452 -26.9752 3.43089 0.00306415 100.19 -26.828 3.4398
100.007 -26.7811 3.43111 0.00457615 100.19 -26.828 3.4398
99.9522 -26.8224 3.43521 0.0287386 100.19 -26.828 3.4398
100.212 -26.7243 3.43776 0.0238648 100.19 -26.828 3.4398
99.96 -26.7109 3.43806 0.0404557 100.19 -26.828 3.4398
100.072 -26.7538 3.44482 0.0279157 100.19 -26.828 3.4398
100.023 -26.8941 3.44251 0.0267011 100.19 -26.828 3.4398
99.7969 -26.881 3.43396 0.00544818 100.19 -26.828 3.4398
99.9522 -26.8224 3.43521 0.0287386 100.19 -26.828 3.4398
99.9617 -26.6796 3.44322 0.0246838 100.19 -26.828 3.4398
100.124 -26.6168 3.44069 0.0323687 100.19 -26.828 3.4398
100.18 -26.6073 3.43858 0.0168291 100.19 -26.828 3.4398
99.96 -26.7109 3.43806 0.0404557 100.19 -26.828 3.4398
100.246 -26.9755 3.43509 0.00407327 100.19 -26.828 3.4398
100.085 -26.6017 3.43874 0.0246679 100.19 -26.828 3.4398
99.96 -26.7109 3.43806 0.0404557 100.19 -26.828 3.4398
100.124 -26.6168 3.44069 0.0323687 100.19 -26.828 3.4398
100.126 -26.7577 3.44322 0.0447357 100.19 -26.828 3.4398
100.124 -26.6168 3.44069 0.0323687 100.19 -26.828 3.4398
100.085 -26.6017 3.43874 0.0246679 100.19 -26.828 3.4398
99.7969 -26.881 3.43396 0.00544818 100.19 -26.828 3.4398
100.246 -26.9755 3.43509 0.00407327 100.19 -26.828 3.4398
99.8948 -26.7223 3.44531 0.00647534 100.19 -26.828 3.4398
100.042 -27.2733 3.43823 9.50616e-05 100.19 -26.828 3.4398
100.199 -26.6324 3.45035 0.00153224 100.19 -26.828 3.4398
100.212 -26.7243 3.43776 0.0238648 100.19 -26.828 3.4398
100.043 -26.9973 3.44042 0.0156337 100.19 -26.828 3.4398
99.8932 -26.9122 3.43568 0.0174948 100.19 -26.828 3.4398
99.8932 -26.9122 3.43568 0.0174948 100.19 -26.828 3.4398
99.8932 -26.9122 3.43568 0.0174948 100.19 -26.828 3.4398
100.13 -26.8278 3.44016 0.0557338 100.19 -26.828 3.4398
100.072 -26.7538 3.44482 0.0279157 100.19 -26.828 3.4398
100.308 -26.7105 3.43864 0.00921808 100.19 -26.828 3.4398
100.308 -26.7105 3.43864 0.00921808 100.19 -26.828 3.4398
100.117 -26.9203 3.43501 0.0183099 100.19 -26.828 3.4398
100.023 -26.8941 3.44251 0.0267011 100.19 -26.828 3.4398
100.023 -26.8941 3.44251 0.0267011 100.19 -26.828 3.4398
100.18 -26.6073 3.43858 0.0168291 100.19 -26.828 3.4398
100.043 -26.9973 3.44042 0.0156337 100.19 -26.828 3.4398
99.8759 -27.1469 3.43795 0.000805193 100.19 -26.828 3.4398
100.007 -26.7811 3.43111 0.00457615 100.19 -26.828 3.4398
99.96 -26.7109 3.43806 0.0404557 100.19 -26.828 3.4398
100.13 -26.8278 3.44016 0.0557338 100.19 -26.828 3.4398
99.96 -26.7109 3.43806 0.0404557 100.19 -26.828 3.4398
99.96 -26.7109 3.43806 0.0404557 100.19 -26.828 3.4398
100.399 -26.7979 3.44367 0.00316691 100.19 -26.828 3.4398
100.085 -26.6017 3.43874 0.0246679 100.19 -26.828 3.4398
100.13 -26.8278 3.44016 0.0557338 100.19 -26.828 3.4398
99.9522 -26.8224 3.43521 0.0287386 100.19 -26.828 3.4398
99.9312 -26.9525 3.43118 0.00392101 100.19 -26.828 3.4398
100.126 -26.7577 3.44322 0.0447357 100.19 -26.828 3.4398
100.212 -26.7243 3.43776 0.0238648 100.19 -26.828 3.4398
100.212 -26.7243 3.43776 0.0238648 100.19 -26.828 3.4398
100.126 -26.7577 3.44322 0.0447357 100.19 -26.828 3.4398
99.8932 -26.9122 3.43568 0.0174948 100.19 -26.828 3.4398
100.13 -26.8278 3.44016 0.0557338 100.19 -26.828 3.4398
100.127 -26.8966 3.43439 0.0156026 100.19 -26.828 3.4398
100.126 -26.7577 3.44322 0.0447357 100.19 -26.828 3.4398
100.212 -26.7243 3.43776 0.0238648 100.19 -26.828 3.4398
100.18 -26.6073 3.43858 0.0168291 100.19 -26.828 3.4398
100.085 -26.6017 3.43874 0.0246679 100.19 -26.828 3.4398
100.085 -26.6017 3.43874 0.0246679 100.19 -26.828 3.4398
100.303 -26.5189 3.44229 0.00330054 100.19 -26.828 3.4398
99.96 -26.7109 3.43806 0.0404557 100.19 -26.828 3.4398
100.126 -26.7577 3.44322 0.0447357 100.19 -26.828 3.4398
100.199 -26.6324 3.45035 0.00153224 100.19 -26.828 3.4398
99.96 -26.7109 3.43806 0.0404557 100.19 -26.828 3.4398
100.154 -27.0327 3.43845 0.00912995 100.19 -26.828 3.4398
100.127 -26.8966 3.43439 0.0156026 100.19 -26.828 3.4398
100.072 -26.7538 3.44482 0.0279157 100.19 -26.828 3.4398
100.043 -26.9973 3.44042 0.0156337 100.19 -26.828 3.4398
100.043 -26.9973 3.44042 0.0156337 100.19 -26.828 3.4398
100.126 -26.7577 3.44322 0.0447357 100.19 -26.828 3.4398
99.8932 -26.9122 3.43568 0.0174948 100.19 -26.828 3.4398
100.154 -27.0327 3.43845 0.00912995 100.19 -26.828 3.4398
100.127 -26.8966 3.43439 0.0156026 100.19 -26.828 3.4398
100.124 -26.6168 3.44069 0.0323687 100.19 -26.828 3.4398
99.96 -26.7109 3.43806 0.0404557 100.19 -26.828 3.4398
99.9522 -26.8224 3.43521 0.0287386 100.19 -26.828 3.4398
100.13 -26.8278 3.44016 0.0557338 100.19 -26.828 3.4398
100.212 -26.7243 3.43776 0.0238648 100.19 -26.828 3.4398
100.117 -26.9203 3.43501 0.0183099 100.19 -26.828 3.4398
100.126 -26.7577 3.44322 0.0447357 100.19 -26.828 3.4398
100.023 -26.8941 3.44251 0.0267011 100.19 -26.828 3.4398
100.13 -26.8278 3.44016 0.0557338 100.19 -26.828 3.4398
100.088 -26.4976 3.44217 0.0089448 100.19 -26.828 3.4398
100.185 -26.7704 3.4532 0.00012218 100.19 -26.828 3.4398
100.189 -26.9939 3.43948 0.0119871 100.19 -26.828 3.4398
99.7969 -26.881 3.43396 0.00544818 100.19 -26.828 3.4398
100.072 -26.7538 3.44482 0.0279157 100.19 -26.828 3.4398
99.96 -26.7109 3.43806 0.0404557 100.19 -26.828 3.4398
100.399 -26.7979 3.44367 0.00316691 100.19 -26.828 3.4398
99.9617 -26.6796 3.44322 0.0246838 100.19 -26.828 3.4398
99.8828 -27.0119 3.43643 0.00748933 100.19 -26.828 3.4398
100.154 -27.0327 3.43845 0.00912995 100.19 -26.828 3.4398
100.124 -26.6168 3.44069 0.0323687 100.19 -26.828 3.4398
100.164 -27.0949 3.43856 0.00331138 100.19 -26.828 3.4398
100.194 -27.1338 3.43842 0.00132579 100.19 -26.828 3.4398
100.072 -26.7538 3.44482 0.0279157 100.19 -26.828 3.4398
100.126 -26.7577 3.44322 0.0447357 100.19 -26.828 3.4398
100.189 -26.9939 3.43948 0.0119871 100.19 -26.828 3.4398
99.9617 -26.6796 3.44322 0.0246838 100.19 -26.828 3.4398
100.126 -26.7577 3.44322 0.0447357 100.19 -26.828 3.4398
100.072 -26.7538 3.44482 0.0279157 100.19 -26.828 3.4398
100.18 -26.6073 3.43858 0.0168291 100.19 -26.828 3.4398
99.9617 -26.6796 3.44322 0.0246838 100.19 -26.828 3.4398
99.9929 -26.4578 3.43839 0.00270561 100.19 -26.828 3.4398
100.043 -26.9973 3.44042 0.0156337 100.19 -26.828 3.4398
99.8932 -26.9122 3.43568 0.0174948 100.19 -26.828 3.4398
100.13 -26.8278 3.44016 0.0557338 100.19 -26.828 3.4398
100.127 -26.8966 3.43439 0.0156026 100.19 -26.828 3.4398
99.9314 -27.1336 3.43798 0.00162321 100.19 -26.828 3.4398
99.7969 -26.881 3.43396 0.00544818 100.19 -26.828 3.4398
100.126 -26.7577 3.44322 0.0447357 100.19 -26.828 3.4398
100.18 -26.6073 3.43858 0.0168291 100.19 -26.828 3.4398
99.9617 -26.6796 3.44322 0.0246838 100.19 -26.828 3.4398
100.13 -26.8278 3.44016 0.0557338 100.19 -26.828 3.4398
100.212 -26.7243 3.43776 0.0238648 100.19 -26.828 3.4398
100.126 -26.7577 3.44322 0.0447357 100.19 -26.828 3.4398
99.96 -26.7109 3.43806 0.0404557 100.19 -26.828 3.4398
100.13 -26.8278 3.44016 0.0557338 100.19 -26.828 3.4398
100.13 -26.8278 3.44016 0.0557338 100.19 -26.828 3.4398
100.023 -26.8941 3.44251 0.0267011 100.19 -26.828 3.4398
100.18 -26.6073 3.43858 0.0168291 100.19 -26.828 3.4398
100.212 -26.7243 3.43776 0.0238648 100.19 -26.828 3.4398
100.308 -26.7105 3.43864 0.00921808 100.19 -26.828 3.4398
100.124 -26.6168 3.44069 0.0323687 100.19 -26.828 3.4398
100.203 -26.426 3.4484 0.000678842 100.19 -26.828 3.4398
100.126 -26.7577 3.44322 0.0447357 100.19 -26.828 3.4398
100.072 -26.7538 3.44482 0.0279157 100.19 -26.828 3.4398
100.399 -26.7979 3.44367 0.00316691 100.19 -26.828 3.4398
100.117 -26.9203 3.43501 0.0183099 100.19 -26.828 3.4398
100.023 -26.8941 3.44251 0.0267011 100.19 -26.828 3.4398
99.8932 -26.9122 3.43568 0.0174948 100.19 -26.828 3.4398
100.043 -26.9973 3.44042 0.0156337 100.19 -26.828 3.4398
100.043 -26.9973 3.44042 0.0156337 100.19 -26.828 3.4398
100.13 -26.8278 3.44016 0.0557338 100.19 -26.828 3.4398
100.085 -26.6017 3.43874 0.0246679 100.19 -26.828 3.4398
99.9617 -26.6796 3.44322 0.0246838 100.19 -26.828 3.4398
100.18 -26.6073 3.43858 0.0168291 100.19 -26.828 3.4398
100.13 -26.8278 3.44016 0.0557338 100.19 -26.828 3.4398
99.8828 -27.0119 3.43643 0.00748933 100.19 -26.828 3.4398
100.023 -26.8941 3.44251 0.0267011 100.19 -26.828 3.4398
100.212 -26.7243 3.43776 0.0238648 100.19 -26.828 3.4398
100.313 -26.6607 3.44553 0.00702606 100.19 -26.828 3.4398
100.212 -26.7243 3.43776 0.0238648 100.19 -26.828 3.4398
100.308 -26.7105 3.43864 0.00921808 100.19 -26.828 3.4398
99.8932 -26.9122 3.43568 0.0174948 100.19 -26.828 3.4398
100.13 -26.8278 3.44016 0.0557338 100.19 -26.828 3.4398
99.9617 -26.6796 3.44322 0.0246838 100.19 -26.828 3.4398
100.202 -27.1282 3.43775 0.00136609 100.19 -26.828 3.4398
99.96 -26.7109 3.43806 0.0404557 100.19 -26.828 3.4398
100.085 -26.6017 3.43874 0.0246679 100.19 -26.828 3.4398
99.9617 -26.6796 3.44322 0.0246838 100.19 -26.828 3.4398
99.9617 -26.6796 3.44322 0.0246838 100.19 -26.828 3.4398
100.212 -26.7243 3.43776 0.0238648 100.19 -26.828 3.4398
100.124 -26.6168 3.44069 0.0323687 100.19 -26.828 3.4398
100.308 -26.7105 3.43864 0.00921808 100.19 -26.828 3.4398
100.189 -26.9939 3.43948 0.0119871 100.19 -26.828 3.4398
100.199 -26.6324 3.45035 0.00153224 100.19 -26.828 3.4398
100.072 -26.7538 3.44482 0.0279157 100.19 -26.828 3.4398
100.023 -26.8941 3.44251 0.0267011 100.19 -26.828 3.4398
100.117 -26.9203 3.43501 0.0183099 100.19 -26.828 3.4398
100.246 -26.9755 3.43509 0.00407327 100.19 -26.828 3.4398
99.96 -26.7109 3.43806 0.0404557 100.19 -26.828 3.4398
99.9617 -26.6796 3.44322 0.0246838 100.19 -26.828 3.4398
100.126 -26.7577 3.44322 0.0447357 100.19 -26.828 3.4398
100.088 -26.4976 3.44217 0.0089448 100.19 -26.828 3.4398
100.072 -26.7538 3.44482 0.0279157 100.19 -26.828 3.4398
100.117 -26.9203 3.43501 0.0183099 100.19 -26.828 3.4398
99.9617 -26.6796 3.44322 0.0246838 100.19 -26.828 3.4398
99.8932 -26.9122 3.43568 0.0174948 100.19 -26.828 3.4398
100.085 -26.6017 3.43874 0.0246679 100.19 -26.828 3.4398
99.9522 -26.8224 3.43521 0.0287386 100.19 -26.828 3.4398
99.9617 -26.6796 3.44322 0.0246838 100.19 -26.828 3.4398
100.126 -26.7577 3.44322 0.0447357 100.19 -26.828 3.4398
99.9312 -26.9525 3.43118 0.00392101 100.19 -26.828 3.4398
100.308 -26.7105 3.43864 0.00921808 100.19 -26.828 3.4398
100.088 -26.4976 3.44217 0.0089448 100.19 -26.828 3.4398
100.043 -26.9973 3.44042 0.0156337 100.19 -26.828 3.4398
100.085 -26.6017 3.43874 0.0246679 100.19 -26.828 3.4398
99.9312 -26.9525 3.43118 0.00392101 100.19 -26.828 3.4398
100.13 -26.8278 3.44016 0.0557338 100.19 -26.828 3.4398
100.18 -26.6073 3.43858 0.0168291 100.19 -26.828 3.4398
100.13 -26.8278 3.44016 0.0557338 100.19 -26.828 3.4398
100.308 -26.7105 3.43864 0.00921808 100.19 -26.828 3.4398
100.007 -26.7811 3.43111 0.00457615 100.19 -26.828 3.4398
100.13 -26.8278 3.44016 0.0557338 100.19 -26.828 3.4398
100.007 -26.7811 3.43111 0.00457615 100.19 -26.828 3.4398
100.13 -26.8278 3.44016 0.0557338 100.19 -26.828 3.4398
100.127 -26.8966 3.43439 0.0156026 100.19 -26.828 3.4398
99.8932 -26.9122 3.43568 0.0174948 100.19 -26.828 3.4398
100.126 -26.7577 3.44322 0.0447357 100.19 -26.828 3.4398
100.124 -26.6168 3.44069 0.0323687 100.19 -26.828 3.4398
