141.736 -15.4471 3.35905 2.27163 142 -15.295 3.3652
141.671 -15.5027 3.35366 1.79858 142 -15.295 3.3652
141.905 -15.5506 3.3591 0.622051 142 -15.295 3.3652
141.705 -15.5938 3.36108 1.91343 142 -15.295 3.3652
141.983 -15.4949 3.3639 0.283053 142 -15.295 3.3652
141.627 -15.7665 3.36235 0.205639 142 -15.295 3.3652
141.649 -15.4797 3.36212 1.6016 142 -15.295 3.3652
141.705 -15.5938 3.36108 1.91343 142 -15.295 3.3652
141.649 -15.4797 3.36212 1.6016 142 -15.295 3.3652
141.705 -15.5938 3.36108 1.91343 142 -15.295 3.3652
141.671 -15.5027 3.35366 1.79858 142 -15.295 3.3652
141.727 -15.1872 3.35673 0.094178 142 -15.295 3.3652
141.705 -15.5938 3.36108 1.91343 142 -15.295 3.3652
141.736 -15.4471 3.35905 2.27163 142 -15.295 3.3652
141.705 -15.5938 3.36108 1.91343 142 -15.295 3.3652
141.649 -15.4797 3.36212 1.6016 142 -15.295 3.3652
141.705 -15.5938 3.36108 1.91343 142 -15.295 3.3652
141.705 -15.5938 3.36108 1.91343 142 -15.295 3.3652
141.667 -15.2288 3.35732 0.265282 142 -15.295 3.3652
141.736 -15.4471 3.35905 2.27163 142 -15.295 3.3652
141.592 -15.4619 3.36275 0.895442 142 -15.295 3.3652
141.705 -15.5938 3.36108 1.91343 142 -15.295 3.3652
141.783 -15.579 3.36672 0.350404 142 -15.295 3.3652
141.705 -15.5938 3.36108 1.91343 142 -15.295 3.3652
141.705 -15.5938 3.36108 1.91343 142 -15.295 3.3652
141.826 -15.432 3.35711 0.905795 142 -15.295 3.3652
141.649 -15.4797 3.36212 1.6016 142 -15.295 3.3652
141.418 -15.3181 3.35905 0.16611 142 -15.295 3.3652
141.983 -15.4949 3.3639 0.283053 142 -15.295 3.3652
141.665 -15.2193 3.36215 0.174964 142 -15.295 3.3652
141.705 -15.5938 3.36108 1.91343 142 -15.295 3.3652
141.671 -15.5027 3.35366 1.79858 142 -15.295 3.3652
141.736 -15.4471 3.35905 2.27163 142 -15.295 3.3652
141.649 -15.4797 3.36212 1.6016 142 -15.295 3.3652
142.039 -15.47 3.36165 0.107614 142 -15.295 3.3652
141.958 -15.7022 3.36462 0.105957 142 -15.295 3.3652
141.783 -15.579 3.36672 0.350404 142 -15.295 3.3652
141.649 -15.4797 3.36212 1.6016 142 -15.295 3.3652
141.705 -15.5938 3.36108 1.91343 142 -15.295 3.3652
141.649 -15.4797 3.36212 1.6016 142 -15.295 3.3652
141.826 -15.432 3.35711 0.905795 142 -15.295 3.3652
141.671 -15.5027 3.35366 1.79858 142 -15.295 3.3652
141.665 -15.2193 3.36215 0.174964 142 -15.295 3.3652
141.479 -15.3578 3.34708 0.0956203 142 -15.295 3.3652
141.905 -15.5506 3.3591 0.622051 142 -15.295 3.3652
141.736 -15.4471 3.35905 2.27163 142 -15.295 3.3652
141.736 -15.4471 3.35905 2.27163 142 -15.295 3.3652
141.705 -15.5938 3.36108 1.91343 142 -15.295 3.3652
141.667 -15.2288 3.35732 0.265282 142 -15.295 3.3652
141.592 -15.4619 3.36275 0.895442 142 -15.295 3.3652
141.776 -15.3827 3.36462 0.684811 142 -15.295 3.3652
141.671 -15.5027 3.35366 1.79858 142 -15.295 3.3652
141.649 -15.4797 3.36212 1.6016 142 -15.295 3.3652
141.649 -15.4797 3.36212 1.6016 142 -15.295 3.3652
141.705 -15.5938 3.36108 1.91343 142 -15.295 3.3652
141.79 -15.6717 3.36013 1.00898 142 -15.295 3.3652
141.649 -15.4797 3.36212 1.6016 142 -15.295 3.3652
141.776 -15.3827 3.36462 0.684811 142 -15.295 3.3652
141.479 -15.3578 3.34708 0.0956203 142 -15.295 3.3652
141.705 -15.5938 3.36108 1.91343 142 -15.295 3.3652
141.75 -15.5841 3.36539 0.578236 142 -15.295 3.3652
141.646 -15.7822 3.3544 0.474962 142 -15.295 3.3652
141.826 -15.432 3.35711 0.905795 142 -15.295 3.3652
141.776 -15.3827 3.36462 0.684811 142 -15.295 3.3652
141.671 -15.5027 3.35366 1.79858 142 -15.295 3.3652
142.106 -15.6449 3.36514 0.0206309 142 -15.295 3.3652
141.592 -15.4619 3.36275 0.895442 142 -15.295 3.3652
141.646 -15.7822 3.3544 0.474962 142 -15.295 3.3652
141.75 -15.5841 3.36539 0.578236 142 -15.295 3.3652
141.826 -15.432 3.35711 0.905795 142 -15.295 3.3652
141.649 -15.4797 3.36212 1.6016 142 -15.295 3.3652
141.671 -15.5027 3.35366 1.79858 142 -15.295 3.3652
141.665 -15.2193 3.36215 0.174964 142 -15.295 3.3652
141.671 -15.5027 3.35366 1.79858 142 -15.295 3.3652
141.736 -15.4471 3.35905 2.27163 142 -15.295 3.3652
142.06 -15.2699 3.36386 0.0210363 142 -15.295 3.3652
141.646 -15.7822 3.3544 0.474962 142 -15.295 3.3652
141.757 -15.5492 3.3684 0.158353 142 -15.295 3.3652
141.736 -15.4471 3.35905 2.27163 142 -15.295 3.3652
141.776 -15.3827 3.36462 0.684811 142 -15.295 3.3652
141.705 -15.5938 3.36108 1.91343 142 -15.295 3.3652
141.79 -15.6717 3.36013 1.00898 142 -15.295 3.3652
141.277 -15.3803 3.35273 0.102528 142 -15.295 3.3652
141.776 -15.3827 3.36462 0.684811 142 -15.295 3.3652
141.776 -15.3827 3.36462 0.684811 142 -15.295 3.3652
141.649 -15.4797 3.36212 1.6016 142 -15.295 3.3652
141.736 -15.4471 3.35905 2.27163 142 -15.295 3.3652
141.826 -15.432 3.35711 0.905795 142 -15.295 3.3652
141.921 -15.5025 3.36527 0.441722 142 -15.295 3.3652
141.75 -15.5841 3.36539 0.578236 142 -15.295 3.3652
141.705 -15.5938 3.36108 1.91343 142 -15.295 3.3652
141.736 -15.4471 3.35905 2.27163 142 -15.295 3.3652
141.826 -15.432 3.35711 0.905795 142 -15.295 3.3652
141.736 -15.4471 3.35905 2.27163 142 -15.295 3.3652
141.905 -15.5506 3.3591 0.622051 142 -15.295 3.3652
141.705 -15.5938 3.36108 1.91343 142 -15.295 3.3652
141.592 -15.4619 3.36275 0.895442 142 -15.295 3.3652
141.705 -15.5938 3.36108 1.91343 142 -15.295 3.3652
141.783 -15.579 3.36672 0.350404 142 -15.295 3.3652
141.671 -15.5027 3.35366 1.79858 142 -15.295 3.3652
141.97 -15.6208 3.35834 0.1565 142 -15.295 3.3652
141.649 -15.4797 3.36212 1.6016 142 -15.295 3.3652
141.75 -15.5841 3.36539 0.578236 142 -15.295 3.3652
141.736 -15.4471 3.35905 2.27163 142 -15.295 3.3652
141.705 -15.5938 3.36108 1.91343 142 -15.295 3.3652
141.736 -15.4471 3.35905 2.27163 142 -15.295 3.3652
141.826 -15.432 3.35711 0.905795 142 -15.295 3.3652
141.826 -15.432 3.35711 0.905795 142 -15.295 3.3652
141.705 -15.5938 3.36108 1.91343 142 -15.295 3.3652
141.627 -15.7665 3.36235 0.205639 142 -15.295 3.3652
141.905 -15.5506 3.3591 0.622051 142 -15.295 3.3652
141.79 -15.6717 3.36013 1.00898 142 -15.295 3.3652
141.776 -15.3827 3.36462 0.684811 142 -15.295 3.3652
141.783 -15.579 3.36672 0.350404 142 -15.295 3.3652
141.649 -15.4797 3.36212 1.6016 142 -15.295 3.3652
141.97 -15.6208 3.35834 0.1565 142 -15.295 3.3652
141.667 -15.2288 3.35732 0.265282 142 -15.295 3.3652
141.671 -15.5027 3.35366 1.79858 142 -15.295 3.3652
142.034 -15.4729 3.35992 0.0879174 142 -15.295 3.3652
141.826 -15.432 3.35711 0.905795 142 -15.295 3.3652
141.826 -15.432 3.35711 0.905795 142 -15.295 3.3652
141.79 -15.6717 3.36013 1.00898 142 -15.295 3.3652
141.783 -15.579 3.36672 0.350404 142 -15.295 3.3652
141.277 -15.3803 3.35273 0.102528 142 -15.295 3.3652
141.277 -15.3803 3.35273 0.102528 142 -15.295 3.3652
141.705 -15.5938 3.36108 1.91343 142 -15.295 3.3652
141.826 -15.432 3.35711 0.905795 142 -15.295 3.3652
141.892 -15.2441 3.36113 0.122017 142 -15.295 3.3652
141.736 -15.4471 3.35905 2.27163 142 -15.295 3.3652
141.277 -15.3803 3.35273 0.102528 142 -15.295 3.3652
141.958 -15.7022 3.36462 0.105957 142 -15.295 3.3652
141.776 -15.3827 3.36462 0.684811 142 -15.295 3.3652
141.776 -15.3827 3.36462 0.684811 142 -15.295 3.3652
141.705 -15.5938 3.36108 1.91343 142 -15.295 3.3652
141.592 -15.4619 3.36275 0.895442 142 -15.295 3.3652
141.649 -15.4797 3.36212 1.6016 142 -15.295 3.3652
141.627 -15.7665 3.36235 0.205639 142 -15.295 3.3652
141.592 -15.4619 3.36275 0.895442 142 -15.295 3.3652
141.75 -15.5841 3.36539 0.578236 142 -15.295 3.3652
141.736 -15.4471 3.35905 2.27163 142 -15.295 3.3652
141.776 -15.3827 3.36462 0.684811 142 -15.295 3.3652
141.75 -15.5841 3.36539 0.578236 142 -15.295 3.3652
141.736 -15.4471 3.35905 2.27163 142 -15.295 3.3652
141.649 -15.4797 3.36212 1.6016 142 -15.295 3.3652
141.736 -15.4471 3.35905 2.27163 142 -15.295 3.3652
141.736 -15.4471 3.35905 2.27163 142 -15.295 3.3652
141.736 -15.4471 3.35905 2.27163 142 -15.295 3.3652
141.921 -15.5025 3.36527 0.441722 142 -15.295 3.3652
141.671 -15.5027 3.35366 1.79858 142 -15.295 3.3652
141.736 -15.4471 3.35905 2.27163 142 -15.295 3.3652
141.958 -15.7022 3.36462 0.105957 142 -15.295 3.3652
141.671 -15.5027 3.35366 1.79858 142 -15.295 3.3652
141.736 -15.4471 3.35905 2.27163 142 -15.295 3.3652
141.79 -15.6717 3.36013 1.00898 142 -15.295 3.3652
141.671 -15.5027 3.35366 1.79858 142 -15.295 3.3652
141.649 -15.4797 3.36212 1.6016 142 -15.295 3.3652
141.97 -15.6208 3.35834 0.1565 142 -15.295 3.3652
141.592 -15.4619 3.36275 0.895442 142 -15.295 3.3652
141.736 -15.4471 3.35905 2.27163 142 -15.295 3.3652
141.905 -15.5506 3.3591 0.622051 142 -15.295 3.3652
141.736 -15.4471 3.35905 2.27163 142 -15.295 3.3652
141.905 -15.5506 3.3591 0.622051 142 -15.295 3.3652
141.736 -15.4471 3.35905 2.27163 142 -15.295 3.3652
141.671 -15.5027 3.35366 1.79858 142 -15.295 3.3652
141.905 -15.5506 3.3591 0.622051 142 -15.295 3.3652
141.75 -15.5841 3.36539 0.578236 142 -15.295 3.3652
141.736 -15.4471 3.35905 2.27163 142 -15.295 3.3652
141.649 -15.4797 3.36212 1.6016 142 -15.295 3.3652
141.783 -15.579 3.36672 0.350404 142 -15.295 3.3652
141.649 -15.4797 3.36212 1.6016 142 -15.295 3.3652
141.418 -15.3181 3.35905 0.16611 142 -15.295 3.3652
141.671 -15.5027 3.35366 1.79858 142 -15.295 3.3652
141.75 -15.5841 3.36539 0.578236 142 -15.295 3.3652
141.826 -15.432 3.35711 0.905795 142 -15.295 3.3652
141.649 -15.4797 3.36212 1.6016 142 -15.295 3.3652
141.905 -15.5506 3.3591 0.622051 142 -15.295 3.3652
141.97 -15.6208 3.35834 0.1565 142 -15.295 3.3652
141.79 -15.6717 3.36013 1.00898 142 -15.295 3.3652
141.79 -15.6717 3.36013 1.00898 142 -15.295 3.3652
142.034 -15.4729 3.35992 0.0879174 142 -15.295 3.3652
141.79 -15.6717 3.36013 1.00898 142 -15.295 3.3652
141.592 -15.4619 3.36275 0.895442 142 -15.295 3.3652
141.736 -15.4471 3.35905 2.27163 142 -15.295 3.3652
141.97 -15.6208 3.35834 0.1565 142 -15.295 3.3652
141.671 -15.5027 3.35366 1.79858 142 -15.295 3.3652
141.736 -15.4471 3.35905 2.27163 142 -15.295 3.3652
141.776 -15.3827 3.36462 0.684811 142 -15.295 3.3652
141.671 -15.5027 3.35366 1.79858 142 -15.295 3.3652
141.79 -15.6717 3.36013 1.00898 142 -15.295 3.3652
141.905 -15.5506 3.3591 0.622051 142 -15.295 3.3652
141.671 -15.5027 3.35366 1.79858 142 -15.295 3.3652
141.736 -15.4471 3.35905 2.27163 142 -15.295 3.3652
141.736 -15.4471 3.35905 2.27163 142 -15.295 3.3652
141.667 -15.2288 3.35732 0.265282 142 -15.295 3.3652
141.776 -15.3827 3.36462 0.684811 142 -15.295 3.3652
141.826 -15.432 3.35711 0.905795 142 -15.295 3.3652
141.905 -15.5506 3.3591 0.622051 142 -15.295 3.3652
141.75 -15.5841 3.36539 0.578236 142 -15.295 3.3652
141.646 -15.7822 3.3544 0.474962 142 -15.295 3.3652
141.921 -15.5025 3.36527 0.441722 142 -15.295 3.3652
