276.271 16.0104 5.2001 0.0254132 276.3 15.901 5.192
276.208 15.8377 5.19339 0.172998 276.3 15.901 5.192
276.327 15.9381 5.18688 0.130135 276.3 15.901 5.192
276.067 15.826 5.18626 0.25921 276.3 15.901 5.192
276.24 15.9767 5.19065 0.334359 276.3 15.901 5.192
276.281 15.9019 5.18674 0.249734 276.3 15.901 5.192
276.281 15.9019 5.18674 0.249734 276.3 15.901 5.192
276.114 16.0362 5.19524 0.152963 276.3 15.901 5.192
276.314 15.8297 5.1849 0.120656 276.3 15.901 5.192
276.114 16.0362 5.19524 0.152963 276.3 15.901 5.192
276.151 15.9523 5.19427 0.269921 276.3 15.901 5.192
276.24 15.9767 5.19065 0.334359 276.3 15.901 5.192
276.175 15.8877 5.19443 0.20858 276.3 15.901 5.192
276.2 15.8919 5.19506 0.170909 276.3 15.901 5.192
276.288 16.1249 5.19573 0.0372319 276.3 15.901 5.192
276.114 16.0362 5.19524 0.152963 276.3 15.901 5.192
276.047 15.9131 5.18963 0.269692 276.3 15.901 5.192
276.24 15.9767 5.19065 0.334359 276.3 15.901 5.192
276.24 15.9767 5.19065 0.334359 276.3 15.901 5.192
276.24 15.9767 5.19065 0.334359 276.3 15.901 5.192
276.213 15.8292 5.18874 0.343609 276.3 15.901 5.192
276.113 15.8212 5.18722 0.341046 276.3 15.901 5.192
276.213 15.8292 5.18874 0.343609 276.3 15.901 5.192
276.2 15.8919 5.19506 0.170909 276.3 15.901 5.192
276.067 15.826 5.18626 0.25921 276.3 15.901 5.192
276.047 15.9131 5.18963 0.269692 276.3 15.901 5.192
276.047 15.9131 5.18963 0.269692 276.3 15.901 5.192
276.151 15.9523 5.19427 0.269921 276.3 15.901 5.192
276.284 15.8155 5.17985 0.0492647 276.3 15.901 5.192
276.412 15.7367 5.18758 0.0096771 276.3 15.901 5.192
276.314 15.8297 5.1849 0.120656 276.3 15.901 5.192
276.24 15.9767 5.19065 0.334359 276.3 15.901 5.192
276.067 15.826 5.18626 0.25921 276.3 15.901 5.192
276.114 16.0362 5.19524 0.152963 276.3 15.901 5.192
276.24 15.9767 5.19065 0.334359 276.3 15.901 5.192
276.177 15.9675 5.19647 0.151538 276.3 15.901 5.192
276.011 15.9774 5.18965 0.150974 276.3 15.901 5.192
276.151 15.9523 5.19427 0.269921 276.3 15.901 5.192
276.113 15.8212 5.18722 0.341046 276.3 15.901 5.192
276.355 16.0071 5.18924 0.0689525 276.3 15.901 5.192
276.151 15.9523 5.19427 0.269921 276.3 15.901 5.192
276.345 15.8308 5.19449 0.0314733 276.3 15.901 5.192
276.327 15.9381 5.18688 0.130135 276.3 15.901 5.192
276.147 15.917 5.20109 0.0140377 276.3 15.901 5.192
276.175 15.8877 5.19443 0.20858 276.3 15.901 5.192
276.24 15.9767 5.19065 0.334359 276.3 15.901 5.192
276.213 15.8292 5.18874 0.343609 276.3 15.901 5.192
276.151 15.9523 5.19427 0.269921 276.3 15.901 5.192
276.175 15.8877 5.19443 0.20858 276.3 15.901 5.192
276.177 15.9675 5.19647 0.151538 276.3 15.901 5.192
276.067 15.826 5.18626 0.25921 276.3 15.901 5.192
276.24 15.9767 5.19065 0.334359 276.3 15.901 5.192
276.378 15.8583 5.18945 0.0578086 276.3 15.901 5.192
276.151 15.9523 5.19427 0.269921 276.3 15.901 5.192
276.284 15.8155 5.17985 0.0492647 276.3 15.901 5.192
276.281 15.9019 5.18674 0.249734 276.3 15.901 5.192
276.181 16.1822 5.18602 0.00882134 276.3 15.901 5.192
276.213 16.1077 5.18986 0.0941736 276.3 15.901 5.192
276.011 15.9774 5.18965 0.150974 276.3 15.901 5.192
276.219 15.9847 5.20182 0.0139128 276.3 15.901 5.192
276.372 15.9074 5.18845 0.0744794 276.3 15.901 5.192
276.177 15.9675 5.19647 0.151538 276.3 15.901 5.192
276.213 16.1077 5.18986 0.0941736 276.3 15.901 5.192
275.911 15.8556 5.19004 0.0228677 276.3 15.901 5.192
276.24 15.9767 5.19065 0.334359 276.3 15.901 5.192
276.355 16.0071 5.18924 0.0689525 276.3 15.901 5.192
276.113 15.8212 5.18722 0.341046 276.3 15.901 5.192
276.213 15.8292 5.18874 0.343609 276.3 15.901 5.192
276.378 15.8583 5.18945 0.0578086 276.3 15.901 5.192
276.288 16.1249 5.19573 0.0372319 276.3 15.901 5.192
276.047 15.9131 5.18963 0.269692 276.3 15.901 5.192
276.24 15.9767 5.19065 0.334359 276.3 15.901 5.192
276.412 15.8099 5.18783 0.0220051 276.3 15.901 5.192
276.047 15.9131 5.18963 0.269692 276.3 15.901 5.192
276.213 15.8292 5.18874 0.343609 276.3 15.901 5.192
276.378 15.8583 5.18945 0.0578086 276.3 15.901 5.192
276.345 15.8308 5.19449 0.0314733 276.3 15.901 5.192
276.113 15.8212 5.18722 0.341046 276.3 15.901 5.192
276.24 15.9767 5.19065 0.334359 276.3 15.901 5.192
276.151 15.9523 5.19427 0.269921 276.3 15.901 5.192
276.314 15.8297 5.1849 0.120656 276.3 15.901 5.192
276.262 15.7572 5.19335 0.0423867 276.3 15.901 5.192
276.113 15.8212 5.18722 0.341046 276.3 15.901 5.192
276.067 15.826 5.18626 0.25921 276.3 15.901 5.192
276.113 15.8212 5.18722 0.341046 276.3 15.901 5.192
276.213 15.8292 5.18874 0.343609 276.3 15.901 5.192
276.175 15.8877 5.19443 0.20858 276.3 15.901 5.192
276.24 15.9767 5.19065 0.334359 276.3 15.901 5.192
276.011 15.9774 5.18965 0.150974 276.3 15.901 5.192
276.327 15.9381 5.18688 0.130135 276.3 15.901 5.192
276.151 15.9523 5.19427 0.269921 276.3 15.901 5.192
276.067 15.826 5.18626 0.25921 276.3 15.901 5.192
276.24 15.9767 5.19065 0.334359 276.3 15.901 5.192
276.151 15.9523 5.19427 0.269921 276.3 15.901 5.192
276.2 15.8919 5.19506 0.170909 276.3 15.901 5.192
276.113 15.8212 5.18722 0.341046 276.3 15.901 5.192
276.2 15.8919 5.19506 0.170909 276.3 15.901 5.192
276.113 15.8212 5.18722 0.341046 276.3 15.901 5.192
276.325 15.9844 5.19173 0.128182 276.3 15.901 5.192
276.375 16.1062 5.20249 0.00160134 276.3 15.901 5.192
276.047 15.9131 5.18963 0.269692 276.3 15.901 5.192
276.213 15.8292 5.18874 0.343609 276.3 15.901 5.192
276.114 16.0362 5.19524 0.152963 276.3 15.901 5.192
276.24 15.9767 5.19065 0.334359 276.3 15.901 5.192
276.151 15.9523 5.19427 0.269921 276.3 15.901 5.192
276.213 15.8292 5.18874 0.343609 276.3 15.901 5.192
276.175 15.8877 5.19443 0.20858 276.3 15.901 5.192
276.175 15.8877 5.19443 0.20858 276.3 15.901 5.192
276.423 16.0096 5.19726 0.0072792 276.3 15.901 5.192
276.151 15.9523 5.19427 0.269921 276.3 15.901 5.192
276.24 15.9767 5.19065 0.334359 276.3 15.901 5.192
276.324 16.1315 5.20028 0.00710049 276.3 15.901 5.192
276.281 15.9019 5.18674 0.249734 276.3 15.901 5.192
276.325 15.9844 5.19173 0.128182 276.3 15.901 5.192
276.327 16.0737 5.19637 0.0363534 276.3 15.901 5.192
276.428 15.8935 5.19339 0.0144787 276.3 15.901 5.192
276.113 15.8212 5.18722 0.341046 276.3 15.901 5.192
276.151 15.9523 5.19427 0.269921 276.3 15.901 5.192
276.213 15.8292 5.18874 0.343609 276.3 15.901 5.192
276.114 16.0362 5.19524 0.152963 276.3 15.901 5.192
276.177 15.9675 5.19647 0.151538 276.3 15.901 5.192
276.113 15.8212 5.18722 0.341046 276.3 15.901 5.192
276.137 15.8517 5.19198 0.281599 276.3 15.901 5.192
276.011 15.9774 5.18965 0.150974 276.3 15.901 5.192
276.372 15.9074 5.18845 0.0744794 276.3 15.901 5.192
276.067 15.826 5.18626 0.25921 276.3 15.901 5.192
276.355 16.0071 5.18924 0.0689525 276.3 15.901 5.192
276.047 15.9131 5.18963 0.269692 276.3 15.901 5.192
276.355 16.0071 5.18924 0.0689525 276.3 15.901 5.192
276.327 15.9381 5.18688 0.130135 276.3 15.901 5.192
276.151 15.9523 5.19427 0.269921 276.3 15.901 5.192
276.271 16.0104 5.2001 0.0254132 276.3 15.901 5.192
276.175 15.8877 5.19443 0.20858 276.3 15.901 5.192
276.137 15.8517 5.19198 0.281599 276.3 15.901 5.192
276.175 15.8877 5.19443 0.20858 276.3 15.901 5.192
276.24 15.9767 5.19065 0.334359 276.3 15.901 5.192
276.325 15.9844 5.19173 0.128182 276.3 15.901 5.192
276.208 15.8377 5.19339 0.172998 276.3 15.901 5.192
276.325 15.9844 5.19173 0.128182 276.3 15.901 5.192
276.327 16.0737 5.19637 0.0363534 276.3 15.901 5.192
276.24 15.9767 5.19065 0.334359 276.3 15.901 5.192
276.327 15.9381 5.18688 0.130135 276.3 15.901 5.192
276.24 15.9767 5.19065 0.334359 276.3 15.901 5.192
276.352 15.9204 5.19481 0.0518857 276.3 15.901 5.192
276.325 15.9844 5.19173 0.128182 276.3 15.901 5.192
276.281 15.9019 5.18674 0.249734 276.3 15.901 5.192
276.213 15.8292 5.18874 0.343609 276.3 15.901 5.192
276.355 16.0071 5.18924 0.0689525 276.3 15.901 5.192
276.327 15.9381 5.18688 0.130135 276.3 15.901 5.192
276.114 16.0362 5.19524 0.152963 276.3 15.901 5.192
276.325 15.9844 5.19173 0.128182 276.3 15.901 5.192
276.314 15.8297 5.1849 0.120656 276.3 15.901 5.192
276.177 15.9675 5.19647 0.151538 276.3 15.901 5.192
276.372 15.9074 5.18845 0.0744794 276.3 15.901 5.192
276.24 15.9767 5.19065 0.334359 276.3 15.901 5.192
276.067 15.826 5.18626 0.25921 276.3 15.901 5.192
276.213 15.8292 5.18874 0.343609 276.3 15.901 5.192
276.208 15.8377 5.19339 0.172998 276.3 15.901 5.192
276.213 15.8292 5.18874 0.343609 276.3 15.901 5.192
276.213 15.8292 5.18874 0.343609 276.3 15.901 5.192
276.281 15.9019 5.18674 0.249734 276.3 15.901 5.192
276.281 15.9019 5.18674 0.249734 276.3 15.901 5.192
276.147 15.917 5.20109 0.0140377 276.3 15.901 5.192
276.325 15.9844 5.19173 0.128182 276.3 15.901 5.192
276.047 15.9131 5.18963 0.269692 276.3 15.901 5.192
276.113 15.8212 5.18722 0.341046 276.3 15.901 5.192
276.356 16.078 5.20021 0.00710087 276.3 15.901 5.192
276.113 15.8212 5.18722 0.341046 276.3 15.901 5.192
276.213 15.8292 5.18874 0.343609 276.3 15.901 5.192
276.137 15.8517 5.19198 0.281599 276.3 15.901 5.192
276.208 15.8377 5.19339 0.172998 276.3 15.901 5.192
276.325 15.9844 5.19173 0.128182 276.3 15.901 5.192
276.24 15.9767 5.19065 0.334359 276.3 15.901 5.192
276.177 15.9675 5.19647 0.151538 276.3 15.901 5.192
276.271 16.0104 5.2001 0.0254132 276.3 15.901 5.192
276.213 15.8292 5.18874 0.343609 276.3 15.901 5.192
276.327 15.9381 5.18688 0.130135 276.3 15.901 5.192
276.281 15.9019 5.18674 0.249734 276.3 15.901 5.192
276.177 15.9675 5.19647 0.151538 276.3 15.901 5.192
276.24 15.9767 5.19065 0.334359 276.3 15.901 5.192
276.114 16.0362 5.19524 0.152963 276.3 15.901 5.192
276.213 15.8292 5.18874 0.343609 276.3 15.901 5.192
276.24 15.9767 5.19065 0.334359 276.3 15.901 5.192
276.325 15.9844 5.19173 0.128182 276.3 15.901 5.192
276.288 16.1249 5.19573 0.0372319 276.3 15.901 5.192
276.113 15.8212 5.18722 0.341046 276.3 15.901 5.192
276.179 15.9158 5.20087 0.0164662 276.3 15.901 5.192
276.151 15.9523 5.19427 0.269921 276.3 15.901 5.192
276.445 15.9157 5.18424 0.00823852 276.3 15.901 5.192
276.085 15.8157 5.19963 0.0063261 276.3 15.901 5.192
276.327 15.9381 5.18688 0.130135 276.3 15.901 5.192
276.208 15.8377 5.19339 0.172998 276.3 15.901 5.192
276.113 15.8212 5.18722 0.341046 276.3 15.901 5.192
276.067 15.826 5.18626 0.25921 276.3 15.901 5.192
276.045 16.1885 5.19374 0.0136382 276.3 15.901 5.192
276.213 15.8292 5.18874 0.343609 276.3 15.901 5.192
276.325 15.9844 5.19173 0.128182 276.3 15.901 5.192
276.151 15.9523 5.19427 0.269921 276.3 15.901 5.192
276.175 15.8877 5.19443 0.20858 276.3 15.901 5.192
276.114 16.0362 5.19524 0.152963 276.3 15.901 5.192
