264.173 -16.3247 3.61231 0.716607 264.05 -16.372 3.6122
264.196 -16.3138 3.61058 0.702487 264.05 -16.372 3.6122
264.235 -16.4291 3.6076 0.10131 264.05 -16.372 3.6122
264.423 -16.2513 3.61747 0.27328 264.05 -16.372 3.6122
264.338 -16.2023 3.61476 0.258922 264.05 -16.372 3.6122
263.97 -16.3987 3.60716 0.297046 264.05 -16.372 3.6122
264.072 -16.4827 3.61144 0.184635 264.05 -16.372 3.6122
263.88 -16.1973 3.60115 0.190589 264.05 -16.372 3.6122
264.338 -16.2023 3.61476 0.258922 264.05 -16.372 3.6122
263.882 -16.2033 3.60186 0.226878 264.05 -16.372 3.6122
264.423 -16.2513 3.61747 0.27328 264.05 -16.372 3.6122
263.945 -16.3272 3.60872 0.264069 264.05 -16.372 3.6122
263.691 -16.017 3.59504 0.00979523 264.05 -16.372 3.6122
264.426 -16.1748 3.61759 0.100992 264.05 -16.372 3.6122
264.147 -16.2273 3.61228 0.414604 264.05 -16.372 3.6122
263.545 -16.2157 3.59813 0.0131104 264.05 -16.372 3.6122
264.196 -16.3138 3.61058 0.702487 264.05 -16.372 3.6122
263.945 -16.3272 3.60872 0.264069 264.05 -16.372 3.6122
263.88 -16.1973 3.60115 0.190589 264.05 -16.372 3.6122
263.986 -16.4187 3.60329 0.112511 264.05 -16.372 3.6122
263.882 -16.2033 3.60186 0.226878 264.05 -16.372 3.6122
263.945 -16.3272 3.60872 0.264069 264.05 -16.372 3.6122
264.214 -16.4841 3.61463 0.30201 264.05 -16.372 3.6122
263.81 -16.2856 3.59807 0.070674 264.05 -16.372 3.6122
264.196 -16.3138 3.61058 0.702487 264.05 -16.372 3.6122
264.11 -16.1591 3.60571 0.179439 264.05 -16.372 3.6122
264.11 -16.1591 3.60571 0.179439 264.05 -16.372 3.6122
263.713 -16.409 3.6009 0.0301899 264.05 -16.372 3.6122
264.196 -16.3138 3.61058 0.702487 264.05 -16.372 3.6122
264.147 -16.2273 3.61228 0.414604 264.05 -16.372 3.6122
264.338 -16.2023 3.61476 0.258922 264.05 -16.372 3.6122
264.196 -16.3138 3.61058 0.702487 264.05 -16.372 3.6122
263.97 -16.3987 3.60716 0.297046 264.05 -16.372 3.6122
264.173 -16.3247 3.61231 0.716607 264.05 -16.372 3.6122
263.88 -16.1973 3.60115 0.190589 264.05 -16.372 3.6122
263.947 -16.4866 3.60457 0.0681062 264.05 -16.372 3.6122
263.743 -16.1243 3.60361 0.0366073 264.05 -16.372 3.6122
263.939 -16.6077 3.60748 0.00785421 264.05 -16.372 3.6122
264.173 -16.3247 3.61231 0.716607 264.05 -16.372 3.6122
264.346 -16.1233 3.61599 0.065762 264.05 -16.372 3.6122
264.243 -16.484 3.61339 0.349129 264.05 -16.372 3.6122
264.243 -16.484 3.61339 0.349129 264.05 -16.372 3.6122
264.243 -16.484 3.61339 0.349129 264.05 -16.372 3.6122
263.882 -16.2033 3.60186 0.226878 264.05 -16.372 3.6122
263.61 -16.1207 3.59325 0.0143588 264.05 -16.372 3.6122
264.196 -16.3138 3.61058 0.702487 264.05 -16.372 3.6122
263.986 -16.4187 3.60329 0.112511 264.05 -16.372 3.6122
264.173 -16.3247 3.61231 0.716607 264.05 -16.372 3.6122
264.043 -16.3044 3.60149 0.0653868 264.05 -16.372 3.6122
264.426 -16.1748 3.61759 0.100992 264.05 -16.372 3.6122
263.945 -16.3272 3.60872 0.264069 264.05 -16.372 3.6122
264.147 -16.2273 3.61228 0.414604 264.05 -16.372 3.6122
264.338 -16.2023 3.61476 0.258922 264.05 -16.372 3.6122
264.196 -16.3138 3.61058 0.702487 264.05 -16.372 3.6122
264.338 -16.2023 3.61476 0.258922 264.05 -16.372 3.6122
264.173 -16.3247 3.61231 0.716607 264.05 -16.372 3.6122
263.803 -16.1058 3.60453 0.0484279 264.05 -16.372 3.6122
264.173 -16.3247 3.61231 0.716607 264.05 -16.372 3.6122
264.423 -16.2513 3.61747 0.27328 264.05 -16.372 3.6122
264.346 -16.1233 3.61599 0.065762 264.05 -16.372 3.6122
264.196 -16.3138 3.61058 0.702487 264.05 -16.372 3.6122
264.173 -16.3247 3.61231 0.716607 264.05 -16.372 3.6122
263.97 -16.3987 3.60716 0.297046 264.05 -16.372 3.6122
264.423 -16.2513 3.61747 0.27328 264.05 -16.372 3.6122
264.196 -16.3138 3.61058 0.702487 264.05 -16.372 3.6122
263.843 -16.338 3.5987 0.0578957 264.05 -16.372 3.6122
264.147 -16.2273 3.61228 0.414604 264.05 -16.372 3.6122
264.15 -16.4384 3.60354 0.0183235 264.05 -16.372 3.6122
264.243 -16.484 3.61339 0.349129 264.05 -16.372 3.6122
263.792 -16.1887 3.59894 0.111575 264.05 -16.372 3.6122
264.173 -16.3247 3.61231 0.716607 264.05 -16.372 3.6122
263.882 -16.2033 3.60186 0.226878 264.05 -16.372 3.6122
264.173 -16.3247 3.61231 0.716607 264.05 -16.372 3.6122
264.173 -16.3247 3.61231 0.716607 264.05 -16.372 3.6122
264.338 -16.2023 3.61476 0.258922 264.05 -16.372 3.6122
263.97 -16.3987 3.60716 0.297046 264.05 -16.372 3.6122
263.792 -16.1887 3.59894 0.111575 264.05 -16.372 3.6122
264.11 -16.1591 3.60571 0.179439 264.05 -16.372 3.6122
263.945 -16.3272 3.60872 0.264069 264.05 -16.372 3.6122
264.196 -16.3138 3.61058 0.702487 264.05 -16.372 3.6122
264.006 -16.3353 3.59961 0.0226006 264.05 -16.372 3.6122
264.11 -16.1591 3.60571 0.179439 264.05 -16.372 3.6122
264.11 -16.1591 3.60571 0.179439 264.05 -16.372 3.6122
264.214 -16.4841 3.61463 0.30201 264.05 -16.372 3.6122
264.11 -16.1591 3.60571 0.179439 264.05 -16.372 3.6122
263.792 -16.1887 3.59894 0.111575 264.05 -16.372 3.6122
263.945 -16.3272 3.60872 0.264069 264.05 -16.372 3.6122
264.423 -16.2513 3.61747 0.27328 264.05 -16.372 3.6122
264.173 -16.3247 3.61231 0.716607 264.05 -16.372 3.6122
264.235 -16.4291 3.6076 0.10131 264.05 -16.372 3.6122
264.147 -16.2273 3.61228 0.414604 264.05 -16.372 3.6122
263.61 -16.1207 3.59325 0.0143588 264.05 -16.372 3.6122
263.882 -16.2033 3.60186 0.226878 264.05 -16.372 3.6122
263.986 -16.4187 3.60329 0.112511 264.05 -16.372 3.6122
264.196 -16.3138 3.61058 0.702487 264.05 -16.372 3.6122
264.243 -16.484 3.61339 0.349129 264.05 -16.372 3.6122
264.781 -16.506 3.6239 0.0244276 264.05 -16.372 3.6122
264.147 -16.2273 3.61228 0.414604 264.05 -16.372 3.6122
264.214 -16.4841 3.61463 0.30201 264.05 -16.372 3.6122
264.072 -16.4827 3.61144 0.184635 264.05 -16.372 3.6122
264.147 -16.2273 3.61228 0.414604 264.05 -16.372 3.6122
264.043 -16.3044 3.60149 0.0653868 264.05 -16.372 3.6122
264.196 -16.3138 3.61058 0.702487 264.05 -16.372 3.6122
263.945 -16.3272 3.60872 0.264069 264.05 -16.372 3.6122
263.88 -16.1973 3.60115 0.190589 264.05 -16.372 3.6122
264.235 -16.4291 3.6076 0.10131 264.05 -16.372 3.6122
264.091 -16.6304 3.61468 0.0083554 264.05 -16.372 3.6122
264.214 -16.4841 3.61463 0.30201 264.05 -16.372 3.6122
264.173 -16.3247 3.61231 0.716607 264.05 -16.372 3.6122
264.243 -16.484 3.61339 0.349129 264.05 -16.372 3.6122
264.11 -16.1591 3.60571 0.179439 264.05 -16.372 3.6122
264.196 -16.3138 3.61058 0.702487 264.05 -16.372 3.6122
263.945 -16.3272 3.60872 0.264069 264.05 -16.372 3.6122
264.196 -16.3138 3.61058 0.702487 264.05 -16.372 3.6122
263.882 -16.2033 3.60186 0.226878 264.05 -16.372 3.6122
263.864 -16.3268 3.5995 0.0855561 264.05 -16.372 3.6122
263.97 -16.3987 3.60716 0.297046 264.05 -16.372 3.6122
264.11 -16.1591 3.60571 0.179439 264.05 -16.372 3.6122
264.11 -16.1591 3.60571 0.179439 264.05 -16.372 3.6122
264.194 -16.3486 3.62076 0.0134487 264.05 -16.372 3.6122
264.196 -16.3138 3.61058 0.702487 264.05 -16.372 3.6122
264.235 -16.4291 3.6076 0.10131 264.05 -16.372 3.6122
264.849 -16.3449 3.62309 0.00493973 264.05 -16.372 3.6122
263.97 -16.3987 3.60716 0.297046 264.05 -16.372 3.6122
264.243 -16.484 3.61339 0.349129 264.05 -16.372 3.6122
263.88 -16.1973 3.60115 0.190589 264.05 -16.372 3.6122
264.147 -16.2273 3.61228 0.414604 264.05 -16.372 3.6122
263.945 -16.3272 3.60872 0.264069 264.05 -16.372 3.6122
264.147 -16.2273 3.61228 0.414604 264.05 -16.372 3.6122
264.691 -16.4336 3.62743 0.0567522 264.05 -16.372 3.6122
263.97 -16.3987 3.60716 0.297046 264.05 -16.372 3.6122
263.945 -16.3272 3.60872 0.264069 264.05 -16.372 3.6122
264.072 -16.4827 3.61144 0.184635 264.05 -16.372 3.6122
264.173 -16.3247 3.61231 0.716607 264.05 -16.372 3.6122
264.072 -16.4827 3.61144 0.184635 264.05 -16.372 3.6122
264.214 -16.4841 3.61463 0.30201 264.05 -16.372 3.6122
263.88 -16.1973 3.60115 0.190589 264.05 -16.372 3.6122
264.426 -16.1748 3.61759 0.100992 264.05 -16.372 3.6122
263.713 -16.409 3.6009 0.0301899 264.05 -16.372 3.6122
264.196 -16.3138 3.61058 0.702487 264.05 -16.372 3.6122
264.173 -16.3247 3.61231 0.716607 264.05 -16.372 3.6122
264.11 -16.1591 3.60571 0.179439 264.05 -16.372 3.6122
264.426 -16.1748 3.61759 0.100992 264.05 -16.372 3.6122
264.243 -16.484 3.61339 0.349129 264.05 -16.372 3.6122
264.196 -16.3138 3.61058 0.702487 264.05 -16.372 3.6122
264.173 -16.3247 3.61231 0.716607 264.05 -16.372 3.6122
264.196 -16.3138 3.61058 0.702487 264.05 -16.372 3.6122
264.691 -16.4336 3.62743 0.0567522 264.05 -16.372 3.6122
264.173 -16.3247 3.61231 0.716607 264.05 -16.372 3.6122
264.173 -16.3247 3.61231 0.716607 264.05 -16.372 3.6122
263.792 -16.1887 3.59894 0.111575 264.05 -16.372 3.6122
264.214 -16.4841 3.61463 0.30201 264.05 -16.372 3.6122
263.849 -16.4397 3.59694 0.00466191 264.05 -16.372 3.6122
263.97 -16.3987 3.60716 0.297046 264.05 -16.372 3.6122
264.196 -16.3138 3.61058 0.702487 264.05 -16.372 3.6122
264.11 -16.1591 3.60571 0.179439 264.05 -16.372 3.6122
263.647 -16.1649 3.60047 0.0327512 264.05 -16.372 3.6122
263.843 -16.338 3.5987 0.0578957 264.05 -16.372 3.6122
263.939 -16.6077 3.60748 0.00785421 264.05 -16.372 3.6122
264.147 -16.2273 3.61228 0.414604 264.05 -16.372 3.6122
264.173 -16.3247 3.61231 0.716607 264.05 -16.372 3.6122
264.196 -16.3138 3.61058 0.702487 264.05 -16.372 3.6122
263.647 -16.1649 3.60047 0.0327512 264.05 -16.372 3.6122
263.945 -16.3272 3.60872 0.264069 264.05 -16.372 3.6122
264.196 -16.3138 3.61058 0.702487 264.05 -16.372 3.6122
263.945 -16.3272 3.60872 0.264069 264.05 -16.372 3.6122
264.196 -16.3138 3.61058 0.702487 264.05 -16.372 3.6122
263.843 -16.338 3.5987 0.0578957 264.05 -16.372 3.6122
264.243 -16.484 3.61339 0.349129 264.05 -16.372 3.6122
264.147 -16.2273 3.61228 0.414604 264.05 -16.372 3.6122
264.173 -16.3247 3.61231 0.716607 264.05 -16.372 3.6122
264.423 -16.2513 3.61747 0.27328 264.05 -16.372 3.6122
263.81 -16.2856 3.59807 0.070674 264.05 -16.372 3.6122
264.196 -16.3138 3.61058 0.702487 264.05 -16.372 3.6122
263.945 -16.3272 3.60872 0.264069 264.05 -16.372 3.6122
263.945 -16.3272 3.60872 0.264069 264.05 -16.372 3.6122
264.423 -16.2513 3.61747 0.27328 264.05 -16.372 3.6122
264.15 -16.4384 3.60354 0.0183235 264.05 -16.372 3.6122
264.243 -16.484 3.61339 0.349129 264.05 -16.372 3.6122
263.945 -16.3272 3.60872 0.264069 264.05 -16.372 3.6122
264.072 -16.4827 3.61144 0.184635 264.05 -16.372 3.6122
264.338 -16.2023 3.61476 0.258922 264.05 -16.372 3.6122
264.36 -16.1095 3.61978 0.0127952 264.05 -16.372 3.6122
263.945 -16.3272 3.60872 0.264069 264.05 -16.372 3.6122
264.426 -16.1748 3.61759 0.100992 264.05 -16.372 3.6122
264.173 -16.3247 3.61231 0.716607 264.05 -16.372 3.6122
264.196 -16.3138 3.61058 0.702487 264.05 -16.372 3.6122
263.88 -16.1973 3.60115 0.190589 264.05 -16.372 3.6122
263.88 -16.1973 3.60115 0.190589 264.05 -16.372 3.6122
264.173 -16.3247 3.61231 0.716607 264.05 -16.372 3.6122
263.991 -16.009 3.61019 0.00707494 264.05 -16.372 3.6122
264.243 -16.484 3.61339 0.349129 264.05 -16.372 3.6122
264.11 -16.1591 3.60571 0.179439 264.05 -16.372 3.6122
264.196 -16.3138 3.61058 0.702487 264.05 -16.372 3.6122
264.043 -16.3044 3.60149 0.0653868 264.05 -16.372 3.6122
264.214 -16.4841 3.61463 0.30201 264.05 -16.372 3.6122
264.147 -16.2273 3.61228 0.414604 264.05 -16.372 3.6122
264.147 -16.2273 3.61228 0.414604 264.05 -16.372 3.6122
264.424 -16.6282 3.62185 0.0316428 264.05 -16.372 3.6122
264.11 -16.1591 3.60571 0.179439 264.05 -16.372 3.6122
