-40.459 -48.1933 1.53982 0.103752 -40.502 -48.495 1.5471
-40.4975 -48.1842 1.53387 0.0675802 -40.502 -48.495 1.5471
-40.4637 -48.5542 1.53961 0.094152 -40.502 -48.495 1.5471
-40.8629 -48.2518 1.53744 0.0243835 -40.502 -48.495 1.5471
-40.4597 -48.4175 1.54019 0.24536 -40.502 -48.495 1.5471
-40.4597 -48.4175 1.54019 0.24536 -40.502 -48.495 1.5471
-40.2693 -48.2773 1.53935 0.0230493 -40.502 -48.495 1.5471
-40.3115 -48.2226 1.538 0.0261393 -40.502 -48.495 1.5471
-40.7144 -48.2491 1.54168 0.0821982 -40.502 -48.495 1.5471
-40.4597 -48.4175 1.54019 0.24536 -40.502 -48.495 1.5471
-40.4911 -48.5958 1.55202 0.0476822 -40.502 -48.495 1.5471
-40.7767 -48.2829 1.53669 0.0854049 -40.502 -48.495 1.5471
-40.7266 -48.29 1.5399 0.125703 -40.502 -48.495 1.5471
-40.7767 -48.2829 1.53669 0.0854049 -40.502 -48.495 1.5471
-40.3716 -48.354 1.53509 0.0365071 -40.502 -48.495 1.5471
-40.5289 -48.2588 1.53221 0.0636142 -40.502 -48.495 1.5471
-40.7266 -48.29 1.5399 0.125703 -40.502 -48.495 1.5471
-40.7144 -48.2491 1.54168 0.0821982 -40.502 -48.495 1.5471
-40.4838 -48.3662 1.54418 0.261718 -40.502 -48.495 1.5471
-40.5289 -48.2588 1.53221 0.0636142 -40.502 -48.495 1.5471
-40.4975 -48.1842 1.53387 0.0675802 -40.502 -48.495 1.5471
-40.5156 -47.968 1.53212 0.00505819 -40.502 -48.495 1.5471
-40.4838 -48.3662 1.54418 0.261718 -40.502 -48.495 1.5471
-40.6444 -48.4839 1.5513 0.0230491 -40.502 -48.495 1.5471
-40.4637 -48.5542 1.53961 0.094152 -40.502 -48.495 1.5471
-40.3105 -48.2044 1.5361 0.0157005 -40.502 -48.495 1.5471
-40.7144 -48.2491 1.54168 0.0821982 -40.502 -48.495 1.5471
-40.7266 -48.29 1.5399 0.125703 -40.502 -48.495 1.5471
-40.5365 -48.6323 1.54063 0.0586735 -40.502 -48.495 1.5471
-40.3237 -48.1618 1.53837 0.0192871 -40.502 -48.495 1.5471
-40.5289 -48.2588 1.53221 0.0636142 -40.502 -48.495 1.5471
-40.3589 -48.3972 1.5374 0.0586562 -40.502 -48.495 1.5471
-40.8629 -48.2518 1.53744 0.0243835 -40.502 -48.495 1.5471
-40.8704 -48.4874 1.54403 0.00906735 -40.502 -48.495 1.5471
-40.7767 -48.2829 1.53669 0.0854049 -40.502 -48.495 1.5471
-40.4597 -48.4175 1.54019 0.24536 -40.502 -48.495 1.5471
-40.3589 -48.3972 1.5374 0.0586562 -40.502 -48.495 1.5471
-40.4838 -48.3662 1.54418 0.261718 -40.502 -48.495 1.5471
-40.3589 -48.3972 1.5374 0.0586562 -40.502 -48.495 1.5471
-40.3854 -48.4382 1.53998 0.127869 -40.502 -48.495 1.5471
-40.3589 -48.3972 1.5374 0.0586562 -40.502 -48.495 1.5471
-40.4597 -48.4175 1.54019 0.24536 -40.502 -48.495 1.5471
-40.4597 -48.4175 1.54019 0.24536 -40.502 -48.495 1.5471
-40.4597 -48.4175 1.54019 0.24536 -40.502 -48.495 1.5471
-40.7763 -48.2274 1.53312 0.054615 -40.502 -48.495 1.5471
-40.2179 -48.3846 1.5458 0.0234775 -40.502 -48.495 1.5471
-40.4975 -48.1842 1.53387 0.0675802 -40.502 -48.495 1.5471
-40.4838 -48.3662 1.54418 0.261718 -40.502 -48.495 1.5471
-40.4597 -48.4175 1.54019 0.24536 -40.502 -48.495 1.5471
-40.4838 -48.3662 1.54418 0.261718 -40.502 -48.495 1.5471
-40.3115 -48.2226 1.538 0.0261393 -40.502 -48.495 1.5471
-40.4838 -48.3662 1.54418 0.261718 -40.502 -48.495 1.5471
-40.3255 -48.4312 1.5499 0.0539621 -40.502 -48.495 1.5471
-40.459 -48.1933 1.53982 0.103752 -40.502 -48.495 1.5471
-40.4838 -48.3662 1.54418 0.261718 -40.502 -48.495 1.5471
-40.3854 -48.4382 1.53998 0.127869 -40.502 -48.495 1.5471
-40.4217 -48.2211 1.54324 0.0818498 -40.502 -48.495 1.5471
-40.7144 -48.2491 1.54168 0.0821982 -40.502 -48.495 1.5471
-40.3115 -48.2226 1.538 0.0261393 -40.502 -48.495 1.5471
-40.3115 -48.2226 1.538 0.0261393 -40.502 -48.495 1.5471
-40.4597 -48.4175 1.54019 0.24536 -40.502 -48.495 1.5471
-40.4838 -48.3662 1.54418 0.261718 -40.502 -48.495 1.5471
-40.4597 -48.4175 1.54019 0.24536 -40.502 -48.495 1.5471
-40.506 -48.2026 1.54888 0.0124376 -40.502 -48.495 1.5471
-40.4637 -48.5542 1.53961 0.094152 -40.502 -48.495 1.5471
-40.3255 -48.4312 1.5499 0.0539621 -40.502 -48.495 1.5471
-40.4351 -48.7346 1.5403 0.0064213 -40.502 -48.495 1.5471
-40.7618 -48.555 1.55103 0.00514977 -40.502 -48.495 1.5471
-40.4838 -48.3662 1.54418 0.261718 -40.502 -48.495 1.5471
-40.7767 -48.2829 1.53669 0.0854049 -40.502 -48.495 1.5471
-40.7266 -48.29 1.5399 0.125703 -40.502 -48.495 1.5471
-40.4597 -48.4175 1.54019 0.24536 -40.502 -48.495 1.5471
-40.7266 -48.29 1.5399 0.125703 -40.502 -48.495 1.5471
-40.3105 -48.2044 1.5361 0.0157005 -40.502 -48.495 1.5471
-40.4838 -48.3662 1.54418 0.261718 -40.502 -48.495 1.5471
-40.2179 -48.3846 1.5458 0.0234775 -40.502 -48.495 1.5471
-40.7767 -48.2829 1.53669 0.0854049 -40.502 -48.495 1.5471
-40.4941 -48.5319 1.5276 0.000284184 -40.502 -48.495 1.5471
-40.3237 -48.1618 1.53837 0.0192871 -40.502 -48.495 1.5471
-40.4975 -48.1842 1.53387 0.0675802 -40.502 -48.495 1.5471
-40.4911 -48.5958 1.55202 0.0476822 -40.502 -48.495 1.5471
-40.7266 -48.29 1.5399 0.125703 -40.502 -48.495 1.5471
-40.4838 -48.3662 1.54418 0.261718 -40.502 -48.495 1.5471
-40.3716 -48.354 1.53509 0.0365071 -40.502 -48.495 1.5471
-40.3854 -48.4382 1.53998 0.127869 -40.502 -48.495 1.5471
-40.3255 -48.4312 1.5499 0.0539621 -40.502 -48.495 1.5471
-40.3115 -48.2226 1.538 0.0261393 -40.502 -48.495 1.5471
-40.1771 -48.2656 1.54292 0.005686 -40.502 -48.495 1.5471
-40.7767 -48.2829 1.53669 0.0854049 -40.502 -48.495 1.5471
-40.459 -48.1933 1.53982 0.103752 -40.502 -48.495 1.5471
-40.4838 -48.3662 1.54418 0.261718 -40.502 -48.495 1.5471
-40.5365 -48.6323 1.54063 0.0586735 -40.502 -48.495 1.5471
-40.5365 -48.6323 1.54063 0.0586735 -40.502 -48.495 1.5471
-40.3716 -48.354 1.53509 0.0365071 -40.502 -48.495 1.5471
-40.7767 -48.2829 1.53669 0.0854049 -40.502 -48.495 1.5471
-40.4838 -48.3662 1.54418 0.261718 -40.502 -48.495 1.5471
-40.3589 -48.3972 1.5374 0.0586562 -40.502 -48.495 1.5471
-40.3854 -48.4382 1.53998 0.127869 -40.502 -48.495 1.5471
-40.2371 -48.3427 1.54322 0.0270072 -40.502 -48.495 1.5471
-40.4717 -48.5793 1.53588 0.0192881 -40.502 -48.495 1.5471
-40.5156 -47.968 1.53212 0.00505819 -40.502 -48.495 1.5471
-40.3854 -48.4382 1.53998 0.127869 -40.502 -48.495 1.5471
-40.5674 -48.4707 1.5315 0.0162365 -40.502 -48.495 1.5471
-40.3255 -48.4312 1.5499 0.0539621 -40.502 -48.495 1.5471
-40.4838 -48.3662 1.54418 0.261718 -40.502 -48.495 1.5471
-40.4217 -48.2211 1.54324 0.0818498 -40.502 -48.495 1.5471
-40.7266 -48.29 1.5399 0.125703 -40.502 -48.495 1.5471
-40.7144 -48.2491 1.54168 0.0821982 -40.502 -48.495 1.5471
-40.3078 -48.3893 1.5337 0.00653961 -40.502 -48.495 1.5471
-40.4597 -48.4175 1.54019 0.24536 -40.502 -48.495 1.5471
-40.459 -48.1933 1.53982 0.103752 -40.502 -48.495 1.5471
-40.7767 -48.2829 1.53669 0.0854049 -40.502 -48.495 1.5471
-40.4597 -48.4175 1.54019 0.24536 -40.502 -48.495 1.5471
-40.7266 -48.29 1.5399 0.125703 -40.502 -48.495 1.5471
-40.4911 -48.5958 1.55202 0.0476822 -40.502 -48.495 1.5471
-40.459 -48.1933 1.53982 0.103752 -40.502 -48.495 1.5471
-40.4597 -48.4175 1.54019 0.24536 -40.502 -48.495 1.5471
-40.4717 -48.5793 1.53588 0.0192881 -40.502 -48.495 1.5471
-40.5365 -48.6323 1.54063 0.0586735 -40.502 -48.495 1.5471
-40.4975 -48.1842 1.53387 0.0675802 -40.502 -48.495 1.5471
-40.5674 -48.4707 1.5315 0.0162365 -40.502 -48.495 1.5471
-40.7266 -48.29 1.5399 0.125703 -40.502 -48.495 1.5471
-40.4637 -48.5542 1.53961 0.094152 -40.502 -48.495 1.5471
-40.1459 -48.4666 1.553 0.00330872 -40.502 -48.495 1.5471
-40.4838 -48.3662 1.54418 0.261718 -40.502 -48.495 1.5471
-40.1934 -48.2698 1.53592 0.00211819 -40.502 -48.495 1.5471
-40.5365 -48.6323 1.54063 0.0586735 -40.502 -48.495 1.5471
-40.7767 -48.2829 1.53669 0.0854049 -40.502 -48.495 1.5471
-40.3854 -48.4382 1.53998 0.127869 -40.502 -48.495 1.5471
-40.3589 -48.3972 1.5374 0.0586562 -40.502 -48.495 1.5471
-40.2355 -48.3802 1.55201 0.00860122 -40.502 -48.495 1.5471
-40.7144 -48.2491 1.54168 0.0821982 -40.502 -48.495 1.5471
-40.4975 -48.1842 1.53387 0.0675802 -40.502 -48.495 1.5471
-40.4838 -48.3662 1.54418 0.261718 -40.502 -48.495 1.5471
-40.5094 -48.0485 1.54491 0.00392545 -40.502 -48.495 1.5471
-40.3115 -48.2226 1.538 0.0261393 -40.502 -48.495 1.5471
-40.3553 -48.306 1.53605 0.0425476 -40.502 -48.495 1.5471
-40.7767 -48.2829 1.53669 0.0854049 -40.502 -48.495 1.5471
-40.3589 -48.3972 1.5374 0.0586562 -40.502 -48.495 1.5471
-40.7763 -48.2274 1.53312 0.054615 -40.502 -48.495 1.5471
-40.8629 -48.2518 1.53744 0.0243835 -40.502 -48.495 1.5471
-40.4597 -48.4175 1.54019 0.24536 -40.502 -48.495 1.5471
-40.4975 -48.1842 1.53387 0.0675802 -40.502 -48.495 1.5471
-40.4637 -48.5542 1.53961 0.094152 -40.502 -48.495 1.5471
-40.7763 -48.2274 1.53312 0.054615 -40.502 -48.495 1.5471
-40.4217 -48.2211 1.54324 0.0818498 -40.502 -48.495 1.5471
-40.3854 -48.4382 1.53998 0.127869 -40.502 -48.495 1.5471
-40.4637 -48.5542 1.53961 0.094152 -40.502 -48.495 1.5471
-40.8463 -48.3265 1.53707 0.0383808 -40.502 -48.495 1.5471
-40.4975 -48.1842 1.53387 0.0675802 -40.502 -48.495 1.5471
-40.4838 -48.3662 1.54418 0.261718 -40.502 -48.495 1.5471
-40.3854 -48.4382 1.53998 0.127869 -40.502 -48.495 1.5471
-40.4838 -48.3662 1.54418 0.261718 -40.502 -48.495 1.5471
-40.4838 -48.3662 1.54418 0.261718 -40.502 -48.495 1.5471
-40.3553 -48.306 1.53605 0.0425476 -40.502 -48.495 1.5471
-40.3553 -48.306 1.53605 0.0425476 -40.502 -48.495 1.5471
-40.4838 -48.3662 1.54418 0.261718 -40.502 -48.495 1.5471
-40.4838 -48.3662 1.54418 0.261718 -40.502 -48.495 1.5471
-40.7144 -48.2491 1.54168 0.0821982 -40.502 -48.495 1.5471
-40.7266 -48.29 1.5399 0.125703 -40.502 -48.495 1.5471
-40.7266 -48.29 1.5399 0.125703 -40.502 -48.495 1.5471
-40.4717 -48.5793 1.53588 0.0192881 -40.502 -48.495 1.5471
-40.506 -48.2026 1.54888 0.0124376 -40.502 -48.495 1.5471
-40.3649 -48.5582 1.53917 0.0347988 -40.502 -48.495 1.5471
-40.4838 -48.3662 1.54418 0.261718 -40.502 -48.495 1.5471
-40.506 -48.2026 1.54888 0.0124376 -40.502 -48.495 1.5471
-40.2179 -48.3846 1.5458 0.0234775 -40.502 -48.495 1.5471
-40.1765 -48.3631 1.55229 0.00307732 -40.502 -48.495 1.5471
-40.7266 -48.29 1.5399 0.125703 -40.502 -48.495 1.5471
-40.4838 -48.3662 1.54418 0.261718 -40.502 -48.495 1.5471
-40.8463 -48.3265 1.53707 0.0383808 -40.502 -48.495 1.5471
-40.4351 -48.7346 1.5403 0.0064213 -40.502 -48.495 1.5471
-40.3649 -48.5582 1.53917 0.0347988 -40.502 -48.495 1.5471
-40.4597 -48.4175 1.54019 0.24536 -40.502 -48.495 1.5471
-40.3854 -48.4382 1.53998 0.127869 -40.502 -48.495 1.5471
-40.4217 -48.2211 1.54324 0.0818498 -40.502 -48.495 1.5471
-40.2179 -48.3846 1.5458 0.0234775 -40.502 -48.495 1.5471
-40.4838 -48.3662 1.54418 0.261718 -40.502 -48.495 1.5471
-40.4597 -48.4175 1.54019 0.24536 -40.502 -48.495 1.5471
-40.3854 -48.4382 1.53998 0.127869 -40.502 -48.495 1.5471
-40.459 -48.1933 1.53982 0.103752 -40.502 -48.495 1.5471
-40.3936 -48.2142 1.5303 0.00714309 -40.502 -48.495 1.5471
-40.4838 -48.3662 1.54418 0.261718 -40.502 -48.495 1.5471
-40.7266 -48.29 1.5399 0.125703 -40.502 -48.495 1.5471
-40.7144 -48.2491 1.54168 0.0821982 -40.502 -48.495 1.5471
-40.4838 -48.3662 1.54418 0.261718 -40.502 -48.495 1.5471
-40.7763 -48.2274 1.53312 0.054615 -40.502 -48.495 1.5471
-40.4597 -48.4175 1.54019 0.24536 -40.502 -48.495 1.5471
-40.5856 -48.0329 1.53404 0.0219388 -40.502 -48.495 1.5471
-40.2371 -48.3427 1.54322 0.0270072 -40.502 -48.495 1.5471
-40.4838 -48.3662 1.54418 0.261718 -40.502 -48.495 1.5471
-40.3255 -48.4312 1.5499 0.0539621 -40.502 -48.495 1.5471
-40.4838 -48.3662 1.54418 0.261718 -40.502 -48.495 1.5471
-40.7266 -48.29 1.5399 0.125703 -40.502 -48.495 1.5471
-40.5365 -48.6323 1.54063 0.0586735 -40.502 -48.495 1.5471
-40.4838 -48.3662 1.54418 0.261718 -40.502 -48.495 1.5471
-40.7618 -48.555 1.55103 0.00514977 -40.502 -48.495 1.5471
-40.2371 -48.3427 1.54322 0.0270072 -40.502 -48.495 1.5471
-40.7266 -48.29 1.5399 0.125703 -40.502 -48.495 1.5471
-40.4597 -48.4175 1.54019 0.24536 -40.502 -48.495 1.5471
