152.285 -13.6394 3.31012 0.114302 152.48 -13.792 3.3169
152.21 -13.3389 3.30325 0.0474363 152.48 -13.792 3.3169
152.385 -13.5521 3.30985 0.536408 152.48 -13.792 3.3169
152.651 -13.5917 3.31459 0.336856 152.48 -13.792 3.3169
152.385 -13.5521 3.30985 0.536408 152.48 -13.792 3.3169
152.429 -13.6624 3.31528 0.143265 152.48 -13.792 3.3169
152.363 -13.2867 3.30479 0.0622273 152.48 -13.792 3.3169
152.301 -13.4108 3.31332 0.0901402 152.48 -13.792 3.3169
152.654 -13.7353 3.31516 0.072724 152.48 -13.792 3.3169
152.67 -13.5308 3.31845 0.187018 152.48 -13.792 3.3169
152.522 -13.6422 3.31665 0.214107 152.48 -13.792 3.3169
152.295 -13.3786 3.3099 0.228212 152.48 -13.792 3.3169
152.528 -13.3354 3.30921 0.188279 152.48 -13.792 3.3169
152.522 -13.6422 3.31665 0.214107 152.48 -13.792 3.3169
152.67 -13.5308 3.31845 0.187018 152.48 -13.792 3.3169
152.385 -13.5521 3.30985 0.536408 152.48 -13.792 3.3169
152.385 -13.5521 3.30985 0.536408 152.48 -13.792 3.3169
152.528 -13.3354 3.30921 0.188279 152.48 -13.792 3.3169
152.385 -13.5521 3.30985 0.536408 152.48 -13.792 3.3169
152.429 -13.6624 3.31528 0.143265 152.48 -13.792 3.3169
152.651 -13.5917 3.31459 0.336856 152.48 -13.792 3.3169
152.534 -13.5894 3.31089 0.422453 152.48 -13.792 3.3169
152.67 -13.5308 3.31845 0.187018 152.48 -13.792 3.3169
152.436 -13.7138 3.31713 0.0368913 152.48 -13.792 3.3169
152.21 -13.3389 3.30325 0.0474363 152.48 -13.792 3.3169
152.295 -13.3786 3.3099 0.228212 152.48 -13.792 3.3169
152.385 -13.5521 3.30985 0.536408 152.48 -13.792 3.3169
152.294 -13.6362 3.30822 0.116043 152.48 -13.792 3.3169
152.294 -13.6362 3.30822 0.116043 152.48 -13.792 3.3169
152.433 -13.2559 3.30918 0.0996442 152.48 -13.792 3.3169
152.433 -13.2559 3.30918 0.0996442 152.48 -13.792 3.3169
152.288 -13.481 3.31141 0.225737 152.48 -13.792 3.3169
152.534 -13.5894 3.31089 0.422453 152.48 -13.792 3.3169
152.751 -13.7803 3.32009 0.0127473 152.48 -13.792 3.3169
152.385 -13.5521 3.30985 0.536408 152.48 -13.792 3.3169
152.385 -13.5521 3.30985 0.536408 152.48 -13.792 3.3169
152.385 -13.5521 3.30985 0.536408 152.48 -13.792 3.3169
152.285 -13.6394 3.31012 0.114302 152.48 -13.792 3.3169
152.429 -13.6624 3.31528 0.143265 152.48 -13.792 3.3169
152.528 -13.3354 3.30921 0.188279 152.48 -13.792 3.3169
152.657 -13.6727 3.32138 0.0290941 152.48 -13.792 3.3169
152.651 -13.5917 3.31459 0.336856 152.48 -13.792 3.3169
152.412 -13.5612 3.30246 0.00819532 152.48 -13.792 3.3169
152.492 -13.6617 3.31568 0.209706 152.48 -13.792 3.3169
152.661 -13.7031 3.31111 0.0298331 152.48 -13.792 3.3169
152.661 -13.7031 3.31111 0.0298331 152.48 -13.792 3.3169
152.385 -13.5521 3.30985 0.536408 152.48 -13.792 3.3169
152.534 -13.5894 3.31089 0.422453 152.48 -13.792 3.3169
152.651 -13.5917 3.31459 0.336856 152.48 -13.792 3.3169
152.534 -13.5894 3.31089 0.422453 152.48 -13.792 3.3169
152.67 -13.5308 3.31845 0.187018 152.48 -13.792 3.3169
152.67 -13.5308 3.31845 0.187018 152.48 -13.792 3.3169
152.492 -13.6617 3.31568 0.209706 152.48 -13.792 3.3169
152.777 -13.4075 3.32204 0.00738638 152.48 -13.792 3.3169
152.288 -13.481 3.31141 0.225737 152.48 -13.792 3.3169
152.294 -13.6362 3.30822 0.116043 152.48 -13.792 3.3169
152.429 -13.6624 3.31528 0.143265 152.48 -13.792 3.3169
152.654 -13.7353 3.31516 0.072724 152.48 -13.792 3.3169
152.534 -13.5894 3.31089 0.422453 152.48 -13.792 3.3169
152.433 -13.2559 3.30918 0.0996442 152.48 -13.792 3.3169
152.534 -13.5894 3.31089 0.422453 152.48 -13.792 3.3169
152.385 -13.5521 3.30985 0.536408 152.48 -13.792 3.3169
152.436 -13.7138 3.31713 0.0368913 152.48 -13.792 3.3169
152.651 -13.5917 3.31459 0.336856 152.48 -13.792 3.3169
152.505 -13.8136 3.30818 0.00290362 152.48 -13.792 3.3169
152.295 -13.3786 3.3099 0.228212 152.48 -13.792 3.3169
152.295 -13.3786 3.3099 0.228212 152.48 -13.792 3.3169
152.492 -13.6617 3.31568 0.209706 152.48 -13.792 3.3169
152.301 -13.4108 3.31332 0.0901402 152.48 -13.792 3.3169
152.651 -13.5917 3.31459 0.336856 152.48 -13.792 3.3169
152.651 -13.5917 3.31459 0.336856 152.48 -13.792 3.3169
152.528 -13.3354 3.30921 0.188279 152.48 -13.792 3.3169
152.696 -13.4206 3.32096 0.0221604 152.48 -13.792 3.3169
152.285 -13.6394 3.31012 0.114302 152.48 -13.792 3.3169
152.492 -13.6617 3.31568 0.209706 152.48 -13.792 3.3169
152.294 -13.6362 3.30822 0.116043 152.48 -13.792 3.3169
152.295 -13.3786 3.3099 0.228212 152.48 -13.792 3.3169
152.385 -13.5521 3.30985 0.536408 152.48 -13.792 3.3169
152.67 -13.5308 3.31845 0.187018 152.48 -13.792 3.3169
152.534 -13.5894 3.31089 0.422453 152.48 -13.792 3.3169
152.285 -13.6394 3.31012 0.114302 152.48 -13.792 3.3169
152.285 -13.6394 3.31012 0.114302 152.48 -13.792 3.3169
152.522 -13.6422 3.31665 0.214107 152.48 -13.792 3.3169
152.534 -13.5894 3.31089 0.422453 152.48 -13.792 3.3169
152.492 -13.6617 3.31568 0.209706 152.48 -13.792 3.3169
152.534 -13.5894 3.31089 0.422453 152.48 -13.792 3.3169
152.385 -13.5521 3.30985 0.536408 152.48 -13.792 3.3169
152.492 -13.6617 3.31568 0.209706 152.48 -13.792 3.3169
152.534 -13.5894 3.31089 0.422453 152.48 -13.792 3.3169
152.08 -13.4191 3.30607 0.0178686 152.48 -13.792 3.3169
152.696 -13.4206 3.32096 0.0221604 152.48 -13.792 3.3169
152.295 -13.3786 3.3099 0.228212 152.48 -13.792 3.3169
152.522 -13.6422 3.31665 0.214107 152.48 -13.792 3.3169
152.295 -13.3786 3.3099 0.228212 152.48 -13.792 3.3169
152.429 -13.6624 3.31528 0.143265 152.48 -13.792 3.3169
152.528 -13.3354 3.30921 0.188279 152.48 -13.792 3.3169
152.67 -13.5308 3.31845 0.187018 152.48 -13.792 3.3169
152.534 -13.5894 3.31089 0.422453 152.48 -13.792 3.3169
152.492 -13.6617 3.31568 0.209706 152.48 -13.792 3.3169
152.288 -13.481 3.31141 0.225737 152.48 -13.792 3.3169
152.522 -13.6422 3.31665 0.214107 152.48 -13.792 3.3169
152.522 -13.6422 3.31665 0.214107 152.48 -13.792 3.3169
152.385 -13.5521 3.30985 0.536408 152.48 -13.792 3.3169
152.657 -13.6727 3.32138 0.0290941 152.48 -13.792 3.3169
152.67 -13.5308 3.31845 0.187018 152.48 -13.792 3.3169
152.301 -13.4108 3.31332 0.0901402 152.48 -13.792 3.3169
152.528 -13.3354 3.30921 0.188279 152.48 -13.792 3.3169
152.08 -13.4191 3.30607 0.0178686 152.48 -13.792 3.3169
152.294 -13.6362 3.30822 0.116043 152.48 -13.792 3.3169
152.828 -13.4721 3.31625 0.0351541 152.48 -13.792 3.3169
152.385 -13.5521 3.30985 0.536408 152.48 -13.792 3.3169
152.412 -13.5612 3.30246 0.00819532 152.48 -13.792 3.3169
152.385 -13.5521 3.30985 0.536408 152.48 -13.792 3.3169
152.465 -13.2682 3.30553 0.0342605 152.48 -13.792 3.3169
152.528 -13.3354 3.30921 0.188279 152.48 -13.792 3.3169
152.528 -13.3354 3.30921 0.188279 152.48 -13.792 3.3169
152.385 -13.5521 3.30985 0.536408 152.48 -13.792 3.3169
152.651 -13.5917 3.31459 0.336856 152.48 -13.792 3.3169
152.528 -13.3354 3.30921 0.188279 152.48 -13.792 3.3169
152.492 -13.6617 3.31568 0.209706 152.48 -13.792 3.3169
152.534 -13.5894 3.31089 0.422453 152.48 -13.792 3.3169
152.429 -13.6624 3.31528 0.143265 152.48 -13.792 3.3169
152.528 -13.3354 3.30921 0.188279 152.48 -13.792 3.3169
152.67 -13.5308 3.31845 0.187018 152.48 -13.792 3.3169
152.656 -13.7347 3.32094 0.0205712 152.48 -13.792 3.3169
152.522 -13.6422 3.31665 0.214107 152.48 -13.792 3.3169
152.492 -13.6617 3.31568 0.209706 152.48 -13.792 3.3169
152.534 -13.5894 3.31089 0.422453 152.48 -13.792 3.3169
152.385 -13.5521 3.30985 0.536408 152.48 -13.792 3.3169
152.385 -13.5521 3.30985 0.536408 152.48 -13.792 3.3169
152.651 -13.5917 3.31459 0.336856 152.48 -13.792 3.3169
152.285 -13.6394 3.31012 0.114302 152.48 -13.792 3.3169
152.534 -13.5894 3.31089 0.422453 152.48 -13.792 3.3169
152.433 -13.2559 3.30918 0.0996442 152.48 -13.792 3.3169
152.651 -13.5917 3.31459 0.336856 152.48 -13.792 3.3169
152.385 -13.5521 3.30985 0.536408 152.48 -13.792 3.3169
152.651 -13.5917 3.31459 0.336856 152.48 -13.792 3.3169
152.385 -13.5521 3.30985 0.536408 152.48 -13.792 3.3169
152.433 -13.2559 3.30918 0.0996442 152.48 -13.792 3.3169
152.363 -13.2867 3.30479 0.0622273 152.48 -13.792 3.3169
152.534 -13.5894 3.31089 0.422453 152.48 -13.792 3.3169
152.295 -13.3786 3.3099 0.228212 152.48 -13.792 3.3169
152.385 -13.5521 3.30985 0.536408 152.48 -13.792 3.3169
152.534 -13.5894 3.31089 0.422453 152.48 -13.792 3.3169
152.294 -13.6362 3.30822 0.116043 152.48 -13.792 3.3169
152.67 -13.5308 3.31845 0.187018 152.48 -13.792 3.3169
152.528 -13.3354 3.30921 0.188279 152.48 -13.792 3.3169
152.828 -13.4721 3.31625 0.0351541 152.48 -13.792 3.3169
152.294 -13.6362 3.30822 0.116043 152.48 -13.792 3.3169
152.651 -13.5917 3.31459 0.336856 152.48 -13.792 3.3169
152.436 -13.7138 3.31713 0.0368913 152.48 -13.792 3.3169
152.285 -13.6394 3.31012 0.114302 152.48 -13.792 3.3169
152.657 -13.6727 3.32138 0.0290941 152.48 -13.792 3.3169
152.651 -13.5917 3.31459 0.336856 152.48 -13.792 3.3169
152.288 -13.481 3.31141 0.225737 152.48 -13.792 3.3169
152.534 -13.5894 3.31089 0.422453 152.48 -13.792 3.3169
152.363 -13.2867 3.30479 0.0622273 152.48 -13.792 3.3169
152.385 -13.5521 3.30985 0.536408 152.48 -13.792 3.3169
152.534 -13.5894 3.31089 0.422453 152.48 -13.792 3.3169
152.436 -13.7138 3.31713 0.0368913 152.48 -13.792 3.3169
152.46 -13.8283 3.31238 0.0124956 152.48 -13.792 3.3169
152.651 -13.5917 3.31459 0.336856 152.48 -13.792 3.3169
152.657 -13.6727 3.32138 0.0290941 152.48 -13.792 3.3169
152.295 -13.3786 3.3099 0.228212 152.48 -13.792 3.3169
152.385 -13.5521 3.30985 0.536408 152.48 -13.792 3.3169
152.828 -13.4721 3.31625 0.0351541 152.48 -13.792 3.3169
152.534 -13.5894 3.31089 0.422453 152.48 -13.792 3.3169
152.534 -13.5894 3.31089 0.422453 152.48 -13.792 3.3169
152.528 -13.3354 3.30921 0.188279 152.48 -13.792 3.3169
152.385 -13.5521 3.30985 0.536408 152.48 -13.792 3.3169
152.217 -13.4848 3.31411 0.0140852 152.48 -13.792 3.3169
152.429 -13.6624 3.31528 0.143265 152.48 -13.792 3.3169
152.385 -13.5521 3.30985 0.536408 152.48 -13.792 3.3169
152.654 -13.7353 3.31516 0.072724 152.48 -13.792 3.3169
152.285 -13.6394 3.31012 0.114302 152.48 -13.792 3.3169
152.385 -13.5521 3.30985 0.536408 152.48 -13.792 3.3169
152.295 -13.3786 3.3099 0.228212 152.48 -13.792 3.3169
152.67 -13.5308 3.31845 0.187018 152.48 -13.792 3.3169
152.385 -13.5521 3.30985 0.536408 152.48 -13.792 3.3169
152.651 -13.5917 3.31459 0.336856 152.48 -13.792 3.3169
152.522 -13.6422 3.31665 0.214107 152.48 -13.792 3.3169
152.67 -13.5308 3.31845 0.187018 152.48 -13.792 3.3169
152.295 -13.3786 3.3099 0.228212 152.48 -13.792 3.3169
152.67 -13.5308 3.31845 0.187018 152.48 -13.792 3.3169
152.492 -13.6617 3.31568 0.209706 152.48 -13.792 3.3169
152.825 -13.4526 3.31314 0.0141013 152.48 -13.792 3.3169
152.295 -13.3786 3.3099 0.228212 152.48 -13.792 3.3169
152.534 -13.5894 3.31089 0.422453 152.48 -13.792 3.3169
152.522 -13.6422 3.31665 0.214107 152.48 -13.792 3.3169
152.534 -13.5894 3.31089 0.422453 152.48 -13.792 3.3169
152.385 -13.5521 3.30985 0.536408 152.48 -13.792 3.3169
152.67 -13.5308 3.31845 0.187018 152.48 -13.792 3.3169
152.385 -13.5521 3.30985 0.536408 152.48 -13.792 3.3169
152.294 -13.6362 3.30822 0.116043 152.48 -13.792 3.3169
152.661 -13.7031 3.31111 0.0298331 152.48 -13.792 3.3169
152.67 -13.5308 3.31845 0.187018 152.48 -13.792 3.3169
152.777 -13.4075 3.32204 0.00738638 152.48 -13.792 3.3169
152.412 -13.5612 3.30246 0.00819532 152.48 -13.792 3.3169
152.534 -13.5894 3.31089 0.422453 152.48 -13.792 3.3169
152.429 -13.6624 3.31528 0.143265 152.48 -13.792 3.3169
