160.967 22.7392 0.0836606 0.00165227 160.82 22.666 0.080804
161.202 22.5389 0.0726036 0.00011031 160.82 22.666 0.080804
161.087 22.9243 0.0717366 0.000414304 160.82 22.666 0.080804
161.215 22.5704 0.075878 0.000533964 160.82 22.666 0.080804
160.962 22.606 0.0829847 0.00132658 160.82 22.666 0.080804
161.073 22.7414 0.0828168 0.00209006 160.82 22.666 0.080804
161.215 22.5704 0.075878 0.000533964 160.82 22.666 0.080804
161.043 22.5119 0.0823022 0.000462538 160.82 22.666 0.080804
161.126 22.5775 0.0795395 0.00153696 160.82 22.666 0.080804
160.989 22.6797 0.0800492 0.00465516 160.82 22.666 0.080804
160.969 22.7548 0.078497 0.00489636 160.82 22.666 0.080804
160.969 22.7548 0.078497 0.00489636 160.82 22.666 0.080804
160.969 22.7548 0.078497 0.00489636 160.82 22.666 0.080804
160.988 22.9164 0.0746554 0.000849328 160.82 22.666 0.080804
160.951 22.6061 0.0791628 0.00204975 160.82 22.666 0.080804
161.126 22.5775 0.0795395 0.00153696 160.82 22.666 0.080804
160.878 22.6743 0.0850667 0.000489177 160.82 22.666 0.080804
160.962 22.606 0.0829847 0.00132658 160.82 22.666 0.080804
160.967 22.7392 0.0836606 0.00165227 160.82 22.666 0.080804
160.989 22.6797 0.0800492 0.00465516 160.82 22.666 0.080804
160.904 22.8535 0.0713627 7.95136e-05 160.82 22.666 0.080804
160.967 22.7392 0.0836606 0.00165227 160.82 22.666 0.080804
160.989 22.6797 0.0800492 0.00465516 160.82 22.666 0.080804
161.253 22.8241 0.0818151 0.000199674 160.82 22.666 0.080804
160.988 22.9043 0.0817676 0.000823618 160.82 22.666 0.080804
161.196 22.8676 0.0736614 0.00123054 160.82 22.666 0.080804
160.969 22.7548 0.078497 0.00489636 160.82 22.666 0.080804
160.989 22.6797 0.0800492 0.00465516 160.82 22.666 0.080804
160.953 22.508 0.075993 0.00018716 160.82 22.666 0.080804
160.989 22.6797 0.0800492 0.00465516 160.82 22.666 0.080804
160.919 22.7825 0.0749163 0.00116092 160.82 22.666 0.080804
161.041 22.5383 0.0796146 0.00113682 160.82 22.666 0.080804
160.962 22.606 0.0829847 0.00132658 160.82 22.666 0.080804
160.892 22.5825 0.0765092 0.000400708 160.82 22.666 0.080804
160.969 22.7548 0.078497 0.00489636 160.82 22.666 0.080804
160.951 22.6061 0.0791628 0.00204975 160.82 22.666 0.080804
160.892 22.5825 0.0765092 0.000400708 160.82 22.666 0.080804
160.813 22.6921 0.0794879 0.000564349 160.82 22.666 0.080804
160.962 22.606 0.0829847 0.00132658 160.82 22.666 0.080804
160.969 22.7548 0.078497 0.00489636 160.82 22.666 0.080804
160.962 22.606 0.0829847 0.00132658 160.82 22.666 0.080804
160.988 22.9043 0.0817676 0.000823618 160.82 22.666 0.080804
161.116 22.8387 0.0709639 0.000617253 160.82 22.666 0.080804
160.989 22.6797 0.0800492 0.00465516 160.82 22.666 0.080804
160.969 22.7548 0.078497 0.00489636 160.82 22.666 0.080804
161.134 22.9024 0.0724018 0.000765754 160.82 22.666 0.080804
160.919 22.7825 0.0749163 0.00116092 160.82 22.666 0.080804
160.951 22.6061 0.0791628 0.00204975 160.82 22.666 0.080804
161.127 22.7275 0.0701675 0.000361353 160.82 22.666 0.080804
160.989 22.6797 0.0800492 0.00465516 160.82 22.666 0.080804
160.813 22.6921 0.0794879 0.000564349 160.82 22.666 0.080804
160.951 22.6061 0.0791628 0.00204975 160.82 22.666 0.080804
160.962 22.606 0.0829847 0.00132658 160.82 22.666 0.080804
160.989 22.6797 0.0800492 0.00465516 160.82 22.666 0.080804
161.127 22.7275 0.0701675 0.000361353 160.82 22.666 0.080804
161.043 22.5119 0.0823022 0.000462538 160.82 22.666 0.080804
161.343 23.0581 0.0740634 5.0396e-06 160.82 22.666 0.080804
161.073 22.7414 0.0828168 0.00209006 160.82 22.666 0.080804
160.989 22.6797 0.0800492 0.00465516 160.82 22.666 0.080804
160.989 22.6797 0.0800492 0.00465516 160.82 22.666 0.080804
160.989 22.6797 0.0800492 0.00465516 160.82 22.666 0.080804
160.969 22.7548 0.078497 0.00489636 160.82 22.666 0.080804
160.989 22.6797 0.0800492 0.00465516 160.82 22.666 0.080804
161.202 22.6471 0.0747676 0.00134758 160.82 22.666 0.080804
160.969 22.7548 0.078497 0.00489636 160.82 22.666 0.080804
161.215 22.5704 0.075878 0.000533964 160.82 22.666 0.080804
160.969 22.7548 0.078497 0.00489636 160.82 22.666 0.080804
161.343 22.7463 0.067205 8.47739e-06 160.82 22.666 0.080804
160.813 22.6921 0.0794879 0.000564349 160.82 22.666 0.080804
160.951 22.6061 0.0791628 0.00204975 160.82 22.666 0.080804
161.043 22.5119 0.0823022 0.000462538 160.82 22.666 0.080804
160.989 22.6797 0.0800492 0.00465516 160.82 22.666 0.080804
160.953 22.508 0.075993 0.00018716 160.82 22.666 0.080804
160.978 22.5137 0.0747918 0.000157333 160.82 22.666 0.080804
160.969 22.7548 0.078497 0.00489636 160.82 22.666 0.080804
161.134 22.9024 0.0724018 0.000765754 160.82 22.666 0.080804
160.962 22.606 0.0829847 0.00132658 160.82 22.666 0.080804
160.919 22.7825 0.0749163 0.00116092 160.82 22.666 0.080804
160.988 22.9043 0.0817676 0.000823618 160.82 22.666 0.080804
160.967 22.7392 0.0836606 0.00165227 160.82 22.666 0.080804
160.969 22.7548 0.078497 0.00489636 160.82 22.666 0.080804
161.202 22.6471 0.0747676 0.00134758 160.82 22.666 0.080804
160.967 22.7392 0.0836606 0.00165227 160.82 22.666 0.080804
160.919 22.7825 0.0749163 0.00116092 160.82 22.666 0.080804
161.127 22.7275 0.0701675 0.000361353 160.82 22.666 0.080804
161.174 22.6447 0.0846867 0.000193061 160.82 22.666 0.080804
160.878 22.7603 0.073984 0.00036426 160.82 22.666 0.080804
160.988 22.9164 0.0746554 0.000849328 160.82 22.666 0.080804
161.073 22.7414 0.0828168 0.00209006 160.82 22.666 0.080804
161.372 22.8238 0.0787059 4.80099e-05 160.82 22.666 0.080804
160.96 22.5291 0.0754084 0.00024287 160.82 22.666 0.080804
160.951 22.6061 0.0791628 0.00204975 160.82 22.666 0.080804
160.962 22.606 0.0829847 0.00132658 160.82 22.666 0.080804
161.202 22.5389 0.0726036 0.00011031 160.82 22.666 0.080804
161.087 22.9243 0.0717366 0.000414304 160.82 22.666 0.080804
161.202 22.6471 0.0747676 0.00134758 160.82 22.666 0.080804
161.126 22.5775 0.0795395 0.00153696 160.82 22.666 0.080804
160.989 22.6797 0.0800492 0.00465516 160.82 22.666 0.080804
161.116 22.8387 0.0709639 0.000617253 160.82 22.666 0.080804
160.919 22.7825 0.0749163 0.00116092 160.82 22.666 0.080804
160.951 22.6061 0.0791628 0.00204975 160.82 22.666 0.080804
161.073 22.7414 0.0828168 0.00209006 160.82 22.666 0.080804
160.962 22.606 0.0829847 0.00132658 160.82 22.666 0.080804
160.969 22.7548 0.078497 0.00489636 160.82 22.666 0.080804
160.988 22.9043 0.0817676 0.000823618 160.82 22.666 0.080804
161.134 22.9024 0.0724018 0.000765754 160.82 22.666 0.080804
160.989 22.6797 0.0800492 0.00465516 160.82 22.666 0.080804
161.041 22.5383 0.0796146 0.00113682 160.82 22.666 0.080804
161.126 22.5775 0.0795395 0.00153696 160.82 22.666 0.080804
161.116 22.8387 0.0709639 0.000617253 160.82 22.666 0.080804
161.116 22.5571 0.0859857 8.01956e-05 160.82 22.666 0.080804
160.962 22.606 0.0829847 0.00132658 160.82 22.666 0.080804
160.962 22.606 0.0829847 0.00132658 160.82 22.666 0.080804
161.073 22.7414 0.0828168 0.00209006 160.82 22.666 0.080804
160.962 22.606 0.0829847 0.00132658 160.82 22.666 0.080804
160.919 22.7825 0.0749163 0.00116092 160.82 22.666 0.080804
160.967 22.7392 0.0836606 0.00165227 160.82 22.666 0.080804
160.967 22.7392 0.0836606 0.00165227 160.82 22.666 0.080804
160.813 22.6921 0.0794879 0.000564349 160.82 22.666 0.080804
160.969 22.7548 0.078497 0.00489636 160.82 22.666 0.080804
160.969 22.7548 0.078497 0.00489636 160.82 22.666 0.080804
160.989 22.6797 0.0800492 0.00465516 160.82 22.666 0.080804
161.215 22.5704 0.075878 0.000533964 160.82 22.666 0.080804
160.962 22.606 0.0829847 0.00132658 160.82 22.666 0.080804
161.073 22.7414 0.0828168 0.00209006 160.82 22.666 0.080804
161.215 22.5704 0.075878 0.000533964 160.82 22.666 0.080804
161.215 22.5704 0.075878 0.000533964 160.82 22.666 0.080804
160.967 22.7392 0.0836606 0.00165227 160.82 22.666 0.080804
161.073 22.7414 0.0828168 0.00209006 160.82 22.666 0.080804
160.969 22.7548 0.078497 0.00489636 160.82 22.666 0.080804
160.962 22.606 0.0829847 0.00132658 160.82 22.666 0.080804
160.892 22.5825 0.0765092 0.000400708 160.82 22.666 0.080804
160.892 22.5825 0.0765092 0.000400708 160.82 22.666 0.080804
161.073 22.7414 0.0828168 0.00209006 160.82 22.666 0.080804
160.988 22.9164 0.0746554 0.000849328 160.82 22.666 0.080804
160.969 22.7548 0.078497 0.00489636 160.82 22.666 0.080804
160.969 22.7548 0.078497 0.00489636 160.82 22.666 0.080804
160.989 22.6797 0.0800492 0.00465516 160.82 22.666 0.080804
160.953 22.508 0.075993 0.00018716 160.82 22.666 0.080804
160.967 22.7392 0.0836606 0.00165227 160.82 22.666 0.080804
160.988 22.9164 0.0746554 0.000849328 160.82 22.666 0.080804
161.073 22.7414 0.0828168 0.00209006 160.82 22.666 0.080804
160.919 22.7825 0.0749163 0.00116092 160.82 22.666 0.080804
160.989 22.6797 0.0800492 0.00465516 160.82 22.666 0.080804
161.073 22.7414 0.0828168 0.00209006 160.82 22.666 0.080804
160.951 22.6061 0.0791628 0.00204975 160.82 22.666 0.080804
160.989 22.6797 0.0800492 0.00465516 160.82 22.666 0.080804
160.989 22.6797 0.0800492 0.00465516 160.82 22.666 0.080804
161.116 22.8387 0.0709639 0.000617253 160.82 22.666 0.080804
161.126 22.5775 0.0795395 0.00153696 160.82 22.666 0.080804
161.196 22.8676 0.0736614 0.00123054 160.82 22.666 0.080804
161.202 22.6471 0.0747676 0.00134758 160.82 22.666 0.080804
160.988 22.9164 0.0746554 0.000849328 160.82 22.666 0.080804
160.989 22.6797 0.0800492 0.00465516 160.82 22.666 0.080804
160.951 22.6061 0.0791628 0.00204975 160.82 22.666 0.080804
161.127 22.7275 0.0701675 0.000361353 160.82 22.666 0.080804
160.962 22.606 0.0829847 0.00132658 160.82 22.666 0.080804
160.988 22.9043 0.0817676 0.000823618 160.82 22.666 0.080804
160.989 22.6797 0.0800492 0.00465516 160.82 22.666 0.080804
161.026 22.487 0.0773131 0.000308866 160.82 22.666 0.080804
161.196 22.8676 0.0736614 0.00123054 160.82 22.666 0.080804
160.989 22.6797 0.0800492 0.00465516 160.82 22.666 0.080804
161.126 22.5775 0.0795395 0.00153696 160.82 22.666 0.080804
161.215 22.5704 0.075878 0.000533964 160.82 22.666 0.080804
161.026 22.487 0.0773131 0.000308866 160.82 22.666 0.080804
160.962 22.606 0.0829847 0.00132658 160.82 22.666 0.080804
160.969 22.7548 0.078497 0.00489636 160.82 22.666 0.080804
160.951 22.6061 0.0791628 0.00204975 160.82 22.666 0.080804
160.989 22.6797 0.0800492 0.00465516 160.82 22.666 0.080804
161.196 22.8676 0.0736614 0.00123054 160.82 22.666 0.080804
160.892 22.5825 0.0765092 0.000400708 160.82 22.666 0.080804
161.126 22.5775 0.0795395 0.00153696 160.82 22.666 0.080804
161.202 22.6471 0.0747676 0.00134758 160.82 22.666 0.080804
160.919 22.7825 0.0749163 0.00116092 160.82 22.666 0.080804
161.126 22.5775 0.0795395 0.00153696 160.82 22.666 0.080804
160.969 22.7548 0.078497 0.00489636 160.82 22.666 0.080804
160.969 22.7548 0.078497 0.00489636 160.82 22.666 0.080804
161.073 22.7414 0.0828168 0.00209006 160.82 22.666 0.080804
160.969 22.7548 0.078497 0.00489636 160.82 22.666 0.080804
160.969 22.7548 0.078497 0.00489636 160.82 22.666 0.080804
160.969 22.7548 0.078497 0.00489636 160.82 22.666 0.080804
160.969 22.7548 0.078497 0.00489636 160.82 22.666 0.080804
161.073 22.7414 0.0828168 0.00209006 160.82 22.666 0.080804
161.202 22.6471 0.0747676 0.00134758 160.82 22.666 0.080804
160.967 22.7392 0.0836606 0.00165227 160.82 22.666 0.080804
160.892 22.5825 0.0765092 0.000400708 160.82 22.666 0.080804
161.087 22.9243 0.0717366 0.000414304 160.82 22.666 0.080804
161.043 22.5119 0.0823022 0.000462538 160.82 22.666 0.080804
160.988 22.9043 0.0817676 0.000823618 160.82 22.666 0.080804
161.073 22.7414 0.0828168 0.00209006 160.82 22.666 0.080804
161.041 22.5383 0.0796146 0.00113682 160.82 22.666 0.080804
161.202 22.6471 0.0747676 0.00134758 160.82 22.666 0.080804
160.951 22.6061 0.0791628 0.00204975 160.82 22.666 0.080804
160.967 22.7392 0.0836606 0.00165227 160.82 22.666 0.080804
160.878 22.6743 0.0850667 0.000489177 160.82 22.666 0.080804
160.967 22.7392 0.0836606 0.00165227 160.82 22.666 0.080804
160.989 22.6797 0.0800492 0.00465516 160.82 22.666 0.080804
160.951 22.6061 0.0791628 0.00204975 160.82 22.666 0.080804
160.951 22.6061 0.0791628 0.00204975 160.82 22.666 0.080804
161.126 22.5775 0.0795395 0.00153696 160.82 22.666 0.080804
