0.496054 -94.4834 3.21433 2.76737 0.58743 -94.605 3.2211
0.723893 -94.3139 3.21473 1.02682 0.58743 -94.605 3.2211
0.647084 -94.5343 3.21563 2.39827 0.58743 -94.605 3.2211
0.698636 -94.4849 3.21534 2.09309 0.58743 -94.605 3.2211
0.696248 -94.3196 3.2209 1.34494 0.58743 -94.605 3.2211
0.563436 -94.2712 3.2203 1.10344 0.58743 -94.605 3.2211
0.772534 -94.2673 3.22117 0.690658 0.58743 -94.605 3.2211
0.696248 -94.3196 3.2209 1.34494 0.58743 -94.605 3.2211
0.886051 -94.685 3.21544 0.109056 0.58743 -94.605 3.2211
0.647084 -94.5343 3.21563 2.39827 0.58743 -94.605 3.2211
0.722004 -94.4916 3.2291 0.098754 0.58743 -94.605 3.2211
0.723893 -94.3139 3.21473 1.02682 0.58743 -94.605 3.2211
0.696248 -94.3196 3.2209 1.34494 0.58743 -94.605 3.2211
0.711188 -94.5195 3.21439 1.69273 0.58743 -94.605 3.2211
0.686771 -94.4632 3.21171 1.37784 0.58743 -94.605 3.2211
0.938077 -94.2658 3.21717 0.0940853 0.58743 -94.605 3.2211
0.723893 -94.3139 3.21473 1.02682 0.58743 -94.605 3.2211
0.647084 -94.5343 3.21563 2.39827 0.58743 -94.605 3.2211
0.563436 -94.2712 3.2203 1.10344 0.58743 -94.605 3.2211
0.698636 -94.4849 3.21534 2.09309 0.58743 -94.605 3.2211
0.796187 -94.6721 3.21604 0.374163 0.58743 -94.605 3.2211
0.686771 -94.4632 3.21171 1.37784 0.58743 -94.605 3.2211
0.563436 -94.2712 3.2203 1.10344 0.58743 -94.605 3.2211
0.698636 -94.4849 3.21534 2.09309 0.58743 -94.605 3.2211
0.80586 -94.5919 3.21455 0.55772 0.58743 -94.605 3.2211
0.698636 -94.4849 3.21534 2.09309 0.58743 -94.605 3.2211
0.445392 -94.6069 3.21178 1.52803 0.58743 -94.605 3.2211
0.75364 -94.5323 3.22295 0.698528 0.58743 -94.605 3.2211
0.496054 -94.4834 3.21433 2.76737 0.58743 -94.605 3.2211
0.564968 -94.3238 3.22474 0.489769 0.58743 -94.605 3.2211
0.496054 -94.4834 3.21433 2.76737 0.58743 -94.605 3.2211
0.723893 -94.3139 3.21473 1.02682 0.58743 -94.605 3.2211
0.80586 -94.5919 3.21455 0.55772 0.58743 -94.605 3.2211
0.445392 -94.6069 3.21178 1.52803 0.58743 -94.605 3.2211
0.801064 -94.1295 3.21858 0.132907 0.58743 -94.605 3.2211
0.894896 -94.2327 3.21619 0.109915 0.58743 -94.605 3.2211
0.563436 -94.2712 3.2203 1.10344 0.58743 -94.605 3.2211
0.445392 -94.6069 3.21178 1.52803 0.58743 -94.605 3.2211
0.723893 -94.3139 3.21473 1.02682 0.58743 -94.605 3.2211
0.696248 -94.3196 3.2209 1.34494 0.58743 -94.605 3.2211
0.769766 -94.504 3.22872 0.105436 0.58743 -94.605 3.2211
0.696248 -94.3196 3.2209 1.34494 0.58743 -94.605 3.2211
0.496054 -94.4834 3.21433 2.76737 0.58743 -94.605 3.2211
0.496054 -94.4834 3.21433 2.76737 0.58743 -94.605 3.2211
0.712016 -94.4818 3.22515 0.532198 0.58743 -94.605 3.2211
0.696248 -94.3196 3.2209 1.34494 0.58743 -94.605 3.2211
0.80586 -94.5919 3.21455 0.55772 0.58743 -94.605 3.2211
0.647084 -94.5343 3.21563 2.39827 0.58743 -94.605 3.2211
0.647084 -94.5343 3.21563 2.39827 0.58743 -94.605 3.2211
0.75364 -94.5323 3.22295 0.698528 0.58743 -94.605 3.2211
0.563436 -94.2712 3.2203 1.10344 0.58743 -94.605 3.2211
0.698636 -94.4849 3.21534 2.09309 0.58743 -94.605 3.2211
0.563436 -94.2712 3.2203 1.10344 0.58743 -94.605 3.2211
0.711188 -94.5195 3.21439 1.69273 0.58743 -94.605 3.2211
0.647084 -94.5343 3.21563 2.39827 0.58743 -94.605 3.2211
0.938077 -94.2658 3.21717 0.0940853 0.58743 -94.605 3.2211
0.647084 -94.5343 3.21563 2.39827 0.58743 -94.605 3.2211
0.496054 -94.4834 3.21433 2.76737 0.58743 -94.605 3.2211
0.698636 -94.4849 3.21534 2.09309 0.58743 -94.605 3.2211
0.493081 -94.3954 3.22554 0.246707 0.58743 -94.605 3.2211
0.686771 -94.4632 3.21171 1.37784 0.58743 -94.605 3.2211
0.796187 -94.6721 3.21604 0.374163 0.58743 -94.605 3.2211
0.647084 -94.5343 3.21563 2.39827 0.58743 -94.605 3.2211
0.698636 -94.4849 3.21534 2.09309 0.58743 -94.605 3.2211
0.769766 -94.504 3.22872 0.105436 0.58743 -94.605 3.2211
0.647084 -94.5343 3.21563 2.39827 0.58743 -94.605 3.2211
0.563436 -94.2712 3.2203 1.10344 0.58743 -94.605 3.2211
0.894896 -94.2327 3.21619 0.109915 0.58743 -94.605 3.2211
0.772534 -94.2673 3.22117 0.690658 0.58743 -94.605 3.2211
0.796187 -94.6721 3.21604 0.374163 0.58743 -94.605 3.2211
0.696248 -94.3196 3.2209 1.34494 0.58743 -94.605 3.2211
0.711188 -94.5195 3.21439 1.69273 0.58743 -94.605 3.2211
0.698636 -94.4849 3.21534 2.09309 0.58743 -94.605 3.2211
0.496054 -94.4834 3.21433 2.76737 0.58743 -94.605 3.2211
0.647084 -94.5343 3.21563 2.39827 0.58743 -94.605 3.2211
0.563436 -94.2712 3.2203 1.10344 0.58743 -94.605 3.2211
0.493081 -94.3954 3.22554 0.246707 0.58743 -94.605 3.2211
0.75364 -94.5323 3.22295 0.698528 0.58743 -94.605 3.2211
0.698636 -94.4849 3.21534 2.09309 0.58743 -94.605 3.2211
0.698636 -94.4849 3.21534 2.09309 0.58743 -94.605 3.2211
0.496054 -94.4834 3.21433 2.76737 0.58743 -94.605 3.2211
0.317631 -94.4965 3.22288 0.0822307 0.58743 -94.605 3.2211
0.496054 -94.4834 3.21433 2.76737 0.58743 -94.605 3.2211
0.686771 -94.4632 3.21171 1.37784 0.58743 -94.605 3.2211
0.686771 -94.4632 3.21171 1.37784 0.58743 -94.605 3.2211
0.712016 -94.4818 3.22515 0.532198 0.58743 -94.605 3.2211
0.511681 -94.8319 3.20602 0.0804307 0.58743 -94.605 3.2211
0.886051 -94.685 3.21544 0.109056 0.58743 -94.605 3.2211
0.75364 -94.5323 3.22295 0.698528 0.58743 -94.605 3.2211
0.647084 -94.5343 3.21563 2.39827 0.58743 -94.605 3.2211
0.772534 -94.2673 3.22117 0.690658 0.58743 -94.605 3.2211
0.647084 -94.5343 3.21563 2.39827 0.58743 -94.605 3.2211
0.843655 -94.6644 3.22618 0.0502245 0.58743 -94.605 3.2211
0.647084 -94.5343 3.21563 2.39827 0.58743 -94.605 3.2211
0.696248 -94.3196 3.2209 1.34494 0.58743 -94.605 3.2211
0.445392 -94.6069 3.21178 1.52803 0.58743 -94.605 3.2211
0.562417 -94.348 3.22569 0.362198 0.58743 -94.605 3.2211
0.712016 -94.4818 3.22515 0.532198 0.58743 -94.605 3.2211
0.493081 -94.3954 3.22554 0.246707 0.58743 -94.605 3.2211
0.445392 -94.6069 3.21178 1.52803 0.58743 -94.605 3.2211
0.796187 -94.6721 3.21604 0.374163 0.58743 -94.605 3.2211
0.613021 -94.6299 3.22926 0.0207006 0.58743 -94.605 3.2211
0.75364 -94.5323 3.22295 0.698528 0.58743 -94.605 3.2211
0.445392 -94.6069 3.21178 1.52803 0.58743 -94.605 3.2211
0.772534 -94.2673 3.22117 0.690658 0.58743 -94.605 3.2211
0.711188 -94.5195 3.21439 1.69273 0.58743 -94.605 3.2211
0.75364 -94.5323 3.22295 0.698528 0.58743 -94.605 3.2211
0.722004 -94.4916 3.2291 0.098754 0.58743 -94.605 3.2211
0.723893 -94.3139 3.21473 1.02682 0.58743 -94.605 3.2211
0.723893 -94.3139 3.21473 1.02682 0.58743 -94.605 3.2211
0.696248 -94.3196 3.2209 1.34494 0.58743 -94.605 3.2211
0.698636 -94.4849 3.21534 2.09309 0.58743 -94.605 3.2211
0.698636 -94.4849 3.21534 2.09309 0.58743 -94.605 3.2211
0.75364 -94.5323 3.22295 0.698528 0.58743 -94.605 3.2211
0.496054 -94.4834 3.21433 2.76737 0.58743 -94.605 3.2211
0.496054 -94.4834 3.21433 2.76737 0.58743 -94.605 3.2211
0.564968 -94.3238 3.22474 0.489769 0.58743 -94.605 3.2211
0.711188 -94.5195 3.21439 1.69273 0.58743 -94.605 3.2211
0.696248 -94.3196 3.2209 1.34494 0.58743 -94.605 3.2211
0.647084 -94.5343 3.21563 2.39827 0.58743 -94.605 3.2211
0.496054 -94.4834 3.21433 2.76737 0.58743 -94.605 3.2211
0.564968 -94.3238 3.22474 0.489769 0.58743 -94.605 3.2211
0.686771 -94.4632 3.21171 1.37784 0.58743 -94.605 3.2211
0.496054 -94.4834 3.21433 2.76737 0.58743 -94.605 3.2211
0.647084 -94.5343 3.21563 2.39827 0.58743 -94.605 3.2211
0.514951 -94.4756 3.22984 0.0252202 0.58743 -94.605 3.2211
0.843655 -94.6644 3.22618 0.0502245 0.58743 -94.605 3.2211
0.80586 -94.5919 3.21455 0.55772 0.58743 -94.605 3.2211
0.496054 -94.4834 3.21433 2.76737 0.58743 -94.605 3.2211
0.698636 -94.4849 3.21534 2.09309 0.58743 -94.605 3.2211
0.698636 -94.4849 3.21534 2.09309 0.58743 -94.605 3.2211
0.496054 -94.4834 3.21433 2.76737 0.58743 -94.605 3.2211
0.686771 -94.4632 3.21171 1.37784 0.58743 -94.605 3.2211
0.939108 -94.2046 3.22189 0.0815772 0.58743 -94.605 3.2211
0.698636 -94.4849 3.21534 2.09309 0.58743 -94.605 3.2211
0.686771 -94.4632 3.21171 1.37784 0.58743 -94.605 3.2211
0.562417 -94.348 3.22569 0.362198 0.58743 -94.605 3.2211
0.712016 -94.4818 3.22515 0.532198 0.58743 -94.605 3.2211
0.938077 -94.2658 3.21717 0.0940853 0.58743 -94.605 3.2211
0.563436 -94.2712 3.2203 1.10344 0.58743 -94.605 3.2211
0.895859 -94.3901 3.22998 0.0513973 0.58743 -94.605 3.2211
0.712016 -94.4818 3.22515 0.532198 0.58743 -94.605 3.2211
0.698636 -94.4849 3.21534 2.09309 0.58743 -94.605 3.2211
0.696248 -94.3196 3.2209 1.34494 0.58743 -94.605 3.2211
0.583563 -94.1917 3.23176 0.0107903 0.58743 -94.605 3.2211
0.711188 -94.5195 3.21439 1.69273 0.58743 -94.605 3.2211
0.75364 -94.5323 3.22295 0.698528 0.58743 -94.605 3.2211
0.796187 -94.6721 3.21604 0.374163 0.58743 -94.605 3.2211
0.723893 -94.3139 3.21473 1.02682 0.58743 -94.605 3.2211
0.496054 -94.4834 3.21433 2.76737 0.58743 -94.605 3.2211
0.686771 -94.4632 3.21171 1.37784 0.58743 -94.605 3.2211
0.696248 -94.3196 3.2209 1.34494 0.58743 -94.605 3.2211
0.698636 -94.4849 3.21534 2.09309 0.58743 -94.605 3.2211
0.493081 -94.3954 3.22554 0.246707 0.58743 -94.605 3.2211
0.712016 -94.4818 3.22515 0.532198 0.58743 -94.605 3.2211
0.711188 -94.5195 3.21439 1.69273 0.58743 -94.605 3.2211
0.696248 -94.3196 3.2209 1.34494 0.58743 -94.605 3.2211
0.496054 -94.4834 3.21433 2.76737 0.58743 -94.605 3.2211
0.563436 -94.2712 3.2203 1.10344 0.58743 -94.605 3.2211
0.647084 -94.5343 3.21563 2.39827 0.58743 -94.605 3.2211
0.445392 -94.6069 3.21178 1.52803 0.58743 -94.605 3.2211
0.496054 -94.4834 3.21433 2.76737 0.58743 -94.605 3.2211
0.769766 -94.504 3.22872 0.105436 0.58743 -94.605 3.2211
0.712016 -94.4818 3.22515 0.532198 0.58743 -94.605 3.2211
0.647084 -94.5343 3.21563 2.39827 0.58743 -94.605 3.2211
0.712016 -94.4818 3.22515 0.532198 0.58743 -94.605 3.2211
0.647084 -94.5343 3.21563 2.39827 0.58743 -94.605 3.2211
0.769766 -94.504 3.22872 0.105436 0.58743 -94.605 3.2211
0.75364 -94.5323 3.22295 0.698528 0.58743 -94.605 3.2211
0.696248 -94.3196 3.2209 1.34494 0.58743 -94.605 3.2211
0.698636 -94.4849 3.21534 2.09309 0.58743 -94.605 3.2211
0.698636 -94.4849 3.21534 2.09309 0.58743 -94.605 3.2211
0.445392 -94.6069 3.21178 1.52803 0.58743 -94.605 3.2211
0.445392 -94.6069 3.21178 1.52803 0.58743 -94.605 3.2211
0.723893 -94.3139 3.21473 1.02682 0.58743 -94.605 3.2211
0.698636 -94.4849 3.21534 2.09309 0.58743 -94.605 3.2211
0.696248 -94.3196 3.2209 1.34494 0.58743 -94.605 3.2211
0.445392 -94.6069 3.21178 1.52803 0.58743 -94.605 3.2211
0.711188 -94.5195 3.21439 1.69273 0.58743 -94.605 3.2211
0.698636 -94.4849 3.21534 2.09309 0.58743 -94.605 3.2211
0.717343 -94.1956 3.21423 0.32338 0.58743 -94.605 3.2211
0.696248 -94.3196 3.2209 1.34494 0.58743 -94.605 3.2211
0.843655 -94.6644 3.22618 0.0502245 0.58743 -94.605 3.2211
0.711188 -94.5195 3.21439 1.69273 0.58743 -94.605 3.2211
0.772534 -94.2673 3.22117 0.690658 0.58743 -94.605 3.2211
0.496054 -94.4834 3.21433 2.76737 0.58743 -94.605 3.2211
0.686771 -94.4632 3.21171 1.37784 0.58743 -94.605 3.2211
0.496054 -94.4834 3.21433 2.76737 0.58743 -94.605 3.2211
0.562417 -94.348 3.22569 0.362198 0.58743 -94.605 3.2211
0.686771 -94.4632 3.21171 1.37784 0.58743 -94.605 3.2211
0.711188 -94.5195 3.21439 1.69273 0.58743 -94.605 3.2211
0.647084 -94.5343 3.21563 2.39827 0.58743 -94.605 3.2211
0.496054 -94.4834 3.21433 2.76737 0.58743 -94.605 3.2211
0.647084 -94.5343 3.21563 2.39827 0.58743 -94.605 3.2211
0.686771 -94.4632 3.21171 1.37784 0.58743 -94.605 3.2211
0.564968 -94.3238 3.22474 0.489769 0.58743 -94.605 3.2211
0.711188 -94.5195 3.21439 1.69273 0.58743 -94.605 3.2211
0.723893 -94.3139 3.21473 1.02682 0.58743 -94.605 3.2211
0.712016 -94.4818 3.22515 0.532198 0.58743 -94.605 3.2211
0.647084 -94.5343 3.21563 2.39827 0.58743 -94.605 3.2211
