184.471 23.9533 0.064896 0.00352181 184.35 23.829 0.07349
184.29 23.7737 0.0743982 0.066956 184.35 23.829 0.07349
184.352 23.7562 0.0779931 0.0186034 184.35 23.829 0.07349
184.476 23.6609 0.0757352 0.0571177 184.35 23.829 0.07349
184.544 23.6859 0.0693989 0.116356 184.35 23.829 0.07349
184.546 23.9642 0.0636365 0.00125437 184.35 23.829 0.07349
184.29 23.7737 0.0743982 0.066956 184.35 23.829 0.07349
184.523 23.672 0.0701461 0.14706 184.35 23.829 0.07349
184.227 23.7741 0.0734427 0.0422929 184.35 23.829 0.07349
184.523 23.672 0.0701461 0.14706 184.35 23.829 0.07349
184.291 23.6541 0.0653963 0.0197306 184.35 23.829 0.07349
184.544 23.6859 0.0693989 0.116356 184.35 23.829 0.07349
184.476 23.6609 0.0757352 0.0571177 184.35 23.829 0.07349
184.815 23.738 0.0668011 0.000234585 184.35 23.829 0.07349
184.291 23.6541 0.0653963 0.0197306 184.35 23.829 0.07349
184.265 23.5382 0.0757272 0.0464569 184.35 23.829 0.07349
184.559 23.7909 0.0718658 0.0382896 184.35 23.829 0.07349
184.376 23.7232 0.0651376 0.0467248 184.35 23.829 0.07349
184.523 23.672 0.0701461 0.14706 184.35 23.829 0.07349
184.559 23.7909 0.0718658 0.0382896 184.35 23.829 0.07349
184.523 23.672 0.0701461 0.14706 184.35 23.829 0.07349
184.523 23.672 0.0701461 0.14706 184.35 23.829 0.07349
184.544 23.6859 0.0693989 0.116356 184.35 23.829 0.07349
184.352 23.7562 0.0779931 0.0186034 184.35 23.829 0.07349
184.523 23.672 0.0701461 0.14706 184.35 23.829 0.07349
184.1 23.649 0.0710669 0.00476927 184.35 23.829 0.07349
184.265 23.5382 0.0757272 0.0464569 184.35 23.829 0.07349
184.256 23.5205 0.0724242 0.0474103 184.35 23.829 0.07349
184.549 23.8748 0.071818 0.0128187 184.35 23.829 0.07349
184.227 23.7741 0.0734427 0.0422929 184.35 23.829 0.07349
184.29 23.7737 0.0743982 0.066956 184.35 23.829 0.07349
184.227 23.7741 0.0734427 0.0422929 184.35 23.829 0.07349
184.523 23.672 0.0701461 0.14706 184.35 23.829 0.07349
184.523 23.672 0.0701461 0.14706 184.35 23.829 0.07349
184.376 23.7232 0.0651376 0.0467248 184.35 23.829 0.07349
184.476 23.6609 0.0757352 0.0571177 184.35 23.829 0.07349
184.523 23.672 0.0701461 0.14706 184.35 23.829 0.07349
184.544 23.6859 0.0693989 0.116356 184.35 23.829 0.07349
184.573 23.6915 0.0689266 0.0791439 184.35 23.829 0.07349
184.543 23.5164 0.0747021 0.0176494 184.35 23.829 0.07349
184.265 23.5382 0.0757272 0.0464569 184.35 23.829 0.07349
184.544 23.6859 0.0693989 0.116356 184.35 23.829 0.07349
184.523 23.672 0.0701461 0.14706 184.35 23.829 0.07349
184.573 23.6915 0.0689266 0.0791439 184.35 23.829 0.07349
184.354 23.9518 0.0715392 0.00679306 184.35 23.829 0.07349
184.573 23.6915 0.0689266 0.0791439 184.35 23.829 0.07349
184.256 23.5205 0.0724242 0.0474103 184.35 23.829 0.07349
184.476 23.6609 0.0757352 0.0571177 184.35 23.829 0.07349
184.227 23.7741 0.0734427 0.0422929 184.35 23.829 0.07349
184.29 23.7737 0.0743982 0.066956 184.35 23.829 0.07349
184.543 23.5164 0.0747021 0.0176494 184.35 23.829 0.07349
184.227 23.7741 0.0734427 0.0422929 184.35 23.829 0.07349
184.523 23.672 0.0701461 0.14706 184.35 23.829 0.07349
184.523 23.672 0.0701461 0.14706 184.35 23.829 0.07349
184.523 23.672 0.0701461 0.14706 184.35 23.829 0.07349
184.227 23.7741 0.0734427 0.0422929 184.35 23.829 0.07349
184.544 23.6859 0.0693989 0.116356 184.35 23.829 0.07349
184.523 23.672 0.0701461 0.14706 184.35 23.829 0.07349
184.523 23.672 0.0701461 0.14706 184.35 23.829 0.07349
184.265 23.5382 0.0757272 0.0464569 184.35 23.829 0.07349
184.523 23.672 0.0701461 0.14706 184.35 23.829 0.07349
184.544 23.6859 0.0693989 0.116356 184.35 23.829 0.07349
184.265 23.5382 0.0757272 0.0464569 184.35 23.829 0.07349
184.544 23.6859 0.0693989 0.116356 184.35 23.829 0.07349
184.256 23.5205 0.0724242 0.0474103 184.35 23.829 0.07349
184.29 23.7737 0.0743982 0.066956 184.35 23.829 0.07349
184.376 23.7232 0.0651376 0.0467248 184.35 23.829 0.07349
184.559 23.7909 0.0718658 0.0382896 184.35 23.829 0.07349
184.376 23.7232 0.0651376 0.0467248 184.35 23.829 0.07349
184.559 23.7909 0.0718658 0.0382896 184.35 23.829 0.07349
184.256 23.5205 0.0724242 0.0474103 184.35 23.829 0.07349
184.544 23.6859 0.0693989 0.116356 184.35 23.829 0.07349
184.376 23.7232 0.0651376 0.0467248 184.35 23.829 0.07349
184.256 23.5205 0.0724242 0.0474103 184.35 23.829 0.07349
184.523 23.672 0.0701461 0.14706 184.35 23.829 0.07349
184.573 23.6915 0.0689266 0.0791439 184.35 23.829 0.07349
184.256 23.5205 0.0724242 0.0474103 184.35 23.829 0.07349
184.523 23.672 0.0701461 0.14706 184.35 23.829 0.07349
184.573 23.6915 0.0689266 0.0791439 184.35 23.829 0.07349
184.256 23.5205 0.0724242 0.0474103 184.35 23.829 0.07349
184.442 23.897 0.0608335 0.000861723 184.35 23.829 0.07349
184.573 23.6915 0.0689266 0.0791439 184.35 23.829 0.07349
184.29 23.7737 0.0743982 0.066956 184.35 23.829 0.07349
184.256 23.5205 0.0724242 0.0474103 184.35 23.829 0.07349
184.256 23.5205 0.0724242 0.0474103 184.35 23.829 0.07349
184.544 23.6859 0.0693989 0.116356 184.35 23.829 0.07349
184.544 23.6859 0.0693989 0.116356 184.35 23.829 0.07349
184.523 23.672 0.0701461 0.14706 184.35 23.829 0.07349
184.544 23.6859 0.0693989 0.116356 184.35 23.829 0.07349
184.17 23.6252 0.0700733 0.0179773 184.35 23.829 0.07349
184.543 23.5164 0.0747021 0.0176494 184.35 23.829 0.07349
184.544 23.6859 0.0693989 0.116356 184.35 23.829 0.07349
184.559 23.7909 0.0718658 0.0382896 184.35 23.829 0.07349
184.29 23.7737 0.0743982 0.066956 184.35 23.829 0.07349
184.227 23.7741 0.0734427 0.0422929 184.35 23.829 0.07349
184.573 23.6915 0.0689266 0.0791439 184.35 23.829 0.07349
184.544 23.6859 0.0693989 0.116356 184.35 23.829 0.07349
184.29 23.7737 0.0743982 0.066956 184.35 23.829 0.07349
184.544 23.6859 0.0693989 0.116356 184.35 23.829 0.07349
184.352 23.7562 0.0779931 0.0186034 184.35 23.829 0.07349
184.544 23.6859 0.0693989 0.116356 184.35 23.829 0.07349
184.476 23.6609 0.0757352 0.0571177 184.35 23.829 0.07349
184.573 23.6915 0.0689266 0.0791439 184.35 23.829 0.07349
184.573 23.6915 0.0689266 0.0791439 184.35 23.829 0.07349
184.476 23.6609 0.0757352 0.0571177 184.35 23.829 0.07349
184.523 23.672 0.0701461 0.14706 184.35 23.829 0.07349
184.376 23.7232 0.0651376 0.0467248 184.35 23.829 0.07349
184.523 23.672 0.0701461 0.14706 184.35 23.829 0.07349
184.227 23.7741 0.0734427 0.0422929 184.35 23.829 0.07349
184.17 23.6252 0.0700733 0.0179773 184.35 23.829 0.07349
184.1 23.649 0.0710669 0.00476927 184.35 23.829 0.07349
184.291 23.6541 0.0653963 0.0197306 184.35 23.829 0.07349
184.376 23.7232 0.0651376 0.0467248 184.35 23.829 0.07349
184.523 23.672 0.0701461 0.14706 184.35 23.829 0.07349
184.573 23.6915 0.0689266 0.0791439 184.35 23.829 0.07349
184.23 23.8054 0.0766333 0.0120058 184.35 23.829 0.07349
184.352 23.7562 0.0779931 0.0186034 184.35 23.829 0.07349
184.256 23.5205 0.0724242 0.0474103 184.35 23.829 0.07349
184.523 23.672 0.0701461 0.14706 184.35 23.829 0.07349
184.256 23.5205 0.0724242 0.0474103 184.35 23.829 0.07349
184.476 23.6609 0.0757352 0.0571177 184.35 23.829 0.07349
184.376 23.7232 0.0651376 0.0467248 184.35 23.829 0.07349
184.476 23.6609 0.0757352 0.0571177 184.35 23.829 0.07349
184.376 23.7232 0.0651376 0.0467248 184.35 23.829 0.07349
184.476 23.6609 0.0757352 0.0571177 184.35 23.829 0.07349
184.227 23.7741 0.0734427 0.0422929 184.35 23.829 0.07349
184.573 23.6915 0.0689266 0.0791439 184.35 23.829 0.07349
184.544 23.6859 0.0693989 0.116356 184.35 23.829 0.07349
184.29 23.7737 0.0743982 0.066956 184.35 23.829 0.07349
184.523 23.672 0.0701461 0.14706 184.35 23.829 0.07349
184.29 23.7737 0.0743982 0.066956 184.35 23.829 0.07349
184.376 23.7232 0.0651376 0.0467248 184.35 23.829 0.07349
184.352 23.7562 0.0779931 0.0186034 184.35 23.829 0.07349
184.256 23.5205 0.0724242 0.0474103 184.35 23.829 0.07349
184.376 23.7232 0.0651376 0.0467248 184.35 23.829 0.07349
184.523 23.672 0.0701461 0.14706 184.35 23.829 0.07349
184.523 23.672 0.0701461 0.14706 184.35 23.829 0.07349
184.476 23.6609 0.0757352 0.0571177 184.35 23.829 0.07349
184.523 23.672 0.0701461 0.14706 184.35 23.829 0.07349
184.544 23.6859 0.0693989 0.116356 184.35 23.829 0.07349
184.573 23.6915 0.0689266 0.0791439 184.35 23.829 0.07349
184.256 23.5205 0.0724242 0.0474103 184.35 23.829 0.07349
184.17 23.6252 0.0700733 0.0179773 184.35 23.829 0.07349
184.476 23.6609 0.0757352 0.0571177 184.35 23.829 0.07349
184.265 23.5382 0.0757272 0.0464569 184.35 23.829 0.07349
184.573 23.6915 0.0689266 0.0791439 184.35 23.829 0.07349
184.227 23.7741 0.0734427 0.0422929 184.35 23.829 0.07349
184.544 23.6859 0.0693989 0.116356 184.35 23.829 0.07349
184.523 23.672 0.0701461 0.14706 184.35 23.829 0.07349
184.549 23.8748 0.071818 0.0128187 184.35 23.829 0.07349
184.544 23.6859 0.0693989 0.116356 184.35 23.829 0.07349
184.1 23.649 0.0710669 0.00476927 184.35 23.829 0.07349
184.523 23.672 0.0701461 0.14706 184.35 23.829 0.07349
184.573 23.6915 0.0689266 0.0791439 184.35 23.829 0.07349
184.544 23.6859 0.0693989 0.116356 184.35 23.829 0.07349
184.17 23.6252 0.0700733 0.0179773 184.35 23.829 0.07349
184.523 23.672 0.0701461 0.14706 184.35 23.829 0.07349
184.549 23.8748 0.071818 0.0128187 184.35 23.829 0.07349
184.523 23.672 0.0701461 0.14706 184.35 23.829 0.07349
184.23 23.8054 0.0766333 0.0120058 184.35 23.829 0.07349
184.265 23.5382 0.0757272 0.0464569 184.35 23.829 0.07349
184.549 23.8748 0.071818 0.0128187 184.35 23.829 0.07349
184.544 23.6859 0.0693989 0.116356 184.35 23.829 0.07349
184.376 23.7232 0.0651376 0.0467248 184.35 23.829 0.07349
184.523 23.672 0.0701461 0.14706 184.35 23.829 0.07349
184.523 23.672 0.0701461 0.14706 184.35 23.829 0.07349
184.476 23.6609 0.0757352 0.0571177 184.35 23.829 0.07349
184.476 23.6609 0.0757352 0.0571177 184.35 23.829 0.07349
184.573 23.6915 0.0689266 0.0791439 184.35 23.829 0.07349
184.544 23.6859 0.0693989 0.116356 184.35 23.829 0.07349
184.29 23.7737 0.0743982 0.066956 184.35 23.829 0.07349
184.523 23.672 0.0701461 0.14706 184.35 23.829 0.07349
184.17 23.6252 0.0700733 0.0179773 184.35 23.829 0.07349
184.376 23.7232 0.0651376 0.0467248 184.35 23.829 0.07349
184.544 23.6859 0.0693989 0.116356 184.35 23.829 0.07349
184.324 24.0546 0.068018 0.000275294 184.35 23.829 0.07349
184.544 23.6859 0.0693989 0.116356 184.35 23.829 0.07349
184.471 23.9533 0.064896 0.00352181 184.35 23.829 0.07349
184.29 23.7737 0.0743982 0.066956 184.35 23.829 0.07349
184.544 23.6859 0.0693989 0.116356 184.35 23.829 0.07349
184.256 23.5205 0.0724242 0.0474103 184.35 23.829 0.07349
184.23 23.8054 0.0766333 0.0120058 184.35 23.829 0.07349
184.523 23.672 0.0701461 0.14706 184.35 23.829 0.07349
184.523 23.672 0.0701461 0.14706 184.35 23.829 0.07349
184.611 24.0649 0.0668381 7.72949e-05 184.35 23.829 0.07349
184.523 23.672 0.0701461 0.14706 184.35 23.829 0.07349
184.544 23.6859 0.0693989 0.116356 184.35 23.829 0.07349
184.17 23.6252 0.0700733 0.0179773 184.35 23.829 0.07349
184.544 23.6859 0.0693989 0.116356 184.35 23.829 0.07349
184.256 23.5205 0.0724242 0.0474103 184.35 23.829 0.07349
184.523 23.672 0.0701461 0.14706 184.35 23.829 0.07349
184.227 23.7741 0.0734427 0.0422929 184.35 23.829 0.07349
184.29 23.7737 0.0743982 0.066956 184.35 23.829 0.07349
184.354 23.9518 0.0715392 0.00679306 184.35 23.829 0.07349
184.523 23.672 0.0701461 0.14706 184.35 23.829 0.07349
184.227 23.7741 0.0734427 0.0422929 184.35 23.829 0.07349
184.29 23.7737 0.0743982 0.066956 184.35 23.829 0.07349
184.544 23.6859 0.0693989 0.116356 184.35 23.829 0.07349
184.523 23.672 0.0701461 0.14706 184.35 23.829 0.07349
184.523 23.672 0.0701461 0.14706 184.35 23.829 0.07349
