56.2717 -56.5202 3.91413 7.50372e-05 56.559 -56.684 3.9195
56.5433 -56.4316 3.91512 0.000281792 56.559 -56.684 3.9195
56.5627 -56.6549 3.91427 0.00209572 56.559 -56.684 3.9195
56.4717 -56.4967 3.90901 9.35085e-05 56.559 -56.684 3.9195
56.5627 -56.6549 3.91427 0.00209572 56.559 -56.684 3.9195
56.4477 -56.5703 3.91972 0.000778661 56.559 -56.684 3.9195
56.5436 -56.5953 3.91357 0.00177606 56.559 -56.684 3.9195
56.4185 -56.7885 3.91624 0.000455287 56.559 -56.684 3.9195
56.5097 -56.5593 3.91286 0.00124896 56.559 -56.684 3.9195
56.6582 -56.6565 3.91131 0.000289061 56.559 -56.684 3.9195
56.5436 -56.5953 3.91357 0.00177606 56.559 -56.684 3.9195
56.5097 -56.5593 3.91286 0.00124896 56.559 -56.684 3.9195
56.5436 -56.5953 3.91357 0.00177606 56.559 -56.684 3.9195
56.4571 -56.8208 3.90924 0.000242813 56.559 -56.684 3.9195
56.4185 -56.7885 3.91624 0.000455287 56.559 -56.684 3.9195
56.5627 -56.6549 3.91427 0.00209572 56.559 -56.684 3.9195
56.3002 -56.5638 3.9189 8.61995e-05 56.559 -56.684 3.9195
56.4185 -56.7885 3.91624 0.000455287 56.559 -56.684 3.9195
56.2528 -56.656 3.91062 8.90604e-05 56.559 -56.684 3.9195
56.408 -56.6175 3.90999 0.000587433 56.559 -56.684 3.9195
56.408 -56.6175 3.90999 0.000587433 56.559 -56.684 3.9195
56.6167 -56.5635 3.91819 0.0012304 56.559 -56.684 3.9195
56.4477 -56.5703 3.91972 0.000778661 56.559 -56.684 3.9195
56.5436 -56.5953 3.91357 0.00177606 56.559 -56.684 3.9195
56.5627 -56.6549 3.91427 0.00209572 56.559 -56.684 3.9195
56.6167 -56.5635 3.91819 0.0012304 56.559 -56.684 3.9195
56.4793 -56.4994 3.91324 0.000649591 56.559 -56.684 3.9195
56.5433 -56.4316 3.91512 0.000281792 56.559 -56.684 3.9195
56.6167 -56.5635 3.91819 0.0012304 56.559 -56.684 3.9195
56.5627 -56.6549 3.91427 0.00209572 56.559 -56.684 3.9195
56.4487 -56.534 3.92477 3.98019e-05 56.559 -56.684 3.9195
56.408 -56.6175 3.90999 0.000587433 56.559 -56.684 3.9195
56.6582 -56.6565 3.91131 0.000289061 56.559 -56.684 3.9195
56.5627 -56.6549 3.91427 0.00209572 56.559 -56.684 3.9195
56.4793 -56.4994 3.91324 0.000649591 56.559 -56.684 3.9195
56.4793 -56.4994 3.91324 0.000649591 56.559 -56.684 3.9195
56.6582 -56.6565 3.91131 0.000289061 56.559 -56.684 3.9195
56.432 -56.5519 3.91921 0.000722253 56.559 -56.684 3.9195
56.4793 -56.4994 3.91324 0.000649591 56.559 -56.684 3.9195
56.4477 -56.5703 3.91972 0.000778661 56.559 -56.684 3.9195
56.5436 -56.5953 3.91357 0.00177606 56.559 -56.684 3.9195
56.5627 -56.6549 3.91427 0.00209572 56.559 -56.684 3.9195
56.5627 -56.6549 3.91427 0.00209572 56.559 -56.684 3.9195
56.6167 -56.5635 3.91819 0.0012304 56.559 -56.684 3.9195
56.2528 -56.656 3.91062 8.90604e-05 56.559 -56.684 3.9195
56.5436 -56.5953 3.91357 0.00177606 56.559 -56.684 3.9195
56.6167 -56.5635 3.91819 0.0012304 56.559 -56.684 3.9195
56.6167 -56.5635 3.91819 0.0012304 56.559 -56.684 3.9195
56.3667 -56.4729 3.90764 1.5453e-05 56.559 -56.684 3.9195
56.5627 -56.6549 3.91427 0.00209572 56.559 -56.684 3.9195
56.5627 -56.6549 3.91427 0.00209572 56.559 -56.684 3.9195
56.4477 -56.5703 3.91972 0.000778661 56.559 -56.684 3.9195
56.4282 -56.5444 3.90856 0.000149423 56.559 -56.684 3.9195
56.6948 -56.7434 3.90853 2.42316e-05 56.559 -56.684 3.9195
56.6132 -56.4418 3.92162 0.00018235 56.559 -56.684 3.9195
56.554 -56.4644 3.91976 0.000487435 56.559 -56.684 3.9195
56.6812 -56.6844 3.92425 4.79768e-05 56.559 -56.684 3.9195
56.5436 -56.5953 3.91357 0.00177606 56.559 -56.684 3.9195
56.5862 -56.8039 3.91296 0.000459229 56.559 -56.684 3.9195
56.6167 -56.5635 3.91819 0.0012304 56.559 -56.684 3.9195
56.5436 -56.5953 3.91357 0.00177606 56.559 -56.684 3.9195
56.5627 -56.6549 3.91427 0.00209572 56.559 -56.684 3.9195
56.408 -56.6175 3.90999 0.000587433 56.559 -56.684 3.9195
56.5097 -56.5593 3.91286 0.00124896 56.559 -56.684 3.9195
56.408 -56.6175 3.90999 0.000587433 56.559 -56.684 3.9195
56.5627 -56.6549 3.91427 0.00209572 56.559 -56.684 3.9195
56.5862 -56.8039 3.91296 0.000459229 56.559 -56.684 3.9195
56.5973 -56.9312 3.91246 2.69198e-05 56.559 -56.684 3.9195
56.432 -56.5519 3.91921 0.000722253 56.559 -56.684 3.9195
56.5862 -56.8039 3.91296 0.000459229 56.559 -56.684 3.9195
56.5436 -56.5953 3.91357 0.00177606 56.559 -56.684 3.9195
56.5862 -56.8039 3.91296 0.000459229 56.559 -56.684 3.9195
56.5433 -56.4316 3.91512 0.000281792 56.559 -56.684 3.9195
56.554 -56.4644 3.91976 0.000487435 56.559 -56.684 3.9195
56.3191 -56.5663 3.91184 0.00024824 56.559 -56.684 3.9195
56.5436 -56.5953 3.91357 0.00177606 56.559 -56.684 3.9195
56.5433 -56.4316 3.91512 0.000281792 56.559 -56.684 3.9195
56.5097 -56.5593 3.91286 0.00124896 56.559 -56.684 3.9195
56.5436 -56.5953 3.91357 0.00177606 56.559 -56.684 3.9195
56.4799 -56.4189 3.90912 1.69156e-05 56.559 -56.684 3.9195
56.5436 -56.5953 3.91357 0.00177606 56.559 -56.684 3.9195
56.5627 -56.6549 3.91427 0.00209572 56.559 -56.684 3.9195
56.408 -56.6175 3.90999 0.000587433 56.559 -56.684 3.9195
56.408 -56.6175 3.90999 0.000587433 56.559 -56.684 3.9195
56.4793 -56.4994 3.91324 0.000649591 56.559 -56.684 3.9195
56.5436 -56.5953 3.91357 0.00177606 56.559 -56.684 3.9195
56.5627 -56.6549 3.91427 0.00209572 56.559 -56.684 3.9195
56.6167 -56.5635 3.91819 0.0012304 56.559 -56.684 3.9195
56.408 -56.6175 3.90999 0.000587433 56.559 -56.684 3.9195
56.5436 -56.5953 3.91357 0.00177606 56.559 -56.684 3.9195
56.5436 -56.5953 3.91357 0.00177606 56.559 -56.684 3.9195
56.5436 -56.5953 3.91357 0.00177606 56.559 -56.684 3.9195
56.6167 -56.5635 3.91819 0.0012304 56.559 -56.684 3.9195
56.5097 -56.5593 3.91286 0.00124896 56.559 -56.684 3.9195
56.4477 -56.5703 3.91972 0.000778661 56.559 -56.684 3.9195
56.5627 -56.6549 3.91427 0.00209572 56.559 -56.684 3.9195
56.408 -56.6175 3.90999 0.000587433 56.559 -56.684 3.9195
56.5097 -56.5593 3.91286 0.00124896 56.559 -56.684 3.9195
56.6167 -56.5635 3.91819 0.0012304 56.559 -56.684 3.9195
56.5433 -56.4316 3.91512 0.000281792 56.559 -56.684 3.9195
56.5433 -56.4316 3.91512 0.000281792 56.559 -56.684 3.9195
56.4185 -56.7885 3.91624 0.000455287 56.559 -56.684 3.9195
56.5627 -56.6549 3.91427 0.00209572 56.559 -56.684 3.9195
56.6167 -56.5635 3.91819 0.0012304 56.559 -56.684 3.9195
56.5433 -56.4316 3.91512 0.000281792 56.559 -56.684 3.9195
56.2717 -56.5202 3.91413 7.50372e-05 56.559 -56.684 3.9195
56.2528 -56.656 3.91062 8.90604e-05 56.559 -56.684 3.9195
56.3191 -56.5663 3.91184 0.00024824 56.559 -56.684 3.9195
56.4477 -56.5703 3.91972 0.000778661 56.559 -56.684 3.9195
56.5723 -56.7162 3.90656 6.09395e-05 56.559 -56.684 3.9195
56.5627 -56.6549 3.91427 0.00209572 56.559 -56.684 3.9195
56.5097 -56.5593 3.91286 0.00124896 56.559 -56.684 3.9195
56.6167 -56.5635 3.91819 0.0012304 56.559 -56.684 3.9195
56.3191 -56.5663 3.91184 0.00024824 56.559 -56.684 3.9195
56.6167 -56.5635 3.91819 0.0012304 56.559 -56.684 3.9195
56.4282 -56.5444 3.90856 0.000149423 56.559 -56.684 3.9195
56.6167 -56.5635 3.91819 0.0012304 56.559 -56.684 3.9195
56.5436 -56.5953 3.91357 0.00177606 56.559 -56.684 3.9195
56.6582 -56.6565 3.91131 0.000289061 56.559 -56.684 3.9195
56.5436 -56.5953 3.91357 0.00177606 56.559 -56.684 3.9195
56.4793 -56.4994 3.91324 0.000649591 56.559 -56.684 3.9195
56.5097 -56.5593 3.91286 0.00124896 56.559 -56.684 3.9195
56.4571 -56.8208 3.90924 0.000242813 56.559 -56.684 3.9195
56.5436 -56.5953 3.91357 0.00177606 56.559 -56.684 3.9195
56.408 -56.6175 3.90999 0.000587433 56.559 -56.684 3.9195
56.5097 -56.5593 3.91286 0.00124896 56.559 -56.684 3.9195
56.5627 -56.6549 3.91427 0.00209572 56.559 -56.684 3.9195
56.408 -56.6175 3.90999 0.000587433 56.559 -56.684 3.9195
56.3038 -56.7497 3.91658 0.000112991 56.559 -56.684 3.9195
56.408 -56.6175 3.90999 0.000587433 56.559 -56.684 3.9195
56.5627 -56.6549 3.91427 0.00209572 56.559 -56.684 3.9195
56.5627 -56.6549 3.91427 0.00209572 56.559 -56.684 3.9195
56.6167 -56.5635 3.91819 0.0012304 56.559 -56.684 3.9195
56.554 -56.4644 3.91976 0.000487435 56.559 -56.684 3.9195
56.432 -56.5519 3.91921 0.000722253 56.559 -56.684 3.9195
56.4571 -56.8208 3.90924 0.000242813 56.559 -56.684 3.9195
56.554 -56.4644 3.91976 0.000487435 56.559 -56.684 3.9195
56.5627 -56.6549 3.91427 0.00209572 56.559 -56.684 3.9195
56.6167 -56.5635 3.91819 0.0012304 56.559 -56.684 3.9195
56.554 -56.4644 3.91976 0.000487435 56.559 -56.684 3.9195
56.5862 -56.8039 3.91296 0.000459229 56.559 -56.684 3.9195
56.554 -56.4644 3.91976 0.000487435 56.559 -56.684 3.9195
56.432 -56.5519 3.91921 0.000722253 56.559 -56.684 3.9195
56.5627 -56.6549 3.91427 0.00209572 56.559 -56.684 3.9195
56.5436 -56.5953 3.91357 0.00177606 56.559 -56.684 3.9195
56.6167 -56.5635 3.91819 0.0012304 56.559 -56.684 3.9195
56.4477 -56.5703 3.91972 0.000778661 56.559 -56.684 3.9195
56.554 -56.4644 3.91976 0.000487435 56.559 -56.684 3.9195
56.5627 -56.6549 3.91427 0.00209572 56.559 -56.684 3.9195
56.432 -56.5519 3.91921 0.000722253 56.559 -56.684 3.9195
56.5436 -56.5953 3.91357 0.00177606 56.559 -56.684 3.9195
56.408 -56.6175 3.90999 0.000587433 56.559 -56.684 3.9195
56.4185 -56.7885 3.91624 0.000455287 56.559 -56.684 3.9195
56.5436 -56.5953 3.91357 0.00177606 56.559 -56.684 3.9195
56.3191 -56.5663 3.91184 0.00024824 56.559 -56.684 3.9195
56.5862 -56.8039 3.91296 0.000459229 56.559 -56.684 3.9195
56.4793 -56.4994 3.91324 0.000649591 56.559 -56.684 3.9195
56.5097 -56.5593 3.91286 0.00124896 56.559 -56.684 3.9195
56.6582 -56.6565 3.91131 0.000289061 56.559 -56.684 3.9195
56.6167 -56.5635 3.91819 0.0012304 56.559 -56.684 3.9195
56.4477 -56.5703 3.91972 0.000778661 56.559 -56.684 3.9195
56.432 -56.5519 3.91921 0.000722253 56.559 -56.684 3.9195
56.5436 -56.5953 3.91357 0.00177606 56.559 -56.684 3.9195
56.3191 -56.5663 3.91184 0.00024824 56.559 -56.684 3.9195
56.5627 -56.6549 3.91427 0.00209572 56.559 -56.684 3.9195
56.6167 -56.5635 3.91819 0.0012304 56.559 -56.684 3.9195
56.5862 -56.8039 3.91296 0.000459229 56.559 -56.684 3.9195
56.5627 -56.6549 3.91427 0.00209572 56.559 -56.684 3.9195
56.5436 -56.5953 3.91357 0.00177606 56.559 -56.684 3.9195
56.5436 -56.5953 3.91357 0.00177606 56.559 -56.684 3.9195
56.5627 -56.6549 3.91427 0.00209572 56.559 -56.684 3.9195
56.6167 -56.5635 3.91819 0.0012304 56.559 -56.684 3.9195
56.5433 -56.4316 3.91512 0.000281792 56.559 -56.684 3.9195
56.5862 -56.8039 3.91296 0.000459229 56.559 -56.684 3.9195
56.5436 -56.5953 3.91357 0.00177606 56.559 -56.684 3.9195
56.6167 -56.5635 3.91819 0.0012304 56.559 -56.684 3.9195
56.4793 -56.4994 3.91324 0.000649591 56.559 -56.684 3.9195
56.4793 -56.4994 3.91324 0.000649591 56.559 -56.684 3.9195
56.4185 -56.7885 3.91624 0.000455287 56.559 -56.684 3.9195
56.5436 -56.5953 3.91357 0.00177606 56.559 -56.684 3.9195
56.5862 -56.8039 3.91296 0.000459229 56.559 -56.684 3.9195
56.5097 -56.5593 3.91286 0.00124896 56.559 -56.684 3.9195
56.6167 -56.5635 3.91819 0.0012304 56.559 -56.684 3.9195
56.5097 -56.5593 3.91286 0.00124896 56.559 -56.684 3.9195
56.432 -56.5519 3.91921 0.000722253 56.559 -56.684 3.9195
56.4793 -56.4994 3.91324 0.000649591 56.559 -56.684 3.9195
56.4477 -56.5703 3.91972 0.000778661 56.559 -56.684 3.9195
56.6167 -56.5635 3.91819 0.0012304 56.559 -56.684 3.9195
56.5436 -56.5953 3.91357 0.00177606 56.559 -56.684 3.9195
56.5627 -56.6549 3.91427 0.00209572 56.559 -56.684 3.9195
56.6167 -56.5635 3.91819 0.0012304 56.559 -56.684 3.9195
56.6132 -56.4418 3.92162 0.00018235 56.559 -56.684 3.9195
56.5436 -56.5953 3.91357 0.00177606 56.559 -56.684 3.9195
56.5436 -56.5953 3.91357 0.00177606 56.559 -56.684 3.9195
56.6167 -56.5635 3.91819 0.0012304 56.559 -56.684 3.9195
56.6132 -56.4418 3.92162 0.00018235 56.559 -56.684 3.9195
56.432 -56.5519 3.91921 0.000722253 56.559 -56.684 3.9195
56.5627 -56.6549 3.91427 0.00209572 56.559 -56.684 3.9195
56.6167 -56.5635 3.91819 0.0012304 56.559 -56.684 3.9195
56.554 -56.4644 3.91976 0.000487435 56.559 -56.684 3.9195
