85.9582 -32.1429 3.56702 0.00221214 85.981 -32.075 3.5696
86.0648 -32.1705 3.569 0.00689454 85.981 -32.075 3.5696
85.9679 -32.1578 3.56649 0.00224696 85.981 -32.075 3.5696
86.082 -32.3617 3.56555 0.00282827 85.981 -32.075 3.5696
86.1899 -32.1715 3.57009 0.00276034 85.981 -32.075 3.5696
86.0648 -32.1705 3.569 0.00689454 85.981 -32.075 3.5696
86.082 -32.3617 3.56555 0.00282827 85.981 -32.075 3.5696
85.9782 -32.0854 3.56911 0.00292786 85.981 -32.075 3.5696
86.214 -32.2369 3.56469 0.00130547 85.981 -32.075 3.5696
86.0344 -32.0898 3.56638 0.0015788 85.981 -32.075 3.5696
86.0648 -32.1705 3.569 0.00689454 85.981 -32.075 3.5696
86.1899 -32.1715 3.57009 0.00276034 85.981 -32.075 3.5696
86.1899 -32.1715 3.57009 0.00276034 85.981 -32.075 3.5696
86.0648 -32.1705 3.569 0.00689454 85.981 -32.075 3.5696
86.0648 -32.1705 3.569 0.00689454 85.981 -32.075 3.5696
86.1696 -32.2742 3.56877 0.00294236 85.981 -32.075 3.5696
86.0648 -32.1705 3.569 0.00689454 85.981 -32.075 3.5696
86.0648 -32.1705 3.569 0.00689454 85.981 -32.075 3.5696
86.1899 -32.1715 3.57009 0.00276034 85.981 -32.075 3.5696
86.214 -32.2369 3.56469 0.00130547 85.981 -32.075 3.5696
86.214 -32.2369 3.56469 0.00130547 85.981 -32.075 3.5696
86.0843 -32.2646 3.57017 0.00324759 85.981 -32.075 3.5696
86.0843 -32.2646 3.57017 0.00324759 85.981 -32.075 3.5696
86.0344 -32.0898 3.56638 0.0015788 85.981 -32.075 3.5696
85.9677 -32.0872 3.57178 0.00242721 85.981 -32.075 3.5696
86.1696 -32.2742 3.56877 0.00294236 85.981 -32.075 3.5696
86.0833 -32.2643 3.56853 0.00546709 85.981 -32.075 3.5696
86.0833 -32.2643 3.56853 0.00546709 85.981 -32.075 3.5696
86.0833 -32.2643 3.56853 0.00546709 85.981 -32.075 3.5696
85.876 -32.3396 3.56912 0.000302692 85.981 -32.075 3.5696
86.214 -32.2369 3.56469 0.00130547 85.981 -32.075 3.5696
86.0843 -32.2646 3.57017 0.00324759 85.981 -32.075 3.5696
85.9811 -32.1979 3.56317 0.000441109 85.981 -32.075 3.5696
86.2926 -32.086 3.56804 0.000304193 85.981 -32.075 3.5696
86.0833 -32.2643 3.56853 0.00546709 85.981 -32.075 3.5696
86.0833 -32.2643 3.56853 0.00546709 85.981 -32.075 3.5696
86.0833 -32.2643 3.56853 0.00546709 85.981 -32.075 3.5696
86.0344 -32.0898 3.56638 0.0015788 85.981 -32.075 3.5696
85.876 -32.3396 3.56912 0.000302692 85.981 -32.075 3.5696
86.0833 -32.2643 3.56853 0.00546709 85.981 -32.075 3.5696
86.082 -32.3617 3.56555 0.00282827 85.981 -32.075 3.5696
85.9234 -32.4586 3.56568 0.000194733 85.981 -32.075 3.5696
86.0833 -32.2643 3.56853 0.00546709 85.981 -32.075 3.5696
86.0833 -32.2643 3.56853 0.00546709 85.981 -32.075 3.5696
86.0648 -32.1705 3.569 0.00689454 85.981 -32.075 3.5696
86.1899 -32.1715 3.57009 0.00276034 85.981 -32.075 3.5696
86.0833 -32.2643 3.56853 0.00546709 85.981 -32.075 3.5696
86.1295 -32.4205 3.56749 0.000748502 85.981 -32.075 3.5696
86.0648 -32.1705 3.569 0.00689454 85.981 -32.075 3.5696
86.1899 -32.1715 3.57009 0.00276034 85.981 -32.075 3.5696
86.1899 -32.1715 3.57009 0.00276034 85.981 -32.075 3.5696
86.214 -32.2369 3.56469 0.00130547 85.981 -32.075 3.5696
86.082 -32.3617 3.56555 0.00282827 85.981 -32.075 3.5696
86.082 -32.3617 3.56555 0.00282827 85.981 -32.075 3.5696
85.9582 -32.1429 3.56702 0.00221214 85.981 -32.075 3.5696
86.0648 -32.1705 3.569 0.00689454 85.981 -32.075 3.5696
85.8986 -32.1716 3.57086 0.00127879 85.981 -32.075 3.5696
86.0833 -32.2643 3.56853 0.00546709 85.981 -32.075 3.5696
85.9677 -32.0872 3.57178 0.00242721 85.981 -32.075 3.5696
85.9679 -32.1578 3.56649 0.00224696 85.981 -32.075 3.5696
86.2755 -31.9761 3.57253 0.000119314 85.981 -32.075 3.5696
86.1696 -32.2742 3.56877 0.00294236 85.981 -32.075 3.5696
86.1696 -32.2742 3.56877 0.00294236 85.981 -32.075 3.5696
86.082 -32.3617 3.56555 0.00282827 85.981 -32.075 3.5696
85.7929 -32.4857 3.56503 6.39119e-06 85.981 -32.075 3.5696
86.0833 -32.2643 3.56853 0.00546709 85.981 -32.075 3.5696
86.102 -32.3143 3.56191 0.000699063 85.981 -32.075 3.5696
86.1696 -32.2742 3.56877 0.00294236 85.981 -32.075 3.5696
86.0648 -32.1705 3.569 0.00689454 85.981 -32.075 3.5696
85.8375 -32.2033 3.56609 0.000257339 85.981 -32.075 3.5696
86.0843 -32.2646 3.57017 0.00324759 85.981 -32.075 3.5696
85.9782 -32.0854 3.56911 0.00292786 85.981 -32.075 3.5696
86.214 -32.2369 3.56469 0.00130547 85.981 -32.075 3.5696
85.9679 -32.1578 3.56649 0.00224696 85.981 -32.075 3.5696
86.1899 -32.1715 3.57009 0.00276034 85.981 -32.075 3.5696
86.0843 -32.2646 3.57017 0.00324759 85.981 -32.075 3.5696
85.9677 -32.0872 3.57178 0.00242721 85.981 -32.075 3.5696
85.9677 -32.0872 3.57178 0.00242721 85.981 -32.075 3.5696
86.2036 -32.5285 3.56282 9.30192e-05 85.981 -32.075 3.5696
86.082 -32.3617 3.56555 0.00282827 85.981 -32.075 3.5696
85.8986 -32.1716 3.57086 0.00127879 85.981 -32.075 3.5696
86.0843 -32.2646 3.57017 0.00324759 85.981 -32.075 3.5696
86.1899 -32.1715 3.57009 0.00276034 85.981 -32.075 3.5696
85.9782 -32.0854 3.56911 0.00292786 85.981 -32.075 3.5696
85.9677 -32.0872 3.57178 0.00242721 85.981 -32.075 3.5696
85.9582 -32.1429 3.56702 0.00221214 85.981 -32.075 3.5696
86.0924 -32.5029 3.55983 7.99665e-05 85.981 -32.075 3.5696
86.0843 -32.2646 3.57017 0.00324759 85.981 -32.075 3.5696
86.1696 -32.2742 3.56877 0.00294236 85.981 -32.075 3.5696
86.1696 -32.2742 3.56877 0.00294236 85.981 -32.075 3.5696
86.0648 -32.1705 3.569 0.00689454 85.981 -32.075 3.5696
86.0843 -32.2646 3.57017 0.00324759 85.981 -32.075 3.5696
86.0833 -32.2643 3.56853 0.00546709 85.981 -32.075 3.5696
86.1696 -32.2742 3.56877 0.00294236 85.981 -32.075 3.5696
86.1899 -32.1715 3.57009 0.00276034 85.981 -32.075 3.5696
85.9677 -32.0872 3.57178 0.00242721 85.981 -32.075 3.5696
86.0843 -32.2646 3.57017 0.00324759 85.981 -32.075 3.5696
85.9677 -32.0872 3.57178 0.00242721 85.981 -32.075 3.5696
86.0648 -32.1705 3.569 0.00689454 85.981 -32.075 3.5696
85.9679 -32.1578 3.56649 0.00224696 85.981 -32.075 3.5696
86.0648 -32.1705 3.569 0.00689454 85.981 -32.075 3.5696
86.0833 -32.2643 3.56853 0.00546709 85.981 -32.075 3.5696
86.1899 -32.1715 3.57009 0.00276034 85.981 -32.075 3.5696
86.0833 -32.2643 3.56853 0.00546709 85.981 -32.075 3.5696
86.2084 -32.2792 3.56503 0.00174549 85.981 -32.075 3.5696
86.1295 -32.4205 3.56749 0.000748502 85.981 -32.075 3.5696
85.9679 -32.1578 3.56649 0.00224696 85.981 -32.075 3.5696
86.0699 -32.5156 3.56598 0.000165403 85.981 -32.075 3.5696
85.9677 -32.0872 3.57178 0.00242721 85.981 -32.075 3.5696
85.9677 -32.0872 3.57178 0.00242721 85.981 -32.075 3.5696
86.0833 -32.2643 3.56853 0.00546709 85.981 -32.075 3.5696
86.082 -32.3617 3.56555 0.00282827 85.981 -32.075 3.5696
86.112 -31.9504 3.57275 0.00077311 85.981 -32.075 3.5696
85.876 -32.3396 3.56912 0.000302692 85.981 -32.075 3.5696
86.0648 -32.1705 3.569 0.00689454 85.981 -32.075 3.5696
85.9679 -32.1578 3.56649 0.00224696 85.981 -32.075 3.5696
85.9582 -32.1429 3.56702 0.00221214 85.981 -32.075 3.5696
85.9582 -32.1429 3.56702 0.00221214 85.981 -32.075 3.5696
85.9679 -32.1578 3.56649 0.00224696 85.981 -32.075 3.5696
86.0843 -32.2646 3.57017 0.00324759 85.981 -32.075 3.5696
85.9234 -32.4586 3.56568 0.000194733 85.981 -32.075 3.5696
85.9782 -32.0854 3.56911 0.00292786 85.981 -32.075 3.5696
85.9582 -32.1429 3.56702 0.00221214 85.981 -32.075 3.5696
86.0648 -32.1705 3.569 0.00689454 85.981 -32.075 3.5696
86.0648 -32.1705 3.569 0.00689454 85.981 -32.075 3.5696
86.0648 -32.1705 3.569 0.00689454 85.981 -32.075 3.5696
86.2926 -32.086 3.56804 0.000304193 85.981 -32.075 3.5696
86.1696 -32.2742 3.56877 0.00294236 85.981 -32.075 3.5696
86.0344 -32.0898 3.56638 0.0015788 85.981 -32.075 3.5696
86.0648 -32.1705 3.569 0.00689454 85.981 -32.075 3.5696
86.0833 -32.2643 3.56853 0.00546709 85.981 -32.075 3.5696
85.876 -32.3396 3.56912 0.000302692 85.981 -32.075 3.5696
86.2084 -32.2792 3.56503 0.00174549 85.981 -32.075 3.5696
86.1295 -32.4205 3.56749 0.000748502 85.981 -32.075 3.5696
86.1899 -32.1715 3.57009 0.00276034 85.981 -32.075 3.5696
85.9677 -32.0872 3.57178 0.00242721 85.981 -32.075 3.5696
85.8986 -32.1998 3.57458 0.000100776 85.981 -32.075 3.5696
86.2926 -32.086 3.56804 0.000304193 85.981 -32.075 3.5696
85.9677 -32.0872 3.57178 0.00242721 85.981 -32.075 3.5696
86.0648 -32.1705 3.569 0.00689454 85.981 -32.075 3.5696
85.9677 -32.0872 3.57178 0.00242721 85.981 -32.075 3.5696
85.8986 -32.1716 3.57086 0.00127879 85.981 -32.075 3.5696
86.082 -32.3617 3.56555 0.00282827 85.981 -32.075 3.5696
85.8986 -32.1716 3.57086 0.00127879 85.981 -32.075 3.5696
86.082 -32.3617 3.56555 0.00282827 85.981 -32.075 3.5696
86.0843 -32.2646 3.57017 0.00324759 85.981 -32.075 3.5696
85.8986 -32.1716 3.57086 0.00127879 85.981 -32.075 3.5696
86.0833 -32.2643 3.56853 0.00546709 85.981 -32.075 3.5696
85.9782 -32.0854 3.56911 0.00292786 85.981 -32.075 3.5696
86.0648 -32.1705 3.569 0.00689454 85.981 -32.075 3.5696
86.0648 -32.1705 3.569 0.00689454 85.981 -32.075 3.5696
85.9679 -32.1578 3.56649 0.00224696 85.981 -32.075 3.5696
85.9782 -32.0854 3.56911 0.00292786 85.981 -32.075 3.5696
86.2084 -32.2792 3.56503 0.00174549 85.981 -32.075 3.5696
85.9782 -32.0854 3.56911 0.00292786 85.981 -32.075 3.5696
85.9782 -32.0854 3.56911 0.00292786 85.981 -32.075 3.5696
86.082 -32.3617 3.56555 0.00282827 85.981 -32.075 3.5696
86.082 -32.3617 3.56555 0.00282827 85.981 -32.075 3.5696
86.0398 -32.4541 3.56889 0.000181054 85.981 -32.075 3.5696
86.2084 -32.2792 3.56503 0.00174549 85.981 -32.075 3.5696
86.2755 -31.9761 3.57253 0.000119314 85.981 -32.075 3.5696
86.0833 -32.2643 3.56853 0.00546709 85.981 -32.075 3.5696
85.9582 -32.1429 3.56702 0.00221214 85.981 -32.075 3.5696
86.0648 -32.1705 3.569 0.00689454 85.981 -32.075 3.5696
86.0648 -32.1705 3.569 0.00689454 85.981 -32.075 3.5696
86.2755 -31.9761 3.57253 0.000119314 85.981 -32.075 3.5696
86.0843 -32.2646 3.57017 0.00324759 85.981 -32.075 3.5696
86.2084 -32.2792 3.56503 0.00174549 85.981 -32.075 3.5696
86.2084 -32.2792 3.56503 0.00174549 85.981 -32.075 3.5696
86.0833 -32.2643 3.56853 0.00546709 85.981 -32.075 3.5696
86.1899 -32.1715 3.57009 0.00276034 85.981 -32.075 3.5696
86.0648 -32.1705 3.569 0.00689454 85.981 -32.075 3.5696
86.0843 -32.2646 3.57017 0.00324759 85.981 -32.075 3.5696
86.0648 -32.1705 3.569 0.00689454 85.981 -32.075 3.5696
86.102 -32.3143 3.56191 0.000699063 85.981 -32.075 3.5696
86.2084 -32.2792 3.56503 0.00174549 85.981 -32.075 3.5696
86.082 -32.3617 3.56555 0.00282827 85.981 -32.075 3.5696
85.9782 -32.0854 3.56911 0.00292786 85.981 -32.075 3.5696
86.0648 -32.1705 3.569 0.00689454 85.981 -32.075 3.5696
85.9582 -32.1429 3.56702 0.00221214 85.981 -32.075 3.5696
86.0648 -32.1705 3.569 0.00689454 85.981 -32.075 3.5696
86.0648 -32.1705 3.569 0.00689454 85.981 -32.075 3.5696
85.9582 -32.1429 3.56702 0.00221214 85.981 -32.075 3.5696
86.0648 -32.1705 3.569 0.00689454 85.981 -32.075 3.5696
86.082 -32.3617 3.56555 0.00282827 85.981 -32.075 3.5696
85.9679 -32.1578 3.56649 0.00224696 85.981 -32.075 3.5696
86.214 -32.2369 3.56469 0.00130547 85.981 -32.075 3.5696
86.1696 -32.2742 3.56877 0.00294236 85.981 -32.075 3.5696
86.2084 -32.2792 3.56503 0.00174549 85.981 -32.075 3.5696
86.3239 -32.0746 3.57144 0.00011727 85.981 -32.075 3.5696
86.0833 -32.2643 3.56853 0.00546709 85.981 -32.075 3.5696
86.1696 -32.2742 3.56877 0.00294236 85.981 -32.075 3.5696
85.9782 -32.0854 3.56911 0.00292786 85.981 -32.075 3.5696
86.2755 -31.9761 3.57253 0.000119314 85.981 -32.075 3.5696
85.9088 -32.0878 3.5629 1.61507e-05 85.981 -32.075 3.5696
86.0648 -32.1705 3.569 0.00689454 85.981 -32.075 3.5696
85.8826 -32.1082 3.56858 0.000852859 85.981 -32.075 3.5696
86.1899 -32.1715 3.57009 0.00276034 85.981 -32.075 3.5696
86.0843 -32.2646 3.57017 0.00324759 85.981 -32.075 3.5696
86.0833 -32.2643 3.56853 0.00546709 85.981 -32.075 3.5696
