249.586 28.6447 0.0564561 0.140306 249.27 28.528 0.059145
249.316 28.739 0.0641233 0.0579621 249.27 28.528 0.059145
249.313 28.7277 0.0541761 0.0575105 249.27 28.528 0.059145
249.634 28.7821 0.0592143 0.0235126 249.27 28.528 0.059145
249.529 28.6463 0.0592143 0.272749 249.27 28.528 0.059145
249.465 28.5827 0.06344 0.143795 249.27 28.528 0.059145
249.477 28.6465 0.0558523 0.30142 249.27 28.528 0.059145
249.474 28.6324 0.0620839 0.234846 249.27 28.528 0.059145
249.317 28.7613 0.0578471 0.162926 249.27 28.528 0.059145
249.56 28.6909 0.0524791 0.0698404 249.27 28.528 0.059145
249.474 28.6324 0.0620839 0.234846 249.27 28.528 0.059145
249.56 28.6909 0.0524791 0.0698404 249.27 28.528 0.059145
249.477 28.6465 0.0558523 0.30142 249.27 28.528 0.059145
249.477 28.6465 0.0558523 0.30142 249.27 28.528 0.059145
249.544 28.4783 0.0593357 0.04664 249.27 28.528 0.059145
249.474 28.6324 0.0620839 0.234846 249.27 28.528 0.059145
249.474 28.7857 0.0622937 0.0595598 249.27 28.528 0.059145
249.477 28.6465 0.0558523 0.30142 249.27 28.528 0.059145
249.529 28.6463 0.0592143 0.272749 249.27 28.528 0.059145
249.465 28.5827 0.06344 0.143795 249.27 28.528 0.059145
249.253 28.5111 0.0553136 0.00582165 249.27 28.528 0.059145
249.544 28.4783 0.0593357 0.04664 249.27 28.528 0.059145
249.45 28.492 0.0656994 0.0318642 249.27 28.528 0.059145
249.56 28.6909 0.0524791 0.0698404 249.27 28.528 0.059145
249.529 28.6463 0.0592143 0.272749 249.27 28.528 0.059145
249.477 28.6465 0.0558523 0.30142 249.27 28.528 0.059145
249.529 28.6463 0.0592143 0.272749 249.27 28.528 0.059145
249.343 28.5204 0.054191 0.0142336 249.27 28.528 0.059145
249.55 28.7136 0.0515376 0.0492182 249.27 28.528 0.059145
249.477 28.6465 0.0558523 0.30142 249.27 28.528 0.059145
249.4 28.6724 0.052644 0.0614208 249.27 28.528 0.059145
249.477 28.6465 0.0558523 0.30142 249.27 28.528 0.059145
249.4 28.6724 0.052644 0.0614208 249.27 28.528 0.059145
249.316 28.739 0.0641233 0.0579621 249.27 28.528 0.059145
249.474 28.7857 0.0622937 0.0595598 249.27 28.528 0.059145
249.317 28.7613 0.0578471 0.162926 249.27 28.528 0.059145
249.529 28.6463 0.0592143 0.272749 249.27 28.528 0.059145
249.474 28.6324 0.0620839 0.234846 249.27 28.528 0.059145
249.56 28.6909 0.0524791 0.0698404 249.27 28.528 0.059145
249.529 28.6463 0.0592143 0.272749 249.27 28.528 0.059145
249.465 28.5827 0.06344 0.143795 249.27 28.528 0.059145
249.45 28.492 0.0656994 0.0318642 249.27 28.528 0.059145
249.529 28.6463 0.0592143 0.272749 249.27 28.528 0.059145
249.477 28.6465 0.0558523 0.30142 249.27 28.528 0.059145
249.56 28.6909 0.0524791 0.0698404 249.27 28.528 0.059145
249.477 28.6465 0.0558523 0.30142 249.27 28.528 0.059145
249.477 28.6465 0.0558523 0.30142 249.27 28.528 0.059145
249.412 28.4328 0.0593054 0.0403338 249.27 28.528 0.059145
249.4 28.6724 0.052644 0.0614208 249.27 28.528 0.059145
249.316 28.739 0.0641233 0.0579621 249.27 28.528 0.059145
249.373 28.4012 0.0588448 0.0146899 249.27 28.528 0.059145
249.544 28.4783 0.0593357 0.04664 249.27 28.528 0.059145
249.634 28.7821 0.0592143 0.0235126 249.27 28.528 0.059145
249.474 28.7857 0.0622937 0.0595598 249.27 28.528 0.059145
249.55 28.7136 0.0515376 0.0492182 249.27 28.528 0.059145
249.477 28.6465 0.0558523 0.30142 249.27 28.528 0.059145
249.592 28.7467 0.06231 0.0187458 249.27 28.528 0.059145
249.317 28.7613 0.0578471 0.162926 249.27 28.528 0.059145
249.474 28.6324 0.0620839 0.234846 249.27 28.528 0.059145
249.529 28.6463 0.0592143 0.272749 249.27 28.528 0.059145
249.313 28.7277 0.0541761 0.0575105 249.27 28.528 0.059145
249.56 28.6909 0.0524791 0.0698404 249.27 28.528 0.059145
249.477 28.6465 0.0558523 0.30142 249.27 28.528 0.059145
249.529 28.6463 0.0592143 0.272749 249.27 28.528 0.059145
249.363 28.6091 0.0668064 0.0379711 249.27 28.528 0.059145
249.529 28.6463 0.0592143 0.272749 249.27 28.528 0.059145
249.573 28.8785 0.0553599 0.0325671 249.27 28.528 0.059145
249.317 28.7613 0.0578471 0.162926 249.27 28.528 0.059145
249.529 28.6463 0.0592143 0.272749 249.27 28.528 0.059145
249.477 28.6465 0.0558523 0.30142 249.27 28.528 0.059145
249.45 28.492 0.0656994 0.0318642 249.27 28.528 0.059145
249.218 28.3528 0.0606136 0.00114326 249.27 28.528 0.059145
249.279 28.8652 0.0541399 0.00995387 249.27 28.528 0.059145
249.474 28.7857 0.0622937 0.0595598 249.27 28.528 0.059145
249.529 28.6463 0.0592143 0.272749 249.27 28.528 0.059145
249.465 28.5827 0.06344 0.143795 249.27 28.528 0.059145
249.529 28.6463 0.0592143 0.272749 249.27 28.528 0.059145
249.529 28.6463 0.0592143 0.272749 249.27 28.528 0.059145
249.748 28.5449 0.0580274 0.00151076 249.27 28.528 0.059145
249.474 28.6324 0.0620839 0.234846 249.27 28.528 0.059145
249.268 28.6592 0.0515519 0.00289483 249.27 28.528 0.059145
249.268 28.6592 0.0515519 0.00289483 249.27 28.528 0.059145
249.56 28.6909 0.0524791 0.0698404 249.27 28.528 0.059145
249.544 28.4783 0.0593357 0.04664 249.27 28.528 0.059145
249.474 28.6324 0.0620839 0.234846 249.27 28.528 0.059145
249.412 28.4328 0.0593054 0.0403338 249.27 28.528 0.059145
249.535 28.6009 0.0631265 0.0739103 249.27 28.528 0.059145
249.172 28.764 0.0645801 0.00536873 249.27 28.528 0.059145
249.317 28.7613 0.0578471 0.162926 249.27 28.528 0.059145
249.535 28.6009 0.0631265 0.0739103 249.27 28.528 0.059145
249.313 28.7277 0.0541761 0.0575105 249.27 28.528 0.059145
249.544 28.4783 0.0593357 0.04664 249.27 28.528 0.059145
249.253 28.5111 0.0553136 0.00582165 249.27 28.528 0.059145
249.465 28.5827 0.06344 0.143795 249.27 28.528 0.059145
249.544 28.4783 0.0593357 0.04664 249.27 28.528 0.059145
249.253 28.5111 0.0553136 0.00582165 249.27 28.528 0.059145
249.474 28.6324 0.0620839 0.234846 249.27 28.528 0.059145
249.586 28.6447 0.0564561 0.140306 249.27 28.528 0.059145
249.529 28.6463 0.0592143 0.272749 249.27 28.528 0.059145
249.544 28.4783 0.0593357 0.04664 249.27 28.528 0.059145
249.474 28.7857 0.0622937 0.0595598 249.27 28.528 0.059145
249.529 28.6463 0.0592143 0.272749 249.27 28.528 0.059145
249.317 28.7613 0.0578471 0.162926 249.27 28.528 0.059145
249.535 28.6009 0.0631265 0.0739103 249.27 28.528 0.059145
249.56 28.6909 0.0524791 0.0698404 249.27 28.528 0.059145
249.4 28.6724 0.052644 0.0614208 249.27 28.528 0.059145
249.477 28.6465 0.0558523 0.30142 249.27 28.528 0.059145
249.45 28.492 0.0656994 0.0318642 249.27 28.528 0.059145
249.317 28.7613 0.0578471 0.162926 249.27 28.528 0.059145
249.529 28.6463 0.0592143 0.272749 249.27 28.528 0.059145
249.529 28.6463 0.0592143 0.272749 249.27 28.528 0.059145
249.4 28.6724 0.052644 0.0614208 249.27 28.528 0.059145
249.317 28.7613 0.0578471 0.162926 249.27 28.528 0.059145
249.45 28.492 0.0656994 0.0318642 249.27 28.528 0.059145
249.477 28.6465 0.0558523 0.30142 249.27 28.528 0.059145
249.477 28.6465 0.0558523 0.30142 249.27 28.528 0.059145
249.592 28.7467 0.06231 0.0187458 249.27 28.528 0.059145
249.316 28.739 0.0641233 0.0579621 249.27 28.528 0.059145
249.313 28.7277 0.0541761 0.0575105 249.27 28.528 0.059145
249.474 28.7857 0.0622937 0.0595598 249.27 28.528 0.059145
249.337 28.52 0.0672825 0.0267874 249.27 28.528 0.059145
249.634 28.7821 0.0592143 0.0235126 249.27 28.528 0.059145
249.586 28.6447 0.0564561 0.140306 249.27 28.528 0.059145
249.56 28.6909 0.0524791 0.0698404 249.27 28.528 0.059145
249.586 28.6447 0.0564561 0.140306 249.27 28.528 0.059145
249.474 28.6324 0.0620839 0.234846 249.27 28.528 0.059145
249.474 28.6324 0.0620839 0.234846 249.27 28.528 0.059145
249.56 28.6909 0.0524791 0.0698404 249.27 28.528 0.059145
249.477 28.6465 0.0558523 0.30142 249.27 28.528 0.059145
249.56 28.6909 0.0524791 0.0698404 249.27 28.528 0.059145
249.477 28.6465 0.0558523 0.30142 249.27 28.528 0.059145
249.316 28.739 0.0641233 0.0579621 249.27 28.528 0.059145
249.474 28.6324 0.0620839 0.234846 249.27 28.528 0.059145
249.529 28.6463 0.0592143 0.272749 249.27 28.528 0.059145
249.651 28.7462 0.0528538 0.0295137 249.27 28.528 0.059145
249.529 28.6463 0.0592143 0.272749 249.27 28.528 0.059145
249.529 28.6463 0.0592143 0.272749 249.27 28.528 0.059145
249.465 28.5827 0.06344 0.143795 249.27 28.528 0.059145
249.474 28.6324 0.0620839 0.234846 249.27 28.528 0.059145
249.529 28.6463 0.0592143 0.272749 249.27 28.528 0.059145
249.634 28.7821 0.0592143 0.0235126 249.27 28.528 0.059145
249.477 28.6465 0.0558523 0.30142 249.27 28.528 0.059145
249.474 28.7857 0.0622937 0.0595598 249.27 28.528 0.059145
249.56 28.6909 0.0524791 0.0698404 249.27 28.528 0.059145
249.465 28.5827 0.06344 0.143795 249.27 28.528 0.059145
249.474 28.6324 0.0620839 0.234846 249.27 28.528 0.059145
249.55 28.7136 0.0515376 0.0492182 249.27 28.528 0.059145
249.348 28.5249 0.0536833 0.0114733 249.27 28.528 0.059145
249.544 28.4783 0.0593357 0.04664 249.27 28.528 0.059145
249.592 28.7467 0.06231 0.0187458 249.27 28.528 0.059145
249.477 28.6465 0.0558523 0.30142 249.27 28.528 0.059145
249.529 28.6463 0.0592143 0.272749 249.27 28.528 0.059145
249.529 28.6463 0.0592143 0.272749 249.27 28.528 0.059145
249.586 28.6447 0.0564561 0.140306 249.27 28.528 0.059145
249.474 28.6324 0.0620839 0.234846 249.27 28.528 0.059145
249.365 28.309 0.0620441 0.00208595 249.27 28.528 0.059145
249.412 28.4328 0.0593054 0.0403338 249.27 28.528 0.059145
249.474 28.6324 0.0620839 0.234846 249.27 28.528 0.059145
249.465 28.5827 0.06344 0.143795 249.27 28.528 0.059145
249.474 28.6324 0.0620839 0.234846 249.27 28.528 0.059145
249.529 28.6463 0.0592143 0.272749 249.27 28.528 0.059145
249.474 28.6324 0.0620839 0.234846 249.27 28.528 0.059145
249.317 28.7613 0.0578471 0.162926 249.27 28.528 0.059145
249.586 28.6447 0.0564561 0.140306 249.27 28.528 0.059145
249.586 28.6447 0.0564561 0.140306 249.27 28.528 0.059145
249.316 28.739 0.0641233 0.0579621 249.27 28.528 0.059145
249.573 28.8785 0.0553599 0.0325671 249.27 28.528 0.059145
249.4 28.6724 0.052644 0.0614208 249.27 28.528 0.059145
249.474 28.6324 0.0620839 0.234846 249.27 28.528 0.059145
249.477 28.6465 0.0558523 0.30142 249.27 28.528 0.059145
249.236 28.7635 0.0528021 0.00474132 249.27 28.528 0.059145
249.634 28.7821 0.0592143 0.0235126 249.27 28.528 0.059145
249.529 28.6463 0.0592143 0.272749 249.27 28.528 0.059145
249.515 28.368 0.064411 0.00333382 249.27 28.528 0.059145
249.535 28.6009 0.0631265 0.0739103 249.27 28.528 0.059145
249.586 28.6447 0.0564561 0.140306 249.27 28.528 0.059145
249.317 28.7613 0.0578471 0.162926 249.27 28.528 0.059145
249.317 28.7613 0.0578471 0.162926 249.27 28.528 0.059145
249.55 28.7136 0.0515376 0.0492182 249.27 28.528 0.059145
249.529 28.6463 0.0592143 0.272749 249.27 28.528 0.059145
249.529 28.6463 0.0592143 0.272749 249.27 28.528 0.059145
249.669 28.7595 0.05908 0.0142246 249.27 28.528 0.059145
249.477 28.6465 0.0558523 0.30142 249.27 28.528 0.059145
249.474 28.6324 0.0620839 0.234846 249.27 28.528 0.059145
249.586 28.6447 0.0564561 0.140306 249.27 28.528 0.059145
249.347 28.2966 0.0622054 0.00134427 249.27 28.528 0.059145
249.474 28.6324 0.0620839 0.234846 249.27 28.528 0.059145
249.586 28.6447 0.0564561 0.140306 249.27 28.528 0.059145
249.592 28.7467 0.06231 0.0187458 249.27 28.528 0.059145
249.477 28.6465 0.0558523 0.30142 249.27 28.528 0.059145
249.477 28.6465 0.0558523 0.30142 249.27 28.528 0.059145
249.529 28.6463 0.0592143 0.272749 249.27 28.528 0.059145
249.474 28.6324 0.0620839 0.234846 249.27 28.528 0.059145
249.701 28.6955 0.057327 0.0147265 249.27 28.528 0.059145
249.337 28.52 0.0672825 0.0267874 249.27 28.528 0.059145
249.477 28.6465 0.0558523 0.30142 249.27 28.528 0.059145
249.586 28.6447 0.0564561 0.140306 249.27 28.528 0.059145
249.529 28.6463 0.0592143 0.272749 249.27 28.528 0.059145
249.529 28.6463 0.0592143 0.272749 249.27 28.528 0.059145
249.363 28.6091 0.0668064 0.0379711 249.27 28.528 0.059145
