87.981 -32.9491 3.57682 0.0220194 88.284 -32.823 3.5711
88.0192 -32.8283 3.57012 0.284671 88.284 -32.823 3.5711
88.2482 -32.7735 3.57416 0.0232204 88.284 -32.823 3.5711
88.1711 -32.8734 3.56812 0.146841 88.284 -32.823 3.5711
88.198 -32.9629 3.56989 0.163243 88.284 -32.823 3.5711
88.1878 -32.9431 3.5664 0.110211 88.284 -32.823 3.5711
88.156 -32.9228 3.56791 0.212769 88.284 -32.823 3.5711
88.1158 -32.8204 3.57656 0.0434808 88.284 -32.823 3.5711
88.161 -32.7983 3.56734 0.0541013 88.284 -32.823 3.5711
88.1711 -32.8734 3.56812 0.146841 88.284 -32.823 3.5711
88.0192 -32.8283 3.57012 0.284671 88.284 -32.823 3.5711
88.156 -32.9228 3.56791 0.212769 88.284 -32.823 3.5711
88.0192 -32.8283 3.57012 0.284671 88.284 -32.823 3.5711
88.135 -33.1073 3.56558 0.110992 88.284 -32.823 3.5711
88.135 -33.1073 3.56558 0.110992 88.284 -32.823 3.5711
88.1158 -33.0836 3.56538 0.136704 88.284 -32.823 3.5711
87.8675 -32.9019 3.56868 0.112478 88.284 -32.823 3.5711
88.0274 -33.0378 3.56912 0.31981 88.284 -32.823 3.5711
88.1158 -33.0836 3.56538 0.136704 88.284 -32.823 3.5711
88.0192 -32.8283 3.57012 0.284671 88.284 -32.823 3.5711
88.161 -32.7983 3.56734 0.0541013 88.284 -32.823 3.5711
88.1711 -32.8734 3.56812 0.146841 88.284 -32.823 3.5711
88.0274 -33.0378 3.56912 0.31981 88.284 -32.823 3.5711
88.0274 -33.0378 3.56912 0.31981 88.284 -32.823 3.5711
88.0192 -32.8283 3.57012 0.284671 88.284 -32.823 3.5711
88.1158 -33.0836 3.56538 0.136704 88.284 -32.823 3.5711
88.0274 -33.0378 3.56912 0.31981 88.284 -32.823 3.5711
88.0274 -33.0378 3.56912 0.31981 88.284 -32.823 3.5711
88.1158 -33.0836 3.56538 0.136704 88.284 -32.823 3.5711
88.1878 -32.9431 3.5664 0.110211 88.284 -32.823 3.5711
87.8675 -32.9019 3.56868 0.112478 88.284 -32.823 3.5711
88.198 -32.9629 3.56989 0.163243 88.284 -32.823 3.5711
88.1411 -33.2626 3.56933 0.00610749 88.284 -32.823 3.5711
87.9145 -32.7708 3.56785 0.039458 88.284 -32.823 3.5711
88.1711 -32.8734 3.56812 0.146841 88.284 -32.823 3.5711
88.1447 -33.0101 3.57421 0.0456365 88.284 -32.823 3.5711
88.1158 -33.0836 3.56538 0.136704 88.284 -32.823 3.5711
87.8675 -32.9019 3.56868 0.112478 88.284 -32.823 3.5711
88.0274 -33.0378 3.56912 0.31981 88.284 -32.823 3.5711
88.1158 -33.0836 3.56538 0.136704 88.284 -32.823 3.5711
88.0192 -32.8283 3.57012 0.284671 88.284 -32.823 3.5711
88.3014 -32.94 3.56897 0.0312421 88.284 -32.823 3.5711
87.981 -32.9491 3.57682 0.0220194 88.284 -32.823 3.5711
88.1158 -33.0836 3.56538 0.136704 88.284 -32.823 3.5711
88.135 -33.1073 3.56558 0.110992 88.284 -32.823 3.5711
88.1158 -33.0836 3.56538 0.136704 88.284 -32.823 3.5711
88.198 -32.9629 3.56989 0.163243 88.284 -32.823 3.5711
88.1878 -32.9431 3.5664 0.110211 88.284 -32.823 3.5711
88.2134 -32.895 3.57616 0.015728 88.284 -32.823 3.5711
87.9201 -32.7932 3.57291 0.12923 88.284 -32.823 3.5711
87.8675 -32.9019 3.56868 0.112478 88.284 -32.823 3.5711
88.0274 -33.0378 3.56912 0.31981 88.284 -32.823 3.5711
88.0192 -32.8283 3.57012 0.284671 88.284 -32.823 3.5711
88.1158 -33.0836 3.56538 0.136704 88.284 -32.823 3.5711
88.0274 -33.0378 3.56912 0.31981 88.284 -32.823 3.5711
88.1158 -33.0836 3.56538 0.136704 88.284 -32.823 3.5711
88.3014 -32.94 3.56897 0.0312421 88.284 -32.823 3.5711
88.0274 -33.0378 3.56912 0.31981 88.284 -32.823 3.5711
88.0274 -33.0378 3.56912 0.31981 88.284 -32.823 3.5711
88.156 -32.9228 3.56791 0.212769 88.284 -32.823 3.5711
88.0274 -33.0378 3.56912 0.31981 88.284 -32.823 3.5711
88.1711 -32.8734 3.56812 0.146841 88.284 -32.823 3.5711
87.9201 -32.7932 3.57291 0.12923 88.284 -32.823 3.5711
88.0192 -32.8283 3.57012 0.284671 88.284 -32.823 3.5711
87.819 -32.9798 3.57016 0.0604535 88.284 -32.823 3.5711
88.156 -32.9228 3.56791 0.212769 88.284 -32.823 3.5711
88.0192 -32.8283 3.57012 0.284671 88.284 -32.823 3.5711
87.9201 -32.7932 3.57291 0.12923 88.284 -32.823 3.5711
88.1711 -32.8734 3.56812 0.146841 88.284 -32.823 3.5711
88.156 -32.9228 3.56791 0.212769 88.284 -32.823 3.5711
88.1711 -32.8734 3.56812 0.146841 88.284 -32.823 3.5711
88.2334 -32.8595 3.57537 0.0216943 88.284 -32.823 3.5711
88.0192 -32.8283 3.57012 0.284671 88.284 -32.823 3.5711
88.0274 -33.0378 3.56912 0.31981 88.284 -32.823 3.5711
87.9201 -32.7932 3.57291 0.12923 88.284 -32.823 3.5711
88.1878 -32.9431 3.5664 0.110211 88.284 -32.823 3.5711
88.1158 -33.0836 3.56538 0.136704 88.284 -32.823 3.5711
87.8675 -32.9019 3.56868 0.112478 88.284 -32.823 3.5711
88.1711 -32.8734 3.56812 0.146841 88.284 -32.823 3.5711
88.1711 -32.8734 3.56812 0.146841 88.284 -32.823 3.5711
88.0192 -32.8283 3.57012 0.284671 88.284 -32.823 3.5711
88.156 -32.9228 3.56791 0.212769 88.284 -32.823 3.5711
88.1158 -33.0836 3.56538 0.136704 88.284 -32.823 3.5711
87.8845 -33.0641 3.56185 0.00901117 88.284 -32.823 3.5711
87.9145 -32.7708 3.56785 0.039458 88.284 -32.823 3.5711
88.0192 -32.8283 3.57012 0.284671 88.284 -32.823 3.5711
88.161 -32.7983 3.56734 0.0541013 88.284 -32.823 3.5711
88.0274 -33.0378 3.56912 0.31981 88.284 -32.823 3.5711
88.1711 -32.8734 3.56812 0.146841 88.284 -32.823 3.5711
88.1711 -32.8734 3.56812 0.146841 88.284 -32.823 3.5711
88.1158 -33.0836 3.56538 0.136704 88.284 -32.823 3.5711
88.0274 -33.0378 3.56912 0.31981 88.284 -32.823 3.5711
88.0192 -32.8283 3.57012 0.284671 88.284 -32.823 3.5711
88.0274 -33.0378 3.56912 0.31981 88.284 -32.823 3.5711
87.981 -32.9491 3.57682 0.0220194 88.284 -32.823 3.5711
88.1158 -33.0836 3.56538 0.136704 88.284 -32.823 3.5711
87.819 -32.9798 3.57016 0.0604535 88.284 -32.823 3.5711
88.1447 -33.0101 3.57421 0.0456365 88.284 -32.823 3.5711
87.9145 -32.7708 3.56785 0.039458 88.284 -32.823 3.5711
88.161 -32.7983 3.56734 0.0541013 88.284 -32.823 3.5711
88.1711 -32.8734 3.56812 0.146841 88.284 -32.823 3.5711
87.9201 -32.7932 3.57291 0.12923 88.284 -32.823 3.5711
88.3014 -32.94 3.56897 0.0312421 88.284 -32.823 3.5711
88.1158 -33.0836 3.56538 0.136704 88.284 -32.823 3.5711
88.2505 -32.6723 3.57105 0.00719054 88.284 -32.823 3.5711
88.0274 -33.0378 3.56912 0.31981 88.284 -32.823 3.5711
88.156 -32.9228 3.56791 0.212769 88.284 -32.823 3.5711
87.9201 -32.7932 3.57291 0.12923 88.284 -32.823 3.5711
88.1711 -32.8734 3.56812 0.146841 88.284 -32.823 3.5711
88.1711 -32.8734 3.56812 0.146841 88.284 -32.823 3.5711
88.198 -32.9629 3.56989 0.163243 88.284 -32.823 3.5711
88.1711 -32.8734 3.56812 0.146841 88.284 -32.823 3.5711
88.135 -33.1073 3.56558 0.110992 88.284 -32.823 3.5711
88.0192 -32.8283 3.57012 0.284671 88.284 -32.823 3.5711
88.0274 -33.0378 3.56912 0.31981 88.284 -32.823 3.5711
88.0192 -32.8283 3.57012 0.284671 88.284 -32.823 3.5711
88.0192 -32.8283 3.57012 0.284671 88.284 -32.823 3.5711
88.156 -32.9228 3.56791 0.212769 88.284 -32.823 3.5711
88.0192 -32.8283 3.57012 0.284671 88.284 -32.823 3.5711
88.135 -33.1073 3.56558 0.110992 88.284 -32.823 3.5711
88.1711 -32.8734 3.56812 0.146841 88.284 -32.823 3.5711
88.198 -32.9629 3.56989 0.163243 88.284 -32.823 3.5711
88.0274 -33.0378 3.56912 0.31981 88.284 -32.823 3.5711
88.135 -33.1073 3.56558 0.110992 88.284 -32.823 3.5711
87.9201 -32.7932 3.57291 0.12923 88.284 -32.823 3.5711
88.2215 -32.9002 3.57162 0.100813 88.284 -32.823 3.5711
87.9201 -32.7932 3.57291 0.12923 88.284 -32.823 3.5711
88.156 -32.9228 3.56791 0.212769 88.284 -32.823 3.5711
88.2334 -32.8595 3.57537 0.0216943 88.284 -32.823 3.5711
88.1158 -32.8204 3.57656 0.0434808 88.284 -32.823 3.5711
88.2134 -32.895 3.57616 0.015728 88.284 -32.823 3.5711
88.0274 -33.0378 3.56912 0.31981 88.284 -32.823 3.5711
88.156 -32.9228 3.56791 0.212769 88.284 -32.823 3.5711
88.0274 -33.0378 3.56912 0.31981 88.284 -32.823 3.5711
88.0192 -32.8283 3.57012 0.284671 88.284 -32.823 3.5711
88.0274 -33.0378 3.56912 0.31981 88.284 -32.823 3.5711
88.0274 -33.0378 3.56912 0.31981 88.284 -32.823 3.5711
88.156 -32.9228 3.56791 0.212769 88.284 -32.823 3.5711
88.1878 -32.9431 3.5664 0.110211 88.284 -32.823 3.5711
88.0192 -32.8283 3.57012 0.284671 88.284 -32.823 3.5711
88.0274 -33.0378 3.56912 0.31981 88.284 -32.823 3.5711
87.981 -32.9491 3.57682 0.0220194 88.284 -32.823 3.5711
88.2215 -32.9002 3.57162 0.100813 88.284 -32.823 3.5711
88.1711 -32.8734 3.56812 0.146841 88.284 -32.823 3.5711
88.1447 -33.0101 3.57421 0.0456365 88.284 -32.823 3.5711
88.0274 -33.0378 3.56912 0.31981 88.284 -32.823 3.5711
88.198 -32.9629 3.56989 0.163243 88.284 -32.823 3.5711
88.1878 -32.9431 3.5664 0.110211 88.284 -32.823 3.5711
88.0192 -32.8283 3.57012 0.284671 88.284 -32.823 3.5711
88.1158 -32.8204 3.57656 0.0434808 88.284 -32.823 3.5711
88.1711 -32.8734 3.56812 0.146841 88.284 -32.823 3.5711
88.156 -32.9228 3.56791 0.212769 88.284 -32.823 3.5711
88.156 -32.9228 3.56791 0.212769 88.284 -32.823 3.5711
88.198 -32.9629 3.56989 0.163243 88.284 -32.823 3.5711
88.0192 -32.8283 3.57012 0.284671 88.284 -32.823 3.5711
88.0192 -32.8283 3.57012 0.284671 88.284 -32.823 3.5711
88.156 -32.9228 3.56791 0.212769 88.284 -32.823 3.5711
88.2134 -32.895 3.57616 0.015728 88.284 -32.823 3.5711
88.1994 -32.7555 3.56685 0.0139599 88.284 -32.823 3.5711
88.1994 -32.7555 3.56685 0.0139599 88.284 -32.823 3.5711
88.0192 -32.8283 3.57012 0.284671 88.284 -32.823 3.5711
88.0274 -33.0378 3.56912 0.31981 88.284 -32.823 3.5711
87.9201 -32.7932 3.57291 0.12923 88.284 -32.823 3.5711
88.156 -32.9228 3.56791 0.212769 88.284 -32.823 3.5711
88.0192 -32.8283 3.57012 0.284671 88.284 -32.823 3.5711
88.0192 -32.8283 3.57012 0.284671 88.284 -32.823 3.5711
88.1907 -32.7432 3.57007 0.0448327 88.284 -32.823 3.5711
88.1711 -32.8734 3.56812 0.146841 88.284 -32.823 3.5711
88.0192 -32.8283 3.57012 0.284671 88.284 -32.823 3.5711
88.0192 -32.8283 3.57012 0.284671 88.284 -32.823 3.5711
88.1158 -33.0836 3.56538 0.136704 88.284 -32.823 3.5711
88.1711 -32.8734 3.56812 0.146841 88.284 -32.823 3.5711
88.0192 -32.8283 3.57012 0.284671 88.284 -32.823 3.5711
88.0192 -32.8283 3.57012 0.284671 88.284 -32.823 3.5711
87.819 -32.9798 3.57016 0.0604535 88.284 -32.823 3.5711
87.819 -32.9798 3.57016 0.0604535 88.284 -32.823 3.5711
88.156 -32.9228 3.56791 0.212769 88.284 -32.823 3.5711
88.0192 -32.8283 3.57012 0.284671 88.284 -32.823 3.5711
88.1447 -33.0101 3.57421 0.0456365 88.284 -32.823 3.5711
88.0192 -32.8283 3.57012 0.284671 88.284 -32.823 3.5711
88.0274 -33.0378 3.56912 0.31981 88.284 -32.823 3.5711
88.156 -32.9228 3.56791 0.212769 88.284 -32.823 3.5711
88.0274 -33.0378 3.56912 0.31981 88.284 -32.823 3.5711
87.819 -32.9798 3.57016 0.0604535 88.284 -32.823 3.5711
88.1878 -32.9431 3.5664 0.110211 88.284 -32.823 3.5711
88.156 -32.9228 3.56791 0.212769 88.284 -32.823 3.5711
87.8675 -32.9019 3.56868 0.112478 88.284 -32.823 3.5711
87.8675 -32.9019 3.56868 0.112478 88.284 -32.823 3.5711
88.0192 -32.8283 3.57012 0.284671 88.284 -32.823 3.5711
88.1158 -32.8204 3.57656 0.0434808 88.284 -32.823 3.5711
87.819 -32.9798 3.57016 0.0604535 88.284 -32.823 3.5711
88.0192 -32.8283 3.57012 0.284671 88.284 -32.823 3.5711
88.0274 -33.0378 3.56912 0.31981 88.284 -32.823 3.5711
88.161 -32.7983 3.56734 0.0541013 88.284 -32.823 3.5711
88.0274 -33.0378 3.56912 0.31981 88.284 -32.823 3.5711
88.1158 -33.0836 3.56538 0.136704 88.284 -32.823 3.5711
88.2215 -32.9002 3.57162 0.100813 88.284 -32.823 3.5711
87.819 -32.9798 3.57016 0.0604535 88.284 -32.823 3.5711
87.8675 -32.9019 3.56868 0.112478 88.284 -32.823 3.5711
87.8675 -32.9019 3.56868 0.112478 88.284 -32.823 3.5711
