273.718 20.0594 5.41111 0.000517141 274.13 20.084 5.4151
273.976 19.9416 5.40974 0.00484139 274.13 20.084 5.4151
274.167 20.0479 5.40721 0.00366466 274.13 20.084 5.4151
273.839 20.2089 5.41544 0.00498722 274.13 20.084 5.4151
273.899 20.2499 5.41716 0.00578051 274.13 20.084 5.4151
273.899 20.2499 5.41716 0.00578051 274.13 20.084 5.4151
273.975 20.1032 5.40945 0.0164739 274.13 20.084 5.4151
274.102 20.0896 5.40556 0.00604041 274.13 20.084 5.4151
273.959 20.1234 5.41888 0.00636579 274.13 20.084 5.4151
273.975 20.1032 5.40945 0.0164739 274.13 20.084 5.4151
273.975 20.1032 5.40945 0.0164739 274.13 20.084 5.4151
274.096 20.0338 5.41422 0.00604691 274.13 20.084 5.4151
273.976 19.9416 5.40974 0.00484139 274.13 20.084 5.4151
274.212 20.1012 5.414 0.00173742 274.13 20.084 5.4151
274.102 20.0896 5.40556 0.00604041 274.13 20.084 5.4151
274.212 20.1012 5.414 0.00173742 274.13 20.084 5.4151
273.899 20.2499 5.41716 0.00578051 274.13 20.084 5.4151
273.839 20.2089 5.41544 0.00498722 274.13 20.084 5.4151
273.975 20.1032 5.40945 0.0164739 274.13 20.084 5.4151
273.839 20.2089 5.41544 0.00498722 274.13 20.084 5.4151
274.208 20.0435 5.41131 0.00196146 274.13 20.084 5.4151
273.975 20.1032 5.40945 0.0164739 274.13 20.084 5.4151
274.208 20.0435 5.41131 0.00196146 274.13 20.084 5.4151
273.97 19.8184 5.40017 0.000108526 274.13 20.084 5.4151
274.102 20.0896 5.40556 0.00604041 274.13 20.084 5.4151
274.055 20.1445 5.41643 0.00967298 274.13 20.084 5.4151
274.152 19.9831 5.40696 0.00281475 274.13 20.084 5.4151
273.929 20.0185 5.40685 0.00690983 274.13 20.084 5.4151
273.976 19.9416 5.40974 0.00484139 274.13 20.084 5.4151
273.939 20.0505 5.41368 0.0115868 274.13 20.084 5.4151
273.975 20.1032 5.40945 0.0164739 274.13 20.084 5.4151
274.102 20.0896 5.40556 0.00604041 274.13 20.084 5.4151
273.976 19.9416 5.40974 0.00484139 274.13 20.084 5.4151
274.055 20.1445 5.41643 0.00967298 274.13 20.084 5.4151
273.885 20.0867 5.41572 0.00783925 274.13 20.084 5.4151
273.885 20.0867 5.41572 0.00783925 274.13 20.084 5.4151
273.975 20.1032 5.40945 0.0164739 274.13 20.084 5.4151
273.861 19.9603 5.41479 0.00182105 274.13 20.084 5.4151
273.899 20.2499 5.41716 0.00578051 274.13 20.084 5.4151
274.096 20.0338 5.41422 0.00604691 274.13 20.084 5.4151
274.178 20.0929 5.40703 0.00333669 274.13 20.084 5.4151
274.033 19.8738 5.40924 0.00143586 274.13 20.084 5.4151
274.055 20.1445 5.41643 0.00967298 274.13 20.084 5.4151
273.929 20.0185 5.40685 0.00690983 274.13 20.084 5.4151
273.975 20.1032 5.40945 0.0164739 274.13 20.084 5.4151
274.047 19.9916 5.41538 0.00417853 274.13 20.084 5.4151
274.208 20.0435 5.41131 0.00196146 274.13 20.084 5.4151
274.312 20.0809 5.4161 8.09703e-05 274.13 20.084 5.4151
274.167 20.0479 5.40721 0.00366466 274.13 20.084 5.4151
274.054 20.2875 5.4211 0.00153007 274.13 20.084 5.4151
274.047 19.9916 5.41538 0.00417853 274.13 20.084 5.4151
274.178 20.0929 5.40703 0.00333669 274.13 20.084 5.4151
274.054 20.2875 5.4211 0.00153007 274.13 20.084 5.4151
273.885 20.0867 5.41572 0.00783925 274.13 20.084 5.4151
273.798 19.9883 5.41281 0.00147839 274.13 20.084 5.4151
273.793 20.3685 5.41344 0.000294057 274.13 20.084 5.4151
273.839 20.2089 5.41544 0.00498722 274.13 20.084 5.4151
274.102 20.0896 5.40556 0.00604041 274.13 20.084 5.4151
273.845 19.926 5.41225 0.00120283 274.13 20.084 5.4151
273.939 20.0505 5.41368 0.0115868 274.13 20.084 5.4151
274.087 20.4077 5.40762 0.000131269 274.13 20.084 5.4151
274.152 19.9831 5.40696 0.00281475 274.13 20.084 5.4151
273.885 20.0867 5.41572 0.00783925 274.13 20.084 5.4151
273.885 20.0867 5.41572 0.00783925 274.13 20.084 5.4151
273.939 20.0505 5.41368 0.0115868 274.13 20.084 5.4151
273.939 20.0505 5.41368 0.0115868 274.13 20.084 5.4151
273.975 20.1032 5.40945 0.0164739 274.13 20.084 5.4151
273.939 20.0505 5.41368 0.0115868 274.13 20.084 5.4151
274.102 20.0896 5.40556 0.00604041 274.13 20.084 5.4151
273.827 20.2285 5.40765 0.00145795 274.13 20.084 5.4151
273.996 20.1193 5.40122 0.00156124 274.13 20.084 5.4151
273.885 20.0867 5.41572 0.00783925 274.13 20.084 5.4151
273.975 20.1032 5.40945 0.0164739 274.13 20.084 5.4151
274.235 19.9606 5.40857 0.00058952 274.13 20.084 5.4151
273.885 20.0867 5.41572 0.00783925 274.13 20.084 5.4151
274.096 20.0338 5.41422 0.00604691 274.13 20.084 5.4151
273.975 20.1032 5.40945 0.0164739 274.13 20.084 5.4151
273.975 20.1032 5.40945 0.0164739 274.13 20.084 5.4151
273.959 20.1234 5.41888 0.00636579 274.13 20.084 5.4151
273.929 20.0185 5.40685 0.00690983 274.13 20.084 5.4151
274.055 20.1445 5.41643 0.00967298 274.13 20.084 5.4151
273.769 20.1538 5.41712 0.00159398 274.13 20.084 5.4151
273.939 20.0505 5.41368 0.0115868 274.13 20.084 5.4151
274.102 20.0896 5.40556 0.00604041 274.13 20.084 5.4151
273.899 20.2499 5.41716 0.00578051 274.13 20.084 5.4151
274.055 20.1445 5.41643 0.00967298 274.13 20.084 5.4151
273.975 20.1032 5.40945 0.0164739 274.13 20.084 5.4151
274.047 19.9916 5.41538 0.00417853 274.13 20.084 5.4151
274.054 20.2875 5.4211 0.00153007 274.13 20.084 5.4151
273.754 20.1201 5.42354 0.000146762 274.13 20.084 5.4151
273.975 20.1032 5.40945 0.0164739 274.13 20.084 5.4151
274.055 20.1445 5.41643 0.00967298 274.13 20.084 5.4151
274.055 20.1445 5.41643 0.00967298 274.13 20.084 5.4151
274.055 20.1445 5.41643 0.00967298 274.13 20.084 5.4151
274.27 20.2651 5.40497 8.56002e-05 274.13 20.084 5.4151
273.929 20.0185 5.40685 0.00690983 274.13 20.084 5.4151
274.047 19.9916 5.41538 0.00417853 274.13 20.084 5.4151
273.885 20.0867 5.41572 0.00783925 274.13 20.084 5.4151
273.996 20.1193 5.40122 0.00156124 274.13 20.084 5.4151
274.117 19.8173 5.40604 0.00024432 274.13 20.084 5.4151
274.047 19.9916 5.41538 0.00417853 274.13 20.084 5.4151
273.769 20.1538 5.41712 0.00159398 274.13 20.084 5.4151
273.861 19.9603 5.41479 0.00182105 274.13 20.084 5.4151
273.843 19.9203 5.41564 0.000588991 274.13 20.084 5.4151
274.096 20.0338 5.41422 0.00604691 274.13 20.084 5.4151
273.959 20.1234 5.41888 0.00636579 274.13 20.084 5.4151
274.096 20.0338 5.41422 0.00604691 274.13 20.084 5.4151
274.152 19.9831 5.40696 0.00281475 274.13 20.084 5.4151
273.976 19.9416 5.40974 0.00484139 274.13 20.084 5.4151
274.055 20.1445 5.41643 0.00967298 274.13 20.084 5.4151
274.167 20.0479 5.40721 0.00366466 274.13 20.084 5.4151
273.899 20.2499 5.41716 0.00578051 274.13 20.084 5.4151
273.843 19.9203 5.41564 0.000588991 274.13 20.084 5.4151
274.102 20.0896 5.40556 0.00604041 274.13 20.084 5.4151
273.899 20.2499 5.41716 0.00578051 274.13 20.084 5.4151
273.959 20.1234 5.41888 0.00636579 274.13 20.084 5.4151
273.975 20.1032 5.40945 0.0164739 274.13 20.084 5.4151
273.769 20.1538 5.41712 0.00159398 274.13 20.084 5.4151
274.178 20.0929 5.40703 0.00333669 274.13 20.084 5.4151
273.975 20.1032 5.40945 0.0164739 274.13 20.084 5.4151
274.178 20.0929 5.40703 0.00333669 274.13 20.084 5.4151
274.178 20.0929 5.40703 0.00333669 274.13 20.084 5.4151
274.047 19.9916 5.41538 0.00417853 274.13 20.084 5.4151
274.102 20.0896 5.40556 0.00604041 274.13 20.084 5.4151
274.047 19.9916 5.41538 0.00417853 274.13 20.084 5.4151
273.975 20.1032 5.40945 0.0164739 274.13 20.084 5.4151
273.959 20.1234 5.41888 0.00636579 274.13 20.084 5.4151
273.975 20.1032 5.40945 0.0164739 274.13 20.084 5.4151
274.033 19.8738 5.40924 0.00143586 274.13 20.084 5.4151
273.929 20.0185 5.40685 0.00690983 274.13 20.084 5.4151
274.212 20.1012 5.414 0.00173742 274.13 20.084 5.4151
273.899 20.2499 5.41716 0.00578051 274.13 20.084 5.4151
273.939 20.0505 5.41368 0.0115868 274.13 20.084 5.4151
273.885 20.0867 5.41572 0.00783925 274.13 20.084 5.4151
273.885 20.0867 5.41572 0.00783925 274.13 20.084 5.4151
273.975 20.1032 5.40945 0.0164739 274.13 20.084 5.4151
273.975 20.1032 5.40945 0.0164739 274.13 20.084 5.4151
274.178 20.0929 5.40703 0.00333669 274.13 20.084 5.4151
274.102 20.0896 5.40556 0.00604041 274.13 20.084 5.4151
273.939 20.0505 5.41368 0.0115868 274.13 20.084 5.4151
273.975 20.1032 5.40945 0.0164739 274.13 20.084 5.4151
274.055 20.1445 5.41643 0.00967298 274.13 20.084 5.4151
273.785 20.3157 5.41334 0.00065979 274.13 20.084 5.4151
274.055 20.1445 5.41643 0.00967298 274.13 20.084 5.4151
273.885 20.0867 5.41572 0.00783925 274.13 20.084 5.4151
274.152 19.9831 5.40696 0.00281475 274.13 20.084 5.4151
273.746 20.1084 5.41798 0.000769557 274.13 20.084 5.4151
274.055 20.1445 5.41643 0.00967298 274.13 20.084 5.4151
273.959 20.1234 5.41888 0.00636579 274.13 20.084 5.4151
273.929 20.0185 5.40685 0.00690983 274.13 20.084 5.4151
274.152 19.9831 5.40696 0.00281475 274.13 20.084 5.4151
274.055 20.1445 5.41643 0.00967298 274.13 20.084 5.4151
273.899 20.2499 5.41716 0.00578051 274.13 20.084 5.4151
274.096 20.0338 5.41422 0.00604691 274.13 20.084 5.4151
274.152 19.9831 5.40696 0.00281475 274.13 20.084 5.4151
273.885 20.0867 5.41572 0.00783925 274.13 20.084 5.4151
274.124 19.9207 5.41674 0.000389487 274.13 20.084 5.4151
273.959 20.1234 5.41888 0.00636579 274.13 20.084 5.4151
274.063 20.2056 5.42315 0.00090732 274.13 20.084 5.4151
273.839 20.2089 5.41544 0.00498722 274.13 20.084 5.4151
274.102 20.0896 5.40556 0.00604041 274.13 20.084 5.4151
273.885 20.0867 5.41572 0.00783925 274.13 20.084 5.4151
273.798 19.9883 5.41281 0.00147839 274.13 20.084 5.4151
274.167 20.0479 5.40721 0.00366466 274.13 20.084 5.4151
273.885 20.0867 5.41572 0.00783925 274.13 20.084 5.4151
274.208 20.0435 5.41131 0.00196146 274.13 20.084 5.4151
273.885 20.0867 5.41572 0.00783925 274.13 20.084 5.4151
274.167 20.0479 5.40721 0.00366466 274.13 20.084 5.4151
273.975 20.1032 5.40945 0.0164739 274.13 20.084 5.4151
273.975 20.1032 5.40945 0.0164739 274.13 20.084 5.4151
274.055 20.1445 5.41643 0.00967298 274.13 20.084 5.4151
273.939 20.0505 5.41368 0.0115868 274.13 20.084 5.4151
273.861 19.9603 5.41479 0.00182105 274.13 20.084 5.4151
274.102 20.0896 5.40556 0.00604041 274.13 20.084 5.4151
274.055 20.1445 5.41643 0.00967298 274.13 20.084 5.4151
274.055 20.1445 5.41643 0.00967298 274.13 20.084 5.4151
273.975 20.1032 5.40945 0.0164739 274.13 20.084 5.4151
274.167 20.0479 5.40721 0.00366466 274.13 20.084 5.4151
273.975 20.1032 5.40945 0.0164739 274.13 20.084 5.4151
273.885 20.0867 5.41572 0.00783925 274.13 20.084 5.4151
274.167 20.0479 5.40721 0.00366466 274.13 20.084 5.4151
273.899 20.2499 5.41716 0.00578051 274.13 20.084 5.4151
274.135 20.3128 5.42156 0.000399047 274.13 20.084 5.4151
273.976 19.9416 5.40974 0.00484139 274.13 20.084 5.4151
274.152 19.9831 5.40696 0.00281475 274.13 20.084 5.4151
273.718 20.0594 5.41111 0.000517141 274.13 20.084 5.4151
273.976 19.9416 5.40974 0.00484139 274.13 20.084 5.4151
273.959 20.1234 5.41888 0.00636579 274.13 20.084 5.4151
274.055 20.1445 5.41643 0.00967298 274.13 20.084 5.4151
274.054 20.2875 5.4211 0.00153007 274.13 20.084 5.4151
273.888 20.3435 5.41101 0.00117808 274.13 20.084 5.4151
273.939 20.0505 5.41368 0.0115868 274.13 20.084 5.4151
274.152 19.9831 5.40696 0.00281475 274.13 20.084 5.4151
274.178 20.0929 5.40703 0.00333669 274.13 20.084 5.4151
274.167 20.0479 5.40721 0.00366466 274.13 20.084 5.4151
274.055 20.1445 5.41643 0.00967298 274.13 20.084 5.4151
273.975 20.1032 5.40945 0.0164739 274.13 20.084 5.4151
273.976 19.9416 5.40974 0.00484139 274.13 20.084 5.4151
273.939 20.0505 5.41368 0.0115868 274.13 20.084 5.4151
273.959 20.1234 5.41888 0.00636579 274.13 20.084 5.4151
