127.338 -19.1608 3.40406 0.0108848 127.25 -19.046 3.4035
127.187 -18.9711 3.40309 0.0493988 127.25 -19.046 3.4035
127.187 -18.9711 3.40309 0.0493988 127.25 -19.046 3.4035
127.03 -19.0657 3.40333 0.0164651 127.25 -19.046 3.4035
127.199 -19.1587 3.40193 0.0207044 127.25 -19.046 3.4035
127.064 -19.1849 3.40084 0.0101445 127.25 -19.046 3.4035
127.055 -18.976 3.40253 0.0288221 127.25 -19.046 3.4035
127.03 -19.0657 3.40333 0.0164651 127.25 -19.046 3.4035
127.187 -18.9711 3.40309 0.0493988 127.25 -19.046 3.4035
127.199 -19.1587 3.40193 0.0207044 127.25 -19.046 3.4035
127.187 -18.9711 3.40309 0.0493988 127.25 -19.046 3.4035
127.266 -19.0727 3.40424 0.0335093 127.25 -19.046 3.4035
127.12 -18.9698 3.39736 0.0220805 127.25 -19.046 3.4035
127.054 -18.9967 3.40061 0.0333365 127.25 -19.046 3.4035
127.09 -18.9185 3.40333 0.0272839 127.25 -19.046 3.4035
127.266 -19.0727 3.40424 0.0335093 127.25 -19.046 3.4035
127.451 -19.0128 3.40076 0.00285916 127.25 -19.046 3.4035
127.055 -18.976 3.40253 0.0288221 127.25 -19.046 3.4035
127.215 -18.7439 3.40065 0.00574712 127.25 -19.046 3.4035
127.439 -18.8407 3.41089 0.000599831 127.25 -19.046 3.4035
127.095 -18.7971 3.40038 0.0120592 127.25 -19.046 3.4035
127.12 -18.9698 3.39736 0.0220805 127.25 -19.046 3.4035
127.12 -18.9698 3.39736 0.0220805 127.25 -19.046 3.4035
127.144 -19.1513 3.40039 0.0194119 127.25 -19.046 3.4035
127.281 -18.8228 3.40553 0.0105972 127.25 -19.046 3.4035
127.266 -19.0727 3.40424 0.0335093 127.25 -19.046 3.4035
127.322 -19.078 3.40205 0.0208661 127.25 -19.046 3.4035
126.931 -19.0706 3.39614 0.00428473 127.25 -19.046 3.4035
127.322 -19.078 3.40205 0.0208661 127.25 -19.046 3.4035
127.281 -18.8228 3.40553 0.0105972 127.25 -19.046 3.4035
127.12 -18.9698 3.39736 0.0220805 127.25 -19.046 3.4035
127.124 -19.1855 3.39821 0.00754612 127.25 -19.046 3.4035
127.09 -18.9185 3.40333 0.0272839 127.25 -19.046 3.4035
127.055 -18.976 3.40253 0.0288221 127.25 -19.046 3.4035
127.232 -19.0987 3.40943 0.00499837 127.25 -19.046 3.4035
127.391 -18.9303 3.40605 0.011304 127.25 -19.046 3.4035
127.064 -19.1849 3.40084 0.0101445 127.25 -19.046 3.4035
126.912 -18.9245 3.39634 0.00439037 127.25 -19.046 3.4035
127.171 -19.0788 3.39264 0.000671758 127.25 -19.046 3.4035
127.054 -18.9967 3.40061 0.0333365 127.25 -19.046 3.4035
127.187 -18.9711 3.40309 0.0493988 127.25 -19.046 3.4035
127.124 -19.1855 3.39821 0.00754612 127.25 -19.046 3.4035
127.089 -18.79 3.4007 0.0107941 127.25 -19.046 3.4035
127.054 -18.9967 3.40061 0.0333365 127.25 -19.046 3.4035
127.199 -19.1587 3.40193 0.0207044 127.25 -19.046 3.4035
127.391 -18.9303 3.40605 0.011304 127.25 -19.046 3.4035
127.058 -18.7191 3.40481 0.00118732 127.25 -19.046 3.4035
127.054 -18.9967 3.40061 0.0333365 127.25 -19.046 3.4035
127.03 -19.0657 3.40333 0.0164651 127.25 -19.046 3.4035
127.064 -19.1849 3.40084 0.0101445 127.25 -19.046 3.4035
127.09 -18.9185 3.40333 0.0272839 127.25 -19.046 3.4035
127.391 -18.9303 3.40605 0.011304 127.25 -19.046 3.4035
127.391 -18.9303 3.40605 0.011304 127.25 -19.046 3.4035
127.322 -19.078 3.40205 0.0208661 127.25 -19.046 3.4035
127.199 -19.1587 3.40193 0.0207044 127.25 -19.046 3.4035
127.338 -19.1608 3.40406 0.0108848 127.25 -19.046 3.4035
127.09 -18.9185 3.40333 0.0272839 127.25 -19.046 3.4035
127.011 -18.9743 3.39442 0.00503721 127.25 -19.046 3.4035
127.054 -18.9967 3.40061 0.0333365 127.25 -19.046 3.4035
127.095 -18.7971 3.40038 0.0120592 127.25 -19.046 3.4035
127.427 -18.9708 3.40711 0.00729785 127.25 -19.046 3.4035
127.187 -18.9711 3.40309 0.0493988 127.25 -19.046 3.4035
127.055 -18.976 3.40253 0.0288221 127.25 -19.046 3.4035
127.234 -18.7771 3.40906 0.00127677 127.25 -19.046 3.4035
127.187 -18.9711 3.40309 0.0493988 127.25 -19.046 3.4035
127.055 -18.976 3.40253 0.0288221 127.25 -19.046 3.4035
127.215 -18.7439 3.40065 0.00574712 127.25 -19.046 3.4035
127.12 -18.9698 3.39736 0.0220805 127.25 -19.046 3.4035
127.281 -18.8228 3.40553 0.0105972 127.25 -19.046 3.4035
127.09 -18.9185 3.40333 0.0272839 127.25 -19.046 3.4035
127.203 -18.8584 3.3969 0.00822435 127.25 -19.046 3.4035
127.203 -18.8584 3.3969 0.00822435 127.25 -19.046 3.4035
127.187 -18.9711 3.40309 0.0493988 127.25 -19.046 3.4035
127.095 -18.7971 3.40038 0.0120592 127.25 -19.046 3.4035
127.055 -18.976 3.40253 0.0288221 127.25 -19.046 3.4035
127.391 -18.9303 3.40605 0.011304 127.25 -19.046 3.4035
127.234 -18.7771 3.40906 0.00127677 127.25 -19.046 3.4035
127.427 -18.9708 3.40711 0.00729785 127.25 -19.046 3.4035
127.234 -18.7771 3.40906 0.00127677 127.25 -19.046 3.4035
127.266 -19.0727 3.40424 0.0335093 127.25 -19.046 3.4035
127.338 -19.1608 3.40406 0.0108848 127.25 -19.046 3.4035
127.391 -18.9303 3.40605 0.011304 127.25 -19.046 3.4035
127.054 -18.9967 3.40061 0.0333365 127.25 -19.046 3.4035
126.991 -18.9599 3.40101 0.0178435 127.25 -19.046 3.4035
127.187 -18.9711 3.40309 0.0493988 127.25 -19.046 3.4035
127.011 -18.9743 3.39442 0.00503721 127.25 -19.046 3.4035
127.281 -18.8228 3.40553 0.0105972 127.25 -19.046 3.4035
127.054 -18.9967 3.40061 0.0333365 127.25 -19.046 3.4035
127.203 -18.8584 3.3969 0.00822435 127.25 -19.046 3.4035
127.089 -18.79 3.4007 0.0107941 127.25 -19.046 3.4035
127.187 -18.9711 3.40309 0.0493988 127.25 -19.046 3.4035
127.054 -18.9967 3.40061 0.0333365 127.25 -19.046 3.4035
127.09 -18.9185 3.40333 0.0272839 127.25 -19.046 3.4035
127.055 -18.976 3.40253 0.0288221 127.25 -19.046 3.4035
127.09 -18.9185 3.40333 0.0272839 127.25 -19.046 3.4035
127.12 -18.9698 3.39736 0.0220805 127.25 -19.046 3.4035
127.144 -19.1513 3.40039 0.0194119 127.25 -19.046 3.4035
127.456 -18.931 3.40271 0.00414691 127.25 -19.046 3.4035
127.187 -18.9711 3.40309 0.0493988 127.25 -19.046 3.4035
127.322 -19.078 3.40205 0.0208661 127.25 -19.046 3.4035
127.266 -19.0727 3.40424 0.0335093 127.25 -19.046 3.4035
127.199 -19.1587 3.40193 0.0207044 127.25 -19.046 3.4035
127.054 -18.9967 3.40061 0.0333365 127.25 -19.046 3.4035
127.054 -18.9967 3.40061 0.0333365 127.25 -19.046 3.4035
127.187 -18.9711 3.40309 0.0493988 127.25 -19.046 3.4035
127.054 -18.9967 3.40061 0.0333365 127.25 -19.046 3.4035
127.144 -19.1513 3.40039 0.0194119 127.25 -19.046 3.4035
127.12 -18.9698 3.39736 0.0220805 127.25 -19.046 3.4035
127.391 -18.9303 3.40605 0.011304 127.25 -19.046 3.4035
127.232 -19.0987 3.40943 0.00499837 127.25 -19.046 3.4035
127.456 -18.931 3.40271 0.00414691 127.25 -19.046 3.4035
127.439 -18.8407 3.41089 0.000599831 127.25 -19.046 3.4035
127.338 -19.1608 3.40406 0.0108848 127.25 -19.046 3.4035
127.141 -19.2872 3.40657 0.00122756 127.25 -19.046 3.4035
127.054 -18.9967 3.40061 0.0333365 127.25 -19.046 3.4035
126.991 -18.9599 3.40101 0.0178435 127.25 -19.046 3.4035
127.187 -18.9711 3.40309 0.0493988 127.25 -19.046 3.4035
127.011 -18.9743 3.39442 0.00503721 127.25 -19.046 3.4035
126.912 -18.9245 3.39634 0.00439037 127.25 -19.046 3.4035
127.215 -18.7439 3.40065 0.00574712 127.25 -19.046 3.4035
127.187 -18.9711 3.40309 0.0493988 127.25 -19.046 3.4035
127.266 -19.0727 3.40424 0.0335093 127.25 -19.046 3.4035
127.064 -19.1849 3.40084 0.0101445 127.25 -19.046 3.4035
127.187 -18.9711 3.40309 0.0493988 127.25 -19.046 3.4035
127.095 -18.7971 3.40038 0.0120592 127.25 -19.046 3.4035
127.131 -19.0585 3.40821 0.00633271 127.25 -19.046 3.4035
127.03 -19.0657 3.40333 0.0164651 127.25 -19.046 3.4035
127.144 -19.1513 3.40039 0.0194119 127.25 -19.046 3.4035
127.281 -18.8228 3.40553 0.0105972 127.25 -19.046 3.4035
127.456 -18.931 3.40271 0.00414691 127.25 -19.046 3.4035
127.199 -19.1587 3.40193 0.0207044 127.25 -19.046 3.4035
127.322 -19.078 3.40205 0.0208661 127.25 -19.046 3.4035
126.912 -18.9245 3.39634 0.00439037 127.25 -19.046 3.4035
127.427 -18.9708 3.40711 0.00729785 127.25 -19.046 3.4035
127.12 -18.9698 3.39736 0.0220805 127.25 -19.046 3.4035
127.064 -19.1849 3.40084 0.0101445 127.25 -19.046 3.4035
127.055 -18.976 3.40253 0.0288221 127.25 -19.046 3.4035
127.329 -18.8026 3.40922 0.00171801 127.25 -19.046 3.4035
127.131 -19.0585 3.40821 0.00633271 127.25 -19.046 3.4035
127.182 -19.096 3.40758 0.0107789 127.25 -19.046 3.4035
127.055 -18.976 3.40253 0.0288221 127.25 -19.046 3.4035
127.09 -18.9185 3.40333 0.0272839 127.25 -19.046 3.4035
127.064 -19.1849 3.40084 0.0101445 127.25 -19.046 3.4035
127.095 -18.7971 3.40038 0.0120592 127.25 -19.046 3.4035
126.991 -18.9599 3.40101 0.0178435 127.25 -19.046 3.4035
127.199 -19.1587 3.40193 0.0207044 127.25 -19.046 3.4035
127.427 -18.9708 3.40711 0.00729785 127.25 -19.046 3.4035
127.317 -19.1934 3.40057 0.00515941 127.25 -19.046 3.4035
127.011 -18.9743 3.39442 0.00503721 127.25 -19.046 3.4035
127.427 -18.9708 3.40711 0.00729785 127.25 -19.046 3.4035
127.187 -18.9711 3.40309 0.0493988 127.25 -19.046 3.4035
127.09 -18.9185 3.40333 0.0272839 127.25 -19.046 3.4035
127.199 -19.1587 3.40193 0.0207044 127.25 -19.046 3.4035
127.12 -18.9698 3.39736 0.0220805 127.25 -19.046 3.4035
127.009 -18.9267 3.40427 0.00941497 127.25 -19.046 3.4035
127.456 -18.931 3.40271 0.00414691 127.25 -19.046 3.4035
127.203 -18.8584 3.3969 0.00822435 127.25 -19.046 3.4035
127.338 -19.1608 3.40406 0.0108848 127.25 -19.046 3.4035
127.124 -19.1855 3.39821 0.00754612 127.25 -19.046 3.4035
127.234 -18.7771 3.40906 0.00127677 127.25 -19.046 3.4035
127.055 -18.976 3.40253 0.0288221 127.25 -19.046 3.4035
127.055 -18.976 3.40253 0.0288221 127.25 -19.046 3.4035
127.391 -18.9303 3.40605 0.011304 127.25 -19.046 3.4035
127.095 -18.7971 3.40038 0.0120592 127.25 -19.046 3.4035
127.322 -19.078 3.40205 0.0208661 127.25 -19.046 3.4035
127.12 -18.9698 3.39736 0.0220805 127.25 -19.046 3.4035
127.009 -18.9267 3.40427 0.00941497 127.25 -19.046 3.4035
127.391 -18.9303 3.40605 0.011304 127.25 -19.046 3.4035
127.054 -18.9967 3.40061 0.0333365 127.25 -19.046 3.4035
127.182 -19.096 3.40758 0.0107789 127.25 -19.046 3.4035
127.03 -19.0657 3.40333 0.0164651 127.25 -19.046 3.4035
126.991 -18.9599 3.40101 0.0178435 127.25 -19.046 3.4035
127.199 -19.1587 3.40193 0.0207044 127.25 -19.046 3.4035
127.281 -18.8228 3.40553 0.0105972 127.25 -19.046 3.4035
127.03 -19.0657 3.40333 0.0164651 127.25 -19.046 3.4035
127.095 -18.7971 3.40038 0.0120592 127.25 -19.046 3.4035
127.054 -18.9967 3.40061 0.0333365 127.25 -19.046 3.4035
127.199 -19.1587 3.40193 0.0207044 127.25 -19.046 3.4035
127.281 -18.8228 3.40553 0.0105972 127.25 -19.046 3.4035
127.215 -18.7439 3.40065 0.00574712 127.25 -19.046 3.4035
127.317 -19.1934 3.40057 0.00515941 127.25 -19.046 3.4035
127.144 -19.1513 3.40039 0.0194119 127.25 -19.046 3.4035
127.12 -18.9698 3.39736 0.0220805 127.25 -19.046 3.4035
127.266 -19.0727 3.40424 0.0335093 127.25 -19.046 3.4035
126.931 -19.0706 3.39614 0.00428473 127.25 -19.046 3.4035
127.427 -18.9708 3.40711 0.00729785 127.25 -19.046 3.4035
127.054 -18.9967 3.40061 0.0333365 127.25 -19.046 3.4035
127.009 -18.9267 3.40427 0.00941497 127.25 -19.046 3.4035
127.095 -18.7971 3.40038 0.0120592 127.25 -19.046 3.4035
127.281 -18.8228 3.40553 0.0105972 127.25 -19.046 3.4035
127.281 -18.8228 3.40553 0.0105972 127.25 -19.046 3.4035
127.322 -19.078 3.40205 0.0208661 127.25 -19.046 3.4035
126.991 -18.9599 3.40101 0.0178435 127.25 -19.046 3.4035
127.266 -19.0727 3.40424 0.0335093 127.25 -19.046 3.4035
127.187 -18.9711 3.40309 0.0493988 127.25 -19.046 3.4035
127.055 -18.976 3.40253 0.0288221 127.25 -19.046 3.4035
127.266 -19.0727 3.40424 0.0335093 127.25 -19.046 3.4035
127.054 -18.9967 3.40061 0.0333365 127.25 -19.046 3.4035
127.322 -19.078 3.40205 0.0208661 127.25 -19.046 3.4035
127.187 -18.9711 3.40309 0.0493988 127.25 -19.046 3.4035
