208.153 25.3021 0.07785 0.0017426 208.26 25.592 0.073146
208.246 25.2802 0.0794109 0.000254315 208.26 25.592 0.073146
208.153 25.3021 0.07785 0.0017426 208.26 25.592 0.073146
208.153 25.3021 0.07785 0.0017426 208.26 25.592 0.073146
208.266 25.2706 0.0740988 0.000456352 208.26 25.592 0.073146
208.294 25.307 0.070762 0.000217511 208.26 25.592 0.073146
208.153 25.3021 0.07785 0.0017426 208.26 25.592 0.073146
208.153 25.3021 0.07785 0.0017426 208.26 25.592 0.073146
208.266 25.2706 0.0740988 0.000456352 208.26 25.592 0.073146
208.266 25.2706 0.0740988 0.000456352 208.26 25.592 0.073146
208.153 25.3021 0.07785 0.0017426 208.26 25.592 0.073146
208.347 25.5437 0.0767141 2.72815e-05 208.26 25.592 0.073146
208.297 25.6414 0.0757605 1.8041e-05 208.26 25.592 0.073146
208.266 25.2706 0.0740988 0.000456352 208.26 25.592 0.073146
208.251 25.5032 0.0699831 0.000177205 208.26 25.592 0.073146
208.153 25.3021 0.07785 0.0017426 208.26 25.592 0.073146
208.294 25.307 0.070762 0.000217511 208.26 25.592 0.073146
208.266 25.2706 0.0740988 0.000456352 208.26 25.592 0.073146
208.153 25.3021 0.07785 0.0017426 208.26 25.592 0.073146
208.153 25.3021 0.07785 0.0017426 208.26 25.592 0.073146
208.266 25.2706 0.0740988 0.000456352 208.26 25.592 0.073146
208.246 25.2802 0.0794109 0.000254315 208.26 25.592 0.073146
208.153 25.3021 0.07785 0.0017426 208.26 25.592 0.073146
208.266 25.2706 0.0740988 0.000456352 208.26 25.592 0.073146
208.246 25.2802 0.0794109 0.000254315 208.26 25.592 0.073146
208.246 25.2802 0.0794109 0.000254315 208.26 25.592 0.073146
208.153 25.3021 0.07785 0.0017426 208.26 25.592 0.073146
208.153 25.3021 0.07785 0.0017426 208.26 25.592 0.073146
208.153 25.3021 0.07785 0.0017426 208.26 25.592 0.073146
208.153 25.3021 0.07785 0.0017426 208.26 25.592 0.073146
208.251 25.5032 0.0699831 0.000177205 208.26 25.592 0.073146
208.246 25.2802 0.0794109 0.000254315 208.26 25.592 0.073146
208.153 25.3021 0.07785 0.0017426 208.26 25.592 0.073146
208.153 25.3021 0.07785 0.0017426 208.26 25.592 0.073146
208.251 25.5032 0.0699831 0.000177205 208.26 25.592 0.073146
208.153 25.3021 0.07785 0.0017426 208.26 25.592 0.073146
208.153 25.3021 0.07785 0.0017426 208.26 25.592 0.073146
208.347 25.5437 0.0767141 2.72815e-05 208.26 25.592 0.073146
208.153 25.3021 0.07785 0.0017426 208.26 25.592 0.073146
208.153 25.3021 0.07785 0.0017426 208.26 25.592 0.073146
208.153 25.3021 0.07785 0.0017426 208.26 25.592 0.073146
208.246 25.2802 0.0794109 0.000254315 208.26 25.592 0.073146
208.266 25.2706 0.0740988 0.000456352 208.26 25.592 0.073146
208.086 25.0529 0.0776654 7.32206e-05 208.26 25.592 0.073146
208.266 25.2706 0.0740988 0.000456352 208.26 25.592 0.073146
208.153 25.3021 0.07785 0.0017426 208.26 25.592 0.073146
208.266 25.2706 0.0740988 0.000456352 208.26 25.592 0.073146
208.153 25.3021 0.07785 0.0017426 208.26 25.592 0.073146
208.153 25.3021 0.07785 0.0017426 208.26 25.592 0.073146
208.153 25.3021 0.07785 0.0017426 208.26 25.592 0.073146
208.347 25.5437 0.0767141 2.72815e-05 208.26 25.592 0.073146
208.153 25.3021 0.07785 0.0017426 208.26 25.592 0.073146
208.246 25.2802 0.0794109 0.000254315 208.26 25.592 0.073146
208.518 25.3202 0.0775907 2.91934e-07 208.26 25.592 0.073146
208.246 25.2802 0.0794109 0.000254315 208.26 25.592 0.073146
208.266 25.2706 0.0740988 0.000456352 208.26 25.592 0.073146
208.153 25.3021 0.07785 0.0017426 208.26 25.592 0.073146
208.153 25.3021 0.07785 0.0017426 208.26 25.592 0.073146
208.153 25.3021 0.07785 0.0017426 208.26 25.592 0.073146
208.246 25.2802 0.0794109 0.000254315 208.26 25.592 0.073146
208.246 25.2802 0.0794109 0.000254315 208.26 25.592 0.073146
208.153 25.3021 0.07785 0.0017426 208.26 25.592 0.073146
208.246 25.2802 0.0794109 0.000254315 208.26 25.592 0.073146
208.153 25.3021 0.07785 0.0017426 208.26 25.592 0.073146
208.153 25.3021 0.07785 0.0017426 208.26 25.592 0.073146
208.266 25.2706 0.0740988 0.000456352 208.26 25.592 0.073146
208.153 25.3021 0.07785 0.0017426 208.26 25.592 0.073146
208.153 25.3021 0.07785 0.0017426 208.26 25.592 0.073146
208.153 25.3021 0.07785 0.0017426 208.26 25.592 0.073146
208.246 25.2802 0.0794109 0.000254315 208.26 25.592 0.073146
208.153 25.3021 0.07785 0.0017426 208.26 25.592 0.073146
208.153 25.3021 0.07785 0.0017426 208.26 25.592 0.073146
208.294 25.307 0.070762 0.000217511 208.26 25.592 0.073146
208.153 25.3021 0.07785 0.0017426 208.26 25.592 0.073146
208.246 25.2802 0.0794109 0.000254315 208.26 25.592 0.073146
208.153 25.3021 0.07785 0.0017426 208.26 25.592 0.073146
208.153 25.3021 0.07785 0.0017426 208.26 25.592 0.073146
208.153 25.3021 0.07785 0.0017426 208.26 25.592 0.073146
208.153 25.3021 0.07785 0.0017426 208.26 25.592 0.073146
208.294 25.307 0.070762 0.000217511 208.26 25.592 0.073146
208.246 25.2802 0.0794109 0.000254315 208.26 25.592 0.073146
208.251 25.5032 0.0699831 0.000177205 208.26 25.592 0.073146
208.153 25.3021 0.07785 0.0017426 208.26 25.592 0.073146
208.153 25.3021 0.07785 0.0017426 208.26 25.592 0.073146
208.246 25.2802 0.0794109 0.000254315 208.26 25.592 0.073146
208.246 25.2802 0.0794109 0.000254315 208.26 25.592 0.073146
208.153 25.3021 0.07785 0.0017426 208.26 25.592 0.073146
208.266 25.2706 0.0740988 0.000456352 208.26 25.592 0.073146
208.246 25.2802 0.0794109 0.000254315 208.26 25.592 0.073146
208.153 25.3021 0.07785 0.0017426 208.26 25.592 0.073146
208.153 25.3021 0.07785 0.0017426 208.26 25.592 0.073146
208.153 25.3021 0.07785 0.0017426 208.26 25.592 0.073146
208.294 25.307 0.070762 0.000217511 208.26 25.592 0.073146
208.153 25.3021 0.07785 0.0017426 208.26 25.592 0.073146
208.153 25.3021 0.07785 0.0017426 208.26 25.592 0.073146
208.266 25.2706 0.0740988 0.000456352 208.26 25.592 0.073146
208.321 25.5653 0.0761872 4.10212e-05 208.26 25.592 0.073146
208.266 25.2706 0.0740988 0.000456352 208.26 25.592 0.073146
208.266 25.2706 0.0740988 0.000456352 208.26 25.592 0.073146
208.153 25.3021 0.07785 0.0017426 208.26 25.592 0.073146
208.153 25.3021 0.07785 0.0017426 208.26 25.592 0.073146
208.333 25.6722 0.0741273 4.57004e-06 208.26 25.592 0.073146
208.251 25.5032 0.0699831 0.000177205 208.26 25.592 0.073146
208.153 25.3021 0.07785 0.0017426 208.26 25.592 0.073146
208.153 25.3021 0.07785 0.0017426 208.26 25.592 0.073146
208.266 25.2706 0.0740988 0.000456352 208.26 25.592 0.073146
208.153 25.3021 0.07785 0.0017426 208.26 25.592 0.073146
208.365 25.5468 0.0728787 2.27164e-05 208.26 25.592 0.073146
208.153 25.3021 0.07785 0.0017426 208.26 25.592 0.073146
208.153 25.3021 0.07785 0.0017426 208.26 25.592 0.073146
208.266 25.2706 0.0740988 0.000456352 208.26 25.592 0.073146
208.266 25.2706 0.0740988 0.000456352 208.26 25.592 0.073146
208.153 25.3021 0.07785 0.0017426 208.26 25.592 0.073146
208.246 25.2802 0.0794109 0.000254315 208.26 25.592 0.073146
208.153 25.3021 0.07785 0.0017426 208.26 25.592 0.073146
208.153 25.3021 0.07785 0.0017426 208.26 25.592 0.073146
208.246 25.2802 0.0794109 0.000254315 208.26 25.592 0.073146
208.153 25.3021 0.07785 0.0017426 208.26 25.592 0.073146
208.266 25.2706 0.0740988 0.000456352 208.26 25.592 0.073146
208.086 25.0529 0.0776654 7.32206e-05 208.26 25.592 0.073146
208.266 25.2706 0.0740988 0.000456352 208.26 25.592 0.073146
208.153 25.3021 0.07785 0.0017426 208.26 25.592 0.073146
208.251 25.5032 0.0699831 0.000177205 208.26 25.592 0.073146
208.294 25.307 0.070762 0.000217511 208.26 25.592 0.073146
208.266 25.2706 0.0740988 0.000456352 208.26 25.592 0.073146
208.246 25.2802 0.0794109 0.000254315 208.26 25.592 0.073146
208.246 25.2802 0.0794109 0.000254315 208.26 25.592 0.073146
208.086 25.0529 0.0776654 7.32206e-05 208.26 25.592 0.073146
208.153 25.3021 0.07785 0.0017426 208.26 25.592 0.073146
208.153 25.3021 0.07785 0.0017426 208.26 25.592 0.073146
208.153 25.3021 0.07785 0.0017426 208.26 25.592 0.073146
208.574 25.4296 0.0751422 6.1214e-08 208.26 25.592 0.073146
208.153 25.3021 0.07785 0.0017426 208.26 25.592 0.073146
208.246 25.2802 0.0794109 0.000254315 208.26 25.592 0.073146
208.153 25.3021 0.07785 0.0017426 208.26 25.592 0.073146
208.153 25.3021 0.07785 0.0017426 208.26 25.592 0.073146
208.266 25.2706 0.0740988 0.000456352 208.26 25.592 0.073146
208.153 25.3021 0.07785 0.0017426 208.26 25.592 0.073146
208.266 25.2706 0.0740988 0.000456352 208.26 25.592 0.073146
208.266 25.2706 0.0740988 0.000456352 208.26 25.592 0.073146
208.153 25.3021 0.07785 0.0017426 208.26 25.592 0.073146
208.153 25.3021 0.07785 0.0017426 208.26 25.592 0.073146
208.153 25.3021 0.07785 0.0017426 208.26 25.592 0.073146
208.251 25.5032 0.0699831 0.000177205 208.26 25.592 0.073146
208.153 25.3021 0.07785 0.0017426 208.26 25.592 0.073146
208.251 25.5032 0.0699831 0.000177205 208.26 25.592 0.073146
208.294 25.307 0.070762 0.000217511 208.26 25.592 0.073146
208.153 25.3021 0.07785 0.0017426 208.26 25.592 0.073146
208.153 25.3021 0.07785 0.0017426 208.26 25.592 0.073146
208.153 25.3021 0.07785 0.0017426 208.26 25.592 0.073146
208.153 25.3021 0.07785 0.0017426 208.26 25.592 0.073146
208.266 25.2706 0.0740988 0.000456352 208.26 25.592 0.073146
208.294 25.307 0.070762 0.000217511 208.26 25.592 0.073146
208.153 25.3021 0.07785 0.0017426 208.26 25.592 0.073146
208.266 25.2706 0.0740988 0.000456352 208.26 25.592 0.073146
208.153 25.3021 0.07785 0.0017426 208.26 25.592 0.073146
208.153 25.3021 0.07785 0.0017426 208.26 25.592 0.073146
208.321 25.5653 0.0761872 4.10212e-05 208.26 25.592 0.073146
208.294 25.307 0.070762 0.000217511 208.26 25.592 0.073146
208.153 25.3021 0.07785 0.0017426 208.26 25.592 0.073146
208.246 25.2802 0.0794109 0.000254315 208.26 25.592 0.073146
208.153 25.3021 0.07785 0.0017426 208.26 25.592 0.073146
208.153 25.3021 0.07785 0.0017426 208.26 25.592 0.073146
208.153 25.3021 0.07785 0.0017426 208.26 25.592 0.073146
208.153 25.3021 0.07785 0.0017426 208.26 25.592 0.073146
208.086 25.0529 0.0776654 7.32206e-05 208.26 25.592 0.073146
208.153 25.3021 0.07785 0.0017426 208.26 25.592 0.073146
208.153 25.3021 0.07785 0.0017426 208.26 25.592 0.073146
208.153 25.3021 0.07785 0.0017426 208.26 25.592 0.073146
208.153 25.3021 0.07785 0.0017426 208.26 25.592 0.073146
208.251 25.5032 0.0699831 0.000177205 208.26 25.592 0.073146
208.266 25.2706 0.0740988 0.000456352 208.26 25.592 0.073146
208.266 25.2706 0.0740988 0.000456352 208.26 25.592 0.073146
208.153 25.3021 0.07785 0.0017426 208.26 25.592 0.073146
208.266 25.2706 0.0740988 0.000456352 208.26 25.592 0.073146
208.086 25.0529 0.0776654 7.32206e-05 208.26 25.592 0.073146
208.153 25.3021 0.07785 0.0017426 208.26 25.592 0.073146
208.294 25.307 0.070762 0.000217511 208.26 25.592 0.073146
208.153 25.3021 0.07785 0.0017426 208.26 25.592 0.073146
208.153 25.3021 0.07785 0.0017426 208.26 25.592 0.073146
208.266 25.2706 0.0740988 0.000456352 208.26 25.592 0.073146
208.153 25.3021 0.07785 0.0017426 208.26 25.592 0.073146
208.266 25.2706 0.0740988 0.000456352 208.26 25.592 0.073146
208.294 25.307 0.070762 0.000217511 208.26 25.592 0.073146
208.153 25.3021 0.07785 0.0017426 208.26 25.592 0.073146
208.246 25.2802 0.0794109 0.000254315 208.26 25.592 0.073146
208.153 25.3021 0.07785 0.0017426 208.26 25.592 0.073146
208.153 25.3021 0.07785 0.0017426 208.26 25.592 0.073146
208.153 25.3021 0.07785 0.0017426 208.26 25.592 0.073146
208.153 25.3021 0.07785 0.0017426 208.26 25.592 0.073146
208.266 25.2706 0.0740988 0.000456352 208.26 25.592 0.073146
208.246 25.2802 0.0794109 0.000254315 208.26 25.592 0.073146
208.153 25.3021 0.07785 0.0017426 208.26 25.592 0.073146
208.153 25.3021 0.07785 0.0017426 208.26 25.592 0.073146
208.153 25.3021 0.07785 0.0017426 208.26 25.592 0.073146
208.246 25.2802 0.0794109 0.000254315 208.26 25.592 0.073146
208.153 25.3021 0.07785 0.0017426 208.26 25.592 0.073146
208.153 25.3021 0.07785 0.0017426 208.26 25.592 0.073146
208.153 25.3021 0.07785 0.0017426 208.26 25.592 0.073146
208.153 25.3021 0.07785 0.0017426 208.26 25.592 0.073146
