65.9023 14.9892 0.0949913 0.0707451 65.782 15.044 0.10377
65.5961 15.2175 0.104984 0.0211016 65.782 15.044 0.10377
65.9023 14.9892 0.0949913 0.0707451 65.782 15.044 0.10377
65.9023 14.9892 0.0949913 0.0707451 65.782 15.044 0.10377
65.9023 14.9892 0.0949913 0.0707451 65.782 15.044 0.10377
65.9023 14.9892 0.0949913 0.0707451 65.782 15.044 0.10377
65.6293 14.9845 0.0988255 0.0445842 65.782 15.044 0.10377
65.9231 15.2181 0.103397 0.0444318 65.782 15.044 0.10377
66.0971 14.9883 0.0957106 0.0162271 65.782 15.044 0.10377
65.8109 15.2848 0.109555 0.00588505 65.782 15.044 0.10377
65.9023 14.9892 0.0949913 0.0707451 65.782 15.044 0.10377
65.5828 14.9859 0.104696 0.0208501 65.782 15.044 0.10377
65.9231 15.2181 0.103397 0.0444318 65.782 15.044 0.10377
65.86 14.863 0.100161 0.0284305 65.782 15.044 0.10377
65.7973 14.928 0.114482 0.00140991 65.782 15.044 0.10377
65.9023 14.9892 0.0949913 0.0707451 65.782 15.044 0.10377
65.6054 15.4023 0.0956687 0.0114989 65.782 15.044 0.10377
65.7041 14.8089 0.112122 0.00146789 65.782 15.044 0.10377
65.9231 15.2181 0.103397 0.0444318 65.782 15.044 0.10377
65.9882 15.2948 0.105005 0.010353 65.782 15.044 0.10377
65.7335 14.9891 0.11495 0.00151898 65.782 15.044 0.10377
65.86 14.863 0.100161 0.0284305 65.782 15.044 0.10377
65.635 15.2822 0.108535 0.00638431 65.782 15.044 0.10377
65.7954 15.1955 0.10668 0.0319587 65.782 15.044 0.10377
66.0092 14.8693 0.0987282 0.0137218 65.782 15.044 0.10377
65.8345 15.1217 0.110244 0.0109252 65.782 15.044 0.10377
65.9405 15.2092 0.108775 0.00763834 65.782 15.044 0.10377
65.6918 14.5877 0.105809 0.000156648 65.782 15.044 0.10377
65.9121 14.7835 0.104903 0.00510837 65.782 15.044 0.10377
65.9231 15.2181 0.103397 0.0444318 65.782 15.044 0.10377
65.8345 15.1217 0.110244 0.0109252 65.782 15.044 0.10377
65.9231 15.2181 0.103397 0.0444318 65.782 15.044 0.10377
65.7155 14.7066 0.104745 0.00204032 65.782 15.044 0.10377
65.6056 14.8584 0.0937603 0.00574095 65.782 15.044 0.10377
65.6293 14.9845 0.0988255 0.0445842 65.782 15.044 0.10377
65.6293 14.9845 0.0988255 0.0445842 65.782 15.044 0.10377
65.6293 14.9845 0.0988255 0.0445842 65.782 15.044 0.10377
65.7954 15.1955 0.10668 0.0319587 65.782 15.044 0.10377
65.8345 15.1217 0.110244 0.0109252 65.782 15.044 0.10377
65.86 14.863 0.100161 0.0284305 65.782 15.044 0.10377
65.9023 14.9892 0.0949913 0.0707451 65.782 15.044 0.10377
65.7954 15.1955 0.10668 0.0319587 65.782 15.044 0.10377
65.7496 15.0918 0.0831049 0.00416436 65.782 15.044 0.10377
65.7531 14.7304 0.0962046 0.00312166 65.782 15.044 0.10377
65.7412 14.8099 0.106901 0.00706363 65.782 15.044 0.10377
65.7155 14.7066 0.104745 0.00204032 65.782 15.044 0.10377
65.9231 15.2181 0.103397 0.0444318 65.782 15.044 0.10377
65.7954 15.1955 0.10668 0.0319587 65.782 15.044 0.10377
65.5961 15.2175 0.104984 0.0211016 65.782 15.044 0.10377
65.9231 15.2181 0.103397 0.0444318 65.782 15.044 0.10377
65.9023 14.9892 0.0949913 0.0707451 65.782 15.044 0.10377
65.6054 15.4023 0.0956687 0.0114989 65.782 15.044 0.10377
65.6293 14.9845 0.0988255 0.0445842 65.782 15.044 0.10377
65.945 15.0858 0.10759 0.0165679 65.782 15.044 0.10377
65.9023 14.9892 0.0949913 0.0707451 65.782 15.044 0.10377
65.9023 14.9892 0.0949913 0.0707451 65.782 15.044 0.10377
65.5961 15.2175 0.104984 0.0211016 65.782 15.044 0.10377
65.9231 15.2181 0.103397 0.0444318 65.782 15.044 0.10377
65.9023 14.9892 0.0949913 0.0707451 65.782 15.044 0.10377
65.6293 14.9845 0.0988255 0.0445842 65.782 15.044 0.10377
66.1015 14.8326 0.10057 0.00286267 65.782 15.044 0.10377
65.9231 15.2181 0.103397 0.0444318 65.782 15.044 0.10377
65.9023 14.9892 0.0949913 0.0707451 65.782 15.044 0.10377
65.9231 15.2181 0.103397 0.0444318 65.782 15.044 0.10377
65.7335 14.9891 0.11495 0.00151898 65.782 15.044 0.10377
65.4504 14.8341 0.102731 0.00136604 65.782 15.044 0.10377
65.7973 14.928 0.114482 0.00140991 65.782 15.044 0.10377
65.9231 15.2181 0.103397 0.0444318 65.782 15.044 0.10377
65.5846 15.0818 0.111598 0.00401691 65.782 15.044 0.10377
65.945 15.0858 0.10759 0.0165679 65.782 15.044 0.10377
65.6293 14.9845 0.0988255 0.0445842 65.782 15.044 0.10377
65.635 15.2822 0.108535 0.00638431 65.782 15.044 0.10377
65.7954 15.1955 0.10668 0.0319587 65.782 15.044 0.10377
65.86 14.863 0.100161 0.0284305 65.782 15.044 0.10377
65.4504 14.8341 0.102731 0.00136604 65.782 15.044 0.10377
65.9023 14.9892 0.0949913 0.0707451 65.782 15.044 0.10377
65.9023 14.9892 0.0949913 0.0707451 65.782 15.044 0.10377
65.86 14.863 0.100161 0.0284305 65.782 15.044 0.10377
65.6585 14.8006 0.106433 0.00520069 65.782 15.044 0.10377
65.6293 14.9845 0.0988255 0.0445842 65.782 15.044 0.10377
65.9882 15.2948 0.105005 0.010353 65.782 15.044 0.10377
65.6054 15.4023 0.0956687 0.0114989 65.782 15.044 0.10377
65.8345 15.1217 0.110244 0.0109252 65.782 15.044 0.10377
65.7954 15.1955 0.10668 0.0319587 65.782 15.044 0.10377
65.6293 14.9845 0.0988255 0.0445842 65.782 15.044 0.10377
65.9231 15.2181 0.103397 0.0444318 65.782 15.044 0.10377
65.7155 14.7066 0.104745 0.00204032 65.782 15.044 0.10377
65.9023 14.9892 0.0949913 0.0707451 65.782 15.044 0.10377
65.5828 14.9859 0.104696 0.0208501 65.782 15.044 0.10377
65.5828 14.9859 0.104696 0.0208501 65.782 15.044 0.10377
65.6293 14.9845 0.0988255 0.0445842 65.782 15.044 0.10377
65.7954 15.1955 0.10668 0.0319587 65.782 15.044 0.10377
65.9023 14.9892 0.0949913 0.0707451 65.782 15.044 0.10377
65.9405 15.2092 0.108775 0.00763834 65.782 15.044 0.10377
65.9023 14.9892 0.0949913 0.0707451 65.782 15.044 0.10377
65.9025 15.1929 0.0816233 0.00428876 65.782 15.044 0.10377
65.6293 14.9845 0.0988255 0.0445842 65.782 15.044 0.10377
65.6293 14.9845 0.0988255 0.0445842 65.782 15.044 0.10377
66.0092 14.8693 0.0987282 0.0137218 65.782 15.044 0.10377
65.4462 14.9025 0.114139 0.000214298 65.782 15.044 0.10377
66.0971 14.9883 0.0957106 0.0162271 65.782 15.044 0.10377
66.0971 14.9883 0.0957106 0.0162271 65.782 15.044 0.10377
65.6532 15.4398 0.106335 0.00211182 65.782 15.044 0.10377
65.9231 15.2181 0.103397 0.0444318 65.782 15.044 0.10377
65.9023 14.9892 0.0949913 0.0707451 65.782 15.044 0.10377
65.9405 15.2092 0.108775 0.00763834 65.782 15.044 0.10377
65.9231 15.2181 0.103397 0.0444318 65.782 15.044 0.10377
65.9023 14.9892 0.0949913 0.0707451 65.782 15.044 0.10377
65.7041 14.8089 0.112122 0.00146789 65.782 15.044 0.10377
65.9023 14.9892 0.0949913 0.0707451 65.782 15.044 0.10377
65.6054 15.4023 0.0956687 0.0114989 65.782 15.044 0.10377
65.86 14.863 0.100161 0.0284305 65.782 15.044 0.10377
65.6293 14.9845 0.0988255 0.0445842 65.782 15.044 0.10377
65.5828 14.9859 0.104696 0.0208501 65.782 15.044 0.10377
65.7954 15.1955 0.10668 0.0319587 65.782 15.044 0.10377
65.5961 15.2175 0.104984 0.0211016 65.782 15.044 0.10377
65.6585 14.8006 0.106433 0.00520069 65.782 15.044 0.10377
65.7954 15.1955 0.10668 0.0319587 65.782 15.044 0.10377
65.4612 14.9442 0.104292 0.00413285 65.782 15.044 0.10377
65.945 15.0858 0.10759 0.0165679 65.782 15.044 0.10377
65.9023 14.9892 0.0949913 0.0707451 65.782 15.044 0.10377
65.5846 15.0818 0.111598 0.00401691 65.782 15.044 0.10377
65.9023 14.9892 0.0949913 0.0707451 65.782 15.044 0.10377
65.7412 14.8099 0.106901 0.00706363 65.782 15.044 0.10377
65.9231 15.2181 0.103397 0.0444318 65.782 15.044 0.10377
65.6293 14.9845 0.0988255 0.0445842 65.782 15.044 0.10377
65.9231 15.2181 0.103397 0.0444318 65.782 15.044 0.10377
65.5828 14.9859 0.104696 0.0208501 65.782 15.044 0.10377
65.9405 15.2092 0.108775 0.00763834 65.782 15.044 0.10377
65.5961 15.2175 0.104984 0.0211016 65.782 15.044 0.10377
65.5828 14.9859 0.104696 0.0208501 65.782 15.044 0.10377
65.6819 14.7889 0.109971 0.00219128 65.782 15.044 0.10377
65.9231 15.2181 0.103397 0.0444318 65.782 15.044 0.10377
65.9231 15.2181 0.103397 0.0444318 65.782 15.044 0.10377
65.6293 14.9845 0.0988255 0.0445842 65.782 15.044 0.10377
65.6936 14.8443 0.107881 0.00746604 65.782 15.044 0.10377
65.7041 14.8089 0.112122 0.00146789 65.782 15.044 0.10377
65.5828 14.9859 0.104696 0.0208501 65.782 15.044 0.10377
65.9882 15.2948 0.105005 0.010353 65.782 15.044 0.10377
65.9231 15.2181 0.103397 0.0444318 65.782 15.044 0.10377
65.9231 15.2181 0.103397 0.0444318 65.782 15.044 0.10377
65.6293 14.9845 0.0988255 0.0445842 65.782 15.044 0.10377
65.9231 15.2181 0.103397 0.0444318 65.782 15.044 0.10377
65.9231 15.2181 0.103397 0.0444318 65.782 15.044 0.10377
65.6293 14.9845 0.0988255 0.0445842 65.782 15.044 0.10377
65.6532 15.4398 0.106335 0.00211182 65.782 15.044 0.10377
65.9023 14.9892 0.0949913 0.0707451 65.782 15.044 0.10377
65.5696 15.1516 0.112112 0.00243505 65.782 15.044 0.10377
65.9882 15.2948 0.105005 0.010353 65.782 15.044 0.10377
65.9023 14.9892 0.0949913 0.0707451 65.782 15.044 0.10377
65.6054 15.4023 0.0956687 0.0114989 65.782 15.044 0.10377
65.9023 14.9892 0.0949913 0.0707451 65.782 15.044 0.10377
66.0092 14.8693 0.0987282 0.0137218 65.782 15.044 0.10377
66.0971 14.9883 0.0957106 0.0162271 65.782 15.044 0.10377
65.9023 14.9892 0.0949913 0.0707451 65.782 15.044 0.10377
65.9231 15.2181 0.103397 0.0444318 65.782 15.044 0.10377
65.945 15.0858 0.10759 0.0165679 65.782 15.044 0.10377
65.86 14.863 0.100161 0.0284305 65.782 15.044 0.10377
65.4612 14.9442 0.104292 0.00413285 65.782 15.044 0.10377
65.7531 14.7304 0.0962046 0.00312166 65.782 15.044 0.10377
65.4612 14.9442 0.104292 0.00413285 65.782 15.044 0.10377
65.9231 15.2181 0.103397 0.0444318 65.782 15.044 0.10377
65.7041 14.8089 0.112122 0.00146789 65.782 15.044 0.10377
65.7954 15.1955 0.10668 0.0319587 65.782 15.044 0.10377
65.6293 14.9845 0.0988255 0.0445842 65.782 15.044 0.10377
65.6293 14.9845 0.0988255 0.0445842 65.782 15.044 0.10377
65.9405 15.2092 0.108775 0.00763834 65.782 15.044 0.10377
65.5828 14.9859 0.104696 0.0208501 65.782 15.044 0.10377
65.4286 15.0558 0.0953007 0.00357493 65.782 15.044 0.10377
65.6056 14.8584 0.0937603 0.00574095 65.782 15.044 0.10377
65.6293 14.9845 0.0988255 0.0445842 65.782 15.044 0.10377
65.7496 15.0918 0.0831049 0.00416436 65.782 15.044 0.10377
65.9121 14.7835 0.104903 0.00510837 65.782 15.044 0.10377
65.9023 14.9892 0.0949913 0.0707451 65.782 15.044 0.10377
65.6532 15.4398 0.106335 0.00211182 65.782 15.044 0.10377
66.0092 14.8693 0.0987282 0.0137218 65.782 15.044 0.10377
65.6585 14.8006 0.106433 0.00520069 65.782 15.044 0.10377
65.4612 14.9442 0.104292 0.00413285 65.782 15.044 0.10377
65.6293 14.9845 0.0988255 0.0445842 65.782 15.044 0.10377
65.7155 14.7066 0.104745 0.00204032 65.782 15.044 0.10377
65.5828 14.9859 0.104696 0.0208501 65.782 15.044 0.10377
65.5961 15.2175 0.104984 0.0211016 65.782 15.044 0.10377
65.86 14.863 0.100161 0.0284305 65.782 15.044 0.10377
65.6585 14.8006 0.106433 0.00520069 65.782 15.044 0.10377
65.6293 14.9845 0.0988255 0.0445842 65.782 15.044 0.10377
65.6293 14.9845 0.0988255 0.0445842 65.782 15.044 0.10377
65.9231 15.2181 0.103397 0.0444318 65.782 15.044 0.10377
65.5828 14.9859 0.104696 0.0208501 65.782 15.044 0.10377
65.5961 15.2175 0.104984 0.0211016 65.782 15.044 0.10377
65.86 14.863 0.100161 0.0284305 65.782 15.044 0.10377
65.9231 15.2181 0.103397 0.0444318 65.782 15.044 0.10377
65.5828 14.9859 0.104696 0.0208501 65.782 15.044 0.10377
65.7954 15.1955 0.10668 0.0319587 65.782 15.044 0.10377
65.86 14.863 0.100161 0.0284305 65.782 15.044 0.10377
66.0092 14.8693 0.0987282 0.0137218 65.782 15.044 0.10377
65.9231 15.2181 0.103397 0.0444318 65.782 15.044 0.10377
65.7954 15.1955 0.10668 0.0319587 65.782 15.044 0.10377
65.5961 15.2175 0.104984 0.0211016 65.782 15.044 0.10377
65.9023 14.9892 0.0949913 0.0707451 65.782 15.044 0.10377
66.0092 14.8693 0.0987282 0.0137218 65.782 15.044 0.10377
