238.428 -15.9291 2.89256 0.0329695 238.46 -16.011 2.8891
238.156 -16.0449 2.8863 0.331881 238.46 -16.011 2.8891
238.12 -16.0092 2.8873 0.222258 238.46 -16.011 2.8891
238.156 -16.0449 2.8863 0.331881 238.46 -16.011 2.8891
238.12 -16.0092 2.8873 0.222258 238.46 -16.011 2.8891
238.377 -16.0545 2.89357 0.0673643 238.46 -16.011 2.8891
238.12 -16.0092 2.8873 0.222258 238.46 -16.011 2.8891
238.233 -15.8801 2.88608 0.0959851 238.46 -16.011 2.8891
238.12 -16.0092 2.8873 0.222258 238.46 -16.011 2.8891
238.486 -15.991 2.89279 0.0371379 238.46 -16.011 2.8891
238.156 -16.0449 2.8863 0.331881 238.46 -16.011 2.8891
238.12 -16.0092 2.8873 0.222258 238.46 -16.011 2.8891
238.486 -15.991 2.89279 0.0371379 238.46 -16.011 2.8891
238.37 -15.7428 2.89085 0.00206136 238.46 -16.011 2.8891
238.486 -15.991 2.89279 0.0371379 238.46 -16.011 2.8891
238.156 -16.0449 2.8863 0.331881 238.46 -16.011 2.8891
238.454 -16.1839 2.88584 0.00984667 238.46 -16.011 2.8891
238.233 -15.8801 2.88608 0.0959851 238.46 -16.011 2.8891
238.198 -16.2046 2.88903 0.138579 238.46 -16.011 2.8891
238.428 -15.9291 2.89256 0.0329695 238.46 -16.011 2.8891
238.12 -16.0092 2.8873 0.222258 238.46 -16.011 2.8891
238.233 -15.8801 2.88608 0.0959851 238.46 -16.011 2.8891
238.233 -15.8801 2.88608 0.0959851 238.46 -16.011 2.8891
238.12 -16.0092 2.8873 0.222258 238.46 -16.011 2.8891
238.156 -16.0449 2.8863 0.331881 238.46 -16.011 2.8891
238.12 -16.0092 2.8873 0.222258 238.46 -16.011 2.8891
238.489 -15.9415 2.89565 0.00616233 238.46 -16.011 2.8891
238.12 -16.0092 2.8873 0.222258 238.46 -16.011 2.8891
238.12 -16.0092 2.8873 0.222258 238.46 -16.011 2.8891
238.344 -16.3753 2.89138 0.00700103 238.46 -16.011 2.8891
238.156 -16.0449 2.8863 0.331881 238.46 -16.011 2.8891
238.377 -16.0545 2.89357 0.0673643 238.46 -16.011 2.8891
238.513 -15.863 2.89102 0.00655753 238.46 -16.011 2.8891
238.156 -16.0449 2.8863 0.331881 238.46 -16.011 2.8891
238.486 -15.991 2.89279 0.0371379 238.46 -16.011 2.8891
238.377 -16.0545 2.89357 0.0673643 238.46 -16.011 2.8891
238.321 -16.1219 2.88095 0.00349782 238.46 -16.011 2.8891
238.463 -15.9245 2.88928 0.0301238 238.46 -16.011 2.8891
238.121 -16.2964 2.88578 0.0298173 238.46 -16.011 2.8891
237.975 -16.1812 2.88308 0.0399698 238.46 -16.011 2.8891
238.156 -16.0449 2.8863 0.331881 238.46 -16.011 2.8891
238.156 -16.0449 2.8863 0.331881 238.46 -16.011 2.8891
238.198 -16.2046 2.88903 0.138579 238.46 -16.011 2.8891
238.198 -16.2046 2.88903 0.138579 238.46 -16.011 2.8891
238.12 -16.0092 2.8873 0.222258 238.46 -16.011 2.8891
238.07 -16.0273 2.89065 0.0238751 238.46 -16.011 2.8891
238.156 -16.0449 2.8863 0.331881 238.46 -16.011 2.8891
238.156 -16.0449 2.8863 0.331881 238.46 -16.011 2.8891
238.198 -16.2046 2.88903 0.138579 238.46 -16.011 2.8891
238.463 -15.9245 2.88928 0.0301238 238.46 -16.011 2.8891
238.523 -16.1188 2.88902 0.0214348 238.46 -16.011 2.8891
238.198 -16.2046 2.88903 0.138579 238.46 -16.011 2.8891
238.486 -15.991 2.89279 0.0371379 238.46 -16.011 2.8891
238.12 -16.0092 2.8873 0.222258 238.46 -16.011 2.8891
238.12 -16.0092 2.8873 0.222258 238.46 -16.011 2.8891
238.198 -16.2046 2.88903 0.138579 238.46 -16.011 2.8891
238.368 -15.8207 2.8855 0.00910256 238.46 -16.011 2.8891
238.233 -15.8801 2.88608 0.0959851 238.46 -16.011 2.8891
238.12 -16.0092 2.8873 0.222258 238.46 -16.011 2.8891
238.233 -15.8801 2.88608 0.0959851 238.46 -16.011 2.8891
238.428 -15.9291 2.89256 0.0329695 238.46 -16.011 2.8891
238.486 -15.991 2.89279 0.0371379 238.46 -16.011 2.8891
238.463 -15.9245 2.88928 0.0301238 238.46 -16.011 2.8891
238.156 -16.0449 2.8863 0.331881 238.46 -16.011 2.8891
238.156 -16.0449 2.8863 0.331881 238.46 -16.011 2.8891
238.12 -16.0092 2.8873 0.222258 238.46 -16.011 2.8891
238.523 -16.1188 2.88902 0.0214348 238.46 -16.011 2.8891
238.486 -15.991 2.89279 0.0371379 238.46 -16.011 2.8891
238.368 -15.8207 2.8855 0.00910256 238.46 -16.011 2.8891
238.233 -15.8801 2.88608 0.0959851 238.46 -16.011 2.8891
238.156 -16.0449 2.8863 0.331881 238.46 -16.011 2.8891
238.156 -16.0449 2.8863 0.331881 238.46 -16.011 2.8891
238.12 -16.0092 2.8873 0.222258 238.46 -16.011 2.8891
238.233 -15.8801 2.88608 0.0959851 238.46 -16.011 2.8891
238.198 -16.2046 2.88903 0.138579 238.46 -16.011 2.8891
238.12 -16.0092 2.8873 0.222258 238.46 -16.011 2.8891
238.469 -16.0585 2.90012 0.000288322 238.46 -16.011 2.8891
238.12 -16.0092 2.8873 0.222258 238.46 -16.011 2.8891
238.233 -15.8801 2.88608 0.0959851 238.46 -16.011 2.8891
238.156 -16.0449 2.8863 0.331881 238.46 -16.011 2.8891
238.156 -16.0449 2.8863 0.331881 238.46 -16.011 2.8891
238.198 -16.2046 2.88903 0.138579 238.46 -16.011 2.8891
238.156 -16.0449 2.8863 0.331881 238.46 -16.011 2.8891
238.198 -16.2046 2.88903 0.138579 238.46 -16.011 2.8891
238.156 -16.0449 2.8863 0.331881 238.46 -16.011 2.8891
238.12 -16.0092 2.8873 0.222258 238.46 -16.011 2.8891
238.428 -15.9291 2.89256 0.0329695 238.46 -16.011 2.8891
238.377 -16.0545 2.89357 0.0673643 238.46 -16.011 2.8891
238.233 -15.8801 2.88608 0.0959851 238.46 -16.011 2.8891
238.198 -16.2046 2.88903 0.138579 238.46 -16.011 2.8891
238.321 -16.1219 2.88095 0.00349782 238.46 -16.011 2.8891
238.12 -16.0092 2.8873 0.222258 238.46 -16.011 2.8891
238.198 -16.2046 2.88903 0.138579 238.46 -16.011 2.8891
238.121 -16.2964 2.88578 0.0298173 238.46 -16.011 2.8891
238.12 -16.0092 2.8873 0.222258 238.46 -16.011 2.8891
238.156 -16.0449 2.8863 0.331881 238.46 -16.011 2.8891
238.156 -16.0449 2.8863 0.331881 238.46 -16.011 2.8891
238.377 -16.0545 2.89357 0.0673643 238.46 -16.011 2.8891
238.198 -16.2046 2.88903 0.138579 238.46 -16.011 2.8891
238.233 -15.8801 2.88608 0.0959851 238.46 -16.011 2.8891
238.523 -16.1188 2.88902 0.0214348 238.46 -16.011 2.8891
238.156 -16.0449 2.8863 0.331881 238.46 -16.011 2.8891
238.156 -16.0449 2.8863 0.331881 238.46 -16.011 2.8891
238.377 -16.0545 2.89357 0.0673643 238.46 -16.011 2.8891
238.156 -16.0449 2.8863 0.331881 238.46 -16.011 2.8891
238.156 -16.0449 2.8863 0.331881 238.46 -16.011 2.8891
238.344 -16.3753 2.89138 0.00700103 238.46 -16.011 2.8891
238.37 -15.7428 2.89085 0.00206136 238.46 -16.011 2.8891
238.233 -15.8801 2.88608 0.0959851 238.46 -16.011 2.8891
238.198 -16.2046 2.88903 0.138579 238.46 -16.011 2.8891
238.156 -16.0449 2.8863 0.331881 238.46 -16.011 2.8891
238.156 -16.0449 2.8863 0.331881 238.46 -16.011 2.8891
238.233 -15.8801 2.88608 0.0959851 238.46 -16.011 2.8891
238.198 -16.2046 2.88903 0.138579 238.46 -16.011 2.8891
238.156 -16.0449 2.8863 0.331881 238.46 -16.011 2.8891
237.975 -16.1812 2.88308 0.0399698 238.46 -16.011 2.8891
238.293 -16.4266 2.89342 0.000901754 238.46 -16.011 2.8891
238.12 -16.0092 2.8873 0.222258 238.46 -16.011 2.8891
238.12 -16.0092 2.8873 0.222258 238.46 -16.011 2.8891
238.428 -15.9291 2.89256 0.0329695 238.46 -16.011 2.8891
238.12 -16.0092 2.8873 0.222258 238.46 -16.011 2.8891
238.233 -15.8801 2.88608 0.0959851 238.46 -16.011 2.8891
238.233 -15.8801 2.88608 0.0959851 238.46 -16.011 2.8891
238.198 -16.2046 2.88903 0.138579 238.46 -16.011 2.8891
238.12 -16.0092 2.8873 0.222258 238.46 -16.011 2.8891
238.156 -16.0449 2.8863 0.331881 238.46 -16.011 2.8891
238.523 -16.1188 2.88902 0.0214348 238.46 -16.011 2.8891
238.121 -16.2964 2.88578 0.0298173 238.46 -16.011 2.8891
238.07 -16.0273 2.89065 0.0238751 238.46 -16.011 2.8891
237.88 -16.0099 2.88375 0.0195109 238.46 -16.011 2.8891
238.698 -16.1213 2.89367 0.00137779 238.46 -16.011 2.8891
238.289 -16.1638 2.89497 0.0156105 238.46 -16.011 2.8891
237.975 -16.1812 2.88308 0.0399698 238.46 -16.011 2.8891
238.156 -16.0449 2.8863 0.331881 238.46 -16.011 2.8891
238.156 -16.0449 2.8863 0.331881 238.46 -16.011 2.8891
238.156 -16.0449 2.8863 0.331881 238.46 -16.011 2.8891
238.428 -15.9291 2.89256 0.0329695 238.46 -16.011 2.8891
238.12 -16.0092 2.8873 0.222258 238.46 -16.011 2.8891
238.156 -16.0449 2.8863 0.331881 238.46 -16.011 2.8891
238.377 -16.0545 2.89357 0.0673643 238.46 -16.011 2.8891
238.12 -16.0092 2.8873 0.222258 238.46 -16.011 2.8891
238.233 -15.8801 2.88608 0.0959851 238.46 -16.011 2.8891
238.156 -16.0449 2.8863 0.331881 238.46 -16.011 2.8891
238.121 -16.2964 2.88578 0.0298173 238.46 -16.011 2.8891
238.156 -16.0449 2.8863 0.331881 238.46 -16.011 2.8891
238.233 -15.8801 2.88608 0.0959851 238.46 -16.011 2.8891
238.12 -16.0092 2.8873 0.222258 238.46 -16.011 2.8891
238.524 -16.0955 2.89089 0.0361411 238.46 -16.011 2.8891
238.12 -16.0092 2.8873 0.222258 238.46 -16.011 2.8891
238.233 -15.8801 2.88608 0.0959851 238.46 -16.011 2.8891
238.198 -16.2046 2.88903 0.138579 238.46 -16.011 2.8891
238.121 -16.2964 2.88578 0.0298173 238.46 -16.011 2.8891
238.198 -16.2046 2.88903 0.138579 238.46 -16.011 2.8891
237.975 -16.1812 2.88308 0.0399698 238.46 -16.011 2.8891
238.156 -16.0449 2.8863 0.331881 238.46 -16.011 2.8891
238.321 -16.1219 2.88095 0.00349782 238.46 -16.011 2.8891
238.198 -16.2046 2.88903 0.138579 238.46 -16.011 2.8891
238.198 -16.2046 2.88903 0.138579 238.46 -16.011 2.8891
238.12 -16.0092 2.8873 0.222258 238.46 -16.011 2.8891
238.552 -16.045 2.89661 0.0061687 238.46 -16.011 2.8891
238.156 -16.0449 2.8863 0.331881 238.46 -16.011 2.8891
238.233 -15.8801 2.88608 0.0959851 238.46 -16.011 2.8891
238.198 -16.2046 2.88903 0.138579 238.46 -16.011 2.8891
238.156 -16.0449 2.8863 0.331881 238.46 -16.011 2.8891
238.289 -16.1638 2.89497 0.0156105 238.46 -16.011 2.8891
238.463 -15.9245 2.88928 0.0301238 238.46 -16.011 2.8891
238.156 -16.0449 2.8863 0.331881 238.46 -16.011 2.8891
238.691 -16.0251 2.89611 0.00105395 238.46 -16.011 2.8891
238.368 -15.8207 2.8855 0.00910256 238.46 -16.011 2.8891
238.12 -16.0092 2.8873 0.222258 238.46 -16.011 2.8891
238.156 -16.0449 2.8863 0.331881 238.46 -16.011 2.8891
238.377 -16.0545 2.89357 0.0673643 238.46 -16.011 2.8891
238.198 -16.2046 2.88903 0.138579 238.46 -16.011 2.8891
238.07 -16.0273 2.89065 0.0238751 238.46 -16.011 2.8891
238.156 -16.0449 2.8863 0.331881 238.46 -16.011 2.8891
238.321 -16.1219 2.88095 0.00349782 238.46 -16.011 2.8891
238.244 -15.8459 2.88151 0.00833497 238.46 -16.011 2.8891
238.156 -16.0449 2.8863 0.331881 238.46 -16.011 2.8891
238.156 -16.0449 2.8863 0.331881 238.46 -16.011 2.8891
238.293 -16.4266 2.89342 0.000901754 238.46 -16.011 2.8891
238.377 -16.0545 2.89357 0.0673643 238.46 -16.011 2.8891
238.198 -16.2046 2.88903 0.138579 238.46 -16.011 2.8891
238.156 -16.0449 2.8863 0.331881 238.46 -16.011 2.8891
238.513 -15.863 2.89102 0.00655753 238.46 -16.011 2.8891
238.486 -15.991 2.89279 0.0371379 238.46 -16.011 2.8891
238.156 -16.0449 2.8863 0.331881 238.46 -16.011 2.8891
238.12 -16.0092 2.8873 0.222258 238.46 -16.011 2.8891
238.198 -16.2046 2.88903 0.138579 238.46 -16.011 2.8891
238.198 -16.2046 2.88903 0.138579 238.46 -16.011 2.8891
238.156 -16.0449 2.8863 0.331881 238.46 -16.011 2.8891
238.198 -16.2046 2.88903 0.138579 238.46 -16.011 2.8891
238.156 -16.0449 2.8863 0.331881 238.46 -16.011 2.8891
238.12 -16.0092 2.8873 0.222258 238.46 -16.011 2.8891
238.198 -16.2046 2.88903 0.138579 238.46 -16.011 2.8891
238.198 -16.2046 2.88903 0.138579 238.46 -16.011 2.8891
238.12 -16.0092 2.8873 0.222258 238.46 -16.011 2.8891
238.156 -16.0449 2.8863 0.331881 238.46 -16.011 2.8891
238.156 -16.0449 2.8863 0.331881 238.46 -16.011 2.8891
238.198 -16.2046 2.88903 0.138579 238.46 -16.011 2.8891
238.377 -16.0545 2.89357 0.0673643 238.46 -16.011 2.8891
