-34.5186 -23.4287 1.12913 0.00369215 -34.373 -23.656 1.1342
-34.5669 -23.6254 1.13869 0.00732562 -34.373 -23.656 1.1342
-34.6706 -23.4025 1.13743 0.00313132 -34.373 -23.656 1.1342
-34.6706 -23.4025 1.13743 0.00313132 -34.373 -23.656 1.1342
-34.5669 -23.6254 1.13869 0.00732562 -34.373 -23.656 1.1342
-34.7535 -23.807 1.14149 0.000687696 -34.373 -23.656 1.1342
-34.6463 -23.6621 1.13644 0.00697124 -34.373 -23.656 1.1342
-34.4305 -23.5958 1.13392 0.0035318 -34.373 -23.656 1.1342
-34.5813 -23.4959 1.13284 0.0101358 -34.373 -23.656 1.1342
-34.6463 -23.6621 1.13644 0.00697124 -34.373 -23.656 1.1342
-34.6463 -23.6621 1.13644 0.00697124 -34.373 -23.656 1.1342
-34.5813 -23.4959 1.13284 0.0101358 -34.373 -23.656 1.1342
-34.5813 -23.4959 1.13284 0.0101358 -34.373 -23.656 1.1342
-34.4602 -23.4691 1.1385 0.00200001 -34.373 -23.656 1.1342
-34.5813 -23.4959 1.13284 0.0101358 -34.373 -23.656 1.1342
-34.5813 -23.4959 1.13284 0.0101358 -34.373 -23.656 1.1342
-34.5059 -23.6914 1.13257 0.00186162 -34.373 -23.656 1.1342
-34.5813 -23.4959 1.13284 0.0101358 -34.373 -23.656 1.1342
-34.5186 -23.4287 1.12913 0.00369215 -34.373 -23.656 1.1342
-34.5669 -23.6254 1.13869 0.00732562 -34.373 -23.656 1.1342
-34.5669 -23.6254 1.13869 0.00732562 -34.373 -23.656 1.1342
-34.5813 -23.4959 1.13284 0.0101358 -34.373 -23.656 1.1342
-34.7028 -23.6611 1.13888 0.0052856 -34.373 -23.656 1.1342
-34.5813 -23.4959 1.13284 0.0101358 -34.373 -23.656 1.1342
-34.4417 -23.1252 1.12567 3.32458e-05 -34.373 -23.656 1.1342
-34.7296 -23.3498 1.1347 0.00164345 -34.373 -23.656 1.1342
-34.5669 -23.6254 1.13869 0.00732562 -34.373 -23.656 1.1342
-34.6316 -23.415 1.13108 0.00522049 -34.373 -23.656 1.1342
-34.4283 -23.4879 1.1357 0.00345872 -34.373 -23.656 1.1342
-34.6316 -23.415 1.13108 0.00522049 -34.373 -23.656 1.1342
-34.6316 -23.415 1.13108 0.00522049 -34.373 -23.656 1.1342
-34.4283 -23.4879 1.1357 0.00345872 -34.373 -23.656 1.1342
-34.5669 -23.6254 1.13869 0.00732562 -34.373 -23.656 1.1342
-34.8091 -23.6045 1.13358 0.00110908 -34.373 -23.656 1.1342
-34.6316 -23.415 1.13108 0.00522049 -34.373 -23.656 1.1342
-34.4305 -23.5958 1.13392 0.0035318 -34.373 -23.656 1.1342
-34.5813 -23.4959 1.13284 0.0101358 -34.373 -23.656 1.1342
-34.5186 -23.4287 1.12913 0.00369215 -34.373 -23.656 1.1342
-34.7445 -23.75 1.1438 0.000776486 -34.373 -23.656 1.1342
-34.4602 -23.4691 1.1385 0.00200001 -34.373 -23.656 1.1342
-34.5669 -23.6254 1.13869 0.00732562 -34.373 -23.656 1.1342
-34.6706 -23.4025 1.13743 0.00313132 -34.373 -23.656 1.1342
-34.5813 -23.4959 1.13284 0.0101358 -34.373 -23.656 1.1342
-34.6463 -23.6621 1.13644 0.00697124 -34.373 -23.656 1.1342
-34.4112 -23.8009 1.13994 0.000232323 -34.373 -23.656 1.1342
-34.4305 -23.5958 1.13392 0.0035318 -34.373 -23.656 1.1342
-34.4305 -23.5958 1.13392 0.0035318 -34.373 -23.656 1.1342
-34.5935 -23.537 1.13952 0.0058782 -34.373 -23.656 1.1342
-34.5291 -23.7186 1.13779 0.00341671 -34.373 -23.656 1.1342
-34.5186 -23.4287 1.12913 0.00369215 -34.373 -23.656 1.1342
-34.5813 -23.4959 1.13284 0.0101358 -34.373 -23.656 1.1342
-34.6316 -23.415 1.13108 0.00522049 -34.373 -23.656 1.1342
-34.6817 -23.5104 1.12784 0.000830554 -34.373 -23.656 1.1342
-34.5291 -23.7186 1.13779 0.00341671 -34.373 -23.656 1.1342
-34.7296 -23.3498 1.1347 0.00164345 -34.373 -23.656 1.1342
-34.3494 -23.696 1.13721 0.000406952 -34.373 -23.656 1.1342
-34.5813 -23.4959 1.13284 0.0101358 -34.373 -23.656 1.1342
-34.5935 -23.537 1.13952 0.0058782 -34.373 -23.656 1.1342
-34.4602 -23.4691 1.1385 0.00200001 -34.373 -23.656 1.1342
-34.7028 -23.6611 1.13888 0.0052856 -34.373 -23.656 1.1342
-34.7296 -23.3498 1.1347 0.00164345 -34.373 -23.656 1.1342
-34.9672 -23.7337 1.14089 4.04326e-05 -34.373 -23.656 1.1342
-34.5669 -23.6254 1.13869 0.00732562 -34.373 -23.656 1.1342
-34.4413 -23.7269 1.14227 0.000423586 -34.373 -23.656 1.1342
-34.5935 -23.537 1.13952 0.0058782 -34.373 -23.656 1.1342
-34.7028 -23.6611 1.13888 0.0052856 -34.373 -23.656 1.1342
-34.5669 -23.6254 1.13869 0.00732562 -34.373 -23.656 1.1342
-34.5669 -23.6254 1.13869 0.00732562 -34.373 -23.656 1.1342
-34.5813 -23.4959 1.13284 0.0101358 -34.373 -23.656 1.1342
-34.7028 -23.6611 1.13888 0.0052856 -34.373 -23.656 1.1342
-34.6463 -23.6621 1.13644 0.00697124 -34.373 -23.656 1.1342
-34.7296 -23.3498 1.1347 0.00164345 -34.373 -23.656 1.1342
-34.6706 -23.4025 1.13743 0.00313132 -34.373 -23.656 1.1342
-34.5669 -23.6254 1.13869 0.00732562 -34.373 -23.656 1.1342
-34.6463 -23.6621 1.13644 0.00697124 -34.373 -23.656 1.1342
-34.6316 -23.415 1.13108 0.00522049 -34.373 -23.656 1.1342
-34.5935 -23.537 1.13952 0.0058782 -34.373 -23.656 1.1342
-34.6463 -23.6621 1.13644 0.00697124 -34.373 -23.656 1.1342
-34.4237 -23.403 1.13833 0.000613031 -34.373 -23.656 1.1342
-34.4283 -23.4879 1.1357 0.00345872 -34.373 -23.656 1.1342
-34.5935 -23.537 1.13952 0.0058782 -34.373 -23.656 1.1342
-34.5669 -23.6254 1.13869 0.00732562 -34.373 -23.656 1.1342
-34.6463 -23.6621 1.13644 0.00697124 -34.373 -23.656 1.1342
-34.5669 -23.6254 1.13869 0.00732562 -34.373 -23.656 1.1342
-34.5813 -23.4959 1.13284 0.0101358 -34.373 -23.656 1.1342
-34.5186 -23.4287 1.12913 0.00369215 -34.373 -23.656 1.1342
-34.5059 -23.6914 1.13257 0.00186162 -34.373 -23.656 1.1342
-34.4305 -23.5958 1.13392 0.0035318 -34.373 -23.656 1.1342
-34.5813 -23.4959 1.13284 0.0101358 -34.373 -23.656 1.1342
-34.5813 -23.4959 1.13284 0.0101358 -34.373 -23.656 1.1342
-34.5669 -23.6254 1.13869 0.00732562 -34.373 -23.656 1.1342
-34.6706 -23.4025 1.13743 0.00313132 -34.373 -23.656 1.1342
-34.6463 -23.6621 1.13644 0.00697124 -34.373 -23.656 1.1342
-34.8091 -23.6045 1.13358 0.00110908 -34.373 -23.656 1.1342
-34.4993 -23.3622 1.13718 0.00136606 -34.373 -23.656 1.1342
-34.5813 -23.4959 1.13284 0.0101358 -34.373 -23.656 1.1342
-34.601 -23.7467 1.13176 0.000570019 -34.373 -23.656 1.1342
-34.6316 -23.415 1.13108 0.00522049 -34.373 -23.656 1.1342
-34.4993 -23.3622 1.13718 0.00136606 -34.373 -23.656 1.1342
-34.5935 -23.537 1.13952 0.0058782 -34.373 -23.656 1.1342
-34.8406 -23.6316 1.13189 0.000229315 -34.373 -23.656 1.1342
-34.5186 -23.4287 1.12913 0.00369215 -34.373 -23.656 1.1342
-34.5291 -23.7186 1.13779 0.00341671 -34.373 -23.656 1.1342
-34.5669 -23.6254 1.13869 0.00732562 -34.373 -23.656 1.1342
-34.8091 -23.6045 1.13358 0.00110908 -34.373 -23.656 1.1342
-34.5813 -23.4959 1.13284 0.0101358 -34.373 -23.656 1.1342
-34.5669 -23.6254 1.13869 0.00732562 -34.373 -23.656 1.1342
-34.6316 -23.415 1.13108 0.00522049 -34.373 -23.656 1.1342
-34.4417 -23.1252 1.12567 3.32458e-05 -34.373 -23.656 1.1342
-34.6706 -23.4025 1.13743 0.00313132 -34.373 -23.656 1.1342
-34.5669 -23.6254 1.13869 0.00732562 -34.373 -23.656 1.1342
-34.5291 -23.7186 1.13779 0.00341671 -34.373 -23.656 1.1342
-34.6463 -23.6621 1.13644 0.00697124 -34.373 -23.656 1.1342
-34.5059 -23.6914 1.13257 0.00186162 -34.373 -23.656 1.1342
-34.5669 -23.6254 1.13869 0.00732562 -34.373 -23.656 1.1342
-34.5813 -23.4959 1.13284 0.0101358 -34.373 -23.656 1.1342
-34.7535 -23.807 1.14149 0.000687696 -34.373 -23.656 1.1342
-34.6463 -23.6621 1.13644 0.00697124 -34.373 -23.656 1.1342
-34.5291 -23.7186 1.13779 0.00341671 -34.373 -23.656 1.1342
-34.6817 -23.5104 1.12784 0.000830554 -34.373 -23.656 1.1342
-34.5813 -23.4959 1.13284 0.0101358 -34.373 -23.656 1.1342
-34.7028 -23.6611 1.13888 0.0052856 -34.373 -23.656 1.1342
-34.4602 -23.4691 1.1385 0.00200001 -34.373 -23.656 1.1342
-34.7028 -23.6611 1.13888 0.0052856 -34.373 -23.656 1.1342
-34.5186 -23.4287 1.12913 0.00369215 -34.373 -23.656 1.1342
-34.5813 -23.4959 1.13284 0.0101358 -34.373 -23.656 1.1342
-34.5669 -23.6254 1.13869 0.00732562 -34.373 -23.656 1.1342
-34.5813 -23.4959 1.13284 0.0101358 -34.373 -23.656 1.1342
-34.5291 -23.7186 1.13779 0.00341671 -34.373 -23.656 1.1342
-34.7535 -23.807 1.14149 0.000687696 -34.373 -23.656 1.1342
-34.7445 -23.75 1.1438 0.000776486 -34.373 -23.656 1.1342
-34.5186 -23.4287 1.12913 0.00369215 -34.373 -23.656 1.1342
-34.6706 -23.4025 1.13743 0.00313132 -34.373 -23.656 1.1342
-34.5669 -23.6254 1.13869 0.00732562 -34.373 -23.656 1.1342
-34.8091 -23.6045 1.13358 0.00110908 -34.373 -23.656 1.1342
-34.6316 -23.415 1.13108 0.00522049 -34.373 -23.656 1.1342
-34.4237 -23.403 1.13833 0.000613031 -34.373 -23.656 1.1342
-34.4283 -23.4879 1.1357 0.00345872 -34.373 -23.656 1.1342
-34.5669 -23.6254 1.13869 0.00732562 -34.373 -23.656 1.1342
-34.7028 -23.6611 1.13888 0.0052856 -34.373 -23.656 1.1342
-34.5813 -23.4959 1.13284 0.0101358 -34.373 -23.656 1.1342
-34.5669 -23.6254 1.13869 0.00732562 -34.373 -23.656 1.1342
-34.4305 -23.5958 1.13392 0.0035318 -34.373 -23.656 1.1342
-34.5813 -23.4959 1.13284 0.0101358 -34.373 -23.656 1.1342
-34.5813 -23.4959 1.13284 0.0101358 -34.373 -23.656 1.1342
-34.5669 -23.6254 1.13869 0.00732562 -34.373 -23.656 1.1342
-34.4305 -23.5958 1.13392 0.0035318 -34.373 -23.656 1.1342
-34.5669 -23.6254 1.13869 0.00732562 -34.373 -23.656 1.1342
-34.6463 -23.6621 1.13644 0.00697124 -34.373 -23.656 1.1342
-34.6706 -23.4025 1.13743 0.00313132 -34.373 -23.656 1.1342
-34.5186 -23.4287 1.12913 0.00369215 -34.373 -23.656 1.1342
-34.5059 -23.6914 1.13257 0.00186162 -34.373 -23.656 1.1342
-34.5291 -23.7186 1.13779 0.00341671 -34.373 -23.656 1.1342
-34.5935 -23.537 1.13952 0.0058782 -34.373 -23.656 1.1342
-34.5669 -23.6254 1.13869 0.00732562 -34.373 -23.656 1.1342
-34.6463 -23.6621 1.13644 0.00697124 -34.373 -23.656 1.1342
-34.5291 -23.7186 1.13779 0.00341671 -34.373 -23.656 1.1342
-34.6706 -23.4025 1.13743 0.00313132 -34.373 -23.656 1.1342
-34.6316 -23.415 1.13108 0.00522049 -34.373 -23.656 1.1342
-34.6463 -23.6621 1.13644 0.00697124 -34.373 -23.656 1.1342
-34.7028 -23.6611 1.13888 0.0052856 -34.373 -23.656 1.1342
-34.5669 -23.6254 1.13869 0.00732562 -34.373 -23.656 1.1342
-34.7028 -23.6611 1.13888 0.0052856 -34.373 -23.656 1.1342
-34.5059 -23.6914 1.13257 0.00186162 -34.373 -23.656 1.1342
-34.4283 -23.4879 1.1357 0.00345872 -34.373 -23.656 1.1342
-34.5669 -23.6254 1.13869 0.00732562 -34.373 -23.656 1.1342
-34.5813 -23.4959 1.13284 0.0101358 -34.373 -23.656 1.1342
-34.6316 -23.415 1.13108 0.00522049 -34.373 -23.656 1.1342
-34.5813 -23.4959 1.13284 0.0101358 -34.373 -23.656 1.1342
-34.6463 -23.6621 1.13644 0.00697124 -34.373 -23.656 1.1342
-34.6316 -23.415 1.13108 0.00522049 -34.373 -23.656 1.1342
-34.6463 -23.6621 1.13644 0.00697124 -34.373 -23.656 1.1342
-34.5669 -23.6254 1.13869 0.00732562 -34.373 -23.656 1.1342
-34.7028 -23.6611 1.13888 0.0052856 -34.373 -23.656 1.1342
-34.5669 -23.6254 1.13869 0.00732562 -34.373 -23.656 1.1342
-34.5291 -23.7186 1.13779 0.00341671 -34.373 -23.656 1.1342
-34.5813 -23.4959 1.13284 0.0101358 -34.373 -23.656 1.1342
-34.6316 -23.415 1.13108 0.00522049 -34.373 -23.656 1.1342
-34.5813 -23.4959 1.13284 0.0101358 -34.373 -23.656 1.1342
-34.5813 -23.4959 1.13284 0.0101358 -34.373 -23.656 1.1342
-34.5813 -23.4959 1.13284 0.0101358 -34.373 -23.656 1.1342
-34.8508 -23.7052 1.14735 5.15481e-05 -34.373 -23.656 1.1342
-34.5935 -23.537 1.13952 0.0058782 -34.373 -23.656 1.1342
-34.4305 -23.5958 1.13392 0.0035318 -34.373 -23.656 1.1342
-34.4602 -23.4691 1.1385 0.00200001 -34.373 -23.656 1.1342
-34.5291 -23.7186 1.13779 0.00341671 -34.373 -23.656 1.1342
-34.6463 -23.6621 1.13644 0.00697124 -34.373 -23.656 1.1342
-34.6463 -23.6621 1.13644 0.00697124 -34.373 -23.656 1.1342
-34.4602 -23.4691 1.1385 0.00200001 -34.373 -23.656 1.1342
-34.6463 -23.6621 1.13644 0.00697124 -34.373 -23.656 1.1342
-34.4283 -23.4879 1.1357 0.00345872 -34.373 -23.656 1.1342
-34.5186 -23.4287 1.12913 0.00369215 -34.373 -23.656 1.1342
-34.5935 -23.537 1.13952 0.0058782 -34.373 -23.656 1.1342
-34.5813 -23.4959 1.13284 0.0101358 -34.373 -23.656 1.1342
-34.8091 -23.6045 1.13358 0.00110908 -34.373 -23.656 1.1342
-34.6316 -23.415 1.13108 0.00522049 -34.373 -23.656 1.1342
-34.5813 -23.4959 1.13284 0.0101358 -34.373 -23.656 1.1342
-34.6463 -23.6621 1.13644 0.00697124 -34.373 -23.656 1.1342
-34.601 -23.7467 1.13176 0.000570019 -34.373 -23.656 1.1342
-34.5719 -23.9274 1.13921 9.60185e-05 -34.373 -23.656 1.1342
