-37.2733 -69.491 1.92546 0.881961 -36.98 -69.661 1.9275
-37.1629 -69.6353 1.93711 0.363451 -36.98 -69.661 1.9275
-37.2063 -69.6415 1.92568 1.3148 -36.98 -69.661 1.9275
-37.2381 -69.6978 1.92739 1.81375 -36.98 -69.661 1.9275
-37.4901 -69.667 1.92127 0.169192 -36.98 -69.661 1.9275
-36.9748 -69.555 1.93327 0.266708 -36.98 -69.661 1.9275
-37.2063 -69.6415 1.92568 1.3148 -36.98 -69.661 1.9275
-37.2381 -69.6978 1.92739 1.81375 -36.98 -69.661 1.9275
-36.9865 -69.6381 1.93156 0.535342 -36.98 -69.661 1.9275
-37.3324 -69.659 1.92272 0.615724 -36.98 -69.661 1.9275
-37.2859 -69.6133 1.91931 0.128327 -36.98 -69.661 1.9275
-36.9683 -69.6643 1.93912 0.109053 -36.98 -69.661 1.9275
-36.9865 -69.6381 1.93156 0.535342 -36.98 -69.661 1.9275
-37.3134 -69.6706 1.93026 1.68316 -36.98 -69.661 1.9275
-37.1629 -69.6353 1.93711 0.363451 -36.98 -69.661 1.9275
-37.1942 -69.4307 1.93075 0.364736 -36.98 -69.661 1.9275
-37.2381 -69.6978 1.92739 1.81375 -36.98 -69.661 1.9275
-37.1629 -69.6353 1.93711 0.363451 -36.98 -69.661 1.9275
-37.1277 -69.7657 1.92253 0.102071 -36.98 -69.661 1.9275
-36.9748 -69.555 1.93327 0.266708 -36.98 -69.661 1.9275
-37.4935 -69.4041 1.91699 0.0215321 -36.98 -69.661 1.9275
-37.2063 -69.6415 1.92568 1.3148 -36.98 -69.661 1.9275
-37.2063 -69.6415 1.92568 1.3148 -36.98 -69.661 1.9275
-37.3044 -69.7748 1.93304 0.940682 -36.98 -69.661 1.9275
-37.1629 -69.6353 1.93711 0.363451 -36.98 -69.661 1.9275
-37.1277 -69.7657 1.92253 0.102071 -36.98 -69.661 1.9275
-37.1629 -69.6353 1.93711 0.363451 -36.98 -69.661 1.9275
-36.967 -69.655 1.93325 0.43856 -36.98 -69.661 1.9275
-36.8765 -69.7935 1.94287 0.0131195 -36.98 -69.661 1.9275
-37.2381 -69.6978 1.92739 1.81375 -36.98 -69.661 1.9275
-37.3324 -69.659 1.92272 0.615724 -36.98 -69.661 1.9275
-37.2063 -69.6415 1.92568 1.3148 -36.98 -69.661 1.9275
-37.1672 -69.5306 1.92858 1.18536 -36.98 -69.661 1.9275
-37.2381 -69.6978 1.92739 1.81375 -36.98 -69.661 1.9275
-36.9748 -69.555 1.93327 0.266708 -36.98 -69.661 1.9275
-37.2381 -69.6978 1.92739 1.81375 -36.98 -69.661 1.9275
-37.3134 -69.6706 1.93026 1.68316 -36.98 -69.661 1.9275
-37.3044 -69.7748 1.93304 0.940682 -36.98 -69.661 1.9275
-37.0711 -69.6752 1.92781 0.8385 -36.98 -69.661 1.9275
-37.3324 -69.659 1.92272 0.615724 -36.98 -69.661 1.9275
-37.1672 -69.5306 1.92858 1.18536 -36.98 -69.661 1.9275
-37.3324 -69.659 1.92272 0.615724 -36.98 -69.661 1.9275
-37.3134 -69.6706 1.93026 1.68316 -36.98 -69.661 1.9275
-36.967 -69.655 1.93325 0.43856 -36.98 -69.661 1.9275
-37.2381 -69.6978 1.92739 1.81375 -36.98 -69.661 1.9275
-37.1277 -69.7657 1.92253 0.102071 -36.98 -69.661 1.9275
-37.2063 -69.6415 1.92568 1.3148 -36.98 -69.661 1.9275
-37.0711 -69.6752 1.92781 0.8385 -36.98 -69.661 1.9275
-37.2012 -69.9799 1.93039 0.175726 -36.98 -69.661 1.9275
-37.2681 -69.5026 1.92751 1.10418 -36.98 -69.661 1.9275
-37.2381 -69.6978 1.92739 1.81375 -36.98 -69.661 1.9275
-37.4413 -69.6254 1.93167 0.334095 -36.98 -69.661 1.9275
-37.3134 -69.6706 1.93026 1.68316 -36.98 -69.661 1.9275
-37.2012 -69.9799 1.93039 0.175726 -36.98 -69.661 1.9275
-37.2381 -69.6978 1.92739 1.81375 -36.98 -69.661 1.9275
-37.2353 -69.7634 1.92702 1.23224 -36.98 -69.661 1.9275
-36.9613 -69.7556 1.93497 0.388 -36.98 -69.661 1.9275
-37.0711 -69.6752 1.92781 0.8385 -36.98 -69.661 1.9275
-36.9865 -69.6381 1.93156 0.535342 -36.98 -69.661 1.9275
-37.3071 -69.5897 1.92154 0.440525 -36.98 -69.661 1.9275
-37.2681 -69.5026 1.92751 1.10418 -36.98 -69.661 1.9275
-37.3134 -69.6706 1.93026 1.68316 -36.98 -69.661 1.9275
-37.4385 -69.9438 1.93223 0.0629962 -36.98 -69.661 1.9275
-37.2681 -69.5026 1.92751 1.10418 -36.98 -69.661 1.9275
-37.3444 -69.3098 1.91834 0.0201368 -36.98 -69.661 1.9275
-37.0075 -69.8288 1.93122 0.414678 -36.98 -69.661 1.9275
-37.2646 -70.0296 1.93175 0.0756664 -36.98 -69.661 1.9275
-37.2381 -69.6978 1.92739 1.81375 -36.98 -69.661 1.9275
-37.2353 -69.7634 1.92702 1.23224 -36.98 -69.661 1.9275
-37.0711 -69.6752 1.92781 0.8385 -36.98 -69.661 1.9275
-37.2381 -69.6978 1.92739 1.81375 -36.98 -69.661 1.9275
-37.2889 -69.8857 1.92229 0.0512819 -36.98 -69.661 1.9275
-37.2381 -69.6978 1.92739 1.81375 -36.98 -69.661 1.9275
-37.2681 -69.5026 1.92751 1.10418 -36.98 -69.661 1.9275
-37.3324 -69.659 1.92272 0.615724 -36.98 -69.661 1.9275
-37.3134 -69.6706 1.93026 1.68316 -36.98 -69.661 1.9275
-36.9865 -69.6381 1.93156 0.535342 -36.98 -69.661 1.9275
-37.2733 -69.491 1.92546 0.881961 -36.98 -69.661 1.9275
-37.4717 -69.6119 1.92458 0.487728 -36.98 -69.661 1.9275
-37.2353 -69.7634 1.92702 1.23224 -36.98 -69.661 1.9275
-37.2353 -69.7634 1.92702 1.23224 -36.98 -69.661 1.9275
-37.2012 -69.9799 1.93039 0.175726 -36.98 -69.661 1.9275
-36.9865 -69.6381 1.93156 0.535342 -36.98 -69.661 1.9275
-37.1028 -69.5662 1.92309 0.224947 -36.98 -69.661 1.9275
-37.3134 -69.6706 1.93026 1.68316 -36.98 -69.661 1.9275
-37.3134 -69.6706 1.93026 1.68316 -36.98 -69.661 1.9275
-36.967 -69.655 1.93325 0.43856 -36.98 -69.661 1.9275
-37.3134 -69.6706 1.93026 1.68316 -36.98 -69.661 1.9275
-37.2063 -69.6415 1.92568 1.3148 -36.98 -69.661 1.9275
-37.2381 -69.6978 1.92739 1.81375 -36.98 -69.661 1.9275
-37.1942 -69.4307 1.93075 0.364736 -36.98 -69.661 1.9275
-36.9613 -69.7556 1.93497 0.388 -36.98 -69.661 1.9275
-37.2381 -69.6978 1.92739 1.81375 -36.98 -69.661 1.9275
-37.2733 -69.491 1.92546 0.881961 -36.98 -69.661 1.9275
-37.2381 -69.6978 1.92739 1.81375 -36.98 -69.661 1.9275
-37.3134 -69.6706 1.93026 1.68316 -36.98 -69.661 1.9275
-37.2381 -69.6978 1.92739 1.81375 -36.98 -69.661 1.9275
-37.3044 -69.7748 1.93304 0.940682 -36.98 -69.661 1.9275
-37.3044 -69.7748 1.93304 0.940682 -36.98 -69.661 1.9275
-37.3044 -69.7748 1.93304 0.940682 -36.98 -69.661 1.9275
-37.2381 -69.6978 1.92739 1.81375 -36.98 -69.661 1.9275
-37.1672 -69.5306 1.92858 1.18536 -36.98 -69.661 1.9275
-37.2127 -69.53 1.93239 0.800085 -36.98 -69.661 1.9275
-36.9163 -69.741 1.92963 0.138337 -36.98 -69.661 1.9275
-37.2381 -69.6978 1.92739 1.81375 -36.98 -69.661 1.9275
-37.3071 -69.5897 1.92154 0.440525 -36.98 -69.661 1.9275
-37.2681 -69.5026 1.92751 1.10418 -36.98 -69.661 1.9275
-37.1629 -69.6353 1.93711 0.363451 -36.98 -69.661 1.9275
-37.3134 -69.6706 1.93026 1.68316 -36.98 -69.661 1.9275
-37.2063 -69.6415 1.92568 1.3148 -36.98 -69.661 1.9275
-37.2127 -69.53 1.93239 0.800085 -36.98 -69.661 1.9275
-36.9865 -69.6381 1.93156 0.535342 -36.98 -69.661 1.9275
-37.0711 -69.6752 1.92781 0.8385 -36.98 -69.661 1.9275
-37.2681 -69.5026 1.92751 1.10418 -36.98 -69.661 1.9275
-37.2063 -69.6415 1.92568 1.3148 -36.98 -69.661 1.9275
-37.3304 -69.88 1.92148 0.0369131 -36.98 -69.661 1.9275
-37.0116 -69.8488 1.94376 0.0154949 -36.98 -69.661 1.9275
-37.2063 -69.6415 1.92568 1.3148 -36.98 -69.661 1.9275
-37.2733 -69.491 1.92546 0.881961 -36.98 -69.661 1.9275
-37.1672 -69.5306 1.92858 1.18536 -36.98 -69.661 1.9275
-36.9865 -69.6381 1.93156 0.535342 -36.98 -69.661 1.9275
-37.3428 -69.3508 1.92321 0.139896 -36.98 -69.661 1.9275
-37.2962 -69.3355 1.92297 0.110398 -36.98 -69.661 1.9275
-37.2127 -69.53 1.93239 0.800085 -36.98 -69.661 1.9275
-37.2733 -69.491 1.92546 0.881961 -36.98 -69.661 1.9275
-37.2063 -69.6415 1.92568 1.3148 -36.98 -69.661 1.9275
-36.9777 -69.6742 1.92465 0.0720035 -36.98 -69.661 1.9275
-37.2681 -69.5026 1.92751 1.10418 -36.98 -69.661 1.9275
-37.0711 -69.6752 1.92781 0.8385 -36.98 -69.661 1.9275
-37.3044 -69.7748 1.93304 0.940682 -36.98 -69.661 1.9275
-37.1672 -69.5306 1.92858 1.18536 -36.98 -69.661 1.9275
-37.1672 -69.5306 1.92858 1.18536 -36.98 -69.661 1.9275
-37.2353 -69.7634 1.92702 1.23224 -36.98 -69.661 1.9275
-37.2381 -69.6978 1.92739 1.81375 -36.98 -69.661 1.9275
-37.2063 -69.6415 1.92568 1.3148 -36.98 -69.661 1.9275
-37.1672 -69.5306 1.92858 1.18536 -36.98 -69.661 1.9275
-37.1672 -69.5306 1.92858 1.18536 -36.98 -69.661 1.9275
-37.1672 -69.5306 1.92858 1.18536 -36.98 -69.661 1.9275
-37.2353 -69.7634 1.92702 1.23224 -36.98 -69.661 1.9275
-37.1028 -69.5662 1.92309 0.224947 -36.98 -69.661 1.9275
-37.3134 -69.6706 1.93026 1.68316 -36.98 -69.661 1.9275
-36.967 -69.655 1.93325 0.43856 -36.98 -69.661 1.9275
-37.2063 -69.6415 1.92568 1.3148 -36.98 -69.661 1.9275
-37.0711 -69.6752 1.92781 0.8385 -36.98 -69.661 1.9275
-36.967 -69.655 1.93325 0.43856 -36.98 -69.661 1.9275
-37.3134 -69.6706 1.93026 1.68316 -36.98 -69.661 1.9275
-36.9163 -69.741 1.92963 0.138337 -36.98 -69.661 1.9275
-36.9865 -69.6381 1.93156 0.535342 -36.98 -69.661 1.9275
-37.2681 -69.5026 1.92751 1.10418 -36.98 -69.661 1.9275
-36.9613 -69.7556 1.93497 0.388 -36.98 -69.661 1.9275
-37.1629 -69.6353 1.93711 0.363451 -36.98 -69.661 1.9275
-37.2381 -69.6978 1.92739 1.81375 -36.98 -69.661 1.9275
-37.0711 -69.6752 1.92781 0.8385 -36.98 -69.661 1.9275
-37.2353 -69.7634 1.92702 1.23224 -36.98 -69.661 1.9275
-37.3134 -69.6706 1.93026 1.68316 -36.98 -69.661 1.9275
-37.3134 -69.6706 1.93026 1.68316 -36.98 -69.661 1.9275
-36.9748 -69.555 1.93327 0.266708 -36.98 -69.661 1.9275
-37.1672 -69.5306 1.92858 1.18536 -36.98 -69.661 1.9275
-37.2381 -69.6978 1.92739 1.81375 -36.98 -69.661 1.9275
-37.2012 -69.9799 1.93039 0.175726 -36.98 -69.661 1.9275
-36.967 -69.655 1.93325 0.43856 -36.98 -69.661 1.9275
-37.2353 -69.7634 1.92702 1.23224 -36.98 -69.661 1.9275
-37.4141 -69.2918 1.92475 0.0426816 -36.98 -69.661 1.9275
-37.2353 -69.7634 1.92702 1.23224 -36.98 -69.661 1.9275
-37.0794 -69.6151 1.92107 0.0546594 -36.98 -69.661 1.9275
-37.1629 -69.6353 1.93711 0.363451 -36.98 -69.661 1.9275
-37.2012 -69.9799 1.93039 0.175726 -36.98 -69.661 1.9275
-37.3071 -69.5897 1.92154 0.440525 -36.98 -69.661 1.9275
-37.1672 -69.5306 1.92858 1.18536 -36.98 -69.661 1.9275
-37.2681 -69.5026 1.92751 1.10418 -36.98 -69.661 1.9275
-37.1028 -69.5662 1.92309 0.224947 -36.98 -69.661 1.9275
-37.0022 -69.7981 1.93768 0.297658 -36.98 -69.661 1.9275
-37.1672 -69.5306 1.92858 1.18536 -36.98 -69.661 1.9275
-37.4901 -69.667 1.92127 0.169192 -36.98 -69.661 1.9275
-36.967 -69.655 1.93325 0.43856 -36.98 -69.661 1.9275
-37.2127 -69.53 1.93239 0.800085 -36.98 -69.661 1.9275
-37.2012 -69.9799 1.93039 0.175726 -36.98 -69.661 1.9275
-37.2859 -69.6133 1.91931 0.128327 -36.98 -69.661 1.9275
-37.0711 -69.6752 1.92781 0.8385 -36.98 -69.661 1.9275
-37.0711 -69.6752 1.92781 0.8385 -36.98 -69.661 1.9275
-37.1942 -69.4307 1.93075 0.364736 -36.98 -69.661 1.9275
-37.2063 -69.6415 1.92568 1.3148 -36.98 -69.661 1.9275
-37.2381 -69.6978 1.92739 1.81375 -36.98 -69.661 1.9275
-37.2681 -69.5026 1.92751 1.10418 -36.98 -69.661 1.9275
-37.2063 -69.6415 1.92568 1.3148 -36.98 -69.661 1.9275
-37.2063 -69.6415 1.92568 1.3148 -36.98 -69.661 1.9275
-37.3134 -69.6706 1.93026 1.68316 -36.98 -69.661 1.9275
-37.2063 -69.6415 1.92568 1.3148 -36.98 -69.661 1.9275
-37.2353 -69.7634 1.92702 1.23224 -36.98 -69.661 1.9275
-37.2859 -69.6133 1.91931 0.128327 -36.98 -69.661 1.9275
-37.4717 -69.6119 1.92458 0.487728 -36.98 -69.661 1.9275
-37.2703 -69.4205 1.92995 0.345121 -36.98 -69.661 1.9275
-37.2381 -69.6978 1.92739 1.81375 -36.98 -69.661 1.9275
-37.0075 -69.8288 1.93122 0.414678 -36.98 -69.661 1.9275
-37.3304 -69.88 1.92148 0.0369131 -36.98 -69.661 1.9275
-37.2063 -69.6415 1.92568 1.3148 -36.98 -69.661 1.9275
-37.1672 -69.5306 1.92858 1.18536 -36.98 -69.661 1.9275
-37.1028 -69.5662 1.92309 0.224947 -36.98 -69.661 1.9275
-37.3428 -69.3508 1.92321 0.139896 -36.98 -69.661 1.9275
-37.2063 -69.6415 1.92568 1.3148 -36.98 -69.661 1.9275
