258.42 28.7471 6.21684 0.137407 258.39 28.79 6.2054
258.514 28.7582 6.21351 0.246913 258.39 28.79 6.2054
258.555 28.7393 6.20133 0.226928 258.39 28.79 6.2054
258.483 28.5044 6.21199 0.34031 258.39 28.79 6.2054
258.197 28.7098 6.21559 0.0601184 258.39 28.79 6.2054
258.698 28.5605 6.2064 0.0623932 258.39 28.79 6.2054
258.483 28.5044 6.21199 0.34031 258.39 28.79 6.2054
258.3 28.6496 6.21419 0.386464 258.39 28.79 6.2054
258.353 28.4962 6.21731 0.202305 258.39 28.79 6.2054
258.403 28.6295 6.20505 0.267875 258.39 28.79 6.2054
258.403 28.6295 6.20505 0.267875 258.39 28.79 6.2054
258.477 28.5392 6.21053 0.50994 258.39 28.79 6.2054
258.197 28.7098 6.21559 0.0601184 258.39 28.79 6.2054
258.631 28.527 6.20973 0.120487 258.39 28.79 6.2054
258.3 28.6496 6.21419 0.386464 258.39 28.79 6.2054
258.434 29.0077 6.2093 0.00561068 258.39 28.79 6.2054
258.483 28.5044 6.21199 0.34031 258.39 28.79 6.2054
258.388 28.7787 6.20279 0.108956 258.39 28.79 6.2054
258.209 28.8403 6.21653 0.00887204 258.39 28.79 6.2054
258.477 28.5392 6.21053 0.50994 258.39 28.79 6.2054
258.555 28.7393 6.20133 0.226928 258.39 28.79 6.2054
258.477 28.5392 6.21053 0.50994 258.39 28.79 6.2054
258.483 28.5044 6.21199 0.34031 258.39 28.79 6.2054
258.3 28.6496 6.21419 0.386464 258.39 28.79 6.2054
258.3 28.6496 6.21419 0.386464 258.39 28.79 6.2054
258.477 28.5392 6.21053 0.50994 258.39 28.79 6.2054
258.477 28.5392 6.21053 0.50994 258.39 28.79 6.2054
258.388 28.7787 6.20279 0.108956 258.39 28.79 6.2054
258.248 28.6159 6.21406 0.210265 258.39 28.79 6.2054
258.613 28.4451 6.21372 0.0291104 258.39 28.79 6.2054
258.42 28.7471 6.21684 0.137407 258.39 28.79 6.2054
258.483 28.5044 6.21199 0.34031 258.39 28.79 6.2054
258.42 28.7471 6.21684 0.137407 258.39 28.79 6.2054
258.353 28.4962 6.21731 0.202305 258.39 28.79 6.2054
258.547 28.6163 6.21556 0.184903 258.39 28.79 6.2054
258.477 28.5392 6.21053 0.50994 258.39 28.79 6.2054
258.3 28.6496 6.21419 0.386464 258.39 28.79 6.2054
258.345 28.9008 6.20724 0.0429102 258.39 28.79 6.2054
258.353 28.4962 6.21731 0.202305 258.39 28.79 6.2054
258.555 28.7393 6.20133 0.226928 258.39 28.79 6.2054
258.483 28.5044 6.21199 0.34031 258.39 28.79 6.2054
258.301 28.9425 6.20974 0.0100692 258.39 28.79 6.2054
258.547 28.6163 6.21556 0.184903 258.39 28.79 6.2054
258.631 28.527 6.20973 0.120487 258.39 28.79 6.2054
258.547 28.6163 6.21556 0.184903 258.39 28.79 6.2054
258.483 28.5044 6.21199 0.34031 258.39 28.79 6.2054
258.477 28.5392 6.21053 0.50994 258.39 28.79 6.2054
258.387 28.8781 6.204 0.06152 258.39 28.79 6.2054
258.555 28.7393 6.20133 0.226928 258.39 28.79 6.2054
258.477 28.5392 6.21053 0.50994 258.39 28.79 6.2054
258.514 28.7582 6.21351 0.246913 258.39 28.79 6.2054
258.182 28.7697 6.211 0.0232 258.39 28.79 6.2054
258.355 28.8203 6.20902 0.198544 258.39 28.79 6.2054
258.477 28.5392 6.21053 0.50994 258.39 28.79 6.2054
258.353 28.4962 6.21731 0.202305 258.39 28.79 6.2054
258.555 28.7393 6.20133 0.226928 258.39 28.79 6.2054
258.514 28.7582 6.21351 0.246913 258.39 28.79 6.2054
258.483 28.5044 6.21199 0.34031 258.39 28.79 6.2054
258.353 28.4962 6.21731 0.202305 258.39 28.79 6.2054
258.618 28.8956 6.19947 0.0435857 258.39 28.79 6.2054
258.547 28.6163 6.21556 0.184903 258.39 28.79 6.2054
258.483 28.5044 6.21199 0.34031 258.39 28.79 6.2054
258.3 28.6496 6.21419 0.386464 258.39 28.79 6.2054
258.248 28.6159 6.21406 0.210265 258.39 28.79 6.2054
258.514 28.7582 6.21351 0.246913 258.39 28.79 6.2054
258.483 28.5044 6.21199 0.34031 258.39 28.79 6.2054
258.514 28.7582 6.21351 0.246913 258.39 28.79 6.2054
258.197 28.7098 6.21559 0.0601184 258.39 28.79 6.2054
258.514 28.7582 6.21351 0.246913 258.39 28.79 6.2054
258.403 28.6295 6.20505 0.267875 258.39 28.79 6.2054
258.514 28.7582 6.21351 0.246913 258.39 28.79 6.2054
258.388 28.7787 6.20279 0.108956 258.39 28.79 6.2054
258.3 28.6496 6.21419 0.386464 258.39 28.79 6.2054
258.3 28.6496 6.21419 0.386464 258.39 28.79 6.2054
258.547 28.6163 6.21556 0.184903 258.39 28.79 6.2054
258.477 28.5392 6.21053 0.50994 258.39 28.79 6.2054
258.555 28.7393 6.20133 0.226928 258.39 28.79 6.2054
258.3 28.6496 6.21419 0.386464 258.39 28.79 6.2054
258.298 28.7248 6.21824 0.089044 258.39 28.79 6.2054
258.42 28.7471 6.21684 0.137407 258.39 28.79 6.2054
258.403 28.6295 6.20505 0.267875 258.39 28.79 6.2054
258.453 28.7389 6.19956 0.0556971 258.39 28.79 6.2054
258.3 28.6496 6.21419 0.386464 258.39 28.79 6.2054
258.403 28.6295 6.20505 0.267875 258.39 28.79 6.2054
258.248 28.6159 6.21406 0.210265 258.39 28.79 6.2054
258.514 28.7582 6.21351 0.246913 258.39 28.79 6.2054
258.42 28.7471 6.21684 0.137407 258.39 28.79 6.2054
258.483 28.5044 6.21199 0.34031 258.39 28.79 6.2054
258.388 28.7787 6.20279 0.108956 258.39 28.79 6.2054
258.182 28.7697 6.211 0.0232 258.39 28.79 6.2054
258.651 28.6785 6.21572 0.0210752 258.39 28.79 6.2054
258.477 28.5392 6.21053 0.50994 258.39 28.79 6.2054
258.3 28.6496 6.21419 0.386464 258.39 28.79 6.2054
258.248 28.6159 6.21406 0.210265 258.39 28.79 6.2054
258.353 28.4962 6.21731 0.202305 258.39 28.79 6.2054
258.248 28.6159 6.21406 0.210265 258.39 28.79 6.2054
258.651 28.6785 6.21572 0.0210752 258.39 28.79 6.2054
258.355 28.8203 6.20902 0.198544 258.39 28.79 6.2054
258.388 28.7787 6.20279 0.108956 258.39 28.79 6.2054
258.198 28.8342 6.2088 0.0105118 258.39 28.79 6.2054
258.483 28.5044 6.21199 0.34031 258.39 28.79 6.2054
258.298 28.7248 6.21824 0.089044 258.39 28.79 6.2054
258.677 28.8352 6.19875 0.0457157 258.39 28.79 6.2054
258.496 28.8539 6.19968 0.0569677 258.39 28.79 6.2054
258.388 28.7787 6.20279 0.108956 258.39 28.79 6.2054
258.42 28.7471 6.21684 0.137407 258.39 28.79 6.2054
258.477 28.5392 6.21053 0.50994 258.39 28.79 6.2054
258.514 28.7582 6.21351 0.246913 258.39 28.79 6.2054
258.42 28.7471 6.21684 0.137407 258.39 28.79 6.2054
258.477 28.5392 6.21053 0.50994 258.39 28.79 6.2054
258.483 28.5044 6.21199 0.34031 258.39 28.79 6.2054
258.483 28.5044 6.21199 0.34031 258.39 28.79 6.2054
258.477 28.5392 6.21053 0.50994 258.39 28.79 6.2054
258.248 28.6159 6.21406 0.210265 258.39 28.79 6.2054
258.618 28.8956 6.19947 0.0435857 258.39 28.79 6.2054
258.345 28.9008 6.20724 0.0429102 258.39 28.79 6.2054
258.3 28.6496 6.21419 0.386464 258.39 28.79 6.2054
258.355 28.8203 6.20902 0.198544 258.39 28.79 6.2054
258.477 28.5392 6.21053 0.50994 258.39 28.79 6.2054
258.547 28.6163 6.21556 0.184903 258.39 28.79 6.2054
258.403 28.6295 6.20505 0.267875 258.39 28.79 6.2054
258.698 28.5605 6.2064 0.0623932 258.39 28.79 6.2054
258.248 28.6159 6.21406 0.210265 258.39 28.79 6.2054
258.483 28.5044 6.21199 0.34031 258.39 28.79 6.2054
258.298 28.7248 6.21824 0.089044 258.39 28.79 6.2054
258.514 28.7582 6.21351 0.246913 258.39 28.79 6.2054
258.555 28.7393 6.20133 0.226928 258.39 28.79 6.2054
258.3 28.6496 6.21419 0.386464 258.39 28.79 6.2054
258.603 28.9383 6.20807 0.0245371 258.39 28.79 6.2054
258.453 28.7389 6.19956 0.0556971 258.39 28.79 6.2054
258.477 28.5392 6.21053 0.50994 258.39 28.79 6.2054
258.514 28.7582 6.21351 0.246913 258.39 28.79 6.2054
258.547 28.6163 6.21556 0.184903 258.39 28.79 6.2054
258.477 28.5392 6.21053 0.50994 258.39 28.79 6.2054
258.477 28.5392 6.21053 0.50994 258.39 28.79 6.2054
258.3 28.6496 6.21419 0.386464 258.39 28.79 6.2054
258.514 28.7582 6.21351 0.246913 258.39 28.79 6.2054
258.3 28.6496 6.21419 0.386464 258.39 28.79 6.2054
258.477 28.5392 6.21053 0.50994 258.39 28.79 6.2054
258.42 28.7471 6.21684 0.137407 258.39 28.79 6.2054
258.3 28.6496 6.21419 0.386464 258.39 28.79 6.2054
258.42 28.7471 6.21684 0.137407 258.39 28.79 6.2054
258.514 28.7582 6.21351 0.246913 258.39 28.79 6.2054
258.477 28.5392 6.21053 0.50994 258.39 28.79 6.2054
258.353 28.4962 6.21731 0.202305 258.39 28.79 6.2054
258.3 28.6496 6.21419 0.386464 258.39 28.79 6.2054
258.248 28.6159 6.21406 0.210265 258.39 28.79 6.2054
258.477 28.5392 6.21053 0.50994 258.39 28.79 6.2054
258.483 28.5044 6.21199 0.34031 258.39 28.79 6.2054
258.388 28.7787 6.20279 0.108956 258.39 28.79 6.2054
258.514 28.7582 6.21351 0.246913 258.39 28.79 6.2054
258.477 28.5392 6.21053 0.50994 258.39 28.79 6.2054
258.42 28.7471 6.21684 0.137407 258.39 28.79 6.2054
258.477 28.5392 6.21053 0.50994 258.39 28.79 6.2054
258.403 28.6295 6.20505 0.267875 258.39 28.79 6.2054
258.698 28.5605 6.2064 0.0623932 258.39 28.79 6.2054
258.42 28.7471 6.21684 0.137407 258.39 28.79 6.2054
258.298 28.7248 6.21824 0.089044 258.39 28.79 6.2054
258.477 28.5392 6.21053 0.50994 258.39 28.79 6.2054
258.425 28.8025 6.21981 0.0105649 258.39 28.79 6.2054
258.355 28.8203 6.20902 0.198544 258.39 28.79 6.2054
258.3 28.6496 6.21419 0.386464 258.39 28.79 6.2054
258.555 28.7393 6.20133 0.226928 258.39 28.79 6.2054
258.603 28.9383 6.20807 0.0245371 258.39 28.79 6.2054
258.477 28.5392 6.21053 0.50994 258.39 28.79 6.2054
258.42 28.7471 6.21684 0.137407 258.39 28.79 6.2054
258.387 28.8781 6.204 0.06152 258.39 28.79 6.2054
258.496 28.8539 6.19968 0.0569677 258.39 28.79 6.2054
258.248 28.6159 6.21406 0.210265 258.39 28.79 6.2054
258.555 28.7393 6.20133 0.226928 258.39 28.79 6.2054
258.403 28.6295 6.20505 0.267875 258.39 28.79 6.2054
258.477 28.5392 6.21053 0.50994 258.39 28.79 6.2054
258.353 28.4962 6.21731 0.202305 258.39 28.79 6.2054
258.3 28.6496 6.21419 0.386464 258.39 28.79 6.2054
258.248 28.6159 6.21406 0.210265 258.39 28.79 6.2054
258.483 28.5044 6.21199 0.34031 258.39 28.79 6.2054
258.355 28.8203 6.20902 0.198544 258.39 28.79 6.2054
258.3 28.6496 6.21419 0.386464 258.39 28.79 6.2054
258.3 28.6496 6.21419 0.386464 258.39 28.79 6.2054
258.514 28.7582 6.21351 0.246913 258.39 28.79 6.2054
258.477 28.5392 6.21053 0.50994 258.39 28.79 6.2054
258.547 28.6163 6.21556 0.184903 258.39 28.79 6.2054
258.3 28.6496 6.21419 0.386464 258.39 28.79 6.2054
258.3 28.6496 6.21419 0.386464 258.39 28.79 6.2054
258.353 28.4962 6.21731 0.202305 258.39 28.79 6.2054
258.298 28.7248 6.21824 0.089044 258.39 28.79 6.2054
258.248 28.6159 6.21406 0.210265 258.39 28.79 6.2054
258.477 28.5392 6.21053 0.50994 258.39 28.79 6.2054
258.387 28.8781 6.204 0.06152 258.39 28.79 6.2054
258.193 28.6499 6.21081 0.0518457 258.39 28.79 6.2054
258.403 28.6295 6.20505 0.267875 258.39 28.79 6.2054
258.477 28.5392 6.21053 0.50994 258.39 28.79 6.2054
258.198 28.8342 6.2088 0.0105118 258.39 28.79 6.2054
258.248 28.6159 6.21406 0.210265 258.39 28.79 6.2054
258.514 28.7582 6.21351 0.246913 258.39 28.79 6.2054
258.698 28.5605 6.2064 0.0623932 258.39 28.79 6.2054
258.248 28.6159 6.21406 0.210265 258.39 28.79 6.2054
258.3 28.6496 6.21419 0.386464 258.39 28.79 6.2054
258.677 28.8352 6.19875 0.0457157 258.39 28.79 6.2054
258.387 28.8781 6.204 0.06152 258.39 28.79 6.2054
