242.078 -17.7075 2.91994 2.43274 241.81 -17.538 2.9115
241.959 -17.6821 2.91515 1.74848 241.81 -17.538 2.9115
241.863 -17.7011 2.91893 1.01162 241.81 -17.538 2.9115
241.902 -17.5946 2.91444 1.68352 241.81 -17.538 2.9115
242.083 -17.6644 2.91292 0.466921 241.81 -17.538 2.9115
242.078 -17.7075 2.91994 2.43274 241.81 -17.538 2.9115
241.863 -17.7011 2.91893 1.01162 241.81 -17.538 2.9115
242.078 -17.7075 2.91994 2.43274 241.81 -17.538 2.9115
241.605 -17.3288 2.91128 0.0271306 241.81 -17.538 2.9115
242.078 -17.7075 2.91994 2.43274 241.81 -17.538 2.9115
242.089 -17.6342 2.91198 0.29782 241.81 -17.538 2.9115
241.848 -17.5896 2.91438 1.37196 241.81 -17.538 2.9115
241.959 -17.6821 2.91515 1.74848 241.81 -17.538 2.9115
242.078 -17.7075 2.91994 2.43274 241.81 -17.538 2.9115
242.078 -17.7075 2.91994 2.43274 241.81 -17.538 2.9115
241.818 -17.514 2.91594 0.759363 241.81 -17.538 2.9115
242.078 -17.7075 2.91994 2.43274 241.81 -17.538 2.9115
242.078 -17.7075 2.91994 2.43274 241.81 -17.538 2.9115
241.909 -17.6397 2.91794 1.76234 241.81 -17.538 2.9115
241.863 -17.7011 2.91893 1.01162 241.81 -17.538 2.9115
241.909 -17.6397 2.91794 1.76234 241.81 -17.538 2.9115
241.913 -17.9483 2.91222 0.0234241 241.81 -17.538 2.9115
242.083 -17.6644 2.91292 0.466921 241.81 -17.538 2.9115
241.959 -17.6821 2.91515 1.74848 241.81 -17.538 2.9115
241.719 -17.8987 2.91545 0.0464016 241.81 -17.538 2.9115
241.959 -17.5578 2.92026 1.05762 241.81 -17.538 2.9115
241.909 -17.6397 2.91794 1.76234 241.81 -17.538 2.9115
241.971 -17.8014 2.92042 1.26738 241.81 -17.538 2.9115
242.078 -17.7075 2.91994 2.43274 241.81 -17.538 2.9115
241.76 -17.4239 2.91169 0.366257 241.81 -17.538 2.9115
242.083 -17.6644 2.91292 0.466921 241.81 -17.538 2.9115
241.848 -17.5896 2.91438 1.37196 241.81 -17.538 2.9115
241.959 -17.5578 2.92026 1.05762 241.81 -17.538 2.9115
241.755 -17.3953 2.90981 0.248433 241.81 -17.538 2.9115
241.971 -17.8014 2.92042 1.26738 241.81 -17.538 2.9115
241.863 -17.7011 2.91893 1.01162 241.81 -17.538 2.9115
242.083 -17.6644 2.91292 0.466921 241.81 -17.538 2.9115
241.959 -17.6821 2.91515 1.74848 241.81 -17.538 2.9115
241.818 -17.514 2.91594 0.759363 241.81 -17.538 2.9115
241.85 -17.5161 2.90912 0.411889 241.81 -17.538 2.9115
241.902 -17.5946 2.91444 1.68352 241.81 -17.538 2.9115
242.319 -17.6655 2.92035 0.453205 241.81 -17.538 2.9115
242.319 -17.6655 2.92035 0.453205 241.81 -17.538 2.9115
241.959 -17.6821 2.91515 1.74848 241.81 -17.538 2.9115
241.959 -17.6821 2.91515 1.74848 241.81 -17.538 2.9115
241.863 -17.7011 2.91893 1.01162 241.81 -17.538 2.9115
242.078 -17.7075 2.91994 2.43274 241.81 -17.538 2.9115
241.971 -17.8014 2.92042 1.26738 241.81 -17.538 2.9115
241.902 -17.5946 2.91444 1.68352 241.81 -17.538 2.9115
241.8 -17.8375 2.91644 0.282196 241.81 -17.538 2.9115
241.791 -17.527 2.91539 0.704385 241.81 -17.538 2.9115
241.76 -17.4239 2.91169 0.366257 241.81 -17.538 2.9115
241.848 -17.5896 2.91438 1.37196 241.81 -17.538 2.9115
241.909 -17.6397 2.91794 1.76234 241.81 -17.538 2.9115
241.878 -17.5996 2.90728 0.120992 241.81 -17.538 2.9115
241.959 -17.5578 2.92026 1.05762 241.81 -17.538 2.9115
241.872 -17.4961 2.90716 0.148484 241.81 -17.538 2.9115
241.902 -17.5946 2.91444 1.68352 241.81 -17.538 2.9115
241.848 -17.5896 2.91438 1.37196 241.81 -17.538 2.9115
241.959 -17.5578 2.92026 1.05762 241.81 -17.538 2.9115
241.755 -17.3953 2.90981 0.248433 241.81 -17.538 2.9115
242.078 -17.7075 2.91994 2.43274 241.81 -17.538 2.9115
241.803 -17.5435 2.91842 0.400212 241.81 -17.538 2.9115
242.083 -17.6644 2.91292 0.466921 241.81 -17.538 2.9115
242.2 -17.5889 2.92334 0.891774 241.81 -17.538 2.9115
242.078 -17.7075 2.91994 2.43274 241.81 -17.538 2.9115
241.902 -17.5946 2.91444 1.68352 241.81 -17.538 2.9115
242.083 -17.6644 2.91292 0.466921 241.81 -17.538 2.9115
241.644 -17.5662 2.91431 0.149795 241.81 -17.538 2.9115
241.971 -17.8014 2.92042 1.26738 241.81 -17.538 2.9115
241.76 -17.4239 2.91169 0.366257 241.81 -17.538 2.9115
241.818 -17.514 2.91594 0.759363 241.81 -17.538 2.9115
241.952 -17.3871 2.91224 0.370181 241.81 -17.538 2.9115
241.959 -17.6821 2.91515 1.74848 241.81 -17.538 2.9115
241.959 -17.5578 2.92026 1.05762 241.81 -17.538 2.9115
241.8 -17.8375 2.91644 0.282196 241.81 -17.538 2.9115
241.76 -17.4239 2.91169 0.366257 241.81 -17.538 2.9115
241.791 -17.527 2.91539 0.704385 241.81 -17.538 2.9115
241.959 -17.6821 2.91515 1.74848 241.81 -17.538 2.9115
241.959 -17.6821 2.91515 1.74848 241.81 -17.538 2.9115
241.76 -17.4239 2.91169 0.366257 241.81 -17.538 2.9115
242.078 -17.7075 2.91994 2.43274 241.81 -17.538 2.9115
241.971 -17.8014 2.92042 1.26738 241.81 -17.538 2.9115
241.971 -17.8014 2.92042 1.26738 241.81 -17.538 2.9115
241.902 -17.5946 2.91444 1.68352 241.81 -17.538 2.9115
241.863 -17.7011 2.91893 1.01162 241.81 -17.538 2.9115
241.971 -17.8014 2.92042 1.26738 241.81 -17.538 2.9115
242.078 -17.7075 2.91994 2.43274 241.81 -17.538 2.9115
241.848 -17.5896 2.91438 1.37196 241.81 -17.538 2.9115
242.089 -17.6342 2.91198 0.29782 241.81 -17.538 2.9115
241.85 -17.5161 2.90912 0.411889 241.81 -17.538 2.9115
242.078 -17.7075 2.91994 2.43274 241.81 -17.538 2.9115
241.959 -17.6821 2.91515 1.74848 241.81 -17.538 2.9115
241.791 -17.527 2.91539 0.704385 241.81 -17.538 2.9115
241.971 -17.8014 2.92042 1.26738 241.81 -17.538 2.9115
241.971 -17.8014 2.92042 1.26738 241.81 -17.538 2.9115
241.848 -17.5896 2.91438 1.37196 241.81 -17.538 2.9115
241.923 -17.5926 2.9091 0.283971 241.81 -17.538 2.9115
241.848 -17.5896 2.91438 1.37196 241.81 -17.538 2.9115
241.699 -17.4362 2.90435 0.0464455 241.81 -17.538 2.9115
241.863 -17.7011 2.91893 1.01162 241.81 -17.538 2.9115
241.76 -17.4239 2.91169 0.366257 241.81 -17.538 2.9115
241.848 -17.5896 2.91438 1.37196 241.81 -17.538 2.9115
241.909 -17.6397 2.91794 1.76234 241.81 -17.538 2.9115
241.774 -17.4759 2.91467 0.487759 241.81 -17.538 2.9115
241.959 -17.6821 2.91515 1.74848 241.81 -17.538 2.9115
242.16 -17.4867 2.92278 0.383858 241.81 -17.538 2.9115
241.791 -17.527 2.91539 0.704385 241.81 -17.538 2.9115
241.878 -17.5996 2.90728 0.120992 241.81 -17.538 2.9115
241.791 -17.527 2.91539 0.704385 241.81 -17.538 2.9115
241.959 -17.5578 2.92026 1.05762 241.81 -17.538 2.9115
241.909 -17.6397 2.91794 1.76234 241.81 -17.538 2.9115
242.083 -17.6644 2.91292 0.466921 241.81 -17.538 2.9115
242.319 -17.6655 2.92035 0.453205 241.81 -17.538 2.9115
241.818 -17.514 2.91594 0.759363 241.81 -17.538 2.9115
242.2 -17.5889 2.92334 0.891774 241.81 -17.538 2.9115
242.2 -17.5889 2.92334 0.891774 241.81 -17.538 2.9115
241.677 -17.5072 2.90887 0.226547 241.81 -17.538 2.9115
241.971 -17.8014 2.92042 1.26738 241.81 -17.538 2.9115
241.818 -17.514 2.91594 0.759363 241.81 -17.538 2.9115
241.909 -17.6397 2.91794 1.76234 241.81 -17.538 2.9115
241.848 -17.5896 2.91438 1.37196 241.81 -17.538 2.9115
241.959 -17.6821 2.91515 1.74848 241.81 -17.538 2.9115
241.863 -17.7011 2.91893 1.01162 241.81 -17.538 2.9115
241.76 -17.4239 2.91169 0.366257 241.81 -17.538 2.9115
242.16 -17.4867 2.92278 0.383858 241.81 -17.538 2.9115
241.959 -17.5578 2.92026 1.05762 241.81 -17.538 2.9115
241.818 -17.514 2.91594 0.759363 241.81 -17.538 2.9115
241.791 -17.527 2.91539 0.704385 241.81 -17.538 2.9115
241.863 -17.7011 2.91893 1.01162 241.81 -17.538 2.9115
241.959 -17.6821 2.91515 1.74848 241.81 -17.538 2.9115
241.791 -17.527 2.91539 0.704385 241.81 -17.538 2.9115
241.952 -17.3871 2.91224 0.370181 241.81 -17.538 2.9115
242.078 -17.7075 2.91994 2.43274 241.81 -17.538 2.9115
241.902 -17.5946 2.91444 1.68352 241.81 -17.538 2.9115
242.2 -17.5889 2.92334 0.891774 241.81 -17.538 2.9115
242.078 -17.7075 2.91994 2.43274 241.81 -17.538 2.9115
241.818 -17.514 2.91594 0.759363 241.81 -17.538 2.9115
241.971 -17.8014 2.92042 1.26738 241.81 -17.538 2.9115
242.078 -17.7075 2.91994 2.43274 241.81 -17.538 2.9115
242.2 -17.5889 2.92334 0.891774 241.81 -17.538 2.9115
242.319 -17.6655 2.92035 0.453205 241.81 -17.538 2.9115
241.863 -17.7011 2.91893 1.01162 241.81 -17.538 2.9115
242.078 -17.7075 2.91994 2.43274 241.81 -17.538 2.9115
241.791 -17.527 2.91539 0.704385 241.81 -17.538 2.9115
241.959 -17.6821 2.91515 1.74848 241.81 -17.538 2.9115
241.774 -17.4759 2.91467 0.487759 241.81 -17.538 2.9115
241.959 -17.6821 2.91515 1.74848 241.81 -17.538 2.9115
241.755 -17.3953 2.90981 0.248433 241.81 -17.538 2.9115
241.803 -17.5435 2.91842 0.400212 241.81 -17.538 2.9115
241.791 -17.527 2.91539 0.704385 241.81 -17.538 2.9115
241.76 -17.4239 2.91169 0.366257 241.81 -17.538 2.9115
241.971 -17.8014 2.92042 1.26738 241.81 -17.538 2.9115
241.902 -17.5946 2.91444 1.68352 241.81 -17.538 2.9115
242.2 -17.5889 2.92334 0.891774 241.81 -17.538 2.9115
241.959 -17.5578 2.92026 1.05762 241.81 -17.538 2.9115
242.078 -17.7075 2.91994 2.43274 241.81 -17.538 2.9115
241.76 -17.4239 2.91169 0.366257 241.81 -17.538 2.9115
241.85 -17.5161 2.90912 0.411889 241.81 -17.538 2.9115
241.818 -17.514 2.91594 0.759363 241.81 -17.538 2.9115
241.803 -17.5435 2.91842 0.400212 241.81 -17.538 2.9115
241.902 -17.5946 2.91444 1.68352 241.81 -17.538 2.9115
241.856 -17.5726 2.90465 0.0248609 241.81 -17.538 2.9115
241.923 -17.5926 2.9091 0.283971 241.81 -17.538 2.9115
241.959 -17.6821 2.91515 1.74848 241.81 -17.538 2.9115
241.959 -17.5578 2.92026 1.05762 241.81 -17.538 2.9115
241.909 -17.6397 2.91794 1.76234 241.81 -17.538 2.9115
241.848 -17.5896 2.91438 1.37196 241.81 -17.538 2.9115
241.669 -17.707 2.90718 0.0452983 241.81 -17.538 2.9115
241.971 -17.8014 2.92042 1.26738 241.81 -17.538 2.9115
241.848 -17.5896 2.91438 1.37196 241.81 -17.538 2.9115
241.863 -17.7011 2.91893 1.01162 241.81 -17.538 2.9115
241.872 -17.4961 2.90716 0.148484 241.81 -17.538 2.9115
241.818 -17.514 2.91594 0.759363 241.81 -17.538 2.9115
241.959 -17.5578 2.92026 1.05762 241.81 -17.538 2.9115
241.85 -17.5161 2.90912 0.411889 241.81 -17.538 2.9115
241.909 -17.6397 2.91794 1.76234 241.81 -17.538 2.9115
241.818 -17.514 2.91594 0.759363 241.81 -17.538 2.9115
241.661 -17.3165 2.91619 0.00820992 241.81 -17.538 2.9115
241.803 -17.5435 2.91842 0.400212 241.81 -17.538 2.9115
241.923 -17.5926 2.9091 0.283971 241.81 -17.538 2.9115
241.959 -17.5578 2.92026 1.05762 241.81 -17.538 2.9115
241.959 -17.6821 2.91515 1.74848 241.81 -17.538 2.9115
241.863 -17.7011 2.91893 1.01162 241.81 -17.538 2.9115
241.959 -17.6821 2.91515 1.74848 241.81 -17.538 2.9115
241.863 -17.7011 2.91893 1.01162 241.81 -17.538 2.9115
241.971 -17.8014 2.92042 1.26738 241.81 -17.538 2.9115
242.078 -17.7075 2.91994 2.43274 241.81 -17.538 2.9115
242.078 -17.7075 2.91994 2.43274 241.81 -17.538 2.9115
241.909 -17.6397 2.91794 1.76234 241.81 -17.538 2.9115
242.078 -17.7075 2.91994 2.43274 241.81 -17.538 2.9115
241.959 -17.5578 2.92026 1.05762 241.81 -17.538 2.9115
241.85 -17.5161 2.90912 0.411889 241.81 -17.538 2.9115
241.644 -17.5662 2.91431 0.149795 241.81 -17.538 2.9115
241.848 -17.5896 2.91438 1.37196 241.81 -17.538 2.9115
241.959 -17.6821 2.91515 1.74848 241.81 -17.538 2.9115
241.902 -17.5946 2.91444 1.68352 241.81 -17.538 2.9115
242.2 -17.5889 2.92334 0.891774 241.81 -17.538 2.9115
241.913 -17.9483 2.91222 0.0234241 241.81 -17.538 2.9115
242.078 -17.7075 2.91994 2.43274 241.81 -17.538 2.9115
