278.021 -0.311858 4.49962 0.237709 278.06 -0.25176 4.4982
278.086 -0.237902 4.49207 0.228894 278.06 -0.25176 4.4982
278.013 -0.268421 4.50665 0.0208306 278.06 -0.25176 4.4982
278.064 -0.376184 4.49351 0.398132 278.06 -0.25176 4.4982
278.106 -0.316072 4.49888 0.617433 278.06 -0.25176 4.4982
278.087 -0.268795 4.49558 0.4963 278.06 -0.25176 4.4982
277.869 -0.284282 4.50014 0.00966406 278.06 -0.25176 4.4982
278.228 -0.265751 4.50638 0.506302 278.06 -0.25176 4.4982
278.086 -0.237902 4.49207 0.228894 278.06 -0.25176 4.4982
278.228 -0.265751 4.50638 0.506302 278.06 -0.25176 4.4982
278.043 -0.261244 4.49838 0.345828 278.06 -0.25176 4.4982
278.228 -0.265751 4.50638 0.506302 278.06 -0.25176 4.4982
278.043 -0.261244 4.49838 0.345828 278.06 -0.25176 4.4982
278.043 -0.261244 4.49838 0.345828 278.06 -0.25176 4.4982
278.021 -0.311858 4.49962 0.237709 278.06 -0.25176 4.4982
278.228 -0.265751 4.50638 0.506302 278.06 -0.25176 4.4982
278.106 -0.316072 4.49888 0.617433 278.06 -0.25176 4.4982
278.087 -0.268795 4.49558 0.4963 278.06 -0.25176 4.4982
278.087 -0.268795 4.49558 0.4963 278.06 -0.25176 4.4982
277.992 -0.191116 4.49821 0.120169 278.06 -0.25176 4.4982
278.129 -0.132346 4.5011 0.232185 278.06 -0.25176 4.4982
278.228 -0.265751 4.50638 0.506302 278.06 -0.25176 4.4982
278.087 -0.268795 4.49558 0.4963 278.06 -0.25176 4.4982
278.169 -0.0564876 4.50037 0.0884877 278.06 -0.25176 4.4982
278.064 -0.376184 4.49351 0.398132 278.06 -0.25176 4.4982
278.169 -0.0564876 4.50037 0.0884877 278.06 -0.25176 4.4982
278.087 -0.268795 4.49558 0.4963 278.06 -0.25176 4.4982
278.087 -0.268795 4.49558 0.4963 278.06 -0.25176 4.4982
278.102 -0.449516 4.49905 0.257984 278.06 -0.25176 4.4982
278.102 -0.449516 4.49905 0.257984 278.06 -0.25176 4.4982
278.348 -0.417342 4.50171 0.259573 278.06 -0.25176 4.4982
278.086 -0.237902 4.49207 0.228894 278.06 -0.25176 4.4982
278.106 -0.316072 4.49888 0.617433 278.06 -0.25176 4.4982
278.021 -0.311858 4.49962 0.237709 278.06 -0.25176 4.4982
278.102 -0.449516 4.49905 0.257984 278.06 -0.25176 4.4982
278.106 -0.316072 4.49888 0.617433 278.06 -0.25176 4.4982
277.873 -0.0962903 4.49163 0.00553427 278.06 -0.25176 4.4982
277.873 -0.0962903 4.49163 0.00553427 278.06 -0.25176 4.4982
278.016 -0.311263 4.50216 0.1196 278.06 -0.25176 4.4982
278.106 -0.316072 4.49888 0.617433 278.06 -0.25176 4.4982
278.106 -0.316072 4.49888 0.617433 278.06 -0.25176 4.4982
278.08 -0.347844 4.50601 0.0783084 278.06 -0.25176 4.4982
278.244 -0.12868 4.51552 0.0157925 278.06 -0.25176 4.4982
278.064 -0.376184 4.49351 0.398132 278.06 -0.25176 4.4982
278.064 -0.376184 4.49351 0.398132 278.06 -0.25176 4.4982
278.106 -0.316072 4.49888 0.617433 278.06 -0.25176 4.4982
278.043 -0.261244 4.49838 0.345828 278.06 -0.25176 4.4982
278.169 -0.0564876 4.50037 0.0884877 278.06 -0.25176 4.4982
278.228 -0.265751 4.50638 0.506302 278.06 -0.25176 4.4982
278.064 -0.376184 4.49351 0.398132 278.06 -0.25176 4.4982
278.341 -0.188722 4.49696 0.107481 278.06 -0.25176 4.4982
278.129 -0.132346 4.5011 0.232185 278.06 -0.25176 4.4982
278.106 -0.316072 4.49888 0.617433 278.06 -0.25176 4.4982
278.106 -0.316072 4.49888 0.617433 278.06 -0.25176 4.4982
278.064 -0.376184 4.49351 0.398132 278.06 -0.25176 4.4982
277.856 -0.156487 4.49648 0.00816565 278.06 -0.25176 4.4982
278.106 -0.316072 4.49888 0.617433 278.06 -0.25176 4.4982
278.087 -0.0510286 4.51504 0.000372461 278.06 -0.25176 4.4982
278.106 -0.316072 4.49888 0.617433 278.06 -0.25176 4.4982
278.021 -0.311858 4.49962 0.237709 278.06 -0.25176 4.4982
278.228 -0.265751 4.50638 0.506302 278.06 -0.25176 4.4982
277.935 -0.360422 4.49617 0.106489 278.06 -0.25176 4.4982
278.341 -0.188722 4.49696 0.107481 278.06 -0.25176 4.4982
278.08 -0.347844 4.50601 0.0783084 278.06 -0.25176 4.4982
278.106 -0.316072 4.49888 0.617433 278.06 -0.25176 4.4982
278.228 -0.265751 4.50638 0.506302 278.06 -0.25176 4.4982
278.064 -0.376184 4.49351 0.398132 278.06 -0.25176 4.4982
278.106 -0.316072 4.49888 0.617433 278.06 -0.25176 4.4982
278.087 -0.268795 4.49558 0.4963 278.06 -0.25176 4.4982
278.106 -0.316072 4.49888 0.617433 278.06 -0.25176 4.4982
278.129 -0.132346 4.5011 0.232185 278.06 -0.25176 4.4982
278.178 -0.119189 4.49406 0.0741776 278.06 -0.25176 4.4982
278.087 -0.268795 4.49558 0.4963 278.06 -0.25176 4.4982
278.087 -0.268795 4.49558 0.4963 278.06 -0.25176 4.4982
278.102 -0.449516 4.49905 0.257984 278.06 -0.25176 4.4982
278.106 -0.316072 4.49888 0.617433 278.06 -0.25176 4.4982
278.348 -0.417342 4.50171 0.259573 278.06 -0.25176 4.4982
278.087 -0.268795 4.49558 0.4963 278.06 -0.25176 4.4982
277.869 -0.297205 4.48727 0.0385757 278.06 -0.25176 4.4982
278.087 -0.268795 4.49558 0.4963 278.06 -0.25176 4.4982
278.493 -0.271929 4.49457 0.00236077 278.06 -0.25176 4.4982
278.129 -0.132346 4.5011 0.232185 278.06 -0.25176 4.4982
277.935 -0.360422 4.49617 0.106489 278.06 -0.25176 4.4982
278.102 -0.449516 4.49905 0.257984 278.06 -0.25176 4.4982
278.228 -0.265751 4.50638 0.506302 278.06 -0.25176 4.4982
278.087 -0.268795 4.49558 0.4963 278.06 -0.25176 4.4982
278.228 -0.265751 4.50638 0.506302 278.06 -0.25176 4.4982
278.102 -0.449516 4.49905 0.257984 278.06 -0.25176 4.4982
278.043 -0.261244 4.49838 0.345828 278.06 -0.25176 4.4982
278.106 -0.316072 4.49888 0.617433 278.06 -0.25176 4.4982
278.087 -0.268795 4.49558 0.4963 278.06 -0.25176 4.4982
278.228 -0.265751 4.50638 0.506302 278.06 -0.25176 4.4982
278.248 -0.0847098 4.49511 0.0360538 278.06 -0.25176 4.4982
278.102 -0.449516 4.49905 0.257984 278.06 -0.25176 4.4982
278.043 -0.261244 4.49838 0.345828 278.06 -0.25176 4.4982
278.102 -0.449516 4.49905 0.257984 278.06 -0.25176 4.4982
278.106 -0.316072 4.49888 0.617433 278.06 -0.25176 4.4982
278.064 -0.376184 4.49351 0.398132 278.06 -0.25176 4.4982
278.348 -0.417342 4.50171 0.259573 278.06 -0.25176 4.4982
278.102 -0.449516 4.49905 0.257984 278.06 -0.25176 4.4982
278.13 -0.0352138 4.49463 0.0192824 278.06 -0.25176 4.4982
278.169 -0.0564876 4.50037 0.0884877 278.06 -0.25176 4.4982
278.043 -0.261244 4.49838 0.345828 278.06 -0.25176 4.4982
278.348 -0.417342 4.50171 0.259573 278.06 -0.25176 4.4982
278.043 -0.261244 4.49838 0.345828 278.06 -0.25176 4.4982
278.187 -0.0869438 4.49304 0.0272541 278.06 -0.25176 4.4982
278.087 -0.268795 4.49558 0.4963 278.06 -0.25176 4.4982
278.086 -0.237902 4.49207 0.228894 278.06 -0.25176 4.4982
278.106 -0.316072 4.49888 0.617433 278.06 -0.25176 4.4982
278.348 -0.417342 4.50171 0.259573 278.06 -0.25176 4.4982
278.064 -0.376184 4.49351 0.398132 278.06 -0.25176 4.4982
278.086 -0.237902 4.49207 0.228894 278.06 -0.25176 4.4982
278.087 -0.268795 4.49558 0.4963 278.06 -0.25176 4.4982
278.106 -0.316072 4.49888 0.617433 278.06 -0.25176 4.4982
277.948 -0.131787 4.48921 0.0171528 278.06 -0.25176 4.4982
278.087 -0.268795 4.49558 0.4963 278.06 -0.25176 4.4982
278.064 -0.376184 4.49351 0.398132 278.06 -0.25176 4.4982
278.348 -0.417342 4.50171 0.259573 278.06 -0.25176 4.4982
277.869 -0.297205 4.48727 0.0385757 278.06 -0.25176 4.4982
278.228 -0.265751 4.50638 0.506302 278.06 -0.25176 4.4982
278.106 -0.316072 4.49888 0.617433 278.06 -0.25176 4.4982
278.129 -0.132346 4.5011 0.232185 278.06 -0.25176 4.4982
278.106 -0.316072 4.49888 0.617433 278.06 -0.25176 4.4982
278.086 -0.237902 4.49207 0.228894 278.06 -0.25176 4.4982
278.086 -0.237902 4.49207 0.228894 278.06 -0.25176 4.4982
278.11 0.0297408 4.51177 0.00104264 278.06 -0.25176 4.4982
278.064 -0.376184 4.49351 0.398132 278.06 -0.25176 4.4982
278.187 -0.0869438 4.49304 0.0272541 278.06 -0.25176 4.4982
277.992 -0.191116 4.49821 0.120169 278.06 -0.25176 4.4982
278.106 -0.316072 4.49888 0.617433 278.06 -0.25176 4.4982
278.106 -0.316072 4.49888 0.617433 278.06 -0.25176 4.4982
278.228 -0.265751 4.50638 0.506302 278.06 -0.25176 4.4982
278.102 -0.449516 4.49905 0.257984 278.06 -0.25176 4.4982
278.087 -0.268795 4.49558 0.4963 278.06 -0.25176 4.4982
278.106 -0.316072 4.49888 0.617433 278.06 -0.25176 4.4982
278.228 -0.265751 4.50638 0.506302 278.06 -0.25176 4.4982
278.064 -0.376184 4.49351 0.398132 278.06 -0.25176 4.4982
278.169 -0.0564876 4.50037 0.0884877 278.06 -0.25176 4.4982
278.106 -0.316072 4.49888 0.617433 278.06 -0.25176 4.4982
278.086 -0.237902 4.49207 0.228894 278.06 -0.25176 4.4982
277.878 -0.47454 4.49415 0.0246778 278.06 -0.25176 4.4982
278.021 -0.311858 4.49962 0.237709 278.06 -0.25176 4.4982
278.086 -0.237902 4.49207 0.228894 278.06 -0.25176 4.4982
278.064 -0.376184 4.49351 0.398132 278.06 -0.25176 4.4982
277.837 -0.162001 4.48851 0.00724386 278.06 -0.25176 4.4982
278.129 -0.132346 4.5011 0.232185 278.06 -0.25176 4.4982
278.087 -0.268795 4.49558 0.4963 278.06 -0.25176 4.4982
278.129 -0.132346 4.5011 0.232185 278.06 -0.25176 4.4982
277.992 -0.191116 4.49821 0.120169 278.06 -0.25176 4.4982
277.935 -0.360422 4.49617 0.106489 278.06 -0.25176 4.4982
278.106 -0.316072 4.49888 0.617433 278.06 -0.25176 4.4982
278.087 -0.268795 4.49558 0.4963 278.06 -0.25176 4.4982
277.992 -0.191116 4.49821 0.120169 278.06 -0.25176 4.4982
278.169 -0.0564876 4.50037 0.0884877 278.06 -0.25176 4.4982
278.043 -0.261244 4.49838 0.345828 278.06 -0.25176 4.4982
278.08 -0.347844 4.50601 0.0783084 278.06 -0.25176 4.4982
278.087 -0.268795 4.49558 0.4963 278.06 -0.25176 4.4982
278.317 -0.57734 4.4968 0.018031 278.06 -0.25176 4.4982
278.087 -0.268795 4.49558 0.4963 278.06 -0.25176 4.4982
278.083 -0.0152329 4.50322 0.0179205 278.06 -0.25176 4.4982
278.043 -0.261244 4.49838 0.345828 278.06 -0.25176 4.4982
278.181 -0.510619 4.49178 0.0768365 278.06 -0.25176 4.4982
278.129 -0.132346 4.5011 0.232185 278.06 -0.25176 4.4982
278.043 -0.261244 4.49838 0.345828 278.06 -0.25176 4.4982
278.064 -0.376184 4.49351 0.398132 278.06 -0.25176 4.4982
278.228 -0.265751 4.50638 0.506302 278.06 -0.25176 4.4982
278.317 -0.57734 4.4968 0.018031 278.06 -0.25176 4.4982
278.016 -0.311263 4.50216 0.1196 278.06 -0.25176 4.4982
278.071 -0.172394 4.50789 0.0333181 278.06 -0.25176 4.4982
278.317 -0.57734 4.4968 0.018031 278.06 -0.25176 4.4982
278.087 -0.268795 4.49558 0.4963 278.06 -0.25176 4.4982
278.106 -0.316072 4.49888 0.617433 278.06 -0.25176 4.4982
278.169 -0.0564876 4.50037 0.0884877 278.06 -0.25176 4.4982
278.228 -0.265751 4.50638 0.506302 278.06 -0.25176 4.4982
278.052 0.0173058 4.49632 0.00578809 278.06 -0.25176 4.4982
278.043 -0.261244 4.49838 0.345828 278.06 -0.25176 4.4982
278.129 -0.132346 4.5011 0.232185 278.06 -0.25176 4.4982
278.064 -0.376184 4.49351 0.398132 278.06 -0.25176 4.4982
278.086 -0.237902 4.49207 0.228894 278.06 -0.25176 4.4982
278.043 -0.261244 4.49838 0.345828 278.06 -0.25176 4.4982
278.129 -0.132346 4.5011 0.232185 278.06 -0.25176 4.4982
277.992 -0.191116 4.49821 0.120169 278.06 -0.25176 4.4982
277.869 -0.297205 4.48727 0.0385757 278.06 -0.25176 4.4982
278.043 -0.261244 4.49838 0.345828 278.06 -0.25176 4.4982
278.016 -0.311263 4.50216 0.1196 278.06 -0.25176 4.4982
278.064 -0.376184 4.49351 0.398132 278.06 -0.25176 4.4982
278.129 -0.132346 4.5011 0.232185 278.06 -0.25176 4.4982
278.341 -0.188722 4.49696 0.107481 278.06 -0.25176 4.4982
278.106 -0.316072 4.49888 0.617433 278.06 -0.25176 4.4982
278.228 -0.265751 4.50638 0.506302 278.06 -0.25176 4.4982
278.064 -0.376184 4.49351 0.398132 278.06 -0.25176 4.4982
278.106 -0.316072 4.49888 0.617433 278.06 -0.25176 4.4982
278.42 -0.426056 4.49584 0.0206703 278.06 -0.25176 4.4982
278.021 -0.311858 4.49962 0.237709 278.06 -0.25176 4.4982
278.043 -0.261244 4.49838 0.345828 278.06 -0.25176 4.4982
278.087 -0.268795 4.49558 0.4963 278.06 -0.25176 4.4982
278.071 -0.172394 4.50789 0.0333181 278.06 -0.25176 4.4982
278.178 -0.119189 4.49406 0.0741776 278.06 -0.25176 4.4982
278.341 -0.188722 4.49696 0.107481 278.06 -0.25176 4.4982
278.021 -0.311858 4.49962 0.237709 278.06 -0.25176 4.4982
