75.2341 16.8942 0.11827 0.0741552 75.439 16.686 0.11659
75.2341 16.8942 0.11827 0.0741552 75.439 16.686 0.11659
75.529 16.8366 0.117555 0.274401 75.439 16.686 0.11659
75.333 16.6983 0.126555 0.0972607 75.439 16.686 0.11659
75.2866 16.5638 0.120836 0.29029 75.439 16.686 0.11659
75.3593 16.4365 0.122371 0.116314 75.439 16.686 0.11659
75.4182 16.5026 0.111984 0.0512888 75.439 16.686 0.11659
75.715 16.6452 0.118972 0.0632406 75.439 16.686 0.11659
75.42 16.7695 0.112417 0.215304 75.439 16.686 0.11659
75.2649 16.4604 0.121473 0.0983896 75.439 16.686 0.11659
75.5182 16.939 0.115377 0.0883313 75.439 16.686 0.11659
75.3324 16.4897 0.109672 0.00883512 75.439 16.686 0.11659
75.3706 16.6816 0.117058 0.596223 75.439 16.686 0.11659
75.715 16.6452 0.118972 0.0632406 75.439 16.686 0.11659
75.5711 16.7795 0.118908 0.287805 75.439 16.686 0.11659
75.5934 16.6838 0.122861 0.165313 75.439 16.686 0.11659
75.3952 16.7823 0.122934 0.266487 75.439 16.686 0.11659
75.258 16.6431 0.117812 0.300197 75.439 16.686 0.11659
75.5711 16.7795 0.118908 0.287805 75.439 16.686 0.11659
75.2649 16.4604 0.121473 0.0983896 75.439 16.686 0.11659
75.5711 16.7795 0.118908 0.287805 75.439 16.686 0.11659
75.3416 16.6505 0.11061 0.0683441 75.439 16.686 0.11659
75.2826 16.4565 0.120762 0.111187 75.439 16.686 0.11659
75.4944 16.6148 0.114494 0.311295 75.439 16.686 0.11659
75.2826 16.4565 0.120762 0.111187 75.439 16.686 0.11659
75.333 16.6983 0.126555 0.0972607 75.439 16.686 0.11659
75.1976 16.7029 0.120244 0.166064 75.439 16.686 0.11659
75.5711 16.7795 0.118908 0.287805 75.439 16.686 0.11659
75.6685 16.796 0.111398 0.0355114 75.439 16.686 0.11659
75.42 16.7695 0.112417 0.215304 75.439 16.686 0.11659
75.4944 16.6148 0.114494 0.311295 75.439 16.686 0.11659
75.529 16.8366 0.117555 0.274401 75.439 16.686 0.11659
75.2866 16.5638 0.120836 0.29029 75.439 16.686 0.11659
75.529 16.8366 0.117555 0.274401 75.439 16.686 0.11659
75.333 16.6983 0.126555 0.0972607 75.439 16.686 0.11659
75.529 16.8366 0.117555 0.274401 75.439 16.686 0.11659
75.423 16.6252 0.114151 0.324552 75.439 16.686 0.11659
75.3706 16.6816 0.117058 0.596223 75.439 16.686 0.11659
75.2866 16.5638 0.120836 0.29029 75.439 16.686 0.11659
75.2649 16.4604 0.121473 0.0983896 75.439 16.686 0.11659
75.5711 16.7795 0.118908 0.287805 75.439 16.686 0.11659
75.3706 16.6816 0.117058 0.596223 75.439 16.686 0.11659
75.4182 16.6689 0.1205 0.644136 75.439 16.686 0.11659
75.3952 16.7823 0.122934 0.266487 75.439 16.686 0.11659
75.423 16.6252 0.114151 0.324552 75.439 16.686 0.11659
75.423 16.6252 0.114151 0.324552 75.439 16.686 0.11659
75.4944 16.6148 0.114494 0.311295 75.439 16.686 0.11659
75.715 16.6452 0.118972 0.0632406 75.439 16.686 0.11659
75.3089 16.8708 0.122334 0.102058 75.439 16.686 0.11659
75.4773 16.6764 0.115167 0.465463 75.439 16.686 0.11659
75.4182 16.6689 0.1205 0.644136 75.439 16.686 0.11659
75.4773 16.6764 0.115167 0.465463 75.439 16.686 0.11659
75.3706 16.6816 0.117058 0.596223 75.439 16.686 0.11659
75.4773 16.6764 0.115167 0.465463 75.439 16.686 0.11659
75.529 16.8366 0.117555 0.274401 75.439 16.686 0.11659
75.3706 16.6816 0.117058 0.596223 75.439 16.686 0.11659
75.4182 16.6689 0.1205 0.644136 75.439 16.686 0.11659
75.3706 16.6816 0.117058 0.596223 75.439 16.686 0.11659
75.4498 16.9103 0.127835 0.00615533 75.439 16.686 0.11659
75.2866 16.5638 0.120836 0.29029 75.439 16.686 0.11659
75.258 16.6431 0.117812 0.300197 75.439 16.686 0.11659
75.715 16.6452 0.118972 0.0632406 75.439 16.686 0.11659
75.2649 16.4604 0.121473 0.0983896 75.439 16.686 0.11659
75.3676 16.5133 0.120165 0.310734 75.439 16.686 0.11659
75.5627 16.8087 0.112067 0.113818 75.439 16.686 0.11659
75.42 16.7695 0.112417 0.215304 75.439 16.686 0.11659
75.2866 16.5638 0.120836 0.29029 75.439 16.686 0.11659
75.3706 16.6816 0.117058 0.596223 75.439 16.686 0.11659
75.2649 16.4604 0.121473 0.0983896 75.439 16.686 0.11659
75.4182 16.6689 0.1205 0.644136 75.439 16.686 0.11659
75.4182 16.6689 0.1205 0.644136 75.439 16.686 0.11659
75.3593 16.4365 0.122371 0.116314 75.439 16.686 0.11659
75.1976 16.7029 0.120244 0.166064 75.439 16.686 0.11659
75.2649 16.4604 0.121473 0.0983896 75.439 16.686 0.11659
75.258 16.6431 0.117812 0.300197 75.439 16.686 0.11659
75.258 16.6431 0.117812 0.300197 75.439 16.686 0.11659
75.4653 16.6966 0.128772 0.0290964 75.439 16.686 0.11659
75.4944 16.6148 0.114494 0.311295 75.439 16.686 0.11659
75.529 16.8366 0.117555 0.274401 75.439 16.686 0.11659
75.4773 16.6764 0.115167 0.465463 75.439 16.686 0.11659
75.529 16.8366 0.117555 0.274401 75.439 16.686 0.11659
75.4182 16.6689 0.1205 0.644136 75.439 16.686 0.11659
75.42 16.7695 0.112417 0.215304 75.439 16.686 0.11659
75.5627 16.8087 0.112067 0.113818 75.439 16.686 0.11659
75.42 16.7695 0.112417 0.215304 75.439 16.686 0.11659
75.3706 16.6816 0.117058 0.596223 75.439 16.686 0.11659
75.4182 16.6689 0.1205 0.644136 75.439 16.686 0.11659
75.3089 16.8708 0.122334 0.102058 75.439 16.686 0.11659
75.4182 16.6689 0.1205 0.644136 75.439 16.686 0.11659
75.3706 16.6816 0.117058 0.596223 75.439 16.686 0.11659
75.3593 16.4365 0.122371 0.116314 75.439 16.686 0.11659
75.5182 16.939 0.115377 0.0883313 75.439 16.686 0.11659
75.4301 16.378 0.120399 0.0613675 75.439 16.686 0.11659
75.5711 16.7795 0.118908 0.287805 75.439 16.686 0.11659
75.42 16.7695 0.112417 0.215304 75.439 16.686 0.11659
75.5711 16.7795 0.118908 0.287805 75.439 16.686 0.11659
75.1976 16.7029 0.120244 0.166064 75.439 16.686 0.11659
75.2866 16.5638 0.120836 0.29029 75.439 16.686 0.11659
75.5473 16.7278 0.12666 0.0486505 75.439 16.686 0.11659
75.3952 16.7823 0.122934 0.266487 75.439 16.686 0.11659
75.4944 16.6148 0.114494 0.311295 75.439 16.686 0.11659
75.5627 16.8087 0.112067 0.113818 75.439 16.686 0.11659
75.5473 16.7278 0.12666 0.0486505 75.439 16.686 0.11659
75.3706 16.6816 0.117058 0.596223 75.439 16.686 0.11659
75.529 16.8366 0.117555 0.274401 75.439 16.686 0.11659
75.2866 16.5638 0.120836 0.29029 75.439 16.686 0.11659
75.4182 16.6689 0.1205 0.644136 75.439 16.686 0.11659
75.3706 16.6816 0.117058 0.596223 75.439 16.686 0.11659
75.4182 16.6689 0.1205 0.644136 75.439 16.686 0.11659
75.4773 16.6764 0.115167 0.465463 75.439 16.686 0.11659
75.5711 16.7795 0.118908 0.287805 75.439 16.686 0.11659
75.529 16.8366 0.117555 0.274401 75.439 16.686 0.11659
75.5182 16.939 0.115377 0.0883313 75.439 16.686 0.11659
75.5934 16.6838 0.122861 0.165313 75.439 16.686 0.11659
75.258 16.6431 0.117812 0.300197 75.439 16.686 0.11659
75.3593 16.4365 0.122371 0.116314 75.439 16.686 0.11659
75.423 16.6252 0.114151 0.324552 75.439 16.686 0.11659
75.529 16.8366 0.117555 0.274401 75.439 16.686 0.11659
75.3416 16.6505 0.11061 0.0683441 75.439 16.686 0.11659
75.529 16.8366 0.117555 0.274401 75.439 16.686 0.11659
75.258 16.6431 0.117812 0.300197 75.439 16.686 0.11659
75.4944 16.6148 0.114494 0.311295 75.439 16.686 0.11659
75.3942 16.8517 0.127129 0.0234023 75.439 16.686 0.11659
75.4773 16.6764 0.115167 0.465463 75.439 16.686 0.11659
75.3706 16.6816 0.117058 0.596223 75.439 16.686 0.11659
75.3593 16.4365 0.122371 0.116314 75.439 16.686 0.11659
75.4182 16.6689 0.1205 0.644136 75.439 16.686 0.11659
75.4845 16.7484 0.127971 0.0318446 75.439 16.686 0.11659
75.4182 16.6689 0.1205 0.644136 75.439 16.686 0.11659
75.3416 16.6505 0.11061 0.0683441 75.439 16.686 0.11659
75.333 16.6983 0.126555 0.0972607 75.439 16.686 0.11659
75.715 16.6452 0.118972 0.0632406 75.439 16.686 0.11659
75.423 16.6252 0.114151 0.324552 75.439 16.686 0.11659
75.4182 16.6689 0.1205 0.644136 75.439 16.686 0.11659
75.4773 16.6764 0.115167 0.465463 75.439 16.686 0.11659
75.5711 16.7795 0.118908 0.287805 75.439 16.686 0.11659
75.423 16.6252 0.114151 0.324552 75.439 16.686 0.11659
75.2826 16.4565 0.120762 0.111187 75.439 16.686 0.11659
75.2866 16.5638 0.120836 0.29029 75.439 16.686 0.11659
75.3706 16.6816 0.117058 0.596223 75.439 16.686 0.11659
75.529 16.8366 0.117555 0.274401 75.439 16.686 0.11659
75.4944 16.6148 0.114494 0.311295 75.439 16.686 0.11659
75.2866 16.5638 0.120836 0.29029 75.439 16.686 0.11659
75.4773 16.6764 0.115167 0.465463 75.439 16.686 0.11659
75.258 16.6431 0.117812 0.300197 75.439 16.686 0.11659
75.6752 17.0109 0.113492 0.00604739 75.439 16.686 0.11659
75.3706 16.6816 0.117058 0.596223 75.439 16.686 0.11659
75.42 16.7695 0.112417 0.215304 75.439 16.686 0.11659
75.3706 16.6816 0.117058 0.596223 75.439 16.686 0.11659
75.3676 16.5133 0.120165 0.310734 75.439 16.686 0.11659
75.2866 16.5638 0.120836 0.29029 75.439 16.686 0.11659
75.423 16.6252 0.114151 0.324552 75.439 16.686 0.11659
75.5934 16.6838 0.122861 0.165313 75.439 16.686 0.11659
75.4182 16.5026 0.111984 0.0512888 75.439 16.686 0.11659
75.6685 16.796 0.111398 0.0355114 75.439 16.686 0.11659
75.3676 16.5133 0.120165 0.310734 75.439 16.686 0.11659
75.4182 16.6689 0.1205 0.644136 75.439 16.686 0.11659
75.5711 16.7795 0.118908 0.287805 75.439 16.686 0.11659
75.3676 16.5133 0.120165 0.310734 75.439 16.686 0.11659
75.2133 16.8561 0.115884 0.0746071 75.439 16.686 0.11659
75.4773 16.6764 0.115167 0.465463 75.439 16.686 0.11659
75.2649 16.4604 0.121473 0.0983896 75.439 16.686 0.11659
75.6685 16.796 0.111398 0.0355114 75.439 16.686 0.11659
75.3416 16.6505 0.11061 0.0683441 75.439 16.686 0.11659
75.258 16.6431 0.117812 0.300197 75.439 16.686 0.11659
75.3593 16.4365 0.122371 0.116314 75.439 16.686 0.11659
75.3593 16.4365 0.122371 0.116314 75.439 16.686 0.11659
75.3942 16.8517 0.127129 0.0234023 75.439 16.686 0.11659
75.4845 16.7484 0.127971 0.0318446 75.439 16.686 0.11659
75.4182 16.6689 0.1205 0.644136 75.439 16.686 0.11659
75.5934 16.6838 0.122861 0.165313 75.439 16.686 0.11659
75.4182 16.6689 0.1205 0.644136 75.439 16.686 0.11659
75.4182 16.6689 0.1205 0.644136 75.439 16.686 0.11659
75.42 16.7695 0.112417 0.215304 75.439 16.686 0.11659
75.4944 16.6148 0.114494 0.311295 75.439 16.686 0.11659
75.3416 16.6505 0.11061 0.0683441 75.439 16.686 0.11659
75.1976 16.7029 0.120244 0.166064 75.439 16.686 0.11659
75.333 16.6983 0.126555 0.0972607 75.439 16.686 0.11659
75.423 16.6252 0.114151 0.324552 75.439 16.686 0.11659
75.3952 16.7823 0.122934 0.266487 75.439 16.686 0.11659
75.5711 16.7795 0.118908 0.287805 75.439 16.686 0.11659
75.5601 16.8665 0.124949 0.0286294 75.439 16.686 0.11659
75.4773 16.6764 0.115167 0.465463 75.439 16.686 0.11659
75.2649 16.4604 0.121473 0.0983896 75.439 16.686 0.11659
75.4773 16.6764 0.115167 0.465463 75.439 16.686 0.11659
75.3676 16.5133 0.120165 0.310734 75.439 16.686 0.11659
75.4653 16.6966 0.128772 0.0290964 75.439 16.686 0.11659
75.258 16.6431 0.117812 0.300197 75.439 16.686 0.11659
75.3952 16.7823 0.122934 0.266487 75.439 16.686 0.11659
75.4773 16.6764 0.115167 0.465463 75.439 16.686 0.11659
75.4944 16.6148 0.114494 0.311295 75.439 16.686 0.11659
75.5711 16.7795 0.118908 0.287805 75.439 16.686 0.11659
75.4182 16.6689 0.1205 0.644136 75.439 16.686 0.11659
75.258 16.6431 0.117812 0.300197 75.439 16.686 0.11659
75.2133 16.8561 0.115884 0.0746071 75.439 16.686 0.11659
75.3952 16.7823 0.122934 0.266487 75.439 16.686 0.11659
75.529 16.8366 0.117555 0.274401 75.439 16.686 0.11659
75.2649 16.4604 0.121473 0.0983896 75.439 16.686 0.11659
75.5711 16.7795 0.118908 0.287805 75.439 16.686 0.11659
75.1976 16.7029 0.120244 0.166064 75.439 16.686 0.11659
